target dist_min dist_min_idx idx imodel vmax_5 lat1_5 lat2_5 lon1_5 lon2_5 vf_5 pmin_5 holland_5 rmax_5 vmax_4 lat1_4 lat2_4 lon1_4 lon2_4 vf_4 pmin_4 holland_4 rmax_4 vmax_3 lat1_3 lat2_3 lon1_3 lon2_3 vf_3 pmin_3 holland_3 rmax_3 vmax_2 lat1_2 lat2_2 lon1_2 lon2_2 vf_2 pmin_2 holland_2 rmax_2 vmax_1 lat1_1 lat2_1 lon1_1 lon2_1 vf_1 pmin_1 holland_1 rmax_1
0.63414 21.89443 41.0 5908.0 0.0 64.0 0.0 -3.8929 1.274 0.0 0.67082 1001.0 2.5 16.0 66.0 0.0 -0.0929 0.174 0.0 0.60828 999.0 2.5 14.0 65.0 3.3071 0.0 0.0 -0.026 0.5 998.0 2.5 17.0 66.0 6.1071 0.0 0.0 -0.326 0.41231 996.0 2.5 14.0 65.0 8.4071 0.0 0.0 -0.526 0.4 994.0 2.2712 13.0 
0.68556 18.35579 41.0 1708.0 0.0 65.0 0.0 -3.7929 0.174 0.0 0.70711 1001.0 2.5 20.0 69.0 0.1071 0.0 0.0 -0.126 0.6 999.0 2.5 17.0 65.0 3.4071 0.0 0.174 0.0 0.5 998.0 2.5 16.0 60.0 6.1071 0.0 0.674 0.0 0.5099 999.0 2.5 16.0 55.0 8.4071 0.0 1.574 0.0 0.44721 999.0 2.2069 17.0 
0.45515 73.18987 47.0 8450.0 0.0 63.0 0.0 -1.7929 0.0 -1.526 0.31623 993.0 2.0269 13.0 73.0 0.2071 0.0 0.0 -0.626 0.41231 989.0 2.2679 14.0 84.0 2.2071 0.0 0.0 -0.126 0.41231 982.0 2.3248 12.0 96.0 4.3071 0.0 0.0 -0.126 0.31623 974.0 2.4136 10.0 104.0 6.3071 0.0 0.0 -0.626 0.41231 968.0 2.4549 9.0 
0.72381 37.62661 44.0 7837.0 0.0 55.0 0.0 -2.6929 0.0 -0.126 0.5 998.0 2.0598 13.0 63.0 0.0 -0.0929 0.0 -0.326 0.5 997.0 2.5 15.0 73.0 2.7071 0.0 0.0 -0.426 0.5 993.0 2.5 13.0 75.0 5.4071 0.0 0.0 -0.426 0.31623 990.0 2.4979 11.0 75.0 7.6071 0.0 0.0 -0.226 0.31623 988.0 2.2981 10.0 
0.52287 47.29257 45.0 7863.0 0.0 51.0 0.0 -2.9929 0.0 -0.626 0.5 1002.0 2.4151 22.0 53.0 0.0071 0.0 0.0 -0.426 0.5 1001.0 2.3909 22.0 55.0 2.8071 0.0 0.0 -0.026 0.5 1000.0 2.3767 20.0 53.0 5.3071 0.0 0.374 0.0 0.41231 1000.0 2.207 18.0 49.0 7.3071 0.0 0.774 0.0 0.3 999.0 1.7517 18.0 
0.21909 51.90795 48.0 5270.0 0.0 51.0 0.0 -2.2929 0.774 0.0 0.36056 998.0 1.7711 10.0 54.0 0.0 -0.1929 0.0 -0.426 0.31623 998.0 1.9855 13.0 61.0 2.0071 0.0 0.0 -1.426 0.41231 995.0 2.1114 11.0 69.0 4.3071 0.0 0.0 -2.226 0.31623 992.0 2.3156 12.0 78.0 6.3071 0.0 0.0 -2.826 0.31623 986.0 2.3015 10.0 
0.38325 42.04636 47.0 4806.0 0.0 68.0 0.0 -3.8929 0.174 0.0 0.60828 998.0 2.5 13.0 71.0 0.0 -0.1929 0.0 -0.326 0.5099 995.0 2.5 11.0 72.0 2.6071 0.0 0.0 -0.526 0.4 992.0 2.5 12.0 78.0 4.9071 0.0 0.0 -0.126 0.41231 987.0 2.39 10.0 84.0 6.8071 0.0 0.374 0.0 0.31623 982.0 2.3248 9.0 
0.51162 42.04636 50.0 1137.0 0.0 51.0 0.0 -2.8929 0.0 -0.226 0.5099 1001.0 2.2138 17.0 53.0 0.0 -0.1929 0.0 -0.326 0.4 1001.0 2.3909 20.0 55.0 2.2071 0.0 0.0 -0.026 0.3 999.0 2.2069 17.0 54.0 4.3071 0.0 0.174 0.0 0.31623 999.0 2.1274 16.0 51.0 6.1071 0.0 0.274 0.0 0.31623 998.0 1.7711 16.0 
0.39024 76.71589 41.0 270.0 0.0 55.0 0.0 -3.7929 0.0 -0.526 0.6 1001.0 2.5 17.0 62.0 0.0 -0.2929 0.0 -0.626 0.6 1001.0 2.5 20.0 63.0 3.0071 0.0 0.0 -0.826 0.5099 999.0 2.5 17.0 62.0 5.9071 0.0 0.0 -1.326 0.5099 998.0 2.5 16.0 57.0 8.4071 0.0 0.0 -1.626 0.4 998.0 2.2123 16.0 
0.36624 48.39733 44.0 4751.0 0.0 70.0 0.0 -4.2929 1.074 0.0 0.76158 1001.0 2.5 16.0 68.0 0.0 -0.0929 0.0 -0.426 0.63246 1000.0 2.5 20.0 65.0 3.3071 0.0 0.0 -1.226 0.41231 998.0 2.5 16.0 62.0 5.8071 0.0 0.0 -1.726 0.41231 997.0 2.4538 15.0 56.0 7.8071 0.0 0.0 -2.126 0.2 997.0 2.0019 14.0 
0.62309 14.4498 60.0 8676.0 0.0 42.0 0.0 -0.6929 0.0 -1.526 0.31623 999.0 1.2869 18.0 50.0 0.1071 0.0 0.074 0.0 0.36056 998.0 1.7023 16.0 53.0 1.0071 0.0 1.974 0.0 0.44721 997.0 1.7931 16.0 53.0 1.9071 0.0 4.074 0.0 0.31623 997.0 1.7931 16.0 53.0 2.6071 0.0 6.074 0.0 0.31623 997.0 1.7931 15.0 
0.56345 10.70814 55.0 3680.0 0.0 49.0 0.0 -2.1929 0.0 -0.926 0.44721 1000.0 1.8864 20.0 55.0 0.0 -0.0929 0.0 -0.026 0.41231 998.0 2.0598 17.0 59.0 2.0071 0.0 0.474 0.0 0.41231 997.0 2.2221 15.0 59.0 4.0071 0.0 1.074 0.0 0.31623 996.0 2.0914 14.0 55.0 5.6071 0.0 1.674 0.0 0.22361 996.0 1.8174 14.0 
0.20771 36.19458 54.0 5922.0 0.0 51.0 0.0 -1.4929 0.574 0.0 0.28284 997.0 1.6604 16.0 61.0 0.0071 0.0 0.0 -0.326 0.22361 994.0 2.0003 13.0 64.0 1.6071 0.0 0.0 -0.726 0.3 992.0 1.9922 12.0 65.0 3.2071 0.0 0.0 -0.526 0.3 991.0 1.9615 11.0 66.0 4.7071 0.0 0.0 -0.026 0.31623 991.0 2.0223 11.0 
1.58631 28.83574 44.0 7689.0 0.0 84.0 0.0 -3.5929 0.774 0.0 0.63246 990.0 2.5 12.0 92.0 0.0 -0.1929 0.174 0.0 0.5099 983.0 2.5 11.0 109.0 2.5071 0.0 0.274 0.0 0.5099 968.0 2.5 9.0 119.0 5.1071 0.0 0.874 0.0 0.41231 958.0 2.5 8.0 127.0 7.4071 0.0 1.474 0.0 0.41231 949.0 2.5 7.0 
0.2691 51.90795 60.0 77.0 0.0 57.0 0.0 -2.6929 0.574 0.0 0.5831 999.0 2.3703 14.0 60.0 0.0 -0.1929 0.0 -0.426 0.41231 997.0 2.2981 15.0 61.0 1.9071 0.0 0.0 -0.826 0.4 995.0 2.1114 14.0 61.0 3.6071 0.0 0.0 -0.826 0.3 993.0 1.9003 12.0 62.0 5.0071 0.0 0.0 -0.726 0.2 991.0 1.7846 11.0 
0.15364 132.3298 59.0 7727.0 0.0 50.0 0.0 -0.7929 0.0 -1.326 0.2 997.0 1.5959 16.0 58.0 0.6071 0.0 0.0 -1.026 0.22361 994.0 1.8084 13.0 67.0 1.8071 0.0 0.274 0.0 0.36056 991.0 2.0841 11.0 74.0 3.2071 0.0 2.074 0.0 0.44721 989.0 2.3304 11.0 78.0 4.6071 0.0 4.274 0.0 0.44721 988.0 2.4856 10.0 
0.23832 129.55114 43.0 7781.0 0.0 50.0 0.0 -2.4929 0.0 -1.726 0.5099 1001.0 2.1279 22.0 56.0 0.3071 0.0 0.0 -1.126 0.53852 1001.0 2.5 20.0 56.0 3.1071 0.0 0.0 -0.526 0.41231 1000.0 2.4639 19.0 54.0 5.7071 0.0 0.0 -0.226 0.4 1000.0 2.291 19.0 49.0 7.9071 0.0 0.0 -0.226 0.4 1000.0 1.8864 19.0 
0.19815 113.88873 44.0 844.0 0.0 73.0 0.0 -2.5929 0.0 -0.726 0.41231 991.0 2.474 12.0 82.0 0.0071 0.0 0.0 -1.026 0.4 984.0 2.3682 10.0 93.0 2.5071 0.0 0.0 -0.826 0.4 978.0 2.5 11.0 117.0 5.0071 0.0 0.0 -1.026 0.41231 960.0 2.5 8.0 130.0 7.4071 0.0 0.0 -1.526 0.4 945.0 2.5 7.0 
0.20755 70.24699 45.0 6164.0 0.0 63.0 0.0 -3.2929 0.574 0.0 0.53852 999.0 2.5 14.0 69.0 0.0 -0.0929 0.0 -0.626 0.5099 997.0 2.5 15.0 70.0 2.8071 0.0 0.0 -1.326 0.41231 995.0 2.5 13.0 69.0 5.2071 0.0 0.0 -1.926 0.41231 993.0 2.4314 12.0 68.0 7.3071 0.0 0.0 -2.626 0.31623 992.0 2.249 12.0 
0.48124 42.04636 45.0 5965.0 0.0 45.0 0.0 -2.7929 0.074 0.0 0.41231 1002.0 1.8803 19.0 51.0 0.0 -0.1929 0.0 -0.326 0.5 1001.0 2.2138 23.0 55.0 2.5071 0.0 0.0 -0.726 0.5099 1000.0 2.3767 19.0 56.0 5.1071 0.0 0.0 -1.226 0.4 999.0 2.2879 18.0 51.0 7.3071 0.0 0.0 -1.226 0.3 1000.0 2.0435 18.0 
0.29743 42.04636 39.0 7004.0 0.0 57.0 0.0 -3.3929 1.274 0.0 0.5831 1001.0 2.5 17.0 61.0 0.0 -0.1929 0.0 -0.326 0.63246 1000.0 2.5 15.0 70.0 3.5071 0.0 0.0 -1.626 0.63246 999.0 2.5 17.0 69.0 6.7071 0.0 0.0 -2.926 0.5099 997.0 2.5 15.0 66.0 9.5071 0.0 0.0 -3.826 0.41231 996.0 2.5 14.0 
0.29081 48.39733 59.0 5374.0 0.0 70.0 0.0 -1.4929 0.874 0.0 0.42426 987.0 1.9249 14.0 83.0 0.0 -0.0929 0.0 -0.426 0.22361 979.0 2.0695 14.0 98.0 1.2071 0.0 0.0 -1.126 0.2 967.0 2.1324 11.0 102.0 2.5071 0.0 0.0 -1.326 0.2 964.0 2.1686 11.0 107.0 3.9071 0.0 0.0 -1.426 0.3 960.0 2.2064 10.0 
0.34389 27.7603 70.0 7583.0 0.0 57.0 0.0 -1.0929 0.0 -0.426 0.2 993.0 1.6592 13.0 61.0 0.1071 0.0 0.0 -0.226 0.2 991.0 1.7275 11.0 60.0 1.2071 0.0 0.0 -0.126 0.22361 991.0 1.6713 11.0 60.0 2.2071 0.0 0.0 -0.026 0.2 990.0 1.5987 11.0 62.0 3.2071 0.0 0.0 -0.026 0.1 989.0 1.6359 11.0 
0.64791 13.18352 49.0 8481.0 0.0 51.0 0.0 -2.0929 0.0 -0.526 0.31623 998.0 1.7711 18.0 57.0 0.0 -0.0929 0.074 0.0 0.4 996.0 1.952 17.0 67.0 2.1071 0.0 0.474 0.0 0.3 993.0 2.2925 16.0 71.0 4.2071 0.0 0.674 0.0 0.3 990.0 2.2386 14.0 74.0 6.1071 0.0 0.874 0.0 0.3 987.0 2.1512 13.0 
0.25418 69.49047 62.0 8798.0 0.0 71.0 0.0 -2.1929 0.0 -0.626 0.4 989.0 2.1453 9.0 83.0 0.0071 0.0 0.0 -0.626 0.3 982.0 2.2698 9.0 92.0 1.8071 0.0 0.0 -0.426 0.31623 974.0 2.2166 8.0 100.0 3.5071 0.0 0.0 -0.726 0.22361 966.0 2.1731 7.0 105.0 4.9071 0.0 0.0 -1.226 0.36056 961.0 2.1655 6.0 
0.58149 59.5095 41.0 811.0 0.0 68.0 0.0 -2.5929 2.974 0.0 0.78102 999.0 2.5 14.0 70.0 0.5071 0.0 0.174 0.0 0.72111 997.0 2.5 12.0 74.0 3.5071 0.0 0.0 -1.826 0.53852 995.0 2.5 14.0 74.0 6.2071 0.0 0.0 -2.926 0.41231 991.0 2.5 12.0 75.0 8.5071 0.0 0.0 -3.426 0.3 989.0 2.3938 11.0 
0.25836 37.62661 74.0 6416.0 0.0 50.0 0.0 -1.4929 0.0 -0.326 0.2 997.0 1.5959 16.0 56.0 0.0 -0.0929 0.0 -0.326 0.2 994.0 1.6858 13.0 59.0 1.0071 0.0 0.0 -0.326 0.14142 992.0 1.693 12.0 59.0 1.9071 0.0 0.0 -0.526 0.22361 991.0 1.6161 11.0 59.0 2.8071 0.0 0.0 -0.826 0.22361 991.0 1.6161 11.0 
0.55826 27.12273 48.0 4404.0 0.0 59.0 0.0 -3.0929 0.0 -0.226 0.60828 1001.0 2.5 18.0 51.0 0.0 -0.0929 0.0 -0.226 0.41231 1000.0 2.0435 16.0 53.0 2.2071 0.0 0.474 0.0 0.41231 1000.0 2.207 19.0 58.0 4.5071 0.0 1.274 0.0 0.44721 998.0 2.2906 16.0 57.0 6.5071 0.0 2.374 0.0 0.31623 997.0 2.074 15.0 
0.4812 17.37652 39.0 240.0 0.0 61.0 0.0 -3.4929 1.874 0.0 0.64031 1000.0 2.5 16.0 66.0 0.0 -0.0929 0.0 -0.126 0.67082 1000.0 2.5 19.0 71.0 3.4071 0.0 0.0 -1.526 0.63246 998.0 2.5 16.0 73.0 6.7071 0.0 0.0 -2.726 0.53852 996.0 2.5 14.0 68.0 9.5071 0.0 0.0 -3.426 0.4 995.0 2.5 13.0 
0.3464 25.57494 45.0 3757.0 0.0 58.0 0.0 -3.4929 1.874 0.0 0.72111 1001.0 2.5 18.0 59.0 0.0 -0.1929 0.0 -0.126 0.5831 1000.0 2.5 16.0 58.0 2.7071 0.0 0.0 -1.726 0.44721 1000.0 2.5 19.0 58.0 5.1071 0.0 0.0 -2.826 0.41231 998.0 2.2906 16.0 57.0 7.1071 0.0 0.0 -3.426 0.31623 997.0 2.074 15.0 
0.24314 70.49561 38.0 246.0 0.0 64.0 0.0 -3.8929 0.0 -0.226 0.6 999.0 2.5 14.0 75.0 0.1071 0.0 0.0 -0.626 0.6 998.0 2.5 16.0 79.0 3.9071 0.0 0.0 -1.126 0.60828 995.0 2.5 13.0 77.0 7.2071 0.0 0.0 -1.526 0.5099 993.0 2.5 12.0 70.0 9.7071 0.0 0.0 -1.026 0.41231 992.0 2.3832 12.0 
0.41759 57.41677 41.0 5426.0 0.0 61.0 0.0 -1.7929 3.374 0.0 0.5831 998.0 2.5 14.0 65.0 0.2071 0.0 0.474 0.0 0.56569 996.0 2.5 12.0 72.0 2.5071 0.0 0.0 -2.026 0.5 994.0 2.5 13.0 85.0 5.3071 0.0 0.0 -3.826 0.5831 989.0 2.5 11.0 95.0 8.5071 0.0 0.0 -5.126 0.53852 983.0 2.5 9.0 
0.43141 57.38457 44.0 660.0 0.0 57.0 0.0 -3.7929 0.674 0.0 0.63246 1002.0 2.5 26.0 57.0 0.0 -0.2929 0.0 -0.426 0.5099 1001.0 2.5 23.0 56.0 2.7071 0.0 0.0 -1.126 0.41231 1001.0 2.5 20.0 53.0 5.2071 0.0 0.0 -1.626 0.41231 1000.0 2.207 19.0 53.0 7.5071 0.0 0.0 -2.126 0.41231 1000.0 2.207 18.0 
0.36547 2.99167 41.0 3492.0 0.0 67.0 0.0 -3.4929 2.874 0.0 0.78102 1000.0 2.5 15.0 71.0 0.0071 0.0 0.0 -0.026 0.78102 999.0 2.5 18.0 72.0 3.4071 0.0 0.0 -2.326 0.5831 997.0 2.5 15.0 71.0 6.1071 0.0 0.0 -4.026 0.44721 994.0 2.5 13.0 66.0 8.4071 0.0 0.0 -5.026 0.36056 994.0 2.3416 13.0 
0.66268 35.39254 42.0 5925.0 0.0 62.0 0.0 -3.4929 1.574 0.0 0.5831 999.0 2.5 15.0 64.0 0.0 -0.2929 0.0 -0.126 0.60828 997.0 2.5 13.0 65.0 2.8071 0.0 0.0 -0.726 0.5099 996.0 2.5 16.0 69.0 5.6071 0.0 0.0 -1.526 0.41231 993.0 2.4314 13.0 77.0 8.0071 0.0 0.0 -2.126 0.41231 989.0 2.5 14.0 
0.55821 14.00819 38.0 6034.0 0.0 65.0 0.0 -3.9929 0.474 0.0 0.70711 1001.0 2.5 18.0 64.0 0.0071 0.0 0.0 -0.126 0.70711 1001.0 2.5 19.0 67.0 3.8071 0.0 0.0 -1.226 0.63246 1000.0 2.5 19.0 66.0 7.1071 0.0 0.0 -2.326 0.5099 998.0 2.5 17.0 61.0 9.8071 0.0 0.0 -3.226 0.41231 998.0 2.5 16.0 
0.21625 66.82775 51.0 4491.0 0.0 58.0 0.0 -2.4929 0.474 0.0 0.5 998.0 2.2906 15.0 61.0 0.0 -0.2929 0.0 -0.526 0.41231 996.0 2.2356 14.0 65.0 1.8071 0.0 0.0 -0.626 0.31623 993.0 2.1576 12.0 70.0 3.8071 0.0 0.074 0.0 0.36056 992.0 2.3832 11.0 72.0 5.7071 0.0 1.174 0.0 0.44721 991.0 2.4067 11.0 
0.65781 21.89443 48.0 5641.0 0.0 63.0 0.0 -2.4929 0.0 -0.426 0.41231 994.0 2.1336 11.0 71.0 0.0 -0.0929 0.174 0.0 0.41231 990.0 2.2386 10.0 85.0 2.2071 0.0 0.774 0.0 0.31623 982.0 2.3805 9.0 98.0 4.3071 0.0 1.174 0.0 0.41231 971.0 2.3355 7.0 112.0 6.3071 0.0 1.674 0.0 0.3 957.0 2.2879 6.0 
0.13357 57.38457 70.0 4278.0 0.0 55.0 0.0 -1.9929 0.474 0.0 0.31623 996.0 1.8174 12.0 61.0 0.0 -0.2929 0.0 -0.426 0.31623 994.0 2.0003 13.0 65.0 1.2071 0.0 0.0 -0.926 0.22361 990.0 1.8762 11.0 64.0 2.5071 0.0 0.0 -0.926 0.14142 990.0 1.8189 11.0 65.0 3.5071 0.0 0.0 -0.326 0.14142 989.0 1.798 10.0 
0.33286 59.28963 54.0 1119.0 0.0 53.0 0.0 -1.6929 0.0 -0.426 0.3 996.0 1.6877 15.0 61.0 0.0 -0.0929 0.0 -0.526 0.2 993.0 1.9003 16.0 67.0 1.4071 0.0 0.0 -0.326 0.3 990.0 1.9935 14.0 73.0 3.1071 0.0 0.0 -0.026 0.2 987.0 2.0934 13.0 78.0 4.8071 0.0 0.074 0.0 0.3 984.0 2.1428 12.0 
0.31056 58.39132 46.0 1910.0 0.0 53.0 0.0 -2.4929 0.0 -0.226 0.41231 1000.0 2.207 15.0 56.0 0.0071 0.0 0.0 -0.526 0.41231 999.0 2.2879 17.0 61.0 2.3071 0.0 0.0 -0.726 0.4 997.0 2.3753 15.0 64.0 4.6071 0.0 0.0 -0.726 0.4 995.0 2.3242 13.0 66.0 6.8071 0.0 0.0 -0.626 0.3 994.0 2.3416 13.0 
0.52451 18.35579 122.0 5331.0 0.0 59.0 0.0 -1.5929 0.0 -0.126 0.3 995.0 1.9752 18.0 64.0 0.1071 0.0 0.0 -0.126 0.31623 992.0 1.9922 15.0 65.0 1.7071 0.0 0.0 -0.126 0.2 991.0 1.9615 15.0 67.0 3.1071 0.0 0.174 0.0 0.31623 990.0 1.9935 14.0 66.0 4.4071 0.0 0.974 0.0 0.22361 990.0 1.9344 14.0 
0.31595 51.90795 52.0 1732.0 0.0 59.0 0.0 -2.9929 0.274 0.0 0.5099 999.0 2.5 11.0 57.0 0.0 -0.1929 0.0 -0.426 0.41231 998.0 2.2123 13.0 59.0 2.1071 0.0 0.0 -1.126 0.41231 995.0 1.9752 11.0 65.0 4.2071 0.0 0.0 -1.826 0.31623 992.0 2.0549 12.0 73.0 5.9071 0.0 0.0 -2.526 0.22361 986.0 2.0159 10.0 
0.27094 81.24308 46.0 6222.0 0.0 65.0 0.0 -3.5929 0.0 -0.426 0.60828 998.0 2.5 13.0 69.0 0.0 -0.0929 0.0 -0.726 0.5 996.0 2.5 11.0 71.0 2.6071 0.0 0.0 -0.126 0.41231 993.0 2.5 12.0 71.0 4.8071 0.0 0.674 0.0 0.31623 991.0 2.3403 11.0 74.0 6.8071 0.0 1.274 0.0 0.3 988.0 2.2372 10.0 
0.61895 2.99167 69.0 5491.0 0.0 58.0 0.0 -0.7929 0.0 -1.426 0.36056 993.0 1.7179 16.0 65.0 0.0071 0.0 0.0 -0.026 0.31623 990.0 1.8762 14.0 65.0 0.6071 0.0 1.274 0.0 0.22361 989.0 1.798 14.0 66.0 1.3071 0.0 2.474 0.0 0.22361 988.0 1.7796 13.0 69.0 2.0071 0.0 3.374 0.0 0.22361 985.0 1.7367 12.0 
0.66932 2.99167 40.0 2982.0 0.0 60.0 0.0 -3.4929 1.774 0.0 0.5831 1000.0 2.5 15.0 69.0 0.0071 0.0 0.0 -0.026 0.53852 998.0 2.5 13.0 72.0 3.3071 0.0 0.0 -1.226 0.63246 996.0 2.5 15.0 74.0 6.3071 0.0 0.0 -2.026 0.41231 993.0 2.5 12.0 72.0 8.7071 0.0 0.0 -2.326 0.4 992.0 2.5 11.0 
0.83754 10.70814 52.0 1182.0 0.0 67.0 0.0 -1.6929 0.074 0.0 0.3 990.0 1.9935 11.0 78.0 0.0 -0.0929 0.0 -0.026 0.2 983.0 2.0713 9.0 82.0 1.5071 0.0 0.174 0.0 0.22361 981.0 2.1462 9.0 93.0 3.2071 0.0 0.574 0.0 0.31623 974.0 2.2651 8.0 105.0 5.1071 0.0 0.874 0.0 0.31623 965.0 2.346 7.0 
0.538 14.00819 63.0 2463.0 0.0 43.0 0.0 -0.6929 0.0 -1.326 0.22361 998.0 1.259 16.0 51.0 0.0071 0.0 0.0 -0.126 0.22361 996.0 1.5627 14.0 56.0 0.7071 0.0 1.174 0.0 0.28284 994.0 1.6858 13.0 60.0 1.8071 0.0 2.474 0.0 0.28284 993.0 1.8385 12.0 62.0 3.0071 0.0 3.574 0.0 0.22361 993.0 1.9631 12.0 
0.34396 25.09838 87.0 8090.0 0.0 65.0 0.0 -1.4929 0.474 0.0 0.36056 992.0 2.0549 12.0 75.0 0.0071 0.0 0.0 -0.226 0.2 984.0 1.9811 9.0 73.0 1.0071 0.0 0.0 -0.226 0.22361 983.0 1.8143 9.0 70.0 1.9071 0.0 0.374 0.0 0.14142 985.0 1.7874 9.0 71.0 2.7071 0.0 1.074 0.0 0.22361 985.0 1.8388 9.0 
0.52925 47.45382 46.0 5906.0 0.0 67.0 0.0 -1.8929 2.674 0.0 0.5 996.0 2.5 14.0 74.0 0.2071 0.0 0.374 0.0 0.56569 992.0 2.5 12.0 78.0 2.5071 0.0 0.0 -1.326 0.41231 990.0 2.5 11.0 82.0 4.8071 0.0 0.0 -2.126 0.31623 985.0 2.4528 10.0 88.0 6.8071 0.0 0.0 -2.526 0.41231 980.0 2.3968 8.0 
0.43554 42.04636 46.0 2469.0 0.0 54.0 0.0 -2.9929 0.0 -0.026 0.5 1001.0 2.4819 16.0 59.0 0.0 -0.1929 0.0 -0.326 0.4 999.0 2.5 13.0 60.0 2.3071 0.0 0.0 -0.726 0.41231 998.0 2.4513 12.0 60.0 4.6071 0.0 0.0 -1.026 0.4 997.0 2.2981 11.0 61.0 6.8071 0.0 0.0 -0.826 0.4 996.0 2.2356 11.0 
0.37311 36.19458 45.0 1138.0 0.0 57.0 0.0 -2.6929 0.374 0.0 0.41231 999.0 2.3703 15.0 59.0 0.0071 0.0 0.0 -0.326 0.5099 998.0 2.3703 13.0 63.0 2.6071 0.0 0.0 -0.926 0.41231 996.0 2.3846 14.0 71.0 4.9071 0.0 0.0 -1.526 0.41231 992.0 2.4518 12.0 77.0 7.1071 0.0 0.0 -2.026 0.4 988.0 2.4223 10.0 
0.49021 18.35579 67.0 7814.0 0.0 49.0 0.0 -1.2929 0.0 -1.526 0.42426 999.0 1.7517 13.0 53.0 0.1071 0.0 0.0 -0.126 0.28284 996.0 1.6877 11.0 53.0 1.3071 0.0 0.974 0.0 0.22361 996.0 1.6877 10.0 55.0 2.5071 0.0 1.474 0.0 0.2 995.0 1.7165 10.0 56.0 3.8071 0.0 1.574 0.0 0.2 994.0 1.6858 9.0 
0.48353 67.60861 43.0 1340.0 0.0 62.0 0.0 -2.7929 0.0 -1.626 0.53852 999.0 2.5 18.0 67.0 0.3071 0.0 0.0 -0.526 0.53852 997.0 2.5 15.0 68.0 3.1071 0.0 0.674 0.0 0.44721 996.0 2.5 14.0 66.0 5.6071 0.0 1.874 0.0 0.41231 996.0 2.5 14.0 62.0 7.9071 0.0 2.674 0.0 0.31623 996.0 2.3095 14.0 
0.53225 36.19458 55.0 900.0 0.0 42.0 0.0 -1.8929 0.0 -1.226 0.41231 1001.0 1.5014 22.0 47.0 0.0071 0.0 0.0 -0.326 0.36056 1001.0 1.8802 20.0 48.0 1.8071 0.0 1.074 0.0 0.36056 1000.0 1.8102 20.0 48.0 3.5071 0.0 2.374 0.0 0.36056 1000.0 1.8102 19.0 47.0 5.2071 0.0 3.674 0.0 0.28284 1000.0 1.7355 19.0 
0.36333 47.29257 51.0 1642.0 0.0 51.0 0.0 -2.4929 0.274 0.0 0.5099 1000.0 2.0435 16.0 52.0 0.0071 0.0 0.0 -0.426 0.4 999.0 1.9727 15.0 54.0 2.3071 0.0 0.0 -0.726 0.3 997.0 1.8615 13.0 55.0 4.3071 0.0 0.0 -0.926 0.3 995.0 1.7165 15.0 60.0 5.9071 0.0 0.0 -1.026 0.2 991.0 1.6713 12.0 
0.80057 22.67945 48.0 584.0 0.0 69.0 0.0 -3.3929 0.774 0.0 0.60828 998.0 2.5 17.0 71.0 0.1071 0.0 0.174 0.0 0.5099 995.0 2.5 14.0 71.0 2.9071 0.0 0.0 -0.226 0.5 993.0 2.5 13.0 68.0 5.2071 0.0 0.0 -0.126 0.4 992.0 2.249 12.0 64.0 7.0071 0.0 0.0 -0.026 0.2 991.0 1.9016 12.0 
0.71935 23.16855 42.0 185.0 0.0 67.0 0.0 -3.2929 1.274 0.0 0.63246 999.0 2.5 14.0 72.0 0.2071 0.0 0.0 -0.026 0.53852 996.0 2.5 11.0 73.0 3.2071 0.0 0.0 -0.826 0.5099 994.0 2.5 13.0 78.0 5.8071 0.0 0.0 -0.926 0.41231 988.0 2.4856 10.0 80.0 8.0071 0.0 0.0 -0.426 0.4 986.0 2.421 10.0 
0.26824 118.87817 42.0 8926.0 0.0 50.0 0.0 -1.8929 0.0 -2.226 0.44721 999.0 1.8239 15.0 56.0 0.3071 0.0 0.0 -1.026 0.41231 999.0 2.2879 17.0 66.0 2.9071 0.0 0.0 -0.326 0.41231 996.0 2.5 14.0 71.0 5.6071 0.0 0.0 -0.026 0.5 994.0 2.5 13.0 68.0 8.0071 0.0 0.174 0.0 0.4 993.0 2.3614 12.0 
0.49149 34.02587 45.0 1632.0 0.0 58.0 0.0 -2.8929 0.474 0.0 0.5099 1001.0 2.5 18.0 54.0 0.2071 0.0 0.0 -0.226 0.5099 1000.0 2.291 16.0 54.0 2.8071 0.0 0.0 -0.526 0.5099 999.0 2.1274 17.0 57.0 5.2071 0.0 0.0 -0.726 0.3 998.0 2.2123 16.0 60.0 7.2071 0.0 0.0 -0.626 0.3 996.0 2.1629 14.0 
0.36874 81.24308 42.0 6144.0 0.0 57.0 0.0 -2.9929 0.0 -0.526 0.41231 997.0 2.074 13.0 66.0 0.0 -0.0929 0.0 -0.726 0.4 995.0 2.4717 15.0 73.0 2.7071 0.0 0.0 -0.126 0.41231 992.0 2.5 14.0 82.0 5.3071 0.0 0.674 0.0 0.41231 987.0 2.5 13.0 92.0 7.9071 0.0 1.174 0.0 0.4 981.0 2.5 11.0 
0.53249 10.70814 43.0 221.0 0.0 65.0 0.0 -3.8929 1.874 0.0 0.67082 999.0 2.5 14.0 73.0 0.0 -0.0929 0.0 -0.026 0.67082 998.0 2.5 14.0 73.0 3.2071 0.0 0.0 -1.526 0.44721 995.0 2.5 13.0 72.0 5.7071 0.0 0.0 -2.726 0.31623 992.0 2.5 12.0 73.0 7.8071 0.0 0.0 -3.326 0.31623 990.0 2.3665 11.0 
0.68367 17.37652 51.0 2556.0 0.0 66.0 0.0 -2.4929 1.274 0.0 0.5831 996.0 2.5 13.0 71.0 0.0 -0.0929 0.0 -0.126 0.41231 992.0 2.4518 12.0 71.0 2.1071 0.0 0.0 -1.026 0.36056 991.0 2.3403 11.0 69.0 4.0071 0.0 0.0 -1.726 0.31623 991.0 2.2103 11.0 66.0 5.8071 0.0 0.0 -2.026 0.3 991.0 2.0223 12.0 
0.79451 30.02471 44.0 762.0 0.0 81.0 0.0 -3.4929 2.474 0.0 0.80623 997.0 2.5 16.0 81.0 0.2071 0.0 0.174 0.0 0.5831 994.0 2.5 13.0 77.0 3.1071 0.0 0.0 -1.326 0.53852 992.0 2.5 12.0 76.0 5.5071 0.0 0.0 -2.226 0.41231 989.0 2.4581 11.0 75.0 7.5071 0.0 0.0 -2.626 0.3 988.0 2.2981 10.0 
0.52988 27.7603 60.0 1833.0 0.0 52.0 0.0 -1.4929 0.0 -0.726 0.31623 998.0 1.8412 16.0 57.0 0.1071 0.0 0.0 -0.226 0.22361 995.0 1.8436 13.0 61.0 1.5071 0.0 0.574 0.0 0.28284 994.0 2.0003 12.0 65.0 2.9071 0.0 1.774 0.0 0.28284 992.0 2.0549 12.0 67.0 4.2071 0.0 3.174 0.0 0.28284 991.0 2.0841 11.0 
0.35598 56.66943 49.0 162.0 0.0 62.0 0.0 -3.8929 1.274 0.0 0.67082 999.0 2.5 15.0 67.0 0.0 -0.3929 0.0 -0.326 0.53852 998.0 2.5 18.0 63.0 2.5071 0.0 0.0 -1.126 0.41231 995.0 2.2521 15.0 64.0 4.6071 0.0 0.0 -1.126 0.3 993.0 2.0918 16.0 69.0 6.2071 0.0 0.0 -0.626 0.31623 989.0 2.0261 14.0 
0.52487 27.7603 78.0 1624.0 0.0 51.0 0.0 -1.4929 0.0 -0.926 0.22361 998.0 1.7711 16.0 55.0 0.1071 0.0 0.0 -0.226 0.28284 996.0 1.8174 14.0 54.0 1.3071 0.0 0.874 0.0 0.28284 996.0 1.752 14.0 52.0 2.3071 0.0 1.974 0.0 0.22361 995.0 1.5343 14.0 51.0 3.2071 0.0 2.574 0.0 0.2 995.0 1.4759 14.0 
0.22698 42.04636 55.0 6463.0 0.0 57.0 0.0 -2.6929 0.974 0.0 0.44721 998.0 2.2123 10.0 58.0 0.0 -0.1929 0.0 -0.326 0.5 997.0 2.1474 13.0 60.0 2.0071 0.0 0.0 -1.526 0.31623 994.0 1.9352 11.0 65.0 3.8071 0.0 0.0 -2.226 0.31623 991.0 1.9615 10.0 76.0 5.3071 0.0 0.0 -2.826 0.31623 984.0 2.0343 9.0 
0.22736 56.66943 248.0 7105.0 0.0 58.0 0.0 -2.5929 1.074 0.0 0.44721 997.0 2.1474 16.0 64.0 0.0 -0.3929 0.0 -0.326 0.44721 994.0 2.2019 14.0 70.0 1.6071 0.0 0.0 -1.526 0.31623 990.0 2.176 14.0 77.0 3.2071 0.0 0.0 -2.226 0.31623 984.0 2.0882 12.0 90.0 4.9071 0.0 0.0 -2.626 0.3 976.0 2.236 10.0 
0.65767 27.12273 41.0 329.0 0.0 58.0 0.0 -3.3929 0.474 0.0 0.60828 1001.0 2.5 16.0 60.0 0.0 -0.0929 0.0 -0.226 0.5 1000.0 2.5 19.0 66.0 3.1071 0.0 0.0 -0.126 0.5099 998.0 2.5 16.0 67.0 6.1071 0.0 0.774 0.0 0.5099 997.0 2.5 15.0 62.0 8.6071 0.0 1.974 0.0 0.44721 997.0 2.4538 15.0 
0.4666 59.28963 48.0 2513.0 0.0 60.0 0.0 -3.4929 0.0 -0.726 0.6 1001.0 2.5 22.0 60.0 0.0 -0.0929 0.0 -0.526 0.5 1000.0 2.5 19.0 55.0 2.5071 0.0 0.0 -0.126 0.41231 999.0 2.2069 17.0 52.0 4.6071 0.0 0.374 0.0 0.3 999.0 1.9727 17.0 51.0 6.4071 0.0 0.574 0.0 0.31623 998.0 1.7711 17.0 
0.20588 48.75749 58.0 7744.0 0.0 56.0 0.0 -1.5929 0.174 0.0 0.36056 996.0 1.8841 12.0 59.0 0.1071 0.0 0.0 -0.426 0.22361 994.0 1.8713 13.0 65.0 1.5071 0.0 0.0 -0.326 0.2 990.0 1.8762 11.0 73.0 2.8071 0.0 0.074 0.0 0.3 985.0 1.9439 9.0 85.0 4.2071 0.0 0.374 0.0 0.31623 977.0 2.0498 8.0 
0.28296 32.98146 50.0 7526.0 0.0 67.0 0.0 -3.2929 1.674 0.0 0.5831 996.0 2.5 9.0 70.0 0.0 -0.1929 0.0 -0.226 0.53852 995.0 2.5 11.0 71.0 2.4071 0.0 0.0 -1.526 0.36056 990.0 2.2386 9.0 80.0 4.3071 0.0 0.0 -2.426 0.31623 983.0 2.1789 9.0 104.0 6.0071 0.0 0.0 -2.826 0.3 963.0 2.2094 7.0 
0.64635 17.37652 66.0 827.0 0.0 71.0 0.0 -2.1929 0.174 0.0 0.41231 993.0 2.5 12.0 75.0 0.0 -0.0929 0.0 -0.126 0.31623 987.0 2.2097 10.0 76.0 1.6071 0.0 0.074 0.0 0.22361 985.0 2.1069 10.0 80.0 3.1071 0.0 0.174 0.0 0.3 982.0 2.1086 9.0 83.0 4.6071 0.0 0.174 0.0 0.2 979.0 2.0695 8.0 
0.42503 57.41677 67.0 3436.0 0.0 97.0 0.0 -1.4929 2.474 0.0 0.5 976.0 2.5 10.0 102.0 0.2071 0.0 0.474 0.0 0.42426 971.0 2.5 9.0 100.0 1.8071 0.0 0.0 -1.026 0.36056 969.0 2.3213 9.0 98.0 3.2071 0.0 0.0 -2.026 0.22361 968.0 2.1798 9.0 99.0 4.5071 0.0 0.0 -2.526 0.22361 966.0 2.1299 9.0 
0.4742 25.09838 79.0 7006.0 0.0 54.0 0.0 -0.9929 0.0 -0.426 0.2 994.0 1.5675 13.0 64.0 0.0071 0.0 0.0 -0.226 0.22361 989.0 1.7431 11.0 61.0 1.0071 0.0 0.174 0.0 0.14142 991.0 1.7275 11.0 58.0 1.8071 0.0 0.574 0.0 0.14142 992.0 1.6361 11.0 56.0 2.6071 0.0 0.974 0.0 0.1 992.0 1.5252 12.0 
0.24749 92.26407 42.0 7507.0 0.0 60.0 0.0 -3.5929 0.0 -0.026 0.63246 1000.0 2.5 16.0 62.0 0.0 -0.0929 0.0 -0.826 0.5099 1000.0 2.5 20.0 64.0 3.0071 0.0 0.0 -0.726 0.5 998.0 2.5 16.0 64.0 5.8071 0.0 0.0 -0.126 0.41231 996.0 2.4609 15.0 64.0 8.2071 0.0 0.274 0.0 0.41231 996.0 2.4609 14.0 
0.59673 57.8912 92.0 7940.0 0.0 52.0 0.0 -1.5929 0.0 -1.126 0.31623 999.0 1.9727 22.0 57.0 0.4071 0.0 0.0 -0.326 0.36056 997.0 2.074 20.0 57.0 1.9071 0.0 1.274 0.0 0.36056 996.0 1.952 19.0 55.0 2.9071 0.0 2.974 0.0 0.31623 996.0 1.8174 18.0 52.0 3.6071 0.0 4.474 0.0 0.2 996.0 1.6246 18.0 
0.76726 38.08876 91.0 6105.0 0.0 54.0 0.0 -1.5929 0.0 -1.726 0.36056 998.0 1.9855 16.0 61.0 0.1071 0.0 0.0 -0.326 0.42426 995.0 2.1114 14.0 61.0 1.6071 0.0 1.474 0.0 0.44721 995.0 2.1114 14.0 58.0 2.6071 0.0 3.474 0.0 0.31623 995.0 1.9088 14.0 56.0 3.2071 0.0 5.374 0.0 0.31623 995.0 1.7795 14.0 
0.38214 41.06496 39.0 3676.0 0.0 53.0 0.0 -3.4929 0.774 0.0 0.53852 1001.0 2.3909 18.0 59.0 0.0 -0.2929 0.0 -0.226 0.53852 1001.0 2.5 16.0 63.0 3.1071 0.0 0.0 -1.226 0.53852 1000.0 2.5 19.0 69.0 6.4071 0.0 0.0 -2.526 0.63246 998.0 2.5 16.0 71.0 9.5071 0.0 0.0 -3.826 0.5831 997.0 2.5 14.0 
0.62532 25.09838 54.0 4763.0 0.0 57.0 0.0 -2.0929 0.274 0.0 0.31623 994.0 1.7465 11.0 65.0 0.0071 0.0 0.0 -0.226 0.3 992.0 2.0549 13.0 76.0 2.0071 0.0 0.0 -0.026 0.31623 984.0 2.0343 10.0 93.0 3.8071 0.0 0.774 0.0 0.31623 974.0 2.2651 10.0 116.0 5.5071 0.0 1.574 0.0 0.31623 952.0 2.253 8.0 
0.42994 25.09838 84.0 8598.0 0.0 46.0 0.0 -0.9929 0.0 -0.526 0.22361 997.0 1.3508 15.0 54.0 0.0071 0.0 0.0 -0.226 0.1 994.0 1.5675 13.0 55.0 0.8071 0.0 0.174 0.0 0.2 993.0 1.5448 12.0 56.0 1.6071 0.0 0.574 0.0 0.22361 992.0 1.5252 12.0 57.0 2.5071 0.0 0.774 0.0 0.14142 991.0 1.5084 12.0 
0.52874 14.00819 55.0 3419.0 0.0 57.0 0.0 -1.5929 0.874 0.0 0.28284 995.0 1.8436 19.0 64.0 0.0071 0.0 0.0 -0.126 0.31623 993.0 2.0918 20.0 70.0 1.7071 0.0 0.0 -0.826 0.3 989.0 2.0853 18.0 80.0 3.4071 0.0 0.0 -1.226 0.31623 983.0 2.1789 15.0 87.0 5.0071 0.0 0.0 -1.526 0.31623 977.0 2.1474 13.0 
0.60855 21.60552 41.0 2852.0 0.0 57.0 0.0 -4.0929 0.374 0.0 0.60828 1001.0 2.5 13.0 64.0 0.0 -0.1929 0.0 -0.026 0.7 1001.0 2.5 14.0 61.0 3.4071 0.0 0.374 0.0 0.5099 1000.0 2.5 14.0 62.0 6.2071 0.0 1.574 0.0 0.5 998.0 2.5 12.0 59.0 8.5071 0.0 2.774 0.0 0.36056 997.0 2.2221 11.0 
0.52797 53.94034 41.0 3326.0 0.0 65.0 0.0 -2.0929 2.674 0.0 0.56569 997.0 2.5 15.0 70.0 0.1071 0.0 0.474 0.0 0.5 994.0 2.5 13.0 78.0 2.7071 0.0 0.0 -1.126 0.53852 992.0 2.5 12.0 84.0 5.6071 0.0 0.0 -2.526 0.5099 990.0 2.5 11.0 81.0 8.4071 0.0 0.0 -3.426 0.41231 989.0 2.5 11.0 
0.32885 70.49561 46.0 4782.0 0.0 52.0 0.0 -2.8929 0.674 0.0 0.5831 1002.0 2.5 25.0 55.0 0.1071 0.0 0.0 -0.626 0.41231 1001.0 2.5 22.0 53.0 2.8071 0.0 0.0 -1.126 0.41231 1000.0 2.207 20.0 49.0 5.0071 0.0 0.0 -0.826 0.36056 1000.0 1.8864 19.0 48.0 6.9071 0.0 0.0 -0.026 0.31623 1000.0 1.8102 19.0 
0.29969 73.18987 50.0 180.0 0.0 69.0 0.0 -3.1929 0.0 -0.526 0.6 998.0 2.5 14.0 67.0 0.2071 0.0 0.0 -0.626 0.5 997.0 2.5 15.0 65.0 2.6071 0.0 0.0 -0.426 0.41231 994.0 2.2712 13.0 65.0 4.3071 0.0 0.174 0.0 0.36056 992.0 2.0549 12.0 68.0 5.9071 0.0 1.074 0.0 0.36056 990.0 2.0534 11.0 
0.77815 92.42951 40.0 3534.0 0.0 73.0 0.0 -2.4929 4.074 0.0 0.72111 996.0 2.5 12.0 77.0 0.3071 0.0 0.774 0.0 0.70711 994.0 2.5 10.0 83.0 3.3071 0.0 0.0 -1.626 0.5831 988.0 2.5 8.0 96.0 6.2071 0.0 0.0 -3.226 0.44721 980.0 2.5 9.0 108.0 8.7071 0.0 0.0 -4.126 0.5099 968.0 2.5 7.0 
0.3659 37.62661 45.0 8293.0 0.0 65.0 0.0 -2.4929 1.674 0.0 0.56569 996.0 2.5 13.0 66.0 0.0 -0.0929 0.0 -0.326 0.44721 994.0 2.3416 14.0 70.0 2.2071 0.0 0.0 -1.426 0.41231 991.0 2.2749 12.0 82.0 4.7071 0.0 0.0 -2.026 0.4 986.0 2.5 13.0 87.0 7.0071 0.0 0.0 -2.226 0.4 982.0 2.4938 11.0 
0.18992 42.04636 51.0 6000.0 0.0 51.0 0.0 -1.5929 0.474 0.0 0.31623 994.0 1.3982 11.0 60.0 0.0 -0.1929 0.0 -0.326 0.22361 991.0 1.6713 12.0 67.0 1.2071 0.0 0.0 -0.826 0.31623 987.0 1.7634 11.0 81.0 2.8071 0.0 0.0 -1.026 0.3 978.0 1.9146 9.0 112.0 4.8071 0.0 0.0 -0.926 0.41231 959.0 2.3726 8.0 
0.3783 36.19458 44.0 2068.0 0.0 60.0 0.0 -3.1929 1.074 0.0 0.67082 1000.0 2.5 16.0 61.0 0.0071 0.0 0.0 -0.326 0.53852 999.0 2.5 14.0 61.0 2.8071 0.0 0.0 -1.126 0.41231 998.0 2.5 16.0 66.0 5.3071 0.0 0.0 -1.426 0.3 994.0 2.3416 13.0 70.0 7.4071 0.0 0.0 -1.826 0.41231 991.0 2.2749 12.0 
0.62279 26.90838 35.0 619.0 0.0 79.0 0.0 -5.2929 0.0 -2.726 0.9434 999.0 2.5 14.0 94.0 0.2071 0.0 0.0 -0.126 0.94868 998.0 2.5 16.0 87.0 5.0071 0.0 1.474 0.0 0.72801 995.0 2.5 13.0 80.0 8.6071 0.0 2.674 0.0 0.53852 993.0 2.5 12.0 74.0 11.3071 0.0 3.874 0.0 0.44721 992.0 2.5 12.0 
1.31424 26.90838 42.0 8895.0 0.0 67.0 0.0 -2.9929 0.0 -1.526 0.5831 996.0 2.5 12.0 77.0 0.2071 0.0 0.0 -0.126 0.53852 992.0 2.5 10.0 87.0 3.3071 0.0 0.474 0.0 0.5 986.0 2.5 10.0 96.0 6.1071 0.0 0.574 0.0 0.4 977.0 2.5 8.0 102.0 8.2071 0.0 0.874 0.0 0.31623 966.0 2.2609 7.0 
0.6124 58.29206 41.0 1117.0 0.0 60.0 0.0 -2.3929 0.0 -0.726 0.4 998.0 2.4513 13.0 67.0 0.3071 0.0 0.0 -0.426 0.53852 996.0 2.5 14.0 76.0 3.0071 0.0 0.874 0.0 0.5 993.0 2.5 12.0 80.0 5.7071 0.0 2.374 0.0 0.53852 991.0 2.5 11.0 79.0 8.4071 0.0 3.574 0.0 0.44721 991.0 2.5 11.0 
0.33683 57.38457 44.0 2596.0 0.0 58.0 0.0 -2.8929 0.174 0.0 0.41231 999.0 2.4542 18.0 65.0 0.0 -0.2929 0.0 -0.426 0.5099 997.0 2.5 15.0 69.0 2.4071 0.0 0.0 -1.026 0.41231 995.0 2.5 13.0 70.0 5.0071 0.0 0.0 -1.326 0.4 994.0 2.5 13.0 69.0 7.4071 0.0 0.0 -1.126 0.4 993.0 2.4314 12.0 
0.46658 51.90795 49.0 1489.0 0.0 52.0 0.0 -3.0929 0.274 0.0 0.5099 1002.0 2.5 24.0 53.0 0.0 -0.1929 0.0 -0.426 0.4 1001.0 2.3909 21.0 52.0 2.2071 0.0 0.0 -0.126 0.41231 1000.0 2.1245 19.0 52.0 4.3071 0.0 0.774 0.0 0.36056 999.0 1.9727 18.0 52.0 6.1071 0.0 2.074 0.0 0.5 999.0 1.9727 18.0 
0.52871 25.09838 44.0 4741.0 0.0 67.0 0.0 -3.7929 1.074 0.0 0.63246 999.0 2.5 16.0 76.0 0.0071 0.0 0.0 -0.226 0.60828 997.0 2.5 15.0 74.0 3.3071 0.0 0.0 -1.026 0.5099 994.0 2.5 13.0 68.0 5.8071 0.0 0.0 -1.526 0.3 993.0 2.3614 12.0 65.0 7.7071 0.0 0.0 -1.726 0.3 993.0 2.1576 12.0 
0.59104 23.16855 44.0 6205.0 0.0 49.0 0.0 -2.2929 0.0 -0.426 0.4 1000.0 1.8864 15.0 56.0 0.2071 0.0 0.0 -0.026 0.41231 998.0 2.1353 13.0 60.0 2.6071 0.0 0.774 0.0 0.44721 996.0 2.1629 12.0 68.0 4.9071 0.0 1.474 0.0 0.41231 994.0 2.4857 13.0 76.0 7.4071 0.0 1.774 0.0 0.41231 990.0 2.5 11.0 
0.77113 22.93337 228.0 5293.0 0.0 67.0 0.0 -2.8929 0.974 0.0 0.53852 997.0 2.5 16.0 70.0 0.0 -0.1929 0.074 0.0 0.44721 994.0 2.5 13.0 69.0 2.1071 0.0 0.0 -0.726 0.31623 992.0 2.3156 12.0 69.0 3.9071 0.0 0.0 -1.226 0.22361 990.0 2.1142 11.0 68.0 5.2071 0.0 0.0 -1.426 0.3 988.0 1.8891 10.0 
0.51051 27.7603 48.0 8220.0 0.0 60.0 0.0 -2.3929 1.174 0.0 0.44721 997.0 2.2981 13.0 62.0 0.1071 0.0 0.0 -0.226 0.44721 996.0 2.3095 14.0 67.0 2.5071 0.0 0.0 -1.326 0.41231 992.0 2.1833 13.0 75.0 4.8071 0.0 0.0 -2.126 0.31623 988.0 2.2981 12.0 78.0 6.7071 0.0 0.0 -2.926 0.31623 984.0 2.1428 11.0 
1.24565 13.18352 61.0 8302.0 0.0 95.0 0.0 -1.9929 1.274 0.0 0.36056 974.0 2.3636 8.0 110.0 0.0 -0.0929 0.074 0.0 0.36056 962.0 2.4233 6.0 101.0 1.8071 0.0 0.0 -0.526 0.3 968.0 2.3153 7.0 93.0 3.4071 0.0 0.0 -0.526 0.31623 972.0 2.1546 7.0 88.0 4.8071 0.0 0.0 -0.126 0.22361 975.0 2.0815 8.0 
0.52401 18.35579 71.0 6090.0 0.0 58.0 0.0 -1.5929 0.274 0.0 0.31623 995.0 1.9088 14.0 67.0 0.1071 0.0 0.0 -0.126 0.3 991.0 2.0841 11.0 70.0 1.8071 0.0 0.0 -0.126 0.2 988.0 2.0019 10.0 72.0 3.2071 0.0 0.174 0.0 0.22361 986.0 1.961 10.0 71.0 4.4071 0.0 0.774 0.0 0.22361 985.0 1.8388 10.0 
0.25628 62.18838 44.0 7544.0 0.0 59.0 0.0 -3.2929 1.074 0.0 0.5831 1000.0 2.5 16.0 60.0 0.0 -0.1929 0.0 -0.526 0.5099 999.0 2.5 14.0 60.0 2.7071 0.0 0.0 -0.726 0.5099 998.0 2.4513 17.0 64.0 5.2071 0.0 0.0 -0.026 0.44721 995.0 2.3242 14.0 68.0 7.5071 0.0 0.874 0.0 0.3 994.0 2.4857 13.0 
0.6557 30.02471 44.0 6213.0 0.0 69.0 0.0 -2.2929 2.774 0.0 0.64031 995.0 2.5 12.0 71.0 0.2071 0.0 0.174 0.0 0.5831 992.0 2.4518 10.0 72.0 2.8071 0.0 0.0 -1.426 0.5 991.0 2.4067 13.0 74.0 5.2071 0.0 0.0 -2.426 0.44721 989.0 2.3304 15.0 82.0 7.4071 0.0 0.0 -3.026 0.31623 984.0 2.3682 15.0 
0.41281 34.02587 67.0 5938.0 0.0 58.0 0.0 -1.1929 0.0 -0.526 0.2 994.0 1.8084 13.0 67.0 0.2071 0.0 0.0 -0.226 0.2 989.0 1.9104 11.0 66.0 1.4071 0.0 0.174 0.0 0.22361 989.0 1.8538 10.0 64.0 2.4071 0.0 0.674 0.0 0.14142 988.0 1.6734 10.0 64.0 3.2071 0.0 1.274 0.0 0.14142 988.0 1.6734 10.0 
0.71611 22.93337 43.0 7521.0 0.0 59.0 0.0 -3.0929 1.374 0.0 0.53852 999.0 2.5 14.0 63.0 0.0 -0.1929 0.074 0.0 0.5 997.0 2.5 12.0 68.0 2.7071 0.0 0.074 0.0 0.5 996.0 2.5 14.0 72.0 5.3071 0.0 0.474 0.0 0.41231 992.0 2.5 12.0 78.0 7.8071 0.0 1.074 0.0 0.41231 990.0 2.5 11.0 
0.4014 36.19458 57.0 1779.0 0.0 60.0 0.0 -2.0929 0.0 -0.026 0.4 994.0 1.9352 11.0 71.0 0.0071 0.0 0.0 -0.326 0.4 990.0 2.2386 11.0 76.0 1.9071 0.0 0.0 -0.226 0.31623 986.0 2.185 10.0 81.0 3.6071 0.0 0.0 -0.026 0.3 982.0 2.1617 9.0 81.0 5.2071 0.0 0.0 -0.126 0.22361 981.0 2.0941 9.0 
0.55537 18.35579 43.0 7361.0 0.0 55.0 0.0 -2.5929 0.774 0.0 0.41231 997.0 1.931 10.0 63.0 0.1071 0.0 0.0 -0.126 0.53852 996.0 2.3846 12.0 71.0 2.8071 0.0 0.0 -1.226 0.53852 992.0 2.4518 10.0 81.0 5.4071 0.0 0.0 -2.426 0.41231 987.0 2.5 10.0 96.0 7.9071 0.0 0.0 -3.226 0.4 976.0 2.5 8.0 
0.13045 127.08247 43.0 6212.0 0.0 59.0 0.0 -2.8929 0.0 -1.726 0.5 999.0 2.5 14.0 67.0 0.2071 0.0 0.0 -1.126 0.53852 996.0 2.5 12.0 71.0 3.0071 0.0 0.274 0.0 0.44721 994.0 2.5 13.0 74.0 5.3071 0.0 1.574 0.0 0.44721 991.0 2.5 11.0 80.0 7.6071 0.0 2.574 0.0 0.41231 988.0 2.5 10.0 
0.1798 113.88873 44.0 2871.0 0.0 55.0 0.0 -2.8929 0.0 -1.226 0.4 999.0 2.2069 14.0 65.0 0.0071 0.0 0.0 -1.026 0.5099 996.0 2.5 12.0 72.0 2.8071 0.0 0.0 -0.126 0.44721 994.0 2.5 13.0 78.0 5.3071 0.0 1.374 0.0 0.5 990.0 2.5 11.0 81.0 7.6071 0.0 2.874 0.0 0.36056 987.0 2.5 10.0 
0.19599 151.86027 38.0 653.0 0.0 48.0 0.0 -0.9929 0.0 -2.826 0.42426 1001.0 1.961 20.0 58.0 1.0071 0.0 0.0 -0.926 0.5 999.0 2.4542 17.0 68.0 3.8071 0.0 0.674 0.0 0.53852 998.0 2.5 16.0 69.0 6.9071 0.0 1.774 0.0 0.63246 997.0 2.5 15.0 65.0 9.8071 0.0 2.874 0.0 0.41231 997.0 2.5 15.0 
0.36369 27.12273 55.0 2421.0 0.0 58.0 0.0 -1.4929 0.174 0.0 0.22361 992.0 1.6361 10.0 71.0 0.0 -0.0929 0.0 -0.226 0.3 987.0 1.9803 10.0 76.0 1.5071 0.0 0.0 -0.426 0.2 985.0 2.1069 9.0 82.0 3.1071 0.0 0.0 -0.526 0.31623 981.0 2.1462 9.0 92.0 4.8071 0.0 0.0 -0.726 0.31623 975.0 2.275 8.0 
0.2345 94.15302 38.0 285.0 0.0 57.0 0.0 -3.7929 0.0 -0.826 0.5 1001.0 2.5 17.0 64.0 0.0 -0.1929 0.0 -0.826 0.6 1000.0 2.5 20.0 71.0 3.6071 0.0 0.0 -1.226 0.60828 999.0 2.5 17.0 67.0 7.0071 0.0 0.0 -1.826 0.5099 997.0 2.5 15.0 60.0 9.6071 0.0 0.0 -1.926 0.31623 997.0 2.2981 15.0 
0.34789 38.08876 55.0 7789.0 0.0 53.0 0.0 -1.3929 0.0 -0.526 0.31623 996.0 1.6877 14.0 62.0 0.1071 0.0 0.0 -0.326 0.2 992.0 1.8696 12.0 67.0 1.6071 0.0 0.0 -0.026 0.2 989.0 1.9104 11.0 74.0 3.2071 0.0 0.174 0.0 0.2 986.0 2.0715 10.0 80.0 4.8071 0.0 0.374 0.0 0.3 983.0 2.1789 9.0 
0.43701 37.62661 69.0 8498.0 0.0 53.0 0.0 -1.1929 0.0 -0.026 0.2 994.0 1.51 22.0 63.0 0.0 -0.0929 0.0 -0.326 0.2 989.0 1.6891 18.0 69.0 1.0071 0.0 0.0 -0.426 0.2 986.0 1.801 16.0 70.0 2.2071 0.0 0.0 -0.526 0.2 986.0 1.8536 16.0 72.0 3.4071 0.0 0.0 -0.626 0.2 985.0 1.891 16.0 
0.90314 12.23339 76.0 4157.0 0.0 93.0 0.0 -1.7929 1.774 0.0 0.42426 982.0 2.5 11.0 97.0 0.1071 0.0 0.0 -0.026 0.36056 974.0 2.4641 10.0 95.0 1.7071 0.0 0.0 -0.926 0.31623 972.0 2.2483 9.0 93.0 3.2071 0.0 0.0 -1.526 0.22361 971.0 2.1033 9.0 92.0 4.4071 0.0 0.0 -1.926 0.22361 971.0 2.0583 9.0 
0.64207 12.23339 96.0 5086.0 0.0 58.0 0.0 -0.4929 0.0 -0.626 0.14142 990.0 1.4939 11.0 65.0 0.1071 0.0 0.0 -0.026 0.14142 986.0 1.5983 10.0 63.0 0.6071 0.0 0.574 0.0 0.14142 987.0 1.5592 10.0 62.0 1.1071 0.0 1.074 0.0 0.1 987.0 1.5101 10.0 62.0 1.6071 0.0 1.174 0.0 0.1 987.0 1.5101 10.0 
0.95302 42.77555 43.0 214.0 0.0 75.0 0.0 -4.3929 1.574 0.0 0.70711 997.0 2.5 16.0 88.0 0.0 -0.0929 0.374 0.0 0.70711 993.0 2.5 13.0 80.0 3.4071 0.0 0.0 -0.126 0.41231 991.0 2.5 11.0 78.0 5.9071 0.0 0.0 -0.626 0.41231 988.0 2.4856 10.0 78.0 7.9071 0.0 0.0 -0.726 0.3 986.0 2.3015 10.0 
0.62348 33.53347 38.0 3742.0 0.0 59.0 0.0 -3.9929 0.0 -0.126 0.6 1001.0 2.5 21.0 66.0 0.0 -0.2929 0.074 0.0 0.60828 1000.0 2.5 18.0 70.0 3.3071 0.0 0.474 0.0 0.60828 999.0 2.5 17.0 69.0 6.9071 0.0 0.674 0.0 0.60828 998.0 2.5 16.0 63.0 10.1071 0.0 0.374 0.0 0.5 999.0 2.5 17.0 
0.59661 2.99167 51.0 1657.0 0.0 53.0 0.0 -1.7929 0.0 -0.626 0.31623 998.0 1.9127 16.0 59.0 0.0071 0.0 0.0 -0.026 0.31623 995.0 1.9752 14.0 63.0 1.9071 0.0 0.474 0.0 0.3 994.0 2.1336 13.0 65.0 3.8071 0.0 0.774 0.0 0.31623 993.0 2.1576 12.0 67.0 5.5071 0.0 0.874 0.0 0.3 991.0 2.0841 11.0 
0.19637 70.24699 72.0 8951.0 0.0 63.0 0.0 -1.5929 0.0 -0.326 0.3 990.0 1.7625 13.0 76.0 0.0 -0.0929 0.0 -0.626 0.2 984.0 2.0343 12.0 82.0 1.3071 0.0 0.0 -0.626 0.2 980.0 2.0811 11.0 79.0 2.6071 0.0 0.0 -0.426 0.22361 981.0 1.992 11.0 76.0 3.7071 0.0 0.174 0.0 0.22361 982.0 1.903 11.0 
0.59102 47.45382 41.0 755.0 0.0 73.0 0.0 -2.7929 3.774 0.0 0.78102 998.0 2.5 13.0 75.0 0.2071 0.0 0.374 0.0 0.64031 996.0 2.5 15.0 80.0 3.2071 0.0 0.0 -1.726 0.53852 992.0 2.5 12.0 83.0 6.0071 0.0 0.0 -2.826 0.41231 988.0 2.5 10.0 84.0 8.3071 0.0 0.0 -3.126 0.3 984.0 2.4851 9.0 
0.15678 118.87817 46.0 490.0 0.0 52.0 0.0 -1.7929 0.0 -1.926 0.41231 998.0 1.8412 17.0 64.0 0.3071 0.0 0.0 -1.026 0.31623 995.0 2.3242 13.0 69.0 2.3071 0.0 0.0 -0.026 0.36056 992.0 2.3156 12.0 72.0 4.3071 0.0 0.974 0.0 0.31623 991.0 2.4067 11.0 73.0 6.5071 0.0 1.674 0.0 0.3 991.0 2.474 11.0 
0.84598 8.25172 47.0 3659.0 0.0 68.0 0.0 -2.4929 1.274 0.0 0.44721 993.0 2.3614 10.0 75.0 0.0071 0.0 0.074 0.0 0.44721 989.0 2.3938 9.0 78.0 2.4071 0.0 0.0 -1.226 0.44721 987.0 2.39 8.0 92.0 4.7071 0.0 0.0 -2.426 0.36056 978.0 2.47 8.0 111.0 6.7071 0.0 0.0 -3.026 0.31623 959.0 2.3304 6.0 
0.58214 26.90838 56.0 8849.0 0.0 70.0 0.0 -2.3929 1.774 0.0 0.5831 996.0 2.5 15.0 70.0 0.2071 0.0 0.0 -0.126 0.5 994.0 2.5 13.0 65.0 2.2071 0.0 0.0 -1.426 0.22361 993.0 2.1576 12.0 65.0 3.8071 0.0 0.0 -2.226 0.22361 991.0 1.9615 12.0 67.0 5.2071 0.0 0.0 -2.826 0.31623 989.0 1.9104 11.0 
1.15036 2.99167 44.0 8960.0 0.0 67.0 0.0 -2.7929 0.174 0.0 0.5099 994.0 2.4131 11.0 75.0 0.0071 0.0 0.0 -0.026 0.4 990.0 2.4979 10.0 89.0 2.7071 0.0 0.0 -0.126 0.5099 983.0 2.5 9.0 101.0 5.3071 0.0 0.074 0.0 0.4 973.0 2.5 7.0 109.0 7.6071 0.0 0.274 0.0 0.41231 964.0 2.4765 7.0 
0.50168 12.23339 73.0 7305.0 0.0 53.0 0.0 -0.5929 0.0 -0.626 0.14142 994.0 1.51 13.0 56.0 0.1071 0.0 0.0 -0.026 0.14142 992.0 1.5252 12.0 56.0 0.7071 0.0 0.574 0.0 0.22361 991.0 1.4559 12.0 58.0 1.3071 0.0 1.274 0.0 0.14142 991.0 1.5618 11.0 61.0 2.0071 0.0 1.974 0.0 0.14142 990.0 1.6524 11.0 
0.53822 27.12273 54.0 6775.0 0.0 54.0 0.0 -2.0929 0.574 0.0 0.36056 998.0 1.9855 13.0 57.0 0.0 -0.0929 0.0 -0.226 0.3 996.0 1.952 15.0 65.0 1.9071 0.0 0.0 -0.026 0.3 993.0 2.1576 12.0 69.0 3.8071 0.0 0.274 0.0 0.3 991.0 2.2103 11.0 69.0 5.5071 0.0 0.674 0.0 0.22361 989.0 2.0261 11.0 
0.46156 35.39254 56.0 2862.0 0.0 48.0 0.0 -2.1929 1.274 0.0 0.42426 999.0 1.6809 24.0 58.0 0.0 -0.2929 0.0 -0.126 0.44721 997.0 2.1474 20.0 61.0 1.8071 0.0 0.0 -0.726 0.41231 996.0 2.2356 18.0 60.0 3.7071 0.0 0.0 -0.826 0.31623 995.0 2.0427 17.0 59.0 5.3071 0.0 0.0 -1.026 0.2 994.0 1.8713 16.0 
0.39834 44.37868 41.0 170.0 0.0 66.0 0.0 -4.9929 2.074 0.0 0.72801 1002.0 2.5 18.0 75.0 0.0 -0.3929 0.074 0.0 0.8544 1001.0 2.5 21.0 68.0 3.8071 0.0 0.0 -1.126 0.60828 1000.0 2.5 18.0 57.0 6.7071 0.0 0.0 -1.126 0.31623 999.0 2.3703 17.0 49.0 8.5071 0.0 0.0 -0.726 0.3 999.0 1.7517 17.0 
0.57699 21.60552 45.0 464.0 0.0 51.0 0.0 -2.7929 0.174 0.0 0.4 1000.0 2.0435 15.0 57.0 0.0 -0.1929 0.0 -0.026 0.44721 999.0 2.3703 18.0 63.0 2.4071 0.0 0.0 -0.726 0.44721 997.0 2.5 15.0 65.0 4.9071 0.0 0.0 -1.426 0.4 995.0 2.3974 14.0 66.0 7.1071 0.0 0.0 -1.626 0.4 994.0 2.3416 13.0 
0.54689 38.08876 45.0 282.0 0.0 71.0 0.0 -3.5929 1.274 0.0 0.63246 998.0 2.5 18.0 72.0 0.1071 0.0 0.0 -0.326 0.53852 996.0 2.5 15.0 72.0 3.0071 0.0 0.0 -1.226 0.41231 993.0 2.5 16.0 75.0 5.3071 0.0 0.0 -1.526 0.4 989.0 2.3938 14.0 78.0 7.4071 0.0 0.0 -1.526 0.31623 986.0 2.3015 12.0 
0.17279 66.82775 52.0 6053.0 0.0 60.0 0.0 -2.5929 0.0 -0.126 0.4 997.0 2.2981 15.0 70.0 0.0 -0.2929 0.0 -0.526 0.41231 993.0 2.5 12.0 72.0 1.9071 0.0 0.0 -0.926 0.3 991.0 2.4067 11.0 68.0 3.9071 0.0 0.0 -1.226 0.3 992.0 2.249 12.0 63.0 5.6071 0.0 0.0 -1.526 0.3 993.0 2.0269 12.0 
0.2371 42.04636 62.0 4755.0 0.0 53.0 0.0 -1.8929 0.574 0.0 0.36056 996.0 1.6877 11.0 61.0 0.0 -0.1929 0.0 -0.326 0.31623 993.0 1.9003 11.0 71.0 1.4071 0.0 0.0 -0.426 0.2 987.0 1.9803 10.0 84.0 2.8071 0.0 0.0 -0.126 0.22361 977.0 2.0019 8.0 94.0 4.0071 0.0 0.474 0.0 0.22361 970.0 2.0988 7.0 
0.12448 59.28963 37.0 2214.0 0.0 87.0 0.0 -4.6929 4.774 0.0 1.28062 999.0 2.5 11.0 86.0 0.0 -0.0929 0.0 -0.526 0.98995 999.0 2.5 14.0 81.0 4.0071 0.0 0.0 -4.226 0.86023 997.0 2.5 12.0 79.0 7.5071 0.0 0.0 -6.726 0.64031 993.0 2.5 10.0 83.0 10.4071 0.0 0.0 -8.426 0.44721 989.0 2.5 11.0 
0.49843 14.00819 54.0 7439.0 0.0 58.0 0.0 -1.9929 0.0 -0.026 0.4 997.0 2.1474 15.0 62.0 0.0071 0.0 0.0 -0.126 0.3 994.0 2.0664 13.0 63.0 1.8071 0.0 0.174 0.0 0.31623 993.0 2.0269 12.0 66.0 3.5071 0.0 0.874 0.0 0.36056 992.0 2.1186 12.0 67.0 5.1071 0.0 1.574 0.0 0.2 990.0 1.9935 11.0 
0.5252 42.04636 44.0 563.0 0.0 60.0 0.0 -3.5929 0.674 0.0 0.63246 1001.0 2.5 22.0 60.0 0.0 -0.1929 0.0 -0.326 0.5099 1001.0 2.5 20.0 57.0 2.8071 0.0 0.0 -0.826 0.41231 1000.0 2.5 19.0 54.0 5.4071 0.0 0.0 -1.026 0.41231 1000.0 2.291 19.0 47.0 7.6071 0.0 0.0 -1.226 0.3 1001.0 1.8802 20.0 
0.38157 38.08876 42.0 6240.0 0.0 60.0 0.0 -2.4929 1.874 0.0 0.56569 999.0 2.5 14.0 64.0 0.1071 0.0 0.0 -0.326 0.5 998.0 2.5 16.0 73.0 2.9071 0.0 0.0 -1.826 0.5099 995.0 2.5 13.0 76.0 5.7071 0.0 0.0 -2.426 0.5 992.0 2.5 12.0 72.0 8.2071 0.0 0.0 -2.126 0.41231 992.0 2.5 12.0 
0.49198 52.57774 59.0 8768.0 0.0 49.0 0.0 -1.5929 0.0 -1.526 0.36056 999.0 1.7517 13.0 55.0 0.2071 0.0 0.0 -0.426 0.36056 997.0 1.931 16.0 62.0 2.0071 0.0 0.374 0.0 0.2 994.0 2.0664 13.0 65.0 3.7071 0.0 0.674 0.0 0.2 992.0 2.0549 12.0 63.0 5.1071 0.0 0.774 0.0 0.2 991.0 1.8426 11.0 
0.71802 34.02587 42.0 958.0 0.0 61.0 0.0 -2.9929 0.574 0.0 0.53852 998.0 2.5 13.0 70.0 0.2071 0.0 0.0 -0.226 0.60828 996.0 2.5 15.0 74.0 3.3071 0.0 0.0 -0.626 0.4 993.0 2.5 12.0 75.0 5.9071 0.0 0.0 -0.626 0.4 991.0 2.5 11.0 72.0 8.2071 0.0 0.0 -0.326 0.4 991.0 2.4067 11.0 
0.54232 35.39254 47.0 4521.0 0.0 62.0 0.0 -2.6929 1.374 0.0 0.5 995.0 2.1812 11.0 70.0 0.0 -0.2929 0.0 -0.126 0.44721 992.0 2.3832 11.0 82.0 2.2071 0.0 0.0 -0.926 0.41231 986.0 2.5 10.0 90.0 4.5071 0.0 0.0 -1.526 0.4 980.0 2.5 9.0 99.0 6.6071 0.0 0.0 -1.926 0.4 970.0 2.328 7.0 
0.48734 28.83574 38.0 7067.0 0.0 63.0 0.0 -4.1929 0.974 0.0 0.70711 998.0 2.5 13.0 79.0 0.0 -0.1929 0.174 0.0 0.72801 996.0 2.5 11.0 84.0 3.9071 0.0 0.0 -1.026 0.67082 993.0 2.5 13.0 86.0 7.1071 0.0 0.0 -2.426 0.44721 988.0 2.5 10.0 85.0 9.6071 0.0 0.0 -3.426 0.36056 985.0 2.5 9.0 
0.44788 32.98146 61.0 147.0 0.0 55.0 0.0 -2.2929 0.274 0.0 0.41231 998.0 2.0598 18.0 56.0 0.0 -0.1929 0.0 -0.226 0.31623 996.0 1.8841 17.0 59.0 1.5071 0.0 0.0 -0.326 0.2 994.0 1.8713 17.0 60.0 2.8071 0.0 0.0 -0.026 0.22361 992.0 1.7509 15.0 59.0 3.9071 0.0 0.274 0.0 0.22361 991.0 1.6161 15.0 
0.58152 25.57494 44.0 5260.0 0.0 72.0 0.0 -3.4929 1.374 0.0 0.67082 997.0 2.5 13.0 71.0 0.0 -0.1929 0.0 -0.126 0.53852 994.0 2.5 11.0 77.0 2.7071 0.0 0.0 -1.226 0.44721 991.0 2.5 12.0 83.0 5.2071 0.0 0.0 -2.126 0.41231 985.0 2.5 10.0 94.0 7.4071 0.0 0.0 -2.826 0.36056 976.0 2.4391 8.0 
0.60635 2.99167 49.0 3395.0 0.0 57.0 0.0 -1.9929 0.0 -0.226 0.4 998.0 2.2123 17.0 61.0 0.0071 0.0 0.0 -0.026 0.41231 995.0 2.1114 14.0 69.0 2.1071 0.0 0.274 0.0 0.4 992.0 2.3156 12.0 71.0 4.4071 0.0 0.274 0.0 0.3 991.0 2.3403 12.0 66.0 6.4071 0.0 0.074 0.0 0.31623 992.0 2.1186 12.0 
0.59002 14.00819 50.0 6765.0 0.0 54.0 0.0 -2.8929 0.0 -0.926 0.60828 1001.0 2.4819 18.0 51.0 0.0071 0.0 0.0 -0.126 0.44721 1000.0 2.0435 16.0 52.0 2.4071 0.0 0.674 0.0 0.41231 1000.0 2.1245 19.0 53.0 4.6071 0.0 0.774 0.0 0.41231 998.0 1.9127 17.0 51.0 6.4071 0.0 0.574 0.0 0.2 997.0 1.6604 16.0 
0.73637 8.25172 47.0 5215.0 0.0 68.0 0.0 -2.4929 0.074 0.0 0.41231 996.0 2.5 15.0 70.0 0.0071 0.0 0.074 0.0 0.41231 993.0 2.5 12.0 76.0 2.4071 0.0 0.674 0.0 0.41231 990.0 2.5 11.0 81.0 4.6071 0.0 1.674 0.0 0.5 987.0 2.5 10.0 82.0 6.7071 0.0 2.874 0.0 0.36056 985.0 2.4528 9.0 
0.67978 27.7603 47.0 2090.0 0.0 58.0 0.0 -1.8929 0.0 -1.226 0.44721 997.0 2.1474 15.0 65.0 0.1071 0.0 0.0 -0.226 0.31623 994.0 2.2712 13.0 66.0 2.2071 0.0 0.174 0.0 0.31623 994.0 2.3416 12.0 68.0 4.4071 0.0 0.0 -0.026 0.4 994.0 2.4857 13.0 65.0 6.6071 0.0 0.0 -0.026 0.4 994.0 2.2712 13.0 
0.51951 12.23339 67.0 7971.0 0.0 61.0 0.0 -1.0929 0.0 -0.126 0.2 992.0 1.8098 12.0 64.0 0.1071 0.0 0.0 -0.026 0.2 989.0 1.7431 11.0 64.0 1.2071 0.0 0.474 0.0 0.22361 989.0 1.7431 11.0 66.0 2.2071 0.0 1.074 0.0 0.22361 988.0 1.7796 10.0 70.0 3.2071 0.0 1.774 0.0 0.22361 986.0 1.8536 10.0 
0.66152 2.99167 71.0 6085.0 0.0 61.0 0.0 -0.7929 0.0 -0.626 0.22361 989.0 1.5836 11.0 71.0 0.0071 0.0 0.0 -0.026 0.22361 983.0 1.7162 9.0 72.0 0.7071 0.0 0.474 0.0 0.22361 982.0 1.708 9.0 83.0 1.5071 0.0 0.974 0.0 0.14142 975.0 1.8516 8.0 90.0 2.4071 0.0 1.574 0.0 0.14142 970.0 1.924 7.0 
0.43837 53.71602 44.0 7136.0 0.0 55.0 0.0 -1.7929 3.074 0.0 0.5 999.0 2.2069 12.0 63.0 0.3071 0.0 0.374 0.0 0.56569 998.0 2.5 13.0 68.0 2.7071 0.0 0.0 -1.926 0.5 995.0 2.5 11.0 75.0 5.1071 0.0 0.0 -3.626 0.5 991.0 2.5 12.0 85.0 7.5071 0.0 0.0 -4.826 0.44721 985.0 2.5 10.0 
0.40692 30.42421 58.0 4042.0 0.0 63.0 0.0 -1.6929 1.574 0.0 0.36056 994.0 2.1336 13.0 68.0 0.0071 0.0 0.274 0.0 0.36056 992.0 2.249 12.0 70.0 1.7071 0.0 0.0 -0.926 0.36056 991.0 2.2749 11.0 71.0 3.4071 0.0 0.0 -1.726 0.22361 989.0 2.1453 11.0 70.0 4.9071 0.0 0.0 -1.926 0.3 988.0 2.0019 10.0 
0.46761 53.94034 39.0 1003.0 0.0 64.0 0.0 -3.1929 4.074 0.0 0.86023 1001.0 2.5 15.0 68.0 0.1071 0.0 0.474 0.0 0.78102 1000.0 2.5 16.0 68.0 3.5071 0.0 0.0 -2.426 0.78102 999.0 2.5 14.0 68.0 6.7071 0.0 0.0 -4.726 0.64031 998.0 2.5 15.0 66.0 9.5071 0.0 0.0 -6.426 0.53852 996.0 2.5 13.0 
0.54754 113.60601 40.0 1005.0 0.0 60.0 0.0 -1.8929 4.174 0.0 0.72111 999.0 2.5 12.0 68.0 0.9071 0.0 0.474 0.0 0.78102 998.0 2.5 11.0 70.0 3.9071 0.0 0.0 -2.826 0.78102 998.0 2.5 13.0 69.0 6.6071 0.0 0.0 -5.526 0.56569 995.0 2.5 11.0 69.0 8.8071 0.0 0.0 -7.226 0.44721 990.0 2.1142 9.0 
0.3199 56.88427 48.0 1008.0 0.0 61.0 0.0 -1.7929 3.274 0.0 0.72111 1000.0 2.5 16.0 59.0 0.5071 0.0 0.074 0.0 0.64031 999.0 2.5 14.0 59.0 2.7071 0.0 0.0 -2.326 0.42426 998.0 2.3703 13.0 63.0 4.8071 0.0 0.0 -4.026 0.5 996.0 2.3846 14.0 66.0 6.7071 0.0 0.0 -5.126 0.36056 993.0 2.2245 12.0 
0.29554 124.78821 45.0 1016.0 0.0 64.0 0.0 -1.8929 4.774 0.0 0.80623 1001.0 2.5 13.0 62.0 0.7071 0.0 0.874 0.0 0.72111 1000.0 2.5 12.0 60.0 3.2071 0.0 0.0 -2.226 0.64031 999.0 2.5 13.0 60.0 5.4071 0.0 0.0 -4.726 0.56569 998.0 2.4513 13.0 59.0 7.3071 0.0 0.0 -6.726 0.42426 996.0 2.0914 11.0 
0.34751 32.65484 38.0 1019.0 0.0 71.0 0.0 -3.6929 4.074 0.0 0.98995 1002.0 2.5 19.0 69.0 0.1071 0.0 0.274 0.0 0.84853 1001.0 2.5 17.0 67.0 3.6071 0.0 0.0 -2.826 0.70711 1000.0 2.5 15.0 68.0 6.8071 0.0 0.0 -5.526 0.64031 999.0 2.5 18.0 72.0 9.8071 0.0 0.0 -7.726 0.5831 997.0 2.5 15.0 
0.39102 27.7603 37.0 1020.0 0.0 83.0 0.0 -4.2929 2.974 0.0 1.0 998.0 2.5 14.0 83.0 0.1071 0.0 0.0 -0.226 0.86023 996.0 2.5 12.0 85.0 4.0071 0.0 0.0 -2.526 0.76158 993.0 2.5 13.0 87.0 7.5071 0.0 0.0 -3.826 0.5099 989.0 2.5 11.0 84.0 10.2071 0.0 0.0 -4.126 0.41231 986.0 2.5 10.0 
0.55743 22.67945 41.0 106.0 0.0 59.0 0.0 -3.0929 1.974 0.0 0.67082 1001.0 2.5 17.0 61.0 0.1071 0.0 0.174 0.0 0.63246 999.0 2.5 15.0 62.0 3.2071 0.0 0.0 -1.126 0.44721 998.0 2.5 13.0 64.0 5.9071 0.0 0.0 -1.826 0.4 996.0 2.4609 15.0 69.0 8.3071 0.0 0.0 -1.926 0.41231 993.0 2.4314 12.0 
0.537 2.99167 47.0 110.0 0.0 54.0 0.0 -2.9929 0.974 0.0 0.53852 1001.0 2.4819 17.0 58.0 0.0071 0.0 0.0 -0.026 0.53852 1000.0 2.5 20.0 57.0 2.7071 0.0 0.0 -0.426 0.4 999.0 2.3703 17.0 55.0 4.9071 0.0 0.0 -0.226 0.36056 998.0 2.0598 16.0 54.0 6.8071 0.0 0.574 0.0 0.36056 998.0 1.9855 16.0 
0.1695 35.39254 47.0 1121.0 0.0 54.0 0.0 -2.6929 2.474 0.0 0.64031 1001.0 2.4819 18.0 54.0 0.0 -0.2929 0.0 -0.126 0.5 1000.0 2.291 16.0 56.0 2.1071 0.0 0.0 -2.126 0.5 999.0 2.2879 15.0 57.0 4.4071 0.0 0.0 -3.626 0.5 998.0 2.2123 15.0 60.0 6.6071 0.0 0.0 -4.526 0.41231 996.0 2.1629 14.0 
0.42157 65.40589 63.0 1133.0 0.0 41.0 0.0 -0.6929 0.0 -1.126 0.22361 1000.0 1.3207 25.0 44.0 0.4071 0.0 0.0 -0.426 0.22361 999.0 1.4124 22.0 46.0 1.3071 0.0 0.574 0.0 0.28284 998.0 1.4408 21.0 48.0 2.3071 0.0 1.774 0.0 0.28284 998.0 1.5688 21.0 51.0 3.5071 0.0 3.074 0.0 0.28284 998.0 1.7711 21.0 
0.22291 97.8178 52.0 1140.0 0.0 42.0 0.0 -1.1929 0.0 -1.526 0.22361 1001.0 1.5014 21.0 47.0 0.3071 0.0 0.0 -0.826 0.31623 999.0 1.6116 18.0 52.0 1.9071 0.0 0.0 -0.326 0.3 998.0 1.8412 16.0 55.0 3.6071 0.0 0.0 -0.226 0.3 997.0 1.931 15.0 57.0 5.4071 0.0 0.0 -0.326 0.31623 996.0 1.952 14.0 
0.19391 111.23875 50.0 1142.0 0.0 50.0 0.0071 0.0 0.0 -1.526 0.28284 995.0 1.4186 14.0 62.0 0.9071 0.0 0.0 -0.426 0.28284 991.0 1.7846 12.0 68.0 1.9071 0.0 1.174 0.0 0.28284 990.0 2.0534 11.0 77.0 3.3071 0.0 2.774 0.0 0.36056 987.0 2.3291 10.0 84.0 5.2071 0.0 4.274 0.0 0.44721 985.0 2.5 9.0 
0.13408 65.59587 94.0 1148.0 0.0 45.0 0.0 -1.8929 0.574 0.0 0.31623 998.0 1.3789 14.0 50.0 0.0 -0.4929 0.0 -0.326 0.28284 996.0 1.502 16.0 55.0 0.7071 0.0 0.0 -1.226 0.22361 993.0 1.5448 13.0 61.0 1.7071 0.0 0.0 -1.826 0.14142 990.0 1.6524 14.0 60.0 2.5071 0.0 0.0 -2.226 0.1 989.0 1.5321 14.0 
0.12636 103.4712 315.0 1159.0 0.0 68.0 0.0 -2.7929 0.0 -0.026 0.53852 996.0 2.5 12.0 71.0 0.1071 0.0 0.0 -0.926 0.41231 994.0 2.5 13.0 76.0 2.6071 0.0 0.0 -0.826 0.41231 990.0 2.5 11.0 82.0 4.8071 0.0 0.174 0.0 0.44721 986.0 2.5 10.0 83.0 6.9071 0.0 1.374 0.0 0.31623 984.0 2.4263 9.0 
0.15858 164.60991 39.0 1175.0 0.0 52.0 0.0 -2.4929 0.0 -1.926 0.5 1001.0 2.3015 22.0 58.0 0.4071 0.0 0.0 -1.426 0.5099 1000.0 2.5 19.0 64.0 3.5071 0.0 0.0 -0.426 0.5099 999.0 2.5 17.0 63.0 6.5071 0.0 0.274 0.0 0.5099 999.0 2.5 17.0 58.0 9.3071 0.0 0.774 0.0 0.41231 999.0 2.4542 17.0 
0.31698 122.33723 47.0 1184.0 0.0 42.0 0.0 -0.5929 0.0 -2.226 0.36056 1001.0 1.5014 22.0 46.0 0.9071 0.0 0.0 -0.626 0.42426 1001.0 1.801 21.0 50.0 2.5071 0.0 1.374 0.0 0.5 1001.0 2.1279 21.0 51.0 4.5071 0.0 3.474 0.0 0.36056 1001.0 2.2138 21.0 48.0 6.6071 0.0 4.874 0.0 0.42426 1001.0 1.961 22.0 
0.30729 13.18352 74.0 1186.0 0.0 47.0 0.0 -1.2929 0.0 -0.526 0.22361 998.0 1.5041 12.0 50.0 0.0 -0.0929 0.074 0.0 0.14142 996.0 1.502 11.0 51.0 0.9071 0.0 0.674 0.0 0.22361 996.0 1.5627 10.0 54.0 2.0071 0.0 1.174 0.0 0.22361 995.0 1.6546 10.0 55.0 3.3071 0.0 1.874 0.0 0.22361 995.0 1.7165 10.0 
0.1195 173.18157 41.0 119.0 0.0 64.0 0.0 -1.0929 4.474 0.0 0.80623 1000.0 2.5 16.0 65.0 1.4071 0.0 0.674 0.0 0.70711 999.0 2.5 15.0 64.0 4.0071 0.0 0.0 -2.426 0.56569 997.0 2.5 13.0 64.0 6.4071 0.0 0.0 -4.626 0.56569 996.0 2.4609 16.0 66.0 8.6071 0.0 0.0 -6.426 0.44721 994.0 2.3416 14.0 
0.32977 128.67033 41.0 1202.0 0.0 72.0 0.0 -1.5929 3.874 0.0 0.72111 995.0 2.5 12.0 77.0 1.0071 0.0 0.574 0.0 0.64031 993.0 2.5 13.0 84.0 3.6071 0.0 0.0 -1.926 0.5 986.0 2.5 11.0 98.0 6.1071 0.0 0.0 -3.526 0.53852 978.0 2.5 10.0 112.0 8.7071 0.0 0.0 -4.526 0.44721 966.0 2.5 9.0 
0.23904 140.98863 41.0 1215.0 0.0 66.0 0.0 -2.0929 3.874 0.0 0.78102 999.0 2.5 15.0 68.0 1.0071 0.0 0.774 0.0 0.70711 998.0 2.5 14.0 69.0 3.9071 0.0 0.0 -2.026 0.64031 995.0 2.5 12.0 71.0 6.4071 0.0 0.0 -4.426 0.56569 993.0 2.5 14.0 79.0 8.5071 0.0 0.0 -6.626 0.56569 987.0 2.4517 11.0 
0.22619 112.49216 92.0 1231.0 0.0 47.0 0.0 -0.7929 0.0 -1.726 0.31623 1000.0 1.7355 19.0 47.0 0.7071 0.0 0.0 -0.726 0.28284 999.0 1.6116 17.0 46.0 1.7071 0.0 0.474 0.0 0.28284 999.0 1.5437 17.0 45.0 2.5071 0.0 1.774 0.0 0.22361 999.0 1.4773 17.0 45.0 3.1071 0.0 3.074 0.0 0.22361 999.0 1.4773 17.0 
0.23166 59.28963 51.0 1257.0 0.0 54.0 0.0 -2.1929 0.674 0.0 0.44721 997.0 1.8615 14.0 55.0 0.0 -0.0929 0.0 -0.526 0.31623 996.0 1.8174 16.0 60.0 1.8071 0.0 0.0 -1.226 0.36056 993.0 1.8385 14.0 69.0 3.5071 0.0 0.0 -1.826 0.31623 989.0 2.0261 14.0 83.0 5.3071 0.0 0.0 -2.526 0.31623 982.0 2.2698 11.0 
0.30061 25.57494 51.0 1287.0 0.0 44.0 0.0 -2.1929 0.774 0.0 0.31623 1001.0 1.6478 13.0 45.0 0.0 -0.1929 0.0 -0.126 0.36056 1000.0 1.591 16.0 48.0 1.8071 0.0 0.0 -1.126 0.31623 999.0 1.6809 15.0 53.0 3.8071 0.0 0.0 -1.926 0.31623 998.0 1.9127 13.0 57.0 5.7071 0.0 0.0 -2.426 0.31623 996.0 1.952 15.0 
0.11791 127.08247 64.0 1300.0 0.0 48.0 0.0 -0.7929 0.0 -1.426 0.1 996.0 1.3843 13.0 57.0 0.2071 0.0 0.0 -1.126 0.2 992.0 1.5802 12.0 64.0 1.3071 0.0 0.0 -0.826 0.2 989.0 1.7431 11.0 67.0 2.4071 0.0 0.0 -0.726 0.2 988.0 1.834 10.0 70.0 3.6071 0.0 0.0 -0.826 0.3 986.0 1.8536 10.0 
0.2519 32.98146 50.0 1303.0 0.0 45.0 0.0 -2.3929 0.974 0.0 0.44721 1001.0 1.7236 18.0 47.0 0.0 -0.1929 0.0 -0.226 0.36056 1001.0 1.8802 17.0 49.0 1.9071 0.0 0.0 -1.226 0.31623 1000.0 1.8864 15.0 52.0 4.0071 0.0 0.0 -1.626 0.3 998.0 1.8412 13.0 57.0 5.9071 0.0 0.0 -1.526 0.3 996.0 1.952 15.0 
0.08124 129.55114 58.0 1308.0 0.0 59.0 0.0 -1.4929 0.0 -1.726 0.31623 996.0 2.0914 15.0 65.0 0.3071 0.0 0.0 -1.126 0.31623 992.0 2.0549 12.0 66.0 1.8071 0.0 0.0 -0.426 0.28284 990.0 1.9344 11.0 67.0 3.1071 0.0 0.274 0.0 0.22361 989.0 1.9104 11.0 70.0 4.5071 0.0 0.774 0.0 0.2 988.0 2.0019 10.0 
0.16519 203.72254 40.0 1344.0 0.0 69.0 0.0 -1.0929 5.174 0.0 0.9434 1000.0 2.5 18.0 67.0 1.7071 0.0 0.674 0.0 0.80623 999.0 2.5 16.0 62.0 3.9071 0.0 0.0 -3.126 0.5831 998.0 2.5 15.0 59.0 5.7071 0.0 0.0 -6.026 0.5831 997.0 2.2221 13.0 60.0 7.3071 0.0 0.0 -8.326 0.36056 995.0 2.0427 15.0 
0.2416 41.06496 46.0 1349.0 0.0 53.0 0.0 -2.9929 1.674 0.0 0.64031 1002.0 2.5 18.0 54.0 0.0 -0.2929 0.0 -0.226 0.5831 1001.0 2.4819 17.0 54.0 2.3071 0.0 0.0 -1.726 0.44721 1000.0 2.291 15.0 56.0 4.7071 0.0 0.0 -2.926 0.36056 999.0 2.2879 17.0 58.0 6.8071 0.0 0.0 -3.726 0.31623 997.0 2.1474 15.0 
0.42655 12.23339 50.0 1353.0 0.0 53.0 0.0 -2.1929 1.874 0.0 0.56569 1000.0 2.207 12.0 51.0 0.1071 0.0 0.0 -0.026 0.44721 1000.0 2.0435 16.0 52.0 2.2071 0.0 0.0 -1.426 0.36056 998.0 1.8412 14.0 54.0 4.1071 0.0 0.0 -2.526 0.36056 996.0 1.752 12.0 61.0 5.9071 0.0 0.0 -3.326 0.31623 994.0 2.0003 13.0 
0.17802 86.89722 55.0 1409.0 0.0 52.0 0.0 -2.5929 0.474 0.0 0.44721 1001.0 2.3015 18.0 49.0 0.0 -0.2929 0.0 -0.726 0.41231 1000.0 1.8864 21.0 52.0 1.9071 0.0 0.0 -1.026 0.31623 999.0 1.9727 18.0 52.0 3.9071 0.0 0.0 -0.526 0.28284 998.0 1.8412 17.0 50.0 5.4071 0.0 0.274 0.0 0.31623 998.0 1.7023 16.0 
0.20128 48.39733 61.0 1412.0 0.0 59.0 0.0 -2.8929 1.074 0.0 0.5831 1000.0 2.5 11.0 55.0 0.0 -0.0929 0.0 -0.426 0.41231 999.0 2.2069 10.0 55.0 2.2071 0.0 0.0 -0.926 0.3 998.0 2.0598 12.0 57.0 4.0071 0.0 0.0 -0.526 0.22361 995.0 1.8436 10.0 60.0 5.2071 0.0 0.474 0.0 0.28284 993.0 1.8385 9.0 
0.47967 112.1609 40.0 1417.0 0.0 67.0 0.0 -2.6929 4.474 0.0 0.84853 1000.0 2.5 12.0 65.0 0.5071 0.0 0.874 0.0 0.78102 999.0 2.5 11.0 66.0 3.6071 0.0 0.0 -2.226 0.70711 998.0 2.5 10.0 66.0 6.5071 0.0 0.0 -4.726 0.64031 997.0 2.5 13.0 67.0 9.1071 0.0 0.0 -6.526 0.5 994.0 2.4131 11.0 
0.17404 62.18838 50.0 1429.0 0.0 49.0 0.0 -2.3929 0.874 0.0 0.5 1002.0 2.2294 19.0 45.0 0.0 -0.1929 0.0 -0.526 0.44721 1001.0 1.7236 18.0 46.0 1.8071 0.0 0.0 -1.626 0.31623 1001.0 1.801 21.0 50.0 3.7071 0.0 0.0 -2.426 0.41231 1000.0 1.9642 18.0 54.0 5.7071 0.0 0.0 -3.026 0.3 998.0 1.9855 16.0 
0.34775 27.12273 50.0 1433.0 0.0 53.0 0.0 -1.8929 0.774 0.0 0.36056 998.0 1.9127 13.0 58.0 0.0 -0.0929 0.0 -0.226 0.31623 996.0 2.0211 14.0 65.0 1.9071 0.0 0.0 -0.626 0.3 993.0 2.1576 12.0 71.0 3.8071 0.0 0.0 -0.426 0.41231 990.0 2.2386 11.0 77.0 5.8071 0.0 0.074 0.0 0.31623 987.0 2.3291 10.0 
0.26439 32.65484 43.0 1453.0 0.0 56.0 0.0 -1.9929 2.774 0.0 0.64031 1001.0 2.5 17.0 52.0 0.1071 0.0 0.274 0.0 0.56569 1000.0 2.1245 16.0 56.0 2.4071 0.0 0.0 -1.726 0.5 999.0 2.2879 17.0 63.0 5.0071 0.0 0.0 -3.226 0.5 998.0 2.5 16.0 64.0 7.7071 0.0 0.0 -4.826 0.5 997.0 2.5 16.0 
0.20932 148.01451 40.0 1466.0 0.0 70.0 0.0 -2.3929 4.474 0.0 0.84853 1001.0 2.5 15.0 67.0 1.0071 0.0 0.874 0.0 0.78102 1001.0 2.5 16.0 67.0 4.1071 0.0 0.0 -2.426 0.70711 999.0 2.5 14.0 66.0 6.7071 0.0 0.0 -5.326 0.56569 998.0 2.5 13.0 66.0 8.8071 0.0 0.0 -7.526 0.5 996.0 2.5 14.0 
0.64157 57.41677 42.0 148.0 0.0 73.0 0.0 -3.3929 2.874 0.0 0.80623 998.0 2.5 13.0 75.0 0.2071 0.0 0.474 0.0 0.67082 997.0 2.5 15.0 75.0 3.3071 0.0 0.0 -1.226 0.53852 994.0 2.5 13.0 76.0 6.0071 0.0 0.0 -2.426 0.44721 991.0 2.5 12.0 74.0 8.2071 0.0 0.0 -3.326 0.41231 990.0 2.4318 11.0 
0.07592 59.28963 40.0 1493.0 0.0 64.0 0.0 -3.2929 2.274 0.0 0.70711 1000.0 2.5 11.0 66.0 0.0 -0.0929 0.0 -0.526 0.72111 998.0 2.5 10.0 69.0 3.1071 0.0 0.0 -3.026 0.72111 997.0 2.5 13.0 73.0 6.2071 0.0 0.0 -5.126 0.5831 994.0 2.5 11.0 78.0 8.9071 0.0 0.0 -6.726 0.53852 990.0 2.5 10.0 
0.25037 36.19458 38.0 149.0 0.0 73.0 0.0 -3.8929 2.474 0.0 0.78102 997.0 2.5 11.0 84.0 0.0071 0.0 0.0 -0.326 0.80623 994.0 2.5 11.0 86.0 3.9071 0.0 0.0 -2.326 0.63246 990.0 2.5 10.0 91.0 7.1071 0.0 0.0 -3.226 0.41231 983.0 2.5 9.0 99.0 9.5071 0.0 0.0 -3.626 0.4 973.0 2.5 7.0 
0.11095 153.45992 44.0 1515.0 0.0 65.0 0.0 -1.1929 3.674 0.0 0.64031 997.0 2.5 13.0 68.0 1.2071 0.0 0.674 0.0 0.56569 995.0 2.5 11.0 72.0 3.4071 0.0 0.0 -1.826 0.5 992.0 2.5 13.0 81.0 5.5071 0.0 0.0 -3.626 0.36056 986.0 2.4819 13.0 93.0 7.5071 0.0 0.0 -4.826 0.36056 977.0 2.4538 10.0 
0.34697 115.85159 36.0 151.0 0.0 69.0 0.0 -2.0929 5.374 0.0 1.02956 1001.0 2.5 18.0 74.0 1.0071 0.0 0.274 0.0 0.9434 1000.0 2.5 16.0 73.0 4.5071 0.0 0.0 -3.626 0.86023 1000.0 2.5 15.0 69.0 8.0071 0.0 0.0 -6.226 0.64031 998.0 2.5 13.0 67.0 10.7071 0.0 0.0 -8.226 0.42426 996.0 2.5 15.0 
0.45098 2.99167 73.0 1539.0 0.0 58.0 0.0 -1.3929 0.674 0.0 0.31623 995.0 1.9088 14.0 59.0 0.0071 0.0 0.0 -0.026 0.3 993.0 1.7777 12.0 58.0 1.2071 0.0 0.0 -0.026 0.22361 993.0 1.7179 12.0 59.0 2.4071 0.0 0.374 0.0 0.1 992.0 1.693 12.0 62.0 3.4071 0.0 0.874 0.0 0.2 991.0 1.7846 11.0 
0.22065 149.12413 41.0 1540.0 0.0 72.0 0.0 -2.5929 4.874 0.0 0.92195 1001.0 2.5 17.0 67.0 0.8071 0.0 1.074 0.0 0.78102 1000.0 2.5 16.0 64.0 3.6071 0.0 0.0 -2.026 0.56569 1000.0 2.5 18.0 65.0 6.2071 0.0 0.0 -4.126 0.5 998.0 2.5 16.0 61.0 8.6071 0.0 0.0 -5.326 0.4 997.0 2.3753 15.0 
0.2262 25.09838 59.0 1553.0 0.0 49.0 0.0 -1.4929 0.974 0.0 0.36056 997.0 1.5327 10.0 52.0 0.0071 0.0 0.0 -0.226 0.22361 996.0 1.6246 12.0 57.0 1.3071 0.0 0.0 -0.726 0.31623 992.0 1.5802 10.0 71.0 2.7071 0.0 0.0 -0.726 0.22361 986.0 1.9069 10.0 88.0 4.1071 0.0 0.0 -0.126 0.22361 975.0 2.0815 8.0 
0.30052 155.51597 40.0 1579.0 0.0 77.0 0.0 -2.4929 5.774 0.0 1.0 1001.0 2.5 12.0 73.0 1.0071 0.0 0.974 0.0 0.86023 1000.0 2.5 16.0 69.0 4.0071 0.0 0.0 -2.926 0.72111 999.0 2.5 14.0 68.0 6.6071 0.0 0.0 -6.226 0.64031 997.0 2.5 12.0 69.0 8.7071 0.0 0.0 -9.026 0.5831 996.0 2.5 14.0 
0.21329 48.64617 51.0 157.0 0.0 49.0 0.0 -2.6929 1.174 0.0 0.5 1001.0 2.0436 18.0 52.0 0.0 -0.2929 0.0 -0.326 0.44721 1000.0 2.1245 16.0 53.0 2.1071 0.0 0.0 -1.526 0.44721 999.0 2.0493 14.0 54.0 4.3071 0.0 0.0 -2.326 0.31623 998.0 1.9855 17.0 57.0 6.0071 0.0 0.0 -2.526 0.3 995.0 1.8436 14.0 
0.48418 34.02587 57.0 1589.0 0.0 42.0 0.0 -0.6929 0.0 -1.226 0.14142 999.0 1.2869 18.0 48.0 0.2071 0.0 0.0 -0.226 0.22361 998.0 1.5688 16.0 51.0 1.2071 0.0 0.874 0.0 0.22361 997.0 1.6604 15.0 54.0 2.2071 0.0 2.174 0.0 0.28284 996.0 1.752 14.0 56.0 3.4071 0.0 3.474 0.0 0.28284 996.0 1.8841 14.0 
0.22909 117.18921 54.0 1591.0 0.0 44.0 0.0 -0.9929 0.0 -1.926 0.31623 999.0 1.4124 14.0 50.0 0.5071 0.0 0.0 -0.926 0.22361 997.0 1.5959 14.0 59.0 2.0071 0.0 0.074 0.0 0.28284 994.0 1.8713 13.0 64.0 3.3071 0.0 1.274 0.0 0.36056 992.0 1.9922 12.0 68.0 4.7071 0.0 2.374 0.0 0.28284 989.0 1.9678 11.0 
0.44222 2.99167 80.0 1597.0 0.0 42.0 0.0 -0.5929 0.0 -0.326 0.1 997.0 1.1261 15.0 49.0 0.0071 0.0 0.0 -0.026 0.14142 995.0 1.3624 14.0 53.0 0.7071 0.0 0.674 0.0 0.14142 994.0 1.51 13.0 56.0 1.3071 0.0 1.574 0.0 0.22361 993.0 1.6015 12.0 60.0 2.0071 0.0 2.674 0.0 0.22361 991.0 1.6713 11.0 
0.25946 51.90795 49.0 1604.0 0.0 49.0 0.0 -2.5929 0.374 0.0 0.44721 1000.0 1.8864 16.0 53.0 0.0 -0.1929 0.0 -0.426 0.41231 999.0 2.0493 14.0 55.0 2.1071 0.0 0.0 -0.926 0.31623 997.0 1.931 13.0 60.0 4.1071 0.0 0.0 -1.426 0.41231 995.0 2.0427 14.0 66.0 6.0071 0.0 0.0 -1.826 0.41231 992.0 2.1186 12.0 
0.42172 14.4498 60.0 1649.0 0.0 55.0 0.0 -1.7929 0.874 0.0 0.36056 999.0 2.2069 17.0 56.0 0.1071 0.0 0.074 0.0 0.3 997.0 2.0019 15.0 57.0 1.9071 0.0 0.0 -0.026 0.31623 996.0 1.952 14.0 59.0 3.5071 0.0 0.474 0.0 0.36056 995.0 1.9752 13.0 59.0 4.9071 0.0 1.274 0.0 0.28284 994.0 1.8713 13.0 
0.15907 113.37695 55.0 1656.0 0.0 47.0 0.0 -0.1929 0.0 -1.426 0.22361 997.0 1.4101 15.0 56.0 0.8071 0.0 0.0 -0.626 0.22361 994.0 1.6858 13.0 59.0 2.1071 0.0 0.074 0.0 0.22361 993.0 1.7777 12.0 63.0 3.5071 0.0 0.374 0.0 0.2 992.0 1.9304 12.0 66.0 5.0071 0.0 0.274 0.0 0.31623 990.0 1.9344 11.0 
0.42204 18.35579 72.0 1664.0 0.0 40.0 0.0 -0.4929 0.0 -0.926 0.22361 999.0 1.1673 23.0 42.0 0.1071 0.0 0.0 -0.126 0.14142 998.0 1.2011 21.0 44.0 0.9071 0.0 0.574 0.0 0.14142 998.0 1.3183 20.0 46.0 1.8071 0.0 1.274 0.0 0.14142 997.0 1.3508 20.0 47.0 2.7071 0.0 1.874 0.0 0.1 997.0 1.4101 19.0 
0.25927 35.39254 64.0 1671.0 0.0 62.0 0.0 -2.1929 1.574 0.0 0.56569 997.0 2.4538 12.0 63.0 0.0 -0.2929 0.0 -0.126 0.36056 994.0 2.1336 13.0 66.0 1.4071 0.0 0.0 -0.926 0.3 991.0 2.0223 11.0 67.0 2.9071 0.0 0.0 -1.026 0.2 990.0 1.9935 11.0 69.0 4.2071 0.0 0.0 -0.926 0.3 987.0 1.8703 10.0 
0.17108 160.49796 51.0 1673.0 0.0 49.0 0.0 -0.4929 0.0 -1.926 0.22361 996.0 1.4425 16.0 59.0 0.9071 0.0 0.0 -1.126 0.31623 994.0 1.8713 17.0 69.0 2.5071 0.0 0.0 -0.226 0.36056 990.0 2.1142 14.0 75.0 4.2071 0.0 0.774 0.0 0.31623 987.0 2.2097 13.0 80.0 5.8071 0.0 1.474 0.0 0.31623 982.0 2.1086 12.0 
0.23842 120.49951 65.0 1680.0 0.0 44.0 0.0071 0.0 0.0 -2.126 0.22361 998.0 1.3183 17.0 55.0 0.8071 0.0 0.0 -0.726 0.36056 995.0 1.7165 14.0 62.0 1.8071 0.0 1.074 0.0 0.31623 993.0 1.9631 12.0 66.0 2.6071 0.0 2.774 0.0 0.31623 991.0 2.0223 11.0 69.0 3.4071 0.0 4.374 0.0 0.22361 988.0 1.9451 10.0 
0.75058 14.4498 51.0 1685.0 0.0 69.0 0.0 -3.1929 1.074 0.0 0.63246 998.0 2.5 13.0 68.0 0.1071 0.0 0.074 0.0 0.41231 995.0 2.5 11.0 71.0 2.5071 0.0 0.0 -0.726 0.41231 991.0 2.3403 12.0 76.0 4.5071 0.0 0.0 -1.326 0.31623 986.0 2.185 10.0 87.0 6.1071 0.0 0.0 -1.826 0.3 977.0 2.1474 8.0 
0.10916 137.76019 45.0 1687.0 0.0 68.0 0.0 -3.9929 0.0 -1.126 0.7 998.0 2.5 14.0 71.0 0.0 -0.1929 0.0 -1.226 0.5 996.0 2.5 12.0 71.0 2.8071 0.0 0.0 -1.226 0.5 994.0 2.5 13.0 78.0 5.3071 0.0 0.0 -1.326 0.3 987.0 2.39 10.0 85.0 7.3071 0.0 0.0 -1.326 0.3 981.0 2.3061 9.0 
0.17057 37.62661 67.0 1699.0 0.0 47.0 0.0 -1.8929 0.374 0.0 0.31623 1000.0 1.7355 11.0 47.0 0.0 -0.0929 0.0 -0.326 0.31623 999.0 1.6116 14.0 48.0 1.3071 0.0 0.0 -0.726 0.2 997.0 1.4708 12.0 51.0 2.5071 0.0 0.0 -0.826 0.2 996.0 1.5627 11.0 56.0 3.6071 0.0 0.0 -0.826 0.2 994.0 1.6858 9.0 
0.43984 25.09838 60.0 1713.0 0.0 52.0 0.0 -2.3929 0.374 0.0 0.5099 1000.0 2.1245 16.0 52.0 0.0071 0.0 0.0 -0.226 0.41231 1000.0 2.1245 19.0 54.0 2.1071 0.0 0.0 -0.726 0.31623 998.0 1.9855 16.0 54.0 3.8071 0.0 0.0 -1.226 0.3 997.0 1.8615 15.0 54.0 5.2071 0.0 0.0 -1.426 0.2 996.0 1.752 14.0 
0.24662 27.12273 54.0 1715.0 0.0 49.0 0.0 -2.1929 1.174 0.0 0.42426 1000.0 1.8864 11.0 50.0 0.0 -0.0929 0.0 -0.226 0.36056 998.0 1.7023 10.0 52.0 1.7071 0.0 0.0 -1.526 0.31623 997.0 1.7261 13.0 57.0 3.5071 0.0 0.0 -2.626 0.28284 994.0 1.7465 11.0 66.0 5.1071 0.0 0.0 -3.626 0.36056 991.0 2.0223 12.0 
0.12875 50.31208 50.0 1719.0 0.0 54.0 0.0 -2.7929 2.174 0.0 0.64031 1000.0 2.291 12.0 55.0 0.0 -0.3929 0.0 -0.226 0.56569 999.0 2.2069 13.0 56.0 1.8071 0.0 0.0 -2.526 0.56569 998.0 2.1353 14.0 59.0 3.9071 0.0 0.0 -4.526 0.5 996.0 2.0914 12.0 63.0 5.9071 0.0 0.0 -6.226 0.42426 994.0 2.1336 12.0 
0.19877 57.38457 53.0 1734.0 0.0 53.0 0.0 -2.7929 1.274 0.0 0.5831 1002.0 2.5 19.0 49.0 0.0 -0.2929 0.0 -0.426 0.44721 1001.0 2.0436 17.0 47.0 1.9071 0.0 0.0 -1.626 0.31623 1000.0 1.7355 16.0 47.0 3.8071 0.0 0.0 -2.226 0.41231 1000.0 1.7355 20.0 50.0 5.6071 0.0 0.0 -2.426 0.3 998.0 1.7023 17.0 
0.13531 124.98848 43.0 1735.0 0.0 59.0 0.0 -2.9929 0.0 -0.526 0.5099 999.0 2.5 14.0 64.0 0.0071 0.0 0.0 -1.126 0.5 997.0 2.5 12.0 69.0 2.9071 0.0 0.0 -1.326 0.5 995.0 2.5 14.0 76.0 5.6071 0.0 0.0 -1.426 0.4 991.0 2.5 11.0 77.0 7.9071 0.0 0.0 -1.426 0.4 988.0 2.4223 10.0 
0.52031 34.02587 44.0 1738.0 0.0 51.0 0.0 -2.7929 0.574 0.0 0.53852 1002.0 2.4151 25.0 53.0 0.2071 0.0 0.0 -0.226 0.41231 1002.0 2.5 22.0 54.0 2.9071 0.0 0.0 -0.526 0.5099 1001.0 2.4819 20.0 51.0 5.4071 0.0 0.0 -0.726 0.41231 1001.0 2.2138 20.0 46.0 7.6071 0.0 0.0 -0.826 0.3 1001.0 1.801 21.0 
0.57392 12.23339 237.0 1739.0 0.0 56.0 0.0 -2.3929 0.974 0.0 0.5099 998.0 2.1353 13.0 60.0 0.1071 0.0 0.0 -0.026 0.31623 996.0 2.1629 14.0 66.0 2.3071 0.0 0.0 -0.726 0.41231 992.0 2.1186 13.0 73.0 4.4071 0.0 0.0 -1.226 0.3 987.0 2.0934 11.0 79.0 6.3071 0.0 0.0 -1.426 0.3 983.0 2.1248 9.0 
0.606 37.19517 44.0 173.0 0.0 65.0 0.0 -4.1929 1.174 0.0 0.70711 1000.0 2.5 15.0 71.0 0.0 -0.1929 0.274 0.0 0.70711 999.0 2.5 18.0 67.0 3.2071 0.0 0.0 -0.226 0.41231 997.0 2.5 15.0 63.0 5.6071 0.0 0.0 -0.126 0.4 996.0 2.3846 14.0 62.0 7.7071 0.0 0.274 0.0 0.31623 995.0 2.1812 13.0 
0.2427 38.08876 47.0 1740.0 0.0 59.0 0.0 -3.1929 1.574 0.0 0.67082 1001.0 2.5 13.0 59.0 0.1071 0.0 0.0 -0.326 0.5831 1000.0 2.5 12.0 57.0 2.9071 0.0 0.0 -2.126 0.5831 999.0 2.3703 11.0 55.0 5.2071 0.0 0.0 -3.826 0.42426 998.0 2.0598 11.0 58.0 6.9071 0.0 0.0 -5.526 0.42426 995.0 1.9088 11.0 
0.16561 207.37362 41.0 1746.0 0.0 64.0 0.0071 0.0 4.674 0.0 0.8544 999.0 2.5 11.0 64.0 1.8071 0.0 0.474 0.0 0.67082 998.0 2.5 14.0 62.0 3.5071 0.0 0.0 -2.826 0.5 996.0 2.3095 12.0 65.0 5.2071 0.0 0.0 -5.426 0.5 993.0 2.1576 11.0 73.0 6.7071 0.0 0.0 -7.826 0.42426 989.0 2.2679 12.0 
0.40551 17.37652 46.0 1749.0 0.0 52.0 0.0 -2.6929 1.474 0.0 0.5831 1001.0 2.3015 18.0 53.0 0.0 -0.0929 0.0 -0.126 0.5831 1000.0 2.207 16.0 56.0 2.5071 0.0 0.0 -1.326 0.53852 1000.0 2.4639 18.0 58.0 5.0071 0.0 0.0 -2.126 0.31623 998.0 2.2906 16.0 57.0 7.1071 0.0 0.0 -2.726 0.3 997.0 2.074 15.0 
0.56529 30.02471 44.0 1752.0 0.0 63.0 0.0 -2.8929 1.374 0.0 0.63246 999.0 2.5 14.0 63.0 0.2071 0.0 0.174 0.0 0.53852 998.0 2.5 15.0 67.0 2.9071 0.0 0.0 -0.826 0.41231 995.0 2.5 14.0 70.0 5.3071 0.0 0.0 -1.626 0.44721 993.0 2.5 12.0 72.0 7.4071 0.0 0.0 -2.426 0.44721 991.0 2.4067 11.0 
0.36511 38.12432 79.0 1757.0 0.0 74.0 0.0 -1.5929 2.274 0.0 0.5 992.0 2.5 12.0 73.0 0.2071 0.0 0.274 0.0 0.36056 990.0 2.3665 11.0 68.0 1.7071 0.0 0.0 -1.026 0.36056 990.0 2.0534 11.0 64.0 3.0071 0.0 0.0 -1.726 0.22361 990.0 1.8189 11.0 63.0 4.1071 0.0 0.0 -2.026 0.1 990.0 1.7625 11.0 
0.61175 35.06378 46.0 1770.0 0.0 65.0 0.0 -2.8929 1.374 0.0 0.63246 999.0 2.5 14.0 65.0 0.3071 0.0 0.074 0.0 0.53852 998.0 2.5 17.0 66.0 3.0071 0.0 0.0 -0.826 0.44721 995.0 2.4717 14.0 66.0 5.2071 0.0 0.0 -1.626 0.31623 994.0 2.3416 13.0 65.0 7.1071 0.0 0.0 -2.226 0.22361 992.0 2.0549 12.0 
0.20845 62.18838 61.0 1775.0 0.0 46.0 0.0 -1.7929 0.0 -0.026 0.31623 997.0 1.3508 13.0 54.0 0.0 -0.1929 0.0 -0.526 0.31623 996.0 1.752 15.0 62.0 1.5071 0.0 0.0 -0.926 0.3 992.0 1.8696 13.0 74.0 3.3071 0.0 0.0 -1.126 0.3 986.0 2.0715 13.0 82.0 4.9071 0.0 0.0 -1.126 0.22361 980.0 2.0811 11.0 
0.30004 119.15354 39.0 178.0 0.0 54.0 0.0 -0.5929 4.174 0.0 0.63246 1001.0 2.4819 12.0 60.0 0.9071 0.0 0.574 0.0 0.72111 1000.0 2.5 11.0 63.0 3.3071 0.0 0.0 -2.426 0.5831 998.0 2.5 10.0 68.0 6.3071 0.0 0.0 -3.926 0.5099 997.0 2.5 12.0 74.0 9.4071 0.0 0.0 -4.226 0.5 993.0 2.5 9.0 
0.12428 48.64617 55.0 1803.0 0.0 50.0 0.0 -2.0929 1.574 0.0 0.42426 1000.0 1.9642 12.0 49.0 0.0 -0.2929 0.0 -0.326 0.42426 999.0 1.7517 15.0 52.0 1.4071 0.0 0.0 -1.826 0.36056 998.0 1.8412 13.0 57.0 3.1071 0.0 0.0 -3.026 0.36056 995.0 1.8436 11.0 67.0 4.8071 0.0 0.0 -3.826 0.31623 991.0 2.0841 12.0 
0.12699 177.80753 80.0 1807.0 0.0 48.0 0.0 -0.1929 0.0 -2.326 0.36056 1000.0 1.8102 19.0 50.0 1.3071 0.0 0.0 -0.926 0.36056 998.0 1.7023 17.0 51.0 2.4071 0.0 0.774 0.0 0.31623 998.0 1.7711 16.0 53.0 3.2071 0.0 2.674 0.0 0.36056 997.0 1.7931 16.0 54.0 4.0071 0.0 4.674 0.0 0.36056 997.0 1.8615 15.0 
0.24476 27.12273 66.0 1816.0 0.0 50.0 0.0 -1.8929 1.374 0.0 0.42426 999.0 1.8239 15.0 51.0 0.0 -0.0929 0.0 -0.226 0.36056 999.0 1.8976 18.0 52.0 1.5071 0.0 0.0 -1.126 0.28284 997.0 1.7261 15.0 55.0 2.9071 0.0 0.0 -1.826 0.22361 995.0 1.7165 14.0 58.0 4.2071 0.0 0.0 -2.326 0.22361 993.0 1.7179 12.0 
0.4165 2.99167 71.0 1846.0 0.0 46.0 0.0 -0.4929 0.0 -0.426 0.14142 995.0 1.2007 13.0 51.0 0.0071 0.0 0.0 -0.026 0.14142 993.0 1.3283 12.0 54.0 0.6071 0.0 0.474 0.0 0.22361 993.0 1.4892 12.0 57.0 1.5071 0.0 1.174 0.0 0.22361 993.0 1.6592 12.0 61.0 2.6071 0.0 1.974 0.0 0.28284 993.0 1.9003 12.0 
0.37279 116.36837 42.0 1865.0 0.0 70.0 0.0 -2.4929 4.974 0.0 0.86023 1001.0 2.5 13.0 68.0 0.7071 0.0 0.774 0.0 0.78102 1000.0 2.5 16.0 65.0 3.6071 0.0 0.0 -2.626 0.64031 999.0 2.5 15.0 64.0 6.0071 0.0 0.0 -5.526 0.5831 998.0 2.5 13.0 65.0 7.8071 0.0 0.0 -8.226 0.44721 996.0 2.5 15.0 
0.05973 66.82775 39.0 188.0 0.0 55.0 0.0 -3.1929 2.474 0.0 0.64031 1001.0 2.5 17.0 65.0 0.0 -0.2929 0.0 -0.526 0.78102 1000.0 2.5 16.0 67.0 3.1071 0.0 0.0 -2.926 0.63246 999.0 2.5 16.0 69.0 6.5071 0.0 0.0 -3.726 0.5099 997.0 2.5 15.0 67.0 9.4071 0.0 0.0 -3.926 0.41231 995.0 2.5 14.0 
0.21879 32.98146 92.0 1892.0 0.0 44.0 0.0 -1.5929 0.874 0.0 0.36056 1000.0 1.5211 21.0 46.0 0.0 -0.1929 0.0 -0.226 0.22361 999.0 1.5437 18.0 47.0 1.0071 0.0 0.0 -0.826 0.14142 998.0 1.5041 16.0 46.0 2.0071 0.0 0.0 -1.126 0.22361 998.0 1.4408 16.0 46.0 3.0071 0.0 0.0 -1.426 0.2 997.0 1.3508 15.0 
0.33359 14.00819 51.0 1893.0 0.0 41.0 0.0 -1.5929 0.0 -0.526 0.31623 1001.0 1.4308 22.0 41.0 0.0071 0.0 0.0 -0.126 0.22361 1000.0 1.3207 21.0 42.0 1.5071 0.0 0.274 0.0 0.2 1000.0 1.3859 20.0 45.0 3.1071 0.0 0.274 0.0 0.31623 1000.0 1.591 20.0 49.0 5.0071 0.0 0.0 -0.326 0.36056 999.0 1.7517 19.0 
0.22623 36.19458 56.0 1894.0 0.0 44.0 0.0 -1.7929 0.074 0.0 0.31623 1001.0 1.6478 17.0 45.0 0.0071 0.0 0.0 -0.326 0.31623 1000.0 1.591 15.0 47.0 1.7071 0.0 0.0 -0.726 0.31623 998.0 1.5041 14.0 50.0 3.3071 0.0 0.0 -1.026 0.31623 996.0 1.502 12.0 58.0 4.8071 0.0 0.0 -1.226 0.3 994.0 1.8084 13.0 
0.06711 65.59587 53.0 189.0 0.0 57.0 0.0 -2.8929 1.674 0.0 0.56569 999.0 2.3703 11.0 56.0 0.0 -0.4929 0.0 -0.326 0.56569 999.0 2.2879 14.0 59.0 1.7071 0.0 0.0 -2.226 0.42426 996.0 2.0914 12.0 63.0 3.7071 0.0 0.0 -3.626 0.31623 993.0 2.0269 10.0 70.0 5.4071 0.0 0.0 -4.226 0.3 988.0 2.0019 11.0 
0.32216 30.42421 45.0 18.0 0.0 51.0 0.0 -2.2929 2.774 0.0 0.5831 1002.0 2.4151 19.0 53.0 0.0071 0.0 0.274 0.0 0.5831 1002.0 2.5 23.0 55.0 2.6071 0.0 0.0 -1.426 0.44721 1001.0 2.5 20.0 57.0 5.2071 0.0 0.0 -2.526 0.44721 1000.0 2.5 18.0 52.0 7.3071 0.0 0.0 -3.726 0.36056 1000.0 2.1245 18.0 
0.52254 2.99167 44.0 1908.0 0.0 53.0 0.0 -2.9929 0.0 -0.126 0.5 1001.0 2.3909 18.0 53.0 0.0071 0.0 0.0 -0.026 0.5 1000.0 2.207 17.0 54.0 2.8071 0.0 0.0 -0.126 0.41231 999.0 2.1274 15.0 56.0 5.3071 0.0 0.0 -0.426 0.41231 999.0 2.2879 17.0 59.0 7.6071 0.0 0.0 -0.526 0.3 996.0 2.0914 15.0 
0.30711 25.09838 50.0 191.0 0.0 44.0 0.0 -2.1929 0.574 0.0 0.41231 1001.0 1.6478 18.0 45.0 0.0071 0.0 0.0 -0.226 0.36056 1001.0 1.7236 23.0 47.0 1.9071 0.0 0.0 -0.926 0.31623 1000.0 1.7355 20.0 50.0 3.7071 0.0 0.0 -1.326 0.4 999.0 1.8239 17.0 53.0 5.6071 0.0 0.0 -1.526 0.3 998.0 1.9127 16.0 
0.61776 56.36204 58.0 1921.0 0.0 47.0 0.0 -0.4929 0.0 -2.526 0.44721 1000.0 1.7355 20.0 52.0 0.5071 0.0 0.0 -0.026 0.44721 1000.0 2.1245 18.0 52.0 2.0071 0.0 1.874 0.0 0.42426 999.0 1.9727 18.0 51.0 3.7071 0.0 3.274 0.0 0.31623 999.0 1.8976 17.0 48.0 5.2071 0.0 4.074 0.0 0.31623 999.0 1.6809 17.0 
0.34215 87.40194 41.0 1922.0 0.0 56.0 0.0 -1.8929 4.274 0.0 0.72111 1001.0 2.5 13.0 59.0 0.4071 0.0 0.674 0.0 0.64031 1000.0 2.5 12.0 62.0 2.8071 0.0 0.0 -2.526 0.72111 1000.0 2.5 15.0 65.0 5.3071 0.0 0.0 -5.626 0.56569 998.0 2.5 13.0 68.0 7.7071 0.0 0.0 -8.226 0.56569 996.0 2.5 11.0 
0.40993 17.37652 52.0 1924.0 0.0 40.0 0.0 -0.7929 0.0 -1.626 0.31623 1000.0 1.2571 19.0 45.0 0.0 -0.0929 0.0 -0.126 0.31623 999.0 1.4773 18.0 47.0 0.9071 0.0 1.274 0.0 0.42426 999.0 1.6116 18.0 51.0 2.6071 0.0 2.474 0.0 0.36056 1000.0 2.0435 18.0 53.0 4.8071 0.0 3.274 0.0 0.4 1000.0 2.207 18.0 
0.20351 129.3265 45.0 1931.0 0.0 50.0 0.0 -1.0929 0.0 -2.526 0.42426 1000.0 1.9642 19.0 55.0 0.7071 0.0 0.0 -0.926 0.42426 999.0 2.2069 17.0 56.0 2.6071 0.0 0.474 0.0 0.41231 998.0 2.1353 16.0 58.0 4.9071 0.0 0.974 0.0 0.4 998.0 2.2906 16.0 56.0 7.2071 0.0 0.874 0.0 0.4 999.0 2.2879 16.0 
0.29617 25.57494 42.0 1946.0 0.0 56.0 0.0 -2.8929 1.774 0.0 0.5 1000.0 2.4639 16.0 59.0 0.0 -0.1929 0.0 -0.126 0.5831 999.0 2.5 15.0 62.0 2.6071 0.0 0.0 -1.826 0.44721 998.0 2.5 17.0 70.0 5.4071 0.0 0.0 -3.126 0.41231 996.0 2.5 14.0 74.0 8.2071 0.0 0.0 -3.726 0.5099 993.0 2.5 12.0 
0.48335 38.12432 45.0 1963.0 0.0 63.0 0.0 -2.9929 2.274 0.0 0.67082 1000.0 2.5 15.0 64.0 0.2071 0.0 0.274 0.0 0.5 998.0 2.5 13.0 64.0 2.9071 0.0 0.0 -1.226 0.44721 997.0 2.5 15.0 69.0 5.3071 0.0 0.0 -2.126 0.31623 993.0 2.4314 12.0 70.0 7.3071 0.0 0.0 -2.426 0.4 991.0 2.2749 11.0 
0.44113 26.90838 56.0 1968.0 0.0 34.0 0.0 -0.6929 0.0 -1.426 0.28284 1002.0 1.0734 24.0 39.0 0.2071 0.0 0.0 -0.126 0.22361 1001.0 1.2946 21.0 45.0 1.3071 0.0 1.174 0.0 0.36056 1000.0 1.591 19.0 50.0 2.9071 0.0 2.174 0.0 0.36056 999.0 1.8239 17.0 51.0 4.6071 0.0 2.974 0.0 0.31623 999.0 1.8976 17.0 
0.39006 102.71108 42.0 1971.0 0.0 78.0 0.0 -3.2929 5.074 0.0 0.98995 1000.0 2.5 13.0 71.0 0.5071 0.0 0.774 0.0 0.84853 1000.0 2.5 16.0 63.0 3.5071 0.0 0.0 -2.426 0.64031 999.0 2.5 15.0 60.0 5.9071 0.0 0.0 -4.826 0.5 997.0 2.2981 13.0 61.0 8.0071 0.0 0.0 -6.626 0.36056 996.0 2.2356 15.0 
0.14782 132.3298 60.0 1974.0 0.0 39.0 0.0 -0.1929 0.0 -1.626 0.14142 999.0 1.1096 18.0 47.0 0.6071 0.0 0.0 -1.026 0.22361 996.0 1.3272 15.0 51.0 1.6071 0.0 0.0 -0.426 0.14142 995.0 1.4759 14.0 54.0 2.5071 0.0 0.074 0.0 0.22361 994.0 1.5675 13.0 58.0 3.6071 0.0 0.474 0.0 0.22361 993.0 1.7179 12.0 
0.36939 112.1609 43.0 1976.0 0.0 80.0 0.0 -3.1929 5.974 0.0 1.14018 1001.0 2.5 24.0 74.0 0.5071 0.0 0.874 0.0 0.92195 1000.0 2.5 22.0 66.0 3.4071 0.0 0.0 -3.126 0.72111 999.0 2.5 20.0 59.0 5.6071 0.0 0.0 -6.026 0.5 998.0 2.3703 23.0 58.0 7.4071 0.0 0.0 -7.926 0.42426 996.0 2.0211 20.0 
0.13827 118.87817 67.0 1994.0 0.0 46.0 0.0 -1.4929 0.0 -1.326 0.3 1000.0 1.6625 19.0 51.0 0.3071 0.0 0.0 -1.026 0.31623 998.0 1.7711 16.0 51.0 1.8071 0.0 0.0 -0.526 0.31623 997.0 1.6604 15.0 49.0 3.0071 0.0 0.174 0.0 0.28284 997.0 1.5327 15.0 50.0 3.8071 0.0 1.274 0.0 0.22361 996.0 1.502 14.0 
0.17677 104.99253 56.0 1999.0 0.0 48.0 0.0 -1.9929 0.0 -0.126 0.36056 1000.0 1.8102 22.0 51.0 0.0 -0.1929 0.0 -0.926 0.31623 998.0 1.7711 22.0 55.0 1.6071 0.0 0.0 -1.326 0.3 997.0 1.931 19.0 57.0 3.3071 0.0 0.0 -1.426 0.31623 996.0 1.952 18.0 58.0 5.0071 0.0 0.0 -1.126 0.31623 995.0 1.9088 18.0 
0.13299 66.82775 48.0 2008.0 0.0 48.0 0.0 -2.0929 1.774 0.0 0.5 1001.0 1.961 18.0 49.0 0.0 -0.2929 0.0 -0.526 0.56569 1001.0 2.0436 16.0 50.0 1.7071 0.0 0.0 -2.226 0.44721 1000.0 1.9642 15.0 54.0 3.9071 0.0 0.0 -3.226 0.31623 999.0 2.1274 17.0 61.0 6.1071 0.0 0.0 -3.826 0.41231 996.0 2.2356 14.0 
0.15438 89.42401 61.0 2016.0 0.0 53.0 0.0 -0.4929 0.0 -1.126 0.22361 995.0 1.5939 13.0 63.0 0.5071 0.0 0.0 -0.626 0.22361 990.0 1.7625 11.0 65.0 1.5071 0.0 0.0 -0.126 0.2 989.0 1.798 10.0 68.0 2.7071 0.0 0.074 0.0 0.2 988.0 1.8891 10.0 72.0 4.0071 0.0 0.074 0.0 0.22361 986.0 1.961 10.0 
0.27 21.60552 43.0 2027.0 0.0 50.0 0.0 -2.5929 1.974 0.0 0.5 1000.0 1.9642 13.0 52.0 0.0 -0.1929 0.0 -0.026 0.5 1000.0 2.1245 12.0 55.0 2.3071 0.0 0.0 -1.626 0.53852 999.0 2.2069 15.0 60.0 5.1071 0.0 0.0 -2.626 0.41231 998.0 2.4513 13.0 63.0 7.8071 0.0 0.0 -3.426 0.5099 995.0 2.2521 12.0 
0.26262 48.39733 62.0 2048.0 0.0 48.0 0.0 -2.0929 0.974 0.0 0.42426 1001.0 1.961 23.0 48.0 0.0 -0.0929 0.0 -0.426 0.31623 1001.0 1.961 20.0 46.0 1.8071 0.0 0.0 -1.126 0.31623 1000.0 1.6625 19.0 43.0 3.4071 0.0 0.0 -1.326 0.2 1000.0 1.4527 19.0 42.0 4.7071 0.0 0.0 -1.326 0.2 1000.0 1.3859 18.0 
0.46597 69.94114 43.0 2051.0 0.0 67.0 0.0 -2.7929 3.174 0.0 0.78102 1000.0 2.5 15.0 67.0 0.5071 0.0 0.374 0.0 0.64031 998.0 2.5 13.0 67.0 3.3071 0.0 0.0 -1.926 0.5 997.0 2.5 16.0 67.0 5.8071 0.0 0.0 -3.626 0.42426 995.0 2.5 14.0 70.0 7.9071 0.0 0.0 -4.926 0.44721 992.0 2.3832 12.0 
0.26033 48.39733 77.0 2052.0 0.0 50.0 0.0 -1.8929 0.0 -0.226 0.31623 1000.0 1.9642 19.0 51.0 0.0 -0.0929 0.0 -0.426 0.2 998.0 1.7711 16.0 52.0 1.3071 0.0 0.0 -0.226 0.2 996.0 1.6246 14.0 51.0 2.3071 0.0 0.074 0.0 0.14142 995.0 1.4759 13.0 50.0 3.0071 0.0 0.574 0.0 0.14142 995.0 1.4186 13.0 
0.14748 88.44035 74.0 2058.0 0.0 54.0 0.0 -2.6929 1.074 0.0 0.56569 999.0 2.1274 15.0 55.0 0.0 -0.4929 0.0 -0.626 0.36056 998.0 2.0598 17.0 59.0 1.5071 0.0 0.0 -1.526 0.31623 996.0 2.0914 14.0 58.0 3.1071 0.0 0.0 -2.026 0.3 995.0 1.9088 13.0 56.0 4.4071 0.0 0.0 -2.126 0.2 994.0 1.6858 13.0 
0.53245 13.18352 48.0 207.0 0.0 62.0 0.0 -3.5929 1.774 0.0 0.67082 1000.0 2.5 15.0 65.0 0.0 -0.0929 0.074 0.0 0.67082 999.0 2.5 14.0 61.0 2.7071 0.0 0.0 -1.126 0.36056 997.0 2.3753 15.0 63.0 4.7071 0.0 0.0 -2.026 0.31623 995.0 2.2521 13.0 64.0 6.5071 0.0 0.0 -2.626 0.31623 993.0 2.0918 12.0 
0.42124 45.6838 53.0 2080.0 0.0 68.0 0.0 -2.6929 3.274 0.0 0.84853 1000.0 2.5 12.0 61.0 0.3071 0.0 0.274 0.0 0.64031 999.0 2.5 11.0 55.0 2.6071 0.0 0.0 -1.926 0.42426 998.0 2.0598 9.0 55.0 4.2071 0.0 0.0 -3.526 0.36056 996.0 1.8174 11.0 60.0 5.7071 0.0 0.0 -4.726 0.22361 992.0 1.7509 9.0 
0.29597 8.25172 45.0 2083.0 0.0 72.0 0.0 -3.4929 3.774 0.0 0.92195 1001.0 2.5 17.0 69.0 0.0071 0.0 0.074 0.0 0.70711 1000.0 2.5 15.0 63.0 2.9071 0.0 0.0 -2.426 0.5 998.0 2.5 13.0 61.0 5.3071 0.0 0.0 -3.926 0.44721 997.0 2.3753 15.0 64.0 7.3071 0.0 0.0 -4.826 0.31623 994.0 2.2019 13.0 
0.15679 48.64617 51.0 2089.0 0.0 43.0 0.0 -2.0929 1.274 0.0 0.42426 1002.0 1.7168 19.0 44.0 0.0 -0.2929 0.0 -0.326 0.42426 1001.0 1.6478 17.0 46.0 1.6071 0.0 0.0 -1.226 0.41231 1001.0 1.801 19.0 51.0 3.7071 0.0 0.0 -1.326 0.4 999.0 1.8976 18.0 55.0 5.7071 0.0 0.0 -0.826 0.31623 998.0 2.0598 16.0 
0.32968 37.81606 41.0 209.0 0.0 75.0 0.0 -3.9929 3.474 0.0 0.84853 999.0 2.5 11.0 72.0 0.0 -0.2929 0.174 0.0 0.78102 998.0 2.5 14.0 71.0 3.0071 0.0 0.0 -2.326 0.5831 996.0 2.5 12.0 71.0 5.9071 0.0 0.0 -3.826 0.44721 994.0 2.5 13.0 73.0 8.3071 0.0 0.0 -4.926 0.41231 991.0 2.474 12.0 
0.10567 76.71589 55.0 210.0 0.0 55.0 0.0 -2.9929 1.274 0.0 0.5831 1001.0 2.5 13.0 53.0 0.0 -0.2929 0.0 -0.626 0.5 1000.0 2.207 17.0 50.0 1.9071 0.0 0.0 -2.226 0.36056 999.0 1.8239 15.0 50.0 3.7071 0.0 0.0 -3.126 0.36056 998.0 1.7023 13.0 53.0 5.4071 0.0 0.0 -3.726 0.3 997.0 1.7931 15.0 
0.50387 78.26613 40.0 2111.0 0.0 81.0 0.0 -4.2929 0.974 0.0 0.80623 996.0 2.5 12.0 84.0 0.2071 0.0 0.674 0.0 0.60828 994.0 2.5 13.0 86.0 3.7071 0.0 1.274 0.0 0.41231 988.0 2.5 10.0 89.0 6.4071 0.0 1.974 0.0 0.4 983.0 2.5 9.0 90.0 8.7071 0.0 2.374 0.0 0.41231 980.0 2.5 8.0 
0.25152 36.19458 81.0 2112.0 0.0 53.0 0.0 -1.7929 0.574 0.0 0.31623 998.0 1.9127 13.0 54.0 0.0071 0.0 0.0 -0.326 0.31623 997.0 1.8615 15.0 55.0 1.5071 0.0 0.0 -1.026 0.31623 996.0 1.8174 14.0 57.0 2.9071 0.0 0.0 -1.626 0.22361 994.0 1.7465 13.0 64.0 4.1071 0.0 0.0 -2.126 0.2 990.0 1.8189 11.0 
0.37731 14.00819 49.0 2131.0 0.0 52.0 0.0 -2.4929 1.874 0.0 0.64031 1001.0 2.3015 18.0 53.0 0.0071 0.0 0.0 -0.126 0.44721 1000.0 2.207 16.0 53.0 2.2071 0.0 0.0 -1.726 0.44721 999.0 2.0493 14.0 56.0 4.3071 0.0 0.0 -3.026 0.36056 998.0 2.1353 16.0 62.0 6.2071 0.0 0.0 -4.126 0.36056 995.0 2.1812 14.0 
0.34289 14.00819 55.0 2147.0 0.0 50.0 0.0 -2.3929 1.974 0.0 0.56569 1001.0 2.1279 13.0 51.0 0.0071 0.0 0.0 -0.126 0.5 1001.0 2.2138 17.0 49.0 2.2071 0.0 0.0 -1.826 0.36056 1000.0 1.8864 15.0 48.0 3.9071 0.0 0.0 -3.126 0.36056 998.0 1.5688 14.0 50.0 5.3071 0.0 0.0 -4.226 0.36056 997.0 1.5959 16.0 
0.21975 38.08876 61.0 2151.0 0.0 46.0 0.0 -1.6929 0.0 -0.026 0.4 1000.0 1.6625 13.0 46.0 0.1071 0.0 0.0 -0.326 0.22361 999.0 1.5437 14.0 49.0 1.5071 0.0 0.0 -0.426 0.22361 997.0 1.5327 12.0 56.0 2.9071 0.0 0.0 -0.426 0.2 994.0 1.6858 13.0 66.0 4.3071 0.0 0.0 -0.126 0.2 990.0 1.9344 11.0 
0.34629 119.15354 41.0 2154.0 0.0 69.0 0.0 -1.6929 4.974 0.0 0.89443 1000.0 2.5 17.0 67.0 0.9071 0.0 0.574 0.0 0.78102 999.0 2.5 15.0 63.0 3.6071 0.0 0.0 -2.626 0.56569 998.0 2.5 14.0 61.0 6.1071 0.0 0.0 -4.626 0.44721 997.0 2.3753 17.0 65.0 8.5071 0.0 0.0 -5.726 0.44721 994.0 2.2712 14.0 
0.25175 173.59727 39.0 2158.0 0.0 79.0 0.0 -2.6929 6.974 0.0 1.16619 1001.0 2.5 18.0 79.0 0.9071 0.0 1.274 0.0 1.06301 1001.0 2.5 17.0 72.0 4.4071 0.0 0.0 -3.026 0.78102 1000.0 2.5 15.0 66.0 7.1071 0.0 0.0 -6.226 0.64031 999.0 2.5 16.0 67.0 9.3071 0.0 0.0 -8.826 0.5 997.0 2.5 15.0 
0.44142 13.18352 47.0 2161.0 0.0 62.0 0.0 -3.2929 2.074 0.0 0.64031 1002.0 2.5 13.0 56.0 0.0 -0.0929 0.074 0.0 0.53852 1001.0 2.5 12.0 53.0 2.6071 0.0 0.0 -1.426 0.44721 1000.0 2.207 11.0 53.0 4.9071 0.0 0.0 -2.626 0.36056 999.0 2.0493 14.0 53.0 6.8071 0.0 0.0 -3.626 0.36056 998.0 1.9127 12.0 
0.1153 220.91639 41.0 216.0 0.0 63.0 0.0 -0.3929 5.274 0.0 0.80623 1000.0 2.5 12.0 63.0 1.6071 0.0 1.174 0.0 0.67082 999.0 2.5 11.0 64.0 3.6071 0.0 0.0 -2.226 0.5831 997.0 2.5 9.0 68.0 6.0071 0.0 0.0 -4.826 0.56569 996.0 2.5 11.0 75.0 8.6071 0.0 0.0 -6.826 0.44721 991.0 2.5 9.0 
0.4121 84.17478 41.0 2172.0 0.0 79.0 0.0 -3.3929 4.774 0.0 1.20416 1001.0 2.5 13.0 73.0 0.7071 0.0 0.274 0.0 0.92195 1001.0 2.5 17.0 65.0 4.1071 0.0 0.0 -2.926 0.64031 999.0 2.5 15.0 61.0 6.5071 0.0 0.0 -5.426 0.56569 998.0 2.5 13.0 63.0 8.4071 0.0 0.0 -7.826 0.36056 997.0 2.5 15.0 
0.32616 17.37652 45.0 2176.0 0.0 55.0 0.0 -2.8929 1.674 0.0 0.5 1001.0 2.5 18.0 54.0 0.0 -0.0929 0.0 -0.126 0.5 1001.0 2.4819 17.0 54.0 2.4071 0.0 0.0 -1.326 0.41231 1000.0 2.291 19.0 57.0 4.8071 0.0 0.0 -1.926 0.31623 998.0 2.2123 16.0 59.0 7.0071 0.0 0.0 -2.226 0.4 997.0 2.2221 15.0 
0.23485 172.16692 36.0 2177.0 0.0 80.0 0.0 -2.9929 5.974 0.0 1.14018 1001.0 2.5 18.0 80.0 1.2071 0.0 0.974 0.0 1.06301 1000.0 2.5 16.0 72.0 4.9071 0.0 0.0 -2.926 0.78102 999.0 2.5 15.0 66.0 8.0071 0.0 0.0 -5.626 0.5831 998.0 2.5 15.0 66.0 10.6071 0.0 0.0 -7.426 0.5 996.0 2.5 15.0 
0.37488 91.64638 37.0 2181.0 0.0 76.0 0.0 -2.3929 5.374 0.0 1.02956 1001.0 2.5 17.0 75.0 0.8071 0.0 0.174 0.0 1.0 1000.0 2.5 16.0 74.0 4.2071 0.0 0.0 -3.926 0.84853 999.0 2.5 14.0 73.0 7.4071 0.0 0.0 -7.126 0.70711 998.0 2.5 16.0 72.0 10.1071 0.0 0.0 -9.726 0.5 996.0 2.5 14.0 
0.37155 14.00819 47.0 2184.0 0.0 52.0 0.0 -2.5929 0.774 0.0 0.44721 1002.0 2.5 18.0 48.0 0.0071 0.0 0.0 -0.126 0.4 1001.0 1.961 17.0 49.0 2.2071 0.0 0.0 -0.326 0.41231 1000.0 1.8864 20.0 53.0 4.3071 0.0 0.0 -0.126 0.31623 999.0 2.0493 17.0 56.0 6.4071 0.0 0.374 0.0 0.36056 998.0 2.1353 16.0 
0.30525 27.7603 265.0 2189.0 0.0 39.0 0.0 -1.5929 0.0 -0.426 0.3 1001.0 1.2946 18.0 41.0 0.1071 0.0 0.0 -0.226 0.31623 1000.0 1.3207 16.0 44.0 1.7071 0.0 0.274 0.0 0.2 1000.0 1.5211 19.0 47.0 3.1071 0.0 0.674 0.0 0.3 998.0 1.5041 17.0 50.0 4.5071 0.0 1.074 0.0 0.22361 997.0 1.5959 15.0 
0.10987 81.03809 53.0 220.0 0.0 55.0 0.0 -3.5929 1.374 0.0 0.5831 1001.0 2.5 18.0 57.0 0.0 -0.5929 0.0 -0.426 0.5831 1000.0 2.5 16.0 55.0 2.1071 0.0 0.0 -1.826 0.44721 1000.0 2.3767 19.0 55.0 4.2071 0.0 0.0 -2.726 0.41231 998.0 2.0598 16.0 54.0 5.9071 0.0 0.0 -3.226 0.31623 996.0 1.752 14.0 
0.12242 72.3143 59.0 2226.0 0.0 55.0 0.0 -2.8929 2.274 0.0 0.70711 1001.0 2.5 14.0 52.0 0.0 -0.4929 0.0 -0.426 0.5 1001.0 2.3015 17.0 50.0 1.7071 0.0 0.0 -2.126 0.36056 1000.0 1.9642 16.0 48.0 3.6071 0.0 0.0 -3.126 0.36056 999.0 1.6809 14.0 49.0 5.2071 0.0 0.0 -3.726 0.2 998.0 1.6349 16.0 
0.42817 97.07306 39.0 2229.0 0.0 72.0 0.0 -3.3929 3.674 0.0 0.78102 1000.0 2.5 16.0 71.0 0.4071 0.0 0.774 0.0 0.78102 999.0 2.5 14.0 70.0 3.7071 0.0 0.0 -1.626 0.64031 998.0 2.5 17.0 72.0 6.7071 0.0 0.0 -3.526 0.44721 995.0 2.5 14.0 71.0 9.2071 0.0 0.0 -4.626 0.44721 993.0 2.5 12.0 
0.33256 27.7603 280.0 222.0 0.0 56.0 0.0 -2.9929 1.274 0.0 0.5831 1001.0 2.5 12.0 58.0 0.1071 0.0 0.0 -0.226 0.5831 1000.0 2.5 11.0 56.0 2.9071 0.0 0.0 -1.526 0.41231 999.0 2.2879 14.0 59.0 5.2071 0.0 0.0 -2.426 0.44721 997.0 2.2221 12.0 59.0 7.3071 0.0 0.0 -3.026 0.31623 995.0 1.9752 10.0 
0.1685 66.82775 47.0 223.0 0.0 62.0 0.0 -4.3929 0.674 0.0 0.80623 1002.0 2.5 14.0 62.0 0.0 -0.2929 0.0 -0.526 0.63246 1002.0 2.5 17.0 55.0 2.8071 0.0 0.0 -1.526 0.44721 1000.0 2.3767 15.0 52.0 5.0071 0.0 0.0 -2.426 0.36056 1000.0 2.1245 13.0 49.0 6.8071 0.0 0.0 -3.326 0.31623 999.0 1.7517 13.0 
0.43903 79.14903 41.0 226.0 0.0 67.0 0.0 -2.8929 2.674 0.0 0.72111 1000.0 2.5 11.0 66.0 0.6071 0.0 0.374 0.0 0.5831 1000.0 2.5 14.0 68.0 3.5071 0.0 0.0 -1.426 0.5831 997.0 2.5 11.0 72.0 6.2071 0.0 0.0 -3.026 0.44721 994.0 2.5 10.0 71.0 8.6071 0.0 0.0 -4.226 0.41231 993.0 2.5 9.0 
0.48425 2.99167 59.0 2285.0 0.0 57.0 0.0 -1.7929 0.0 -0.126 0.3 996.0 1.952 14.0 61.0 0.0071 0.0 0.0 -0.026 0.31623 994.0 2.0003 13.0 62.0 1.7071 0.0 0.174 0.0 0.31623 994.0 2.0664 13.0 62.0 3.5071 0.0 0.374 0.0 0.3 994.0 2.0664 12.0 58.0 5.0071 0.0 0.474 0.0 0.2 994.0 1.8084 13.0 
0.24733 48.39733 59.0 2287.0 0.0 55.0 0.0 -1.9929 0.574 0.0 0.36056 997.0 1.931 13.0 58.0 0.0 -0.0929 0.0 -0.426 0.36056 996.0 2.0211 14.0 64.0 1.7071 0.0 0.0 -1.226 0.31623 993.0 2.0918 12.0 68.0 3.4071 0.0 0.0 -1.726 0.31623 990.0 2.0534 11.0 74.0 5.0071 0.0 0.0 -2.026 0.22361 985.0 1.9975 10.0 
0.2497 51.90795 47.0 2288.0 0.0 67.0 0.0 -3.6929 2.374 0.0 0.84853 1002.0 2.5 19.0 59.0 0.0 -0.1929 0.0 -0.426 0.5831 1002.0 2.5 23.0 55.0 2.6071 0.0 0.0 -2.026 0.44721 1001.0 2.5 20.0 53.0 4.8071 0.0 0.0 -2.926 0.41231 999.0 2.0493 18.0 50.0 6.7071 0.0 0.0 -3.426 0.31623 999.0 1.8239 17.0 
0.25024 35.39254 94.0 2294.0 0.0 44.0 0.0 -1.1929 1.174 0.0 0.28284 999.0 1.4124 19.0 46.0 0.0 -0.2929 0.0 -0.126 0.28284 998.0 1.4408 21.0 52.0 0.8071 0.0 0.0 -0.826 0.22361 995.0 1.5343 18.0 53.0 1.9071 0.0 0.0 -1.026 0.1 994.0 1.51 17.0 55.0 2.8071 0.0 0.0 -0.926 0.22361 993.0 1.5448 16.0 
0.18878 66.82775 74.0 2299.0 0.0 50.0 0.0 -2.0929 0.174 0.0 0.31623 1000.0 1.9642 15.0 51.0 0.0 -0.2929 0.0 -0.526 0.31623 998.0 1.7711 17.0 53.0 1.3071 0.0 0.0 -0.926 0.3 997.0 1.7931 15.0 53.0 2.7071 0.0 0.0 -1.126 0.2 996.0 1.6877 14.0 53.0 4.0071 0.0 0.0 -1.426 0.2 996.0 1.6877 14.0 
0.42284 19.33007 40.0 2306.0 0.0 70.0 0.0 -3.9929 3.874 0.0 0.92195 1002.0 2.5 25.0 71.0 0.0071 0.0 0.174 0.0 0.78102 1001.0 2.5 22.0 66.0 3.7071 0.0 0.0 -2.126 0.67082 1001.0 2.5 20.0 57.0 6.6071 0.0 0.0 -3.726 0.41231 1000.0 2.5 19.0 49.0 8.7071 0.0 0.0 -4.626 0.31623 1000.0 1.8864 19.0 
0.15799 132.90397 47.0 2373.0 0.0 57.0 0.0 -1.9929 0.0 -1.826 0.5 1000.0 2.5 19.0 57.0 0.4071 0.0 0.0 -1.126 0.31623 998.0 2.2123 16.0 58.0 2.3071 0.0 0.174 0.0 0.36056 997.0 2.1474 15.0 57.0 4.2071 0.0 1.374 0.0 0.41231 998.0 2.2123 15.0 57.0 6.4071 0.0 1.974 0.0 0.3 998.0 2.2123 16.0 
0.15956 57.38457 55.0 2383.0 0.0 44.0 0.0 -1.8929 1.074 0.0 0.36056 1001.0 1.6478 17.0 46.0 0.0 -0.2929 0.0 -0.426 0.36056 1001.0 1.801 20.0 49.0 1.4071 0.0 0.0 -1.326 0.3 999.0 1.7517 17.0 49.0 3.0071 0.0 0.0 -1.626 0.3 999.0 1.7517 17.0 49.0 4.6071 0.0 0.0 -1.626 0.3 998.0 1.6349 16.0 
0.31281 27.12273 53.0 2384.0 0.0 53.0 0.0 -2.3929 1.174 0.0 0.5 1001.0 2.3909 22.0 51.0 0.0 -0.0929 0.0 -0.226 0.44721 1000.0 2.0435 19.0 49.0 1.9071 0.0 0.0 -0.926 0.41231 1000.0 1.8864 19.0 46.0 3.7071 0.0 0.0 -1.326 0.3 1000.0 1.6625 19.0 45.0 5.4071 0.0 0.0 -1.426 0.3 1000.0 1.591 19.0 
0.4946 28.83574 43.0 239.0 0.0 59.0 0.0 -3.6929 1.974 0.0 0.67082 1002.0 2.5 18.0 61.0 0.0 -0.1929 0.174 0.0 0.63246 1001.0 2.5 22.0 59.0 3.0071 0.0 0.0 -0.926 0.41231 1000.0 2.5 19.0 58.0 5.6071 0.0 0.0 -1.426 0.41231 999.0 2.4542 17.0 55.0 7.9071 0.0 0.0 -1.726 0.4 999.0 2.2069 17.0 
0.11473 48.64617 70.0 2402.0 0.0 50.0 0.0 -1.6929 1.974 0.0 0.44721 999.0 1.8239 12.0 47.0 0.0 -0.2929 0.0 -0.326 0.36056 999.0 1.6116 13.0 48.0 1.0071 0.0 0.0 -2.026 0.36056 998.0 1.5688 13.0 50.0 2.4071 0.0 0.0 -3.126 0.22361 995.0 1.4186 12.0 56.0 3.7071 0.0 0.0 -3.826 0.22361 992.0 1.5252 11.0 
0.24631 42.04636 53.0 2416.0 0.0 46.0 0.0 -2.3929 0.274 0.0 0.3 1001.0 1.801 17.0 50.0 0.0 -0.1929 0.0 -0.326 0.44721 1000.0 1.9642 15.0 53.0 1.9071 0.0 0.0 -1.326 0.36056 998.0 1.9127 13.0 58.0 3.7071 0.0 0.0 -2.526 0.36056 997.0 2.1474 15.0 66.0 5.5071 0.0 0.0 -3.826 0.28284 993.0 2.2245 12.0 
0.21313 70.24699 60.0 2423.0 0.0 51.0 0.0 -2.3929 0.274 0.0 0.44721 1002.0 2.4151 23.0 48.0 0.0 -0.0929 0.0 -0.626 0.3 1001.0 1.961 21.0 43.0 1.7071 0.0 0.0 -0.826 0.31623 1001.0 1.5738 20.0 41.0 3.2071 0.0 0.0 -0.526 0.22361 1001.0 1.4308 20.0 40.0 4.5071 0.0 0.0 -0.126 0.22361 1001.0 1.3618 20.0 
0.14071 72.7102 65.0 2431.0 0.0 51.0 0.0 -2.1929 0.0 -0.226 0.41231 999.0 1.8976 16.0 56.0 0.0 -0.1929 0.0 -0.626 0.31623 997.0 2.0019 15.0 58.0 1.5071 0.0 0.0 -1.026 0.31623 995.0 1.9088 13.0 58.0 3.1071 0.0 0.0 -1.426 0.22361 994.0 1.8084 13.0 59.0 4.5071 0.0 0.0 -1.826 0.22361 993.0 1.7777 12.0 
0.43866 24.41152 42.0 2433.0 0.0 48.0 0.0 -2.3929 1.474 0.0 0.5 1002.0 2.1393 13.0 52.0 0.2071 0.0 0.074 0.0 0.44721 1002.0 2.5 17.0 57.0 3.0071 0.0 0.0 -0.926 0.5099 1000.0 2.5 15.0 58.0 5.8071 0.0 0.0 -1.326 0.4 999.0 2.4542 13.0 55.0 8.2071 0.0 0.0 -1.226 0.3 999.0 2.2069 13.0 
0.10182 62.18838 43.0 247.0 0.0 57.0 0.0 -2.5929 2.474 0.0 0.70711 1002.0 2.5 19.0 54.0 0.0 -0.1929 0.0 -0.526 0.56569 1001.0 2.4819 17.0 55.0 2.1071 0.0 0.0 -2.826 0.5 1000.0 2.3767 15.0 59.0 4.8071 0.0 0.0 -4.226 0.53852 999.0 2.5 16.0 65.0 7.6071 0.0 0.0 -5.226 0.53852 997.0 2.5 15.0 
0.39915 12.23339 55.0 2480.0 0.0 49.0 0.0 -2.1929 0.374 0.0 0.41231 1001.0 2.0436 23.0 48.0 0.1071 0.0 0.0 -0.026 0.3 1000.0 1.8102 21.0 49.0 2.1071 0.0 0.0 -0.126 0.31623 999.0 1.7517 23.0 51.0 3.7071 0.0 0.0 -0.226 0.3 997.0 1.6604 20.0 53.0 5.3071 0.0 0.0 -0.226 0.2 996.0 1.6877 19.0 
0.17091 150.93414 64.0 2481.0 0.0 48.0 0.6071 0.0 0.0 -1.826 0.22361 996.0 1.3843 19.0 55.0 1.2071 0.0 0.0 -0.626 0.22361 994.0 1.6261 17.0 59.0 1.9071 0.0 0.674 0.0 0.28284 993.0 1.7777 16.0 62.0 2.8071 0.0 1.974 0.0 0.28284 992.0 1.8696 15.0 63.0 3.9071 0.0 3.074 0.0 0.28284 991.0 1.8426 15.0 
0.35374 10.70814 83.0 2483.0 0.0 55.0 0.0 -1.0929 0.474 0.0 0.22361 995.0 1.7165 13.0 57.0 0.0 -0.0929 0.0 -0.026 0.22361 993.0 1.6592 12.0 58.0 1.0071 0.0 0.0 -0.326 0.2 992.0 1.6361 12.0 59.0 2.1071 0.0 0.0 -0.326 0.2 992.0 1.693 12.0 61.0 3.2071 0.0 0.0 -0.326 0.2 991.0 1.7275 11.0 
0.18888 32.98146 52.0 2485.0 0.0 54.0 0.0 -2.7929 2.274 0.0 0.56569 1000.0 2.291 17.0 60.0 0.0 -0.1929 0.0 -0.226 0.56569 999.0 2.5 15.0 60.0 2.4071 0.0 0.0 -2.526 0.5 997.0 2.2981 13.0 60.0 4.6071 0.0 0.0 -4.326 0.36056 996.0 2.1629 15.0 60.0 6.3071 0.0 0.0 -5.226 0.22361 992.0 1.7509 13.0 
0.31053 14.4498 56.0 2488.0 0.0 50.0 0.0 -1.8929 0.774 0.0 0.31623 999.0 1.8239 15.0 51.0 0.1071 0.0 0.074 0.0 0.36056 998.0 1.7711 13.0 55.0 1.8071 0.0 0.0 -0.826 0.28284 996.0 1.8174 15.0 60.0 3.3071 0.0 0.0 -1.726 0.36056 994.0 1.9352 13.0 65.0 4.8071 0.0 0.0 -2.426 0.2 991.0 1.9615 11.0 
0.13976 218.16136 39.0 2501.0 0.0 68.0 0.0 -0.8929 5.374 0.0 0.9434 1001.0 2.5 16.0 64.0 1.7071 0.0 0.974 0.0 0.80623 1001.0 2.5 17.0 64.0 4.0071 0.0 0.0 -2.726 0.78102 999.0 2.5 15.0 67.0 6.6071 0.0 0.0 -5.826 0.64031 998.0 2.5 13.0 69.0 9.2071 0.0 0.0 -8.326 0.42426 996.0 2.5 15.0 
0.19555 42.04636 322.0 2508.0 0.0 58.0 0.0 -2.6929 2.574 0.0 0.64031 1001.0 2.5 18.0 55.0 0.0 -0.1929 0.0 -0.326 0.5 1000.0 2.3767 16.0 55.0 2.2071 0.0 0.0 -2.326 0.5 999.0 2.2069 15.0 57.0 4.4071 0.0 0.0 -3.926 0.44721 998.0 2.2123 17.0 62.0 6.6071 0.0 0.0 -5.026 0.36056 996.0 2.3095 14.0 
0.36143 25.09838 58.0 250.0 0.0 52.0 0.0 -2.7929 1.074 0.0 0.53852 1002.0 2.5 19.0 51.0 0.0071 0.0 0.0 -0.226 0.44721 1001.0 2.2138 17.0 47.0 2.2071 0.0 0.0 -1.326 0.36056 1000.0 1.7355 15.0 45.0 3.7071 0.0 0.0 -2.226 0.31623 999.0 1.4773 16.0 49.0 5.0071 0.0 0.0 -2.826 0.22361 997.0 1.5327 15.0 
0.20642 147.58686 61.0 2517.0 0.0 39.0 0.0 -0.4929 0.0 -1.726 0.22361 1001.0 1.2946 28.0 41.0 0.7071 0.0 0.0 -1.126 0.22361 1000.0 1.3207 24.0 44.0 1.8071 0.0 0.0 -0.226 0.22361 999.0 1.4124 22.0 48.0 2.8071 0.0 1.074 0.0 0.28284 998.0 1.5688 22.0 50.0 4.0071 0.0 2.474 0.0 0.28284 998.0 1.7023 21.0 
0.48763 13.18352 52.0 2527.0 0.0 59.0 0.0 -1.9929 0.674 0.0 0.41231 996.0 2.0914 15.0 63.0 0.0 -0.0929 0.074 0.0 0.31623 994.0 2.1336 13.0 65.0 1.8071 0.0 0.0 -0.326 0.31623 993.0 2.1576 12.0 68.0 3.8071 0.0 0.0 -0.426 0.3 992.0 2.249 12.0 68.0 5.6071 0.0 0.0 -0.326 0.3 991.0 2.1467 11.0 
0.47339 92.42951 40.0 252.0 0.0 78.0 0.0 -3.8929 3.074 0.0 0.89443 998.0 2.5 13.0 80.0 0.3071 0.0 0.774 0.0 0.80623 997.0 2.5 15.0 80.0 3.8071 0.0 0.0 -0.826 0.53852 992.0 2.5 12.0 81.0 6.6071 0.0 0.0 -2.026 0.41231 989.0 2.5 10.0 82.0 8.9071 0.0 0.0 -2.526 0.4 985.0 2.4528 9.0 
0.20625 69.49047 73.0 2538.0 0.0 46.0 0.0 -1.4929 0.0 -0.826 0.3 998.0 1.4408 13.0 52.0 0.0071 0.0 0.0 -0.626 0.3 997.0 1.7261 15.0 57.0 1.5071 0.0 0.0 -0.826 0.22361 994.0 1.7465 13.0 59.0 2.8071 0.0 0.0 -1.226 0.2 993.0 1.7777 12.0 61.0 3.9071 0.0 0.0 -1.526 0.2 991.0 1.7275 11.0 
0.35324 13.18352 49.0 2543.0 0.0 48.0 0.0 -1.9929 1.474 0.0 0.44721 1001.0 1.961 20.0 51.0 0.0 -0.0929 0.074 0.0 0.44721 1000.0 2.0435 18.0 51.0 1.9071 0.0 0.0 -0.926 0.41231 1000.0 2.0435 18.0 51.0 4.0071 0.0 0.0 -1.426 0.3 1000.0 2.0435 18.0 51.0 6.0071 0.0 0.0 -1.426 0.3 1000.0 2.0435 18.0 
0.22388 27.12273 68.0 2548.0 0.0 43.0 0.0 -1.4929 0.774 0.0 0.28284 1000.0 1.4527 18.0 47.0 0.0 -0.0929 0.0 -0.226 0.22361 999.0 1.6116 17.0 50.0 1.3071 0.0 0.0 -1.026 0.22361 998.0 1.7023 16.0 50.0 2.6071 0.0 0.0 -1.726 0.22361 998.0 1.7023 15.0 49.0 3.8071 0.0 0.0 -2.226 0.22361 997.0 1.5327 15.0 
0.29902 25.57494 51.0 2585.0 0.0 52.0 0.0 -1.9929 1.574 0.0 0.42426 999.0 1.9727 12.0 55.0 0.0 -0.1929 0.0 -0.126 0.44721 998.0 2.0598 12.0 59.0 1.7071 0.0 0.0 -1.326 0.36056 995.0 1.9752 11.0 62.0 3.5071 0.0 0.0 -2.126 0.31623 993.0 1.9631 10.0 66.0 5.3071 0.0 0.0 -2.626 0.3 990.0 1.9344 9.0 
0.41742 13.18352 43.0 2590.0 0.0 49.0 0.0 -2.4929 0.674 0.0 0.41231 1001.0 2.0436 23.0 49.0 0.0 -0.0929 0.074 0.0 0.41231 1001.0 2.0436 21.0 51.0 2.4071 0.0 0.0 -0.326 0.41231 1001.0 2.2138 21.0 53.0 5.0071 0.0 0.0 -0.226 0.5099 1001.0 2.3909 21.0 55.0 7.7071 0.0 0.774 0.0 0.44721 1001.0 2.5 21.0 
0.38881 37.19517 46.0 260.0 0.0 69.0 0.0 -4.0929 3.174 0.0 0.86023 1001.0 2.5 18.0 66.0 0.0 -0.1929 0.274 0.0 0.72111 1001.0 2.5 16.0 60.0 2.9071 0.0 0.0 -1.926 0.5 1000.0 2.5 19.0 57.0 5.2071 0.0 0.0 -3.426 0.36056 998.0 2.2123 16.0 55.0 7.1071 0.0 0.0 -4.326 0.31623 997.0 1.931 15.0 
0.39405 17.37652 51.0 2614.0 0.0 53.0 0.0 -1.6929 1.274 0.0 0.36056 997.0 1.7931 13.0 58.0 0.0 -0.0929 0.0 -0.126 0.36056 995.0 1.9088 13.0 69.0 1.7071 0.0 0.0 -1.326 0.36056 991.0 2.2103 12.0 76.0 3.6071 0.0 0.0 -2.126 0.3 987.0 2.269 10.0 80.0 5.4071 0.0 0.0 -2.226 0.3 984.0 2.2541 9.0 
0.23075 48.39733 52.0 2617.0 0.0 43.0 0.0 -1.3929 0.074 0.0 0.31623 1000.0 1.4527 19.0 49.0 0.0 -0.0929 0.0 -0.426 0.3 998.0 1.6349 16.0 54.0 1.4071 0.0 0.0 -0.626 0.3 996.0 1.752 14.0 57.0 3.1071 0.0 0.0 -0.726 0.3 996.0 1.952 14.0 59.0 4.9071 0.0 0.0 -0.526 0.31623 996.0 2.0914 14.0 
0.32659 25.09838 56.0 2623.0 0.0 44.0 0.0 -1.9929 0.974 0.0 0.36056 1001.0 1.6478 12.0 50.0 0.0071 0.0 0.0 -0.226 0.36056 1000.0 1.9642 15.0 54.0 2.1071 0.0 0.0 -1.326 0.44721 999.0 2.1274 13.0 52.0 3.9071 0.0 0.0 -2.326 0.36056 998.0 1.8412 12.0 54.0 5.4071 0.0 0.0 -3.226 0.22361 996.0 1.752 11.0 
0.47074 27.12273 60.0 2651.0 0.0 48.0 0.0 -1.5929 0.0 -0.826 0.22361 999.0 1.6809 18.0 50.0 0.0 -0.0929 0.0 -0.226 0.2 997.0 1.5959 16.0 52.0 1.2071 0.0 0.274 0.0 0.2 996.0 1.6246 14.0 55.0 2.5071 0.0 0.574 0.0 0.22361 995.0 1.7165 13.0 59.0 3.9071 0.0 0.774 0.0 0.2 993.0 1.7777 13.0 
0.43881 13.18352 61.0 2678.0 0.0 50.0 0.0 -0.9929 0.0 -1.026 0.22361 996.0 1.502 15.0 57.0 0.0 -0.0929 0.074 0.0 0.28284 994.0 1.7465 13.0 60.0 1.0071 0.0 1.074 0.0 0.22361 993.0 1.8385 12.0 64.0 2.4071 0.0 1.774 0.0 0.2 991.0 1.9016 12.0 67.0 4.0071 0.0 2.174 0.0 0.31623 990.0 1.9935 11.0 
0.53694 26.90838 78.0 2699.0 0.0 44.0 0.2071 0.0 0.0 -1.726 0.3 999.0 1.4124 17.0 48.0 0.2071 0.0 0.0 -0.126 0.3 998.0 1.5688 16.0 48.0 0.1071 0.0 1.474 0.0 0.3 997.0 1.4708 15.0 45.0 0.1071 0.0 2.774 0.0 0.22361 997.0 1.2927 15.0 45.0 0.5071 0.0 3.574 0.0 0.14142 997.0 1.2927 15.0 
0.38537 25.57494 45.0 2723.0 0.0 54.0 0.0 -2.8929 1.074 0.0 0.44721 1000.0 2.291 16.0 56.0 0.0 -0.1929 0.0 -0.126 0.44721 999.0 2.2879 15.0 59.0 2.4071 0.0 0.0 -1.326 0.44721 998.0 2.3703 15.0 64.0 4.9071 0.0 0.0 -2.126 0.41231 996.0 2.4609 14.0 68.0 7.2071 0.0 0.0 -2.226 0.3 993.0 2.3614 12.0 
0.11827 140.29041 54.0 2737.0 0.0 54.0 0.0 -1.8929 0.0 -1.926 0.4 999.0 2.1274 16.0 60.0 0.3071 0.0 0.0 -1.226 0.41231 997.0 2.2981 15.0 62.0 2.2071 0.0 0.0 -0.326 0.36056 995.0 2.1812 13.0 62.0 3.8071 0.0 0.574 0.0 0.31623 993.0 1.9631 12.0 63.0 5.3071 0.0 1.074 0.0 0.31623 992.0 1.9304 12.0 
0.25364 42.04636 48.0 2752.0 0.0 57.0 0.0 -2.8929 1.074 0.0 0.64031 1001.0 2.5 18.0 50.0 0.0 -0.1929 0.0 -0.326 0.44721 1001.0 2.1279 17.0 49.0 2.1071 0.0 0.0 -1.026 0.41231 1000.0 1.8864 20.0 54.0 4.2071 0.0 0.0 -1.326 0.3 999.0 2.1274 17.0 57.0 6.2071 0.0 0.0 -1.426 0.4 997.0 2.074 15.0 
0.20382 161.8792 42.0 2756.0 0.0 50.0 0.0 -2.2929 0.0 -1.826 0.5 1002.0 2.3213 19.0 52.0 0.6071 0.0 0.0 -1.326 0.53852 1002.0 2.5 23.0 55.0 3.2071 0.0 0.274 0.0 0.5 1001.0 2.5 20.0 56.0 5.7071 0.0 1.674 0.0 0.44721 1000.0 2.4639 19.0 54.0 8.0071 0.0 2.774 0.0 0.44721 1000.0 2.291 18.0 
0.12049 227.73852 36.0 280.0 0.0 47.0 0.0 -2.0929 0.0 -3.426 0.5 1001.0 1.8802 18.0 58.0 0.7071 0.0 0.0 -1.926 0.60828 1001.0 2.5 21.0 70.0 4.4071 0.0 0.0 -2.026 0.72801 1000.0 2.5 18.0 67.0 8.0071 0.0 0.0 -2.826 0.5099 999.0 2.5 17.0 57.0 10.7071 0.0 0.0 -3.226 0.41231 999.0 2.3703 17.0 
0.21341 81.45815 50.0 2829.0 0.0 46.0 0.0 -1.8929 0.0 -0.526 0.3 999.0 1.5437 14.0 53.0 0.1071 0.0 0.0 -0.726 0.3 998.0 1.9127 13.0 61.0 2.1071 0.0 0.0 -0.226 0.41231 996.0 2.2356 14.0 68.0 4.1071 0.0 0.674 0.0 0.36056 992.0 2.249 12.0 72.0 5.9071 0.0 1.474 0.0 0.3 989.0 2.2062 11.0 
0.09594 45.79963 56.0 2837.0 0.0 56.0 0.0 -2.8929 2.374 0.0 0.64031 1001.0 2.5 13.0 53.0 0.0 -0.3929 0.0 -0.126 0.56569 1000.0 2.207 12.0 48.0 1.5071 0.0 0.0 -2.226 0.36056 999.0 1.6809 11.0 46.0 3.1071 0.0 0.0 -3.426 0.22361 998.0 1.4408 10.0 50.0 4.6071 0.0 0.0 -3.826 0.3 997.0 1.5959 12.0 
0.31717 25.09838 51.0 2843.0 0.0 44.0 0.0 -1.9929 1.374 0.0 0.42426 1001.0 1.6478 18.0 48.0 0.0071 0.0 0.0 -0.226 0.36056 1000.0 1.8102 16.0 49.0 2.0071 0.0 0.0 -1.226 0.41231 999.0 1.7517 14.0 51.0 4.0071 0.0 0.0 -1.626 0.31623 997.0 1.6604 13.0 58.0 5.8071 0.0 0.0 -1.826 0.22361 995.0 1.9088 14.0 
0.39571 69.49047 43.0 2848.0 0.0 57.0 0.0 -3.8929 0.0 -1.326 0.72801 1001.0 2.5 18.0 63.0 0.0071 0.0 0.0 -0.626 0.63246 1001.0 2.5 16.0 58.0 3.2071 0.0 0.374 0.0 0.53852 1000.0 2.5 20.0 59.0 5.8071 0.0 1.574 0.0 0.44721 998.0 2.3703 17.0 58.0 7.9071 0.0 2.474 0.0 0.41231 997.0 2.1474 15.0 
0.44939 21.89443 50.0 2858.0 0.0 56.0 0.0 -2.7929 1.774 0.0 0.5831 1000.0 2.4639 15.0 58.0 0.0 -0.0929 0.174 0.0 0.53852 999.0 2.4542 14.0 61.0 2.5071 0.0 0.0 -0.726 0.31623 997.0 2.3753 15.0 62.0 4.6071 0.0 0.0 -1.226 0.41231 995.0 2.1812 13.0 62.0 6.4071 0.0 0.0 -1.626 0.2 993.0 1.9631 12.0 
0.34788 24.41152 50.0 2864.0 0.0 49.0 0.0 -1.6929 2.474 0.0 0.5 1000.0 1.8864 12.0 52.0 0.2071 0.0 0.074 0.0 0.56569 999.0 1.9727 11.0 53.0 2.3071 0.0 0.0 -1.726 0.36056 999.0 2.0493 14.0 55.0 4.2071 0.0 0.0 -2.726 0.31623 996.0 1.8174 12.0 60.0 6.0071 0.0 0.0 -3.326 0.31623 994.0 1.9352 13.0 
0.17167 48.64617 44.0 2878.0 0.0 58.0 0.0 -3.2929 1.774 0.0 0.64031 999.0 2.4542 11.0 63.0 0.0 -0.2929 0.0 -0.326 0.5831 999.0 2.5 14.0 63.0 2.6071 0.0 0.0 -1.526 0.41231 996.0 2.3846 12.0 66.0 5.0071 0.0 0.0 -1.626 0.4 994.0 2.3416 13.0 75.0 7.3071 0.0 0.0 -1.126 0.31623 989.0 2.3938 11.0 
0.26464 80.58985 73.0 287.0 0.0 53.0 0.0 -2.8929 0.174 0.0 0.53852 1001.0 2.3909 18.0 51.0 0.0071 0.0 0.0 -0.726 0.4 1001.0 2.2138 22.0 48.0 2.2071 0.0 0.0 -0.826 0.3 1000.0 1.8102 19.0 46.0 3.8071 0.0 0.0 -0.426 0.2 999.0 1.5437 18.0 44.0 5.1071 0.0 0.0 -0.126 0.1 999.0 1.4124 17.0 
0.16898 47.29257 51.0 2927.0 0.0 58.0 0.0 -2.6929 2.074 0.0 0.70711 1001.0 2.5 17.0 56.0 0.0071 0.0 0.0 -0.426 0.56569 1000.0 2.4639 16.0 54.0 2.2071 0.0 0.0 -2.226 0.44721 999.0 2.1274 14.0 55.0 4.2071 0.0 0.0 -3.226 0.31623 998.0 2.0598 16.0 59.0 6.0071 0.0 0.0 -3.726 0.2 995.0 1.9752 13.0 
0.11463 76.71589 53.0 2929.0 0.0 51.0 0.0 -2.1929 0.574 0.0 0.42426 999.0 1.8976 18.0 58.0 0.0 -0.2929 0.0 -0.626 0.31623 997.0 2.1474 15.0 61.0 1.6071 0.0 0.0 -1.126 0.4 995.0 2.1114 14.0 61.0 3.5071 0.0 0.0 -0.926 0.31623 995.0 2.1114 13.0 61.0 5.3071 0.0 0.0 -0.426 0.31623 995.0 2.1114 13.0 
0.11082 62.18838 68.0 2930.0 0.0 42.0 0.0 -1.1929 0.0 -0.026 0.22361 997.0 1.1261 9.0 51.0 0.0 -0.1929 0.0 -0.526 0.22361 995.0 1.4759 10.0 62.0 1.0071 0.0 0.0 -0.926 0.22361 991.0 1.7846 8.0 63.0 2.1071 0.0 0.0 -1.226 0.22361 990.0 1.7625 8.0 64.0 3.3071 0.0 0.0 -1.426 0.22361 989.0 1.7431 8.0 
0.45561 14.00819 56.0 2946.0 0.0 57.0 0.0 -2.4929 1.174 0.0 0.5 1000.0 2.5 19.0 58.0 0.0071 0.0 0.0 -0.126 0.41231 999.0 2.4542 17.0 54.0 2.1071 0.0 0.0 -0.726 0.31623 998.0 1.9855 16.0 51.0 3.8071 0.0 0.0 -1.126 0.2 998.0 1.7711 16.0 49.0 5.2071 0.0 0.0 -1.226 0.3 998.0 1.6349 16.0 
0.16981 59.28963 49.0 2947.0 0.0 50.0 0.0 -2.3929 1.174 0.0 0.5 1001.0 2.1279 18.0 52.0 0.0 -0.0929 0.0 -0.526 0.44721 1000.0 2.1245 16.0 52.0 2.3071 0.0 0.0 -1.426 0.4 999.0 1.9727 14.0 53.0 4.4071 0.0 0.0 -1.526 0.3 998.0 1.9127 17.0 59.0 6.2071 0.0 0.0 -1.326 0.3 995.0 1.9752 14.0 
0.54001 61.36266 47.0 2955.0 0.0 67.0 0.0 -2.3929 1.874 0.0 0.5 995.0 2.5 15.0 75.0 0.4071 0.0 0.374 0.0 0.44721 992.0 2.5 16.0 83.0 3.0071 0.0 0.0 -0.426 0.41231 986.0 2.5 13.0 91.0 5.1071 0.0 0.0 -0.726 0.4 977.0 2.3494 10.0 100.0 6.9071 0.0 0.0 -0.826 0.2 967.0 2.2204 9.0 
0.29079 14.00819 48.0 2973.0 0.0 62.0 0.0 -2.6929 2.874 0.0 0.78102 1001.0 2.5 18.0 56.0 0.0071 0.0 0.0 -0.126 0.56569 1001.0 2.5 16.0 53.0 2.3071 0.0 0.0 -2.026 0.44721 1000.0 2.207 17.0 55.0 4.4071 0.0 0.0 -3.126 0.44721 999.0 2.2069 17.0 57.0 6.4071 0.0 0.0 -3.826 0.31623 997.0 2.074 15.0 
0.29174 52.57774 64.0 2976.0 0.0 50.0 0.0 -0.9929 0.0 -0.626 0.2 996.0 1.502 15.0 58.0 0.2071 0.0 0.0 -0.426 0.22361 993.0 1.7179 12.0 61.0 1.4071 0.0 0.174 0.0 0.22361 992.0 1.8098 12.0 65.0 2.5071 0.0 0.974 0.0 0.31623 990.0 1.8762 11.0 70.0 3.8071 0.0 1.974 0.0 0.28284 988.0 2.0019 10.0 
0.19658 51.90795 60.0 2981.0 0.0 51.0 0.0 -2.5929 1.274 0.0 0.56569 1001.0 2.2138 18.0 48.0 0.0 -0.1929 0.0 -0.426 0.36056 1001.0 1.961 17.0 47.0 1.8071 0.0 0.0 -1.426 0.41231 1000.0 1.7355 15.0 47.0 3.6071 0.0 0.0 -2.026 0.22361 999.0 1.6116 18.0 51.0 5.0071 0.0 0.0 -2.326 0.2 997.0 1.6604 15.0 
0.23762 70.24699 78.0 29.0 0.0 45.0 0.0 -2.1929 0.374 0.0 0.44721 1001.0 1.7236 24.0 45.0 0.0 -0.0929 0.0 -0.626 0.36056 1001.0 1.7236 29.0 45.0 1.7071 0.0 0.0 -1.126 0.3 1000.0 1.591 25.0 46.0 3.3071 0.0 0.0 -1.026 0.22361 999.0 1.5437 23.0 44.0 4.6071 0.0 0.0 -0.626 0.14142 998.0 1.3183 22.0 
0.36801 81.1004 51.0 3011.0 0.0 57.0 0.0 -1.6929 0.0 -1.626 0.44721 997.0 2.074 13.0 62.0 0.5071 0.0 0.0 -0.526 0.36056 995.0 2.1812 14.0 67.0 2.3071 0.0 0.574 0.0 0.28284 992.0 2.1833 12.0 72.0 3.9071 0.0 1.574 0.0 0.36056 989.0 2.2062 11.0 74.0 5.6071 0.0 2.274 0.0 0.31623 988.0 2.2372 10.0 
0.47311 18.35579 45.0 3044.0 0.0 60.0 0.0 -3.0929 1.874 0.0 0.72111 1002.0 2.5 25.0 56.0 0.1071 0.0 0.0 -0.126 0.53852 1001.0 2.5 23.0 53.0 2.8071 0.0 0.0 -1.226 0.44721 1001.0 2.3909 21.0 49.0 5.1071 0.0 0.0 -1.726 0.4 1000.0 1.8864 19.0 48.0 7.1071 0.0 0.0 -1.426 0.31623 1000.0 1.8102 19.0 
0.50866 119.24761 40.0 3046.0 0.0 72.0 0.0 -1.5929 4.574 0.0 0.80623 998.0 2.5 14.0 75.0 1.0071 0.0 0.374 0.0 0.86023 996.0 2.5 12.0 76.0 3.7071 0.0 0.0 -3.426 0.72111 994.0 2.5 11.0 81.0 6.3071 0.0 0.0 -6.526 0.56569 990.0 2.5 12.0 88.0 8.6071 0.0 0.0 -8.926 0.42426 985.0 2.5 12.0 
0.175 212.87897 43.0 3051.0 0.0 81.0 0.0 -0.8929 6.374 0.0 1.11803 999.0 2.5 15.0 78.0 1.7071 0.0 0.874 0.0 0.80623 997.0 2.5 13.0 73.0 4.0071 0.0 0.0 -3.226 0.72111 994.0 2.5 11.0 73.0 6.0071 0.0 0.0 -6.226 0.5 991.0 2.474 13.0 79.0 7.8071 0.0 0.0 -8.226 0.36056 984.0 2.1981 10.0 
0.35462 10.70814 60.0 3072.0 0.0 45.0 0.0 -2.1929 0.0 -0.026 0.3 1002.0 1.8803 19.0 44.0 0.0 -0.0929 0.0 -0.026 0.3 1001.0 1.6478 22.0 45.0 1.7071 0.0 0.0 -0.026 0.31623 1000.0 1.591 19.0 45.0 3.2071 0.0 0.0 -0.326 0.22361 999.0 1.4773 18.0 44.0 4.5071 0.0 0.0 -0.626 0.22361 999.0 1.4124 17.0 
0.1361 57.38457 58.0 3080.0 0.0 55.0 0.0 -2.5929 2.074 0.0 0.64031 1000.0 2.3767 12.0 53.0 0.0 -0.2929 0.0 -0.426 0.42426 1000.0 2.207 16.0 52.0 1.6071 0.0 0.0 -2.226 0.36056 998.0 1.8412 14.0 53.0 3.2071 0.0 0.0 -3.526 0.28284 996.0 1.6877 12.0 57.0 4.6071 0.0 0.0 -4.326 0.22361 994.0 1.7465 13.0 
0.26303 37.62661 56.0 3082.0 0.0 54.0 0.0 -2.2929 1.374 0.0 0.5 998.0 1.9855 10.0 55.0 0.0 -0.0929 0.0 -0.326 0.36056 998.0 2.0598 13.0 59.0 1.9071 0.0 0.0 -1.426 0.36056 995.0 1.9752 11.0 65.0 3.7071 0.0 0.0 -2.226 0.22361 992.0 2.0549 12.0 77.0 5.2071 0.0 0.0 -2.926 0.36056 985.0 2.1628 9.0 
0.3579 69.35559 45.0 3085.0 0.0 61.0 0.0 -2.8929 2.674 0.0 0.72111 1001.0 2.5 13.0 59.0 0.4071 0.0 0.474 0.0 0.64031 1000.0 2.5 12.0 57.0 3.0071 0.0 0.0 -1.926 0.56569 1000.0 2.5 16.0 57.0 5.3071 0.0 0.0 -4.226 0.42426 999.0 2.3703 14.0 59.0 7.3071 0.0 0.0 -6.226 0.42426 996.0 2.0914 12.0 
0.19723 37.62661 63.0 3086.0 0.0 51.0 0.0 -2.1929 1.374 0.0 0.56569 1000.0 2.0435 12.0 49.0 0.0 -0.0929 0.0 -0.326 0.36056 1000.0 1.8864 15.0 48.0 1.7071 0.0 0.0 -1.426 0.22361 998.0 1.5688 14.0 49.0 3.1071 0.0 0.0 -2.226 0.22361 996.0 1.4425 12.0 56.0 4.3071 0.0 0.0 -2.826 0.22361 994.0 1.6858 13.0 
0.46299 41.52148 46.0 3099.0 0.0 64.0 0.0 -2.9929 2.674 0.0 0.70711 1000.0 2.5 16.0 60.0 0.0071 0.0 0.374 0.0 0.5831 999.0 2.5 15.0 60.0 2.6071 0.0 0.0 -1.526 0.44721 998.0 2.4513 15.0 63.0 4.8071 0.0 0.0 -3.026 0.44721 996.0 2.3846 14.0 67.0 6.9071 0.0 0.0 -4.026 0.36056 993.0 2.2925 12.0 
0.45949 30.42421 58.0 3105.0 0.0 64.0 0.0 -2.8929 0.374 0.0 0.5 999.0 2.5 18.0 61.0 0.0071 0.0 0.274 0.0 0.5099 998.0 2.5 16.0 55.0 2.3071 0.0 0.0 -0.126 0.31623 998.0 2.0598 16.0 50.0 4.0071 0.0 0.0 -0.626 0.31623 999.0 1.8239 16.0 46.0 5.4071 0.0 0.0 -1.026 0.2 999.0 1.5437 17.0 
0.26535 173.59727 38.0 3136.0 0.0 82.0 0.0 -2.6929 6.574 0.0 1.16619 1001.0 2.5 15.0 78.0 0.9071 0.0 1.274 0.0 1.0 1000.0 2.5 16.0 73.0 4.2071 0.0 0.0 -2.826 0.84853 999.0 2.5 14.0 71.0 7.1071 0.0 0.0 -6.026 0.64031 997.0 2.5 14.0 73.0 9.6071 0.0 0.0 -8.526 0.42426 994.0 2.5 13.0 
0.32819 53.71602 45.0 3139.0 0.0 53.0 0.0 -2.0929 2.874 0.0 0.64031 1001.0 2.3909 17.0 56.0 0.3071 0.0 0.374 0.0 0.56569 1000.0 2.4639 16.0 56.0 2.6071 0.0 0.0 -1.726 0.5 999.0 2.2879 14.0 60.0 4.8071 0.0 0.0 -3.426 0.36056 997.0 2.2981 16.0 65.0 6.9071 0.0 0.0 -4.626 0.44721 995.0 2.3974 14.0 
0.53426 19.33007 56.0 3151.0 0.0 64.0 0.0 -2.4929 1.174 0.0 0.53852 997.0 2.5 15.0 67.0 0.0071 0.0 0.174 0.0 0.41231 994.0 2.4131 13.0 68.0 2.0071 0.0 0.0 -0.826 0.36056 992.0 2.249 12.0 70.0 3.7071 0.0 0.0 -1.926 0.36056 990.0 2.176 11.0 74.0 5.2071 0.0 0.0 -3.026 0.28284 986.0 2.0715 10.0 
0.16136 47.29257 49.0 315.0 0.0 45.0 0.0 -2.1929 0.674 0.0 0.36056 1002.0 1.8803 14.0 45.0 0.0071 0.0 0.0 -0.426 0.31623 1001.0 1.7236 13.0 46.0 2.1071 0.0 0.0 -1.026 0.3 1001.0 1.801 16.0 51.0 4.1071 0.0 0.0 -1.026 0.41231 999.0 1.8976 13.0 54.0 6.1071 0.0 0.0 -0.526 0.31623 998.0 1.9855 12.0 
0.35109 25.09838 74.0 3175.0 0.0 45.0 0.0 -1.2929 0.0 -0.126 0.2 998.0 1.3789 17.0 53.0 0.0071 0.0 0.0 -0.226 0.2 996.0 1.6877 14.0 56.0 1.3071 0.0 0.0 -0.326 0.2 994.0 1.6858 13.0 56.0 2.5071 0.0 0.0 -0.226 0.14142 993.0 1.6015 12.0 56.0 3.4071 0.0 0.174 0.0 0.14142 993.0 1.6015 12.0 
0.14103 56.66943 63.0 3186.0 0.0 47.0 0.0 -2.3929 0.574 0.0 0.36056 1001.0 1.8802 17.0 46.0 0.0 -0.3929 0.0 -0.326 0.36056 1000.0 1.6625 16.0 46.0 1.2071 0.0 0.0 -1.326 0.31623 999.0 1.5437 14.0 47.0 2.6071 0.0 0.0 -2.126 0.28284 998.0 1.5041 15.0 54.0 3.8071 0.0 0.0 -2.726 0.22361 995.0 1.6546 14.0 
0.33084 25.09838 51.0 3220.0 0.0 43.0 0.0 -1.5929 0.0 -0.026 0.3 1001.0 1.5738 21.0 44.0 0.0071 0.0 0.0 -0.226 0.3 1000.0 1.5211 19.0 46.0 1.6071 0.0 0.0 -0.126 0.31623 1000.0 1.6625 18.0 48.0 3.3071 0.0 0.174 0.0 0.31623 999.0 1.6809 18.0 50.0 5.2071 0.0 0.374 0.0 0.3 999.0 1.8239 18.0 
0.13512 72.87608 55.0 3234.0 0.0 48.0 0.0 -2.3929 1.174 0.0 0.42426 1001.0 1.961 16.0 45.0 0.0 -0.3929 0.0 -0.526 0.36056 1001.0 1.7236 17.0 45.0 1.4071 0.0 0.0 -1.726 0.28284 1000.0 1.591 15.0 48.0 3.1071 0.0 0.0 -2.626 0.28284 998.0 1.5688 14.0 54.0 4.8071 0.0 0.0 -3.326 0.31623 997.0 1.8615 15.0 
0.47132 48.75749 49.0 3264.0 0.0 50.0 0.0 -1.5929 0.0 -0.926 0.3 999.0 1.8239 17.0 55.0 0.1071 0.0 0.0 -0.426 0.31623 997.0 1.931 15.0 59.0 1.9071 0.0 0.374 0.0 0.31623 996.0 2.0914 14.0 62.0 3.9071 0.0 0.874 0.0 0.4 996.0 2.3095 14.0 61.0 6.1071 0.0 0.974 0.0 0.3 996.0 2.2356 14.0 
0.30485 121.88924 43.0 3266.0 0.0 73.0 0.0 -2.6929 5.174 0.0 0.92195 1000.0 2.5 16.0 70.0 0.5071 0.0 0.974 0.0 0.70711 999.0 2.5 15.0 67.0 3.4071 0.0 0.0 -2.026 0.5 998.0 2.5 17.0 62.0 5.8071 0.0 0.0 -3.826 0.36056 997.0 2.4538 15.0 61.0 7.8071 0.0 0.0 -4.526 0.31623 995.0 2.1114 14.0 
0.11643 90.28514 48.0 328.0 0.0 47.0 0.0 -2.3929 1.174 0.0 0.36056 998.0 1.5041 14.0 54.0 0.0 -0.6929 0.0 -0.426 0.42426 996.0 1.752 13.0 62.0 1.3071 0.0 0.0 -1.726 0.31623 994.0 2.0664 14.0 67.0 3.5071 0.0 0.0 -2.526 0.41231 992.0 2.1833 13.0 78.0 5.9071 0.0 0.0 -3.026 0.41231 989.0 2.5 14.0 
0.30619 30.02471 43.0 3305.0 0.0 53.0 0.0 -2.0929 2.274 0.0 0.56569 1001.0 2.3909 16.0 54.0 0.2071 0.0 0.174 0.0 0.5 1000.0 2.291 15.0 60.0 2.6071 0.0 0.0 -1.526 0.5831 999.0 2.5 17.0 68.0 5.3071 0.0 0.0 -3.026 0.44721 996.0 2.5 14.0 67.0 7.7071 0.0 0.0 -4.126 0.31623 995.0 2.5 13.0 
0.46757 73.93353 40.0 3307.0 0.0 62.0 0.0 -2.4929 3.974 0.0 0.84853 1001.0 2.5 16.0 65.0 0.6071 0.0 0.274 0.0 0.84853 1001.0 2.5 17.0 65.0 3.6071 0.0 0.0 -3.126 0.64031 1000.0 2.5 15.0 65.0 6.3071 0.0 0.0 -5.926 0.56569 998.0 2.5 13.0 67.0 8.9071 0.0 0.0 -8.226 0.5 997.0 2.5 15.0 
0.34056 132.05205 39.0 3310.0 0.0 64.0 0.0 -1.9929 4.774 0.0 0.80623 1001.0 2.5 13.0 64.0 0.8071 0.0 0.874 0.0 0.72111 1000.0 2.5 12.0 63.0 3.7071 0.0 0.0 -2.226 0.64031 1000.0 2.5 15.0 62.0 6.5071 0.0 0.0 -4.226 0.5099 998.0 2.5 13.0 62.0 9.2071 0.0 0.0 -4.926 0.4 995.0 2.1812 11.0 
0.33177 14.4498 43.0 3311.0 0.0 66.0 0.0 -2.5929 3.674 0.0 0.72111 1000.0 2.5 12.0 64.0 0.1071 0.0 0.074 0.0 0.64031 999.0 2.5 10.0 65.0 2.7071 0.0 0.0 -2.826 0.64031 998.0 2.5 13.0 69.0 5.3071 0.0 0.0 -5.226 0.56569 995.0 2.5 11.0 73.0 7.7071 0.0 0.0 -7.026 0.5 992.0 2.5 12.0 
0.19854 66.82775 56.0 3315.0 0.0 42.0 0.0 -1.8929 0.174 0.0 0.31623 1001.0 1.5014 22.0 46.0 0.0 -0.2929 0.0 -0.526 0.31623 1000.0 1.6625 19.0 49.0 1.4071 0.0 0.0 -1.126 0.22361 999.0 1.7517 17.0 49.0 3.0071 0.0 0.0 -1.726 0.22361 999.0 1.7517 17.0 48.0 4.6071 0.0 0.0 -2.326 0.22361 999.0 1.6809 17.0 
0.26012 42.04636 59.0 3316.0 0.0 42.0 0.0 -1.6929 0.0 -0.126 0.3 1001.0 1.5014 21.0 44.0 0.0 -0.1929 0.0 -0.326 0.31623 1000.0 1.5211 18.0 47.0 1.2071 0.0 0.0 -0.226 0.2 999.0 1.6116 17.0 48.0 2.5071 0.0 0.074 0.0 0.22361 998.0 1.5688 16.0 49.0 3.9071 0.0 0.574 0.0 0.22361 998.0 1.6349 16.0 
0.22902 161.61106 80.0 3336.0 0.0 50.0 1.5071 0.0 0.0 -0.726 0.2 995.0 1.4186 17.0 52.0 1.4071 0.0 0.374 0.0 0.2 994.0 1.4536 17.0 53.0 1.4071 0.0 1.374 0.0 0.2 993.0 1.4345 16.0 55.0 1.3071 0.0 2.174 0.0 0.1 990.0 1.3433 15.0 56.0 1.4071 0.0 2.574 0.0 0.1 989.0 1.3346 14.0 
0.24103 61.36266 44.0 3338.0 0.0 59.0 0.0 -1.5929 3.674 0.0 0.80623 1000.0 2.5 12.0 56.0 0.4071 0.0 0.374 0.0 0.64031 1000.0 2.4639 15.0 59.0 2.6071 0.0 0.0 -2.126 0.5 999.0 2.5 14.0 64.0 5.0071 0.0 0.0 -4.126 0.5 997.0 2.5 12.0 64.0 7.3071 0.0 0.0 -5.826 0.44721 996.0 2.4609 14.0 
0.55919 13.18352 41.0 333.0 0.0 65.0 0.0 -3.6929 2.274 0.0 0.80623 1001.0 2.5 18.0 63.0 0.0 -0.0929 0.074 0.0 0.63246 1000.0 2.5 16.0 62.0 3.2071 0.0 0.0 -1.226 0.60828 999.0 2.5 14.0 62.0 6.2071 0.0 0.0 -1.826 0.4 998.0 2.5 16.0 62.0 8.6071 0.0 0.0 -2.026 0.3 996.0 2.3095 14.0 
0.42507 25.09838 46.0 3346.0 0.0 51.0 0.0 -1.4929 1.274 0.0 0.36056 997.0 1.6604 13.0 55.0 0.0071 0.0 0.0 -0.226 0.36056 995.0 1.7165 15.0 65.0 1.8071 0.0 0.0 -1.126 0.41231 991.0 1.9615 12.0 82.0 4.0071 0.0 0.0 -1.826 0.41231 985.0 2.4528 13.0 98.0 6.5071 0.0 0.0 -2.426 0.41231 976.0 2.5 10.0 
0.47183 19.33007 55.0 3357.0 0.0 55.0 0.0 -1.7929 1.674 0.0 0.42426 998.0 2.0598 16.0 60.0 0.0071 0.0 0.174 0.0 0.36056 996.0 2.1629 14.0 63.0 1.9071 0.0 0.0 -1.026 0.36056 995.0 2.2521 13.0 65.0 3.8071 0.0 0.0 -2.026 0.31623 993.0 2.1576 12.0 66.0 5.6071 0.0 0.0 -2.726 0.22361 992.0 2.1186 12.0 
0.06809 56.66943 48.0 3391.0 0.0 53.0 0.0 -2.7929 1.874 0.0 0.56569 1000.0 2.207 12.0 56.0 0.0 -0.3929 0.0 -0.326 0.5 999.0 2.2879 10.0 57.0 1.9071 0.0 0.0 -1.626 0.44721 999.0 2.3703 13.0 60.0 4.1071 0.0 0.0 -2.326 0.41231 996.0 2.1629 11.0 64.0 6.1071 0.0 0.0 -2.626 0.4 993.0 2.0918 9.0 
0.24477 25.57494 62.0 3400.0 0.0 53.0 0.0 -2.3929 1.374 0.0 0.5 1001.0 2.3909 22.0 51.0 0.0 -0.1929 0.0 -0.126 0.36056 1000.0 2.0435 19.0 47.0 1.5071 0.0 0.0 -0.826 0.22361 999.0 1.6116 18.0 45.0 2.8071 0.0 0.0 -1.026 0.22361 998.0 1.3789 17.0 46.0 4.0071 0.0 0.0 -0.826 0.22361 998.0 1.4408 16.0 
0.42922 89.16323 46.0 3407.0 0.0 45.0 0.0 -1.0929 0.0 -1.726 0.36056 1000.0 1.591 15.0 51.0 0.6071 0.0 0.0 -0.526 0.5 999.0 1.8976 18.0 59.0 2.6071 0.0 0.674 0.0 0.31623 997.0 2.2221 15.0 62.0 4.6071 0.0 1.274 0.0 0.41231 996.0 2.3095 14.0 63.0 6.7071 0.0 1.874 0.0 0.3 995.0 2.2521 13.0 
0.41298 12.23339 47.0 3409.0 0.0 58.0 0.0 -2.5929 2.174 0.0 0.64031 1000.0 2.5 11.0 58.0 0.1071 0.0 0.0 -0.026 0.56569 999.0 2.4542 15.0 57.0 2.5071 0.0 0.0 -1.826 0.44721 998.0 2.2123 13.0 56.0 4.6071 0.0 0.0 -2.926 0.41231 996.0 1.8841 12.0 62.0 6.6071 0.0 0.0 -3.326 0.31623 994.0 2.0664 13.0 
0.51162 2.99167 54.0 3425.0 0.0 58.0 0.0 -2.3929 0.0 -0.426 0.5 1000.0 2.5 21.0 53.0 0.0071 0.0 0.0 -0.026 0.41231 999.0 2.0493 17.0 56.0 2.0071 0.0 0.574 0.0 0.3 997.0 2.0019 15.0 55.0 3.8071 0.0 0.774 0.0 0.2 996.0 1.8174 14.0 54.0 5.3071 0.0 0.774 0.0 0.2 996.0 1.752 14.0 
0.43541 30.42421 49.0 3428.0 0.0 52.0 0.0 -2.2929 1.374 0.0 0.5 1001.0 2.3015 19.0 53.0 0.0071 0.0 0.274 0.0 0.36056 1000.0 2.207 19.0 56.0 2.2071 0.0 0.0 -0.026 0.3 998.0 2.1353 16.0 56.0 4.2071 0.0 0.174 0.0 0.4 998.0 2.1353 15.0 55.0 6.1071 0.0 0.474 0.0 0.31623 997.0 1.931 15.0 
0.25692 48.39733 53.0 3433.0 0.0 48.0 0.0 -1.6929 0.674 0.0 0.42426 998.0 1.5688 18.0 54.0 0.0 -0.0929 0.0 -0.426 0.22361 997.0 1.8615 20.0 59.0 1.5071 0.0 0.0 -0.926 0.2 994.0 1.8713 17.0 63.0 3.0071 0.0 0.0 -0.826 0.3 992.0 1.9304 15.0 70.0 4.6071 0.0 0.0 -0.526 0.31623 990.0 2.176 14.0 
0.20163 42.04636 48.0 3439.0 0.0 50.0 0.0 -2.3929 1.774 0.0 0.56569 1002.0 2.3213 19.0 49.0 0.0 -0.1929 0.0 -0.326 0.5 1001.0 2.0436 17.0 49.0 2.0071 0.0 0.0 -1.726 0.44721 1000.0 1.8864 16.0 51.0 4.2071 0.0 0.0 -2.426 0.41231 1000.0 2.0435 18.0 55.0 6.3071 0.0 0.0 -2.626 0.3 998.0 2.0598 16.0 
0.24768 87.49915 51.0 3459.0 0.0 57.0 0.0 -1.8929 0.0 -1.026 0.5 999.0 2.3703 14.0 55.0 0.3071 0.0 0.0 -0.726 0.31623 997.0 1.931 16.0 60.0 2.0071 0.0 0.0 -0.226 0.31623 994.0 1.9352 13.0 65.0 3.8071 0.0 0.174 0.0 0.31623 993.0 2.1576 12.0 67.0 5.6071 0.0 0.574 0.0 0.3 991.0 2.0841 11.0 
0.19279 207.37362 40.0 3464.0 0.0 73.0 0.0 -0.2929 5.574 0.0 0.94868 999.0 2.5 12.0 68.0 1.8071 0.0 0.474 0.0 0.76158 999.0 2.5 15.0 64.0 3.8071 0.0 0.0 -3.326 0.67082 997.0 2.5 14.0 63.0 5.7071 0.0 0.0 -6.226 0.5 995.0 2.2521 12.0 66.0 7.5071 0.0 0.0 -8.426 0.42426 993.0 2.2245 13.0 
0.43306 56.88427 46.0 3466.0 0.0 67.0 0.0 -2.4929 3.774 0.0 0.86023 1001.0 2.5 18.0 64.0 0.5071 0.0 0.074 0.0 0.70711 1000.0 2.5 16.0 57.0 3.1071 0.0 0.0 -2.626 0.42426 999.0 2.3703 15.0 53.0 5.2071 0.0 0.0 -4.126 0.36056 997.0 1.7931 13.0 54.0 7.0071 0.0 0.0 -5.026 0.36056 996.0 1.752 12.0 
0.37594 8.25172 45.0 3511.0 0.0 57.0 0.0 -2.2929 2.574 0.0 0.64031 999.0 2.3703 11.0 60.0 0.0071 0.0 0.074 0.0 0.56569 999.0 2.5 13.0 66.0 2.5071 0.0 0.0 -1.726 0.44721 996.0 2.5 11.0 70.0 4.9071 0.0 0.0 -2.826 0.41231 993.0 2.5 9.0 73.0 7.2071 0.0 0.0 -3.226 0.41231 990.0 2.3665 8.0 
0.4345 113.60601 44.0 3521.0 0.0 63.0 0.0 -1.8929 4.274 0.0 0.78102 1000.0 2.5 12.0 66.0 0.9071 0.0 0.474 0.0 0.78102 999.0 2.5 11.0 64.0 3.6071 0.0 0.0 -2.826 0.72111 999.0 2.5 14.0 62.0 5.8071 0.0 0.0 -5.526 0.42426 997.0 2.4538 12.0 63.0 7.6071 0.0 0.0 -7.326 0.36056 993.0 2.0269 10.0 
0.21954 139.82063 44.0 3523.0 0.0 68.0 0.0 -1.5929 4.674 0.0 0.80623 998.0 2.5 10.0 69.0 0.9071 0.0 0.874 0.0 0.70711 998.0 2.5 13.0 71.0 3.5071 0.0 0.0 -2.126 0.5831 995.0 2.5 11.0 75.0 5.7071 0.0 0.0 -4.526 0.5 989.0 2.3938 9.0 87.0 7.6071 0.0 0.0 -6.226 0.36056 982.0 2.4938 9.0 
0.27664 51.68435 34.0 3524.0 0.0 72.0 0.0 -2.9929 4.474 0.0 1.0 1000.0 2.5 12.0 74.0 0.4071 0.0 0.0 -0.226 0.92195 1000.0 2.5 16.0 73.0 3.4071 0.0 0.0 -4.526 0.78102 999.0 2.5 14.0 69.0 5.9071 0.0 0.0 -8.026 0.64031 997.0 2.5 12.0 70.0 8.0071 0.0 0.0 -10.626 0.42426 994.0 2.5 13.0 
0.39877 13.18352 46.0 3528.0 0.0 61.0 0.0 -2.6929 2.774 0.0 0.56569 999.0 2.5 15.0 65.0 0.0 -0.0929 0.074 0.0 0.64031 998.0 2.5 13.0 66.0 2.5071 0.0 0.0 -2.026 0.44721 996.0 2.5 15.0 72.0 4.8071 0.0 0.0 -3.326 0.36056 992.0 2.5 12.0 73.0 6.8071 0.0 0.0 -3.926 0.3 989.0 2.2679 11.0 
0.39502 107.02187 38.0 3535.0 0.0 76.0 0.0 -3.4929 5.374 0.0 0.98995 1000.0 2.5 12.0 76.0 0.4071 0.0 0.874 0.0 0.92195 1000.0 2.5 15.0 75.0 3.7071 0.0 0.0 -3.326 0.78102 998.0 2.5 13.0 72.0 6.4071 0.0 0.0 -6.726 0.64031 996.0 2.5 12.0 72.0 8.5071 0.0 0.0 -9.326 0.5 993.0 2.5 13.0 
0.40343 132.36053 41.0 3541.0 0.0 73.0 0.0 -2.7929 4.674 0.0 0.92195 1000.0 2.5 16.0 73.0 0.9071 0.0 0.774 0.0 0.78102 999.0 2.5 15.0 70.0 4.1071 0.0 0.0 -2.626 0.64031 997.0 2.5 13.0 65.0 6.5071 0.0 0.0 -5.226 0.5 996.0 2.5 16.0 66.0 8.5071 0.0 0.0 -7.026 0.42426 992.0 2.1186 13.0 
0.33233 102.71108 44.0 3544.0 0.0 70.0 0.0 -2.0929 3.274 0.0 0.64031 994.0 2.5 14.0 79.0 0.5071 0.0 0.774 0.0 0.5 990.0 2.5 12.0 89.0 3.0071 0.0 0.0 -1.226 0.5831 983.0 2.5 11.0 105.0 5.4071 0.0 0.0 -2.826 0.44721 971.0 2.5 9.0 113.0 7.5071 0.0 0.0 -3.826 0.41231 961.0 2.5 8.0 
0.22797 48.39733 44.0 3551.0 0.0 53.0 0.0 -2.7929 1.674 0.0 0.5 1001.0 2.3909 18.0 57.0 0.0 -0.0929 0.0 -0.426 0.64031 1001.0 2.5 19.0 61.0 2.7071 0.0 0.0 -2.326 0.5831 1000.0 2.5 18.0 60.0 5.3071 0.0 0.0 -3.626 0.41231 998.0 2.4513 16.0 55.0 7.4071 0.0 0.0 -3.926 0.3 998.0 2.0598 16.0 
0.07846 57.38457 49.0 356.0 0.0 51.0 0.0 -2.6929 1.774 0.0 0.56569 1002.0 2.4151 13.0 51.0 0.0 -0.2929 0.0 -0.426 0.56569 1001.0 2.2138 12.0 51.0 1.9071 0.0 0.0 -2.226 0.44721 1000.0 2.0435 11.0 53.0 4.1071 0.0 0.0 -3.326 0.44721 999.0 2.0493 14.0 57.0 6.2071 0.0 0.0 -3.926 0.31623 997.0 2.074 11.0 
0.21231 42.04636 54.0 3596.0 0.0 45.0 0.0 -1.8929 0.674 0.0 0.36056 999.0 1.4773 15.0 47.0 0.0 -0.1929 0.0 -0.326 0.28284 998.0 1.5041 14.0 51.0 1.4071 0.0 0.0 -1.126 0.36056 997.0 1.6604 16.0 58.0 3.1071 0.0 0.0 -2.026 0.22361 994.0 1.8084 14.0 68.0 4.7071 0.0 0.0 -2.826 0.31623 990.0 2.0534 15.0 
0.16235 51.90795 52.0 3598.0 0.0 50.0 0.0 -2.3929 1.474 0.0 0.56569 1001.0 2.1279 18.0 50.0 0.0 -0.1929 0.0 -0.426 0.44721 1000.0 1.9642 16.0 51.0 1.9071 0.0 0.0 -1.926 0.42426 999.0 1.8976 14.0 53.0 3.8071 0.0 0.0 -3.326 0.36056 998.0 1.9127 15.0 57.0 5.5071 0.0 0.0 -4.326 0.31623 996.0 1.952 14.0 
0.40792 53.94034 52.0 3621.0 0.0 64.0 0.0 -1.9929 2.174 0.0 0.42426 994.0 2.2019 12.0 67.0 0.1071 0.0 0.474 0.0 0.5 993.0 2.2925 10.0 66.0 2.2071 0.0 0.0 -1.226 0.36056 992.0 2.1186 10.0 73.0 4.1071 0.0 0.0 -2.526 0.22361 988.0 2.1772 11.0 87.0 5.7071 0.0 0.0 -3.426 0.31623 977.0 2.1474 8.0 
0.13258 57.38457 53.0 3623.0 0.0 48.0 0.0 -2.3929 1.374 0.0 0.42426 1001.0 1.961 18.0 49.0 0.0 -0.2929 0.0 -0.426 0.36056 1000.0 1.8864 16.0 51.0 1.7071 0.0 0.0 -1.726 0.44721 999.0 1.8976 14.0 53.0 3.7071 0.0 0.0 -2.826 0.36056 998.0 1.9127 17.0 57.0 5.5071 0.0 0.0 -3.626 0.22361 996.0 1.952 14.0 
0.05928 67.28161 30.0 3624.0 0.0 74.0 0.0 -3.3929 5.474 0.0 1.11803 1001.0 2.5 13.0 73.0 0.0 -0.5929 0.0 -0.126 1.02956 1001.0 2.5 17.0 73.0 2.0071 0.0 0.0 -5.226 0.89443 1000.0 2.5 15.0 73.0 4.6071 0.0 0.0 -9.526 0.78102 998.0 2.5 13.0 72.0 7.5071 0.0 0.0 -12.526 0.5 996.0 2.5 13.0 
0.30112 118.12228 47.0 3642.0 0.0 66.0 0.0 -1.8929 3.974 0.0 0.64031 998.0 2.5 13.0 69.0 0.6071 0.0 0.874 0.0 0.64031 996.0 2.5 12.0 72.0 2.9071 0.0 0.0 -1.826 0.56569 992.0 2.5 10.0 78.0 5.0071 0.0 0.0 -3.726 0.36056 987.0 2.39 10.0 92.0 6.8071 0.0 0.0 -4.726 0.22361 975.0 2.275 8.0 
0.05891 56.66943 32.0 3644.0 0.0 65.0 0.0 -2.7929 4.074 0.0 0.86023 1000.0 2.5 12.0 67.0 0.0 -0.3929 0.0 -0.326 0.80623 999.0 2.5 11.0 69.0 2.0071 0.0 0.0 -4.426 0.80623 998.0 2.5 14.0 73.0 4.7071 0.0 0.0 -7.726 0.70711 996.0 2.5 11.0 74.0 7.5071 0.0 0.0 -9.726 0.44721 992.0 2.5 9.0 
0.09195 92.26407 51.0 3654.0 0.0 59.0 0.0 -2.3929 0.0 -0.426 0.41231 997.0 2.2221 13.0 61.0 0.0 -0.0929 0.0 -0.826 0.41231 995.0 2.1114 11.0 69.0 2.0071 0.0 0.0 -1.126 0.4 991.0 2.2103 12.0 79.0 4.0071 0.0 0.0 -1.226 0.3 985.0 2.2766 10.0 88.0 5.9071 0.0 0.0 -1.026 0.31623 978.0 2.2599 8.0 
0.37277 25.57494 51.0 3702.0 0.0 48.0 0.0 -2.7929 0.674 0.0 0.41231 1001.0 1.961 18.0 51.0 0.0 -0.1929 0.0 -0.126 0.44721 1000.0 2.0435 16.0 51.0 2.1071 0.0 0.0 -1.026 0.36056 999.0 1.8976 14.0 52.0 4.0071 0.0 0.0 -1.926 0.36056 997.0 1.7261 13.0 59.0 5.7071 0.0 0.0 -2.826 0.36056 995.0 1.9752 14.0 
0.50272 62.69156 43.0 3717.0 0.0 65.0 0.0 -2.7929 2.774 0.0 0.64031 998.0 2.5 13.0 71.0 0.3071 0.0 0.474 0.0 0.5831 996.0 2.5 11.0 75.0 3.2071 0.0 0.0 -1.226 0.44721 993.0 2.5 12.0 78.0 5.6071 0.0 0.0 -2.226 0.31623 988.0 2.4856 10.0 83.0 7.7071 0.0 0.0 -2.726 0.31623 984.0 2.4263 9.0 
0.33961 108.91054 42.0 3735.0 0.0 76.0 0.0 -2.3929 4.974 0.0 1.14018 1001.0 2.5 18.0 68.0 0.9071 0.0 0.374 0.0 0.80623 1000.0 2.5 16.0 61.0 3.2071 0.0 0.0 -3.226 0.72111 999.0 2.5 15.0 57.0 5.2071 0.0 0.0 -5.926 0.5 997.0 2.074 13.0 57.0 6.9071 0.0 0.0 -7.726 0.42426 996.0 1.952 16.0 
0.09516 305.94158 41.0 3737.0 0.0 56.0 0.0 -2.2929 0.0 -2.826 0.4 998.0 2.1353 13.0 66.0 0.4071 0.0 0.0 -2.726 0.5099 996.0 2.5 13.0 74.0 3.2071 0.0 0.0 -1.826 0.53852 993.0 2.5 13.0 80.0 5.9071 0.0 0.0 -0.526 0.44721 990.0 2.5 11.0 82.0 8.4071 0.0 0.374 0.0 0.44721 987.0 2.5 10.0 
0.45676 116.7183 42.0 3738.0 0.0 75.0 0.0 -2.3929 4.774 0.0 1.0 999.0 2.5 15.0 72.0 0.8071 0.0 0.674 0.0 0.86023 998.0 2.5 14.0 69.0 3.5071 0.0 0.0 -2.826 0.72111 996.0 2.5 13.0 69.0 5.9071 0.0 0.0 -5.626 0.56569 994.0 2.5 13.0 74.0 8.1071 0.0 0.0 -7.626 0.5 990.0 2.4318 12.0 
0.12887 227.86887 39.0 3739.0 0.0 84.0 0.0 -1.6929 6.274 0.0 1.16619 1000.0 2.5 12.0 76.0 1.8071 0.0 0.974 0.0 0.89443 999.0 2.5 15.0 72.0 4.5071 0.0 0.0 -3.326 0.72111 998.0 2.5 13.0 71.0 6.8071 0.0 0.0 -6.626 0.64031 995.0 2.5 11.0 79.0 9.2071 0.0 0.0 -9.226 0.56569 992.0 2.5 12.0 
0.54814 12.23339 47.0 3740.0 0.0 52.0 0.0 -2.8929 0.274 0.0 0.5 1001.0 2.3015 16.0 57.0 0.1071 0.0 0.0 -0.026 0.41231 1000.0 2.5 19.0 60.0 2.7071 0.0 0.0 -0.526 0.5099 998.0 2.4513 16.0 58.0 5.0071 0.0 0.0 -0.926 0.3 997.0 2.1474 15.0 56.0 6.9071 0.0 0.0 -1.126 0.2 997.0 2.0019 15.0 
0.34234 18.35579 43.0 3751.0 0.0 60.0 0.0 -2.9929 2.174 0.0 0.64031 1001.0 2.5 12.0 61.0 0.1071 0.0 0.0 -0.126 0.64031 1000.0 2.5 11.0 60.0 3.0071 0.0 0.0 -1.926 0.5 998.0 2.4513 9.0 62.0 5.5071 0.0 0.0 -3.326 0.44721 996.0 2.3095 10.0 69.0 7.8071 0.0 0.0 -4.126 0.3 993.0 2.4314 9.0 
0.4193 97.07306 40.0 3760.0 0.0 73.0 0.0 -3.4929 4.274 0.0 0.92195 1000.0 2.5 13.0 69.0 0.4071 0.0 0.774 0.0 0.84853 1000.0 2.5 17.0 65.0 3.7071 0.0 0.0 -2.226 0.70711 1000.0 2.5 15.0 63.0 6.4071 0.0 0.0 -4.726 0.64031 998.0 2.5 14.0 66.0 9.1071 0.0 0.0 -6.626 0.5831 997.0 2.5 14.0 
0.5172 14.4498 41.0 3762.0 0.0 48.0 0.0 -2.5929 0.874 0.0 0.44721 1002.0 2.1393 13.0 53.0 0.1071 0.0 0.074 0.0 0.5099 1001.0 2.3909 12.0 58.0 3.0071 0.0 0.0 -0.426 0.5099 1000.0 2.5 14.0 62.0 5.9071 0.0 0.0 -0.926 0.41231 998.0 2.5 12.0 61.0 8.5071 0.0 0.0 -1.426 0.41231 998.0 2.5 12.0 
0.21944 32.98146 47.0 377.0 0.0 47.0 0.0 -1.9929 1.774 0.0 0.5 1001.0 1.8802 18.0 48.0 0.0 -0.1929 0.0 -0.226 0.44721 1000.0 1.8102 16.0 50.0 1.9071 0.0 0.0 -1.326 0.41231 999.0 1.8239 15.0 56.0 4.2071 0.0 0.0 -1.426 0.41231 999.0 2.2879 17.0 63.0 6.6071 0.0 0.0 -0.926 0.31623 996.0 2.3846 14.0 
0.29237 14.00819 67.0 3789.0 0.0 45.0 0.0 -1.7929 0.174 0.0 0.31623 1001.0 1.7236 22.0 45.0 0.0071 0.0 0.0 -0.126 0.2 1000.0 1.591 19.0 44.0 1.4071 0.0 0.0 -0.226 0.22361 1000.0 1.5211 18.0 44.0 2.7071 0.0 0.074 0.0 0.22361 999.0 1.4124 17.0 44.0 3.8071 0.0 0.574 0.0 0.22361 999.0 1.4124 17.0 
0.13145 72.3143 112.0 3793.0 0.0 46.0 0.0 -2.1929 0.674 0.0 0.36056 1001.0 1.801 22.0 45.0 0.0 -0.4929 0.0 -0.426 0.28284 1000.0 1.591 19.0 45.0 0.9071 0.0 0.0 -1.026 0.22361 999.0 1.4773 17.0 42.0 2.0071 0.0 0.0 -1.326 0.2 999.0 1.2869 17.0 40.0 2.8071 0.0 0.0 -1.226 0.14142 999.0 1.1673 17.0 
0.44431 62.69156 42.0 3794.0 0.0 71.0 0.0 -2.9929 4.174 0.0 0.92195 999.0 2.5 12.0 66.0 0.3071 0.0 0.474 0.0 0.70711 999.0 2.5 13.0 63.0 3.1071 0.0 0.0 -2.426 0.56569 998.0 2.5 14.0 62.0 5.6071 0.0 0.0 -4.426 0.5 996.0 2.3095 12.0 66.0 8.1071 0.0 0.0 -5.926 0.44721 994.0 2.3416 12.0 
0.4871 26.90838 83.0 3795.0 0.0 52.0 0.1071 0.0 0.0 -0.426 0.1 991.0 1.2554 11.0 60.0 0.2071 0.0 0.0 -0.126 0.14142 987.0 1.4142 10.0 61.0 0.5071 0.0 0.374 0.0 0.14142 987.0 1.4617 10.0 63.0 0.9071 0.0 0.974 0.0 0.14142 987.0 1.5592 10.0 66.0 1.4071 0.0 1.974 0.0 0.14142 987.0 1.7112 10.0 
0.41111 26.90838 69.0 3820.0 0.0 43.0 0.0 -0.7929 0.0 -0.726 0.1 999.0 1.3489 17.0 49.0 0.2071 0.0 0.0 -0.126 0.22361 997.0 1.5327 15.0 51.0 1.3071 0.0 0.574 0.0 0.22361 996.0 1.5627 14.0 54.0 2.4071 0.0 1.474 0.0 0.22361 996.0 1.752 14.0 55.0 3.5071 0.0 2.374 0.0 0.28284 995.0 1.7165 13.0 
0.41739 53.94034 44.0 3822.0 0.0 53.0 0.0 -2.4929 2.674 0.0 0.56569 1000.0 2.207 16.0 60.0 0.1071 0.0 0.474 0.0 0.56569 999.0 2.5 14.0 65.0 2.8071 0.0 0.0 -1.426 0.53852 998.0 2.5 16.0 65.0 5.4071 0.0 0.0 -2.226 0.31623 995.0 2.3974 14.0 64.0 7.5071 0.0 0.0 -2.126 0.31623 994.0 2.2019 13.0 
0.12542 80.01448 80.0 3826.0 0.0 49.0 0.0 -1.9929 1.374 0.0 0.44721 999.0 1.7517 20.0 50.0 0.0 -0.4929 0.0 -0.526 0.28284 999.0 1.8239 23.0 53.0 0.9071 0.0 0.0 -1.726 0.31623 997.0 1.7931 19.0 53.0 2.2071 0.0 0.0 -2.226 0.2 995.0 1.5939 18.0 52.0 3.2071 0.0 0.0 -2.226 0.22361 994.0 1.4536 17.0 
0.37782 113.4443 35.0 3831.0 0.0 79.0 0.0 -2.1929 5.174 0.0 1.08167 999.0 2.5 12.0 73.0 1.0071 0.0 0.174 0.0 0.86023 999.0 2.5 16.0 68.0 3.6071 0.0 0.0 -4.026 0.72111 998.0 2.5 14.0 66.0 5.7071 0.0 0.0 -7.526 0.56569 996.0 2.5 12.0 67.0 7.7071 0.0 0.0 -10.126 0.5 994.0 2.4131 14.0 
0.23254 36.19458 93.0 3864.0 0.0 43.0 0.0 -1.2929 0.174 0.0 0.28284 1000.0 1.4527 19.0 46.0 0.0071 0.0 0.0 -0.326 0.22361 998.0 1.4408 16.0 45.0 1.0071 0.0 0.0 -0.426 0.2 998.0 1.3789 15.0 43.0 1.8071 0.0 0.0 -0.226 0.22361 998.0 1.259 16.0 41.0 2.6071 0.0 0.074 0.0 0.1 998.0 1.1446 16.0 
0.20216 120.6926 49.0 3906.0 0.0 44.0 0.0 -0.6929 0.0 -2.026 0.28284 999.0 1.4124 14.0 51.0 0.7071 0.0 0.0 -0.826 0.36056 997.0 1.6604 12.0 61.0 2.4071 0.0 0.074 0.0 0.31623 994.0 2.0003 13.0 69.0 4.3071 0.0 0.474 0.0 0.3 991.0 2.2103 11.0 73.0 6.2071 0.0 0.674 0.0 0.3 989.0 2.2679 10.0 
0.28705 42.04636 54.0 3924.0 0.0 50.0 0.0 -2.0929 0.374 0.0 0.41231 999.0 1.8239 14.0 53.0 0.0 -0.1929 0.0 -0.326 0.22361 997.0 1.7931 12.0 60.0 1.5071 0.0 0.0 -1.026 0.31623 995.0 2.0427 13.0 70.0 3.3071 0.0 0.0 -1.726 0.31623 990.0 2.176 11.0 78.0 5.1071 0.0 0.0 -2.326 0.31623 984.0 2.1428 9.0 
0.21384 51.90795 53.0 3925.0 0.0 47.0 0.0 -2.0929 0.574 0.0 0.36056 1000.0 1.7355 11.0 47.0 0.0 -0.1929 0.0 -0.426 0.31623 999.0 1.6116 14.0 51.0 1.6071 0.0 0.0 -1.126 0.31623 997.0 1.6604 13.0 57.0 3.4071 0.0 0.0 -1.726 0.31623 995.0 1.8436 12.0 66.0 5.1071 0.0 0.0 -2.326 0.22361 991.0 2.0223 12.0 
0.19682 58.29206 81.0 392.0 0.0 43.0 0.0 -0.5929 0.0 -0.626 0.1 997.0 1.1803 15.0 56.0 0.3071 0.0 0.0 -0.426 0.2 993.0 1.6015 12.0 62.0 1.4071 0.0 0.0 -0.226 0.2 990.0 1.707 11.0 65.0 2.5071 0.0 0.0 -0.026 0.14142 988.0 1.7261 10.0 67.0 3.3071 0.0 0.374 0.0 0.22361 986.0 1.6981 10.0 
0.13404 114.3519 45.0 3961.0 0.0 52.0 0.0 -2.8929 0.0 -1.326 0.5099 1000.0 2.1245 16.0 56.0 0.0 -0.0929 0.0 -1.026 0.4 999.0 2.2879 14.0 60.0 2.5071 0.0 0.0 -0.826 0.5099 998.0 2.4513 17.0 65.0 5.0071 0.0 0.0 -0.326 0.41231 995.0 2.3974 14.0 66.0 7.2071 0.0 0.474 0.0 0.36056 993.0 2.2245 13.0 
0.33969 158.46145 36.0 3963.0 0.0 78.0 0.0 -2.0929 5.874 0.0 1.08167 1001.0 2.5 18.0 75.0 1.3071 0.0 0.574 0.0 0.9434 1000.0 2.5 16.0 71.0 4.3071 0.0 0.0 -3.826 0.80623 999.0 2.5 20.0 70.0 6.8071 0.0 0.0 -7.726 0.67082 998.0 2.5 18.0 71.0 8.9071 0.0 0.0 -11.226 0.64031 996.0 2.5 15.0 
0.38545 30.02471 44.0 3968.0 0.0 60.0 0.0 -2.3929 2.774 0.0 0.64031 999.0 2.5 11.0 61.0 0.2071 0.0 0.174 0.0 0.64031 998.0 2.5 14.0 62.0 2.7071 0.0 0.0 -1.826 0.5831 996.0 2.3095 12.0 66.0 5.2071 0.0 0.0 -3.426 0.44721 993.0 2.2245 11.0 74.0 7.5071 0.0 0.0 -4.626 0.41231 990.0 2.4318 11.0 
0.27169 47.45382 53.0 3979.0 0.0 58.0 0.0 -1.2929 2.874 0.0 0.5 999.0 2.4542 18.0 55.0 0.2071 0.0 0.374 0.0 0.42426 999.0 2.2069 17.0 58.0 1.8071 0.0 0.0 -1.226 0.28284 996.0 2.0211 14.0 60.0 3.4071 0.0 0.0 -1.926 0.2 994.0 1.9352 13.0 63.0 5.0071 0.0 0.0 -1.826 0.31623 993.0 2.0269 12.0 
0.51269 22.67945 52.0 397.0 0.0 57.0 0.0 -1.6929 0.0 -0.326 0.31623 995.0 1.8436 14.0 67.0 0.1071 0.0 0.174 0.0 0.31623 992.0 2.1833 11.0 72.0 1.9071 0.0 0.574 0.0 0.31623 989.0 2.2062 11.0 74.0 3.7071 0.0 0.874 0.0 0.22361 988.0 2.2372 10.0 72.0 5.3071 0.0 1.374 0.0 0.22361 988.0 2.1179 10.0 
0.41251 21.89443 55.0 3981.0 0.0 55.0 0.0 -1.7929 1.474 0.0 0.42426 997.0 1.931 17.0 59.0 0.0 -0.0929 0.174 0.0 0.36056 994.0 1.8713 14.0 67.0 1.6071 0.0 0.0 -0.826 0.31623 991.0 2.0841 15.0 78.0 3.2071 0.0 0.0 -1.526 0.3 984.0 2.1428 12.0 84.0 4.7071 0.0 0.0 -1.626 0.31623 979.0 2.1196 11.0 
0.1426 57.38457 71.0 3991.0 0.0 44.0 0.0 -1.7929 0.674 0.0 0.28284 1000.0 1.5211 15.0 46.0 0.0 -0.2929 0.0 -0.426 0.22361 998.0 1.4408 14.0 51.0 1.1071 0.0 0.0 -1.326 0.31623 997.0 1.6604 16.0 56.0 2.5071 0.0 0.0 -1.826 0.22361 995.0 1.7795 13.0 56.0 3.7071 0.0 0.0 -2.026 0.2 993.0 1.6015 12.0 
0.21353 27.12273 56.0 3993.0 0.0 45.0 0.0 -1.4929 1.274 0.0 0.36056 999.0 1.4773 15.0 49.0 0.0 -0.0929 0.0 -0.226 0.28284 998.0 1.6349 13.0 56.0 1.4071 0.0 0.0 -1.426 0.31623 996.0 1.8841 15.0 62.0 3.1071 0.0 0.0 -2.226 0.31623 993.0 1.9631 13.0 66.0 4.7071 0.0 0.0 -2.426 0.3 991.0 2.0223 11.0 
0.39382 13.18352 64.0 3997.0 0.0 51.0 0.0 -1.7929 0.574 0.0 0.31623 999.0 1.8976 17.0 54.0 0.0 -0.0929 0.074 0.0 0.31623 997.0 1.8615 15.0 57.0 1.6071 0.0 0.0 -0.326 0.31623 995.0 1.8436 14.0 60.0 3.2071 0.0 0.0 -0.726 0.2 993.0 1.8385 13.0 62.0 4.6071 0.0 0.0 -1.026 0.2 991.0 1.7846 12.0 
0.10491 45.79963 54.0 4000.0 0.0 64.0 0.0 -2.8929 3.074 0.0 0.72111 1001.0 2.5 17.0 59.0 0.0 -0.3929 0.0 -0.126 0.64031 1000.0 2.5 15.0 58.0 1.9071 0.0 0.0 -2.426 0.44721 998.0 2.2906 13.0 57.0 4.0071 0.0 0.0 -3.826 0.22361 996.0 1.952 11.0 61.0 5.6071 0.0 0.0 -4.526 0.22361 993.0 1.9003 12.0 
0.27832 54.46995 51.0 4006.0 0.0 58.0 0.0 -1.6929 3.374 0.0 0.72111 1001.0 2.5 17.0 56.0 0.4071 0.0 0.274 0.0 0.64031 1000.0 2.4639 15.0 56.0 2.5071 0.0 0.0 -2.126 0.5 999.0 2.2879 14.0 57.0 4.5071 0.0 0.0 -3.826 0.36056 997.0 2.074 15.0 59.0 6.1071 0.0 0.0 -4.726 0.31623 995.0 1.9752 13.0 
0.07341 57.38457 51.0 4014.0 0.0 53.0 0.0 -2.2929 1.974 0.0 0.5 1000.0 2.207 16.0 54.0 0.0 -0.2929 0.0 -0.426 0.5 999.0 2.1274 15.0 54.0 1.6071 0.0 0.0 -2.226 0.36056 997.0 1.8615 13.0 58.0 3.5071 0.0 0.0 -3.426 0.36056 996.0 2.0211 15.0 66.0 5.4071 0.0 0.0 -4.426 0.31623 991.0 2.0223 12.0 
0.15454 179.01056 40.0 4023.0 0.0 64.0 0.0 -0.9929 4.274 0.0 0.80623 1000.0 2.5 12.0 63.0 1.5071 0.0 0.574 0.0 0.72111 999.0 2.5 11.0 64.0 3.9071 0.0 0.0 -2.826 0.64031 998.0 2.5 14.0 67.0 6.3071 0.0 0.0 -5.726 0.56569 996.0 2.5 12.0 70.0 8.7071 0.0 0.0 -7.926 0.5 993.0 2.5 10.0 
0.26357 27.12273 52.0 4028.0 0.0 52.0 0.0 -1.8929 1.374 0.0 0.42426 998.0 1.8412 14.0 55.0 0.0 -0.0929 0.0 -0.226 0.36056 996.0 1.8174 12.0 61.0 1.7071 0.0 0.0 -1.626 0.36056 993.0 1.9003 10.0 69.0 3.5071 0.0 0.0 -2.726 0.36056 989.0 2.0261 11.0 81.0 5.3071 0.0 0.0 -3.426 0.3 982.0 2.1617 12.0 
0.45778 14.4498 45.0 4029.0 0.0 57.0 0.0 -2.6929 1.374 0.0 0.53852 1000.0 2.5 16.0 56.0 0.1071 0.0 0.074 0.0 0.44721 999.0 2.2879 14.0 60.0 2.7071 0.0 0.0 -1.126 0.44721 998.0 2.4513 17.0 64.0 5.1071 0.0 0.0 -1.926 0.41231 996.0 2.4609 14.0 64.0 7.3071 0.0 0.0 -2.326 0.31623 994.0 2.2019 13.0 
0.20211 143.87015 39.0 4055.0 0.0 64.0 0.0 -1.7929 4.374 0.0 0.80623 1001.0 2.5 12.0 65.0 1.1071 0.0 0.674 0.0 0.78102 1000.0 2.5 16.0 68.0 4.0071 0.0 0.0 -2.626 0.78102 999.0 2.5 14.0 72.0 6.9071 0.0 0.0 -5.726 0.64031 997.0 2.5 12.0 77.0 9.7071 0.0 0.0 -8.426 0.56569 995.0 2.5 13.0 
0.07058 57.38457 51.0 4057.0 0.0 61.0 0.0 -2.4929 2.174 0.0 0.64031 998.0 2.5 10.0 59.0 0.0 -0.2929 0.0 -0.426 0.5 997.0 2.2221 11.0 62.0 1.7071 0.0 0.0 -2.326 0.42426 995.0 2.1812 11.0 70.0 3.7071 0.0 0.0 -3.626 0.31623 989.0 2.0853 9.0 83.0 5.6071 0.0 0.0 -4.226 0.31623 981.0 2.1988 9.0 
0.25794 27.12273 78.0 4078.0 0.0 41.0 0.0 -0.5929 0.074 0.0 0.14142 997.0 1.0731 12.0 47.0 0.0 -0.0929 0.0 -0.226 0.14142 994.0 1.1875 12.0 59.0 0.5071 0.0 0.0 -0.426 0.1 989.0 1.4814 11.0 65.0 1.1071 0.0 0.0 -0.526 0.1 986.0 1.5983 10.0 66.0 1.8071 0.0 0.0 -0.526 0.14142 986.0 1.6478 10.0 
0.20939 48.39733 48.0 4098.0 0.0 44.0 0.0 -2.2929 1.274 0.0 0.42426 1001.0 1.6478 18.0 50.0 0.0 -0.0929 0.0 -0.426 0.36056 1001.0 2.1279 17.0 51.0 2.2071 0.0 0.0 -1.726 0.36056 1000.0 2.0435 15.0 51.0 4.2071 0.0 0.0 -2.526 0.31623 998.0 1.7711 13.0 56.0 6.1071 0.0 0.0 -2.926 0.41231 997.0 2.0019 15.0 
0.55311 12.23339 51.0 409.0 0.0 50.0 0.0 -2.2929 0.0 -0.726 0.44721 1001.0 2.1279 22.0 53.0 0.1071 0.0 0.0 -0.026 0.4 1000.0 2.207 19.0 54.0 2.5071 0.0 0.174 0.0 0.41231 999.0 2.1274 17.0 52.0 4.5071 0.0 0.574 0.0 0.31623 999.0 1.9727 17.0 49.0 6.2071 0.0 1.174 0.0 0.31623 999.0 1.7517 17.0 
0.34521 19.33007 52.0 4105.0 0.0 66.0 0.0 -3.1929 3.374 0.0 0.78102 1001.0 2.5 19.0 61.0 0.0071 0.0 0.174 0.0 0.70711 1001.0 2.5 17.0 55.0 2.7071 0.0 0.0 -2.226 0.42426 1000.0 2.3767 15.0 51.0 4.7071 0.0 0.0 -3.826 0.36056 999.0 1.8976 14.0 52.0 6.3071 0.0 0.0 -4.926 0.28284 997.0 1.7261 16.0 
0.49242 10.70814 68.0 4107.0 0.0 57.0 0.0 -1.4929 0.074 0.0 0.22361 995.0 1.8436 14.0 61.0 0.0 -0.0929 0.0 -0.026 0.2 992.0 1.8098 12.0 61.0 1.1071 0.0 0.174 0.0 0.22361 991.0 1.7275 11.0 63.0 2.1071 0.0 0.574 0.0 0.22361 989.0 1.6891 11.0 65.0 3.1071 0.0 0.974 0.0 0.2 988.0 1.7261 10.0 
0.32626 13.18352 131.0 410.0 0.0 53.0 0.0 -0.7929 0.0 -0.826 0.22361 994.0 1.51 13.0 58.0 0.0 -0.0929 0.074 0.0 0.22361 992.0 1.6361 12.0 55.0 0.6071 0.0 0.774 0.0 0.14142 992.0 1.4713 12.0 52.0 1.1071 0.0 1.274 0.0 0.1 993.0 1.3809 12.0 51.0 1.5071 0.0 1.474 0.0 0.1 993.0 1.3283 12.0 
0.39166 93.62417 41.0 4126.0 0.0 64.0 0.0 -2.6929 3.474 0.0 0.70711 1000.0 2.5 12.0 63.0 0.5071 0.0 0.674 0.0 0.70711 999.0 2.5 11.0 63.0 3.5071 0.0 0.0 -1.826 0.64031 999.0 2.5 14.0 65.0 6.1071 0.0 0.0 -4.226 0.56569 997.0 2.5 12.0 67.0 8.4071 0.0 0.0 -6.526 0.42426 994.0 2.4131 11.0 
0.44643 80.82953 41.0 4138.0 0.0 74.0 0.0 -2.9929 4.174 0.0 0.98995 1000.0 2.5 12.0 70.0 0.7071 0.0 0.174 0.0 0.84853 999.0 2.5 11.0 66.0 3.8071 0.0 0.0 -3.026 0.70711 999.0 2.5 14.0 65.0 6.3071 0.0 0.0 -5.926 0.5 997.0 2.5 12.0 67.0 8.2071 0.0 0.0 -8.526 0.42426 994.0 2.4131 10.0 
0.26534 51.90795 81.0 4143.0 0.0 49.0 0.0 -2.1929 0.074 0.0 0.31623 1000.0 1.8864 21.0 50.0 0.0 -0.1929 0.0 -0.426 0.31623 999.0 1.8239 18.0 52.0 1.5071 0.0 0.0 -0.826 0.31623 998.0 1.8412 16.0 51.0 3.0071 0.0 0.0 -1.426 0.22361 997.0 1.6604 15.0 50.0 4.2071 0.0 0.0 -1.926 0.22361 996.0 1.502 14.0 
0.16488 56.66943 59.0 4146.0 0.0 54.0 0.0 -2.8929 1.574 0.0 0.56569 1001.0 2.4819 18.0 50.0 0.0 -0.3929 0.0 -0.326 0.36056 1001.0 2.1279 17.0 47.0 1.7071 0.0 0.0 -1.426 0.36056 1000.0 1.7355 21.0 47.0 3.4071 0.0 0.0 -2.126 0.22361 999.0 1.6116 18.0 48.0 4.8071 0.0 0.0 -2.526 0.2 998.0 1.5688 16.0 
0.24783 79.14903 47.0 4148.0 0.0 61.0 0.0 -1.3929 3.974 0.0 0.76158 1000.0 2.5 12.0 58.0 0.6071 0.0 0.374 0.0 0.5831 1000.0 2.5 15.0 57.0 2.7071 0.0 0.0 -2.226 0.42426 999.0 2.3703 14.0 56.0 4.8071 0.0 0.0 -3.826 0.31623 997.0 2.0019 12.0 59.0 6.6071 0.0 0.0 -4.526 0.31623 995.0 1.9752 14.0 
0.38469 2.99167 58.0 4167.0 0.0 45.0 0.0 -1.6929 1.074 0.0 0.36056 1000.0 1.591 20.0 48.0 0.0071 0.0 0.0 -0.026 0.36056 1000.0 1.8102 19.0 50.0 1.8071 0.0 0.0 -1.026 0.36056 999.0 1.8239 18.0 51.0 3.5071 0.0 0.0 -2.126 0.31623 999.0 1.8976 17.0 48.0 5.1071 0.0 0.0 -2.826 0.22361 998.0 1.5688 17.0 
0.50757 13.18352 97.0 4245.0 0.0 63.0 0.0 -1.2929 0.774 0.0 0.22361 992.0 1.9304 15.0 66.0 0.0 -0.0929 0.074 0.0 0.2 989.0 1.8538 14.0 63.0 0.9071 0.0 0.0 -0.226 0.22361 989.0 1.6891 14.0 63.0 1.8071 0.0 0.0 -0.526 0.1 988.0 1.6215 13.0 65.0 2.7071 0.0 0.0 -0.626 0.1 987.0 1.6597 13.0 
0.38211 10.70814 93.0 4248.0 0.0 53.0 0.0 -1.2929 0.774 0.0 0.28284 996.0 1.6877 14.0 56.0 0.0 -0.0929 0.0 -0.026 0.22361 994.0 1.6858 13.0 54.0 0.9071 0.0 0.0 -0.326 0.2 994.0 1.5675 13.0 54.0 1.8071 0.0 0.0 -0.326 0.14142 993.0 1.4892 12.0 55.0 2.5071 0.0 0.174 0.0 0.14142 992.0 1.4713 12.0 
0.14106 41.06496 92.0 4264.0 0.0 40.0 0.0 -1.3929 0.774 0.0 0.28284 1001.0 1.3618 16.0 42.0 0.0 -0.2929 0.0 -0.226 0.14142 999.0 1.2869 14.0 45.0 0.7071 0.0 0.0 -0.926 0.22361 998.0 1.3789 12.0 44.0 1.6071 0.0 0.0 -1.226 0.2 997.0 1.2359 12.0 43.0 2.4071 0.0 0.0 -1.226 0.2 998.0 1.259 12.0 
0.21982 48.64617 53.0 4281.0 0.0 45.0 0.0 -2.3929 1.574 0.0 0.5 1002.0 1.8803 19.0 47.0 0.0 -0.2929 0.0 -0.326 0.42426 1001.0 1.8802 18.0 46.0 1.7071 0.0 0.0 -1.726 0.31623 1001.0 1.801 21.0 46.0 3.4071 0.0 0.0 -2.326 0.22361 1000.0 1.6625 19.0 47.0 5.0071 0.0 0.0 -2.526 0.2 999.0 1.6116 17.0 
0.2576 47.29257 43.0 4324.0 0.0 57.0 0.0 -3.0929 1.274 0.0 0.5831 1001.0 2.5 18.0 55.0 0.0071 0.0 0.0 -0.426 0.53852 1001.0 2.5 17.0 53.0 2.6071 0.0 0.0 -1.426 0.5099 1000.0 2.207 15.0 55.0 5.1071 0.0 0.0 -1.726 0.4 998.0 2.0598 13.0 64.0 7.6071 0.0 0.0 -1.926 0.41231 996.0 2.4609 15.0 
0.37387 2.99167 54.0 4347.0 0.0 44.0 0.0 -1.8929 0.0 -0.426 0.3 1002.0 1.7976 25.0 41.0 0.0071 0.0 0.0 -0.026 0.28284 1001.0 1.4308 23.0 44.0 1.5071 0.0 0.874 0.0 0.28284 1000.0 1.5211 20.0 47.0 3.1071 0.0 1.874 0.0 0.36056 1000.0 1.7355 19.0 48.0 4.8071 0.0 2.674 0.0 0.22361 1000.0 1.8102 18.0 
0.3712 89.42401 53.0 4354.0 0.0 57.0 0.0 -1.3929 0.0 -2.226 0.42426 999.0 2.3703 17.0 61.0 0.5071 0.0 0.0 -0.626 0.42426 996.0 2.2356 14.0 63.0 2.0071 0.0 0.974 0.0 0.36056 994.0 2.1336 13.0 65.0 3.6071 0.0 2.174 0.0 0.22361 992.0 2.0549 12.0 68.0 5.1071 0.0 2.974 0.0 0.31623 990.0 2.0534 11.0 
0.44907 65.40589 51.0 4356.0 0.0 56.0 0.0 -1.6929 0.0 -1.826 0.44721 999.0 2.2879 18.0 57.0 0.4071 0.0 0.0 -0.426 0.36056 998.0 2.2123 16.0 58.0 2.0071 0.0 1.074 0.0 0.36056 997.0 2.1474 15.0 58.0 3.6071 0.0 2.274 0.0 0.36056 996.0 2.0211 14.0 59.0 5.4071 0.0 2.974 0.0 0.3 996.0 2.0914 14.0 
0.17726 32.98146 59.0 4360.0 0.0 48.0 0.0 -2.0929 0.574 0.0 0.36056 999.0 1.6809 14.0 52.0 0.0 -0.1929 0.0 -0.226 0.31623 997.0 1.7261 12.0 56.0 1.4071 0.0 0.0 -0.726 0.31623 995.0 1.7795 14.0 64.0 3.0071 0.0 0.0 -1.026 0.3 991.0 1.9016 12.0 72.0 4.6071 0.0 0.0 -1.026 0.2 987.0 2.0365 10.0 
0.37017 53.94034 43.0 4363.0 0.0 57.0 0.0 -2.6929 2.674 0.0 0.56569 1001.0 2.5 17.0 58.0 0.1071 0.0 0.474 0.0 0.64031 1000.0 2.5 16.0 58.0 2.9071 0.0 0.0 -1.326 0.5 999.0 2.4542 14.0 61.0 5.3071 0.0 0.0 -2.726 0.5 997.0 2.3753 16.0 64.0 7.6071 0.0 0.0 -3.726 0.41231 995.0 2.3242 14.0 
0.20363 92.4535 51.0 4387.0 0.0 43.0 0.0 -1.5929 0.0 -0.926 0.3 999.0 1.3489 15.0 50.0 0.1071 0.0 0.0 -0.826 0.3 998.0 1.7023 17.0 57.0 1.9071 0.0 0.0 -0.626 0.3 996.0 1.952 14.0 61.0 3.7071 0.0 0.0 -0.426 0.31623 995.0 2.1114 13.0 64.0 5.6071 0.0 0.0 -0.326 0.3 994.0 2.2019 13.0 
0.1149 91.63024 63.0 4390.0 0.0 62.0 0.0 -3.1929 0.874 0.0 0.5831 998.0 2.5 18.0 63.0 0.0 -0.3929 0.0 -0.726 0.44721 996.0 2.3846 16.0 66.0 1.9071 0.0 0.0 -1.726 0.41231 994.0 2.3416 17.0 69.0 3.8071 0.0 0.0 -2.126 0.3 990.0 2.1142 14.0 71.0 5.4071 0.0 0.0 -2.126 0.2 987.0 1.9803 13.0 
0.20564 48.39733 67.0 4406.0 0.0 47.0 0.0 -2.1929 1.074 0.0 0.42426 1001.0 1.8802 13.0 46.0 0.0 -0.0929 0.0 -0.426 0.36056 1001.0 1.801 17.0 46.0 1.7071 0.0 0.0 -1.526 0.31623 1000.0 1.6625 15.0 46.0 3.3071 0.0 0.0 -2.226 0.31623 998.0 1.4408 13.0 49.0 4.6071 0.0 0.0 -2.826 0.22361 997.0 1.5327 15.0 
0.27069 25.09838 61.0 4420.0 0.0 45.0 0.0 -1.2929 0.0 -0.126 0.31623 998.0 1.3789 17.0 49.0 0.0071 0.0 0.0 -0.226 0.22361 997.0 1.5327 15.0 50.0 1.2071 0.0 0.0 -0.426 0.22361 996.0 1.502 15.0 52.0 2.5071 0.0 0.0 -0.826 0.22361 996.0 1.6246 14.0 54.0 3.8071 0.0 0.0 -1.626 0.31623 996.0 1.752 14.0 
0.14137 48.64617 45.0 4425.0 0.0 55.0 0.0 -2.8929 2.174 0.0 0.56569 1001.0 2.5 17.0 59.0 0.0 -0.2929 0.0 -0.326 0.64031 999.0 2.5 15.0 60.0 2.3071 0.0 0.0 -2.426 0.5831 998.0 2.4513 13.0 61.0 4.7071 0.0 0.0 -4.126 0.44721 997.0 2.3753 14.0 66.0 6.9071 0.0 0.0 -5.126 0.44721 994.0 2.3416 13.0 
0.20601 127.08247 45.0 442.0 0.0 46.0 0.0 -2.2929 0.0 -1.526 0.41231 1002.0 1.9647 24.0 51.0 0.2071 0.0 0.0 -1.126 0.4 1001.0 2.2138 21.0 55.0 2.7071 0.0 0.0 -0.826 0.4 1000.0 2.3767 18.0 54.0 5.1071 0.0 0.0 -0.626 0.4 999.0 2.1274 17.0 53.0 7.2071 0.0 0.0 -0.626 0.41231 999.0 2.0493 17.0 
0.20952 32.98146 45.0 4440.0 0.0 62.0 0.0 -3.1929 2.974 0.0 0.78102 1001.0 2.5 18.0 61.0 0.0 -0.1929 0.0 -0.226 0.64031 1001.0 2.5 16.0 59.0 2.7071 0.0 0.0 -2.226 0.44721 1000.0 2.5 19.0 59.0 5.1071 0.0 0.0 -3.526 0.44721 998.0 2.3703 16.0 56.0 7.3071 0.0 0.0 -4.326 0.3 998.0 2.1353 16.0 
0.26371 102.21686 52.0 444.0 0.0 44.0 0.0 -1.2929 0.0 -1.626 0.36056 1001.0 1.6478 21.0 48.0 0.4071 0.0 0.0 -0.826 0.22361 999.0 1.6809 18.0 50.0 2.0071 0.0 0.0 -0.426 0.3 999.0 1.8239 17.0 51.0 3.7071 0.0 0.0 -0.326 0.3 998.0 1.7711 16.0 52.0 5.4071 0.0 0.0 -0.426 0.2 998.0 1.8412 16.0 
0.34628 8.25172 55.0 4456.0 0.0 49.0 0.0 -1.0929 0.074 0.0 0.2 996.0 1.4425 15.0 54.0 0.0071 0.0 0.074 0.0 0.22361 994.0 1.5675 13.0 59.0 1.1071 0.0 0.274 0.0 0.2 992.0 1.693 12.0 66.0 2.6071 0.0 0.274 0.0 0.2 990.0 1.9344 11.0 73.0 4.3071 0.0 0.274 0.0 0.31623 988.0 2.1772 10.0 
0.44384 39.17945 57.0 4477.0 0.0 77.0 0.0 -1.7929 1.974 0.0 0.56569 992.0 2.5 12.0 76.0 0.3071 0.0 0.174 0.0 0.42426 989.0 2.4581 11.0 77.0 2.1071 0.0 0.0 -0.926 0.31623 986.0 2.2429 10.0 77.0 3.7071 0.0 0.0 -1.626 0.22361 984.0 2.0882 9.0 78.0 5.1071 0.0 0.0 -2.226 0.31623 983.0 2.0713 9.0 
0.3677 23.16855 51.0 4480.0 0.0 47.0 0.0 -1.4929 1.774 0.0 0.44721 1000.0 1.7355 16.0 51.0 0.2071 0.0 0.0 -0.026 0.36056 1000.0 2.0435 18.0 55.0 2.0071 0.0 0.0 -1.226 0.31623 998.0 2.0598 16.0 56.0 3.8071 0.0 0.0 -1.826 0.3 997.0 2.0019 15.0 56.0 5.6071 0.0 0.0 -1.826 0.3 997.0 2.0019 15.0 
0.54234 19.33007 48.0 4483.0 0.0 64.0 0.0 -2.3929 2.574 0.0 0.64031 999.0 2.5 18.0 65.0 0.0071 0.0 0.174 0.0 0.5 997.0 2.5 15.0 65.0 2.4071 0.0 0.0 -1.026 0.44721 996.0 2.5 14.0 62.0 4.6071 0.0 0.0 -2.026 0.41231 996.0 2.3095 14.0 57.0 6.5071 0.0 0.0 -2.926 0.31623 997.0 2.074 15.0 
0.22316 80.58985 65.0 448.0 0.0 46.0 0.0 -1.9929 0.0 -0.126 0.31623 1000.0 1.6625 20.0 52.0 0.0071 0.0 0.0 -0.726 0.3 999.0 1.9727 17.0 53.0 1.9071 0.0 0.0 -1.226 0.31623 998.0 1.9127 16.0 49.0 3.4071 0.0 0.0 -1.726 0.2 998.0 1.6349 16.0 47.0 4.6071 0.0 0.0 -1.826 0.22361 998.0 1.5041 16.0 
0.53513 14.4498 262.0 44.0 0.0 59.0 0.0 -2.4929 1.774 0.0 0.5 1000.0 2.5 20.0 61.0 0.1071 0.0 0.074 0.0 0.44721 998.0 2.5 17.0 65.0 2.6071 0.0 0.0 -0.926 0.5099 996.0 2.5 14.0 65.0 5.0071 0.0 0.0 -1.526 0.44721 995.0 2.3974 13.0 61.0 6.9071 0.0 0.0 -2.426 0.22361 994.0 2.0003 13.0 
0.32813 32.65484 62.0 4501.0 0.0 67.0 0.0 -1.9929 1.574 0.0 0.44721 995.0 2.5 14.0 69.0 0.1071 0.0 0.274 0.0 0.31623 992.0 2.3156 12.0 69.0 1.7071 0.0 0.0 -0.626 0.31623 990.0 2.1142 11.0 71.0 3.2071 0.0 0.0 -1.426 0.22361 988.0 2.0595 10.0 73.0 4.6071 0.0 0.0 -2.126 0.22361 986.0 2.0159 10.0 
0.33307 10.70814 52.0 4511.0 0.0 53.0 0.0 -1.8929 2.374 0.0 0.5 998.0 1.9127 10.0 59.0 0.0 -0.0929 0.0 -0.026 0.42426 997.0 2.2221 12.0 62.0 1.9071 0.0 0.0 -1.726 0.36056 994.0 2.0664 10.0 69.0 3.7071 0.0 0.0 -2.526 0.3 990.0 2.1142 11.0 81.0 5.5071 0.0 0.0 -2.326 0.31623 983.0 2.2337 9.0 
0.1339 57.38457 65.0 4516.0 0.0 54.0 0.0 -2.2929 1.074 0.0 0.5 999.0 2.1274 14.0 55.0 0.0 -0.2929 0.0 -0.426 0.36056 997.0 1.931 12.0 58.0 1.5071 0.0 0.0 -1.326 0.31623 994.0 1.8084 10.0 67.0 3.1071 0.0 0.0 -1.826 0.3 990.0 1.9935 11.0 74.0 4.6071 0.0 0.0 -2.026 0.2 984.0 1.9286 9.0 
0.18123 97.8178 77.0 4550.0 0.0 56.0 0.0 -1.1929 0.0 -1.626 0.22361 996.0 1.8841 14.0 64.0 0.3071 0.0 0.0 -0.826 0.22361 992.0 1.9922 12.0 64.0 1.7071 0.0 0.0 -0.426 0.2 991.0 1.9016 11.0 61.0 2.9071 0.0 0.0 -0.526 0.22361 992.0 1.8098 11.0 57.0 3.9071 0.0 0.0 -0.926 0.22361 992.0 1.5802 12.0 
0.46675 2.99167 55.0 4568.0 0.0 49.0 0.0 -2.3929 1.174 0.0 0.5 1000.0 1.8864 16.0 54.0 0.0071 0.0 0.0 -0.026 0.44721 999.0 2.1274 14.0 56.0 2.3071 0.0 0.0 -0.626 0.4 998.0 2.1353 14.0 59.0 4.2071 0.0 0.0 -0.626 0.3 995.0 1.9752 14.0 62.0 5.8071 0.0 0.0 -0.326 0.31623 993.0 1.9631 12.0 
0.38796 52.57774 58.0 4574.0 0.0 53.0 0.0 -1.7929 0.0 -1.126 0.31623 999.0 2.0493 18.0 56.0 0.2071 0.0 0.0 -0.426 0.41231 998.0 2.1353 16.0 54.0 2.2071 0.0 0.0 -0.026 0.3 998.0 1.9855 16.0 51.0 3.9071 0.0 0.0 -0.226 0.2 998.0 1.7711 16.0 47.0 5.3071 0.0 0.0 -0.526 0.22361 998.0 1.5041 16.0 
0.29462 113.60601 42.0 4576.0 0.0 63.0 0.0 -1.8929 3.974 0.0 0.78102 1001.0 2.5 13.0 61.0 0.9071 0.0 0.474 0.0 0.64031 1000.0 2.5 12.0 60.0 3.4071 0.0 0.0 -2.626 0.56569 999.0 2.5 11.0 59.0 5.7071 0.0 0.0 -4.826 0.5 998.0 2.3703 11.0 61.0 8.0071 0.0 0.0 -6.426 0.44721 996.0 2.2356 11.0 
0.32931 22.67945 70.0 4578.0 0.0 63.0 0.0 -1.1929 1.574 0.0 0.36056 993.0 2.0269 12.0 65.0 0.1071 0.0 0.174 0.0 0.28284 992.0 2.0549 12.0 65.0 1.4071 0.0 0.0 -0.726 0.31623 991.0 1.9615 11.0 66.0 2.8071 0.0 0.0 -1.426 0.3 990.0 1.9344 11.0 67.0 4.1071 0.0 0.0 -1.826 0.22361 988.0 1.834 10.0 
0.46036 87.49915 58.0 4591.0 0.0 51.0 0.0 -1.8929 0.0 -1.926 0.44721 1001.0 2.2138 22.0 51.0 0.3071 0.0 0.0 -0.726 0.36056 1000.0 2.0435 19.0 52.0 1.7071 0.0 1.074 0.0 0.42426 999.0 1.9727 17.0 52.0 3.1071 0.0 2.774 0.0 0.42426 999.0 1.9727 17.0 51.0 4.6071 0.0 4.174 0.0 0.36056 998.0 1.7711 16.0 
0.41903 26.90838 54.0 4600.0 0.0 58.0 0.0 -2.8929 0.874 0.0 0.63246 1001.0 2.5 13.0 52.0 0.2071 0.0 0.0 -0.126 0.41231 1001.0 2.3015 12.0 50.0 2.5071 0.0 0.0 -1.026 0.36056 1000.0 1.9642 15.0 51.0 4.3071 0.0 0.0 -1.826 0.28284 998.0 1.7711 12.0 50.0 5.8071 0.0 0.0 -2.426 0.2 997.0 1.5959 12.0 
0.43278 38.08876 69.0 4610.0 0.0 55.0 0.0 -0.7929 0.0 -1.426 0.22361 994.0 1.6261 13.0 66.0 0.1071 0.0 0.0 -0.326 0.22361 989.0 1.8538 10.0 67.0 1.2071 0.0 0.474 0.0 0.22361 989.0 1.9104 10.0 65.0 2.4071 0.0 1.074 0.0 0.1 989.0 1.798 10.0 62.0 3.4071 0.0 1.274 0.0 0.2 990.0 1.707 11.0 
0.23132 70.24699 56.0 4619.0 0.0 39.0 0.0 -1.0929 0.0 -0.726 0.2 998.0 1.0357 13.0 48.0 0.0 -0.0929 0.0 -0.626 0.2 997.0 1.4708 15.0 59.0 1.2071 0.0 0.0 -0.826 0.31623 994.0 1.8713 13.0 65.0 2.9071 0.0 0.0 -1.326 0.31623 992.0 2.0549 12.0 69.0 4.6071 0.0 0.0 -1.826 0.31623 990.0 2.1142 11.0 
0.16014 103.30197 70.0 4627.0 0.0 51.0 0.0 -1.3929 0.0 -0.926 0.2 995.0 1.4759 13.0 62.0 0.0 -0.0929 0.0 -0.926 0.3 991.0 1.7846 12.0 71.0 1.4071 0.0 0.0 -0.926 0.3 988.0 2.0595 10.0 71.0 2.9071 0.0 0.0 -1.226 0.22361 987.0 1.9803 10.0 72.0 4.1071 0.0 0.0 -1.826 0.14142 985.0 1.891 9.0 
0.43849 2.99167 68.0 4628.0 0.0 53.0 0.0 -1.6929 0.174 0.0 0.31623 998.0 1.9127 16.0 56.0 0.0071 0.0 0.0 -0.026 0.2 996.0 1.8841 14.0 56.0 1.4071 0.0 0.074 0.0 0.3 995.0 1.7795 13.0 58.0 2.8071 0.0 0.374 0.0 0.22361 994.0 1.8084 13.0 60.0 4.0071 0.0 0.974 0.0 0.22361 992.0 1.7509 12.0 
0.23889 48.75749 65.0 462.0 0.0 37.0 0.0 -0.6929 0.0 -0.726 0.14142 999.0 1.0 17.0 48.0 0.1071 0.0 0.0 -0.426 0.1 996.0 1.3843 14.0 54.0 1.1071 0.0 0.0 -0.426 0.2 995.0 1.6546 13.0 55.0 2.3071 0.0 0.0 -0.626 0.22361 994.0 1.6261 13.0 56.0 3.4071 0.0 0.0 -1.026 0.22361 994.0 1.6858 13.0 
0.48649 32.11459 244.0 4647.0 0.0 58.0 0.0 -1.5929 0.0 -0.526 0.2 995.0 1.9088 18.0 64.0 0.0 -0.0929 0.274 0.0 0.28284 992.0 1.9922 15.0 67.0 1.3071 0.0 1.474 0.0 0.28284 991.0 2.0841 15.0 66.0 2.6071 0.0 2.674 0.0 0.28284 991.0 2.0223 14.0 64.0 3.8071 0.0 3.674 0.0 0.22361 991.0 1.9016 15.0 
0.22664 48.39733 76.0 4658.0 0.0 35.0 0.0 -0.7929 0.0 -0.426 0.1 998.0 1.0 13.0 44.0 0.0 -0.0929 0.0 -0.426 0.2 997.0 1.2359 15.0 53.0 0.8071 0.0 0.0 -0.426 0.22361 994.0 1.51 13.0 58.0 1.8071 0.0 0.0 -0.226 0.22361 992.0 1.6361 12.0 61.0 2.8071 0.0 0.074 0.0 0.14142 990.0 1.6524 11.0 
0.20311 76.71589 53.0 466.0 0.0 58.0 0.0 -2.9929 0.274 0.0 0.53852 1000.0 2.5 20.0 58.0 0.0 -0.2929 0.0 -0.626 0.44721 998.0 2.2906 17.0 59.0 2.0071 0.0 0.0 -1.426 0.31623 996.0 2.0914 15.0 65.0 3.9071 0.0 0.0 -1.926 0.3 993.0 2.1576 16.0 68.0 5.6071 0.0 0.0 -2.126 0.2 990.0 2.0534 14.0 
0.44935 97.07306 38.0 4685.0 0.0 66.0 0.0 -2.6929 4.274 0.0 0.78102 1000.0 2.5 12.0 67.0 0.4071 0.0 0.774 0.0 0.84853 999.0 2.5 13.0 72.0 3.8071 0.0 0.0 -2.526 0.78102 998.0 2.5 14.0 72.0 7.1071 0.0 0.0 -5.326 0.70711 997.0 2.5 12.0 70.0 9.7071 0.0 0.0 -7.626 0.44721 994.0 2.5 12.0 
0.36299 28.83574 102.0 4687.0 0.0 50.0 0.0 -0.6929 0.0 -0.926 0.14142 993.0 1.2767 14.0 57.0 0.0 -0.1929 0.174 0.0 0.22361 991.0 1.5084 12.0 62.0 0.4071 0.0 1.374 0.0 0.31623 989.0 1.6359 14.0 70.0 1.0071 0.0 2.674 0.0 0.14142 985.0 1.7874 12.0 84.0 1.7071 0.0 3.474 0.0 0.14142 974.0 1.8479 10.0 
0.2347 42.04636 54.0 468.0 0.0 46.0 0.0 -1.8929 0.974 0.0 0.42426 1000.0 1.6625 15.0 50.0 0.0 -0.1929 0.0 -0.326 0.36056 999.0 1.8239 18.0 54.0 1.5071 0.0 0.0 -1.326 0.31623 997.0 1.8615 16.0 57.0 3.3071 0.0 0.0 -2.126 0.31623 996.0 1.952 14.0 58.0 5.0071 0.0 0.0 -2.826 0.31623 995.0 1.9088 14.0 
0.27557 13.18352 95.0 4693.0 0.0 57.0 0.3071 0.0 0.0 -1.326 0.22361 993.0 1.6592 13.0 60.0 0.0 -0.0929 0.074 0.0 0.22361 991.0 1.6713 11.0 54.0 0.0 -0.2929 1.174 0.0 0.2 993.0 1.4892 12.0 51.0 0.0 -0.1929 2.174 0.0 0.1 993.0 1.3283 13.0 52.0 0.0071 0.0 2.974 0.0 0.14142 992.0 1.3151 12.0 
0.11756 152.59922 60.0 4695.0 0.0 63.0 0.2071 0.0 0.0 -1.926 0.28284 992.0 1.9304 12.0 75.0 1.3071 0.0 0.0 -0.426 0.36056 986.0 2.1279 10.0 83.0 2.4071 0.0 1.474 0.0 0.31623 981.0 2.1988 9.0 86.0 3.4071 0.0 3.174 0.0 0.31623 979.0 2.2218 8.0 83.0 4.4071 0.0 4.574 0.0 0.28284 979.0 2.0695 8.0 
0.48299 67.73423 40.0 4719.0 0.0 75.0 0.0 -3.0929 4.574 0.0 0.92195 998.0 2.5 14.0 72.0 0.2071 0.0 0.574 0.0 0.78102 998.0 2.5 14.0 73.0 3.4071 0.0 0.0 -2.726 0.78102 996.0 2.5 13.0 74.0 6.5071 0.0 0.0 -5.426 0.56569 995.0 2.5 15.0 76.0 8.9071 0.0 0.0 -7.726 0.5 990.0 2.5 12.0 
0.3187 43.18263 44.0 4722.0 0.0 54.0 0.0 -2.0929 3.274 0.0 0.64031 1001.0 2.4819 18.0 54.0 0.1071 0.0 0.374 0.0 0.64031 1001.0 2.4819 17.0 56.0 2.5071 0.0 0.0 -1.926 0.5 1000.0 2.4639 15.0 58.0 5.0071 0.0 0.0 -3.626 0.5 998.0 2.2906 14.0 62.0 7.5071 0.0 0.0 -4.926 0.41231 997.0 2.4538 15.0 
0.23779 119.65915 41.0 4724.0 0.0 74.0 0.0 -4.0929 0.574 0.0 0.60828 997.0 2.5 16.0 83.0 0.0 -0.0929 1.074 0.0 0.72801 994.0 2.5 13.0 80.0 3.3071 0.0 2.274 0.0 0.53852 992.0 2.5 12.0 77.0 6.1071 0.0 3.274 0.0 0.44721 991.0 2.5 12.0 75.0 8.7071 0.0 3.874 0.0 0.4 991.0 2.5 11.0 
0.09139 88.44035 49.0 4734.0 0.0 68.0 0.0 -3.8929 0.774 0.0 0.67082 998.0 2.5 13.0 71.0 0.0 -0.4929 0.0 -0.626 0.63246 996.0 2.5 11.0 72.0 2.4071 0.0 0.0 -1.326 0.5099 991.0 2.4067 9.0 74.0 4.7071 0.0 0.0 -1.326 0.3 988.0 2.2372 9.0 75.0 6.5071 0.0 0.0 -1.026 0.3 984.0 1.9811 7.0 
0.308 36.19458 56.0 4764.0 0.0 51.0 0.0 -2.1929 1.174 0.0 0.5 1000.0 2.0435 16.0 53.0 0.0071 0.0 0.0 -0.326 0.36056 999.0 2.0493 14.0 54.0 2.0071 0.0 0.0 -1.326 0.41231 997.0 1.8615 12.0 59.0 3.8071 0.0 0.0 -1.926 0.31623 995.0 1.9752 14.0 64.0 5.3071 0.0 0.0 -2.326 0.3 991.0 1.9016 11.0 
0.17115 69.49047 68.0 4789.0 0.0 50.0 0.0 -1.8929 0.074 0.0 0.31623 1000.0 1.9642 20.0 51.0 0.0071 0.0 0.0 -0.626 0.31623 999.0 1.8976 17.0 49.0 1.6071 0.0 0.0 -0.626 0.2 998.0 1.6349 16.0 49.0 2.9071 0.0 0.0 -0.026 0.22361 998.0 1.6349 16.0 49.0 3.8071 0.0 1.174 0.0 0.28284 997.0 1.5327 15.0 
0.20848 78.91674 84.0 4813.0 0.0 59.0 0.5071 0.0 1.074 0.0 0.2 991.0 1.6161 15.0 60.0 0.7071 0.0 0.074 0.0 0.14142 990.0 1.5987 14.0 62.0 1.2071 0.0 0.0 -0.626 0.14142 988.0 1.5705 13.0 65.0 1.8071 0.0 0.0 -1.126 0.14142 987.0 1.6597 13.0 68.0 2.5071 0.0 0.0 -1.426 0.1 985.0 1.6867 12.0 
0.26066 59.28963 54.0 4820.0 0.0 59.0 0.0 -2.3929 0.0 -0.026 0.5099 998.0 2.3703 15.0 59.0 0.0 -0.0929 0.0 -0.526 0.3 996.0 2.0914 15.0 61.0 1.7071 0.0 0.0 -0.526 0.3 994.0 2.0003 13.0 63.0 3.5071 0.0 0.0 -0.526 0.22361 993.0 2.0269 12.0 65.0 5.1071 0.0 0.0 -0.326 0.22361 991.0 1.9615 11.0 
0.25416 51.90795 46.0 4829.0 0.0 48.0 0.0 -2.6929 1.074 0.0 0.44721 1001.0 1.961 18.0 54.0 0.0 -0.1929 0.0 -0.426 0.5831 1001.0 2.4819 19.0 57.0 2.6071 0.0 0.0 -1.926 0.44721 1000.0 2.5 19.0 57.0 5.0071 0.0 0.0 -2.926 0.41231 998.0 2.2123 16.0 55.0 7.0071 0.0 0.0 -3.326 0.31623 998.0 2.0598 15.0 
0.38917 28.83574 51.0 4854.0 0.0 51.0 0.0 -2.3929 0.174 0.0 0.4 1001.0 2.2138 19.0 49.0 0.0 -0.1929 0.174 0.0 0.4 1000.0 1.8864 19.0 51.0 1.9071 0.0 0.0 -0.026 0.3 999.0 1.8976 17.0 53.0 3.8071 0.0 0.0 -0.126 0.31623 998.0 1.9127 16.0 54.0 5.6071 0.0 0.0 -0.226 0.3 997.0 1.8615 15.0 
0.06524 72.3143 42.0 4864.0 0.0 66.0 0.0 -3.7929 1.274 0.0 0.5831 998.0 2.5 13.0 75.0 0.0 -0.4929 0.0 -0.426 0.67082 994.0 2.5 11.0 81.0 2.7071 0.0 0.0 -2.026 0.5831 989.0 2.5 9.0 93.0 5.5071 0.0 0.0 -3.426 0.53852 982.0 2.5 9.0 95.0 8.0071 0.0 0.0 -4.526 0.44721 978.0 2.5 8.0 
0.38721 12.23339 51.0 4870.0 0.0 53.0 0.0 -2.2929 0.674 0.0 0.44721 1001.0 2.3909 22.0 50.0 0.1071 0.0 0.0 -0.026 0.44721 1001.0 2.1279 20.0 49.0 2.3071 0.0 0.0 -0.926 0.41231 1001.0 2.0436 20.0 47.0 4.3071 0.0 0.0 -1.926 0.36056 1001.0 1.8802 20.0 44.0 6.0071 0.0 0.0 -2.926 0.31623 1001.0 1.6478 21.0 
0.12293 140.29041 44.0 4877.0 0.0 65.0 0.0 -2.5929 0.0 -1.726 0.5 997.0 2.5 12.0 69.0 0.3071 0.0 0.0 -1.226 0.41231 994.0 2.5 13.0 73.0 2.8071 0.0 0.0 -0.726 0.41231 992.0 2.5 12.0 76.0 5.2071 0.0 0.0 -0.226 0.41231 989.0 2.4581 11.0 79.0 7.5071 0.0 0.374 0.0 0.31623 987.0 2.4517 10.0 
0.43289 21.60552 46.0 4880.0 0.0 49.0 0.0 -2.4929 1.574 0.0 0.5 1001.0 2.0436 18.0 50.0 0.0 -0.1929 0.0 -0.026 0.44721 1000.0 1.9642 16.0 54.0 2.3071 0.0 0.0 -1.026 0.44721 1000.0 2.291 19.0 57.0 4.7071 0.0 0.0 -1.526 0.41231 998.0 2.2123 16.0 57.0 6.9071 0.0 0.0 -1.726 0.31623 997.0 2.074 15.0 
0.28901 51.90795 52.0 4889.0 0.0 44.0 0.0 -2.3929 0.0 -0.026 0.41231 1002.0 1.7976 24.0 46.0 0.0 -0.1929 0.0 -0.426 0.31623 1001.0 1.801 22.0 46.0 1.8071 0.0 0.0 -0.726 0.3 1001.0 1.801 21.0 44.0 3.7071 0.0 0.0 -0.926 0.3 1001.0 1.6478 21.0 42.0 5.3071 0.0 0.0 -0.926 0.3 1001.0 1.5014 21.0 
0.42883 52.6199 43.0 4896.0 0.0 60.0 0.0 -2.9929 3.674 0.0 0.78102 1001.0 2.5 18.0 62.0 0.0071 0.0 0.474 0.0 0.64031 1001.0 2.5 22.0 62.0 2.9071 0.0 0.0 -1.726 0.53852 1000.0 2.5 18.0 57.0 5.5071 0.0 0.0 -2.726 0.4 999.0 2.3703 17.0 55.0 7.8071 0.0 0.0 -2.326 0.36056 999.0 2.2069 17.0 
0.34405 14.4498 40.0 4914.0 0.0 71.0 0.0 -3.4929 3.674 0.0 0.92195 998.0 2.5 10.0 76.0 0.1071 0.0 0.074 0.0 0.78102 997.0 2.5 13.0 79.0 3.6071 0.0 0.0 -2.626 0.70711 994.0 2.5 11.0 81.0 6.6071 0.0 0.0 -5.026 0.56569 989.0 2.5 9.0 91.0 8.9071 0.0 0.0 -7.126 0.56569 982.0 2.5 9.0 
0.41952 22.93337 55.0 4916.0 0.0 60.0 0.0 -2.3929 2.474 0.0 0.64031 999.0 2.5 15.0 56.0 0.0 -0.1929 0.074 0.0 0.5 997.0 2.0019 14.0 57.0 1.8071 0.0 0.0 -1.526 0.36056 996.0 1.952 16.0 60.0 3.6071 0.0 0.0 -2.626 0.31623 993.0 1.8385 13.0 69.0 5.1071 0.0 0.0 -3.326 0.31623 989.0 2.0261 14.0 
0.17154 91.63024 76.0 4921.0 0.0 51.0 0.0 -1.7929 0.074 0.0 0.28284 997.0 1.6604 21.0 54.0 0.0 -0.3929 0.0 -0.726 0.31623 994.0 1.5675 18.0 61.0 0.9071 0.0 0.0 -1.226 0.22361 991.0 1.7275 19.0 70.0 2.1071 0.0 0.0 -1.526 0.22361 986.0 1.8536 16.0 70.0 3.2071 0.0 0.0 -1.726 0.2 985.0 1.7874 16.0 
0.30617 59.5095 48.0 4929.0 0.0 59.0 0.0 -2.2929 3.074 0.0 0.78102 1002.0 2.5 19.0 56.0 0.5071 0.0 0.174 0.0 0.56569 1001.0 2.5 17.0 52.0 2.8071 0.0 0.0 -2.026 0.42426 1000.0 2.1245 16.0 48.0 4.7071 0.0 0.0 -3.526 0.28284 1000.0 1.8102 15.0 51.0 6.3071 0.0 0.0 -4.626 0.31623 999.0 1.8976 17.0 
0.34285 32.65484 52.0 492.0 0.0 53.0 0.0 -1.3929 1.874 0.0 0.36056 998.0 1.9127 16.0 57.0 0.1071 0.0 0.274 0.0 0.36056 997.0 2.074 15.0 58.0 1.7071 0.0 0.0 -1.026 0.28284 996.0 2.0211 14.0 58.0 3.3071 0.0 0.0 -2.026 0.31623 995.0 1.9088 14.0 60.0 5.0071 0.0 0.0 -2.526 0.3 995.0 2.0427 13.0 
0.45436 19.33007 44.0 493.0 0.0 52.0 0.0 -1.9929 1.374 0.0 0.36056 998.0 1.8412 13.0 57.0 0.0071 0.0 0.174 0.0 0.36056 995.0 1.8436 12.0 67.0 2.2071 0.0 0.0 -0.526 0.41231 993.0 2.2925 13.0 78.0 4.5071 0.0 0.0 -0.626 0.5099 987.0 2.39 11.0 87.0 7.1071 0.0 0.0 -0.326 0.5 983.0 2.5 9.0 
0.47999 2.99167 115.0 4960.0 0.0 57.0 0.0 -0.5929 0.0 -0.426 0.1 991.0 1.5084 11.0 58.0 0.0071 0.0 0.0 -0.026 0.14142 990.0 1.4939 11.0 54.0 0.6071 0.0 0.374 0.0 0.14142 992.0 1.4182 12.0 52.0 1.2071 0.0 0.574 0.0 0.1 993.0 1.3809 12.0 50.0 1.8071 0.0 0.474 0.0 0.1 994.0 1.3439 13.0 
0.41071 30.42421 43.0 4969.0 0.0 46.0 0.0 -2.1929 0.274 0.0 0.4 1000.0 1.6625 16.0 50.0 0.0071 0.0 0.274 0.0 0.4 1000.0 1.9642 19.0 59.0 2.4071 0.0 0.274 0.0 0.41231 998.0 2.3703 16.0 63.0 5.0071 0.0 0.274 0.0 0.41231 997.0 2.5 15.0 65.0 7.6071 0.0 0.0 -0.126 0.4 996.0 2.5 14.0 
0.35401 27.7603 47.0 497.0 0.0 54.0 0.0 -2.0929 1.274 0.0 0.5 1000.0 2.291 16.0 51.0 0.1071 0.0 0.0 -0.226 0.31623 999.0 1.8976 14.0 54.0 2.1071 0.0 0.0 -0.926 0.4 997.0 1.8615 12.0 62.0 4.2071 0.0 0.0 -1.126 0.3 995.0 2.1812 14.0 70.0 6.3071 0.0 0.0 -0.926 0.3 991.0 2.2749 12.0 
0.35336 14.00819 88.0 4983.0 0.0 51.0 0.0 -1.1929 0.674 0.0 0.28284 997.0 1.6604 16.0 53.0 0.0071 0.0 0.0 -0.126 0.22361 995.0 1.5939 14.0 54.0 1.1071 0.0 0.0 -0.526 0.22361 994.0 1.5675 13.0 55.0 2.1071 0.0 0.0 -0.826 0.1 993.0 1.5448 12.0 58.0 3.1071 0.0 0.0 -1.126 0.14142 992.0 1.6361 12.0 
0.14348 42.04636 65.0 498.0 0.0 50.0 0.0 -1.8929 2.074 0.0 0.5 1000.0 1.9642 16.0 51.0 0.0 -0.1929 0.0 -0.326 0.5 999.0 1.8976 15.0 53.0 1.4071 0.0 0.0 -2.426 0.42426 997.0 1.7931 13.0 54.0 2.9071 0.0 0.0 -3.926 0.42426 994.0 1.5675 11.0 60.0 4.3071 0.0 0.0 -5.026 0.22361 991.0 1.6713 12.0 
0.50917 23.16855 50.0 4995.0 0.0 59.0 0.0 -2.0929 1.874 0.0 0.5 999.0 2.5 15.0 57.0 0.2071 0.0 0.0 -0.026 0.36056 998.0 2.2123 13.0 59.0 2.3071 0.0 0.0 -1.326 0.36056 995.0 1.9752 11.0 66.0 4.2071 0.0 0.0 -2.226 0.36056 993.0 2.2245 12.0 71.0 6.0071 0.0 0.0 -3.026 0.31623 989.0 2.1453 11.0 
0.45784 42.87049 82.0 5014.0 0.0 50.0 0.0 -1.2929 0.0 -1.026 0.31623 998.0 1.7023 17.0 52.0 0.2071 0.0 0.0 -0.326 0.22361 996.0 1.6246 19.0 56.0 1.3071 0.0 0.474 0.0 0.28284 994.0 1.6858 17.0 56.0 2.2071 0.0 1.574 0.0 0.22361 994.0 1.6858 16.0 55.0 2.8071 0.0 2.774 0.0 0.31623 993.0 1.5448 13.0 
0.50718 14.4498 51.0 5076.0 0.0 50.0 0.0 -1.9929 0.0 -0.126 0.3 1000.0 1.9642 19.0 55.0 0.1071 0.0 0.074 0.0 0.41231 998.0 2.0598 16.0 57.0 2.2071 0.0 0.674 0.0 0.36056 997.0 2.074 15.0 58.0 3.8071 0.0 1.974 0.0 0.36056 996.0 2.0211 15.0 61.0 5.5071 0.0 3.474 0.0 0.42426 996.0 2.2356 14.0 
0.10511 60.18886 65.0 5093.0 0.0 49.0 0.0 -2.0929 1.974 0.0 0.5 999.0 1.7517 11.0 49.0 0.0 -0.4929 0.0 -0.226 0.42426 999.0 1.7517 15.0 49.0 1.0071 0.0 0.0 -1.526 0.36056 997.0 1.5327 13.0 51.0 2.4071 0.0 0.0 -2.026 0.2 994.0 1.3982 11.0 60.0 3.5071 0.0 0.0 -1.926 0.22361 991.0 1.6713 11.0 
0.07618 151.86027 50.0 5094.0 0.0 61.0 0.0 -0.9929 0.0 -2.526 0.44721 997.0 2.3753 12.0 65.0 1.0071 0.0 0.0 -0.926 0.42426 994.0 2.2712 10.0 70.0 2.5071 0.0 0.974 0.0 0.44721 991.0 2.2749 9.0 71.0 3.8071 0.0 3.074 0.0 0.42426 991.0 2.3403 8.0 71.0 5.5071 0.0 4.874 0.0 0.42426 991.0 2.3403 9.0 
0.29078 25.09838 51.0 5116.0 0.0 48.0 0.0 -1.9929 0.974 0.0 0.36056 1000.0 1.8102 11.0 49.0 0.0071 0.0 0.0 -0.226 0.41231 999.0 1.7517 12.0 52.0 1.9071 0.0 0.0 -0.926 0.31623 998.0 1.8412 12.0 56.0 3.6071 0.0 0.0 -1.226 0.3 995.0 1.7795 10.0 62.0 5.3071 0.0 0.0 -1.226 0.3 992.0 1.8696 9.0 
0.17084 189.9562 42.0 5122.0 0.0 75.0 0.0 -1.4929 5.674 0.0 1.02956 1000.0 2.5 12.0 69.0 1.4071 0.0 0.974 0.0 0.80623 1000.0 2.5 13.0 64.0 3.8071 0.0 0.0 -2.526 0.72111 998.0 2.5 14.0 66.0 6.0071 0.0 0.0 -5.426 0.64031 996.0 2.5 12.0 70.0 8.1071 0.0 0.0 -7.926 0.5 994.0 2.5 13.0 
0.26728 35.39254 56.0 5129.0 0.0 59.0 0.0 -3.0929 1.974 0.0 0.70711 1001.0 2.5 14.0 56.0 0.0 -0.2929 0.0 -0.126 0.5 1000.0 2.4639 15.0 52.0 1.9071 0.0 0.0 -1.626 0.36056 998.0 1.8412 13.0 54.0 3.5071 0.0 0.0 -2.926 0.28284 996.0 1.752 12.0 61.0 5.0071 0.0 0.0 -4.026 0.28284 993.0 1.9003 13.0 
0.41278 78.26613 38.0 5131.0 0.0 69.0 0.0 -4.3929 1.874 0.0 0.76158 1001.0 2.5 18.0 72.0 0.2071 0.0 0.674 0.0 0.82462 1000.0 2.5 16.0 67.0 4.3071 0.0 0.0 -0.626 0.60828 999.0 2.5 15.0 60.0 7.4071 0.0 0.0 -1.426 0.5099 998.0 2.4513 15.0 61.0 9.7071 0.0 0.0 -1.826 0.41231 996.0 2.2356 14.0 
0.17492 203.06164 42.0 5152.0 0.0 75.0 0.0 -0.9929 5.574 0.0 1.02956 998.0 2.5 15.0 72.0 1.6071 0.0 0.874 0.0 0.72111 996.0 2.5 13.0 71.0 4.1071 0.0 0.0 -2.726 0.5831 995.0 2.5 16.0 72.0 6.1071 0.0 0.0 -5.726 0.5 991.0 2.4067 13.0 80.0 7.9071 0.0 0.0 -8.226 0.44721 986.0 2.421 14.0 
0.22118 158.46145 40.0 5158.0 0.0 69.0 0.0 -1.0929 5.074 0.0 0.89443 1000.0 2.5 12.0 65.0 1.3071 0.0 0.574 0.0 0.76158 999.0 2.5 11.0 61.0 3.4071 0.0 0.0 -2.926 0.64031 998.0 2.5 10.0 61.0 5.3071 0.0 0.0 -5.826 0.5 997.0 2.3753 13.0 63.0 6.9071 0.0 0.0 -8.226 0.42426 994.0 2.1336 11.0 
0.31583 47.45382 47.0 5161.0 0.0 62.0 0.0 -2.7929 2.474 0.0 0.5831 1001.0 2.5 17.0 59.0 0.2071 0.0 0.374 0.0 0.5 1000.0 2.5 15.0 59.0 2.7071 0.0 0.0 -1.326 0.5 999.0 2.5 17.0 60.0 4.9071 0.0 0.0 -2.626 0.31623 997.0 2.2981 15.0 58.0 6.8071 0.0 0.0 -3.426 0.31623 996.0 2.0211 14.0 
0.23072 59.28963 50.0 5201.0 0.0 55.0 0.0 -2.8929 0.574 0.0 0.53852 1001.0 2.5 19.0 51.0 0.0 -0.0929 0.0 -0.526 0.5099 1001.0 2.2138 17.0 48.0 2.3071 0.0 0.0 -0.926 0.41231 1000.0 1.8102 18.0 50.0 4.3071 0.0 0.0 -1.026 0.3 999.0 1.8239 18.0 53.0 6.1071 0.0 0.0 -0.926 0.31623 997.0 1.7931 16.0 
0.16611 97.27973 44.0 5214.0 0.0 71.0 0.0 -3.5929 0.0 -0.026 0.63246 996.0 2.5 12.0 72.0 0.0 -0.2929 0.0 -0.826 0.5099 993.0 2.5 10.0 81.0 2.7071 0.0 0.0 -1.026 0.4 989.0 2.5 11.0 93.0 5.4071 0.0 0.0 -1.126 0.4 979.0 2.5 9.0 103.0 7.7071 0.0 0.0 -1.426 0.31623 968.0 2.4079 7.0 
0.1102 160.86908 51.0 5218.0 0.0 52.0 0.4071 0.0 0.0 -2.126 0.31623 996.0 1.6246 14.0 61.0 1.3071 0.0 0.0 -0.626 0.36056 993.0 1.9003 12.0 66.0 2.6071 0.0 0.774 0.0 0.42426 992.0 2.1186 12.0 69.0 4.2071 0.0 1.974 0.0 0.28284 990.0 2.1142 11.0 70.0 5.8071 0.0 2.874 0.0 0.22361 989.0 2.0853 11.0 
0.44172 113.36064 37.0 5230.0 0.0 81.0 0.0 -4.2929 4.674 0.0 1.06301 1001.0 2.5 17.0 78.0 0.3071 0.0 0.974 0.0 1.0 1000.0 2.5 15.0 72.0 4.3071 0.0 0.0 -1.826 0.72111 999.0 2.5 18.0 71.0 7.7071 0.0 0.0 -3.626 0.5831 997.0 2.5 15.0 65.0 10.5071 0.0 0.0 -4.726 0.53852 997.0 2.5 15.0 
0.40052 27.7603 45.0 5278.0 0.0 58.0 0.0 -2.5929 1.774 0.0 0.64031 1001.0 2.5 16.0 56.0 0.1071 0.0 0.0 -0.226 0.44721 1000.0 2.4639 15.0 57.0 2.5071 0.0 0.0 -1.326 0.44721 999.0 2.3703 17.0 62.0 4.9071 0.0 0.0 -1.926 0.3 997.0 2.4538 14.0 62.0 7.0071 0.0 0.0 -2.226 0.4 996.0 2.3095 14.0 
0.60976 72.25976 41.0 5282.0 0.0 66.0 0.0 -3.0929 3.574 0.0 0.78102 1000.0 2.5 12.0 67.0 0.3071 0.0 0.574 0.0 0.78102 999.0 2.5 11.0 67.0 3.6071 0.0 0.0 -2.226 0.56569 997.0 2.5 12.0 66.0 6.2071 0.0 0.0 -4.526 0.64031 996.0 2.5 12.0 69.0 8.6071 0.0 0.0 -6.426 0.44721 992.0 2.3156 10.0 
0.29553 38.08876 57.0 5288.0 0.0 54.0 0.0 -2.3929 0.0 -0.126 0.5099 1001.0 2.4819 13.0 46.0 0.1071 0.0 0.0 -0.326 0.31623 1000.0 1.6625 16.0 46.0 2.0071 0.0 0.0 -0.426 0.3 999.0 1.5437 15.0 46.0 3.6071 0.0 0.0 -0.426 0.2 998.0 1.4408 13.0 49.0 4.8071 0.0 0.0 -0.526 0.2 996.0 1.4425 15.0 
0.26146 25.09838 68.0 5309.0 0.0 46.0 0.0 -1.3929 0.474 0.0 0.22361 997.0 1.3508 13.0 55.0 0.0071 0.0 0.0 -0.226 0.22361 995.0 1.7165 14.0 60.0 1.4071 0.0 0.0 -0.826 0.28284 993.0 1.8385 12.0 61.0 2.6071 0.0 0.0 -1.526 0.22361 992.0 1.8098 12.0 62.0 3.8071 0.0 0.0 -2.226 0.22361 991.0 1.7846 11.0 
0.2062 59.58399 73.0 5328.0 0.0 58.0 0.0 -1.7929 0.0 -0.226 0.3 996.0 2.0211 15.0 68.0 0.1071 0.0 0.0 -0.526 0.31623 991.0 2.1467 11.0 72.0 1.8071 0.0 0.0 -0.926 0.2 988.0 2.1179 10.0 71.0 3.2071 0.0 0.0 -1.226 0.22361 987.0 1.9803 10.0 69.0 4.4071 0.0 0.0 -1.526 0.1 986.0 1.801 10.0 
0.37642 138.42312 42.0 5359.0 0.0 73.0 0.0 -1.9929 4.974 0.0 0.9434 1000.0 2.5 13.0 68.0 1.1071 0.0 0.574 0.0 0.78102 1000.0 2.5 12.0 64.0 3.8071 0.0 0.0 -2.926 0.70711 998.0 2.5 10.0 60.0 6.1071 0.0 0.0 -5.526 0.56569 998.0 2.4513 13.0 60.0 8.1071 0.0 0.0 -7.426 0.36056 995.0 2.0427 11.0 
0.41385 25.09838 48.0 535.0 0.0 44.0 0.0 -1.9929 0.0 -0.626 0.41231 1001.0 1.6478 17.0 46.0 0.0071 0.0 0.0 -0.226 0.31623 1000.0 1.6625 18.0 51.0 1.8071 0.0 0.274 0.0 0.31623 999.0 1.8976 17.0 58.0 3.8071 0.0 0.874 0.0 0.31623 997.0 2.1474 15.0 62.0 5.8071 0.0 1.474 0.0 0.4 996.0 2.3095 14.0 
0.32281 34.21005 45.0 5400.0 0.0 58.0 0.0 -1.9929 2.574 0.0 0.64031 1001.0 2.5 16.0 55.0 0.3071 0.0 0.0 -0.026 0.42426 1000.0 2.3767 15.0 55.0 2.4071 0.0 0.0 -1.726 0.44721 999.0 2.2069 18.0 61.0 4.6071 0.0 0.0 -2.526 0.41231 996.0 2.2356 15.0 65.0 6.9071 0.0 0.0 -2.626 0.3 994.0 2.2712 13.0 
0.08141 48.64617 56.0 5411.0 0.0 50.0 0.0 -1.7929 2.174 0.0 0.5831 1000.0 1.9642 12.0 49.0 0.0 -0.2929 0.0 -0.326 0.44721 1000.0 1.8864 15.0 49.0 1.1071 0.0 0.0 -2.126 0.28284 998.0 1.6349 13.0 53.0 2.5071 0.0 0.0 -3.026 0.31623 995.0 1.5939 11.0 63.0 4.1071 0.0 0.0 -3.126 0.3 992.0 1.9304 12.0 
0.41519 37.19517 42.0 541.0 0.0 49.0 0.0 -2.7929 1.274 0.0 0.44721 1002.0 2.2294 24.0 52.0 0.0 -0.1929 0.274 0.0 0.5099 1001.0 2.3015 21.0 56.0 2.5071 0.0 0.0 -0.126 0.5 1000.0 2.4639 19.0 57.0 5.3071 0.0 0.0 -0.026 0.5099 1000.0 2.5 19.0 59.0 8.3071 0.0 0.474 0.0 0.5 1000.0 2.5 19.0 
0.08068 92.26407 52.0 5454.0 0.0 65.0 0.0 -2.3929 0.274 0.0 0.5 996.0 2.5 13.0 71.0 0.0 -0.0929 0.0 -0.826 0.31623 992.0 2.4518 12.0 74.0 1.9071 0.0 0.0 -0.926 0.41231 989.0 2.3304 10.0 76.0 3.8071 0.0 0.0 -0.226 0.31623 987.0 2.269 10.0 79.0 5.5071 0.0 0.874 0.0 0.28284 985.0 2.2766 9.0 
0.47794 58.29206 60.0 5514.0 0.0 54.0 0.0 -0.4929 0.0 -1.626 0.28284 993.0 1.4892 14.0 64.0 0.3071 0.0 0.0 -0.426 0.28284 990.0 1.8189 14.0 67.0 1.1071 0.0 0.674 0.0 0.14142 987.0 1.7634 13.0 72.0 1.9071 0.0 1.574 0.0 0.22361 984.0 1.8258 12.0 81.0 3.0071 0.0 2.074 0.0 0.2 979.0 1.9709 11.0 
0.29413 36.19458 50.0 551.0 0.0 41.0 0.0 -1.7929 0.174 0.0 0.31623 1001.0 1.4308 19.0 46.0 0.0071 0.0 0.0 -0.326 0.31623 1000.0 1.6625 19.0 50.0 1.7071 0.0 0.0 -0.626 0.22361 998.0 1.7023 16.0 53.0 3.3071 0.0 0.0 -0.626 0.31623 997.0 1.7931 15.0 58.0 5.1071 0.0 0.0 -0.026 0.41231 997.0 2.1474 15.0 
0.30058 2.99167 52.0 5522.0 0.0 56.0 0.0 -1.7929 1.674 0.0 0.5 998.0 2.1353 14.0 56.0 0.0071 0.0 0.0 -0.026 0.42426 997.0 2.0019 15.0 58.0 1.6071 0.0 0.0 -1.026 0.36056 995.0 1.9088 14.0 62.0 3.2071 0.0 0.0 -1.826 0.22361 993.0 1.9631 12.0 70.0 4.8071 0.0 0.0 -2.526 0.31623 990.0 2.176 11.0 
0.23167 25.09838 91.0 5523.0 0.0 43.0 0.0 -0.9929 0.074 0.0 0.1 998.0 1.259 17.0 50.0 0.0071 0.0 0.0 -0.226 0.22361 996.0 1.502 14.0 54.0 1.1071 0.0 0.0 -0.526 0.2 994.0 1.5675 13.0 54.0 2.2071 0.0 0.0 -0.626 0.22361 994.0 1.5675 13.0 53.0 3.1071 0.0 0.0 -0.726 0.2 994.0 1.51 13.0 
0.15777 94.52394 49.0 5552.0 0.0 41.0 0.0 -1.3929 0.0 -1.226 0.3 1000.0 1.3207 11.0 46.0 0.2071 0.0 0.0 -0.826 0.2 998.0 1.4408 10.0 52.0 1.8071 0.0 0.0 -0.426 0.3 997.0 1.7261 12.0 61.0 3.6071 0.0 0.0 -0.126 0.3 994.0 2.0003 10.0 69.0 5.7071 0.0 0.074 0.0 0.31623 992.0 2.3156 9.0 
0.13131 147.58686 49.0 5567.0 0.0 42.0 0.0 -0.4929 0.0 -1.926 0.22361 1000.0 1.3859 19.0 48.0 0.7071 0.0 0.0 -1.126 0.22361 998.0 1.5688 16.0 52.0 1.9071 0.0 0.0 -0.126 0.28284 997.0 1.7261 15.0 56.0 3.4071 0.0 0.874 0.0 0.36056 996.0 1.8841 14.0 63.0 5.4071 0.0 1.674 0.0 0.4 996.0 2.3846 14.0 
0.37106 44.52005 40.0 557.0 0.0 50.0 0.0 -3.0929 0.0 -1.426 0.5831 1002.0 2.3213 25.0 54.0 0.0 -0.2929 0.274 0.0 0.5831 1001.0 2.4819 22.0 58.0 2.5071 0.0 1.974 0.0 0.63246 1001.0 2.5 20.0 61.0 5.8071 0.0 3.174 0.0 0.63246 1001.0 2.5 20.0 58.0 9.0071 0.0 4.274 0.0 0.44721 1001.0 2.5 20.0 
0.49289 41.52148 40.0 5599.0 0.0 51.0 0.0 -2.6929 1.174 0.0 0.44721 1001.0 2.2138 18.0 59.0 0.0071 0.0 0.374 0.0 0.5099 1000.0 2.5 18.0 67.0 3.1071 0.0 0.0 -0.026 0.60828 998.0 2.5 16.0 66.0 6.2071 0.0 0.0 -0.526 0.4 998.0 2.5 15.0 61.0 8.9071 0.0 0.0 -0.626 0.4 998.0 2.5 16.0 
0.1737 218.21274 40.0 5603.0 0.0 72.0 0.0 -0.1929 5.574 0.0 0.8544 999.0 2.5 16.0 70.0 1.8071 0.0 0.774 0.0 0.80623 998.0 2.5 14.0 67.0 3.9071 0.0 0.0 -3.026 0.72111 997.0 2.5 17.0 71.0 6.2071 0.0 0.0 -5.926 0.64031 995.0 2.5 14.0 78.0 8.9071 0.0 0.0 -7.926 0.44721 992.0 2.5 15.0 
0.57173 19.33007 56.0 5607.0 0.0 57.0 0.0 -1.8929 0.774 0.0 0.31623 996.0 1.952 14.0 66.0 0.0071 0.0 0.174 0.0 0.31623 992.0 2.1186 12.0 74.0 1.9071 0.0 0.0 -0.326 0.3 988.0 2.2372 10.0 81.0 3.7071 0.0 0.0 -0.626 0.31623 982.0 2.1617 9.0 90.0 5.3071 0.0 0.0 -0.826 0.3 974.0 2.1213 8.0 
0.17609 134.71607 81.0 5608.0 0.0 55.0 1.0071 0.0 0.0 -1.826 0.22361 993.0 1.5448 12.0 66.0 1.2071 0.0 0.0 -0.126 0.31623 990.0 1.9344 11.0 73.0 1.4071 0.0 2.174 0.0 0.41231 988.0 2.1772 10.0 78.0 1.9071 0.0 4.374 0.0 0.3 984.0 2.1428 9.0 83.0 2.5071 0.0 6.074 0.0 0.22361 979.0 2.0695 8.0 
0.40768 68.33909 39.0 561.0 0.0 72.0 0.0 -5.5929 0.274 0.0 0.80623 1001.0 2.5 22.0 78.0 0.0 -0.3929 0.474 0.0 0.8 1000.0 2.5 19.0 68.0 3.7071 0.0 0.874 0.0 0.63246 1000.0 2.5 18.0 59.0 6.8071 0.0 1.774 0.0 0.44721 999.0 2.5 18.0 54.0 9.1071 0.0 2.974 0.0 0.36056 999.0 2.1274 18.0 
0.30033 111.23875 56.0 5624.0 0.0 49.0 0.1071 0.0 0.0 -2.526 0.36056 997.0 1.5327 12.0 59.0 0.9071 0.0 0.0 -0.426 0.41231 995.0 1.9752 14.0 66.0 1.8071 0.0 1.674 0.0 0.36056 991.0 2.0223 12.0 72.0 3.1071 0.0 2.974 0.0 0.28284 988.0 2.1179 10.0 79.0 4.6071 0.0 3.874 0.0 0.36056 983.0 2.1248 9.0 
0.5068 2.99167 68.0 5657.0 0.0 55.0 0.0 -2.0929 0.774 0.0 0.44721 998.0 2.0598 13.0 59.0 0.0071 0.0 0.0 -0.026 0.31623 996.0 2.0914 15.0 62.0 1.9071 0.0 0.0 -0.226 0.3 993.0 1.9631 13.0 64.0 3.4071 0.0 0.0 -0.226 0.3 991.0 1.9016 11.0 65.0 4.6071 0.0 0.0 -0.126 0.2 989.0 1.798 10.0 
0.44924 12.23339 58.0 5681.0 0.0 61.0 0.0 -1.6929 1.374 0.0 0.36056 995.0 2.1114 11.0 64.0 0.1071 0.0 0.0 -0.026 0.31623 991.0 1.9016 9.0 75.0 1.8071 0.0 0.0 -0.826 0.31623 986.0 2.1279 10.0 91.0 3.4071 0.0 0.0 -1.426 0.31623 975.0 2.2258 8.0 97.0 4.9071 0.0 0.0 -1.926 0.2 968.0 2.1356 7.0 
0.07666 48.64617 85.0 5682.0 0.0 52.0 0.0 -1.8929 1.574 0.0 0.42426 999.0 1.9727 15.0 51.0 0.0 -0.2929 0.0 -0.326 0.36056 998.0 1.7711 13.0 51.0 1.0071 0.0 0.0 -1.626 0.28284 997.0 1.6604 15.0 52.0 2.2071 0.0 0.0 -2.326 0.14142 995.0 1.5343 14.0 52.0 3.2071 0.0 0.0 -2.526 0.1 994.0 1.4536 13.0 
0.15143 56.66943 99.0 5688.0 0.0 43.0 0.0 -1.3929 0.474 0.0 0.22361 998.0 1.259 13.0 46.0 0.0 -0.3929 0.0 -0.326 0.14142 996.0 1.2713 12.0 53.0 0.4071 0.0 0.0 -0.926 0.2 994.0 1.51 13.0 58.0 1.2071 0.0 0.0 -1.126 0.1 990.0 1.4939 11.0 57.0 1.9071 0.0 0.0 -0.926 0.1 991.0 1.5084 11.0 
0.20002 81.24308 72.0 5707.0 0.0 53.0 0.0 -1.5929 0.0 -0.326 0.36056 997.0 1.7931 14.0 59.0 0.0 -0.0929 0.0 -0.726 0.3 994.0 1.8713 13.0 66.0 1.4071 0.0 0.0 -0.226 0.28284 990.0 1.9344 11.0 70.0 2.6071 0.0 0.874 0.0 0.36056 989.0 2.0853 10.0 71.0 3.7071 0.0 2.474 0.0 0.22361 989.0 2.1453 10.0 
0.12484 41.06496 47.0 5758.0 0.0 56.0 0.0 -2.7929 3.174 0.0 0.72111 1000.0 2.4639 13.0 58.0 0.0 -0.2929 0.0 -0.226 0.64031 1000.0 2.5 17.0 55.0 2.1071 0.0 0.0 -2.726 0.56569 999.0 2.2069 16.0 54.0 4.4071 0.0 0.0 -4.526 0.36056 998.0 1.9855 14.0 55.0 6.5071 0.0 0.0 -5.826 0.31623 996.0 1.8174 12.0 
0.44417 56.80407 40.0 5762.0 0.0 64.0 0.0 -4.4929 1.074 0.0 0.80623 1001.0 2.5 18.0 66.0 0.0 -0.1929 0.474 0.0 0.70711 1001.0 2.5 21.0 63.0 3.3071 0.0 0.0 -0.326 0.53852 1000.0 2.5 19.0 60.0 6.2071 0.0 0.0 -1.326 0.5099 999.0 2.5 17.0 56.0 8.7071 0.0 0.0 -1.726 0.4 999.0 2.2879 17.0 
0.2346 27.12273 58.0 5767.0 0.0 57.0 0.0 -2.9929 2.274 0.0 0.64031 1001.0 2.5 19.0 56.0 0.0 -0.0929 0.0 -0.226 0.56569 1001.0 2.5 17.0 52.0 2.3071 0.0 0.0 -2.126 0.5 1000.0 2.1245 16.0 49.0 4.3071 0.0 0.0 -3.426 0.36056 999.0 1.7517 14.0 49.0 5.8071 0.0 0.0 -4.226 0.22361 998.0 1.6349 16.0 
0.16866 107.80531 42.0 5769.0 0.0 57.0 0.0 -3.9929 0.074 0.0 0.60828 1002.0 2.5 19.0 59.0 0.0 -0.2929 0.0 -0.926 0.60828 1002.0 2.5 23.0 57.0 2.8071 0.0 0.0 -1.826 0.44721 1001.0 2.5 20.0 59.0 5.5071 0.0 0.0 -2.826 0.41231 999.0 2.5 17.0 57.0 8.0071 0.0 0.0 -3.426 0.4 999.0 2.3703 17.0 
0.20452 136.17788 59.0 5770.0 0.0 40.0 0.0 -0.5929 0.0 -1.726 0.31623 1001.0 1.3618 23.0 43.0 0.9071 0.0 0.0 -0.826 0.28284 1000.0 1.4527 20.0 46.0 2.1071 0.0 0.374 0.0 0.22361 999.0 1.5437 18.0 46.0 3.2071 0.0 1.574 0.0 0.28284 999.0 1.5437 17.0 47.0 4.4071 0.0 2.674 0.0 0.28284 999.0 1.6116 17.0 
0.4081 61.36266 45.0 5771.0 0.0 63.0 0.0 -2.1929 4.374 0.0 0.89443 1001.0 2.5 18.0 62.0 0.4071 0.0 0.374 0.0 0.70711 1001.0 2.5 17.0 56.0 3.1071 0.0 0.0 -2.126 0.44721 1000.0 2.4639 15.0 54.0 5.4071 0.0 0.0 -3.426 0.31623 999.0 2.1274 18.0 56.0 7.3071 0.0 0.0 -4.226 0.31623 997.0 2.0019 15.0 
0.09807 86.89722 51.0 5772.0 0.0 57.0 0.0 -3.1929 0.774 0.0 0.53852 1000.0 2.5 12.0 55.0 0.0 -0.2929 0.0 -0.726 0.44721 1000.0 2.3767 16.0 55.0 2.1071 0.0 0.0 -2.226 0.42426 999.0 2.2069 14.0 58.0 4.2071 0.0 0.0 -3.826 0.36056 997.0 2.1474 12.0 62.0 6.1071 0.0 0.0 -5.126 0.36056 994.0 2.0664 13.0 
0.11286 51.90795 42.0 5773.0 0.0 59.0 0.0 -2.1929 3.274 0.0 0.76158 1000.0 2.5 18.0 57.0 0.0 -0.1929 0.0 -0.426 0.67082 1000.0 2.5 17.0 55.0 1.9071 0.0 0.0 -3.226 0.5 999.0 2.2069 15.0 56.0 3.9071 0.0 0.0 -5.426 0.5 997.0 2.0019 13.0 58.0 5.7071 0.0 0.0 -7.226 0.42426 996.0 2.0211 16.0 
0.44951 91.64638 44.0 5777.0 0.0 70.0 0.0 -2.1929 4.374 0.0 0.86023 1000.0 2.5 12.0 67.0 0.8071 0.0 0.174 0.0 0.78102 999.0 2.5 11.0 63.0 3.5071 0.0 0.0 -3.226 0.56569 998.0 2.5 10.0 61.0 5.7071 0.0 0.0 -5.826 0.5 997.0 2.3753 13.0 61.0 7.5071 0.0 0.0 -7.826 0.42426 994.0 2.0003 11.0 
0.28846 45.6838 45.0 5782.0 0.0 55.0 0.0 -1.9929 2.374 0.0 0.56569 999.0 2.2069 11.0 57.0 0.3071 0.0 0.274 0.0 0.5 997.0 2.074 10.0 61.0 2.6071 0.0 0.0 -1.326 0.5 996.0 2.2356 12.0 68.0 4.9071 0.0 0.0 -2.926 0.36056 994.0 2.4857 13.0 78.0 7.0071 0.0 0.0 -4.126 0.41231 988.0 2.4856 10.0 
0.37655 21.89443 48.0 5786.0 0.0 52.0 0.0 -2.7929 2.074 0.0 0.5831 1002.0 2.5 13.0 53.0 0.0 -0.0929 0.174 0.0 0.5 1001.0 2.3909 12.0 51.0 2.2071 0.0 0.0 -1.326 0.44721 1000.0 2.0435 11.0 51.0 4.3071 0.0 0.0 -2.526 0.36056 999.0 1.8976 14.0 57.0 6.1071 0.0 0.0 -3.626 0.31623 997.0 2.074 11.0 
0.3398 53.94034 43.0 5788.0 0.0 51.0 0.0 -1.9929 3.674 0.0 0.67082 1001.0 2.2138 18.0 56.0 0.1071 0.0 0.474 0.0 0.56569 1000.0 2.4639 17.0 58.0 2.6071 0.0 0.0 -2.126 0.64031 999.0 2.4542 15.0 60.0 5.2071 0.0 0.0 -4.326 0.5 999.0 2.5 19.0 62.0 7.6071 0.0 0.0 -6.226 0.5 997.0 2.4538 16.0 
0.41867 42.04636 46.0 5789.0 0.0 50.0 0.0 -3.0929 0.0 -0.226 0.6 1002.0 2.3213 19.0 49.0 0.0 -0.1929 0.0 -0.326 0.5 1002.0 2.2294 18.0 50.0 2.3071 0.0 0.0 -0.726 0.44721 1001.0 2.1279 21.0 53.0 4.6071 0.0 0.0 -1.526 0.41231 1000.0 2.207 18.0 52.0 6.8071 0.0 0.0 -2.026 0.4 1000.0 2.1245 18.0 
0.3471 45.92858 45.0 5836.0 0.0 57.0 0.0 -2.1929 2.874 0.0 0.70711 1001.0 2.5 18.0 57.0 0.4071 0.0 0.074 0.0 0.56569 1000.0 2.5 16.0 56.0 2.8071 0.0 0.0 -2.026 0.5 1000.0 2.4639 19.0 59.0 5.1071 0.0 0.0 -3.626 0.44721 998.0 2.3703 16.0 59.0 7.2071 0.0 0.0 -4.526 0.3 996.0 2.0914 14.0 
0.40309 67.73423 39.0 5847.0 0.0 70.0 0.0 -3.4929 4.374 0.0 0.92195 1000.0 2.5 12.0 72.0 0.2071 0.0 0.574 0.0 0.92195 999.0 2.5 11.0 72.0 3.7071 0.0 0.0 -2.726 0.78102 999.0 2.5 14.0 70.0 6.8071 0.0 0.0 -5.426 0.56569 996.0 2.5 12.0 71.0 9.4071 0.0 0.0 -7.426 0.44721 994.0 2.5 12.0 
0.33504 45.92858 54.0 5848.0 0.0 59.0 0.0 -1.9929 3.274 0.0 0.72111 1001.0 2.5 18.0 57.0 0.4071 0.0 0.074 0.0 0.64031 1000.0 2.5 16.0 54.0 2.7071 0.0 0.0 -2.226 0.42426 999.0 2.1274 15.0 52.0 4.5071 0.0 0.0 -3.826 0.28284 998.0 1.8412 13.0 53.0 5.9071 0.0 0.0 -4.826 0.22361 996.0 1.6877 15.0 
0.09322 157.098 55.0 5856.0 0.0 63.0 0.0 -1.2929 0.0 -2.326 0.31623 995.0 2.2521 14.0 73.0 0.7071 0.0 0.0 -1.226 0.36056 990.0 2.3665 11.0 74.0 2.3071 0.0 0.0 -0.026 0.36056 988.0 2.2372 10.0 74.0 3.7071 0.0 1.074 0.0 0.28284 986.0 2.0715 10.0 75.0 5.1071 0.0 1.874 0.0 0.28284 986.0 2.1279 9.0 
0.40913 84.17478 42.0 5872.0 0.0 65.0 0.0 -1.9929 4.074 0.0 0.86023 1000.0 2.5 12.0 64.0 0.7071 0.0 0.274 0.0 0.78102 1000.0 2.5 16.0 63.0 3.4071 0.0 0.0 -2.726 0.64031 999.0 2.5 14.0 63.0 6.0071 0.0 0.0 -5.026 0.5 997.0 2.5 12.0 66.0 8.2071 0.0 0.0 -6.926 0.5 996.0 2.5 14.0 
0.11727 132.37635 45.0 587.0 0.0 68.0 0.0 -3.6929 0.0 -0.126 0.53852 997.0 2.5 12.0 72.0 0.0 -0.3929 0.0 -1.126 0.5099 994.0 2.5 10.0 79.0 2.5071 0.0 0.0 -1.726 0.5099 990.0 2.5 11.0 87.0 5.1071 0.0 0.0 -1.926 0.4 983.0 2.5 9.0 90.0 7.3071 0.0 0.0 -1.926 0.3 979.0 2.4333 8.0 
0.47552 12.23339 42.0 5887.0 0.0 52.0 0.0 -2.7929 1.074 0.0 0.5831 1001.0 2.3015 19.0 53.0 0.1071 0.0 0.0 -0.026 0.5099 1001.0 2.3909 17.0 54.0 2.9071 0.0 0.0 -0.526 0.5099 1000.0 2.291 15.0 56.0 5.5071 0.0 0.0 -0.826 0.5099 999.0 2.2879 18.0 61.0 8.1071 0.0 0.0 -1.026 0.41231 997.0 2.3753 15.0 
0.1355 56.66943 44.0 5888.0 0.0 63.0 0.0 -3.4929 1.574 0.0 0.64031 999.0 2.5 11.0 63.0 0.0 -0.3929 0.0 -0.326 0.5 998.0 2.5 13.0 64.0 2.4071 0.0 0.0 -1.426 0.44721 996.0 2.4609 11.0 69.0 4.9071 0.0 0.0 -2.226 0.41231 993.0 2.4314 13.0 78.0 7.3071 0.0 0.0 -2.626 0.31623 988.0 2.4856 10.0 
0.58006 45.6838 50.0 5904.0 0.0 77.0 0.0 -2.8929 2.974 0.0 0.78102 999.0 2.5 17.0 73.0 0.3071 0.0 0.274 0.0 0.5831 997.0 2.5 15.0 66.0 2.9071 0.0 0.0 -1.326 0.36056 996.0 2.5 14.0 62.0 4.9071 0.0 0.0 -2.326 0.31623 995.0 2.1812 13.0 59.0 6.5071 0.0 0.0 -2.926 0.2 995.0 1.9752 13.0 
0.13867 125.41067 40.0 5907.0 0.0 63.0 0.0 -3.5929 0.474 0.0 0.5831 1000.0 2.5 16.0 66.0 0.0 -0.0929 0.0 -1.126 0.60828 999.0 2.5 14.0 67.0 3.4071 0.0 0.0 -1.726 0.5099 997.0 2.5 12.0 70.0 6.4071 0.0 0.0 -2.126 0.4 995.0 2.5 13.0 73.0 9.0071 0.0 0.0 -2.226 0.3 991.0 2.474 12.0 
0.16056 62.18838 45.0 5913.0 0.0 64.0 0.0 -3.8929 0.874 0.0 0.76158 1001.0 2.5 13.0 59.0 0.0 -0.1929 0.0 -0.526 0.60828 1000.0 2.5 12.0 55.0 2.8071 0.0 0.0 -1.326 0.44721 999.0 2.2069 11.0 55.0 5.2071 0.0 0.0 -2.326 0.44721 998.0 2.0598 13.0 56.0 7.3071 0.0 0.0 -3.226 0.31623 996.0 1.8841 11.0 
0.29324 56.88427 45.0 5920.0 0.0 58.0 0.0 -1.8929 3.374 0.0 0.72111 1001.0 2.5 13.0 58.0 0.5071 0.0 0.074 0.0 0.64031 1000.0 2.5 12.0 56.0 2.9071 0.0 0.0 -2.426 0.56569 999.0 2.2879 13.0 56.0 5.2071 0.0 0.0 -4.126 0.42426 998.0 2.1353 13.0 56.0 7.2071 0.0 0.0 -5.626 0.36056 997.0 2.0019 12.0 
0.58735 30.02471 41.0 5921.0 0.0 61.0 0.0 -3.1929 1.474 0.0 0.5831 1001.0 2.5 12.0 62.0 0.2071 0.0 0.174 0.0 0.60828 1000.0 2.5 11.0 60.0 3.5071 0.0 0.0 -0.326 0.41231 998.0 2.4513 10.0 61.0 6.1071 0.0 0.0 -0.826 0.41231 997.0 2.3753 11.0 66.0 8.4071 0.0 0.0 -0.926 0.31623 994.0 2.3416 9.0 
0.36289 35.06378 41.0 5936.0 0.0 62.0 0.0 -2.7929 3.174 0.0 0.78102 1001.0 2.5 12.0 64.0 0.3071 0.0 0.074 0.0 0.72111 1000.0 2.5 11.0 63.0 3.4071 0.0 0.0 -2.226 0.5831 999.0 2.5 10.0 64.0 6.1071 0.0 0.0 -4.126 0.5 998.0 2.5 12.0 63.0 8.5071 0.0 0.0 -5.826 0.44721 997.0 2.5 11.0 
0.38676 32.65484 43.0 5953.0 0.0 70.0 0.0 -2.5929 3.874 0.0 0.86023 998.0 2.5 14.0 69.0 0.1071 0.0 0.274 0.0 0.70711 996.0 2.5 13.0 68.0 2.9071 0.0 0.0 -2.226 0.5 995.0 2.5 15.0 70.0 5.3071 0.0 0.0 -3.526 0.41231 990.0 2.176 12.0 84.0 7.7071 0.0 0.0 -4.126 0.4 984.0 2.4851 12.0 
0.05881 81.03809 43.0 5956.0 0.0 59.0 0.0 -3.7929 1.874 0.0 0.64031 1001.0 2.5 18.0 61.0 0.0 -0.5929 0.0 -0.426 0.5831 1000.0 2.5 16.0 61.0 2.4071 0.0 0.0 -2.426 0.5 999.0 2.5 14.0 61.0 5.1071 0.0 0.0 -4.026 0.44721 998.0 2.5 17.0 68.0 7.7071 0.0 0.0 -4.926 0.5099 995.0 2.5 14.0 
0.47532 19.33007 46.0 5959.0 0.0 61.0 0.0 -2.7929 2.674 0.0 0.64031 1000.0 2.5 17.0 59.0 0.0071 0.0 0.174 0.0 0.5831 999.0 2.5 15.0 56.0 2.6071 0.0 0.0 -1.426 0.44721 997.0 2.0019 14.0 56.0 4.7071 0.0 0.0 -2.426 0.4 996.0 1.8841 16.0 61.0 6.7071 0.0 0.0 -2.626 0.31623 994.0 2.0003 17.0 
0.39284 26.90838 51.0 5970.0 0.0 52.0 0.0 -2.1929 1.674 0.0 0.5 1000.0 2.1245 16.0 54.0 0.2071 0.0 0.0 -0.126 0.5 1000.0 2.291 15.0 54.0 2.4071 0.0 0.0 -1.526 0.44721 998.0 1.9855 14.0 58.0 4.5071 0.0 0.0 -2.626 0.31623 997.0 2.1474 15.0 60.0 6.1071 0.0 0.0 -3.526 0.31623 995.0 2.0427 13.0 
0.22727 76.71589 50.0 5977.0 0.0 41.0 0.0 -2.2929 0.0 -0.726 0.31623 1001.0 1.4308 18.0 44.0 0.0 -0.2929 0.0 -0.626 0.31623 1001.0 1.6478 17.0 48.0 1.8071 0.0 0.0 -1.226 0.41231 1000.0 1.8102 15.0 53.0 3.9071 0.0 0.0 -2.026 0.31623 999.0 2.0493 17.0 57.0 5.8071 0.0 0.0 -2.526 0.31623 997.0 2.074 15.0 
0.13244 103.4712 38.0 5984.0 0.0 66.0 0.0 -3.4929 0.0 -0.726 0.6 999.0 2.5 14.0 69.0 0.1071 0.0 0.0 -0.926 0.6 997.0 2.5 12.0 75.0 3.6071 0.0 0.0 -1.126 0.5 994.0 2.5 10.0 77.0 6.9071 0.0 0.0 -1.026 0.5099 992.0 2.5 9.0 72.0 9.7071 0.0 0.0 -0.526 0.41231 992.0 2.5 9.0 
0.36842 19.33007 51.0 6012.0 0.0 54.0 0.0 -2.0929 2.574 0.0 0.64031 1000.0 2.291 11.0 54.0 0.0071 0.0 0.174 0.0 0.5 999.0 2.1274 10.0 53.0 2.1071 0.0 0.0 -1.326 0.36056 998.0 1.9127 9.0 55.0 4.0071 0.0 0.0 -2.326 0.36056 997.0 1.931 12.0 61.0 5.7071 0.0 0.0 -3.326 0.31623 993.0 1.9003 10.0 
0.10702 271.43498 37.0 602.0 0.0 60.0 0.0 -3.7929 0.0 -3.226 0.60828 1001.0 2.5 17.0 71.0 0.3071 0.0 0.0 -2.426 0.70711 1000.0 2.5 20.0 70.0 4.3071 0.0 0.0 -1.826 0.63246 999.0 2.5 17.0 68.0 7.5071 0.0 0.0 -0.926 0.41231 997.0 2.5 15.0 64.0 10.1071 0.0 0.0 -0.026 0.36056 996.0 2.4609 14.0 
0.23162 51.90795 43.0 6038.0 0.0 52.0 0.0 -2.6929 0.574 0.0 0.44721 1001.0 2.3015 17.0 52.0 0.0 -0.1929 0.0 -0.426 0.44721 1000.0 2.1245 15.0 55.0 2.3071 0.0 0.0 -1.126 0.41231 999.0 2.2069 14.0 63.0 4.9071 0.0 0.0 -1.426 0.4 997.0 2.5 15.0 70.0 7.6071 0.0 0.0 -1.526 0.5 995.0 2.5 13.0 
0.18666 59.58399 53.0 6042.0 0.0 41.0 0.0 -1.1929 0.0 -0.126 0.22361 999.0 1.2264 17.0 45.0 0.1071 0.0 0.0 -0.526 0.2 998.0 1.3789 17.0 50.0 1.3071 0.0 0.0 -0.526 0.2 996.0 1.502 15.0 57.0 2.8071 0.0 0.0 -0.226 0.22361 994.0 1.7465 13.0 64.0 4.5071 0.0 0.474 0.0 0.36056 993.0 2.0918 13.0 
0.37709 25.09838 51.0 6047.0 0.0 47.0 0.0 -2.2929 0.674 0.0 0.44721 1001.0 1.8802 18.0 49.0 0.0071 0.0 0.0 -0.226 0.41231 1001.0 2.0436 21.0 50.0 2.1071 0.0 0.0 -1.026 0.41231 1000.0 1.9642 19.0 49.0 4.0071 0.0 0.0 -1.426 0.31623 999.0 1.7517 17.0 49.0 5.6071 0.0 0.0 -1.426 0.3 999.0 1.7517 17.0 
0.20222 37.62661 76.0 6048.0 0.0 40.0 0.0 -1.0929 0.0 -0.026 0.1 999.0 1.1673 14.0 44.0 0.0 -0.0929 0.0 -0.326 0.14142 998.0 1.3183 16.0 48.0 0.7071 0.0 0.0 -0.526 0.1 995.0 1.3074 14.0 48.0 1.3071 0.0 0.0 -0.326 0.1 994.0 1.2385 13.0 51.0 1.8071 0.0 0.0 -0.126 0.1 993.0 1.3283 12.0 
0.13074 80.01448 61.0 604.0 0.0 52.0 0.0 -2.5929 0.774 0.0 0.44721 1000.0 2.1245 15.0 53.0 0.0 -0.4929 0.0 -0.526 0.44721 999.0 2.0493 18.0 57.0 1.4071 0.0 0.0 -1.526 0.31623 996.0 1.952 15.0 58.0 3.0071 0.0 0.0 -2.026 0.3 994.0 1.8084 13.0 60.0 4.5071 0.0 0.0 -1.926 0.31623 993.0 1.8385 12.0 
0.19782 62.18838 94.0 6050.0 0.0 45.0 0.0 -1.3929 0.174 0.0 0.28284 999.0 1.4773 16.0 50.0 0.0 -0.1929 0.0 -0.526 0.22361 997.0 1.5959 15.0 53.0 0.9071 0.0 0.0 -0.826 0.2 995.0 1.5939 13.0 51.0 1.8071 0.0 0.0 -0.726 0.1 995.0 1.4759 13.0 49.0 2.5071 0.0 0.0 -0.426 0.1 995.0 1.3624 13.0 
0.17326 48.64617 50.0 6067.0 0.0 52.0 0.0 -2.3929 1.274 0.0 0.42426 999.0 1.9727 14.0 57.0 0.0 -0.2929 0.0 -0.326 0.42426 997.0 2.074 13.0 58.0 1.7071 0.0 0.0 -1.526 0.31623 995.0 1.9088 11.0 63.0 3.6071 0.0 0.0 -2.426 0.31623 994.0 2.1336 13.0 73.0 5.5071 0.0 0.0 -3.226 0.36056 990.0 2.3665 11.0 
0.21234 116.18293 50.0 6068.0 0.0 51.0 0.0 -2.1929 0.0 -1.326 0.5 1001.0 2.2138 22.0 50.0 0.2071 0.0 0.0 -1.026 0.41231 1000.0 1.9642 20.0 49.0 2.2071 0.0 0.0 -0.426 0.41231 1000.0 1.8864 19.0 49.0 4.2071 0.0 0.174 0.0 0.31623 1000.0 1.8864 19.0 47.0 6.0071 0.0 0.574 0.0 0.31623 1000.0 1.7355 18.0 
0.6096 21.89443 47.0 6079.0 0.0 64.0 0.0 -2.8929 1.574 0.0 0.5 999.0 2.5 13.0 66.0 0.0 -0.0929 0.174 0.0 0.44721 997.0 2.5 11.0 65.0 2.4071 0.0 0.0 -0.926 0.41231 996.0 2.5 10.0 63.0 4.6071 0.0 0.0 -1.526 0.41231 995.0 2.2521 10.0 63.0 6.6071 0.0 0.0 -1.826 0.4 994.0 2.1336 10.0 
0.12954 150.93414 60.0 6095.0 0.0 57.0 0.0 -0.1929 0.0 -2.126 0.36056 996.0 1.952 14.0 61.0 1.2071 0.0 0.0 -0.626 0.28284 994.0 2.0003 13.0 59.0 2.4071 0.0 0.974 0.0 0.28284 995.0 1.9752 13.0 57.0 3.4071 0.0 2.574 0.0 0.22361 995.0 1.8436 13.0 56.0 4.4071 0.0 3.974 0.0 0.31623 995.0 1.7795 14.0 
0.21874 25.57494 58.0 6107.0 0.0 45.0 0.0 -1.0929 1.474 0.0 0.31623 998.0 1.3789 14.0 48.0 0.0 -0.1929 0.0 -0.126 0.28284 997.0 1.4708 16.0 52.0 0.8071 0.0 0.0 -1.226 0.22361 994.0 1.4536 14.0 63.0 1.8071 0.0 0.0 -1.926 0.31623 990.0 1.7625 15.0 74.0 3.3071 0.0 0.0 -2.226 0.3 985.0 1.9975 12.0 
0.07909 57.38457 53.0 6109.0 0.0 56.0 0.0 -1.9929 2.074 0.0 0.5831 998.0 2.1353 14.0 58.0 0.0 -0.2929 0.0 -0.426 0.5 996.0 2.0211 12.0 61.0 1.5071 0.0 0.0 -2.226 0.36056 994.0 2.0003 12.0 70.0 3.4071 0.0 0.0 -3.326 0.36056 988.0 2.0019 11.0 83.0 5.1071 0.0 0.0 -3.926 0.3 980.0 2.1322 10.0 
0.16199 51.90795 56.0 6123.0 0.0 47.0 0.0 -2.0929 1.874 0.0 0.56569 1001.0 1.8802 13.0 48.0 0.0 -0.1929 0.0 -0.426 0.42426 1001.0 1.961 17.0 48.0 1.6071 0.0 0.0 -2.226 0.42426 1000.0 1.8102 15.0 48.0 3.1071 0.0 0.0 -3.526 0.31623 998.0 1.5688 13.0 51.0 4.6071 0.0 0.0 -4.126 0.31623 997.0 1.6604 15.0 
0.83433 47.45382 42.0 6129.0 0.0 84.0 0.0 -2.4929 1.774 0.0 0.5 989.0 2.5 11.0 91.0 0.2071 0.0 0.374 0.0 0.53852 984.0 2.5 9.0 92.0 2.9071 0.0 0.0 -0.526 0.41231 982.0 2.5 9.0 90.0 5.5071 0.0 0.0 -1.126 0.41231 983.0 2.5 9.0 84.0 8.1071 0.0 0.0 -1.526 0.41231 986.0 2.5 10.0 
0.18917 69.49047 51.0 6135.0 0.0 50.0 0.0 -2.1929 0.174 0.0 0.36056 1001.0 2.1279 21.0 53.0 0.0071 0.0 0.0 -0.626 0.41231 999.0 2.0493 18.0 53.0 2.1071 0.0 0.0 -1.026 0.3 999.0 2.0493 17.0 52.0 3.9071 0.0 0.0 -0.926 0.3 998.0 1.8412 16.0 53.0 5.6071 0.0 0.0 -0.526 0.31623 998.0 1.9127 16.0 
0.73764 98.73925 83.0 6160.0 0.0 45.0 1.4071 0.0 0.0 -1.226 0.31623 998.0 1.3789 28.0 47.0 0.8071 0.0 0.374 0.0 0.31623 998.0 1.5041 27.0 49.0 0.4071 0.0 2.074 0.0 0.31623 996.0 1.4425 20.0 55.0 0.3071 0.0 3.874 0.0 0.3 993.0 1.5448 17.0 65.0 0.6071 0.0 5.474 0.0 0.31623 989.0 1.798 18.0 
0.0888 114.50479 44.0 6163.0 0.0 60.0 0.0 -3.0929 0.0 -0.526 0.5099 1000.0 2.5 15.0 60.0 0.1071 0.0 0.0 -1.026 0.4 999.0 2.5 13.0 61.0 2.8071 0.0 0.0 -0.926 0.41231 997.0 2.3753 16.0 66.0 5.1071 0.0 0.0 -0.426 0.41231 994.0 2.3416 13.0 70.0 7.3071 0.0 0.0 -0.026 0.31623 992.0 2.3832 12.0 
0.45633 49.71343 254.0 6174.0 0.0 49.0 0.0 -0.5929 0.0 -0.826 0.22361 995.0 1.3624 18.0 57.0 0.3071 0.0 0.0 -0.326 0.14142 992.0 1.5802 15.0 60.0 1.1071 0.0 0.274 0.0 0.14142 990.0 1.5987 14.0 63.0 1.9071 0.0 0.874 0.0 0.2 988.0 1.6215 14.0 68.0 2.9071 0.0 1.174 0.0 0.2 986.0 1.7492 13.0 
0.59347 18.35579 60.0 6180.0 0.0 35.0 0.0 -0.5929 0.0 -1.326 0.14142 1000.0 1.0 18.0 45.0 0.1071 0.0 0.0 -0.126 0.28284 999.0 1.4773 17.0 53.0 1.0071 0.0 1.574 0.0 0.36056 997.0 1.7931 15.0 59.0 2.1071 0.0 3.674 0.0 0.41231 996.0 2.0914 14.0 64.0 3.2071 0.0 6.174 0.0 0.44721 995.0 2.3242 14.0 
0.2795 38.08876 41.0 6201.0 0.0 66.0 0.0 -3.1929 2.374 0.0 0.78102 1000.0 2.5 15.0 69.0 0.1071 0.0 0.0 -0.326 0.72111 998.0 2.5 13.0 68.0 3.3071 0.0 0.0 -2.226 0.5831 997.0 2.5 16.0 69.0 6.1071 0.0 0.0 -3.526 0.53852 996.0 2.5 14.0 72.0 8.7071 0.0 0.0 -4.626 0.44721 993.0 2.5 12.0 
0.374 96.79597 56.0 6204.0 0.0 54.0 0.0 -1.2929 0.0 -1.626 0.31623 997.0 1.8615 17.0 59.0 0.6071 0.0 0.0 -0.626 0.36056 995.0 1.9752 18.0 64.0 2.1071 0.0 0.574 0.0 0.36056 992.0 1.9922 16.0 66.0 3.5071 0.0 1.774 0.0 0.28284 990.0 1.9344 15.0 68.0 4.8071 0.0 2.774 0.0 0.22361 988.0 1.8891 14.0 
0.4325 64.54308 43.0 6220.0 0.0 64.0 0.0 -3.3929 1.874 0.0 0.67082 998.0 2.5 16.0 67.0 0.0 -0.0929 0.574 0.0 0.5099 996.0 2.5 16.0 71.0 2.9071 0.0 0.0 -0.126 0.5099 994.0 2.5 15.0 77.0 5.5071 0.0 0.0 -0.626 0.41231 990.0 2.5 14.0 81.0 7.8071 0.0 0.0 -1.026 0.4 985.0 2.3933 12.0 
0.22818 129.3265 74.0 6235.0 0.0 42.0 0.1071 0.0 0.0 -1.326 0.1 995.0 1.0009 20.0 52.0 0.7071 0.0 0.0 -0.926 0.1 993.0 1.3809 20.0 59.0 1.5071 0.0 0.0 -0.326 0.14142 990.0 1.5458 18.0 65.0 2.3071 0.0 0.274 0.0 0.1 987.0 1.6597 17.0 73.0 3.2071 0.0 0.774 0.0 0.1 982.0 1.7558 15.0 
0.29997 53.94034 46.0 6243.0 0.0 51.0 0.0 -2.3929 2.774 0.0 0.56569 1001.0 2.2138 18.0 55.0 0.1071 0.0 0.474 0.0 0.64031 1000.0 2.3767 16.0 57.0 2.6071 0.0 0.0 -1.526 0.5 999.0 2.3703 14.0 57.0 4.9071 0.0 0.0 -3.226 0.44721 999.0 2.3703 17.0 61.0 7.0071 0.0 0.0 -4.426 0.36056 996.0 2.2356 14.0 
0.32148 52.57774 72.0 6298.0 0.0 57.0 0.0 -0.5929 0.0 -0.726 0.14142 989.0 1.3827 11.0 71.0 0.2071 0.0 0.0 -0.426 0.1 982.0 1.6609 12.0 82.0 1.0071 0.0 0.0 -0.326 0.1 975.0 1.8073 10.0 84.0 1.8071 0.0 0.0 -0.226 0.2 974.0 1.8479 10.0 103.0 2.8071 0.0 0.0 -0.426 0.2 959.0 2.0066 8.0 
0.3918 10.70814 63.0 6309.0 0.0 55.0 0.0 -1.4929 0.774 0.0 0.31623 996.0 1.8174 14.0 60.0 0.0 -0.0929 0.0 -0.026 0.22361 993.0 1.8385 12.0 61.0 1.2071 0.0 0.0 -0.326 0.2 992.0 1.8098 12.0 63.0 2.5071 0.0 0.0 -0.326 0.3 991.0 1.8426 11.0 64.0 4.0071 0.0 0.0 -0.326 0.2 991.0 1.9016 11.0 
0.18185 41.06496 52.0 6319.0 0.0 59.0 0.0 -2.9929 2.474 0.0 0.64031 1001.0 2.5 19.0 56.0 0.0 -0.2929 0.0 -0.226 0.64031 1001.0 2.5 17.0 52.0 2.1071 0.0 0.0 -2.226 0.42426 1000.0 2.1245 16.0 50.0 4.0071 0.0 0.0 -3.826 0.36056 999.0 1.8239 14.0 52.0 5.6071 0.0 0.0 -5.026 0.31623 997.0 1.7261 16.0 
0.36796 27.12273 42.0 6330.0 0.0 60.0 0.0 -3.1929 2.174 0.0 0.72111 1002.0 2.5 26.0 57.0 0.0 -0.0929 0.0 -0.226 0.5 1001.0 2.5 23.0 58.0 2.8071 0.0 0.0 -1.926 0.44721 1000.0 2.5 20.0 58.0 5.6071 0.0 0.0 -3.126 0.5099 1000.0 2.5 19.0 55.0 8.2071 0.0 0.0 -3.326 0.4 999.0 2.2069 18.0 
0.15618 76.71589 57.0 6374.0 0.0 57.0 0.0 -2.9929 1.574 0.0 0.64031 1001.0 2.5 18.0 54.0 0.0 -0.2929 0.0 -0.626 0.5 1000.0 2.291 19.0 53.0 1.9071 0.0 0.0 -2.026 0.41231 999.0 2.0493 18.0 49.0 3.8071 0.0 0.0 -2.626 0.2 999.0 1.7517 17.0 50.0 5.3071 0.0 0.0 -2.726 0.2 997.0 1.5959 15.0 
0.10971 127.08247 165.0 6384.0 0.0 43.0 0.0 -0.8929 0.0 -1.326 0.2 998.0 1.259 15.0 51.0 0.2071 0.0 0.0 -1.126 0.2 995.0 1.4759 14.0 57.0 1.3071 0.0 0.0 -0.626 0.22361 993.0 1.6592 12.0 58.0 2.2071 0.0 0.174 0.0 0.28284 993.0 1.7179 12.0 57.0 2.9071 0.0 1.174 0.0 0.22361 993.0 1.6592 12.0 
0.33926 25.09838 58.0 6389.0 0.0 51.0 0.0 -1.9929 1.474 0.0 0.42426 1000.0 2.0435 16.0 52.0 0.0071 0.0 0.0 -0.226 0.31623 999.0 1.9727 18.0 54.0 1.8071 0.0 0.0 -1.126 0.3 997.0 1.8615 16.0 54.0 3.5071 0.0 0.0 -1.326 0.2 996.0 1.752 15.0 55.0 5.0071 0.0 0.0 -1.126 0.2 996.0 1.8174 14.0 
0.05272 57.38457 52.0 6406.0 0.0 59.0 0.0 -2.7929 2.374 0.0 0.70711 1001.0 2.5 13.0 55.0 0.0 -0.2929 0.0 -0.426 0.56569 1000.0 2.3767 12.0 53.0 1.8071 0.0 0.0 -2.626 0.5 999.0 2.0493 10.0 52.0 3.7071 0.0 0.0 -4.226 0.36056 998.0 1.8412 13.0 55.0 5.4071 0.0 0.0 -5.026 0.3 995.0 1.7165 11.0 
0.43649 53.71602 45.0 6425.0 0.0 77.0 0.0 -2.9929 4.574 0.0 1.0 1001.0 2.5 16.0 68.0 0.3071 0.0 0.374 0.0 0.64031 1000.0 2.5 15.0 62.0 2.9071 0.0 0.0 -2.426 0.42426 998.0 2.5 13.0 62.0 5.1071 0.0 0.0 -4.026 0.31623 996.0 2.3095 14.0 65.0 7.1071 0.0 0.0 -4.726 0.41231 994.0 2.2712 13.0 
0.40876 85.91761 40.0 642.0 0.0 83.0 0.0 -4.4929 0.074 0.0 0.82462 995.0 2.5 13.0 92.0 0.0071 0.0 0.774 0.0 0.70711 991.0 2.5 12.0 91.0 3.7071 0.0 1.374 0.0 0.5099 987.0 2.5 10.0 86.0 6.6071 0.0 1.974 0.0 0.4 986.0 2.5 10.0 80.0 9.0071 0.0 2.374 0.0 0.41231 987.0 2.5 10.0 
0.22433 48.39733 63.0 6449.0 0.0 54.0 0.0 -2.1929 1.274 0.0 0.5 999.0 2.1274 14.0 55.0 0.0 -0.0929 0.0 -0.426 0.36056 998.0 2.0598 17.0 59.0 1.7071 0.0 0.0 -1.526 0.36056 995.0 1.9752 14.0 59.0 3.3071 0.0 0.0 -2.326 0.2 994.0 1.8713 13.0 61.0 4.6071 0.0 0.0 -2.526 0.2 992.0 1.8098 12.0 
0.33021 49.1426 46.0 6459.0 0.0 65.0 0.0 -2.1929 3.574 0.0 0.72111 1000.0 2.5 12.0 60.0 0.4071 0.0 0.174 0.0 0.56569 1000.0 2.5 16.0 56.0 2.6071 0.0 0.0 -2.226 0.36056 999.0 2.2879 14.0 56.0 4.6071 0.0 0.0 -3.626 0.31623 997.0 2.0019 12.0 64.0 6.6071 0.0 0.0 -4.326 0.4 994.0 2.2019 13.0 
0.12659 56.66943 51.0 6462.0 0.0 54.0 0.0 -2.7929 1.874 0.0 0.64031 1000.0 2.291 12.0 54.0 0.0 -0.3929 0.0 -0.326 0.5 1000.0 2.291 15.0 54.0 1.7071 0.0 0.0 -2.026 0.5 998.0 1.9855 14.0 54.0 3.6071 0.0 0.0 -3.226 0.31623 996.0 1.752 12.0 60.0 5.3071 0.0 0.0 -3.726 0.31623 994.0 1.9352 13.0 
0.27934 33.53347 47.0 6470.0 0.0 58.0 0.0 -2.7929 2.974 0.0 0.64031 1001.0 2.5 17.0 57.0 0.0 -0.2929 0.074 0.0 0.56569 1000.0 2.5 16.0 56.0 2.0071 0.0 0.0 -2.026 0.5 999.0 2.2879 14.0 57.0 4.2071 0.0 0.0 -3.426 0.31623 998.0 2.2123 16.0 63.0 6.3071 0.0 0.0 -4.126 0.4 996.0 2.3846 14.0 
0.35542 32.63974 57.0 6476.0 0.0 56.0 0.0 -2.5929 1.774 0.0 0.5 999.0 2.2879 15.0 57.0 0.0 -0.2929 0.0 -0.026 0.5 998.0 2.2123 13.0 59.0 1.9071 0.0 0.0 -1.326 0.36056 997.0 2.2221 15.0 63.0 3.7071 0.0 0.0 -2.026 0.31623 994.0 2.1336 13.0 65.0 5.3071 0.0 0.0 -2.226 0.3 991.0 1.9615 11.0 
0.22814 43.18263 57.0 6485.0 0.0 56.0 0.0 -1.1929 2.374 0.0 0.44721 998.0 2.1353 12.0 57.0 0.1071 0.0 0.374 0.0 0.42426 996.0 1.952 11.0 57.0 1.6071 0.0 0.0 -1.126 0.28284 996.0 1.952 10.0 58.0 3.0071 0.0 0.0 -2.026 0.28284 994.0 1.8084 10.0 65.0 4.4071 0.0 0.0 -2.726 0.31623 990.0 1.8762 8.0 
0.24063 37.62661 54.0 6509.0 0.0 50.0 0.0 -1.7929 0.874 0.0 0.36056 999.0 1.8239 18.0 56.0 0.0 -0.0929 0.0 -0.326 0.36056 997.0 2.0019 15.0 59.0 1.7071 0.0 0.0 -1.226 0.31623 996.0 2.0914 14.0 58.0 3.4071 0.0 0.0 -1.826 0.31623 996.0 2.0211 14.0 57.0 5.1071 0.0 0.0 -2.226 0.22361 996.0 1.952 14.0 
0.26863 48.39733 57.0 6522.0 0.0 46.0 0.0 -1.7929 0.0 -0.126 0.22361 1000.0 1.6625 19.0 50.0 0.0 -0.0929 0.0 -0.426 0.3 998.0 1.7023 17.0 51.0 1.5071 0.0 0.0 -0.626 0.3 998.0 1.7711 16.0 52.0 3.2071 0.0 0.0 -0.826 0.22361 998.0 1.8412 16.0 52.0 4.7071 0.0 0.0 -1.126 0.3 998.0 1.8412 15.0 
0.41558 18.35579 49.0 6539.0 0.0 45.0 0.0 -1.7929 0.174 0.0 0.31623 1000.0 1.591 15.0 50.0 0.1071 0.0 0.0 -0.126 0.31623 998.0 1.7023 13.0 59.0 2.1071 0.0 0.0 -0.326 0.4 996.0 2.0914 15.0 65.0 4.2071 0.0 0.0 -0.226 0.4 994.0 2.2712 13.0 67.0 6.2071 0.0 0.074 0.0 0.3 992.0 2.1833 12.0 
0.72537 39.17945 46.0 6540.0 0.0 73.0 0.0 -1.8929 1.774 0.0 0.42426 992.0 2.5 12.0 78.0 0.3071 0.0 0.174 0.0 0.44721 990.0 2.5 11.0 79.0 2.7071 0.0 0.0 -0.626 0.41231 988.0 2.5 10.0 82.0 5.0071 0.0 0.0 -0.826 0.41231 985.0 2.4528 9.0 78.0 7.0071 0.0 0.0 -1.026 0.3 986.0 2.3015 10.0 
0.11469 57.38457 47.0 6541.0 0.0 51.0 0.0 -2.3929 2.174 0.0 0.64031 1002.0 2.4151 19.0 50.0 0.0 -0.2929 0.0 -0.426 0.56569 1001.0 2.1279 17.0 50.0 1.8071 0.0 0.0 -2.326 0.36056 1000.0 1.9642 16.0 52.0 4.0071 0.0 0.0 -3.326 0.4 999.0 1.9727 14.0 54.0 6.4071 0.0 0.0 -3.526 0.3 999.0 2.1274 13.0 
0.39066 38.08876 72.0 6543.0 0.0 58.0 0.0 -0.6929 0.0 -0.926 0.14142 991.0 1.5618 12.0 65.0 0.1071 0.0 0.0 -0.326 0.22361 988.0 1.7261 10.0 65.0 1.1071 0.0 0.174 0.0 0.14142 988.0 1.7261 10.0 67.0 2.1071 0.0 0.274 0.0 0.2 988.0 1.834 10.0 69.0 3.3071 0.0 0.0 -0.226 0.22361 987.0 1.8703 10.0 
0.54102 36.84572 77.0 6568.0 0.0 49.0 0.0 -0.0929 0.0 -1.126 0.22361 995.0 1.3624 14.0 56.0 0.3071 0.0 0.0 -0.126 0.22361 992.0 1.5252 12.0 57.0 0.8071 0.0 1.174 0.0 0.22361 993.0 1.6592 12.0 60.0 1.5071 0.0 2.374 0.0 0.22361 992.0 1.7509 12.0 62.0 2.4071 0.0 3.474 0.0 0.22361 991.0 1.7846 11.0 
0.29511 122.33723 50.0 656.0 0.0 46.0 0.3071 0.0 0.0 -2.626 0.3 999.0 1.5437 18.0 53.0 0.9071 0.0 0.0 -0.626 0.44721 998.0 1.9127 16.0 59.0 2.5071 0.0 0.974 0.0 0.42426 997.0 2.2221 15.0 59.0 4.4071 0.0 1.974 0.0 0.31623 996.0 2.0914 14.0 56.0 6.2071 0.0 2.474 0.0 0.31623 996.0 1.8841 14.0 
0.41613 12.23339 42.0 6593.0 0.0 63.0 0.0 -3.3929 1.974 0.0 0.67082 1001.0 2.5 18.0 62.0 0.1071 0.0 0.0 -0.026 0.5831 1000.0 2.5 16.0 59.0 3.1071 0.0 0.0 -1.926 0.53852 999.0 2.5 14.0 55.0 5.6071 0.0 0.0 -3.226 0.44721 998.0 2.0598 14.0 61.0 8.0071 0.0 0.0 -4.426 0.44721 997.0 2.3753 16.0 
0.42633 8.25172 79.0 6603.0 0.0 51.0 0.0 -0.9929 0.174 0.0 0.22361 995.0 1.4759 14.0 55.0 0.0071 0.0 0.074 0.0 0.22361 994.0 1.6261 13.0 57.0 1.1071 0.0 0.774 0.0 0.14142 994.0 1.7465 13.0 59.0 2.2071 0.0 1.674 0.0 0.28284 994.0 1.8713 12.0 59.0 3.4071 0.0 2.574 0.0 0.22361 994.0 1.8713 12.0 
0.08664 153.32256 61.0 6609.0 0.0 62.0 0.5071 0.0 0.0 -1.926 0.22361 989.0 1.6359 11.0 73.0 1.1071 0.0 0.0 -0.826 0.28284 984.0 1.8769 9.0 75.0 2.0071 0.0 0.274 0.0 0.28284 984.0 1.9811 9.0 78.0 3.2071 0.0 1.174 0.0 0.28284 982.0 2.0045 9.0 84.0 4.5071 0.0 2.174 0.0 0.36056 980.0 2.1839 8.0 
0.17615 48.64617 56.0 6621.0 0.0 50.0 0.0 -2.7929 1.474 0.0 0.5831 1002.0 2.3213 19.0 50.0 0.0 -0.2929 0.0 -0.326 0.5 1001.0 2.1279 17.0 47.0 1.8071 0.0 0.0 -1.726 0.36056 1000.0 1.7355 16.0 46.0 3.5071 0.0 0.0 -2.726 0.31623 999.0 1.5437 14.0 50.0 5.0071 0.0 0.0 -3.526 0.36056 998.0 1.7023 16.0 
0.29069 32.98146 52.0 6627.0 0.0 50.0 0.0 -2.2929 0.174 0.0 0.41231 1000.0 1.9642 16.0 50.0 0.0 -0.1929 0.0 -0.226 0.41231 999.0 1.8239 14.0 53.0 1.7071 0.0 0.0 -0.326 0.3 997.0 1.7931 16.0 60.0 3.6071 0.0 0.0 -0.326 0.3 994.0 1.9352 13.0 64.0 5.3071 0.0 0.0 -0.326 0.31623 992.0 1.9922 12.0 
0.51182 78.1117 40.0 6637.0 0.0 70.0 0.0 -2.3929 3.674 0.0 0.72111 999.0 2.5 14.0 69.0 0.4071 0.0 0.574 0.0 0.56569 997.0 2.5 12.0 75.0 3.3071 0.0 0.0 -1.426 0.5831 994.0 2.5 12.0 83.0 6.3071 0.0 0.0 -2.826 0.41231 989.0 2.5 11.0 84.0 8.8071 0.0 0.0 -3.626 0.31623 985.0 2.5 9.0 
0.2055 81.45815 49.0 6646.0 0.0 44.0 0.0 -1.2929 0.0 -0.426 0.22361 997.0 1.2359 13.0 51.0 0.1071 0.0 0.0 -0.726 0.2 996.0 1.5627 15.0 61.0 1.7071 0.0 0.0 -0.426 0.31623 992.0 1.8098 13.0 73.0 3.5071 0.0 0.274 0.0 0.44721 989.0 2.2679 14.0 81.0 5.6071 0.0 1.074 0.0 0.36056 983.0 2.2337 10.0 
0.20361 81.45815 58.0 6660.0 0.0 49.0 0.0 -1.5929 0.0 -0.826 0.3 998.0 1.6349 13.0 54.0 0.1071 0.0 0.0 -0.726 0.3 996.0 1.752 15.0 58.0 1.6071 0.0 0.0 -0.326 0.22361 994.0 1.8084 13.0 62.0 2.9071 0.0 0.374 0.0 0.22361 991.0 1.7846 12.0 68.0 4.2071 0.0 0.974 0.0 0.22361 988.0 1.8891 11.0 
0.33204 25.09838 57.0 666.0 0.0 51.0 0.0 -2.2929 1.074 0.0 0.5 1001.0 2.2138 18.0 48.0 0.0071 0.0 0.0 -0.226 0.36056 1001.0 1.961 21.0 47.0 1.9071 0.0 0.0 -1.226 0.31623 1000.0 1.7355 19.0 47.0 3.5071 0.0 0.0 -1.926 0.31623 999.0 1.6116 18.0 49.0 5.0071 0.0 0.0 -2.526 0.22361 998.0 1.6349 16.0 
0.451 30.02471 113.0 6679.0 0.0 51.0 0.6071 0.0 0.0 -1.426 0.31623 996.0 1.5627 14.0 54.0 0.2071 0.0 0.174 0.0 0.22361 995.0 1.6546 13.0 52.0 0.0 -0.2929 1.774 0.0 0.2 996.0 1.6246 14.0 52.0 0.0 -0.5929 3.474 0.0 0.31623 996.0 1.6246 15.0 51.0 0.0 -0.8929 5.074 0.0 0.3 996.0 1.5627 14.0 
0.36359 52.57774 70.0 6684.0 0.0 38.0 0.0 -1.1929 0.0 -1.226 0.31623 1001.0 1.2291 23.0 42.0 0.2071 0.0 0.0 -0.426 0.22361 1000.0 1.3859 20.0 44.0 1.4071 0.0 0.474 0.0 0.28284 999.0 1.4124 18.0 44.0 2.5071 0.0 1.474 0.0 0.14142 999.0 1.4124 17.0 45.0 3.5071 0.0 2.074 0.0 0.22361 998.0 1.3789 17.0 
0.51177 38.12432 39.0 6687.0 0.0 56.0 0.0 -2.8929 1.174 0.0 0.5831 1001.0 2.5 17.0 57.0 0.2071 0.0 0.274 0.0 0.5 1000.0 2.5 16.0 62.0 3.4071 0.0 0.674 0.0 0.5099 999.0 2.5 18.0 67.0 6.5071 0.0 1.274 0.0 0.41231 997.0 2.5 15.0 65.0 9.1071 0.0 1.974 0.0 0.53852 996.0 2.5 14.0 
0.14912 187.59678 42.0 6690.0 0.0 65.0 0.0 -2.5929 0.0 -3.026 0.63246 1000.0 2.5 15.0 69.0 0.9071 0.0 0.0 -1.426 0.5831 998.0 2.5 17.0 70.0 3.9071 0.0 0.374 0.0 0.5 996.0 2.5 14.0 64.0 6.2071 0.0 1.574 0.0 0.41231 996.0 2.4609 14.0 61.0 8.1071 0.0 2.474 0.0 0.28284 995.0 2.1114 13.0 
0.31736 70.49561 52.0 6709.0 0.0 52.0 0.0 -2.5929 0.0 -0.326 0.5099 1001.0 2.3015 17.0 52.0 0.1071 0.0 0.0 -0.626 0.41231 1000.0 2.1245 15.0 53.0 2.4071 0.0 0.0 -0.026 0.36056 999.0 2.0493 18.0 56.0 4.2071 0.0 0.874 0.0 0.36056 997.0 2.0019 15.0 57.0 5.8071 0.0 1.674 0.0 0.31623 996.0 1.952 14.0 
0.44463 73.83014 64.0 6711.0 0.0 70.0 0.0 -1.4929 0.0 -1.026 0.3 990.0 2.176 15.0 83.0 0.4071 0.0 0.0 -0.526 0.36056 982.0 2.2698 12.0 89.0 1.9071 0.0 0.874 0.0 0.36056 978.0 2.3115 11.0 92.0 3.1071 0.0 2.874 0.0 0.36056 977.0 2.4014 10.0 89.0 4.1071 0.0 4.974 0.0 0.31623 978.0 2.3115 11.0 
0.4262 2.99167 80.0 6718.0 0.0 58.0 0.0 -0.9929 1.074 0.0 0.28284 993.0 1.7179 12.0 63.0 0.0071 0.0 0.0 -0.026 0.14142 990.0 1.7625 11.0 71.0 0.9071 0.0 0.0 -0.726 0.14142 985.0 1.8388 9.0 68.0 1.7071 0.0 0.0 -1.126 0.14142 986.0 1.7492 10.0 65.0 2.5071 0.0 0.0 -1.426 0.14142 987.0 1.6597 10.0 
0.35258 69.94114 38.0 6725.0 0.0 73.0 0.0 -2.7929 4.774 0.0 0.9434 1001.0 2.5 18.0 70.0 0.5071 0.0 0.374 0.0 0.84853 1001.0 2.5 16.0 71.0 4.1071 0.0 0.0 -3.026 0.78102 1000.0 2.5 15.0 68.0 7.2071 0.0 0.0 -6.026 0.56569 998.0 2.5 13.0 67.0 9.7071 0.0 0.0 -8.326 0.5 997.0 2.5 15.0 
0.34884 81.24308 56.0 6738.0 0.0 49.0 0.0 -2.5929 0.0 -0.526 0.41231 1001.0 2.0436 30.0 49.0 0.0 -0.0929 0.0 -0.726 0.4 1000.0 1.8864 28.0 48.0 2.1071 0.0 0.0 -0.526 0.3 1000.0 1.8102 31.0 50.0 4.0071 0.0 0.0 -0.626 0.31623 998.0 1.7023 27.0 50.0 5.5071 0.0 0.0 -0.726 0.22361 997.0 1.5959 25.0 
0.30499 36.19458 45.0 6741.0 0.0 45.0 0.0 -1.8929 0.574 0.0 0.42426 1001.0 1.7236 18.0 45.0 0.0071 0.0 0.0 -0.326 0.41231 1000.0 1.591 16.0 51.0 2.2071 0.0 0.0 -0.426 0.41231 999.0 1.8976 14.0 57.0 4.7071 0.0 0.0 -0.726 0.41231 998.0 2.2123 15.0 63.0 7.1071 0.0 0.0 -0.926 0.41231 996.0 2.3846 14.0 
0.11189 41.06496 47.0 6759.0 0.0 57.0 0.0 -1.9929 3.274 0.0 0.72801 1000.0 2.5 12.0 55.0 0.0 -0.2929 0.0 -0.226 0.5831 999.0 2.2069 11.0 55.0 1.7071 0.0 0.0 -2.826 0.5 998.0 2.0598 15.0 58.0 4.1071 0.0 0.0 -4.726 0.44721 997.0 2.1474 13.0 62.0 6.3071 0.0 0.0 -6.226 0.44721 994.0 2.0664 11.0 
0.22909 103.30197 42.0 675.0 0.0 49.0 0.0 -2.7929 0.0 -0.526 0.41231 1001.0 2.0436 17.0 52.0 0.0 -0.0929 0.0 -0.926 0.4 1000.0 2.1245 16.0 57.0 2.6071 0.0 0.0 -0.926 0.4 999.0 2.3703 18.0 62.0 5.2071 0.0 0.0 -0.626 0.5099 998.0 2.5 15.0 66.0 8.0071 0.0 0.0 -0.126 0.5099 997.0 2.5 15.0 
0.23222 37.62661 84.0 6760.0 0.0 54.0 0.0 -1.7929 0.474 0.0 0.36056 999.0 2.1274 18.0 54.0 0.0 -0.0929 0.0 -0.326 0.31623 997.0 1.8615 15.0 53.0 1.4071 0.0 0.0 -0.626 0.2 996.0 1.6877 14.0 52.0 2.6071 0.0 0.0 -0.626 0.31623 996.0 1.6246 14.0 50.0 3.8071 0.0 0.0 -0.226 0.22361 996.0 1.502 14.0 
0.36493 18.35579 61.0 6762.0 0.0 37.0 0.0 -1.0929 0.0 -0.326 0.2 1000.0 1.0756 16.0 43.0 0.1071 0.0 0.0 -0.126 0.2 999.0 1.3489 18.0 49.0 1.3071 0.0 0.374 0.0 0.31623 997.0 1.5327 16.0 53.0 2.7071 0.0 0.874 0.0 0.2 996.0 1.6877 14.0 55.0 4.2071 0.0 0.974 0.0 0.2 995.0 1.7165 14.0 
0.23289 48.39733 41.0 6772.0 0.0 56.0 0.0 -2.5929 1.574 0.0 0.64031 1000.0 2.4639 12.0 55.0 0.0 -0.0929 0.0 -0.426 0.53852 999.0 2.2069 11.0 60.0 2.8071 0.0 0.0 -1.626 0.63246 998.0 2.4513 10.0 61.0 5.8071 0.0 0.0 -3.226 0.5831 998.0 2.5 14.0 61.0 8.3071 0.0 0.0 -4.826 0.5 996.0 2.2356 12.0 
0.19723 53.71602 77.0 6780.0 0.0 68.0 0.0 -0.3929 1.674 0.0 0.22361 988.0 1.8891 10.0 69.0 0.3071 0.0 0.374 0.0 0.28284 986.0 1.801 10.0 67.0 1.1071 0.0 0.0 -0.526 0.14142 986.0 1.6981 10.0 66.0 1.9071 0.0 0.0 -1.126 0.1 986.0 1.6478 10.0 66.0 2.7071 0.0 0.0 -1.426 0.1 987.0 1.7112 10.0 
0.203 61.36266 77.0 6781.0 0.0 69.0 0.0 -0.6929 1.874 0.0 0.36056 990.0 2.1142 14.0 67.0 0.4071 0.0 0.374 0.0 0.28284 990.0 1.9935 14.0 64.0 1.4071 0.0 0.0 -0.726 0.14142 990.0 1.8189 14.0 62.0 2.3071 0.0 0.0 -1.426 0.14142 990.0 1.707 14.0 61.0 3.2071 0.0 0.0 -1.826 0.14142 990.0 1.6524 14.0 
0.25059 48.39733 68.0 6801.0 0.0 45.0 0.0 -1.2929 0.0 -0.126 0.22361 998.0 1.3789 17.0 53.0 0.0 -0.0929 0.0 -0.426 0.2 995.0 1.5939 14.0 58.0 1.1071 0.0 0.0 -0.226 0.2 993.0 1.7179 12.0 58.0 2.3071 0.0 0.074 0.0 0.2 993.0 1.7179 12.0 59.0 3.5071 0.0 0.074 0.0 0.2 992.0 1.693 12.0 
0.44479 8.25172 84.0 6803.0 0.0 58.0 0.0 -1.1929 0.074 0.0 0.2 993.0 1.7179 12.0 63.0 0.0071 0.0 0.074 0.0 0.14142 990.0 1.7625 11.0 62.0 1.0071 0.0 0.274 0.0 0.2 990.0 1.707 11.0 62.0 1.9071 0.0 0.574 0.0 0.22361 989.0 1.6359 11.0 64.0 2.8071 0.0 0.974 0.0 0.14142 988.0 1.6734 10.0 
0.15 140.29041 39.0 680.0 0.0 49.0 0.0 -2.1929 0.0 -1.726 0.41231 1000.0 1.8864 15.0 57.0 0.3071 0.0 0.0 -1.226 0.5 999.0 2.3703 16.0 68.0 3.2071 0.0 0.0 -1.126 0.60828 996.0 2.5 15.0 76.0 6.4071 0.0 0.0 -1.526 0.5 994.0 2.5 13.0 77.0 9.6071 0.0 0.0 -1.926 0.5099 994.0 2.5 12.0 
0.37958 18.35579 80.0 6820.0 0.0 53.0 0.0 -1.1929 0.174 0.0 0.22361 995.0 1.5939 14.0 59.0 0.1071 0.0 0.0 -0.126 0.2 993.0 1.7777 12.0 60.0 1.3071 0.0 0.0 -0.026 0.2 992.0 1.7509 12.0 60.0 2.4071 0.0 0.274 0.0 0.2 991.0 1.6713 11.0 60.0 3.3071 0.0 0.574 0.0 0.14142 990.0 1.5987 11.0 
0.10547 141.17291 75.0 6827.0 0.0 55.0 0.3071 0.0 0.0 -1.426 0.22361 993.0 1.5448 12.0 63.0 1.1071 0.0 0.0 -0.626 0.14142 989.0 1.6891 11.0 65.0 1.8071 0.0 0.174 0.0 0.22361 987.0 1.6597 10.0 68.0 2.5071 0.0 0.974 0.0 0.14142 985.0 1.6867 10.0 72.0 3.2071 0.0 1.474 0.0 0.22361 982.0 1.708 9.0 
0.2288 69.49047 57.0 6851.0 0.0 43.0 0.0 -1.8929 0.0 -0.526 0.3 1001.0 1.5738 18.0 44.0 0.0071 0.0 0.0 -0.626 0.3 1001.0 1.6478 21.0 45.0 1.7071 0.0 0.0 -0.426 0.31623 999.0 1.4773 19.0 47.0 3.2071 0.0 0.074 0.0 0.22361 998.0 1.5041 17.0 48.0 4.6071 0.0 0.474 0.0 0.2 998.0 1.5688 16.0 
0.34151 25.09838 86.0 6852.0 0.0 41.0 0.0 -0.6929 0.0 -0.226 0.1 997.0 1.0731 14.0 51.0 0.0071 0.0 0.0 -0.226 0.1 993.0 1.3283 13.0 57.0 0.7071 0.0 0.0 -0.226 0.2 991.0 1.5084 11.0 59.0 1.5071 0.0 0.0 -0.226 0.2 990.0 1.5458 11.0 62.0 2.4071 0.0 0.0 -0.026 0.14142 989.0 1.6359 11.0 
0.1371 62.18838 69.0 6887.0 0.0 43.0 0.0 -1.2929 0.274 0.0 0.22361 998.0 1.259 13.0 52.0 0.0 -0.1929 0.0 -0.526 0.22361 996.0 1.6246 14.0 60.0 1.2071 0.0 0.0 -0.926 0.22361 992.0 1.7509 12.0 63.0 2.5071 0.0 0.0 -1.026 0.22361 991.0 1.8426 11.0 66.0 3.8071 0.0 0.0 -0.726 0.2 989.0 1.8538 11.0 
0.46325 12.23339 47.0 6927.0 0.0 49.0 0.0 -2.1929 1.774 0.0 0.5 1000.0 1.8864 17.0 53.0 0.1071 0.0 0.0 -0.026 0.44721 998.0 1.9127 15.0 54.0 2.3071 0.0 0.0 -1.426 0.36056 997.0 1.8615 13.0 57.0 4.3071 0.0 0.0 -2.526 0.41231 996.0 1.952 16.0 63.0 6.3071 0.0 0.0 -3.126 0.4 992.0 1.9304 13.0 
0.23681 39.17945 71.0 6948.0 0.0 74.0 0.0 -1.0929 1.674 0.0 0.36056 988.0 2.2372 10.0 73.0 0.3071 0.0 0.174 0.0 0.36056 988.0 2.1772 10.0 69.0 1.7071 0.0 0.0 -0.926 0.22361 988.0 1.9451 10.0 65.0 2.9071 0.0 0.0 -1.526 0.1 989.0 1.798 11.0 61.0 3.9071 0.0 0.0 -1.726 0.1 990.0 1.6524 11.0 
0.3567 126.5958 42.0 6963.0 0.0 66.0 0.0 -1.4929 4.374 0.0 0.80623 1000.0 2.5 13.0 64.0 1.1071 0.0 0.274 0.0 0.78102 1000.0 2.5 11.0 61.0 3.5071 0.0 0.0 -3.026 0.64031 998.0 2.5 10.0 60.0 5.6071 0.0 0.0 -5.826 0.5 998.0 2.4513 13.0 61.0 7.3071 0.0 0.0 -8.026 0.42426 995.0 2.1114 11.0 
0.1058 137.80669 75.0 6995.0 0.0 44.0 0.6071 0.0 0.0 -1.426 0.14142 996.0 1.1632 15.0 53.0 1.0071 0.0 0.0 -0.726 0.14142 993.0 1.4345 12.0 56.0 1.5071 0.0 0.074 0.0 0.14142 991.0 1.4559 12.0 60.0 2.0071 0.0 0.874 0.0 0.2 990.0 1.5987 11.0 65.0 2.5071 0.0 1.774 0.0 0.14142 987.0 1.6597 10.0 
0.31274 32.98146 55.0 69.0 0.0 48.0 0.0 -2.2929 0.474 0.0 0.41231 1001.0 1.961 19.0 50.0 0.0 -0.1929 0.0 -0.226 0.31623 1000.0 1.9642 19.0 52.0 1.7071 0.0 0.0 -0.526 0.3 998.0 1.8412 16.0 54.0 3.6071 0.0 0.0 -0.326 0.3 998.0 1.9855 16.0 54.0 5.5071 0.0 0.0 -0.426 0.31623 997.0 1.8615 15.0 
0.13003 66.82775 46.0 7010.0 0.0 51.0 0.0 -2.4929 0.574 0.0 0.31623 999.0 1.8976 11.0 55.0 0.0 -0.2929 0.0 -0.526 0.44721 998.0 2.0598 13.0 61.0 2.1071 0.0 0.0 -1.526 0.44721 995.0 2.1114 11.0 71.0 4.5071 0.0 0.0 -2.626 0.44721 993.0 2.5 12.0 80.0 6.8071 0.0 0.0 -3.726 0.44721 987.0 2.5 10.0 
0.32127 22.67945 47.0 7020.0 0.0 54.0 0.0 -2.5929 1.874 0.0 0.5 1001.0 2.4819 18.0 53.0 0.1071 0.0 0.174 0.0 0.5 1001.0 2.3909 16.0 54.0 2.5071 0.0 0.0 -1.426 0.5 1000.0 2.291 20.0 57.0 4.8071 0.0 0.0 -2.726 0.36056 999.0 2.3703 17.0 57.0 6.8071 0.0 0.0 -3.626 0.31623 997.0 2.074 15.0 
0.1742 75.10415 72.0 7024.0 0.0 31.0 0.0 -0.7929 0.274 0.0 0.1 999.0 1.0 15.0 35.0 0.0 -0.5929 0.0 -0.326 0.1 997.0 1.0 13.0 41.0 0.0 -0.2929 0.0 -0.726 0.14142 996.0 1.01 15.0 50.0 0.2071 0.0 0.0 -0.926 0.1 992.0 1.2159 13.0 62.0 0.9071 0.0 0.0 -0.726 0.22361 988.0 1.5705 14.0 
0.1129 59.28963 43.0 7029.0 0.0 51.0 0.0 -2.1929 1.174 0.0 0.42426 999.0 1.8976 13.0 56.0 0.0 -0.0929 0.0 -0.526 0.5 998.0 2.1353 13.0 62.0 2.2071 0.0 0.0 -2.026 0.44721 996.0 2.3095 11.0 70.0 4.9071 0.0 0.0 -3.126 0.41231 994.0 2.5 12.0 79.0 7.6071 0.0 0.0 -3.626 0.4 989.0 2.5 11.0 
0.1625 125.5501 44.0 7034.0 0.0 54.0 0.0 -2.1929 0.0 -1.126 0.4 996.0 1.752 16.0 66.0 0.1071 0.0 0.0 -1.126 0.4 993.0 2.2245 13.0 81.0 2.6071 0.0 0.0 -1.026 0.5 988.0 2.5 14.0 92.0 5.3071 0.0 0.0 -1.126 0.4 980.0 2.5 11.0 96.0 7.6071 0.0 0.0 -1.026 0.31623 974.0 2.4136 10.0 
0.42844 84.17478 39.0 7051.0 0.0 66.0 0.0 -2.2929 4.274 0.0 0.86023 1000.0 2.5 12.0 67.0 0.7071 0.0 0.274 0.0 0.78102 1000.0 2.5 16.0 66.0 3.6071 0.0 0.0 -2.926 0.70711 999.0 2.5 14.0 67.0 6.5071 0.0 0.0 -5.426 0.64031 997.0 2.5 12.0 70.0 9.4071 0.0 0.0 -7.426 0.5831 996.0 2.5 15.0 
0.24452 36.19458 39.0 7064.0 0.0 74.0 0.0 -4.1929 1.974 0.0 0.89443 999.0 2.5 15.0 74.0 0.0071 0.0 0.0 -0.326 0.72111 997.0 2.5 13.0 73.0 3.6071 0.0 0.0 -2.526 0.5831 996.0 2.5 16.0 74.0 6.7071 0.0 0.0 -4.426 0.5 993.0 2.5 14.0 74.0 9.4071 0.0 0.0 -5.826 0.41231 990.0 2.4318 12.0 
0.292 154.33337 37.0 7069.0 0.0 67.0 0.0 -1.2929 4.874 0.0 0.9434 1000.0 2.5 12.0 67.0 1.3071 0.0 0.474 0.0 0.80623 999.0 2.5 11.0 62.0 3.4071 0.0 0.0 -3.326 0.67082 999.0 2.5 14.0 61.0 5.1071 0.0 0.0 -6.326 0.5831 997.0 2.3753 12.0 64.0 6.8071 0.0 0.0 -8.726 0.42426 994.0 2.2019 11.0 
0.17855 69.35559 52.0 706.0 0.0 54.0 0.0 -0.5929 1.874 0.0 0.22361 996.0 1.752 14.0 54.0 0.4071 0.0 0.474 0.0 0.28284 996.0 1.752 14.0 56.0 1.6071 0.0 0.0 -0.726 0.28284 995.0 1.7795 14.0 60.0 3.0071 0.0 0.0 -1.726 0.36056 994.0 1.9352 13.0 64.0 4.7071 0.0 0.0 -2.726 0.31623 993.0 2.0918 12.0 
0.18323 32.98146 58.0 7071.0 0.0 43.0 0.0 -1.2929 0.274 0.0 0.22361 997.0 1.1803 9.0 53.0 0.0 -0.1929 0.0 -0.226 0.22361 995.0 1.5939 10.0 60.0 1.0071 0.0 0.0 -0.426 0.2 992.0 1.7509 9.0 62.0 2.3071 0.0 0.0 -0.526 0.22361 992.0 1.8696 9.0 64.0 3.7071 0.0 0.0 -0.826 0.22361 991.0 1.9016 8.0 
0.79906 46.71062 41.0 7081.0 0.0 66.0 0.0 -3.3929 0.974 0.0 0.60828 997.0 2.5 12.0 73.0 0.0 -0.1929 0.374 0.0 0.63246 993.0 2.5 10.0 85.0 3.0071 0.0 0.0 -0.526 0.5099 989.0 2.5 11.0 96.0 6.0071 0.0 0.0 -1.426 0.5099 980.0 2.5 9.0 104.0 8.6071 0.0 0.0 -1.926 0.41231 971.0 2.5 7.0 
0.12321 70.24699 43.0 7095.0 0.0 55.0 0.0 -2.8929 1.574 0.0 0.64031 1000.0 2.3767 12.0 59.0 0.0 -0.0929 0.0 -0.626 0.5831 1000.0 2.5 16.0 60.0 2.8071 0.0 0.0 -2.226 0.5099 999.0 2.5 14.0 60.0 5.5071 0.0 0.0 -3.026 0.41231 997.0 2.2981 12.0 64.0 7.7071 0.0 0.0 -3.226 0.31623 994.0 2.2019 13.0 
0.49705 108.43208 40.0 7097.0 0.0 77.0 0.0 -2.3929 3.674 0.0 0.78102 995.0 2.5 11.0 79.0 0.7071 0.0 0.674 0.0 0.70711 994.0 2.5 13.0 83.0 3.7071 0.0 0.0 -1.226 0.5831 990.0 2.5 11.0 89.0 6.5071 0.0 0.0 -2.026 0.5099 984.0 2.5 9.0 91.0 9.1071 0.0 0.0 -2.126 0.4 981.0 2.5 8.0 
0.11772 207.15724 43.0 709.0 0.0 56.0 0.0 -0.1929 0.0 -3.026 0.36056 998.0 2.1353 21.0 64.0 1.4071 0.0 0.0 -1.226 0.42426 995.0 2.3242 17.0 71.0 3.5071 0.0 0.074 0.0 0.44721 993.0 2.5 16.0 71.0 5.8071 0.0 0.874 0.0 0.41231 992.0 2.4518 15.0 69.0 7.9071 0.0 1.474 0.0 0.31623 992.0 2.3156 15.0 
0.50276 22.93337 40.0 7106.0 0.0 48.0 0.0 -2.9929 1.974 0.0 0.5 1002.0 2.1393 19.0 57.0 0.0 -0.1929 0.074 0.0 0.63246 1001.0 2.5 17.0 61.0 3.2071 0.0 0.0 -1.326 0.53852 1000.0 2.5 15.0 62.0 6.2071 0.0 0.0 -2.726 0.5831 999.0 2.5 14.0 64.0 9.0071 0.0 0.0 -3.926 0.41231 997.0 2.5 15.0 
0.25344 73.93353 41.0 7111.0 0.0 65.0 0.0 -1.3929 2.974 0.0 0.5831 997.0 2.5 12.0 70.0 0.6071 0.0 0.274 0.0 0.5 993.0 2.5 10.0 81.0 3.0071 0.0 0.0 -1.326 0.53852 989.0 2.5 10.0 92.0 5.7071 0.0 0.0 -2.126 0.5 983.0 2.5 9.0 91.0 8.5071 0.0 0.0 -2.226 0.5 983.0 2.5 9.0 
0.19578 85.49496 286.0 7112.0 0.0 63.0 0.0 -0.7929 3.474 0.0 0.53852 996.0 2.3846 17.0 62.0 0.6071 0.0 0.474 0.0 0.5 994.0 2.0664 15.0 64.0 2.0071 0.0 0.0 -1.626 0.5 990.0 1.8189 13.0 72.0 3.4071 0.0 0.0 -3.226 0.28284 984.0 1.8258 12.0 90.0 4.6071 0.0 0.0 -4.226 0.22361 968.0 1.8385 10.0 
0.17791 58.39132 81.0 7130.0 0.0 46.0 0.0 -1.3929 0.0 -0.526 0.2 999.0 1.5437 14.0 49.0 0.0071 0.0 0.0 -0.526 0.2 997.0 1.5327 15.0 52.0 1.1071 0.0 0.0 -0.526 0.2 995.0 1.5343 13.0 53.0 2.1071 0.0 0.0 -0.426 0.2 994.0 1.51 13.0 55.0 3.1071 0.0 0.0 -0.426 0.1 994.0 1.6261 12.0 
0.23969 62.18838 56.0 7144.0 0.0 49.0 0.0 -2.6929 0.774 0.0 0.53852 1002.0 2.2294 24.0 50.0 0.0 -0.1929 0.0 -0.526 0.44721 1001.0 2.1279 22.0 47.0 1.9071 0.0 0.0 -1.426 0.31623 1000.0 1.7355 20.0 44.0 3.6071 0.0 0.0 -1.926 0.2 1000.0 1.5211 19.0 43.0 5.0071 0.0 0.0 -2.226 0.22361 1000.0 1.4527 19.0 
0.33562 38.08876 78.0 7161.0 0.0 46.0 0.0 -1.0929 0.0 -0.526 0.2 999.0 1.5437 17.0 51.0 0.1071 0.0 0.0 -0.326 0.22361 996.0 1.5627 14.0 54.0 1.1071 0.0 0.374 0.0 0.22361 995.0 1.6546 13.0 56.0 2.0071 0.0 1.474 0.0 0.28284 995.0 1.7795 13.0 57.0 2.9071 0.0 2.974 0.0 0.22361 995.0 1.8436 13.0 
0.11773 47.45382 73.0 7173.0 0.0 61.0 0.0 -0.7929 1.774 0.0 0.28284 994.0 2.0003 9.0 60.0 0.2071 0.0 0.374 0.0 0.28284 993.0 1.8385 9.0 58.0 1.3071 0.0 0.0 -0.626 0.28284 993.0 1.7179 9.0 56.0 2.4071 0.0 0.0 -1.426 0.2 994.0 1.6858 9.0 52.0 3.5071 0.0 0.0 -1.826 0.2 995.0 1.5343 10.0 
0.22928 36.19458 46.0 7178.0 0.0 59.0 0.0 -2.5929 1.574 0.0 0.5831 998.0 2.3703 10.0 63.0 0.0071 0.0 0.0 -0.326 0.5 997.0 2.5 12.0 68.0 2.6071 0.0 0.0 -1.726 0.41231 993.0 2.3614 10.0 75.0 4.9071 0.0 0.0 -2.326 0.41231 989.0 2.3938 11.0 87.0 7.0071 0.0 0.0 -2.626 0.3 981.0 2.4159 9.0 
0.34558 18.35579 75.0 7202.0 0.0 38.0 0.0 -0.8929 0.0 -0.326 0.2 1000.0 1.1345 19.0 42.0 0.1071 0.0 0.0 -0.126 0.22361 999.0 1.2869 17.0 45.0 1.0071 0.0 0.574 0.0 0.22361 998.0 1.3789 16.0 46.0 2.0071 0.0 1.474 0.0 0.14142 998.0 1.4408 16.0 45.0 2.8071 0.0 2.174 0.0 0.22361 998.0 1.3789 16.0 
0.53124 108.91054 40.0 7203.0 0.0 78.0 0.0 -2.5929 4.374 0.0 0.98995 1000.0 2.5 12.0 69.0 0.9071 0.0 0.374 0.0 0.78102 998.0 2.5 11.0 64.0 4.0071 0.0 0.0 -2.226 0.56569 998.0 2.5 13.0 62.0 6.6071 0.0 0.0 -3.826 0.41231 996.0 2.3095 12.0 65.0 8.9071 0.0 0.0 -4.226 0.3 993.0 2.1576 13.0 
0.1224 69.49047 63.0 7204.0 0.0 55.0 0.0 -1.6929 0.074 0.0 0.28284 996.0 1.8174 12.0 60.0 0.0071 0.0 0.0 -0.626 0.22361 994.0 1.9352 13.0 67.0 1.5071 0.0 0.0 -1.026 0.2 989.0 1.9104 11.0 69.0 2.8071 0.0 0.0 -1.226 0.2 987.0 1.8703 10.0 75.0 4.0071 0.0 0.0 -1.426 0.2 983.0 1.9151 9.0 
0.15981 92.4535 75.0 7220.0 0.0 43.0 0.0 -0.5929 0.0 -0.926 0.1 996.0 1.1109 12.0 50.0 0.1071 0.0 0.0 -0.826 0.2 994.0 1.3439 13.0 62.0 0.9071 0.0 0.0 -0.726 0.14142 988.0 1.5705 10.0 65.0 1.6071 0.0 0.0 -0.326 0.14142 986.0 1.5983 10.0 72.0 2.3071 0.0 0.174 0.0 0.22361 982.0 1.708 9.0 
0.56215 64.81358 41.0 7242.0 0.0 81.0 0.0 -3.5929 4.674 0.0 1.0 1001.0 2.5 12.0 68.0 0.1071 0.0 0.574 0.0 0.72111 1000.0 2.5 12.0 61.0 3.3071 0.0 0.0 -1.826 0.53852 999.0 2.5 10.0 60.0 6.0071 0.0 0.0 -2.926 0.41231 998.0 2.4513 12.0 62.0 8.4071 0.0 0.0 -3.026 0.3 996.0 2.3095 10.0 
0.23439 142.08722 81.0 7261.0 0.0 39.0 0.9071 0.0 0.0 -1.826 0.22361 998.0 1.0357 14.0 49.0 1.2071 0.0 0.0 -0.426 0.31623 997.0 1.5327 15.0 57.0 1.5071 0.0 1.374 0.0 0.31623 994.0 1.7465 13.0 60.0 2.0071 0.0 3.074 0.0 0.31623 993.0 1.8385 12.0 60.0 2.7071 0.0 4.374 0.0 0.22361 991.0 1.6713 11.0 
0.39057 12.23339 90.0 7262.0 0.0 46.0 0.0 -0.6929 0.0 -0.226 0.1 997.0 1.3508 15.0 48.0 0.1071 0.0 0.0 -0.026 0.22361 996.0 1.3843 14.0 50.0 0.9071 0.0 0.674 0.0 0.22361 995.0 1.4186 14.0 54.0 1.7071 0.0 1.674 0.0 0.22361 995.0 1.6546 13.0 54.0 2.5071 0.0 2.774 0.0 0.14142 994.0 1.5675 13.0 
0.33146 13.18352 50.0 7293.0 0.0 53.0 0.0 -2.3929 2.074 0.0 0.5 1000.0 2.207 11.0 55.0 0.0 -0.0929 0.074 0.0 0.42426 999.0 2.2069 15.0 58.0 2.0071 0.0 0.0 -1.826 0.5 997.0 2.1474 13.0 62.0 4.0071 0.0 0.0 -3.426 0.36056 995.0 2.1812 11.0 69.0 5.9071 0.0 0.0 -4.626 0.31623 991.0 2.2103 11.0 
0.43216 64.81358 41.0 7317.0 0.0 69.0 0.0 -3.3929 4.574 0.0 0.92195 1001.0 2.5 18.0 69.0 0.1071 0.0 0.574 0.0 0.84853 1001.0 2.5 17.0 65.0 3.4071 0.0 0.0 -2.526 0.72111 1000.0 2.5 15.0 60.0 6.2071 0.0 0.0 -4.626 0.53852 999.0 2.5 16.0 58.0 8.5071 0.0 0.0 -5.826 0.31623 997.0 2.1474 16.0 
0.18035 47.29257 89.0 7321.0 0.0 47.0 0.0 -1.3929 0.274 0.0 0.22361 998.0 1.5041 17.0 54.0 0.0071 0.0 0.0 -0.426 0.22361 996.0 1.752 14.0 56.0 1.3071 0.0 0.0 -0.626 0.2 994.0 1.6858 13.0 55.0 2.4071 0.0 0.0 -0.426 0.1 993.0 1.5448 12.0 55.0 3.2071 0.0 0.0 -0.026 0.22361 992.0 1.4713 12.0 
0.12129 81.03809 86.0 7338.0 0.0 50.0 0.0 -1.7929 1.174 0.0 0.36056 998.0 1.7023 18.0 51.0 0.0 -0.5929 0.0 -0.426 0.28284 996.0 1.5627 16.0 56.0 0.5071 0.0 0.0 -1.526 0.22361 994.0 1.6858 17.0 62.0 1.6071 0.0 0.0 -2.026 0.22361 990.0 1.707 14.0 61.0 2.6071 0.0 0.0 -2.226 0.1 990.0 1.6524 14.0 
0.3101 32.98146 58.0 7342.0 0.0 56.0 0.0 -2.2929 0.974 0.0 0.36056 998.0 2.1353 13.0 63.0 0.0 -0.1929 0.0 -0.226 0.44721 996.0 2.3846 14.0 66.0 1.9071 0.0 0.0 -1.026 0.3 993.0 2.2245 12.0 66.0 3.6071 0.0 0.0 -1.326 0.3 991.0 2.0223 11.0 67.0 5.1071 0.0 0.0 -1.326 0.3 989.0 1.9104 11.0 
0.2034 59.28963 78.0 7345.0 0.0 42.0 0.0 -1.2929 0.0 -0.326 0.22361 1000.0 1.3859 19.0 46.0 0.0 -0.0929 0.0 -0.526 0.2 998.0 1.4408 16.0 48.0 1.0071 0.0 0.0 -0.426 0.22361 996.0 1.3843 15.0 48.0 2.0071 0.0 0.0 -0.126 0.2 996.0 1.3843 15.0 49.0 3.0071 0.0 0.074 0.0 0.2 996.0 1.4425 14.0 
0.22215 48.39733 71.0 7357.0 0.0 41.0 0.0 -1.2929 0.0 -0.026 0.22361 1000.0 1.3207 19.0 46.0 0.0 -0.0929 0.0 -0.426 0.2 998.0 1.4408 16.0 48.0 0.9071 0.0 0.0 -0.426 0.2 996.0 1.3843 15.0 49.0 1.9071 0.0 0.0 -0.426 0.22361 996.0 1.4425 14.0 51.0 3.0071 0.0 0.0 -0.226 0.2 996.0 1.5627 14.0 
0.3792 32.11459 46.0 735.0 0.0 39.0 0.0 -0.9929 0.0 -1.026 0.22361 1000.0 1.195 20.0 49.0 0.0 -0.0929 0.274 0.0 0.36056 999.0 1.7517 17.0 59.0 1.8071 0.0 1.374 0.0 0.41231 997.0 2.2221 15.0 63.0 4.2071 0.0 1.874 0.0 0.4 997.0 2.5 14.0 61.0 6.5071 0.0 1.974 0.0 0.4 997.0 2.3753 15.0 
0.29123 43.18263 62.0 7366.0 0.0 63.0 0.0 -1.4929 1.474 0.0 0.36056 993.0 2.0269 16.0 66.0 0.1071 0.0 0.374 0.0 0.36056 992.0 2.1186 15.0 66.0 1.6071 0.0 0.0 -0.726 0.36056 991.0 2.0223 15.0 65.0 3.0071 0.0 0.0 -1.626 0.22361 990.0 1.8762 14.0 66.0 4.2071 0.0 0.0 -2.326 0.22361 989.0 1.8538 14.0 
0.2596 45.92858 59.0 7384.0 0.0 50.0 0.0 -0.9929 1.874 0.0 0.36056 999.0 1.8239 18.0 53.0 0.4071 0.0 0.074 0.0 0.36056 998.0 1.9127 16.0 55.0 1.8071 0.0 0.0 -1.426 0.28284 996.0 1.8174 15.0 56.0 3.1071 0.0 0.0 -2.326 0.22361 995.0 1.7795 14.0 61.0 4.5071 0.0 0.0 -2.726 0.2 993.0 1.9003 12.0 
0.29943 58.29206 81.0 7389.0 0.0 51.0 0.0 -0.9929 0.0 -0.926 0.2 997.0 1.6604 15.0 58.0 0.3071 0.0 0.0 -0.426 0.22361 994.0 1.8084 13.0 58.0 1.4071 0.0 0.474 0.0 0.28284 993.0 1.7179 12.0 59.0 2.4071 0.0 1.674 0.0 0.22361 993.0 1.7777 12.0 60.0 3.2071 0.0 3.074 0.0 0.22361 993.0 1.8385 12.0 
0.19756 42.04636 61.0 7398.0 0.0 46.0 0.0 -2.1929 0.874 0.0 0.44721 1001.0 1.801 17.0 47.0 0.0 -0.1929 0.0 -0.326 0.36056 1000.0 1.7355 16.0 47.0 1.5071 0.0 0.0 -1.326 0.36056 999.0 1.6116 14.0 48.0 3.0071 0.0 0.0 -2.226 0.22361 997.0 1.4708 13.0 53.0 4.3071 0.0 0.0 -2.926 0.22361 996.0 1.6877 14.0 
0.14463 197.99881 38.0 7404.0 0.0 81.0 0.0 -1.5929 6.574 0.0 1.11803 1001.0 2.5 17.0 79.0 1.6071 0.0 0.774 0.0 0.9434 1000.0 2.5 15.0 73.0 4.6071 0.0 0.0 -3.626 0.78102 999.0 2.5 14.0 69.0 7.2071 0.0 0.0 -6.926 0.56569 997.0 2.5 12.0 70.0 9.5071 0.0 0.0 -9.126 0.5 995.0 2.5 13.0 
0.22128 61.36266 45.0 7420.0 0.0 47.0 0.0 -1.3929 2.874 0.0 0.5 1000.0 1.7355 17.0 53.0 0.4071 0.0 0.374 0.0 0.5 999.0 2.0493 15.0 58.0 2.5071 0.0 0.0 -1.926 0.56569 998.0 2.2906 18.0 62.0 4.9071 0.0 0.0 -3.826 0.44721 996.0 2.3095 16.0 65.0 7.2071 0.0 0.0 -4.826 0.31623 994.0 2.2712 17.0 
0.14261 92.26407 74.0 7449.0 0.0 56.0 0.0 -1.9929 0.0 -0.926 0.3 997.0 2.0019 16.0 61.0 0.0 -0.0929 0.0 -0.826 0.2 994.0 2.0003 13.0 62.0 1.3071 0.0 0.0 -0.326 0.22361 992.0 1.8696 12.0 62.0 2.5071 0.0 0.574 0.0 0.22361 991.0 1.7846 11.0 64.0 3.4071 0.0 1.774 0.0 0.28284 991.0 1.9016 11.0 
0.04679 64.32701 37.0 746.0 0.0 71.0 0.0 -3.8929 3.574 0.0 0.98995 1001.0 2.5 13.0 67.0 0.0 -0.3929 0.0 -0.426 0.78102 1001.0 2.5 17.0 64.0 2.4071 0.0 0.0 -3.826 0.70711 1000.0 2.5 15.0 63.0 4.9071 0.0 0.0 -6.626 0.5 998.0 2.5 13.0 65.0 7.3071 0.0 0.0 -8.626 0.5 995.0 2.3974 11.0 
0.21773 165.42227 39.0 747.0 0.0 70.0 0.0 -1.7929 5.674 0.0 0.9434 1001.0 2.5 13.0 71.0 1.2071 0.0 0.874 0.0 0.86023 1000.0 2.5 12.0 68.0 4.2071 0.0 0.0 -3.126 0.70711 999.0 2.5 15.0 67.0 6.9071 0.0 0.0 -6.226 0.70711 998.0 2.5 13.0 67.0 9.5071 0.0 0.0 -8.726 0.5 996.0 2.5 15.0 
0.14365 126.80682 46.0 7484.0 0.0 47.0 0.0 -2.8929 0.0 -0.926 0.5 1001.0 1.8802 17.0 54.0 0.0 -0.1929 0.0 -1.126 0.4 1000.0 2.291 15.0 56.0 2.5071 0.0 0.0 -1.026 0.4 999.0 2.2879 14.0 58.0 4.8071 0.0 0.0 -1.026 0.3 997.0 2.1474 15.0 62.0 6.8071 0.0 0.0 -1.326 0.31623 995.0 2.1812 13.0 
0.2209 53.71602 89.0 7498.0 0.0 71.0 0.0 -0.2929 1.374 0.0 0.14142 984.0 1.7754 9.0 70.0 0.3071 0.0 0.374 0.0 0.14142 985.0 1.7874 9.0 68.0 1.0071 0.0 0.0 -0.326 0.14142 986.0 1.7492 10.0 67.0 1.9071 0.0 0.0 -0.826 0.1 987.0 1.7634 10.0 66.0 2.8071 0.0 0.0 -1.026 0.14142 987.0 1.7112 10.0 
0.2269 54.46995 44.0 74.0 0.0 49.0 0.0 -1.2929 2.474 0.0 0.44721 1000.0 1.8864 11.0 53.0 0.4071 0.0 0.274 0.0 0.42426 999.0 2.0493 10.0 59.0 2.5071 0.0 0.0 -1.426 0.44721 996.0 2.0914 8.0 67.0 4.9071 0.0 0.0 -2.726 0.41231 995.0 2.5 10.0 73.0 7.3071 0.0 0.0 -3.526 0.31623 990.0 2.3665 8.0 
0.24414 48.39733 58.0 7503.0 0.0 41.0 0.0 -2.0929 0.674 0.0 0.36056 1001.0 1.4308 18.0 45.0 0.0 -0.0929 0.0 -0.426 0.31623 1001.0 1.7236 17.0 46.0 1.8071 0.0 0.0 -1.226 0.31623 1000.0 1.6625 15.0 46.0 3.5071 0.0 0.0 -1.726 0.3 999.0 1.5437 18.0 49.0 5.0071 0.0 0.0 -1.726 0.2 998.0 1.6349 16.0 
0.09689 80.01448 51.0 7508.0 0.0 57.0 0.0 -3.5929 0.674 0.0 0.63246 1001.0 2.5 17.0 57.0 0.0 -0.4929 0.0 -0.526 0.53852 1000.0 2.5 15.0 53.0 2.1071 0.0 0.0 -1.326 0.41231 1000.0 2.207 19.0 55.0 4.1071 0.0 0.0 -1.726 0.31623 997.0 1.931 15.0 57.0 5.8071 0.0 0.0 -1.926 0.3 996.0 1.952 14.0 
0.29618 61.36266 46.0 7511.0 0.0 59.0 0.0 -2.1929 2.574 0.0 0.64031 999.0 2.5 15.0 60.0 0.4071 0.0 0.374 0.0 0.5 998.0 2.4513 13.0 61.0 2.6071 0.0 0.0 -1.426 0.5 995.0 2.1114 11.0 68.0 4.7071 0.0 0.0 -2.826 0.31623 992.0 2.249 12.0 76.0 6.8071 0.0 0.0 -3.626 0.31623 988.0 2.3598 10.0 
0.56649 35.06378 124.0 7512.0 0.0 42.0 0.1071 0.0 0.0 -1.026 0.2 998.0 1.2011 16.0 47.0 0.3071 0.0 0.074 0.0 0.2 997.0 1.4101 15.0 48.0 0.4071 0.0 1.474 0.0 0.22361 997.0 1.4708 15.0 49.0 0.6071 0.0 2.874 0.0 0.22361 997.0 1.5327 15.0 49.0 0.9071 0.0 4.174 0.0 0.2 996.0 1.4425 14.0 
0.44 21.89443 48.0 7513.0 0.0 52.0 0.0 -1.3929 0.0 -0.226 0.2 995.0 1.5343 14.0 63.0 0.0 -0.0929 0.174 0.0 0.31623 992.0 1.9304 12.0 71.0 1.6071 0.0 0.774 0.0 0.41231 990.0 2.2386 11.0 78.0 3.8071 0.0 1.174 0.0 0.4 988.0 2.4856 10.0 81.0 6.0071 0.0 1.274 0.0 0.4 986.0 2.4819 10.0 
0.18014 132.3298 53.0 7514.0 0.0 46.0 0.0 -0.8929 0.0 -1.426 0.2 998.0 1.4408 17.0 54.0 0.6071 0.0 0.0 -1.026 0.31623 996.0 1.752 19.0 64.0 2.3071 0.0 0.0 -0.426 0.36056 993.0 2.0918 16.0 68.0 3.9071 0.0 0.374 0.0 0.31623 990.0 2.0534 14.0 71.0 5.5071 0.0 1.174 0.0 0.22361 988.0 2.0595 13.0 
0.1039 136.34878 65.0 7522.0 0.0 50.0 0.0071 0.0 0.0 -1.626 0.14142 994.0 1.3439 12.0 61.0 0.8071 0.0 0.0 -0.926 0.22361 990.0 1.6524 11.0 63.0 1.7071 0.0 0.0 -0.226 0.22361 989.0 1.6891 11.0 67.0 2.6071 0.0 0.274 0.0 0.2 987.0 1.7634 10.0 73.0 3.8071 0.0 0.174 0.0 0.22361 984.0 1.8769 9.0 
0.16537 72.87608 71.0 7524.0 0.0 39.0 0.0 -1.2929 0.374 0.0 0.22361 999.0 1.1096 19.0 44.0 0.0 -0.3929 0.0 -0.526 0.14142 998.0 1.3183 21.0 51.0 0.7071 0.0 0.0 -0.926 0.22361 996.0 1.5627 18.0 53.0 2.0071 0.0 0.0 -0.926 0.2 995.0 1.5939 18.0 55.0 3.3071 0.0 0.0 -0.626 0.22361 995.0 1.7165 18.0 
0.32734 133.67766 133.0 7564.0 0.0 53.0 1.4071 0.0 0.0 -1.226 0.3 995.0 1.5939 14.0 55.0 1.1071 0.0 0.474 0.0 0.2 995.0 1.7165 13.0 56.0 0.9071 0.0 2.174 0.0 0.31623 994.0 1.6858 13.0 57.0 0.7071 0.0 3.874 0.0 0.2 993.0 1.6592 13.0 57.0 0.7071 0.0 5.274 0.0 0.2 992.0 1.5802 12.0 
0.28114 32.98146 52.0 7567.0 0.0 42.0 0.0 -2.0929 0.574 0.0 0.36056 1001.0 1.5014 18.0 45.0 0.0 -0.1929 0.0 -0.226 0.41231 1001.0 1.7236 16.0 48.0 1.9071 0.0 0.0 -0.826 0.31623 999.0 1.6809 15.0 51.0 3.8071 0.0 0.0 -1.326 0.41231 999.0 1.8976 17.0 56.0 5.6071 0.0 0.0 -1.626 0.3 996.0 1.8841 14.0 
0.1939 32.63974 101.0 7570.0 0.0 54.0 0.0 -0.7929 0.0 -0.726 0.14142 992.0 1.4182 12.0 65.0 0.0 -0.2929 0.0 -0.026 0.1 987.0 1.6597 10.0 66.0 0.1071 0.0 0.874 0.0 0.14142 987.0 1.7112 10.0 67.0 0.7071 0.0 1.674 0.0 0.14142 986.0 1.6981 10.0 69.0 1.3071 0.0 2.174 0.0 0.14142 985.0 1.7367 9.0 
0.0952 60.18886 53.0 7598.0 0.0 57.0 0.0 -2.2929 3.274 0.0 0.76158 1000.0 2.5 13.0 54.0 0.0 -0.4929 0.0 -0.226 0.5831 999.0 2.1274 17.0 54.0 1.4071 0.0 0.0 -3.026 0.5 998.0 1.9855 15.0 54.0 3.1071 0.0 0.0 -5.126 0.5 997.0 1.8615 13.0 56.0 4.9071 0.0 0.0 -6.726 0.36056 995.0 1.7795 14.0 
0.31047 14.00819 65.0 7600.0 0.0 43.0 0.0 -0.7929 0.474 0.0 0.14142 996.0 1.1109 12.0 49.0 0.0071 0.0 0.0 -0.126 0.1 995.0 1.3624 14.0 58.0 1.0071 0.0 0.0 -0.426 0.1 991.0 1.5618 12.0 64.0 2.1071 0.0 0.0 -0.526 0.2 989.0 1.7431 11.0 73.0 3.3071 0.0 0.0 -0.526 0.3 983.0 1.8143 9.0 
0.19213 69.49047 55.0 7613.0 0.0 40.0 0.0 -1.7929 0.0 -0.126 0.31623 1001.0 1.3618 17.0 46.0 0.0071 0.0 0.0 -0.626 0.31623 1000.0 1.6625 15.0 52.0 2.0071 0.0 0.0 -0.626 0.3 999.0 1.9727 13.0 51.0 3.8071 0.0 0.0 -0.126 0.31623 998.0 1.7711 12.0 49.0 5.4071 0.0 0.474 0.0 0.22361 998.0 1.6349 12.0 
0.13252 94.52394 107.0 7626.0 0.0 42.0 0.0 -0.2929 0.0 -1.026 0.1 995.0 1.0009 11.0 51.0 0.2071 0.0 0.0 -0.826 0.1 993.0 1.3283 12.0 62.0 0.8071 0.0 0.0 -0.626 0.1 987.0 1.5101 10.0 62.0 1.3071 0.0 0.0 -0.526 0.14142 987.0 1.5101 10.0 61.0 1.8071 0.0 0.0 -0.426 0.1 988.0 1.5202 10.0 
0.13839 50.31208 51.0 7654.0 0.0 50.0 0.0 -2.3929 2.274 0.0 0.5831 1001.0 2.1279 17.0 52.0 0.0 -0.3929 0.0 -0.226 0.42426 1000.0 2.1245 16.0 54.0 1.7071 0.0 0.0 -2.126 0.36056 999.0 2.1274 14.0 55.0 3.8071 0.0 0.0 -3.426 0.31623 997.0 1.931 12.0 61.0 5.7071 0.0 0.0 -4.126 0.3 995.0 2.1114 13.0 
0.34101 45.6838 50.0 7655.0 0.0 56.0 0.0 -1.4929 2.974 0.0 0.5831 999.0 2.2879 10.0 57.0 0.3071 0.0 0.274 0.0 0.5 997.0 2.074 9.0 61.0 2.3071 0.0 0.0 -1.626 0.44721 996.0 2.2356 11.0 65.0 4.4071 0.0 0.0 -2.826 0.31623 992.0 2.0549 9.0 75.0 6.1071 0.0 0.0 -3.426 0.31623 986.0 2.1279 10.0 
0.14777 60.18886 60.0 7678.0 0.0 57.0 0.0 -2.1929 1.474 0.0 0.42426 997.0 2.074 17.0 57.0 0.0 -0.4929 0.0 -0.226 0.36056 995.0 1.8436 17.0 63.0 1.0071 0.0 0.0 -1.026 0.31623 992.0 1.9304 16.0 67.0 2.5071 0.0 0.0 -0.826 0.22361 989.0 1.9104 14.0 75.0 3.9071 0.0 0.074 0.0 0.36056 986.0 2.1279 13.0 
0.24793 56.66943 53.0 7697.0 0.0 53.0 0.0 -2.7929 1.274 0.0 0.64031 1002.0 2.5 24.0 51.0 0.0 -0.3929 0.0 -0.326 0.44721 1001.0 2.2138 21.0 48.0 1.7071 0.0 0.0 -0.826 0.3 1000.0 1.8102 19.0 47.0 3.4071 0.0 0.0 -0.526 0.36056 1000.0 1.7355 19.0 48.0 5.1071 0.0 0.474 0.0 0.36056 1000.0 1.8102 19.0 
0.36179 37.81606 40.0 770.0 0.0 69.0 0.0 -4.3929 2.874 0.0 0.80623 1001.0 2.5 18.0 68.0 0.0 -0.2929 0.174 0.0 0.80623 1000.0 2.5 17.0 65.0 3.3071 0.0 0.0 -2.326 0.72111 999.0 2.5 15.0 63.0 6.4071 0.0 0.0 -4.526 0.5 999.0 2.5 19.0 63.0 8.9071 0.0 0.0 -6.226 0.5 997.0 2.5 16.0 
0.47237 53.71602 41.0 7712.0 0.0 54.0 0.0 -2.5929 2.274 0.0 0.5831 1001.0 2.4819 18.0 59.0 0.3071 0.0 0.374 0.0 0.53852 1000.0 2.5 16.0 61.0 3.4071 0.0 0.0 -1.026 0.5831 999.0 2.5 14.0 61.0 6.2071 0.0 0.0 -2.226 0.44721 997.0 2.3753 14.0 66.0 8.6071 0.0 0.0 -3.126 0.44721 995.0 2.4717 14.0 
0.23772 36.19458 132.0 7721.0 0.0 42.0 0.0 -1.2929 0.274 0.0 0.22361 999.0 1.2869 15.0 44.0 0.0071 0.0 0.0 -0.326 0.22361 998.0 1.3183 16.0 50.0 1.2071 0.0 0.0 -0.226 0.2 996.0 1.502 15.0 56.0 2.4071 0.0 0.574 0.0 0.22361 995.0 1.7795 13.0 61.0 3.4071 0.0 1.874 0.0 0.36056 993.0 1.9003 12.0 
0.17695 69.49047 67.0 7729.0 0.0 44.0 0.0 -1.2929 0.0 -0.226 0.31623 999.0 1.4124 14.0 46.0 0.0071 0.0 0.0 -0.626 0.2 998.0 1.4408 16.0 50.0 1.1071 0.0 0.0 -0.626 0.22361 995.0 1.4186 14.0 53.0 2.1071 0.0 0.0 -0.426 0.22361 994.0 1.51 13.0 58.0 3.1071 0.0 0.0 -0.126 0.2 992.0 1.6361 12.0 
0.49269 2.99167 57.0 7740.0 0.0 62.0 0.0 -1.4929 0.974 0.0 0.36056 993.0 1.9631 13.0 68.0 0.0071 0.0 0.0 -0.026 0.22361 989.0 1.9678 11.0 70.0 1.4071 0.0 0.0 -0.426 0.3 987.0 1.9249 10.0 79.0 2.9071 0.0 0.0 -0.326 0.2 981.0 1.992 9.0 91.0 4.4071 0.0 0.074 0.0 0.31623 974.0 2.1687 8.0 
0.22675 81.45815 62.0 7745.0 0.0 48.0 0.0 -1.5929 0.0 -0.526 0.31623 1000.0 1.8102 19.0 50.0 0.1071 0.0 0.0 -0.726 0.31623 998.0 1.7023 17.0 51.0 1.6071 0.0 0.0 -0.026 0.28284 998.0 1.7711 16.0 54.0 2.9071 0.0 1.274 0.0 0.28284 997.0 1.8615 15.0 56.0 4.2071 0.0 2.974 0.0 0.36056 997.0 2.0019 15.0 
0.17792 51.90795 53.0 7756.0 0.0 48.0 0.0 -1.9929 1.074 0.0 0.42426 1000.0 1.8102 15.0 50.0 0.0 -0.1929 0.0 -0.426 0.31623 998.0 1.7023 14.0 53.0 1.5071 0.0 0.0 -1.426 0.22361 996.0 1.6877 12.0 61.0 3.1071 0.0 0.0 -2.126 0.3 994.0 2.0003 13.0 69.0 4.8071 0.0 0.0 -2.326 0.3 989.0 2.0261 11.0 
0.19262 92.39084 67.0 7760.0 0.0 53.0 0.0 -1.0929 0.0 -1.226 0.3 996.0 1.6877 15.0 60.0 0.4071 0.0 0.0 -0.726 0.22361 993.0 1.8385 12.0 61.0 1.6071 0.0 0.0 -0.326 0.22361 991.0 1.7275 11.0 62.0 2.7071 0.0 0.0 -0.326 0.2 990.0 1.707 11.0 65.0 3.8071 0.0 0.0 -0.726 0.22361 989.0 1.798 11.0 
0.37499 8.25172 61.0 7769.0 0.0 43.0 0.0 -1.2929 0.0 -0.926 0.22361 1000.0 1.4527 20.0 45.0 0.0071 0.0 0.074 0.0 0.28284 1000.0 1.591 18.0 45.0 1.3071 0.0 0.874 0.0 0.2 1000.0 1.591 18.0 45.0 2.7071 0.0 0.974 0.0 0.31623 999.0 1.4773 18.0 46.0 4.1071 0.0 0.574 0.0 0.36056 999.0 1.5437 18.0 
0.35292 17.37652 52.0 7772.0 0.0 51.0 0.0 -2.3929 1.374 0.0 0.5 1001.0 2.2138 23.0 50.0 0.0 -0.0929 0.0 -0.126 0.36056 1000.0 1.9642 20.0 50.0 1.9071 0.0 0.0 -1.226 0.31623 1000.0 1.9642 19.0 50.0 3.8071 0.0 0.0 -1.826 0.3 999.0 1.8239 18.0 50.0 5.6071 0.0 0.0 -1.726 0.3 999.0 1.8239 17.0 
0.2001 69.94114 41.0 777.0 0.0 52.0 0.0 -1.4929 3.174 0.0 0.5831 1001.0 2.3015 17.0 54.0 0.5071 0.0 0.374 0.0 0.56569 1000.0 2.291 16.0 61.0 3.0071 0.0 0.0 -1.826 0.5831 1000.0 2.5 18.0 65.0 5.8071 0.0 0.0 -3.326 0.53852 998.0 2.5 16.0 65.0 8.6071 0.0 0.0 -4.226 0.41231 997.0 2.5 15.0 
0.58192 38.12432 47.0 7782.0 0.0 66.0 0.0 -2.6929 1.374 0.0 0.53852 997.0 2.5 16.0 72.0 0.2071 0.0 0.274 0.0 0.41231 994.0 2.5 13.0 74.0 2.8071 0.0 0.0 -0.126 0.4 992.0 2.5 12.0 74.0 5.2071 0.0 0.174 0.0 0.31623 990.0 2.4318 11.0 72.0 7.0071 0.0 1.074 0.0 0.36056 989.0 2.2062 11.0 
0.14528 115.88136 44.0 7804.0 0.0 47.0 0.0 -2.5929 0.0 -0.126 0.44721 1001.0 1.8802 23.0 53.0 0.0 -0.1929 0.0 -1.026 0.41231 1000.0 2.207 20.0 58.0 2.4071 0.0 0.0 -1.226 0.5099 999.0 2.4542 18.0 59.0 5.0071 0.0 0.0 -0.626 0.41231 999.0 2.5 17.0 57.0 7.4071 0.0 0.374 0.0 0.36056 999.0 2.3703 17.0 
0.7336 78.54114 99.0 7810.0 0.0 50.0 0.8071 0.0 0.0 -1.926 0.31623 997.0 1.5959 20.0 56.0 0.7071 0.0 0.0 -0.026 0.4 995.0 1.7795 18.0 56.0 0.6071 0.0 1.974 0.0 0.4 995.0 1.7795 17.0 56.0 0.7071 0.0 3.774 0.0 0.3 994.0 1.6858 17.0 55.0 0.9071 0.0 5.174 0.0 0.22361 993.0 1.5448 16.0 
0.20621 42.04636 70.0 7820.0 0.0 42.0 0.0 -1.8929 0.674 0.0 0.36056 1001.0 1.5014 18.0 41.0 0.0 -0.1929 0.0 -0.326 0.22361 1001.0 1.4308 19.0 42.0 1.2071 0.0 0.0 -0.626 0.22361 1000.0 1.3859 19.0 44.0 2.5071 0.0 0.0 -0.826 0.2 999.0 1.4124 17.0 46.0 3.6071 0.0 0.0 -1.026 0.2 998.0 1.4408 16.0 
0.58953 22.67945 45.0 7824.0 0.0 61.0 0.0 -2.4929 0.974 0.0 0.44721 999.0 2.5 17.0 67.0 0.1071 0.0 0.174 0.0 0.5099 996.0 2.5 14.0 69.0 2.7071 0.0 0.0 -0.126 0.4 994.0 2.5 13.0 68.0 5.1071 0.0 0.0 -0.026 0.41231 994.0 2.4857 13.0 63.0 7.3071 0.0 0.574 0.0 0.31623 996.0 2.3846 13.0 
0.12822 56.66943 72.0 7827.0 0.0 52.0 0.0 -2.5929 1.374 0.0 0.5 1000.0 2.1245 13.0 48.0 0.0 -0.3929 0.0 -0.326 0.36056 1000.0 1.8102 11.0 46.0 1.4071 0.0 0.0 -1.626 0.36056 998.0 1.4408 10.0 47.0 2.9071 0.0 0.0 -2.626 0.22361 998.0 1.5041 13.0 50.0 4.0071 0.0 0.0 -3.226 0.22361 995.0 1.4186 11.0 
0.24946 77.39705 68.0 7839.0 0.0 50.0 0.0 -0.8929 0.0 -0.926 0.22361 995.0 1.4186 15.0 57.0 0.3071 0.0 0.0 -0.626 0.2 993.0 1.6592 16.0 61.0 1.4071 0.0 0.0 -0.426 0.14142 990.0 1.6524 15.0 63.0 2.5071 0.0 0.0 -0.326 0.1 989.0 1.6891 14.0 65.0 3.7071 0.0 0.0 -0.426 0.2 987.0 1.6597 12.0 
0.36835 19.33007 68.0 7840.0 0.0 54.0 0.0 -1.4929 1.374 0.0 0.36056 996.0 1.752 15.0 61.0 0.0071 0.0 0.174 0.0 0.28284 994.0 2.0003 13.0 63.0 1.5071 0.0 0.0 -0.626 0.22361 992.0 1.9304 12.0 65.0 2.9071 0.0 0.0 -1.326 0.22361 991.0 1.9615 11.0 65.0 4.1071 0.0 0.0 -1.926 0.22361 989.0 1.798 11.0 
0.14257 156.04509 44.0 7861.0 0.0 74.0 0.0 -1.7929 4.174 0.0 0.64031 995.0 2.5 11.0 80.0 0.9071 0.0 1.074 0.0 0.64031 993.0 2.5 13.0 82.0 3.4071 0.0 0.0 -1.526 0.5 989.0 2.5 11.0 88.0 5.7071 0.0 0.0 -3.426 0.42426 983.0 2.5 9.0 97.0 7.7071 0.0 0.0 -4.726 0.31623 973.0 2.4025 8.0 
0.15474 70.24699 47.0 7873.0 0.0 60.0 0.0 -3.3929 0.974 0.0 0.67082 1001.0 2.5 17.0 59.0 0.0 -0.0929 0.0 -0.626 0.53852 1000.0 2.5 15.0 57.0 2.6071 0.0 0.0 -1.926 0.44721 998.0 2.2123 13.0 58.0 4.7071 0.0 0.0 -3.026 0.41231 997.0 2.1474 16.0 64.0 6.7071 0.0 0.0 -3.826 0.31623 994.0 2.2019 13.0 
0.3487 21.60552 52.0 7885.0 0.0 41.0 0.0 -1.9929 0.874 0.0 0.31623 1001.0 1.4308 22.0 48.0 0.0 -0.1929 0.0 -0.026 0.36056 1000.0 1.8102 19.0 52.0 1.6071 0.0 0.0 -1.026 0.41231 999.0 1.9727 17.0 52.0 3.4071 0.0 0.0 -1.826 0.31623 998.0 1.8412 16.0 53.0 5.2071 0.0 0.0 -2.426 0.22361 998.0 1.9127 16.0 
0.15576 51.90795 54.0 7906.0 0.0 42.0 0.0 -1.9929 1.374 0.0 0.42426 1001.0 1.5014 13.0 46.0 0.0 -0.1929 0.0 -0.426 0.42426 1001.0 1.801 17.0 48.0 1.6071 0.0 0.0 -2.026 0.42426 1000.0 1.8102 15.0 50.0 3.3071 0.0 0.0 -3.526 0.36056 998.0 1.7023 14.0 53.0 4.9071 0.0 0.0 -4.826 0.36056 998.0 1.9127 16.0 
0.2001 32.98146 257.0 807.0 0.0 83.0 0.0 -3.5929 2.674 0.0 0.84853 995.0 2.5 11.0 82.0 0.0 -0.1929 0.0 -0.226 0.67082 991.0 2.5 9.0 86.0 2.7071 0.0 0.0 -1.626 0.44721 985.0 2.5 10.0 102.0 4.9071 0.0 0.0 -2.226 0.4 969.0 2.4151 7.0 112.0 6.9071 0.0 0.0 -2.326 0.3 958.0 2.3295 6.0 
0.0989 50.31208 44.0 818.0 0.0 59.0 0.0 -3.1929 2.674 0.0 0.70711 1000.0 2.5 16.0 63.0 0.0 -0.3929 0.0 -0.226 0.56569 999.0 2.5 14.0 66.0 2.3071 0.0 0.0 -2.526 0.5831 997.0 2.5 12.0 69.0 5.0071 0.0 0.0 -4.126 0.5 995.0 2.5 14.0 71.0 7.3071 0.0 0.0 -5.126 0.41231 992.0 2.4518 12.0 
0.32063 49.1426 48.0 83.0 0.0 55.0 0.0 -1.4929 2.574 0.0 0.5831 999.0 2.2069 14.0 57.0 0.4071 0.0 0.174 0.0 0.42426 997.0 2.074 13.0 63.0 2.4071 0.0 0.0 -1.526 0.44721 995.0 2.2521 14.0 67.0 4.6071 0.0 0.0 -2.626 0.44721 993.0 2.2925 13.0 70.0 6.6071 0.0 0.0 -3.626 0.31623 990.0 2.176 11.0 
0.38524 2.99167 49.0 860.0 0.0 48.0 0.0 -1.6929 0.774 0.0 0.28284 999.0 1.6809 18.0 56.0 0.0071 0.0 0.0 -0.026 0.41231 997.0 2.0019 15.0 58.0 1.9071 0.0 0.0 -0.226 0.3 996.0 2.0211 14.0 63.0 3.8071 0.0 0.274 0.0 0.31623 995.0 2.2521 13.0 65.0 5.8071 0.0 1.174 0.0 0.44721 994.0 2.2712 13.0 
0.48502 2.99167 65.0 866.0 0.0 45.0 0.0 -0.1929 0.0 -0.526 0.1 995.0 1.149 14.0 52.0 0.0071 0.0 0.0 -0.026 0.14142 993.0 1.3809 12.0 57.0 0.6071 0.0 0.674 0.0 0.14142 992.0 1.5802 12.0 63.0 1.5071 0.0 1.374 0.0 0.28284 990.0 1.7625 11.0 70.0 2.8071 0.0 1.974 0.0 0.2 987.0 1.9249 10.0 
0.42011 112.65961 79.0 874.0 0.0 48.0 0.7071 0.0 0.0 -1.626 0.3 997.0 1.4708 20.0 49.0 1.0071 0.0 0.0 -0.126 0.22361 997.0 1.5327 19.0 49.0 1.3071 0.0 1.274 0.0 0.2 996.0 1.4425 19.0 51.0 1.4071 0.0 2.674 0.0 0.22361 996.0 1.5627 18.0 51.0 1.7071 0.0 3.974 0.0 0.22361 995.0 1.4759 17.0 
0.13081 57.38457 59.0 87.0 0.0 53.0 0.0 -2.3929 2.374 0.0 0.72111 1002.0 2.5 25.0 50.0 0.0 -0.2929 0.0 -0.426 0.5 1001.0 2.1279 23.0 48.0 1.7071 0.0 0.0 -2.226 0.36056 1000.0 1.8102 21.0 44.0 3.4071 0.0 0.0 -3.026 0.2 999.0 1.4124 22.0 47.0 4.7071 0.0 0.0 -3.326 0.2 998.0 1.5041 21.0 
0.50473 13.18352 47.0 890.0 0.0 47.0 0.0 -2.5929 0.774 0.0 0.44721 1001.0 1.8802 17.0 53.0 0.0 -0.0929 0.074 0.0 0.41231 1000.0 2.207 19.0 57.0 2.3071 0.0 0.0 -0.026 0.4 999.0 2.3703 17.0 57.0 4.6071 0.0 0.374 0.0 0.41231 998.0 2.2123 16.0 55.0 6.7071 0.0 1.074 0.0 0.3 998.0 2.0598 16.0 
0.12619 50.31208 62.0 924.0 0.0 41.0 0.0 -1.3929 1.074 0.0 0.22361 999.0 1.2264 15.0 45.0 0.0 -0.3929 0.0 -0.226 0.22361 998.0 1.3789 13.0 52.0 0.7071 0.0 0.0 -1.026 0.22361 996.0 1.6246 14.0 60.0 2.0071 0.0 0.0 -1.426 0.3 993.0 1.8385 12.0 62.0 3.5071 0.0 0.0 -1.526 0.2 992.0 1.8696 12.0 
0.39713 61.36266 51.0 932.0 0.0 69.0 0.0 -2.4929 3.274 0.0 0.70711 998.0 2.5 14.0 66.0 0.4071 0.0 0.374 0.0 0.56569 997.0 2.5 17.0 66.0 2.9071 0.0 0.0 -1.726 0.36056 994.0 2.3416 14.0 70.0 4.8071 0.0 0.0 -3.326 0.42426 991.0 2.2749 15.0 79.0 6.4071 0.0 0.0 -4.726 0.28284 984.0 2.1981 12.0 
0.37687 39.17945 48.0 934.0 0.0 54.0 0.0 -1.9929 2.474 0.0 0.5 999.0 2.1274 16.0 57.0 0.3071 0.0 0.174 0.0 0.5 998.0 2.2123 14.0 59.0 2.5071 0.0 0.0 -1.826 0.42426 997.0 2.2221 17.0 61.0 4.5071 0.0 0.0 -3.326 0.36056 995.0 2.1114 14.0 68.0 6.4071 0.0 0.0 -4.326 0.31623 992.0 2.249 15.0 
0.11973 62.18838 47.0 937.0 0.0 59.0 0.0 -3.1929 1.674 0.0 0.64031 1000.0 2.5 16.0 62.0 0.0 -0.1929 0.0 -0.526 0.5831 999.0 2.5 14.0 63.0 2.6071 0.0 0.0 -2.226 0.53852 998.0 2.5 17.0 65.0 5.2071 0.0 0.0 -3.226 0.31623 996.0 2.5 14.0 61.0 7.1071 0.0 0.0 -3.726 0.3 995.0 2.1114 13.0 
0.78736 32.11459 49.0 948.0 0.0 67.0 0.0 -2.6929 1.474 0.0 0.44721 995.0 2.5 14.0 75.0 0.0 -0.0929 0.274 0.0 0.44721 992.0 2.5 12.0 74.0 2.3071 0.0 0.0 -0.626 0.31623 990.0 2.4318 11.0 75.0 4.4071 0.0 0.0 -1.226 0.31623 989.0 2.3938 10.0 76.0 6.3071 0.0 0.0 -1.726 0.3 986.0 2.185 10.0 
0.05218 76.96603 41.0 953.0 0.0 76.0 0.0 -4.5929 4.374 0.0 1.14018 1001.0 2.5 16.0 71.0 0.0 -0.6929 0.0 -0.026 0.86023 1001.0 2.5 16.0 69.0 2.5071 0.0 0.0 -3.626 0.70711 1000.0 2.5 15.0 69.0 5.6071 0.0 0.0 -6.426 0.64031 998.0 2.5 13.0 71.0 8.5071 0.0 0.0 -8.726 0.5 996.0 2.5 14.0 
0.15748 48.39733 54.0 954.0 0.0 49.0 0.0 -1.8929 0.874 0.0 0.36056 999.0 1.7517 10.0 53.0 0.0 -0.0929 0.0 -0.426 0.36056 998.0 1.9127 12.0 60.0 1.6071 0.0 0.0 -1.426 0.31623 994.0 1.9352 10.0 65.0 3.4071 0.0 0.0 -2.026 0.31623 992.0 2.0549 9.0 68.0 5.2071 0.0 0.0 -2.526 0.3 990.0 2.0534 8.0 
0.23042 100.68908 43.0 964.0 0.0 61.0 0.0 -1.8929 4.274 0.0 0.72111 1001.0 2.5 18.0 60.0 0.6071 0.0 0.674 0.0 0.72111 1001.0 2.5 17.0 58.0 3.1071 0.0 0.0 -2.126 0.56569 1000.0 2.5 15.0 58.0 5.5071 0.0 0.0 -4.126 0.5 999.0 2.4542 18.0 55.0 7.7071 0.0 0.0 -5.526 0.44721 999.0 2.2069 17.0 
0.28918 14.4498 54.0 970.0 0.0 59.0 0.0 -1.2929 1.674 0.0 0.42426 995.0 1.9752 14.0 62.0 0.1071 0.0 0.074 0.0 0.36056 994.0 2.0664 13.0 63.0 1.6071 0.0 0.0 -0.926 0.22361 992.0 1.9304 12.0 65.0 3.0071 0.0 0.0 -1.326 0.3 991.0 1.9615 11.0 69.0 4.6071 0.0 0.0 -1.126 0.3 989.0 2.0261 11.0 
0.38229 42.77555 44.0 973.0 0.0 48.0 0.0 -2.7929 1.474 0.0 0.5099 1002.0 2.1393 25.0 52.0 0.0 -0.0929 0.374 0.0 0.41231 1001.0 2.3015 22.0 53.0 2.6071 0.0 0.0 -0.226 0.41231 1001.0 2.3909 20.0 52.0 5.1071 0.0 0.0 -0.426 0.4 1001.0 2.3015 20.0 50.0 7.5071 0.0 0.0 -0.526 0.3 1001.0 2.1279 20.0 
0.08227 68.58744 33.0 974.0 0.0 76.0 0.0 -3.6929 5.374 0.0 1.02956 1001.0 2.5 13.0 71.0 0.0 -0.5929 0.174 0.0 0.9434 1000.0 2.5 12.0 67.0 2.1071 0.0 0.0 -4.126 0.72111 1000.0 2.5 15.0 64.0 4.6071 0.0 0.0 -7.426 0.56569 998.0 2.5 13.0 64.0 6.9071 0.0 0.0 -9.826 0.5 996.0 2.4609 12.0 
0.76687 22.67945 50.0 978.0 0.0 67.0 0.0 -1.9929 0.874 0.0 0.31623 992.0 2.1833 15.0 77.0 0.1071 0.0 0.174 0.0 0.31623 988.0 2.4223 13.0 77.0 2.2071 0.0 0.0 -0.326 0.31623 987.0 2.3291 13.0 77.0 4.2071 0.0 0.0 -0.526 0.3 987.0 2.3291 13.0 74.0 6.0071 0.0 0.0 -0.426 0.3 987.0 2.1512 13.0 
0.37968 109.18961 42.0 97.0 0.0 61.0 0.0 -1.4929 4.874 0.0 0.76158 1000.0 2.5 12.0 66.0 0.6071 0.0 0.774 0.0 0.80623 999.0 2.5 13.0 65.0 3.2071 0.0 0.0 -2.726 0.64031 998.0 2.5 14.0 64.0 5.7071 0.0 0.0 -5.026 0.44721 996.0 2.4609 12.0 67.0 8.2071 0.0 0.0 -6.026 0.4 994.0 2.4131 13.0 
0.48759 30.42421 50.0 987.0 0.0 54.0 0.0 -2.7929 1.174 0.0 0.44721 1001.0 2.4819 20.0 59.0 0.0071 0.0 0.274 0.0 0.44721 1000.0 2.5 18.0 55.0 2.6071 0.0 0.0 -0.126 0.3 1000.0 2.3767 18.0 50.0 4.7071 0.0 0.074 0.0 0.3 999.0 1.8239 18.0 47.0 6.4071 0.0 0.474 0.0 0.22361 1000.0 1.7355 18.0 
0.27017 79.14903 42.0 988.0 0.0 55.0 0.0 -1.7929 3.374 0.0 0.72111 1001.0 2.5 17.0 59.0 0.6071 0.0 0.374 0.0 0.64031 1000.0 2.5 18.0 62.0 3.3071 0.0 0.0 -1.926 0.5 999.0 2.5 18.0 64.0 5.9071 0.0 0.0 -3.226 0.41231 997.0 2.5 15.0 60.0 8.2071 0.0 0.0 -3.626 0.4 996.0 2.1629 14.0 
0.38062 39.17945 46.0 992.0 0.0 56.0 0.0 -2.1929 1.774 0.0 0.44721 1000.0 2.4639 19.0 59.0 0.3071 0.0 0.174 0.0 0.5 999.0 2.5 17.0 57.0 2.7071 0.0 0.0 -1.126 0.44721 999.0 2.3703 17.0 55.0 4.9071 0.0 0.0 -1.926 0.41231 999.0 2.2069 17.0 52.0 6.9071 0.0 0.0 -2.326 0.3 998.0 1.8412 17.0 
0.50847 53.71602 39.0 99.0 0.0 63.0 0.0 -3.5929 2.274 0.0 0.67082 1000.0 2.5 15.0 73.0 0.3071 0.0 0.374 0.0 0.76158 999.0 2.5 18.0 73.0 4.0071 0.0 0.0 -0.826 0.63246 997.0 2.5 15.0 70.0 7.0071 0.0 0.0 -1.626 0.5 995.0 2.5 13.0 64.0 9.3071 0.0 0.0 -1.926 0.3 994.0 2.2019 13.0 
0.1898 163.42753 41.0 7923.0 0.0 67.0 0.0 -1.9929 4.974 0.0 0.78102 1001.0 2.5 13.0 66.0 1.0071 0.0 1.074 0.0 0.72111 1000.0 2.5 16.0 65.0 3.6071 0.0 0.0 -2.426 0.70711 999.0 2.5 14.0 66.0 6.1071 0.0 0.0 -5.426 0.56569 998.0 2.5 13.0 69.0 8.5071 0.0 0.0 -7.826 0.5 996.0 2.5 14.0 
0.37289 14.00819 53.0 7929.0 0.0 51.0 0.0 -2.7929 0.974 0.0 0.41231 1001.0 2.2138 17.0 55.0 0.0071 0.0 0.0 -0.126 0.5 1000.0 2.3767 16.0 54.0 2.4071 0.0 0.0 -1.526 0.44721 999.0 2.1274 14.0 53.0 4.3071 0.0 0.0 -2.526 0.31623 997.0 1.7931 14.0 57.0 5.9071 0.0 0.0 -3.226 0.22361 995.0 1.8436 13.0 
0.14967 81.24308 48.0 7932.0 0.0 47.0 0.0 -2.6929 0.074 0.0 0.41231 1002.0 2.0511 18.0 50.0 0.0 -0.0929 0.0 -0.726 0.41231 1001.0 2.1279 17.0 52.0 2.5071 0.0 0.0 -1.126 0.4 1001.0 2.3015 20.0 53.0 4.8071 0.0 0.0 -1.226 0.3 999.0 2.0493 17.0 52.0 6.6071 0.0 0.0 -0.926 0.3 998.0 1.8412 16.0 
0.40397 21.60552 48.0 7957.0 0.0 51.0 0.0 -2.4929 1.474 0.0 0.5 1000.0 2.0435 16.0 54.0 0.0 -0.1929 0.0 -0.026 0.44721 999.0 2.1274 14.0 55.0 2.0071 0.0 0.0 -1.026 0.36056 997.0 1.931 12.0 62.0 4.0071 0.0 0.0 -1.726 0.41231 995.0 2.1812 13.0 67.0 6.0071 0.0 0.0 -2.326 0.4 993.0 2.2925 12.0 
0.11512 50.31208 46.0 7967.0 0.0 61.0 0.0 -3.4929 2.174 0.0 0.64031 1001.0 2.5 17.0 61.0 0.0 -0.3929 0.0 -0.226 0.64031 1000.0 2.5 15.0 59.0 2.3071 0.0 0.0 -2.226 0.5 999.0 2.5 18.0 61.0 4.6071 0.0 0.0 -3.726 0.44721 997.0 2.3753 16.0 65.0 6.9071 0.0 0.0 -4.926 0.36056 995.0 2.3974 13.0 
0.28846 24.41152 41.0 7984.0 0.0 75.0 0.0 -3.3929 4.574 0.0 1.0 1000.0 2.5 16.0 75.0 0.2071 0.0 0.074 0.0 0.92195 999.0 2.5 15.0 71.0 3.4071 0.0 0.0 -3.826 0.72111 999.0 2.5 19.0 68.0 6.1071 0.0 0.0 -6.726 0.56569 996.0 2.5 16.0 68.0 8.5071 0.0 0.0 -8.626 0.44721 995.0 2.5 18.0 
0.35667 42.87049 72.0 7986.0 0.0 49.0 0.0 -1.6929 0.0 -0.226 0.31623 1000.0 1.8864 15.0 49.0 0.2071 0.0 0.0 -0.326 0.3 999.0 1.7517 18.0 47.0 1.7071 0.0 0.274 0.0 0.36056 999.0 1.6116 17.0 47.0 3.0071 0.0 1.374 0.0 0.28284 998.0 1.5041 17.0 46.0 4.0071 0.0 2.474 0.0 0.28284 998.0 1.4408 17.0 
0.40206 8.25172 77.0 7991.0 0.0 55.0 0.0 -1.0929 0.174 0.0 0.2 994.0 1.6261 13.0 59.0 0.0071 0.0 0.074 0.0 0.1 991.0 1.6161 11.0 60.0 0.9071 0.0 0.174 0.0 0.2 991.0 1.6713 11.0 62.0 1.9071 0.0 0.374 0.0 0.22361 990.0 1.707 11.0 64.0 2.9071 0.0 0.774 0.0 0.14142 988.0 1.6734 10.0 
0.1703 128.96587 85.0 8020.0 0.0 47.0 0.0 -0.1929 0.0 -1.826 0.22361 998.0 1.5041 17.0 52.0 0.9071 0.0 0.0 -0.726 0.28284 996.0 1.6246 15.0 53.0 1.9071 0.0 0.474 0.0 0.28284 996.0 1.6877 14.0 52.0 2.7071 0.0 1.474 0.0 0.22361 995.0 1.5343 13.0 51.0 3.3071 0.0 2.374 0.0 0.14142 995.0 1.4759 13.0 
0.66766 13.18352 75.0 8033.0 0.0 63.0 0.0 -0.9929 0.574 0.0 0.22361 988.0 1.6215 14.0 71.0 0.0 -0.0929 0.074 0.0 0.2 984.0 1.7754 12.0 73.0 0.9071 0.0 0.0 -0.126 0.1 983.0 1.8143 12.0 75.0 1.7071 0.0 0.074 0.0 0.2 981.0 1.7954 11.0 79.0 2.7071 0.0 0.274 0.0 0.14142 979.0 1.8748 11.0 
0.50682 14.4498 41.0 8038.0 0.0 56.0 0.0 -2.6929 2.474 0.0 0.64031 1001.0 2.5 17.0 60.0 0.1071 0.0 0.074 0.0 0.5831 1000.0 2.5 20.0 64.0 3.0071 0.0 0.0 -1.626 0.53852 998.0 2.5 17.0 64.0 5.8071 0.0 0.0 -2.326 0.5099 997.0 2.5 15.0 62.0 8.4071 0.0 0.0 -2.326 0.41231 997.0 2.4538 15.0 
0.39025 41.52148 57.0 8039.0 0.0 50.0 0.0 -1.9929 0.0 -0.526 0.36056 999.0 1.8239 18.0 58.0 0.0071 0.0 0.374 0.0 0.31623 997.0 2.1474 15.0 61.0 2.1071 0.0 0.874 0.0 0.31623 996.0 2.2356 14.0 58.0 3.9071 0.0 1.474 0.0 0.31623 996.0 2.0211 14.0 55.0 5.4071 0.0 2.174 0.0 0.22361 996.0 1.8174 14.0 
0.2422 57.38457 131.0 8067.0 0.0 48.0 0.0 -1.5929 0.174 0.0 0.22361 997.0 1.4708 17.0 50.0 0.0 -0.2929 0.0 -0.426 0.22361 996.0 1.502 19.0 55.0 0.7071 0.0 0.0 -0.626 0.2 993.0 1.5448 16.0 52.0 1.5071 0.0 0.0 -0.426 0.14142 993.0 1.3809 16.0 51.0 2.1071 0.0 0.0 -0.026 0.1 993.0 1.3283 16.0 
0.13227 69.49047 42.0 8072.0 0.0 61.0 0.0 -3.2929 1.474 0.0 0.67082 1000.0 2.5 16.0 63.0 0.0071 0.0 0.0 -0.626 0.5831 999.0 2.5 15.0 66.0 3.1071 0.0 0.0 -2.526 0.5831 998.0 2.5 17.0 66.0 5.8071 0.0 0.0 -3.726 0.5099 996.0 2.5 14.0 62.0 8.1071 0.0 0.0 -4.126 0.3 995.0 2.1812 14.0 
0.11464 41.06496 54.0 8075.0 0.0 53.0 0.0 -2.3929 2.374 0.0 0.56569 1000.0 2.207 12.0 55.0 0.0 -0.2929 0.0 -0.226 0.56569 999.0 2.2069 10.0 56.0 1.7071 0.0 0.0 -2.326 0.5 998.0 2.1353 13.0 59.0 3.7071 0.0 0.0 -3.926 0.36056 995.0 1.9752 11.0 63.0 5.4071 0.0 0.0 -4.826 0.3 992.0 1.9304 12.0 
0.35561 23.16855 51.0 8077.0 0.0 58.0 0.0 -2.3929 2.674 0.0 0.64031 1000.0 2.5 12.0 59.0 0.2071 0.0 0.0 -0.026 0.56569 1000.0 2.5 15.0 58.0 2.6071 0.0 0.0 -2.126 0.42426 998.0 2.2906 13.0 56.0 4.5071 0.0 0.0 -3.426 0.31623 996.0 1.8841 11.0 61.0 6.1071 0.0 0.0 -4.026 0.3 993.0 1.9003 12.0 
0.09944 159.94659 43.0 8081.0 0.0 51.0 0.0 -2.0929 0.0 -1.926 0.41231 999.0 1.8976 14.0 58.0 0.2071 0.0 0.0 -1.426 0.5 997.0 2.1474 12.0 69.0 2.8071 0.0 0.0 -0.926 0.53852 994.0 2.5 13.0 74.0 5.3071 0.0 0.274 0.0 0.44721 992.0 2.5 12.0 76.0 7.6071 0.0 1.774 0.0 0.5 991.0 2.5 11.0 
0.1432 97.27973 40.0 8085.0 0.0 44.0 0.0 -2.3929 0.0 -0.326 0.31623 1000.0 1.5211 15.0 54.0 0.0 -0.2929 0.0 -0.826 0.41231 999.0 2.1274 14.0 70.0 2.7071 0.0 0.0 -1.726 0.60828 998.0 2.5 16.0 75.0 6.1071 0.0 0.0 -2.526 0.5099 995.0 2.5 13.0 71.0 8.8071 0.0 0.0 -2.526 0.41231 994.0 2.5 12.0 
0.19615 127.08247 49.0 8096.0 0.0 38.0 0.0 -1.6929 0.0 -1.226 0.3 1002.0 1.3408 26.0 43.0 0.2071 0.0 0.0 -1.126 0.4 1002.0 1.7168 23.0 48.0 2.5071 0.0 0.0 -0.726 0.31623 1001.0 1.961 21.0 48.0 4.6071 0.0 0.274 0.0 0.42426 1001.0 1.961 21.0 49.0 6.4071 0.0 1.974 0.0 0.5 1001.0 2.0436 21.0 
0.32607 59.58399 42.0 8112.0 0.0 44.0 0.0 -2.2929 0.0 -0.426 0.4 1001.0 1.6478 17.0 51.0 0.1071 0.0 0.0 -0.526 0.41231 1000.0 2.0435 15.0 58.0 2.8071 0.0 0.0 -1.026 0.41231 999.0 2.4542 18.0 64.0 5.5071 0.0 0.0 -1.426 0.5099 997.0 2.5 15.0 65.0 8.0071 0.0 0.0 -1.726 0.41231 995.0 2.3974 14.0 
0.49884 18.35579 88.0 8142.0 0.0 42.0 0.0 -0.2929 0.0 -0.726 0.14142 996.0 1.0598 15.0 52.0 0.1071 0.0 0.0 -0.126 0.14142 993.0 1.3809 12.0 56.0 0.6071 0.0 0.774 0.0 0.14142 992.0 1.5252 12.0 59.0 1.1071 0.0 1.774 0.0 0.22361 991.0 1.6161 11.0 61.0 1.8071 0.0 2.674 0.0 0.22361 990.0 1.6524 11.0 
0.51057 79.72446 61.0 8169.0 0.0 44.0 0.0 -0.0929 0.0 -2.126 0.31623 1000.0 1.5211 19.0 50.0 0.7071 0.0 0.0 -0.126 0.44721 999.0 1.8239 17.0 50.0 1.4071 0.0 1.974 0.0 0.44721 999.0 1.8239 17.0 49.0 2.2071 0.0 3.774 0.0 0.31623 998.0 1.6349 16.0 49.0 3.1071 0.0 5.174 0.0 0.36056 998.0 1.6349 16.0 
0.59176 36.84572 77.0 8191.0 0.0 62.0 0.0 -0.5929 0.0 -1.426 0.22361 992.0 1.8696 12.0 70.0 0.3071 0.0 0.0 -0.126 0.28284 987.0 1.9249 10.0 70.0 1.3071 0.0 0.974 0.0 0.22361 986.0 1.8536 10.0 71.0 2.4071 0.0 1.474 0.0 0.2 985.0 1.8388 9.0 72.0 3.5071 0.0 1.274 0.0 0.22361 984.0 1.8258 9.0 
0.13178 92.26407 61.0 8196.0 0.0 48.0 0.0 -1.6929 0.0 -0.726 0.2 998.0 1.5688 13.0 52.0 0.0 -0.0929 0.0 -0.826 0.2 997.0 1.7261 15.0 57.0 1.2071 0.0 0.0 -0.726 0.22361 994.0 1.7465 13.0 60.0 2.5071 0.0 0.0 -0.326 0.2 992.0 1.7509 12.0 64.0 3.9071 0.0 0.174 0.0 0.22361 991.0 1.9016 11.0 
0.36037 38.12432 54.0 8251.0 0.0 59.0 0.0 -1.6929 2.374 0.0 0.5 998.0 2.3703 16.0 57.0 0.2071 0.0 0.274 0.0 0.42426 997.0 2.074 16.0 59.0 1.9071 0.0 0.0 -1.126 0.31623 994.0 1.8713 16.0 68.0 3.6071 0.0 0.0 -1.726 0.31623 990.0 2.0534 14.0 75.0 5.3071 0.0 0.0 -1.926 0.3 985.0 2.0519 13.0 
0.1058 91.63024 74.0 8277.0 0.0 62.0 0.0 -1.9929 0.0 -0.226 0.31623 991.0 1.7846 9.0 74.0 0.0 -0.3929 0.0 -0.726 0.31623 986.0 2.0715 10.0 84.0 1.2071 0.0 0.0 -0.826 0.22361 979.0 2.1196 8.0 80.0 2.6071 0.0 0.0 -0.526 0.22361 981.0 2.0427 9.0 77.0 3.8071 0.0 0.0 -0.026 0.22361 982.0 1.9535 9.0 
0.14088 72.87608 53.0 8290.0 0.0 50.0 0.0 -2.4929 1.074 0.0 0.5 1000.0 1.9642 16.0 51.0 0.0 -0.3929 0.0 -0.526 0.36056 999.0 1.8976 14.0 53.0 1.6071 0.0 0.0 -1.626 0.36056 997.0 1.7931 13.0 58.0 3.4071 0.0 0.0 -2.426 0.41231 995.0 1.9088 14.0 65.0 5.3071 0.0 0.0 -2.726 0.22361 992.0 2.0549 12.0 
0.43116 53.615 42.0 8291.0 0.0 60.0 0.0 -3.0929 1.274 0.0 0.53852 1000.0 2.5 19.0 64.0 0.0 -0.0929 0.474 0.0 0.5099 999.0 2.5 17.0 64.0 2.9071 0.0 0.374 0.0 0.5099 998.0 2.5 16.0 59.0 5.7071 0.0 0.774 0.0 0.41231 999.0 2.5 17.0 53.0 8.0071 0.0 1.374 0.0 0.31623 999.0 2.0493 18.0 
0.17132 101.5299 229.0 8303.0 0.0 45.0 0.0 -1.4929 0.0 -0.426 0.22361 997.0 1.2927 17.0 50.0 0.0 -0.3929 0.0 -0.826 0.22361 995.0 1.4186 16.0 60.0 0.7071 0.0 0.0 -0.926 0.22361 991.0 1.6713 15.0 63.0 1.8071 0.0 0.0 -0.926 0.2 989.0 1.6891 14.0 66.0 2.9071 0.0 0.0 -0.726 0.1 988.0 1.7796 13.0 
0.12655 56.47123 48.0 8317.0 0.0 50.0 0.0 -1.9929 2.774 0.0 0.53852 1002.0 2.3213 19.0 49.0 0.0 -0.4929 0.0 -0.126 0.53852 1001.0 2.0436 17.0 50.0 1.3071 0.0 0.0 -2.226 0.42426 1000.0 1.9642 15.0 53.0 3.5071 0.0 0.0 -3.526 0.36056 999.0 2.0493 14.0 59.0 5.8071 0.0 0.0 -4.226 0.41231 998.0 2.3703 16.0 
0.37463 24.41152 64.0 8353.0 0.0 60.0 0.0 -1.4929 1.974 0.0 0.5 997.0 2.2981 15.0 61.0 0.2071 0.0 0.074 0.0 0.42426 995.0 2.1114 14.0 62.0 1.8071 0.0 0.0 -1.326 0.36056 993.0 1.9631 13.0 62.0 3.3071 0.0 0.0 -2.226 0.2 992.0 1.8696 12.0 66.0 4.5071 0.0 0.0 -2.526 0.2 988.0 1.7796 10.0 
0.15543 97.27973 79.0 8361.0 0.0 48.0 0.0 -1.7929 0.074 0.0 0.36056 999.0 1.6809 19.0 47.0 0.0 -0.2929 0.0 -0.826 0.22361 998.0 1.5041 22.0 50.0 0.8071 0.0 0.0 -1.226 0.2 996.0 1.502 19.0 52.0 2.0071 0.0 0.0 -1.226 0.22361 995.0 1.5343 18.0 54.0 3.1071 0.0 0.0 -0.826 0.22361 994.0 1.5675 17.0 
0.43585 36.19458 58.0 8364.0 0.0 55.0 0.0 -2.4929 0.674 0.0 0.44721 999.0 2.2069 14.0 59.0 0.0071 0.0 0.0 -0.326 0.41231 998.0 2.3703 16.0 63.0 2.2071 0.0 0.0 -0.926 0.4 995.0 2.2521 14.0 63.0 4.1071 0.0 0.0 -1.026 0.3 993.0 2.0269 12.0 63.0 5.6071 0.0 0.0 -0.826 0.2 991.0 1.8426 11.0 
0.10214 56.47123 60.0 8392.0 0.0 48.0 0.0 -1.8929 2.174 0.0 0.44721 999.0 1.6809 16.0 51.0 0.0 -0.4929 0.0 -0.126 0.5 998.0 1.7711 14.0 55.0 1.1071 0.0 0.0 -2.126 0.42426 996.0 1.8174 12.0 58.0 2.8071 0.0 0.0 -3.426 0.31623 994.0 1.8084 14.0 65.0 4.4071 0.0 0.0 -4.026 0.31623 989.0 1.798 11.0 
0.51366 2.99167 52.0 8403.0 0.0 52.0 0.0 -1.2929 0.0 -0.326 0.2 995.0 1.5343 12.0 60.0 0.0071 0.0 0.0 -0.026 0.31623 993.0 1.8385 12.0 63.0 1.5071 0.0 0.274 0.0 0.3 992.0 1.9304 12.0 65.0 3.1071 0.0 0.174 0.0 0.31623 992.0 2.0549 12.0 65.0 4.9071 0.0 0.0 -0.426 0.31623 991.0 1.9615 9.0 
0.45016 35.06378 47.0 8404.0 0.0 55.0 0.0 -2.1929 1.674 0.0 0.5831 1000.0 2.3767 15.0 58.0 0.3071 0.0 0.074 0.0 0.44721 998.0 2.2906 13.0 61.0 2.7071 0.0 0.0 -1.326 0.36056 996.0 2.2356 13.0 68.0 4.8071 0.0 0.0 -2.426 0.36056 993.0 2.3614 12.0 71.0 6.7071 0.0 0.0 -3.226 0.31623 990.0 2.2386 11.0 
0.37861 93.62417 41.0 8407.0 0.0 63.0 0.0 -2.6929 3.674 0.0 0.78102 1001.0 2.5 13.0 62.0 0.5071 0.0 0.674 0.0 0.78102 1000.0 2.5 12.0 62.0 3.5071 0.0 0.0 -2.026 0.64031 1000.0 2.5 15.0 62.0 6.2071 0.0 0.0 -4.426 0.56569 998.0 2.5 13.0 63.0 8.4071 0.0 0.0 -6.726 0.42426 996.0 2.3846 12.0 
0.18605 96.79597 62.0 8411.0 0.0 50.0 0.0 -0.3929 0.0 -1.326 0.14142 996.0 1.502 15.0 60.0 0.6071 0.0 0.0 -0.626 0.22361 992.0 1.7509 12.0 65.0 1.6071 0.0 0.474 0.0 0.28284 990.0 1.8762 11.0 72.0 2.7071 0.0 1.774 0.0 0.28284 987.0 2.0365 10.0 77.0 3.9071 0.0 2.974 0.0 0.31623 984.0 2.0882 9.0 
0.07884 56.66943 115.0 8412.0 0.0 47.0 0.0 -1.3929 0.774 0.0 0.28284 997.0 1.4101 12.0 53.0 0.0 -0.3929 0.0 -0.326 0.28284 993.0 1.4345 10.0 62.0 0.5071 0.0 0.0 -1.326 0.22361 988.0 1.5705 10.0 76.0 1.3071 0.0 0.0 -1.926 0.14142 979.0 1.7351 8.0 81.0 2.0071 0.0 0.0 -2.226 0.1 975.0 1.7635 8.0 
0.49845 81.45815 46.0 8416.0 0.0 49.0 0.0 -1.9929 0.0 -1.026 0.3 1001.0 2.0436 27.0 50.0 0.1071 0.0 0.0 -0.726 0.31623 999.0 1.8239 24.0 53.0 2.1071 0.0 0.174 0.0 0.31623 999.0 2.0493 22.0 56.0 4.2071 0.0 0.874 0.0 0.41231 998.0 2.1353 22.0 58.0 6.6071 0.0 1.274 0.0 0.41231 998.0 2.2906 21.0 
0.33403 8.25172 73.0 8422.0 0.0 37.0 0.0 -1.0929 0.0 -1.026 0.28284 1001.0 1.1652 17.0 40.0 0.0071 0.0 0.074 0.0 0.22361 1000.0 1.2571 15.0 43.0 1.0071 0.0 1.274 0.0 0.22361 999.0 1.3489 16.0 49.0 2.0071 0.0 2.274 0.0 0.28284 997.0 1.5327 15.0 53.0 3.0071 0.0 3.174 0.0 0.28284 995.0 1.5939 14.0 
0.49933 18.35579 223.0 8428.0 0.0 64.0 0.0 -1.4929 1.274 0.0 0.42426 992.0 1.9922 13.0 72.0 0.1071 0.0 0.0 -0.126 0.28284 986.0 1.961 10.0 75.0 1.5071 0.0 0.0 -1.126 0.36056 985.0 2.0519 12.0 77.0 3.0071 0.0 0.0 -2.026 0.22361 983.0 2.0186 12.0 94.0 4.3071 0.0 0.0 -2.626 0.22361 969.0 2.0511 9.0 
0.23287 57.38457 59.0 8429.0 0.0 47.0 0.0 -2.4929 0.174 0.0 0.41231 1001.0 1.8802 24.0 45.0 0.0 -0.2929 0.0 -0.426 0.31623 1000.0 1.591 22.0 46.0 1.6071 0.0 0.0 -0.826 0.31623 1000.0 1.6625 23.0 50.0 3.4071 0.0 0.0 -1.126 0.31623 998.0 1.7023 22.0 52.0 5.0071 0.0 0.0 -1.326 0.31623 997.0 1.7261 20.0 
0.47759 66.91619 65.0 8430.0 0.0 39.0 0.3071 0.0 0.0 -1.726 0.22361 999.0 1.1096 16.0 45.0 0.5071 0.0 0.0 -0.326 0.31623 998.0 1.3789 16.0 50.0 0.9071 0.0 1.174 0.0 0.31623 996.0 1.502 15.0 56.0 1.6071 0.0 2.574 0.0 0.36056 994.0 1.6858 13.0 61.0 2.7071 0.0 3.674 0.0 0.22361 992.0 1.8098 12.0 
0.14141 144.57836 69.0 8441.0 0.0 50.0 0.3071 0.0 0.0 -2.126 0.22361 996.0 1.502 14.0 60.0 1.0071 0.0 0.0 -0.826 0.28284 992.0 1.7509 12.0 63.0 1.8071 0.0 0.674 0.0 0.22361 991.0 1.8426 12.0 64.0 2.6071 0.0 1.874 0.0 0.22361 990.0 1.8189 11.0 64.0 3.6071 0.0 2.674 0.0 0.14142 990.0 1.8189 11.0 
0.20826 72.7102 48.0 8442.0 0.0 56.0 0.0 -2.6929 1.274 0.0 0.56569 998.0 2.1353 15.0 57.0 0.0 -0.1929 0.0 -0.626 0.5 998.0 2.2123 18.0 60.0 2.2071 0.0 0.0 -2.126 0.42426 996.0 2.1629 16.0 64.0 4.4071 0.0 0.0 -3.426 0.36056 994.0 2.2019 18.0 71.0 6.4071 0.0 0.0 -4.426 0.31623 990.0 2.2386 18.0 
0.42844 58.29206 47.0 8447.0 0.0 45.0 0.0 -2.0929 0.0 -0.926 0.4 1000.0 1.591 15.0 50.0 0.3071 0.0 0.0 -0.426 0.41231 1000.0 1.9642 16.0 52.0 2.7071 0.0 0.174 0.0 0.41231 999.0 1.9727 15.0 53.0 5.0071 0.0 0.774 0.0 0.31623 997.0 1.7931 13.0 54.0 6.8071 0.0 1.474 0.0 0.31623 996.0 1.752 13.0 
0.41665 2.99167 66.0 8451.0 0.0 50.0 0.0 -0.8929 0.074 0.0 0.2 995.0 1.4186 14.0 54.0 0.0071 0.0 0.0 -0.026 0.1 993.0 1.4892 12.0 55.0 0.8071 0.0 0.074 0.0 0.1 992.0 1.4713 12.0 58.0 1.7071 0.0 0.274 0.0 0.1 991.0 1.5618 11.0 63.0 2.7071 0.0 0.474 0.0 0.2 990.0 1.7625 11.0 
0.4999 10.70814 63.0 8457.0 0.0 44.0 0.0 -1.4929 0.0 -0.926 0.31623 1000.0 1.5211 19.0 47.0 0.0 -0.0929 0.0 -0.026 0.28284 998.0 1.5041 17.0 50.0 0.9071 0.0 1.374 0.0 0.22361 997.0 1.5959 16.0 52.0 1.8071 0.0 2.774 0.0 0.22361 997.0 1.7261 15.0 53.0 2.9071 0.0 3.874 0.0 0.28284 996.0 1.6877 14.0 
0.46631 2.99167 52.0 8459.0 0.0 57.0 0.0 -2.3929 1.974 0.0 0.5 1000.0 2.5 15.0 57.0 0.0071 0.0 0.0 -0.026 0.36056 998.0 2.2123 13.0 56.0 2.0071 0.0 0.0 -1.426 0.31623 996.0 1.8841 11.0 61.0 3.6071 0.0 0.0 -2.226 0.31623 993.0 1.9003 13.0 70.0 5.2071 0.0 0.0 -2.526 0.31623 988.0 2.0019 10.0 
0.18799 191.44351 71.0 8464.0 0.0 44.0 0.7071 0.0 0.0 -2.426 0.36056 1000.0 1.5211 25.0 49.0 1.6071 0.0 0.0 -0.626 0.36056 998.0 1.6349 22.0 50.0 2.3071 0.0 1.174 0.0 0.31623 997.0 1.5959 20.0 50.0 2.9071 0.0 2.774 0.0 0.22361 997.0 1.5959 19.0 51.0 3.6071 0.0 3.974 0.0 0.22361 996.0 1.5627 18.0 
0.21098 105.04884 71.0 8475.0 0.0 45.0 0.0 -0.1929 0.0 -1.226 0.22361 997.0 1.2927 20.0 51.0 0.6071 0.0 0.0 -0.726 0.22361 994.0 1.3982 17.0 53.0 1.5071 0.0 0.0 -0.326 0.1 994.0 1.51 17.0 55.0 2.5071 0.0 0.0 -0.226 0.2 994.0 1.6261 16.0 57.0 3.6071 0.0 0.0 -0.326 0.2 993.0 1.6592 16.0 
0.32676 17.37652 71.0 8488.0 0.0 36.0 0.0 -0.4929 0.0 -1.426 0.2 1001.0 1.1031 21.0 40.0 0.0 -0.0929 0.0 -0.126 0.31623 1000.0 1.2571 19.0 43.0 0.5071 0.0 1.174 0.0 0.31623 999.0 1.3489 18.0 47.0 1.5071 0.0 2.374 0.0 0.28284 998.0 1.5041 16.0 50.0 2.7071 0.0 3.374 0.0 0.22361 998.0 1.7023 16.0 
0.29331 101.0933 45.0 8489.0 0.0 63.0 0.0 -1.5929 4.374 0.0 0.80623 1000.0 2.5 12.0 62.0 0.7071 0.0 0.574 0.0 0.64031 999.0 2.5 15.0 61.0 3.0071 0.0 0.0 -2.426 0.64031 998.0 2.5 14.0 63.0 5.1071 0.0 0.0 -5.026 0.56569 996.0 2.3846 12.0 68.0 7.2071 0.0 0.0 -7.326 0.42426 994.0 2.4857 14.0 
0.19093 48.39733 83.0 8490.0 0.0 47.0 0.0 -1.3929 0.074 0.0 0.31623 997.0 1.4101 13.0 52.0 0.0 -0.0929 0.0 -0.426 0.22361 995.0 1.5343 14.0 58.0 1.1071 0.0 0.0 -0.926 0.2 992.0 1.6361 12.0 56.0 2.1071 0.0 0.0 -1.326 0.14142 993.0 1.6015 12.0 55.0 3.0071 0.0 0.0 -1.926 0.22361 993.0 1.5448 13.0 
0.21533 48.39733 66.0 8509.0 0.0 33.0 0.0 -0.9929 0.0 -0.226 0.2 1000.0 1.0 21.0 39.0 0.0 -0.0929 0.0 -0.426 0.2 999.0 1.1096 24.0 45.0 1.0071 0.0 0.0 -0.626 0.2 998.0 1.3789 21.0 49.0 2.3071 0.0 0.0 -0.926 0.2 997.0 1.5327 20.0 53.0 3.6071 0.0 0.0 -1.326 0.31623 996.0 1.6877 18.0 
0.14834 57.38457 68.0 8542.0 0.0 42.0 0.0 -1.8929 0.574 0.0 0.36056 1001.0 1.5014 23.0 44.0 0.0 -0.2929 0.0 -0.426 0.22361 1000.0 1.5211 20.0 45.0 1.1071 0.0 0.0 -0.926 0.22361 999.0 1.4773 18.0 44.0 2.4071 0.0 0.0 -1.326 0.2 999.0 1.4124 17.0 44.0 3.6071 0.0 0.0 -1.626 0.22361 999.0 1.4124 17.0 
0.09888 160.32514 115.0 8589.0 0.0 59.0 1.0071 0.0 0.0 -1.926 0.22361 992.0 1.693 12.0 62.0 1.4071 0.0 0.0 -0.326 0.31623 992.0 1.8696 12.0 61.0 1.9071 0.0 1.174 0.0 0.31623 992.0 1.8098 12.0 58.0 2.6071 0.0 2.474 0.0 0.14142 993.0 1.7179 12.0 54.0 3.2071 0.0 3.374 0.0 0.14142 993.0 1.4892 12.0 
0.15423 117.49896 61.0 8597.0 0.0 61.0 0.2071 0.0 0.0 -2.326 0.31623 993.0 1.9003 12.0 70.0 1.0071 0.0 0.0 -0.326 0.36056 990.0 2.176 11.0 68.0 2.0071 0.0 1.374 0.0 0.28284 989.0 1.9678 11.0 65.0 3.1071 0.0 2.174 0.0 0.22361 989.0 1.798 11.0 66.0 4.3071 0.0 2.274 0.0 0.22361 989.0 1.8538 11.0 
0.37318 17.37652 107.0 8609.0 0.0 53.0 0.0 -1.3929 0.674 0.0 0.28284 996.0 1.6877 13.0 60.0 0.0 -0.0929 0.0 -0.126 0.22361 992.0 1.7509 12.0 66.0 0.9071 0.0 0.0 -0.726 0.22361 988.0 1.7796 10.0 62.0 1.9071 0.0 0.0 -1.226 0.1 989.0 1.6359 11.0 59.0 2.7071 0.0 0.0 -1.626 0.2 991.0 1.6161 11.0 
0.25529 22.93337 115.0 8611.0 0.0 43.0 0.0 -0.4929 0.0 -1.026 0.2 998.0 1.259 17.0 44.0 0.0 -0.1929 0.074 0.0 0.22361 998.0 1.3183 16.0 44.0 0.1071 0.0 1.174 0.0 0.22361 998.0 1.3183 16.0 43.0 0.4071 0.0 2.274 0.0 0.2 998.0 1.259 16.0 41.0 0.7071 0.0 3.174 0.0 0.1 998.0 1.1446 16.0 
0.29612 2.99167 72.0 8613.0 0.0 46.0 0.0 -0.8929 0.474 0.0 0.22361 997.0 1.3508 14.0 50.0 0.0071 0.0 0.0 -0.026 0.14142 995.0 1.4186 14.0 59.0 0.7071 0.0 0.0 -0.526 0.1 990.0 1.5458 11.0 60.0 1.4071 0.0 0.0 -0.826 0.2 989.0 1.5321 11.0 62.0 2.2071 0.0 0.0 -1.026 0.2 988.0 1.5705 10.0 
0.39931 14.00819 65.0 8621.0 0.0 42.0 0.0 -0.7929 0.0 -0.626 0.14142 999.0 1.2869 17.0 46.0 0.0071 0.0 0.0 -0.126 0.28284 998.0 1.4408 15.0 46.0 0.9071 0.0 0.674 0.0 0.14142 998.0 1.4408 16.0 46.0 1.9071 0.0 1.374 0.0 0.22361 998.0 1.4408 16.0 46.0 3.1071 0.0 1.674 0.0 0.2 999.0 1.5437 16.0 
0.10424 72.3143 58.0 8633.0 0.0 52.0 0.0 -2.0929 1.374 0.0 0.44721 998.0 1.8412 14.0 54.0 0.0 -0.4929 0.0 -0.426 0.42426 996.0 1.752 12.0 59.0 1.2071 0.0 0.0 -1.726 0.36056 992.0 1.693 10.0 66.0 2.9071 0.0 0.0 -2.626 0.22361 989.0 1.8538 11.0 79.0 4.4071 0.0 0.0 -3.026 0.2 982.0 2.0563 12.0 
0.09477 165.96584 61.0 8636.0 0.0 62.0 0.6071 0.0 0.0 -1.726 0.22361 989.0 1.6359 11.0 69.0 1.3071 0.0 0.0 -0.726 0.22361 985.0 1.7367 10.0 70.0 2.0071 0.0 0.074 0.0 0.22361 984.0 1.7258 9.0 74.0 2.8071 0.0 0.674 0.0 0.2 982.0 1.8042 9.0 81.0 3.8071 0.0 0.874 0.0 0.2 978.0 1.9146 8.0 
0.41804 62.69156 37.0 8649.0 0.0 70.0 0.0 -2.1929 4.774 0.0 0.9434 998.0 2.5 10.0 69.0 0.3071 0.0 0.474 0.0 0.80623 997.0 2.5 14.0 70.0 2.5071 0.0 0.0 -3.326 0.72111 995.0 2.5 12.0 71.0 4.5071 0.0 0.0 -6.326 0.5 991.0 2.3403 10.0 76.0 6.3071 0.0 0.0 -8.326 0.36056 986.0 2.185 10.0 
0.50073 10.70814 54.0 8667.0 0.0 50.0 0.0 -1.8929 0.674 0.0 0.36056 998.0 1.7023 18.0 53.0 0.0 -0.0929 0.0 -0.026 0.31623 996.0 1.6877 16.0 62.0 1.7071 0.0 0.0 -0.026 0.31623 994.0 2.0664 17.0 68.0 3.5071 0.0 0.374 0.0 0.31623 991.0 2.1467 15.0 74.0 5.3071 0.0 0.874 0.0 0.31623 987.0 2.1512 13.0 
0.16592 127.03689 65.0 8668.0 0.0 47.0 0.0 -0.9929 0.0 -1.426 0.31623 999.0 1.6116 18.0 49.0 0.5071 0.0 0.0 -1.026 0.22361 997.0 1.5327 15.0 50.0 1.6071 0.0 0.0 -0.226 0.14142 996.0 1.502 15.0 50.0 2.6071 0.0 0.274 0.0 0.1 996.0 1.502 14.0 51.0 3.6071 0.0 0.274 0.0 0.1 995.0 1.4759 14.0 
0.16405 214.08578 37.0 8670.0 0.0 69.0 0.0 -0.6929 5.474 0.0 0.98489 1000.0 2.5 12.0 69.0 1.8071 0.0 0.674 0.0 0.80623 1000.0 2.5 16.0 70.0 4.2071 0.0 0.0 -3.526 0.67082 998.0 2.5 14.0 69.0 6.3071 0.0 0.0 -7.126 0.64031 996.0 2.5 12.0 70.0 8.3071 0.0 0.0 -9.926 0.42426 994.0 2.5 13.0 
0.19702 66.82775 57.0 8671.0 0.0 42.0 0.0 -2.1929 0.274 0.0 0.44721 1001.0 1.5014 24.0 44.0 0.0 -0.2929 0.0 -0.526 0.36056 1000.0 1.5211 22.0 45.0 1.6071 0.0 0.0 -1.226 0.22361 1000.0 1.591 26.0 48.0 3.2071 0.0 0.0 -1.826 0.31623 999.0 1.6809 22.0 51.0 4.8071 0.0 0.0 -2.526 0.22361 997.0 1.6604 20.0 
0.25637 48.64617 48.0 8680.0 0.0 50.0 0.0 -2.4929 1.074 0.0 0.44721 1000.0 1.9642 18.0 54.0 0.0 -0.2929 0.0 -0.326 0.5 999.0 2.1274 19.0 57.0 1.9071 0.0 0.0 -1.826 0.36056 997.0 2.074 16.0 60.0 4.0071 0.0 0.0 -3.126 0.31623 996.0 2.1629 17.0 69.0 6.1071 0.0 0.0 -4.026 0.41231 993.0 2.4314 16.0 
0.34137 45.6838 49.0 8685.0 0.0 63.0 0.0 -1.8929 3.974 0.0 0.80623 1001.0 2.5 28.0 58.0 0.3071 0.0 0.274 0.0 0.64031 1000.0 2.5 28.0 54.0 2.4071 0.0 0.0 -2.426 0.56569 1000.0 2.291 27.0 53.0 4.4071 0.0 0.0 -4.226 0.44721 999.0 2.0493 29.0 54.0 6.3071 0.0 0.0 -5.326 0.31623 998.0 1.9855 26.0 
0.21688 37.62661 82.0 8691.0 0.0 42.0 0.0 -1.3929 0.174 0.0 0.31623 998.0 1.2011 15.0 43.0 0.0 -0.0929 0.0 -0.326 0.22361 997.0 1.1803 15.0 48.0 1.0071 0.0 0.0 -0.726 0.22361 995.0 1.3074 15.0 55.0 2.1071 0.0 0.0 -1.126 0.2 992.0 1.4713 15.0 67.0 3.2071 0.0 0.0 -1.226 0.2 987.0 1.7634 13.0 
0.31281 36.84572 43.0 8696.0 0.0 66.0 0.0 -2.5929 3.674 0.0 0.86023 1000.0 2.5 12.0 64.0 0.3071 0.0 0.0 -0.126 0.70711 999.0 2.5 11.0 63.0 3.1071 0.0 0.0 -3.026 0.56569 998.0 2.5 12.0 63.0 5.6071 0.0 0.0 -5.526 0.56569 997.0 2.5 13.0 66.0 7.8071 0.0 0.0 -7.626 0.5 994.0 2.3416 11.0 
0.27412 36.19458 95.0 8701.0 0.0 44.0 0.0 -1.5929 0.0 -0.126 0.31623 1001.0 1.6478 16.0 46.0 0.0071 0.0 0.0 -0.326 0.3 999.0 1.5437 13.0 45.0 1.4071 0.0 0.0 -0.126 0.2 999.0 1.4773 13.0 44.0 2.6071 0.0 0.074 0.0 0.22361 998.0 1.3183 12.0 44.0 3.5071 0.0 0.474 0.0 0.2 998.0 1.3183 12.0 
0.18936 32.98146 49.0 8709.0 0.0 56.0 0.0 -2.3929 2.174 0.0 0.56569 1000.0 2.4639 15.0 57.0 0.0 -0.1929 0.0 -0.226 0.42426 998.0 2.2123 13.0 59.0 1.8071 0.0 0.0 -1.926 0.5 996.0 2.0914 12.0 62.0 3.8071 0.0 0.0 -3.126 0.36056 994.0 2.0664 12.0 73.0 5.8071 0.0 0.0 -3.926 0.36056 989.0 2.2679 11.0 
0.13056 165.42227 44.0 8710.0 0.0 70.0 0.0 -1.3929 4.874 0.0 0.80623 1000.0 2.5 15.0 67.0 1.2071 0.0 0.874 0.0 0.64031 999.0 2.5 14.0 64.0 3.5071 0.0 0.0 -2.026 0.56569 998.0 2.5 16.0 65.0 5.6071 0.0 0.0 -3.926 0.44721 995.0 2.3974 14.0 66.0 7.6071 0.0 0.0 -5.126 0.31623 993.0 2.2245 12.0 
0.378 8.25172 238.0 8711.0 0.0 62.0 0.0 -2.7929 3.474 0.0 0.78102 1000.0 2.5 13.0 60.0 0.0071 0.0 0.074 0.0 0.64031 1000.0 2.5 16.0 56.0 2.5071 0.0 0.0 -2.426 0.42426 999.0 2.2879 15.0 54.0 4.6071 0.0 0.0 -3.926 0.31623 998.0 1.9855 13.0 56.0 6.5071 0.0 0.0 -4.426 0.3 996.0 1.8841 15.0 
0.16249 114.50479 54.0 8712.0 0.0 54.0 0.0 -1.9929 0.0 -1.326 0.4 997.0 1.8615 13.0 59.0 0.1071 0.0 0.0 -1.026 0.41231 994.0 1.8713 11.0 68.0 2.0071 0.0 0.0 -0.426 0.36056 991.0 2.1467 12.0 77.0 3.8071 0.0 0.574 0.0 0.36056 986.0 2.2429 10.0 84.0 5.5071 0.0 1.674 0.0 0.22361 981.0 2.2521 9.0 
0.51453 107.02187 40.0 8726.0 0.0 73.0 0.0 -2.8929 5.074 0.0 0.9434 999.0 2.5 11.0 71.0 0.4071 0.0 0.874 0.0 0.84853 999.0 2.5 11.0 66.0 3.6071 0.0 0.0 -2.326 0.64031 999.0 2.5 14.0 63.0 6.3071 0.0 0.0 -4.426 0.5 997.0 2.5 12.0 67.0 8.8071 0.0 0.0 -5.926 0.44721 994.0 2.4131 10.0 
0.38298 143.94806 40.0 8736.0 0.0 68.0 0.0 -2.1929 4.474 0.0 0.92195 1000.0 2.5 12.0 72.0 1.2071 0.0 0.474 0.0 0.84853 999.0 2.5 11.0 70.0 4.2071 0.0 0.0 -3.326 0.64031 998.0 2.5 13.0 68.0 6.6071 0.0 0.0 -6.226 0.5 995.0 2.5 11.0 71.0 8.7071 0.0 0.0 -8.326 0.5 993.0 2.5 13.0 
0.30253 39.17945 41.0 8742.0 0.0 71.0 0.0 -2.7929 4.274 0.0 0.9434 1000.0 2.5 12.0 68.0 0.3071 0.0 0.174 0.0 0.86023 999.0 2.5 11.0 65.0 3.2071 0.0 0.0 -3.326 0.70711 999.0 2.5 11.0 64.0 5.9071 0.0 0.0 -6.126 0.56569 998.0 2.5 13.0 65.0 8.4071 0.0 0.0 -8.226 0.42426 996.0 2.5 11.0 
0.33512 39.17945 40.0 8744.0 0.0 75.0 0.0 -3.3929 4.274 0.0 1.0 1000.0 2.5 12.0 71.0 0.3071 0.0 0.174 0.0 0.78102 1000.0 2.5 11.0 64.0 3.7071 0.0 0.0 -2.726 0.5831 1000.0 2.5 15.0 61.0 6.6071 0.0 0.0 -4.526 0.5 998.0 2.5 13.0 62.0 9.1071 0.0 0.0 -5.926 0.44721 996.0 2.3095 12.0 
0.16204 132.90397 59.0 8766.0 0.0 46.0 0.0 -1.0929 0.0 -1.926 0.36056 999.0 1.5437 14.0 48.0 0.4071 0.0 0.0 -1.126 0.31623 997.0 1.4708 12.0 53.0 1.8071 0.0 0.0 -0.426 0.22361 995.0 1.5939 14.0 59.0 3.0071 0.0 0.074 0.0 0.2 992.0 1.693 12.0 63.0 4.1071 0.0 0.274 0.0 0.2 990.0 1.7625 11.0 
0.64519 73.93353 39.0 8773.0 0.0 80.0 0.0 -2.9929 4.174 0.0 1.0 997.0 2.5 23.0 78.0 0.6071 0.0 0.274 0.0 0.92195 996.0 2.5 22.0 71.0 4.0071 0.0 0.0 -2.526 0.5831 995.0 2.5 21.0 70.0 6.9071 0.0 0.0 -4.226 0.53852 993.0 2.5 21.0 74.0 9.5071 0.0 0.0 -5.426 0.44721 990.0 2.4318 19.0 
0.39869 2.99167 65.0 8778.0 0.0 49.0 0.0 -1.0929 0.074 0.0 0.2 996.0 1.4425 15.0 55.0 0.0071 0.0 0.0 -0.026 0.2 993.0 1.5448 13.0 59.0 1.1071 0.0 0.174 0.0 0.22361 992.0 1.693 12.0 64.0 2.2071 0.0 0.674 0.0 0.22361 989.0 1.7431 11.0 69.0 3.4071 0.0 1.174 0.0 0.2 987.0 1.8703 10.0 
0.34435 8.25172 52.0 8793.0 0.0 54.0 0.0 -1.2929 1.174 0.0 0.28284 996.0 1.752 15.0 58.0 0.0071 0.0 0.074 0.0 0.22361 994.0 1.8084 13.0 63.0 1.5071 0.0 0.0 -0.826 0.22361 992.0 1.9304 12.0 70.0 3.1071 0.0 0.0 -1.626 0.36056 990.0 2.176 11.0 78.0 5.0071 0.0 0.0 -2.626 0.44721 987.0 2.39 10.0 
0.17467 32.98146 65.0 8801.0 0.0 57.0 0.0 -2.0929 1.074 0.0 0.5 997.0 2.074 12.0 60.0 0.0 -0.1929 0.0 -0.226 0.36056 995.0 2.0427 14.0 63.0 1.4071 0.0 0.0 -1.126 0.28284 992.0 1.9304 12.0 66.0 2.8071 0.0 0.0 -1.726 0.22361 989.0 1.8538 11.0 69.0 4.1071 0.0 0.0 -2.126 0.2 987.0 1.8703 10.0 
0.36646 34.02587 59.0 8815.0 0.0 43.0 0.0 -1.2929 0.0 -0.726 0.22361 1000.0 1.4527 16.0 43.0 0.2071 0.0 0.0 -0.226 0.22361 1000.0 1.4527 19.0 50.0 1.6071 0.0 0.374 0.0 0.22361 998.0 1.7023 16.0 55.0 3.1071 0.0 0.974 0.0 0.31623 996.0 1.8174 14.0 58.0 4.7071 0.0 1.574 0.0 0.22361 995.0 1.9088 13.0 
0.0524 88.39437 32.0 8817.0 0.0 79.0 0.0 -3.6929 5.774 0.0 1.11803 1000.0 2.5 17.0 75.0 0.0 -0.7929 0.074 0.0 1.02956 999.0 2.5 18.0 75.0 2.1071 0.0 0.0 -4.626 0.86023 998.0 2.5 18.0 71.0 5.0071 0.0 0.0 -8.026 0.64031 997.0 2.5 16.0 72.0 7.7071 0.0 0.0 -10.326 0.5 995.0 2.5 18.0 
0.24353 25.09838 68.0 8824.0 0.0 51.0 0.0 -1.5929 0.674 0.0 0.36056 998.0 1.7711 15.0 56.0 0.0071 0.0 0.0 -0.226 0.36056 996.0 1.8841 14.0 56.0 1.4071 0.0 0.0 -0.626 0.2 994.0 1.6858 13.0 58.0 2.6071 0.0 0.0 -0.526 0.2 993.0 1.7179 12.0 60.0 3.8071 0.0 0.0 -0.226 0.14142 992.0 1.7509 12.0 
0.15714 32.98146 60.0 8826.0 0.0 53.0 0.0 -1.9929 1.674 0.0 0.42426 998.0 1.9127 14.0 55.0 0.0 -0.1929 0.0 -0.226 0.42426 996.0 1.8174 12.0 57.0 1.4071 0.0 0.0 -1.726 0.36056 995.0 1.8436 14.0 65.0 2.9071 0.0 0.0 -2.626 0.36056 989.0 1.798 12.0 77.0 4.3071 0.0 0.0 -3.226 0.31623 983.0 2.0186 12.0 
0.19575 118.87817 49.0 8832.0 0.0 51.0 0.0 -1.7929 0.0 -1.226 0.4 999.0 1.8976 15.0 52.0 0.3071 0.0 0.0 -1.026 0.41231 998.0 1.8412 13.0 58.0 2.4071 0.0 0.0 -0.626 0.3 996.0 2.0211 15.0 63.0 4.4071 0.0 0.0 -0.526 0.3 994.0 2.1336 13.0 65.0 6.2071 0.0 0.0 -0.526 0.3 992.0 2.0549 12.0 
0.18521 47.29257 58.0 8836.0 0.0 42.0 0.0 -1.0929 0.174 0.0 0.28284 999.0 1.2869 14.0 46.0 0.0071 0.0 0.0 -0.426 0.22361 998.0 1.4408 16.0 52.0 1.2071 0.0 0.0 -0.626 0.2 996.0 1.6246 14.0 56.0 2.4071 0.0 0.0 -0.626 0.3 994.0 1.6858 13.0 62.0 3.9071 0.0 0.0 -0.826 0.2 993.0 1.9631 12.0 
0.10068 50.31208 72.0 8838.0 0.0 45.0 0.0 -1.7929 1.174 0.0 0.36056 1000.0 1.591 16.0 45.0 0.0 -0.3929 0.0 -0.226 0.28284 999.0 1.4773 14.0 45.0 0.8071 0.0 0.0 -1.126 0.14142 998.0 1.3789 14.0 51.0 1.8071 0.0 0.0 -1.526 0.22361 995.0 1.4759 14.0 56.0 2.8071 0.0 0.0 -1.726 0.22361 993.0 1.6015 12.0 
0.35352 19.33007 54.0 8865.0 0.0 48.0 0.0 -1.6929 1.974 0.0 0.42426 1000.0 1.8102 14.0 50.0 0.0071 0.0 0.174 0.0 0.36056 999.0 1.8239 14.0 53.0 1.8071 0.0 0.0 -1.226 0.36056 997.0 1.7931 13.0 57.0 3.5071 0.0 0.0 -2.426 0.31623 995.0 1.8436 12.0 67.0 5.2071 0.0 0.0 -3.226 0.22361 991.0 2.0841 11.0 
0.1511 56.66943 69.0 8866.0 0.0 41.0 0.0 -1.1929 0.474 0.0 0.14142 998.0 1.1446 13.0 46.0 0.0 -0.3929 0.0 -0.326 0.14142 996.0 1.2713 11.0 54.0 0.4071 0.0 0.0 -0.926 0.2 993.0 1.4892 12.0 60.0 1.3071 0.0 0.0 -1.126 0.1 990.0 1.5987 11.0 63.0 2.2071 0.0 0.0 -1.126 0.2 989.0 1.6891 11.0 
0.47438 24.41152 43.0 8882.0 0.0 44.0 0.0 -1.9929 0.0 -1.026 0.36056 1002.0 1.7976 22.0 47.0 0.2071 0.0 0.074 0.0 0.31623 1002.0 2.0511 23.0 52.0 2.5071 0.0 0.674 0.0 0.5 1001.0 2.3015 20.0 55.0 5.2071 0.0 0.774 0.0 0.4 1000.0 2.3767 19.0 52.0 7.7071 0.0 0.674 0.0 0.4 1000.0 2.1245 19.0 
0.13935 147.58686 40.0 8887.0 0.0 61.0 0.0 -2.1929 0.0 -2.026 0.5099 998.0 2.5 13.0 67.0 0.7071 0.0 0.0 -1.126 0.5099 996.0 2.5 15.0 77.0 3.6071 0.0 0.0 -0.126 0.53852 993.0 2.5 12.0 79.0 6.4071 0.0 0.874 0.0 0.44721 991.0 2.5 11.0 76.0 8.8071 0.0 1.974 0.0 0.44721 991.0 2.5 11.0 
0.77007 14.4498 40.0 8889.0 0.0 59.0 0.0 -3.1929 0.274 0.0 0.5 1000.0 2.5 11.0 62.0 0.1071 0.0 0.074 0.0 0.5099 999.0 2.5 10.0 68.0 3.4071 0.0 0.0 -0.426 0.5099 997.0 2.5 12.0 71.0 6.4071 0.0 0.0 -0.926 0.5099 995.0 2.5 10.0 73.0 9.1071 0.0 0.0 -1.226 0.5 993.0 2.5 9.0 
0.41877 14.4498 67.0 8892.0 0.0 55.0 0.0 -1.3929 0.774 0.0 0.31623 995.0 1.7165 14.0 61.0 0.1071 0.0 0.074 0.0 0.22361 993.0 1.9003 12.0 63.0 1.6071 0.0 0.0 -0.626 0.31623 992.0 1.9304 12.0 63.0 3.0071 0.0 0.0 -1.126 0.22361 991.0 1.8426 11.0 64.0 4.2071 0.0 0.0 -1.426 0.2 989.0 1.7431 11.0 
0.20546 51.90795 48.0 8915.0 0.0 47.0 0.0 -2.3929 0.474 0.0 0.44721 1001.0 1.8802 12.0 50.0 0.0 -0.1929 0.0 -0.426 0.41231 1000.0 1.9642 10.0 54.0 2.0071 0.0 0.0 -0.926 0.3 998.0 1.9855 12.0 59.0 4.0071 0.0 0.0 -1.126 0.3 996.0 2.0914 11.0 64.0 6.1071 0.0 0.0 -1.126 0.31623 995.0 2.3242 10.0 
0.12316 191.95448 44.0 8916.0 0.0 59.0 0.0 -2.7929 0.0 -1.926 0.5 998.0 2.3703 13.0 66.0 0.1071 0.0 0.0 -1.726 0.4 995.0 2.4717 11.0 72.0 2.8071 0.0 0.0 -1.626 0.5 993.0 2.5 12.0 83.0 5.4071 0.0 0.0 -1.426 0.41231 986.0 2.5 10.0 88.0 7.6071 0.0 0.0 -0.826 0.31623 980.0 2.3968 8.0 
0.13413 37.62661 76.0 8918.0 0.0 47.0 0.0 -0.8929 0.574 0.0 0.22361 995.0 1.2535 11.0 57.0 0.0 -0.0929 0.0 -0.326 0.22361 989.0 1.3827 9.0 72.0 0.7071 0.0 0.0 -1.126 0.22361 983.0 1.7649 9.0 101.0 1.7071 0.0 0.0 -1.626 0.14142 959.0 1.9294 6.0 113.0 2.5071 0.0 0.0 -1.926 0.1 947.0 1.976 5.0 
0.6988 22.67945 38.0 8922.0 0.0 63.0 0.0 -3.4929 1.474 0.0 0.67082 1000.0 2.5 15.0 68.0 0.1071 0.0 0.174 0.0 0.63246 999.0 2.5 14.0 73.0 3.9071 0.0 0.0 -1.026 0.63246 998.0 2.5 16.0 77.0 7.3071 0.0 0.0 -2.326 0.44721 994.0 2.5 13.0 74.0 10.0071 0.0 0.0 -3.226 0.4 992.0 2.5 12.0 
0.27256 120.49951 41.0 8930.0 0.0 54.0 0.0 -1.5929 0.0 -2.726 0.5 1001.0 2.4819 22.0 58.0 0.8071 0.0 0.0 -0.726 0.5831 1000.0 2.5 19.0 61.0 3.5071 0.0 0.774 0.0 0.44721 999.0 2.5 17.0 59.0 6.2071 0.0 1.674 0.0 0.41231 999.0 2.5 17.0 52.0 8.4071 0.0 2.574 0.0 0.31623 1000.0 2.1245 18.0 
0.24304 70.10126 56.0 1007.0 1.0 57.0 0.0 -1.2929 2.974 0.0 0.5831 999.0 2.3703 15.0 56.0 0.6071 0.0 0.174 0.0 0.5 998.0 2.1353 14.0 57.0 2.2071 0.0 0.0 -2.226 0.42426 996.0 1.952 12.0 61.0 3.7071 0.0 0.0 -4.126 0.42426 994.0 2.0003 14.0 69.0 5.2071 0.0 0.0 -5.626 0.28284 988.0 1.9451 11.0 
0.65383 38.12432 62.0 1009.0 1.0 100.0 0.0 -1.4929 1.674 0.0 0.42426 972.0 2.4912 10.0 117.0 0.2071 0.0 0.274 0.0 0.31623 954.0 2.3698 8.0 121.0 1.9071 0.0 0.0 -0.626 0.31623 950.0 2.3736 7.0 117.0 3.4071 0.0 0.0 -1.426 0.28284 950.0 2.2193 7.0 119.0 4.7071 0.0 0.0 -2.126 0.22361 946.0 2.1588 7.0 
0.16946 77.04923 77.0 1013.0 1.0 49.0 0.0 -0.7929 2.674 0.0 0.5 997.0 1.5327 11.0 48.0 0.5071 0.0 0.474 0.0 0.36056 996.0 1.3843 10.0 49.0 1.7071 0.0 0.0 -1.226 0.36056 995.0 1.3624 13.0 51.0 3.0071 0.0 0.0 -2.826 0.28284 994.0 1.3982 12.0 54.0 4.2071 0.0 0.0 -3.926 0.14142 992.0 1.4182 14.0 
0.36548 62.74853 51.0 1014.0 1.0 59.0 0.0 -1.0929 0.0 -0.726 0.2 990.0 1.5458 12.0 73.0 0.2071 0.0 0.0 -0.526 0.3 985.0 1.9439 12.0 91.0 1.9071 0.0 0.0 -0.526 0.4 976.0 2.2859 10.0 101.0 3.9071 0.0 0.0 -0.526 0.3 969.0 2.368 9.0 105.0 5.7071 0.0 0.0 -0.426 0.3 964.0 2.2981 8.0 
0.63162 22.67945 53.0 1015.0 1.0 61.0 0.0 -1.9929 0.0 -0.226 0.4 994.0 2.0003 11.0 70.0 0.1071 0.0 0.174 0.0 0.31623 991.0 2.2749 11.0 77.0 1.8071 0.0 1.174 0.0 0.36056 986.0 2.2429 10.0 81.0 3.4071 0.0 2.274 0.0 0.36056 983.0 2.2337 9.0 79.0 5.1071 0.0 2.974 0.0 0.3 984.0 2.1981 9.0 
1.55299 21.89443 47.0 1016.0 1.0 80.0 0.0 -3.0929 1.374 0.0 0.53852 991.0 2.5 12.0 89.0 0.0 -0.0929 0.174 0.0 0.5099 985.0 2.5 13.0 103.0 2.7071 0.0 0.0 -0.626 0.41231 973.0 2.5 10.0 121.0 5.0071 0.0 0.0 -1.426 0.31623 953.0 2.4923 8.0 134.0 6.9071 0.0 0.0 -2.126 0.31623 937.0 2.4131 6.0 
0.24943 32.65484 34.0 101.0 1.0 60.0 0.0 -2.0929 4.274 0.0 0.80623 1001.0 2.5 13.0 59.0 0.1071 0.0 0.274 0.0 0.72111 1000.0 2.5 12.0 59.0 2.0071 0.0 0.0 -3.326 0.67082 999.0 2.5 11.0 60.0 3.5071 0.0 0.0 -6.826 0.63246 997.0 2.2981 10.0 64.0 4.9071 0.0 0.0 -10.126 0.5831 996.0 2.4609 12.0 
0.23738 64.54308 51.0 1025.0 1.0 47.0 0.0 -1.2929 0.574 0.0 0.2 998.0 1.5041 16.0 50.0 0.0 -0.0929 0.574 0.0 0.2 997.0 1.5959 15.0 53.0 1.4071 0.0 0.574 0.0 0.3 997.0 1.7931 15.0 55.0 3.3071 0.0 0.474 0.0 0.4 998.0 2.0598 16.0 50.0 5.3071 0.0 0.574 0.0 0.41231 1000.0 1.9642 18.0 
0.13401 37.62661 132.0 1026.0 1.0 48.0 0.0 -1.7929 1.374 0.0 0.42426 1000.0 1.8102 12.0 46.0 0.0 -0.0929 0.0 -0.326 0.28284 999.0 1.5437 11.0 44.0 1.2071 0.0 0.0 -1.526 0.14142 998.0 1.3183 13.0 45.0 2.0071 0.0 0.0 -2.126 0.14142 996.0 1.2166 11.0 43.0 2.5071 0.0 0.0 -2.326 0.1 995.0 1.0492 11.0 
0.13823 88.44035 58.0 1037.0 1.0 57.0 0.0 -3.0929 0.674 0.0 0.5831 999.0 2.3703 19.0 59.0 0.0 -0.4929 0.0 -0.626 0.53852 997.0 2.2221 17.0 62.0 1.9071 0.0 0.0 -1.226 0.41231 996.0 2.3095 18.0 66.0 3.9071 0.0 0.0 -1.526 0.3 992.0 2.1186 15.0 65.0 5.4071 0.0 0.0 -1.626 0.31623 991.0 1.9615 14.0 
0.19809 102.78902 55.0 1039.0 1.0 42.0 0.0 -2.0929 0.0 -0.526 0.36056 1002.0 1.6379 25.0 44.0 0.0071 0.0 0.0 -0.926 0.3 1001.0 1.6478 22.0 45.0 1.8071 0.0 0.0 -0.426 0.31623 1001.0 1.7236 21.0 43.0 3.3071 0.0 0.674 0.0 0.28284 1001.0 1.5738 20.0 43.0 4.8071 0.0 1.674 0.0 0.36056 1001.0 1.5738 21.0 
0.07773 88.44035 58.0 1041.0 1.0 59.0 0.0 -3.4929 1.174 0.0 0.67082 1001.0 2.5 17.0 57.0 0.0 -0.4929 0.0 -0.626 0.44721 999.0 2.3703 15.0 54.0 1.8071 0.0 0.0 -1.826 0.31623 998.0 1.9855 13.0 54.0 3.6071 0.0 0.0 -2.626 0.22361 997.0 1.8615 15.0 62.0 5.1071 0.0 0.0 -3.326 0.28284 993.0 1.9631 12.0 
0.11266 178.49361 73.0 1042.0 1.0 39.0 0.0 -0.1929 0.0 -1.826 0.14142 997.0 1.0 12.0 50.0 0.5071 0.0 0.0 -1.526 0.2 995.0 1.4186 13.0 59.0 1.5071 0.0 0.0 -1.226 0.22361 992.0 1.693 12.0 63.0 2.6071 0.0 0.0 -1.026 0.2 990.0 1.7625 11.0 64.0 3.6071 0.0 0.0 -1.126 0.1 989.0 1.7431 10.0 
0.51277 32.11459 45.0 1043.0 1.0 68.0 0.0 -3.1929 2.874 0.0 0.78102 998.0 2.5 13.0 72.0 0.0 -0.0929 0.274 0.0 0.64031 996.0 2.5 11.0 71.0 2.6071 0.0 0.0 -1.826 0.5 993.0 2.5 10.0 81.0 4.9071 0.0 0.0 -3.526 0.44721 988.0 2.5 10.0 87.0 7.1071 0.0 0.0 -4.926 0.36056 982.0 2.4938 9.0 
0.19403 17.37652 64.0 1046.0 1.0 56.0 0.0 -2.4929 2.474 0.0 0.56569 1000.0 2.4639 13.0 53.0 0.0 -0.0929 0.0 -0.126 0.5 999.0 2.0493 12.0 49.0 1.8071 0.0 0.0 -2.126 0.42426 999.0 1.7517 15.0 48.0 3.2071 0.0 0.0 -3.826 0.28284 997.0 1.4708 13.0 51.0 4.3071 0.0 0.0 -5.226 0.28284 995.0 1.4759 12.0 
0.34391 22.67945 81.0 1052.0 1.0 51.0 0.0 -1.5929 0.974 0.0 0.31623 998.0 1.7711 9.0 55.0 0.1071 0.0 0.174 0.0 0.31623 996.0 1.8174 11.0 62.0 1.7071 0.0 0.0 -0.426 0.22361 993.0 1.9631 9.0 64.0 3.0071 0.0 0.0 -1.126 0.22361 990.0 1.8189 8.0 65.0 4.1071 0.0 0.0 -1.826 0.1 988.0 1.7261 8.0 
0.13406 282.99137 51.0 1056.0 1.0 72.0 0.0 -0.2929 0.0 -3.126 0.36056 986.0 1.961 11.0 91.0 1.4071 0.0 0.0 -2.126 0.36056 972.0 2.0629 8.0 123.0 2.9071 0.0 0.0 -0.526 0.44721 949.0 2.4144 7.0 132.0 4.3071 0.0 1.574 0.0 0.28284 942.0 2.5 7.0 110.0 5.8071 0.0 3.074 0.0 0.36056 961.0 2.3767 8.0 
0.37396 53.71602 52.0 1057.0 1.0 59.0 0.0 -1.7929 1.374 0.0 0.44721 996.0 2.0914 15.0 65.0 0.3071 0.0 0.374 0.0 0.31623 993.0 2.1576 17.0 74.0 2.2071 0.0 0.0 -0.326 0.31623 988.0 2.2372 13.0 83.0 4.0071 0.0 0.0 -0.926 0.31623 982.0 2.2698 11.0 94.0 5.7071 0.0 0.0 -1.526 0.28284 974.0 2.3141 10.0 
0.19601 92.4535 45.0 1063.0 1.0 59.0 0.0 -2.3929 0.0 -0.526 0.5099 998.0 2.3703 18.0 59.0 0.1071 0.0 0.0 -0.826 0.3 995.0 1.9752 15.0 65.0 2.1071 0.0 0.0 -0.626 0.3 993.0 2.1576 16.0 80.0 4.2071 0.0 0.0 -0.826 0.5099 987.0 2.5 13.0 92.0 6.8071 0.0 0.0 -1.726 0.44721 981.0 2.5 11.0 
1.46286 21.89443 48.0 1067.0 1.0 74.0 0.0 -1.8929 0.674 0.0 0.36056 987.0 2.1512 18.0 85.0 0.0 -0.0929 0.174 0.0 0.2 978.0 2.1084 15.0 108.0 1.7071 0.0 0.574 0.0 0.31623 964.0 2.4313 13.0 130.0 4.0071 0.0 0.874 0.0 0.41231 948.0 2.5 11.0 134.0 6.3071 0.0 0.674 0.0 0.41231 941.0 2.5 10.0 
0.1466 202.88075 37.0 1075.0 1.0 58.0 0.2071 0.0 3.874 0.0 0.67082 999.0 2.4542 16.0 60.0 1.8071 0.0 0.274 0.0 0.67082 997.0 2.2981 14.0 62.0 3.4071 0.0 0.0 -3.026 0.63246 995.0 2.1812 13.0 65.0 4.8071 0.0 0.0 -6.126 0.53852 993.0 2.1576 13.0 68.0 6.2071 0.0 0.0 -8.726 0.36056 989.0 1.9678 12.0 
0.21818 53.94034 54.0 1082.0 1.0 51.0 0.0 -1.9929 2.074 0.0 0.42426 1000.0 2.0435 17.0 49.0 0.1071 0.0 0.474 0.0 0.36056 999.0 1.7517 20.0 49.0 1.8071 0.0 0.0 -0.726 0.28284 998.0 1.6349 18.0 53.0 3.3071 0.0 0.0 -1.626 0.31623 995.0 1.5939 15.0 65.0 5.0071 0.0 0.0 -2.426 0.31623 992.0 2.0549 16.0 
0.31908 85.49496 84.0 1083.0 1.0 86.0 0.0 -0.7929 1.774 0.0 0.36056 980.0 2.2891 14.0 92.0 0.6071 0.0 0.474 0.0 0.22361 974.0 2.2166 12.0 97.0 1.8071 0.0 0.0 -0.426 0.22361 967.0 2.0892 11.0 101.0 2.8071 0.0 0.0 -1.126 0.28284 962.0 2.0429 10.0 111.0 3.7071 0.0 0.0 -1.826 0.14142 945.0 1.8506 7.0 
0.52239 26.90838 54.0 1084.0 1.0 55.0 0.0 -2.1929 0.0 -0.426 0.4 1000.0 2.3767 20.0 55.0 0.2071 0.0 0.0 -0.126 0.3 999.0 2.2069 17.0 55.0 2.1071 0.0 0.174 0.0 0.3 998.0 2.0598 15.0 54.0 3.9071 0.0 0.074 0.0 0.31623 998.0 1.9855 15.0 51.0 5.6071 0.0 0.0 -0.426 0.2 998.0 1.7711 16.0 
0.15474 147.58686 51.0 1089.0 1.0 59.0 0.0 -0.2929 0.0 -1.926 0.14142 989.0 1.4814 11.0 77.0 0.7071 0.0 0.0 -1.126 0.22361 982.0 1.9535 11.0 93.0 2.0071 0.0 0.0 -0.226 0.31623 972.0 2.1546 10.0 108.0 3.8071 0.0 0.0 -0.026 0.3 962.0 2.3359 8.0 120.0 5.7071 0.0 0.0 -0.326 0.31623 952.0 2.4111 7.0 
0.30475 43.18263 47.0 1090.0 1.0 50.0 0.0 -1.5929 3.074 0.0 0.5831 1001.0 2.1279 17.0 52.0 0.1071 0.0 0.374 0.0 0.5 1000.0 2.1245 21.0 53.0 2.1071 0.0 0.0 -1.626 0.36056 1000.0 2.207 19.0 57.0 4.1071 0.0 0.0 -2.926 0.44721 998.0 2.2123 16.0 61.0 6.2071 0.0 0.0 -4.126 0.44721 997.0 2.3753 15.0 
0.43382 21.89443 52.0 1097.0 1.0 49.0 0.0 -2.0929 0.274 0.0 0.31623 999.0 1.7517 14.0 54.0 0.0 -0.0929 0.174 0.0 0.3 997.0 1.8615 16.0 60.0 1.7071 0.0 0.374 0.0 0.31623 994.0 1.9352 13.0 64.0 3.4071 0.0 0.674 0.0 0.3 993.0 2.0918 12.0 66.0 5.2071 0.0 1.074 0.0 0.31623 991.0 2.0223 12.0 
0.32612 14.4498 43.0 1098.0 1.0 58.0 0.0 -1.9929 3.074 0.0 0.72111 998.0 2.2906 12.0 54.0 0.1071 0.0 0.074 0.0 0.64031 998.0 1.9855 14.0 53.0 2.0071 0.0 0.0 -2.426 0.44721 997.0 1.7931 15.0 53.0 3.5071 0.0 0.0 -4.626 0.36056 995.0 1.5939 13.0 55.0 4.7071 0.0 0.0 -6.426 0.36056 992.0 1.4713 11.0 
0.09895 125.5501 60.0 1101.0 1.0 63.0 0.0 -1.5929 0.0 -1.226 0.3 993.0 2.0269 10.0 71.0 0.1071 0.0 0.0 -1.126 0.3 988.0 2.0595 10.0 87.0 1.6071 0.0 0.0 -0.726 0.31623 976.0 2.0894 8.0 98.0 3.0071 0.0 0.0 -0.526 0.3 967.0 2.1324 7.0 102.0 4.4071 0.0 0.0 -0.626 0.22361 963.0 2.1253 6.0 
0.06458 72.3143 75.0 1104.0 1.0 42.0 0.0 -1.6929 1.374 0.0 0.36056 999.0 1.2869 12.0 43.0 0.0 -0.4929 0.0 -0.426 0.36056 998.0 1.259 11.0 45.0 0.7071 0.0 0.0 -1.926 0.28284 997.0 1.2927 14.0 48.0 2.0071 0.0 0.0 -2.926 0.22361 995.0 1.3074 12.0 53.0 3.2071 0.0 0.0 -3.526 0.22361 991.0 1.3041 10.0 
0.77089 14.4498 47.0 1106.0 1.0 66.0 0.0 -1.9929 0.474 0.0 0.41231 995.0 2.4717 14.0 71.0 0.1071 0.0 0.074 0.0 0.3 990.0 2.2386 11.0 82.0 2.1071 0.0 0.274 0.0 0.3 984.0 2.3682 9.0 93.0 4.2071 0.0 0.0 -0.126 0.41231 978.0 2.5 8.0 98.0 6.4071 0.0 0.0 -0.926 0.41231 974.0 2.5 8.0 
0.13437 101.5299 72.0 1111.0 1.0 50.0 0.0 -2.4929 0.0 -0.026 0.41231 999.0 1.8239 15.0 49.0 0.0 -0.3929 0.0 -0.826 0.31623 998.0 1.6349 18.0 51.0 1.2071 0.0 0.0 -1.426 0.31623 996.0 1.5627 16.0 56.0 2.7071 0.0 0.0 -1.826 0.22361 994.0 1.6858 17.0 67.0 4.0071 0.0 0.0 -2.326 0.31623 989.0 1.9104 14.0 
0.22139 27.12273 51.0 1112.0 1.0 60.0 0.0 -2.7929 2.274 0.0 0.64031 1000.0 2.5 18.0 55.0 0.0 -0.0929 0.0 -0.226 0.5 999.0 2.2069 16.0 54.0 2.0071 0.0 0.0 -2.326 0.5 998.0 1.9855 14.0 56.0 3.9071 0.0 0.0 -4.326 0.42426 997.0 2.0019 13.0 61.0 5.7071 0.0 0.0 -6.226 0.42426 995.0 2.1114 15.0 
0.2714 82.21395 89.0 1117.0 1.0 67.0 0.0 -0.9929 1.874 0.0 0.28284 990.0 1.9935 18.0 70.0 0.3071 0.0 0.674 0.0 0.22361 988.0 2.0019 17.0 72.0 1.4071 0.0 0.0 -0.126 0.28284 985.0 1.891 16.0 75.0 2.4071 0.0 0.0 -0.726 0.14142 982.0 1.8533 14.0 81.0 3.2071 0.0 0.0 -1.326 0.14142 977.0 1.8615 13.0 
0.06082 72.87608 63.0 1118.0 1.0 48.0 0.0 -2.4929 1.074 0.0 0.5 1001.0 1.961 13.0 46.0 0.0 -0.3929 0.0 -0.526 0.36056 1000.0 1.6625 12.0 44.0 1.3071 0.0 0.0 -1.626 0.28284 1000.0 1.5211 15.0 46.0 2.7071 0.0 0.0 -2.426 0.22361 998.0 1.4408 13.0 50.0 4.0071 0.0 0.0 -3.126 0.22361 996.0 1.502 11.0 
0.39621 27.7603 47.0 1123.0 1.0 61.0 0.0 -2.0929 1.074 0.0 0.5 995.0 2.1114 12.0 61.0 0.1071 0.0 0.0 -0.226 0.36056 992.0 1.8098 10.0 69.0 1.9071 0.0 0.0 -1.226 0.28284 987.0 1.8703 11.0 75.0 3.7071 0.0 0.0 -2.026 0.36056 985.0 2.0519 13.0 99.0 6.0071 0.0 0.0 -3.026 0.44721 976.0 2.5 13.0 
0.24991 38.12432 38.0 1131.0 1.0 61.0 0.0 -2.4929 3.174 0.0 0.70711 1000.0 2.5 13.0 57.0 0.2071 0.0 0.274 0.0 0.5831 1000.0 2.5 12.0 57.0 2.2071 0.0 0.0 -2.726 0.5831 998.0 2.2123 10.0 60.0 3.9071 0.0 0.0 -5.626 0.53852 998.0 2.4513 13.0 64.0 5.4071 0.0 0.0 -8.326 0.5 995.0 2.3242 11.0 
0.12904 62.18838 58.0 114.0 1.0 57.0 0.0 -2.5929 1.274 0.0 0.5 998.0 2.2123 10.0 58.0 0.0 -0.1929 0.0 -0.526 0.5 997.0 2.1474 13.0 60.0 1.8071 0.0 0.0 -2.526 0.42426 994.0 1.9352 11.0 64.0 3.5071 0.0 0.0 -4.226 0.36056 990.0 1.8189 9.0 75.0 5.0071 0.0 0.0 -5.426 0.22361 982.0 1.8533 10.0 
0.1813 19.33007 69.0 1152.0 1.0 40.0 0.0 -1.4929 1.574 0.0 0.42426 1001.0 1.3618 18.0 42.0 0.0071 0.0 0.174 0.0 0.36056 1000.0 1.3859 17.0 43.0 1.5071 0.0 0.0 -0.926 0.28284 999.0 1.3489 15.0 44.0 2.8071 0.0 0.0 -1.826 0.22361 998.0 1.3183 13.0 48.0 3.9071 0.0 0.0 -2.526 0.22361 996.0 1.3843 16.0 
0.29869 38.12432 65.0 1165.0 1.0 55.0 0.0 -1.4929 1.074 0.0 0.36056 997.0 1.931 14.0 59.0 0.2071 0.0 0.274 0.0 0.22361 995.0 1.9752 13.0 60.0 1.6071 0.0 0.0 -0.326 0.22361 993.0 1.8385 12.0 63.0 2.8071 0.0 0.0 -0.826 0.22361 990.0 1.7625 11.0 69.0 4.0071 0.0 0.0 -1.126 0.2 987.0 1.8703 10.0 
0.16064 59.28963 70.0 1167.0 1.0 50.0 0.0 -1.2929 0.0 -0.526 0.2 996.0 1.502 11.0 57.0 0.0 -0.0929 0.0 -0.526 0.22361 993.0 1.6592 12.0 68.0 1.1071 0.0 0.0 -0.626 0.2 987.0 1.8165 10.0 74.0 2.2071 0.0 0.0 -0.726 0.2 983.0 1.8643 9.0 83.0 3.4071 0.0 0.0 -0.826 0.2 977.0 1.9545 8.0 
0.34373 21.89443 133.0 1169.0 1.0 49.0 0.0 -1.7929 0.474 0.0 0.3 999.0 1.7517 14.0 50.0 0.0 -0.0929 0.174 0.0 0.2 997.0 1.5959 16.0 51.0 1.1071 0.0 0.0 -0.026 0.2 995.0 1.4759 14.0 52.0 1.9071 0.0 0.074 0.0 0.2 994.0 1.4536 13.0 54.0 2.6071 0.0 0.274 0.0 0.1 992.0 1.4182 12.0 
0.13262 136.60427 66.0 1170.0 1.0 52.0 0.0 -1.8929 0.0 -1.426 0.41231 998.0 1.8412 18.0 53.0 0.1071 0.0 0.0 -1.226 0.2 996.0 1.6877 16.0 58.0 1.6071 0.0 0.0 -1.426 0.3 994.0 1.8084 17.0 63.0 3.0071 0.0 0.0 -1.726 0.2 991.0 1.8426 15.0 68.0 4.3071 0.0 0.0 -1.826 0.2 988.0 1.8891 13.0 
0.45135 57.41677 86.0 1171.0 1.0 86.0 0.0 -0.9929 0.774 0.0 0.2 976.0 2.0416 13.0 89.0 0.2071 0.0 0.474 0.0 0.2 973.0 2.0226 12.0 88.0 1.3071 0.0 0.374 0.0 0.2 973.0 1.9774 12.0 92.0 2.4071 0.0 0.374 0.0 0.2 970.0 2.0104 12.0 101.0 3.6071 0.0 0.474 0.0 0.22361 960.0 1.9659 10.0 
0.16459 32.98146 60.0 1178.0 1.0 53.0 0.0 -2.2929 1.074 0.0 0.5 998.0 1.9127 10.0 53.0 0.0 -0.1929 0.0 -0.226 0.36056 996.0 1.6877 9.0 56.0 1.6071 0.0 0.0 -1.126 0.22361 995.0 1.7795 11.0 63.0 3.1071 0.0 0.0 -1.626 0.31623 989.0 1.6891 9.0 78.0 4.5071 0.0 0.0 -2.026 0.22361 982.0 2.0045 9.0 
0.42937 54.46995 49.0 117.0 1.0 57.0 0.0 -2.3929 2.074 0.0 0.5831 1000.0 2.5 11.0 61.0 0.4071 0.0 0.274 0.0 0.56569 998.0 2.5 9.0 62.0 2.7071 0.0 0.0 -1.826 0.5 996.0 2.3095 8.0 67.0 4.7071 0.0 0.0 -3.426 0.36056 993.0 2.2925 9.0 75.0 6.3071 0.0 0.0 -4.626 0.36056 987.0 2.2097 7.0 
0.07857 137.76019 70.0 1184.0 1.0 65.0 0.0 -1.7929 0.0 -0.926 0.3 988.0 1.7261 12.0 79.0 0.0 -0.1929 0.0 -1.226 0.22361 979.0 1.8748 12.0 105.0 1.2071 0.0 0.0 -1.726 0.22361 954.0 1.9086 8.0 136.0 2.5071 0.0 0.0 -2.026 0.2 926.0 2.1714 8.0 144.0 3.6071 0.0 0.0 -2.026 0.2 917.0 2.2062 7.0 
0.1677 89.16323 61.0 1185.0 1.0 41.0 0.2071 0.0 0.0 -0.926 0.1 997.0 1.0731 15.0 50.0 0.6071 0.0 0.0 -0.526 0.1 994.0 1.3439 13.0 52.0 1.2071 0.0 0.0 -0.326 0.1 993.0 1.3809 12.0 53.0 1.9071 0.0 0.0 -0.226 0.1 994.0 1.51 12.0 54.0 2.7071 0.0 0.0 -0.026 0.2 994.0 1.5675 13.0 
0.47335 23.16855 64.0 1187.0 1.0 57.0 0.0 -1.9929 1.874 0.0 0.5 998.0 2.2123 15.0 56.0 0.2071 0.0 0.0 -0.026 0.5 997.0 2.0019 13.0 56.0 2.2071 0.0 0.0 -1.626 0.28284 995.0 1.7795 12.0 58.0 3.6071 0.0 0.0 -2.726 0.28284 992.0 1.6361 13.0 66.0 4.8071 0.0 0.0 -3.526 0.14142 985.0 1.589 10.0 
0.23637 17.37652 54.0 1196.0 1.0 47.0 0.0 -1.9929 1.874 0.0 0.5 999.0 1.6116 12.0 50.0 0.0 -0.0929 0.0 -0.126 0.42426 998.0 1.7023 11.0 53.0 1.9071 0.0 0.0 -1.926 0.42426 996.0 1.6877 10.0 57.0 3.8071 0.0 0.0 -3.726 0.42426 995.0 1.8436 12.0 63.0 5.5071 0.0 0.0 -5.426 0.42426 992.0 1.9304 10.0 
0.38864 27.12273 56.0 1205.0 1.0 47.0 0.0 -1.6929 0.0 -0.426 0.3 999.0 1.6116 18.0 51.0 0.0 -0.0929 0.0 -0.226 0.3 997.0 1.6604 15.0 52.0 1.2071 0.0 0.074 0.0 0.22361 996.0 1.6246 14.0 54.0 2.4071 0.0 0.274 0.0 0.2 995.0 1.6546 13.0 59.0 4.0071 0.0 0.0 -0.026 0.31623 995.0 1.9752 13.0 
0.29934 32.98146 48.0 1208.0 1.0 56.0 0.0 -3.4929 1.274 0.0 0.67082 1001.0 2.5 13.0 56.0 0.0 -0.1929 0.0 -0.226 0.5831 1001.0 2.5 17.0 53.0 2.5071 0.0 0.0 -1.626 0.44721 1000.0 2.207 16.0 52.0 4.7071 0.0 0.0 -2.926 0.44721 999.0 1.9727 14.0 51.0 6.5071 0.0 0.0 -4.126 0.36056 998.0 1.7711 13.0 
0.06527 176.67722 56.0 1210.0 1.0 51.0 0.0 -0.8929 0.0 -2.326 0.31623 997.0 1.6604 12.0 59.0 0.7071 0.0 0.0 -1.426 0.22361 993.0 1.7777 10.0 69.0 2.0071 0.0 0.0 -0.426 0.22361 988.0 1.9451 10.0 84.0 3.4071 0.0 0.274 0.0 0.22361 978.0 2.0591 8.0 105.0 4.9071 0.0 0.374 0.0 0.2 962.0 2.208 6.0 
0.073 190.76591 68.0 1213.0 1.0 55.0 1.3071 0.0 0.0 -1.426 0.1 990.0 1.3433 11.0 63.0 1.5071 0.0 0.0 -0.826 0.14142 987.0 1.5592 10.0 68.0 1.9071 0.0 0.0 -0.126 0.14142 985.0 1.6867 9.0 74.0 2.5071 0.0 0.474 0.0 0.14142 981.0 1.7478 9.0 79.0 3.3071 0.0 0.974 0.0 0.2 978.0 1.8213 8.0 
0.22427 35.06378 133.0 1220.0 1.0 59.0 0.0 -0.0929 0.874 0.0 0.22361 991.0 1.6161 8.0 60.0 0.3071 0.0 0.074 0.0 0.22361 988.0 1.4708 8.0 66.0 0.8071 0.0 0.0 -0.426 0.14142 985.0 1.589 7.0 68.0 1.3071 0.0 0.0 -0.626 0.1 983.0 1.5743 7.0 68.0 1.8071 0.0 0.0 -0.526 0.14142 983.0 1.5743 7.0 
0.15306 122.92198 83.0 1224.0 1.0 68.0 1.2071 0.0 0.0 -0.226 0.0 981.0 1.4759 11.0 68.0 1.1071 0.0 0.0 -0.026 0.1 982.0 1.5235 11.0 68.0 1.2071 0.0 0.374 0.0 0.14142 982.0 1.5235 11.0 70.0 1.5071 0.0 0.774 0.0 0.14142 982.0 1.6144 11.0 75.0 1.9071 0.0 1.174 0.0 0.14142 978.0 1.6415 11.0 
0.3326 46.71062 58.0 1233.0 1.0 59.0 0.0 -1.5929 0.0 -0.326 0.31623 991.0 1.6161 9.0 73.0 0.0 -0.1929 0.374 0.0 0.22361 985.0 1.9439 10.0 87.0 1.2071 0.0 1.074 0.0 0.31623 976.0 2.0894 8.0 101.0 2.7071 0.0 1.574 0.0 0.2 965.0 2.1706 7.0 105.0 4.2071 0.0 1.674 0.0 0.3 963.0 2.2521 6.0 
0.14403 32.98146 88.0 1240.0 1.0 38.0 0.0 -1.1929 0.874 0.0 0.28284 1000.0 1.1345 18.0 36.0 0.0 -0.1929 0.0 -0.226 0.28284 1000.0 1.0182 22.0 37.0 0.7071 0.0 0.0 -1.026 0.1 999.0 1.0 20.0 38.0 1.4071 0.0 0.0 -1.426 0.1 997.0 1.0 18.0 42.0 2.1071 0.0 0.0 -1.726 0.14142 997.0 1.1261 21.0 
0.09992 181.88042 66.0 1247.0 1.0 60.0 0.0 -0.4929 0.0 -2.526 0.22361 992.0 1.7509 9.0 74.0 0.8071 0.0 0.0 -1.426 0.36056 986.0 2.0715 10.0 85.0 2.0071 0.0 0.0 -0.126 0.28284 978.0 2.1084 8.0 97.0 3.1071 0.0 1.174 0.0 0.28284 968.0 2.1356 7.0 98.0 4.3071 0.0 2.174 0.0 0.22361 968.0 2.1798 7.0 
0.71759 62.74853 81.0 1248.0 1.0 65.0 0.0 -0.8929 0.0 -0.926 0.2 986.0 1.5983 17.0 82.0 0.2071 0.0 0.0 -0.526 0.22361 977.0 1.9077 16.0 97.0 1.2071 0.0 0.174 0.0 0.28284 967.0 2.0892 14.0 119.0 2.3071 0.0 1.174 0.0 0.22361 946.0 2.1588 11.0 133.0 3.3071 0.0 2.174 0.0 0.28284 931.0 2.2033 10.0 
0.15912 106.93434 79.0 1255.0 1.0 56.0 0.0 -0.1929 0.0 -1.526 0.22361 993.0 1.6015 13.0 69.0 0.8071 0.0 0.0 -0.526 0.28284 988.0 1.9451 10.0 74.0 1.8071 0.0 0.774 0.0 0.22361 985.0 1.9975 9.0 80.0 2.6071 0.0 2.074 0.0 0.22361 981.0 2.0427 8.0 79.0 3.3071 0.0 3.174 0.0 0.28284 980.0 1.9316 8.0 
0.4614 12.23339 62.0 1258.0 1.0 57.0 0.0 -0.8929 0.674 0.0 0.14142 993.0 1.6592 12.0 64.0 0.1071 0.0 0.0 -0.026 0.22361 989.0 1.7431 11.0 68.0 1.3071 0.0 0.0 -0.626 0.2 987.0 1.8165 10.0 74.0 2.5071 0.0 0.0 -1.026 0.22361 984.0 1.9286 9.0 88.0 3.8071 0.0 0.0 -1.326 0.31623 975.0 2.0815 8.0 
0.23706 67.60861 69.0 1261.0 1.0 58.0 0.0 -1.0929 0.0 -0.826 0.3 994.0 1.8084 13.0 69.0 0.3071 0.0 0.0 -0.526 0.22361 988.0 1.9451 10.0 73.0 1.5071 0.0 0.174 0.0 0.36056 986.0 2.0159 10.0 74.0 2.8071 0.0 1.074 0.0 0.28284 986.0 2.0715 10.0 69.0 4.0071 0.0 1.974 0.0 0.28284 988.0 1.9451 10.0 
0.09315 80.01448 83.0 1263.0 1.0 48.0 0.0 -1.8929 0.574 0.0 0.36056 998.0 1.5688 12.0 50.0 0.0 -0.4929 0.0 -0.526 0.28284 996.0 1.502 12.0 56.0 0.8071 0.0 0.0 -1.326 0.31623 993.0 1.6015 10.0 66.0 2.1071 0.0 0.0 -1.726 0.2 988.0 1.7796 10.0 75.0 3.2071 0.0 0.0 -1.726 0.2 981.0 1.7954 9.0 
0.08925 167.54553 78.0 1265.0 1.0 55.0 0.1071 0.0 0.0 -1.926 0.22361 994.0 1.6261 13.0 67.0 1.1071 0.0 0.0 -1.026 0.22361 988.0 1.834 10.0 72.0 2.1071 0.0 0.0 -0.026 0.28284 986.0 1.961 10.0 77.0 3.2071 0.0 0.974 0.0 0.22361 983.0 2.0186 9.0 77.0 4.4071 0.0 1.574 0.0 0.14142 982.0 1.9535 9.0 
0.2911 24.41152 56.0 1269.0 1.0 48.0 0.0 -1.3929 2.074 0.0 0.42426 1001.0 1.961 16.0 49.0 0.2071 0.0 0.074 0.0 0.42426 1000.0 1.8864 14.0 51.0 1.8071 0.0 0.0 -1.526 0.36056 998.0 1.7711 13.0 58.0 3.5071 0.0 0.0 -2.526 0.31623 996.0 2.0211 14.0 63.0 5.2071 0.0 0.0 -3.126 0.31623 993.0 2.0269 12.0 
0.33338 22.67945 61.0 1278.0 1.0 42.0 0.0 -1.5929 0.574 0.0 0.31623 1001.0 1.5014 21.0 49.0 0.1071 0.0 0.174 0.0 0.22361 999.0 1.7517 17.0 51.0 1.7071 0.0 0.0 -0.126 0.22361 998.0 1.7711 16.0 51.0 3.1071 0.0 0.0 -0.826 0.22361 998.0 1.7711 15.0 51.0 4.4071 0.0 0.0 -1.526 0.22361 997.0 1.6604 15.0 
0.14865 32.65484 68.0 127.0 1.0 41.0 0.0 -1.2929 1.774 0.0 0.36056 1000.0 1.3207 13.0 42.0 0.1071 0.0 0.274 0.0 0.36056 999.0 1.2869 12.0 44.0 1.4071 0.0 0.0 -1.126 0.36056 998.0 1.3183 10.0 45.0 2.5071 0.0 0.0 -2.426 0.28284 998.0 1.3789 13.0 50.0 3.6071 0.0 0.0 -3.526 0.22361 995.0 1.4186 11.0 
0.3344 48.75749 70.0 1285.0 1.0 52.0 0.0 -1.0929 0.0 -1.126 0.22361 994.0 1.4536 11.0 62.0 0.1071 0.0 0.0 -0.426 0.22361 990.0 1.707 11.0 71.0 1.2071 0.0 0.074 0.0 0.22361 985.0 1.8388 10.0 82.0 2.4071 0.0 0.474 0.0 0.22361 978.0 1.9622 8.0 96.0 3.6071 0.0 0.874 0.0 0.22361 966.0 2.0028 7.0 
0.33572 13.18352 81.0 1288.0 1.0 53.0 0.0 -1.6929 0.874 0.0 0.22361 998.0 1.9127 12.0 56.0 0.0 -0.0929 0.074 0.0 0.2 996.0 1.8841 10.0 55.0 1.3071 0.0 0.0 -0.126 0.2 995.0 1.7165 10.0 54.0 2.4071 0.0 0.0 -0.126 0.1 994.0 1.5675 9.0 56.0 3.3071 0.0 0.0 -0.026 0.1 992.0 1.5252 9.0 
0.67381 39.17945 149.0 128.0 1.0 81.0 0.0 -1.4929 1.374 0.0 0.44721 984.0 2.3108 10.0 95.0 0.3071 0.0 0.174 0.0 0.36056 973.0 2.3045 10.0 98.0 1.8071 0.0 0.0 -0.626 0.31623 968.0 2.1798 9.0 96.0 3.1071 0.0 0.0 -0.926 0.2 967.0 2.0463 9.0 102.0 4.0071 0.0 0.0 -0.626 0.22361 959.0 1.9678 8.0 
0.40877 12.23339 46.0 1291.0 1.0 50.0 0.0 -1.8929 0.0 -0.026 0.4 1000.0 1.9642 19.0 48.0 0.1071 0.0 0.0 -0.026 0.31623 1000.0 1.8102 19.0 42.0 1.6071 0.0 0.474 0.0 0.22361 1001.0 1.5014 20.0 38.0 2.8071 0.0 0.974 0.0 0.2 1001.0 1.2291 21.0 34.0 3.9071 0.0 1.174 0.0 0.14142 1002.0 1.0734 23.0 
0.2641 23.16855 37.0 1295.0 1.0 47.0 0.0 -1.5929 2.174 0.0 0.5 1000.0 1.7355 19.0 47.0 0.2071 0.0 0.0 -0.026 0.5 999.0 1.6116 17.0 49.0 1.6071 0.0 0.0 -2.526 0.44721 998.0 1.6349 16.0 54.0 2.8071 0.0 0.0 -5.326 0.44721 997.0 1.8615 14.0 57.0 4.1071 0.0 0.0 -7.926 0.42426 995.0 1.8436 13.0 
0.45382 42.32382 113.0 1300.0 1.0 56.0 0.0 -0.4929 0.0 -1.326 0.22361 995.0 1.7795 13.0 61.0 0.3071 0.0 0.0 -0.226 0.22361 991.0 1.7275 11.0 58.0 0.9071 0.0 0.774 0.0 0.1 991.0 1.5618 11.0 56.0 1.4071 0.0 1.474 0.0 0.1 992.0 1.5252 11.0 53.0 1.9071 0.0 1.874 0.0 0.1 993.0 1.4345 12.0 
0.24572 12.23339 138.0 1301.0 1.0 45.0 0.0 -1.1929 0.874 0.0 0.28284 999.0 1.4773 14.0 46.0 0.1071 0.0 0.0 -0.026 0.31623 998.0 1.4408 17.0 51.0 1.3071 0.0 0.0 -0.426 0.22361 996.0 1.5627 14.0 53.0 2.3071 0.0 0.0 -0.526 0.14142 994.0 1.51 13.0 56.0 3.1071 0.0 0.0 -0.326 0.14142 992.0 1.5252 12.0 
0.61806 42.32382 65.0 1308.0 1.0 49.0 0.0 -0.8929 0.0 -2.226 0.36056 998.0 1.6349 13.0 57.0 0.3071 0.0 0.0 -0.226 0.36056 996.0 1.952 15.0 60.0 1.5071 0.0 1.174 0.0 0.22361 993.0 1.8385 12.0 62.0 2.8071 0.0 1.474 0.0 0.2 991.0 1.7846 11.0 66.0 4.0071 0.0 1.074 0.0 0.22361 989.0 1.8538 11.0 
0.11436 120.49951 110.0 1311.0 1.0 51.0 0.2071 0.0 0.0 -1.726 0.14142 995.0 1.4759 14.0 59.0 0.8071 0.0 0.0 -0.726 0.14142 991.0 1.6161 11.0 59.0 1.3071 0.0 0.174 0.0 0.2 990.0 1.5458 11.0 59.0 1.6071 0.0 1.074 0.0 0.1 989.0 1.4814 11.0 60.0 1.9071 0.0 1.574 0.0 0.1 988.0 1.4708 10.0 
0.12967 102.21686 57.0 1324.0 1.0 57.0 0.0 -1.0929 0.0 -2.126 0.42426 994.0 1.7465 7.0 69.0 0.4071 0.0 0.0 -0.826 0.22361 989.0 2.0261 8.0 73.0 1.9071 0.0 0.0 -0.426 0.2 986.0 2.0159 7.0 76.0 3.3071 0.0 0.0 -0.426 0.22361 984.0 2.0343 7.0 82.0 4.7071 0.0 0.0 -0.726 0.31623 980.0 2.0811 6.0 
0.28209 22.93337 102.0 1327.0 1.0 44.0 0.0 -1.3929 0.0 -1.126 0.36056 1000.0 1.5211 19.0 46.0 0.0 -0.1929 0.074 0.0 0.28284 999.0 1.5437 17.0 43.0 0.9071 0.0 0.674 0.0 0.1 999.0 1.3489 17.0 41.0 1.8071 0.0 0.574 0.0 0.22361 999.0 1.2264 17.0 39.0 2.6071 0.0 0.074 0.0 0.14142 999.0 1.1096 17.0 
0.91733 14.00819 57.0 1332.0 1.0 66.0 0.0 -1.6929 0.0 -1.126 0.31623 990.0 1.9344 12.0 80.0 0.0071 0.0 0.0 -0.126 0.31623 984.0 2.2541 12.0 93.0 1.6071 0.0 0.474 0.0 0.31623 974.0 2.2651 10.0 105.0 3.2071 0.0 0.574 0.0 0.3 962.0 2.208 8.0 124.0 4.8071 0.0 0.474 0.0 0.2 935.0 2.0134 5.0 
0.19866 77.04923 65.0 1335.0 1.0 57.0 0.0 -1.5929 3.074 0.0 0.56569 999.0 2.3703 16.0 54.0 0.5071 0.0 0.474 0.0 0.5 998.0 1.9855 15.0 52.0 2.1071 0.0 0.0 -1.626 0.42426 997.0 1.7261 13.0 54.0 3.6071 0.0 0.0 -3.226 0.28284 995.0 1.6546 13.0 61.0 5.0071 0.0 0.0 -4.426 0.36056 992.0 1.8098 13.0 
0.27899 32.65484 74.0 133.0 1.0 74.0 0.0 -1.3929 0.974 0.0 0.31623 985.0 1.9975 10.0 91.0 0.1071 0.0 0.274 0.0 0.22361 972.0 2.0629 7.0 98.0 1.2071 0.0 0.0 -0.526 0.22361 965.0 2.0436 7.0 103.0 2.3071 0.0 0.0 -1.026 0.22361 959.0 2.0066 6.0 112.0 3.4071 0.0 0.0 -1.426 0.1 949.0 2.0019 6.0 
0.32001 8.25172 81.0 1350.0 1.0 40.0 0.5071 0.0 0.0 -0.326 0.14142 998.0 1.0895 13.0 42.0 0.0071 0.0 0.074 0.0 0.1 996.0 1.0598 15.0 48.0 0.0071 0.0 0.274 0.0 0.0 993.0 1.1766 12.0 58.0 0.4071 0.0 0.274 0.0 0.1 990.0 1.4939 11.0 64.0 1.1071 0.0 0.174 0.0 0.1 988.0 1.6734 10.0 
0.28773 27.12273 79.0 1358.0 1.0 60.0 0.0 -1.2929 0.074 0.0 0.2 991.0 1.6713 10.0 75.0 0.0 -0.0929 0.0 -0.226 0.22361 983.0 1.9151 9.0 87.0 1.2071 0.0 0.0 -0.626 0.22361 975.0 2.0344 8.0 87.0 2.5071 0.0 0.0 -1.126 0.22361 976.0 2.0894 8.0 82.0 3.8071 0.0 0.0 -1.726 0.1 979.0 2.0199 8.0 
0.25806 18.35579 54.0 1367.0 1.0 59.0 0.0 -1.9929 2.674 0.0 0.72111 1000.0 2.5 13.0 52.0 0.1071 0.0 0.0 -0.126 0.5 999.0 1.9727 12.0 51.0 1.9071 0.0 0.0 -2.326 0.42426 998.0 1.7711 10.0 53.0 3.7071 0.0 0.0 -4.026 0.42426 996.0 1.6877 9.0 58.0 5.4071 0.0 0.0 -5.626 0.36056 994.0 1.8084 11.0 
0.31803 30.42421 178.0 1370.0 1.0 55.0 0.0 -1.8929 1.074 0.0 0.36056 998.0 2.0598 16.0 56.0 0.0071 0.0 0.274 0.0 0.2 997.0 2.0019 15.0 52.0 1.5071 0.0 0.274 0.0 0.2 997.0 1.7261 15.0 48.0 2.6071 0.0 0.774 0.0 0.22361 997.0 1.4708 15.0 46.0 3.6071 0.0 1.574 0.0 0.14142 998.0 1.4408 16.0 
0.34205 30.42421 65.0 1371.0 1.0 60.0 0.0 -1.6929 1.174 0.0 0.31623 994.0 1.9352 13.0 67.0 0.0071 0.0 0.274 0.0 0.31623 991.0 2.0841 11.0 68.0 1.6071 0.0 0.0 -0.626 0.31623 990.0 2.0534 11.0 63.0 3.1071 0.0 0.0 -1.326 0.22361 992.0 1.9304 12.0 57.0 4.4071 0.0 0.0 -1.726 0.14142 993.0 1.6592 13.0 
0.11289 112.28057 62.0 1374.0 1.0 44.0 0.0 -0.7929 0.0 -1.426 0.22361 997.0 1.2359 13.0 51.0 0.4071 0.0 0.0 -0.926 0.22361 996.0 1.5627 14.0 60.0 1.6071 0.0 0.0 -0.526 0.22361 992.0 1.7509 12.0 66.0 2.9071 0.0 0.0 -0.126 0.3 989.0 1.8538 11.0 76.0 4.4071 0.0 0.0 -0.226 0.2 984.0 2.0343 9.0 
0.20847 25.09838 61.0 1377.0 1.0 41.0 0.0 -1.4929 0.674 0.0 0.22361 999.0 1.2264 11.0 44.0 0.0071 0.0 0.0 -0.226 0.28284 999.0 1.4124 15.0 50.0 1.5071 0.0 0.0 -1.226 0.31623 997.0 1.5959 13.0 55.0 3.1071 0.0 0.0 -2.226 0.31623 995.0 1.7165 11.0 62.0 4.6071 0.0 0.0 -3.226 0.28284 991.0 1.7846 11.0 
0.35214 32.11459 58.0 1380.0 1.0 53.0 0.0 -1.2929 0.374 0.0 0.2 993.0 1.4345 10.0 64.0 0.0 -0.0929 0.274 0.0 0.2 988.0 1.6734 11.0 75.0 1.1071 0.0 0.374 0.0 0.14142 981.0 1.7954 9.0 87.0 2.2071 0.0 0.874 0.0 0.22361 973.0 1.9327 8.0 99.0 3.5071 0.0 1.674 0.0 0.31623 966.0 2.1299 7.0 
0.30719 47.29257 81.0 1387.0 1.0 44.0 0.0 -0.7929 0.0 -0.426 0.1 995.0 1.0985 15.0 53.0 0.0071 0.0 0.0 -0.426 0.1 992.0 1.3662 14.0 66.0 0.8071 0.0 0.0 -0.426 0.2 987.0 1.7112 13.0 71.0 1.7071 0.0 0.0 -0.426 0.1 983.0 1.7162 12.0 74.0 2.5071 0.0 0.0 -0.526 0.2 981.0 1.7478 11.0 
0.08125 66.82775 73.0 1388.0 1.0 49.0 0.0 -2.1929 0.674 0.0 0.5 999.0 1.7517 11.0 49.0 0.0 -0.2929 0.0 -0.526 0.28284 997.0 1.5327 9.0 51.0 1.2071 0.0 0.0 -1.526 0.28284 996.0 1.5627 12.0 56.0 2.4071 0.0 0.0 -2.326 0.22361 992.0 1.5252 9.0 68.0 3.5071 0.0 0.0 -2.826 0.2 984.0 1.6286 9.0 
0.11696 127.03689 64.0 1392.0 1.0 78.0 0.0 -0.7929 0.0 -1.626 0.2 979.0 1.8277 9.0 101.0 0.5071 0.0 0.0 -1.026 0.2 964.0 2.1263 9.0 108.0 1.7071 0.0 0.0 -0.526 0.22361 957.0 2.1274 8.0 101.0 2.8071 0.0 0.0 -0.026 0.22361 963.0 2.0838 8.0 97.0 3.9071 0.0 0.374 0.0 0.2 967.0 2.0892 9.0 
0.32112 14.4498 75.0 1396.0 1.0 56.0 0.0 -1.3929 1.074 0.0 0.36056 996.0 1.8841 15.0 60.0 0.1071 0.0 0.074 0.0 0.28284 993.0 1.8385 12.0 62.0 1.3071 0.0 0.0 -0.526 0.22361 991.0 1.7846 11.0 62.0 2.3071 0.0 0.0 -0.626 0.1 989.0 1.6359 11.0 63.0 3.0071 0.0 0.0 -0.426 0.2 988.0 1.6215 10.0 
0.23775 21.60552 55.0 1397.0 1.0 44.0 0.0 -2.1929 1.574 0.0 0.44721 1001.0 1.6478 13.0 46.0 0.0 -0.1929 0.0 -0.026 0.36056 1000.0 1.6625 12.0 47.0 1.6071 0.0 0.0 -1.526 0.28284 999.0 1.6116 13.0 48.0 3.2071 0.0 0.0 -2.726 0.36056 999.0 1.6809 14.0 53.0 4.8071 0.0 0.0 -4.226 0.36056 997.0 1.7931 12.0 
0.50613 21.89443 67.0 13.0 1.0 55.0 0.0 -1.2929 0.0 -0.126 0.2 994.0 1.6261 13.0 66.0 0.0 -0.0929 0.174 0.0 0.2 988.0 1.7796 11.0 73.0 1.0071 0.0 0.674 0.0 0.22361 984.0 1.8769 9.0 86.0 2.1071 0.0 1.374 0.0 0.22361 975.0 1.9879 8.0 101.0 3.3071 0.0 2.174 0.0 0.22361 963.0 2.0838 7.0 
0.56053 69.35559 66.0 1400.0 1.0 86.0 0.0 -1.8929 1.974 0.0 0.5 984.0 2.5 11.0 101.0 0.4071 0.0 0.474 0.0 0.36056 973.0 2.5 10.0 102.0 2.3071 0.0 0.0 -0.426 0.36056 968.0 2.3614 9.0 100.0 3.8071 0.0 0.0 -1.026 0.3 963.0 2.0427 8.0 107.0 5.1071 0.0 0.0 -1.226 0.2 952.0 1.917 6.0 
0.11614 57.38457 67.0 1407.0 1.0 45.0 0.0 -1.9929 1.074 0.0 0.42426 998.0 1.3789 11.0 49.0 0.0 -0.2929 0.0 -0.426 0.42426 997.0 1.5327 10.0 51.0 1.3071 0.0 0.0 -1.826 0.28284 996.0 1.5627 12.0 57.0 2.7071 0.0 0.0 -3.126 0.28284 992.0 1.5802 10.0 66.0 4.0071 0.0 0.0 -4.326 0.22361 987.0 1.7112 10.0 
0.29846 19.33007 70.0 1409.0 1.0 43.0 0.0 -1.6929 0.974 0.0 0.31623 1001.0 1.5738 21.0 46.0 0.0071 0.0 0.174 0.0 0.36056 1000.0 1.6625 19.0 45.0 1.5071 0.0 0.0 -0.426 0.31623 1000.0 1.591 18.0 44.0 2.9071 0.0 0.0 -1.026 0.22361 999.0 1.4124 18.0 43.0 4.1071 0.0 0.0 -1.626 0.22361 999.0 1.3489 18.0 
0.10961 133.67766 103.0 1410.0 1.0 54.0 0.9071 0.0 1.274 0.0 0.1 993.0 1.4892 12.0 53.0 1.1071 0.0 0.474 0.0 0.14142 992.0 1.3662 12.0 53.0 1.3071 0.0 0.0 -0.226 0.1 992.0 1.3662 12.0 52.0 1.2071 0.0 0.0 -0.726 0.1 991.0 1.2554 11.0 53.0 1.3071 0.0 0.0 -1.026 0.0 990.0 1.2474 11.0 
0.32501 62.69156 61.0 1412.0 1.0 74.0 0.0 -1.2929 1.074 0.0 0.31623 985.0 1.9975 13.0 92.0 0.3071 0.0 0.474 0.0 0.2 972.0 2.1085 10.0 97.0 1.7071 0.0 0.174 0.0 0.2 966.0 2.0447 9.0 100.0 2.9071 0.0 0.074 0.0 0.2 962.0 2.0027 8.0 119.0 4.2071 0.0 0.0 -0.026 0.2 944.0 2.0962 7.0 
0.21454 49.1426 40.0 1415.0 1.0 48.0 0.0 -1.0929 1.974 0.0 0.42426 1001.0 1.961 20.0 47.0 0.4071 0.0 0.174 0.0 0.28284 1001.0 1.8802 20.0 44.0 2.0071 0.0 0.0 -1.026 0.22361 1001.0 1.6478 20.0 40.0 3.5071 0.0 0.0 -1.626 0.22361 1001.0 1.3618 21.0 36.0 4.7071 0.0 0.0 -1.926 0.2 1002.0 1.2034 22.0 
0.23063 64.54308 44.0 1420.0 1.0 43.0 0.0 -2.0929 0.474 0.0 0.3 1001.0 1.5738 22.0 47.0 0.0 -0.0929 0.574 0.0 0.4 1001.0 1.8802 21.0 48.0 2.2071 0.0 0.374 0.0 0.3 1001.0 1.961 21.0 51.0 4.6071 0.0 0.0 -0.026 0.44721 1001.0 2.2138 21.0 54.0 7.3071 0.0 0.0 -1.026 0.53852 1002.0 2.5 22.0 
0.37126 36.19458 42.0 1421.0 1.0 52.0 0.0 -2.7929 0.474 0.0 0.5099 1002.0 2.5 21.0 53.0 0.0071 0.0 0.0 -0.326 0.44721 1001.0 2.3909 21.0 56.0 2.5071 0.0 0.0 -1.226 0.53852 1000.0 2.4639 18.0 61.0 5.2071 0.0 0.0 -2.226 0.53852 999.0 2.5 17.0 66.0 8.2071 0.0 0.0 -3.626 0.5831 999.0 2.5 17.0 
0.11561 25.57494 67.0 1424.0 1.0 46.0 0.0 -1.6929 0.974 0.0 0.28284 998.0 1.4408 10.0 48.0 0.0 -0.1929 0.0 -0.126 0.28284 996.0 1.3843 9.0 52.0 1.1071 0.0 0.0 -1.026 0.31623 994.0 1.4536 9.0 61.0 2.4071 0.0 0.0 -1.626 0.22361 989.0 1.5836 9.0 75.0 3.6071 0.0 0.0 -1.926 0.2 977.0 1.5959 7.0 
0.22407 81.45815 45.0 1438.0 1.0 61.0 0.0 -1.6929 0.0 -1.126 0.31623 993.0 1.9003 13.0 74.0 0.1071 0.0 0.0 -0.726 0.3 988.0 2.2372 10.0 78.0 2.1071 0.0 0.0 -1.026 0.3 987.0 2.39 10.0 76.0 4.3071 0.0 0.0 -1.526 0.41231 990.0 2.5 11.0 76.0 6.8071 0.0 0.0 -2.526 0.44721 992.0 2.5 12.0 
0.37534 24.41152 59.0 143.0 1.0 53.0 0.0 -1.8929 1.174 0.0 0.44721 999.0 2.0493 14.0 55.0 0.2071 0.0 0.074 0.0 0.44721 998.0 2.0598 15.0 59.0 2.1071 0.0 0.0 -0.926 0.36056 995.0 1.9752 14.0 62.0 3.6071 0.0 0.0 -1.926 0.22361 993.0 1.9631 12.0 67.0 5.0071 0.0 0.0 -2.526 0.22361 989.0 1.9104 11.0 
0.61651 34.02587 57.0 1440.0 1.0 66.0 0.0 -2.4929 0.0 -0.526 0.5 996.0 2.5 12.0 66.0 0.2071 0.0 0.0 -0.226 0.31623 993.0 2.2245 10.0 72.0 2.2071 0.0 0.274 0.0 0.41231 989.0 2.2062 11.0 82.0 4.0071 0.0 0.474 0.0 0.2 981.0 2.1462 9.0 93.0 5.4071 0.0 0.374 0.0 0.2 971.0 2.1033 7.0 
0.24937 132.36053 37.0 1441.0 1.0 68.0 0.0 -1.0929 5.774 0.0 0.94868 1000.0 2.5 15.0 66.0 0.9071 0.0 0.774 0.0 0.8544 1000.0 2.5 16.0 63.0 2.9071 0.0 0.0 -3.326 0.5831 998.0 2.5 14.0 60.0 4.7071 0.0 0.0 -6.326 0.5 997.0 2.2981 13.0 63.0 6.5071 0.0 0.0 -8.526 0.5 995.0 2.2521 15.0 
0.52659 37.62661 58.0 1443.0 1.0 74.0 0.0 -2.2929 0.574 0.0 0.36056 989.0 2.3304 11.0 87.0 0.0 -0.0929 0.0 -0.326 0.31623 981.0 2.4159 11.0 97.0 2.0071 0.0 0.0 -0.826 0.31623 973.0 2.4025 10.0 98.0 3.7071 0.0 0.0 -1.126 0.3 969.0 2.2294 9.0 100.0 5.3071 0.0 0.0 -1.226 0.2 963.0 2.0427 8.0 
0.09499 212.05435 49.0 1444.0 1.0 54.0 0.0 -0.2929 4.574 0.0 0.63246 1000.0 2.291 12.0 57.0 1.5071 0.0 1.174 0.0 0.5831 999.0 2.3703 11.0 59.0 3.4071 0.0 0.0 -1.926 0.56569 997.0 2.2221 10.0 59.0 5.4071 0.0 0.0 -4.426 0.44721 995.0 1.9752 9.0 59.0 6.8071 0.0 0.0 -6.326 0.36056 993.0 1.7777 10.0 
0.12036 57.38457 75.0 1445.0 1.0 52.0 0.0 -1.6929 1.074 0.0 0.36056 997.0 1.7261 13.0 56.0 0.0 -0.2929 0.0 -0.426 0.28284 994.0 1.6858 11.0 63.0 1.0071 0.0 0.0 -1.326 0.31623 991.0 1.8426 12.0 77.0 2.4071 0.0 0.0 -1.726 0.2 983.0 2.0186 9.0 82.0 3.6071 0.0 0.0 -1.826 0.2 977.0 1.9077 8.0 
0.1465 117.18921 241.0 1449.0 1.0 53.0 0.0 -1.3929 0.0 -1.426 0.3 998.0 1.9127 16.0 59.0 0.5071 0.0 0.0 -0.926 0.31623 996.0 2.0914 14.0 56.0 2.3071 0.0 0.0 -0.326 0.22361 996.0 1.8841 14.0 56.0 4.0071 0.0 0.074 0.0 0.3 997.0 2.0019 15.0 56.0 6.0071 0.0 0.174 0.0 0.4 998.0 2.1353 16.0 
0.35769 28.83574 67.0 144.0 1.0 52.0 0.0 -1.5929 0.0 -0.126 0.22361 995.0 1.5343 11.0 63.0 0.0 -0.1929 0.174 0.0 0.22361 992.0 1.9304 12.0 70.0 1.0071 0.0 0.874 0.0 0.28284 987.0 1.9249 10.0 70.0 2.1071 0.0 1.774 0.0 0.28284 987.0 1.9249 10.0 65.0 3.1071 0.0 2.974 0.0 0.22361 990.0 1.8762 11.0 
0.23352 77.04923 58.0 1450.0 1.0 55.0 0.0 -0.9929 2.074 0.0 0.36056 996.0 1.8174 12.0 60.0 0.5071 0.0 0.474 0.0 0.28284 994.0 1.9352 13.0 67.0 1.9071 0.0 0.0 -0.626 0.36056 989.0 1.9104 11.0 76.0 3.4071 0.0 0.0 -1.326 0.31623 982.0 1.903 9.0 92.0 4.8071 0.0 0.0 -1.826 0.22361 969.0 1.9647 7.0 
0.27329 69.35559 64.0 1462.0 1.0 85.0 0.0 -0.5929 1.874 0.0 0.22361 978.0 2.1084 11.0 99.0 0.4071 0.0 0.474 0.0 0.28284 968.0 2.2245 9.0 100.0 1.7071 0.0 0.0 -0.726 0.22361 967.0 2.2204 9.0 99.0 3.1071 0.0 0.0 -1.526 0.28284 968.0 2.2245 9.0 99.0 4.5071 0.0 0.0 -2.126 0.22361 967.0 2.1762 9.0 
0.45452 10.70814 42.0 1464.0 1.0 51.0 0.0 -2.6929 0.0 -0.426 0.5099 1001.0 2.2138 17.0 51.0 0.0 -0.0929 0.0 -0.026 0.4 1001.0 2.2138 16.0 52.0 2.4071 0.0 0.174 0.0 0.4 1000.0 2.1245 15.0 56.0 5.0071 0.0 0.174 0.0 0.5 1000.0 2.4639 14.0 60.0 8.0071 0.0 0.0 -0.326 0.5099 1000.0 2.5 14.0 
0.22834 62.18838 58.0 1465.0 1.0 69.0 0.0 -2.8929 0.474 0.0 0.53852 995.0 2.5 11.0 69.0 0.0 -0.1929 0.0 -0.526 0.44721 991.0 2.2103 11.0 78.0 1.9071 0.0 0.0 -1.126 0.31623 983.0 2.0713 10.0 94.0 3.6071 0.0 0.0 -1.426 0.3 968.0 2.0055 7.0 106.0 5.1071 0.0 0.0 -1.426 0.22361 957.0 2.0493 7.0 
0.26804 156.04509 38.0 1477.0 1.0 67.0 0.0 -2.4929 3.474 0.0 0.72111 1001.0 2.5 20.0 67.0 0.9071 0.0 1.074 0.0 0.64031 999.0 2.5 17.0 70.0 3.9071 0.0 0.0 -1.226 0.64031 998.0 2.5 16.0 73.0 6.9071 0.0 0.0 -4.026 0.78102 998.0 2.5 16.0 70.0 9.7071 0.0 0.0 -7.026 0.64031 998.0 2.5 16.0 
0.36371 53.71602 52.0 1479.0 1.0 59.0 0.0 -1.2929 1.874 0.0 0.42426 992.0 1.693 10.0 69.0 0.3071 0.0 0.374 0.0 0.36056 987.0 1.8703 10.0 87.0 2.0071 0.0 0.0 -0.826 0.36056 975.0 2.0344 8.0 123.0 3.8071 0.0 0.0 -1.826 0.36056 944.0 2.2395 7.0 153.0 5.5071 0.0 0.0 -2.726 0.31623 909.0 2.299 6.0 
0.58329 18.35579 46.0 1480.0 1.0 59.0 0.0 -1.7929 0.0 -1.226 0.36056 997.0 2.2221 11.0 63.0 0.1071 0.0 0.0 -0.126 0.36056 994.0 2.1336 10.0 67.0 2.1071 0.0 0.674 0.0 0.31623 993.0 2.2925 9.0 70.0 4.2071 0.0 1.174 0.0 0.31623 992.0 2.3832 8.0 71.0 6.5071 0.0 1.274 0.0 0.5 993.0 2.5 9.0 
0.17727 86.89722 62.0 1486.0 1.0 61.0 0.0 -2.0929 0.574 0.0 0.36056 991.0 1.7275 10.0 70.0 0.0 -0.2929 0.0 -0.726 0.36056 987.0 1.9249 11.0 84.0 1.5071 0.0 0.0 -1.526 0.31623 978.0 2.0591 11.0 110.0 3.2071 0.0 0.0 -1.726 0.3 951.0 1.9933 8.0 134.0 4.6071 0.0 0.0 -1.326 0.22361 929.0 2.1833 8.0 
0.40516 8.25172 65.0 148.0 1.0 52.0 0.0 -1.5929 1.374 0.0 0.36056 996.0 1.6246 16.0 59.0 0.0071 0.0 0.074 0.0 0.36056 993.0 1.7777 14.0 67.0 1.6071 0.0 0.0 -1.026 0.22361 989.0 1.9104 15.0 80.0 2.9071 0.0 0.0 -1.926 0.22361 978.0 1.8677 11.0 101.0 4.1071 0.0 0.0 -2.526 0.2 963.0 2.0838 11.0 
0.73881 14.4498 57.0 1491.0 1.0 66.0 0.0 -1.5929 1.474 0.0 0.42426 991.0 2.0223 9.0 79.0 0.1071 0.0 0.074 0.0 0.42426 985.0 2.2766 10.0 94.0 1.9071 0.0 0.0 -1.126 0.36056 975.0 2.375 8.0 94.0 3.7071 0.0 0.0 -1.926 0.31623 974.0 2.3141 7.0 92.0 5.4071 0.0 0.0 -2.326 0.2 969.0 1.9647 5.0 
0.38475 234.30852 59.0 1493.0 1.0 91.0 0.0 -3.2929 1.674 0.0 0.5099 983.0 2.5 10.0 103.0 0.0 -0.3929 2.074 0.0 0.41231 972.0 2.5 10.0 112.0 1.8071 0.0 2.574 0.0 0.31623 961.0 2.4639 8.0 120.0 3.6071 0.0 3.174 0.0 0.31623 950.0 2.3346 7.0 119.0 5.1071 0.0 3.774 0.0 0.2 949.0 2.2599 7.0 
0.18011 21.60552 178.0 1495.0 1.0 44.0 0.0 -1.2929 1.774 0.0 0.36056 999.0 1.4124 11.0 47.0 0.0 -0.1929 0.0 -0.026 0.36056 997.0 1.4101 9.0 52.0 1.1071 0.0 0.0 -1.426 0.22361 996.0 1.6246 11.0 59.0 2.4071 0.0 0.0 -1.926 0.2 992.0 1.693 12.0 58.0 3.6071 0.0 0.0 -1.826 0.1 990.0 1.4939 9.0 
0.06638 64.32701 54.0 1498.0 1.0 62.0 0.0 -2.6929 1.674 0.0 0.56569 996.0 2.3095 9.0 66.0 0.0 -0.3929 0.0 -0.426 0.5 994.0 2.3416 11.0 72.0 1.8071 0.0 0.0 -1.926 0.36056 988.0 2.1179 8.0 85.0 3.7071 0.0 0.0 -2.726 0.31623 980.0 2.2362 9.0 105.0 5.3071 0.0 0.0 -2.926 0.3 962.0 2.208 6.0 
0.23956 59.28963 61.0 1502.0 1.0 48.0 0.0 -1.9929 0.074 0.0 0.31623 1001.0 1.961 21.0 50.0 0.0 -0.0929 0.0 -0.526 0.3 999.0 1.8239 18.0 53.0 1.6071 0.0 0.0 -0.326 0.31623 997.0 1.7931 15.0 58.0 3.2071 0.0 0.774 0.0 0.42426 997.0 2.1474 15.0 60.0 4.8071 0.0 2.574 0.0 0.42426 996.0 2.1629 14.0 
0.55275 10.70814 80.0 1505.0 1.0 69.0 0.0 -1.4929 0.874 0.0 0.28284 989.0 2.0261 14.0 79.0 0.0 -0.0929 0.0 -0.026 0.22361 982.0 2.0563 11.0 81.0 1.1071 0.0 0.0 -0.526 0.2 979.0 1.9709 11.0 82.0 2.1071 0.0 0.0 -0.526 0.2 977.0 1.9077 10.0 85.0 3.0071 0.0 0.0 -0.226 0.22361 974.0 1.8922 10.0 
0.23142 39.17945 57.0 1511.0 1.0 67.0 0.0 -0.9929 1.974 0.0 0.36056 989.0 1.9104 9.0 70.0 0.3071 0.0 0.174 0.0 0.36056 985.0 1.7874 8.0 78.0 1.7071 0.0 0.0 -1.026 0.36056 977.0 1.7261 7.0 90.0 3.2071 0.0 0.0 -1.726 0.31623 970.0 1.924 8.0 119.0 4.8071 0.0 0.0 -2.326 0.3 948.0 2.2252 7.0 
1.01941 39.17945 186.0 1516.0 1.0 77.0 0.0 -1.9929 1.774 0.0 0.5 990.0 2.5 11.0 87.0 0.3071 0.0 0.174 0.0 0.44721 984.0 2.5 9.0 91.0 2.6071 0.0 0.0 -1.026 0.44721 981.0 2.5 9.0 90.0 4.8071 0.0 0.0 -1.726 0.3 979.0 2.4333 8.0 85.0 6.7071 0.0 0.0 -1.826 0.3 981.0 2.3061 9.0 
0.21635 37.62661 70.0 1518.0 1.0 57.0 0.0 -2.7929 2.474 0.0 0.70711 1002.0 2.5 19.0 55.0 0.0 -0.0929 0.0 -0.326 0.5 1001.0 2.5 17.0 50.0 2.1071 0.0 0.0 -2.326 0.36056 1000.0 1.9642 16.0 45.0 3.8071 0.0 0.0 -3.426 0.22361 999.0 1.4773 14.0 45.0 5.0071 0.0 0.0 -4.026 0.2 998.0 1.3789 16.0 
0.48879 36.19458 76.0 1521.0 1.0 52.0 0.0 -1.7929 0.0 -0.526 0.3 998.0 1.8412 17.0 57.0 0.0071 0.0 0.0 -0.326 0.31623 996.0 1.952 14.0 61.0 1.5071 0.0 0.374 0.0 0.36056 993.0 1.9003 12.0 62.0 2.9071 0.0 1.474 0.0 0.22361 993.0 1.9631 12.0 60.0 4.0071 0.0 2.574 0.0 0.28284 993.0 1.8385 12.0 
0.13235 54.46995 61.0 1525.0 1.0 36.0 0.0 -0.1929 1.474 0.0 0.22361 1000.0 1.0182 11.0 39.0 0.4071 0.0 0.274 0.0 0.22361 999.0 1.1096 14.0 44.0 1.2071 0.0 0.0 -0.626 0.14142 997.0 1.2359 12.0 52.0 2.2071 0.0 0.0 -1.126 0.22361 995.0 1.5343 14.0 63.0 3.4071 0.0 0.0 -1.526 0.2 991.0 1.8426 11.0 
0.37288 13.18352 252.0 1528.0 1.0 49.0 0.0 -1.3929 0.574 0.0 0.31623 996.0 1.4425 11.0 55.0 0.0 -0.0929 0.074 0.0 0.2 994.0 1.6261 13.0 62.0 1.0071 0.0 0.0 -0.226 0.2 990.0 1.707 11.0 70.0 2.1071 0.0 0.0 -0.326 0.1 985.0 1.7874 9.0 79.0 3.1071 0.0 0.0 -0.226 0.2 979.0 1.8748 8.0 
0.32777 13.18352 50.0 1529.0 1.0 62.0 0.0 -2.4929 3.174 0.0 0.78102 1001.0 2.5 23.0 57.0 0.0 -0.0929 0.074 0.0 0.56569 1000.0 2.5 21.0 55.0 2.1071 0.0 0.0 -2.026 0.42426 999.0 2.2069 24.0 56.0 4.2071 0.0 0.0 -3.326 0.36056 998.0 2.1353 21.0 58.0 6.1071 0.0 0.0 -4.126 0.31623 996.0 2.0211 19.0 
0.09166 41.06496 86.0 1533.0 1.0 30.0 0.0 -0.7929 0.574 0.0 0.14142 1001.0 1.0 18.0 30.0 0.0 -0.2929 0.0 -0.226 0.14142 1000.0 1.0 17.0 32.0 0.2071 0.0 0.0 -0.726 0.1 999.0 1.0 16.0 37.0 0.8071 0.0 0.0 -1.126 0.1 999.0 1.0 18.0 43.0 1.5071 0.0 0.0 -1.526 0.22361 996.0 1.1109 16.0 
0.23059 62.69156 60.0 1539.0 1.0 66.0 0.0 -0.9929 1.774 0.0 0.28284 991.0 2.0223 12.0 68.0 0.3071 0.0 0.474 0.0 0.28284 987.0 1.8165 11.0 81.0 1.6071 0.0 0.0 -0.126 0.2 980.0 2.0307 11.0 95.0 2.9071 0.0 0.074 0.0 0.2 969.0 2.095 9.0 102.0 4.3071 0.0 0.474 0.0 0.22361 963.0 2.1253 8.0 
0.163 58.39132 85.0 1545.0 1.0 52.0 0.0 -1.0929 0.0 -0.426 0.2 994.0 1.4536 10.0 62.0 0.0071 0.0 0.0 -0.526 0.2 989.0 1.6359 11.0 75.0 1.0071 0.0 0.0 -0.526 0.2 982.0 1.8533 9.0 78.0 2.0071 0.0 0.0 -0.526 0.22361 979.0 1.8277 8.0 79.0 3.0071 0.0 0.0 -0.426 0.14142 979.0 1.8748 8.0 
0.06762 56.47123 143.0 1548.0 1.0 52.0 0.0 -2.3929 2.774 0.0 0.5831 1001.0 2.3015 13.0 50.0 0.0 -0.4929 0.0 -0.126 0.5 1000.0 1.9642 12.0 47.0 1.1071 0.0 0.0 -2.426 0.36056 1000.0 1.7355 11.0 45.0 2.5071 0.0 0.0 -4.126 0.28284 999.0 1.4773 15.0 46.0 3.7071 0.0 0.0 -5.126 0.22361 997.0 1.3508 13.0 
0.31504 13.18352 50.0 1562.0 1.0 56.0 0.0 -2.3929 2.474 0.0 0.64031 1000.0 2.4639 16.0 56.0 0.0 -0.0929 0.074 0.0 0.56569 999.0 2.2879 15.0 57.0 2.2071 0.0 0.0 -1.526 0.44721 998.0 2.2123 15.0 61.0 4.4071 0.0 0.0 -2.426 0.31623 996.0 2.2356 14.0 62.0 6.3071 0.0 0.0 -2.926 0.3 994.0 2.0664 13.0 
0.13127 174.53445 64.0 1564.0 1.0 105.0 0.0 -0.2929 4.274 0.0 0.67082 980.0 2.5 11.0 97.0 1.3071 0.0 0.874 0.0 0.5831 979.0 2.5 11.0 89.0 2.7071 0.0 0.0 -1.326 0.28284 979.0 2.3795 11.0 86.0 3.9071 0.0 0.0 -2.326 0.22361 976.0 2.0416 10.0 88.0 4.9071 0.0 0.0 -2.626 0.1 973.0 1.9774 10.0 
0.07289 115.88136 48.0 1568.0 1.0 50.0 0.0 -2.5929 0.274 0.0 0.5 1001.0 2.1279 17.0 52.0 0.0 -0.1929 0.0 -1.026 0.44721 1001.0 2.3015 20.0 55.0 2.1071 0.0 0.0 -1.526 0.4 999.0 2.2069 17.0 57.0 4.3071 0.0 0.0 -1.226 0.31623 998.0 2.2123 16.0 55.0 6.3071 0.0 0.0 -0.526 0.31623 998.0 2.0598 16.0 
0.195 81.24308 94.0 1575.0 1.0 40.0 0.0 -0.5929 0.0 -0.626 0.1 995.0 1.0 12.0 47.0 0.0 -0.0929 0.0 -0.726 0.14142 992.0 1.0744 12.0 60.0 0.5071 0.0 0.0 -0.926 0.1 986.0 1.3618 11.0 77.0 1.2071 0.0 0.0 -1.026 0.14142 976.0 1.6367 9.0 96.0 2.0071 0.0 0.0 -1.226 0.1 964.0 1.921 8.0 
0.14617 21.60552 63.0 1582.0 1.0 39.0 0.0 -1.3929 1.374 0.0 0.28284 1001.0 1.2946 13.0 40.0 0.0 -0.1929 0.0 -0.026 0.28284 1000.0 1.2571 12.0 42.0 1.1071 0.0 0.0 -1.426 0.28284 999.0 1.2869 11.0 46.0 2.5071 0.0 0.0 -2.626 0.22361 999.0 1.5437 14.0 49.0 3.9071 0.0 0.0 -3.426 0.22361 996.0 1.4425 12.0 
0.12242 62.18838 69.0 1583.0 1.0 75.0 0.0 -1.5929 0.374 0.0 0.36056 983.0 1.9151 8.0 97.0 0.0 -0.1929 0.0 -0.526 0.31623 968.0 2.1356 7.0 108.0 1.2071 0.0 0.0 -1.026 0.2 958.0 2.1661 6.0 92.0 2.5071 0.0 0.0 -1.126 0.2 971.0 2.0583 7.0 79.0 3.5071 0.0 0.0 -0.926 0.2 980.0 1.9316 8.0 
0.23962 61.36266 68.0 1584.0 1.0 75.0 0.0 -0.8929 2.474 0.0 0.44721 990.0 2.4979 11.0 73.0 0.4071 0.0 0.374 0.0 0.36056 989.0 2.2679 11.0 70.0 1.9071 0.0 0.0 -1.026 0.28284 990.0 2.176 11.0 64.0 3.3071 0.0 0.0 -2.026 0.28284 991.0 1.9016 11.0 67.0 4.4071 0.0 0.0 -2.726 0.22361 988.0 1.834 10.0 
0.17243 103.89543 54.0 1585.0 1.0 59.0 0.0 -0.9929 4.274 0.0 0.76158 999.0 2.5 17.0 58.0 0.8071 0.0 0.474 0.0 0.53852 999.0 2.4542 21.0 57.0 2.5071 0.0 0.0 -2.426 0.5 998.0 2.2123 18.0 56.0 4.2071 0.0 0.0 -4.426 0.42426 995.0 1.7795 16.0 58.0 5.7071 0.0 0.0 -5.826 0.28284 993.0 1.7179 18.0 
1.92402 43.18263 72.0 1588.0 1.0 116.0 0.0 -2.1929 2.674 0.0 0.56569 964.0 2.5 9.0 144.0 0.1071 0.0 0.374 0.0 0.5 935.0 2.5 6.0 147.0 2.2071 0.0 0.0 -1.126 0.36056 924.0 2.4799 6.0 140.0 3.7071 0.0 0.0 -2.026 0.22361 924.0 2.2493 6.0 136.0 4.8071 0.0 0.0 -2.526 0.1 923.0 2.099 6.0 
0.12821 57.38457 62.0 1589.0 1.0 40.0 0.0 -1.6929 0.474 0.0 0.36056 1001.0 1.3618 17.0 41.0 0.0 -0.2929 0.0 -0.426 0.22361 1000.0 1.3207 15.0 44.0 1.1071 0.0 0.0 -0.826 0.2 998.0 1.3183 14.0 50.0 2.5071 0.0 0.0 -1.026 0.2 997.0 1.5959 15.0 58.0 4.0071 0.0 0.0 -1.026 0.2 994.0 1.8084 13.0 
0.19845 45.79963 70.0 1595.0 1.0 50.0 0.0 -2.1929 1.674 0.0 0.42426 998.0 1.7023 14.0 56.0 0.0 -0.3929 0.0 -0.126 0.42426 996.0 1.8841 12.0 59.0 1.4071 0.0 0.0 -1.526 0.28284 993.0 1.7777 10.0 64.0 2.9071 0.0 0.0 -2.526 0.22361 990.0 1.8189 12.0 76.0 4.2071 0.0 0.0 -3.126 0.14142 979.0 1.7351 9.0 
0.06046 75.10415 76.0 1597.0 1.0 49.0 0.0 -1.8929 1.674 0.0 0.44721 998.0 1.6349 10.0 51.0 0.0 -0.5929 0.0 -0.326 0.36056 997.0 1.6604 13.0 54.0 0.7071 0.0 0.0 -1.626 0.28284 994.0 1.5675 11.0 64.0 2.0071 0.0 0.0 -2.426 0.22361 988.0 1.6734 8.0 79.0 3.2071 0.0 0.0 -2.726 0.2 979.0 1.8748 8.0 
0.28412 25.09838 52.0 1599.0 1.0 60.0 0.0 -2.2929 2.174 0.0 0.64031 997.0 2.2981 10.0 62.0 0.0071 0.0 0.0 -0.226 0.42426 995.0 2.1812 10.0 70.0 2.2071 0.0 0.0 -2.026 0.36056 992.0 2.3832 9.0 80.0 4.1071 0.0 0.0 -3.526 0.36056 982.0 2.1086 7.0 99.0 5.8071 0.0 0.0 -4.726 0.36056 969.0 2.2751 7.0 
0.10375 50.31208 35.0 1603.0 1.0 56.0 0.0 -2.0929 3.474 0.0 0.67082 1000.0 2.4639 12.0 56.0 0.0 -0.3929 0.0 -0.226 0.53852 999.0 2.2879 11.0 55.0 1.1071 0.0 0.0 -3.326 0.5831 998.0 2.0598 10.0 57.0 2.7071 0.0 0.0 -5.826 0.44721 997.0 2.074 13.0 60.0 4.2071 0.0 0.0 -7.826 0.42426 993.0 1.8385 11.0 
0.83952 39.17945 123.0 1609.0 1.0 56.0 0.5071 0.0 0.0 -1.926 0.4 995.0 1.7795 18.0 66.0 0.3071 0.0 0.174 0.0 0.3 991.0 2.0223 15.0 66.0 0.2071 0.0 1.974 0.0 0.22361 989.0 1.8538 14.0 64.0 0.0071 0.0 3.474 0.0 0.2 989.0 1.7431 14.0 64.0 0.0071 0.0 4.874 0.0 0.3 989.0 1.7431 14.0 
0.42311 41.52148 50.0 1610.0 1.0 70.0 0.0 -2.7929 1.174 0.0 0.53852 994.0 2.5 11.0 74.0 0.0071 0.0 0.374 0.0 0.41231 990.0 2.4318 10.0 84.0 2.2071 0.0 0.0 -0.026 0.31623 982.0 2.3248 9.0 105.0 4.1071 0.0 0.0 -1.026 0.36056 966.0 2.3959 7.0 114.0 5.9071 0.0 0.0 -2.026 0.28284 956.0 2.3287 6.0 
0.07365 189.51008 98.0 1612.0 1.0 56.0 1.7071 0.0 0.0 -1.526 0.2 995.0 1.7795 13.0 60.0 1.7071 0.0 0.0 -0.026 0.3 992.0 1.7509 12.0 61.0 1.7071 0.0 1.374 0.0 0.3 991.0 1.7275 11.0 59.0 1.7071 0.0 2.674 0.0 0.2 992.0 1.693 11.0 55.0 1.7071 0.0 3.874 0.0 0.1 993.0 1.5448 12.0 
0.52436 12.23339 72.0 1615.0 1.0 55.0 0.0 -0.8929 0.874 0.0 0.28284 993.0 1.5448 17.0 64.0 0.1071 0.0 0.0 -0.026 0.22361 987.0 1.6091 14.0 77.0 1.1071 0.0 0.0 -0.626 0.14142 981.0 1.8924 14.0 83.0 2.0071 0.0 0.0 -0.926 0.1 975.0 1.8516 13.0 86.0 2.8071 0.0 0.0 -0.826 0.22361 969.0 1.7168 10.0 
0.44782 89.16323 43.0 1623.0 1.0 46.0 0.0 -0.8929 0.0 -2.526 0.42426 1000.0 1.6625 20.0 53.0 0.6071 0.0 0.0 -0.526 0.42426 998.0 1.9127 18.0 59.0 2.5071 0.0 1.174 0.0 0.44721 997.0 2.2221 16.0 65.0 5.1071 0.0 2.374 0.0 0.5 996.0 2.5 15.0 67.0 7.8071 0.0 3.674 0.0 0.41231 995.0 2.5 14.0 
0.08801 172.03376 73.0 1627.0 1.0 48.0 0.0 -0.5929 0.0 -1.626 0.3 998.0 1.5688 17.0 54.0 0.6071 0.0 0.0 -1.426 0.22361 995.0 1.6546 13.0 60.0 1.5071 0.0 0.0 -0.726 0.22361 991.0 1.6713 11.0 62.0 2.2071 0.0 0.074 0.0 0.14142 989.0 1.6359 11.0 62.0 2.9071 0.0 0.774 0.0 0.22361 989.0 1.6359 11.0 
0.29036 14.4498 70.0 1628.0 1.0 52.0 0.0 -1.0929 1.874 0.0 0.44721 997.0 1.7261 13.0 54.0 0.1071 0.0 0.074 0.0 0.36056 994.0 1.5675 11.0 59.0 1.3071 0.0 0.0 -1.026 0.14142 990.0 1.5458 12.0 69.0 2.3071 0.0 0.0 -1.526 0.1 982.0 1.5686 10.0 89.0 3.2071 0.0 0.0 -1.526 0.2 970.0 1.8815 9.0 
0.09126 62.18838 44.0 1637.0 1.0 59.0 0.0 -3.2929 1.674 0.0 0.64031 1001.0 2.5 13.0 57.0 0.0 -0.1929 0.0 -0.526 0.5 1000.0 2.5 12.0 57.0 2.5071 0.0 0.0 -2.426 0.56569 999.0 2.3703 11.0 58.0 4.8071 0.0 0.0 -4.726 0.5 998.0 2.2906 13.0 61.0 6.5071 0.0 0.0 -7.026 0.5 996.0 2.2356 11.0 
0.16005 78.1117 62.0 1638.0 1.0 67.0 0.0 -1.0929 2.374 0.0 0.42426 993.0 2.2925 12.0 66.0 0.4071 0.0 0.574 0.0 0.36056 993.0 2.2245 12.0 63.0 1.9071 0.0 0.0 -0.826 0.36056 994.0 2.1336 12.0 58.0 3.4071 0.0 0.0 -1.926 0.22361 995.0 1.9088 13.0 57.0 4.6071 0.0 0.0 -2.826 0.28284 995.0 1.8436 13.0 
0.59602 63.97938 58.0 1639.0 1.0 83.0 0.0 -1.4929 2.774 0.0 0.64031 989.0 2.5 11.0 80.0 0.5071 0.0 0.274 0.0 0.5 988.0 2.5 10.0 71.0 2.3071 0.0 0.0 -1.526 0.36056 990.0 2.2386 11.0 77.0 3.9071 0.0 0.0 -2.626 0.22361 984.0 2.0882 9.0 86.0 5.2071 0.0 0.0 -3.226 0.22361 976.0 2.0416 8.0 
0.23315 32.98146 121.0 1642.0 1.0 39.0 0.0 -0.9929 0.374 0.0 0.22361 999.0 1.1096 14.0 41.0 0.0 -0.1929 0.0 -0.226 0.14142 998.0 1.1446 17.0 47.0 0.4071 0.0 0.0 -0.426 0.1 995.0 1.2535 14.0 51.0 0.9071 0.0 0.0 -0.426 0.14142 993.0 1.3283 12.0 51.0 1.4071 0.0 0.0 -0.126 0.0 993.0 1.3283 12.0 
0.97059 14.00819 256.0 1643.0 1.0 95.0 0.0 -1.9929 1.874 0.0 0.5 977.0 2.5 11.0 117.0 0.0071 0.0 0.0 -0.126 0.42426 958.0 2.5 10.0 131.0 1.8071 0.0 0.0 -1.126 0.31623 939.0 2.3686 8.0 131.0 3.3071 0.0 0.0 -1.426 0.2 934.0 2.2187 8.0 133.0 4.4071 0.0 0.0 -1.326 0.2 930.0 2.1768 8.0 
0.24453 78.1117 78.0 1650.0 1.0 74.0 0.0 -0.2929 1.374 0.0 0.14142 983.0 1.8643 12.0 79.0 0.4071 0.0 0.574 0.0 0.28284 979.0 1.8748 11.0 85.0 1.2071 0.0 0.0 -0.126 0.14142 973.0 1.8449 10.0 95.0 2.0071 0.0 0.0 -0.526 0.14142 965.0 1.9204 9.0 110.0 2.9071 0.0 0.0 -0.926 0.22361 952.0 2.026 7.0 
0.2723 12.23339 73.0 1651.0 1.0 29.0 0.0 -0.0929 0.0 -0.526 0.1 1000.0 1.0 16.0 35.0 0.1071 0.0 0.0 -0.026 0.1 999.0 1.0 18.0 39.0 0.2071 0.0 0.574 0.0 0.1 998.0 1.0357 16.0 44.0 0.3071 0.0 1.374 0.0 0.1 997.0 1.2359 15.0 48.0 0.5071 0.0 2.274 0.0 0.14142 996.0 1.3843 14.0 
0.33419 100.68908 53.0 1653.0 1.0 90.0 0.0 -1.8929 3.074 0.0 0.64031 985.0 2.5 10.0 100.0 0.6071 0.0 0.674 0.0 0.5 977.0 2.5 8.0 102.0 2.8071 0.0 0.0 -0.726 0.36056 970.0 2.4712 7.0 102.0 4.4071 0.0 0.0 -1.326 0.3 964.0 2.1686 7.0 107.0 5.8071 0.0 0.0 -1.526 0.2 958.0 2.1261 6.0 
0.16225 45.79963 63.0 1654.0 1.0 47.0 0.0 -1.9929 2.174 0.0 0.5 999.0 1.6116 17.0 49.0 0.0 -0.3929 0.0 -0.126 0.5 999.0 1.7517 21.0 51.0 1.2071 0.0 0.0 -2.126 0.42426 998.0 1.7711 18.0 54.0 2.8071 0.0 0.0 -3.726 0.36056 996.0 1.752 16.0 57.0 4.4071 0.0 0.0 -4.726 0.31623 994.0 1.7465 18.0 
0.19249 48.64617 61.0 1662.0 1.0 43.0 0.0 -2.0929 1.274 0.0 0.42426 1002.0 1.7168 18.0 45.0 0.0 -0.2929 0.0 -0.326 0.36056 1001.0 1.7236 17.0 46.0 1.7071 0.0 0.0 -1.326 0.31623 1000.0 1.6625 15.0 49.0 3.5071 0.0 0.0 -1.726 0.2 999.0 1.7517 18.0 52.0 5.0071 0.0 0.0 -1.626 0.3 997.0 1.7261 15.0 
0.21636 92.26407 57.0 1663.0 1.0 46.0 0.0 -2.2929 0.0 -1.526 0.44721 1001.0 1.801 22.0 50.0 0.0 -0.0929 0.0 -0.826 0.3 1000.0 1.9642 19.0 47.0 1.7071 0.0 0.0 -0.726 0.3 1000.0 1.7355 18.0 45.0 3.2071 0.0 0.0 -1.026 0.22361 1000.0 1.591 18.0 44.0 4.5071 0.0 0.0 -1.526 0.31623 1000.0 1.5211 18.0 
0.05733 56.47123 72.0 1679.0 1.0 42.0 0.0 -1.4929 2.274 0.0 0.5099 1000.0 1.3859 13.0 43.0 0.0 -0.4929 0.0 -0.126 0.31623 1000.0 1.4527 12.0 45.0 0.6071 0.0 0.0 -2.026 0.36056 999.0 1.4773 11.0 46.0 1.9071 0.0 0.0 -3.426 0.31623 997.0 1.3508 10.0 47.0 3.2071 0.0 0.0 -4.026 0.14142 996.0 1.3272 12.0 
0.11709 32.98146 82.0 1682.0 1.0 44.0 0.0 -1.4929 2.074 0.0 0.44721 1000.0 1.5211 13.0 45.0 0.0 -0.1929 0.0 -0.226 0.36056 1000.0 1.591 12.0 48.0 1.3071 0.0 0.0 -2.126 0.36056 999.0 1.6809 15.0 49.0 2.8071 0.0 0.0 -3.326 0.36056 997.0 1.5327 13.0 50.0 4.1071 0.0 0.0 -3.926 0.2 995.0 1.4186 11.0 
0.24311 124.78821 47.0 1686.0 1.0 72.0 0.0 -1.7929 2.874 0.0 0.5 996.0 2.5 15.0 69.0 0.7071 0.0 0.874 0.0 0.5 995.0 2.5 13.0 69.0 2.8071 0.0 0.0 -0.926 0.5 994.0 2.5 13.0 70.0 4.8071 0.0 0.0 -2.726 0.5 993.0 2.5 12.0 70.0 6.7071 0.0 0.0 -4.426 0.36056 993.0 2.5 12.0 
0.08351 97.40378 62.0 1687.0 1.0 48.0 0.0 -2.2929 0.674 0.0 0.36056 1000.0 1.8102 15.0 50.0 0.0 -0.4929 0.0 -0.726 0.36056 999.0 1.8239 14.0 55.0 1.3071 0.0 0.0 -1.726 0.31623 997.0 1.931 16.0 61.0 3.1071 0.0 0.0 -2.226 0.3 994.0 2.0003 13.0 63.0 4.7071 0.0 0.0 -2.326 0.2 992.0 1.9304 12.0 
0.35013 18.35579 66.0 1693.0 1.0 50.0 0.0 -1.1929 0.174 0.0 0.2 997.0 1.5959 15.0 54.0 0.1071 0.0 0.0 -0.126 0.2 996.0 1.752 14.0 55.0 1.4071 0.0 0.0 -0.426 0.2 995.0 1.7165 13.0 58.0 2.8071 0.0 0.0 -0.826 0.31623 995.0 1.9088 13.0 58.0 4.2071 0.0 0.0 -1.326 0.22361 994.0 1.8084 13.0 
0.09114 60.18886 73.0 1699.0 1.0 52.0 0.0 -2.0929 1.874 0.0 0.5 998.0 1.8412 14.0 54.0 0.0 -0.4929 0.0 -0.226 0.42426 996.0 1.752 12.0 58.0 1.1071 0.0 0.0 -1.726 0.36056 993.0 1.7179 11.0 65.0 2.7071 0.0 0.0 -2.526 0.31623 989.0 1.798 11.0 77.0 4.0071 0.0 0.0 -2.926 0.2 978.0 1.7302 9.0 
0.54756 17.37652 37.0 1701.0 1.0 47.0 0.0 -2.5929 0.0 -1.226 0.42426 1002.0 2.0511 17.0 53.0 0.0 -0.0929 0.0 -0.126 0.41231 1001.0 2.3909 16.0 55.0 2.8071 0.0 0.0 -0.426 0.53852 1001.0 2.5 16.0 51.0 5.5071 0.0 0.0 -1.426 0.5099 1002.0 2.4151 17.0 45.0 7.9071 0.0 0.0 -2.126 0.44721 1002.0 1.8803 19.0 
0.10963 35.39254 73.0 1703.0 1.0 40.0 0.0 -1.3929 1.274 0.0 0.36056 1000.0 1.2571 12.0 41.0 0.0 -0.2929 0.0 -0.126 0.28284 999.0 1.2264 11.0 42.0 0.7071 0.0 0.0 -1.126 0.22361 997.0 1.1261 9.0 46.0 1.7071 0.0 0.0 -1.726 0.2 994.0 1.1375 8.0 54.0 2.7071 0.0 0.0 -2.026 0.2 993.0 1.4892 10.0 
0.29077 56.80407 46.0 1705.0 1.0 49.0 0.0 -2.1929 0.0 -0.026 0.31623 1000.0 1.8864 18.0 53.0 0.0 -0.1929 0.474 0.0 0.4 999.0 2.0493 17.0 57.0 2.2071 0.0 0.174 0.0 0.41231 999.0 2.3703 18.0 54.0 4.7071 0.0 0.0 -0.426 0.4 1000.0 2.291 18.0 49.0 6.8071 0.0 0.0 -0.726 0.4 1000.0 1.8864 19.0 
0.16576 81.45815 63.0 1706.0 1.0 51.0 0.0 -1.6929 0.0 -0.426 0.31623 998.0 1.7711 13.0 55.0 0.1071 0.0 0.0 -0.726 0.3 996.0 1.8174 15.0 61.0 1.8071 0.0 0.0 -0.526 0.22361 993.0 1.9003 12.0 66.0 3.1071 0.0 0.074 0.0 0.36056 990.0 1.9344 11.0 72.0 4.4071 0.0 0.974 0.0 0.22361 986.0 1.961 10.0 
0.41008 59.58399 56.0 170.0 1.0 47.0 0.0 -1.4929 0.0 -1.426 0.22361 1000.0 1.7355 19.0 53.0 0.1071 0.0 0.0 -0.526 0.31623 998.0 1.9127 15.0 58.0 1.8071 0.0 0.174 0.0 0.22361 996.0 2.0211 14.0 60.0 3.5071 0.0 0.874 0.0 0.31623 995.0 2.0427 13.0 54.0 5.2071 0.0 1.374 0.0 0.31623 997.0 1.8615 15.0 
0.32349 54.46995 62.0 1713.0 1.0 67.0 0.0 -1.3929 1.974 0.0 0.42426 995.0 2.5 13.0 69.0 0.4071 0.0 0.274 0.0 0.36056 992.0 2.3156 12.0 69.0 2.1071 0.0 0.0 -0.726 0.31623 991.0 2.2103 11.0 69.0 3.7071 0.0 0.0 -1.226 0.3 989.0 2.0261 11.0 67.0 5.1071 0.0 0.0 -1.226 0.2 989.0 1.9104 10.0 
0.19668 69.94114 236.0 1714.0 1.0 64.0 0.0 -1.2929 2.674 0.0 0.5 997.0 2.5 15.0 61.0 0.5071 0.0 0.374 0.0 0.42426 995.0 2.1114 11.0 59.0 2.1071 0.0 0.0 -1.326 0.28284 993.0 1.7777 10.0 65.0 3.4071 0.0 0.0 -2.426 0.28284 988.0 1.7261 8.0 81.0 4.6071 0.0 0.0 -3.226 0.22361 978.0 1.9146 8.0 
0.48152 54.46995 41.0 1716.0 1.0 64.0 0.0 -3.4929 2.774 0.0 0.67082 1001.0 2.5 20.0 72.0 0.4071 0.0 0.274 0.0 0.78102 1000.0 2.5 19.0 71.0 3.7071 0.0 0.0 -2.526 0.70711 999.0 2.5 17.0 67.0 6.4071 0.0 0.0 -4.926 0.56569 997.0 2.5 15.0 59.0 8.5071 0.0 0.0 -6.826 0.42426 998.0 2.3703 16.0 
0.51739 2.99167 80.0 1717.0 1.0 62.0 0.0 -1.5929 0.874 0.0 0.36056 994.0 2.0664 17.0 67.0 0.0071 0.0 0.0 -0.026 0.22361 990.0 1.9935 14.0 69.0 1.2071 0.0 0.0 -0.526 0.22361 987.0 1.8703 13.0 72.0 2.4071 0.0 0.0 -0.726 0.2 984.0 1.8258 12.0 78.0 3.4071 0.0 0.0 -0.526 0.2 979.0 1.8277 11.0 
0.19961 63.97938 101.0 1721.0 1.0 52.0 0.0 -0.0929 1.474 0.0 0.22361 995.0 1.5343 18.0 53.0 0.5071 0.0 0.274 0.0 0.22361 995.0 1.5939 17.0 53.0 1.3071 0.0 0.0 -0.526 0.14142 994.0 1.51 16.0 53.0 2.0071 0.0 0.0 -1.026 0.1 993.0 1.4345 16.0 53.0 2.6071 0.0 0.0 -1.226 0.1 992.0 1.3662 15.0 
0.26825 37.62661 65.0 1728.0 1.0 53.0 0.0 -1.9929 0.874 0.0 0.36056 999.0 2.0493 17.0 59.0 0.0 -0.0929 0.0 -0.326 0.31623 996.0 2.0914 14.0 59.0 1.7071 0.0 0.0 -0.826 0.31623 996.0 2.0914 14.0 56.0 3.3071 0.0 0.0 -0.726 0.2 996.0 1.8841 14.0 54.0 4.7071 0.0 0.0 -0.226 0.22361 996.0 1.752 14.0 
0.3391 30.02471 61.0 1731.0 1.0 51.0 0.0 -1.5929 1.074 0.0 0.36056 999.0 1.8976 17.0 58.0 0.2071 0.0 0.174 0.0 0.31623 996.0 2.0211 14.0 63.0 2.0071 0.0 0.0 -0.426 0.31623 994.0 2.1336 13.0 64.0 3.7071 0.0 0.0 -0.626 0.22361 992.0 1.9922 12.0 65.0 5.0071 0.0 0.0 -0.326 0.22361 990.0 1.8762 11.0 
0.05036 80.01448 71.0 1734.0 1.0 56.0 0.0 -1.7929 1.274 0.0 0.44721 995.0 1.7795 11.0 64.0 0.0 -0.4929 0.0 -0.526 0.36056 991.0 1.9016 9.0 77.0 1.0071 0.0 0.0 -1.726 0.31623 984.0 2.0882 9.0 89.0 2.4071 0.0 0.0 -2.226 0.31623 974.0 2.0744 8.0 93.0 3.6071 0.0 0.0 -2.326 0.2 969.0 2.0077 7.0 
0.30136 134.01918 86.0 173.0 1.0 40.0 1.2071 0.0 0.0 -1.026 0.1 998.0 1.0895 21.0 46.0 1.2071 0.0 0.0 -0.026 0.14142 997.0 1.3508 19.0 48.0 1.5071 0.0 1.074 0.0 0.1 996.0 1.3843 18.0 50.0 2.0071 0.0 1.974 0.0 0.22361 996.0 1.502 18.0 51.0 2.8071 0.0 2.674 0.0 0.22361 996.0 1.5627 18.0 
0.59331 28.83574 49.0 1742.0 1.0 61.0 0.0 -2.7929 0.674 0.0 0.44721 998.0 2.5 16.0 67.0 0.0 -0.1929 0.174 0.0 0.4 995.0 2.5 13.0 68.0 2.2071 0.0 0.374 0.0 0.41231 994.0 2.4857 13.0 64.0 4.3071 0.0 0.774 0.0 0.41231 995.0 2.3242 13.0 59.0 6.2071 0.0 1.474 0.0 0.31623 996.0 2.0914 14.0 
0.68371 36.19458 42.0 1747.0 1.0 57.0 0.0 -2.5929 0.474 0.0 0.44721 998.0 2.2123 14.0 69.0 0.0071 0.0 0.0 -0.326 0.4 995.0 2.5 13.0 79.0 2.8071 0.0 0.0 -0.626 0.5099 991.0 2.5 11.0 79.0 5.6071 0.0 0.0 -0.826 0.5099 990.0 2.5 11.0 71.0 8.1071 0.0 0.0 -1.326 0.41231 993.0 2.5 12.0 
0.26371 59.58399 217.0 1750.0 1.0 33.0 0.0 -0.6929 0.0 -0.826 0.2 1001.0 1.0 28.0 37.0 0.1071 0.0 0.0 -0.526 0.2 1000.0 1.0756 24.0 39.0 0.8071 0.0 0.0 -0.126 0.1 999.0 1.1096 22.0 39.0 1.2071 0.0 0.274 0.0 0.14142 998.0 1.0357 21.0 41.0 1.6071 0.0 0.774 0.0 0.14142 998.0 1.1446 20.0 
0.27295 68.67899 228.0 1751.0 1.0 32.0 0.0 -1.1929 0.0 -0.426 0.14142 1001.0 1.0 28.0 38.0 0.0 -0.4929 0.374 0.0 0.22361 1000.0 1.1345 25.0 43.0 0.2071 0.0 1.674 0.0 0.22361 1000.0 1.4527 24.0 49.0 0.9071 0.0 3.574 0.0 0.36056 999.0 1.7517 23.0 51.0 1.9071 0.0 5.874 0.0 0.31623 999.0 1.8976 23.0 
0.20365 101.0933 335.0 1757.0 1.0 55.0 0.0071 0.0 1.674 0.0 0.28284 992.0 1.4713 15.0 56.0 0.7071 0.0 0.574 0.0 0.14142 988.0 1.2812 12.0 60.0 1.2071 0.0 0.0 -0.226 0.14142 984.0 1.2679 11.0 77.0 1.7071 0.0 0.0 -0.826 0.14142 973.0 1.5139 11.0 109.0 2.4071 0.0 0.0 -1.126 0.1 948.0 1.8669 9.0 
0.25968 14.00819 73.0 175.0 1.0 40.0 0.0 -0.6929 0.674 0.0 0.22361 998.0 1.0895 13.0 45.0 0.0071 0.0 0.0 -0.126 0.14142 997.0 1.2927 15.0 55.0 0.8071 0.0 0.0 -0.626 0.14142 993.0 1.5448 12.0 60.0 1.6071 0.0 0.0 -1.026 0.22361 991.0 1.6713 11.0 63.0 2.6071 0.0 0.0 -1.226 0.22361 989.0 1.6891 11.0 
0.5265 42.87049 268.0 1763.0 1.0 63.0 0.0 -1.7929 0.0 -1.426 0.44721 995.0 2.2521 14.0 73.0 0.2071 0.0 0.0 -0.326 0.36056 989.0 2.2679 11.0 78.0 1.7071 0.0 1.174 0.0 0.28284 985.0 2.2193 9.0 75.0 3.0071 0.0 2.674 0.0 0.42426 987.0 2.2097 10.0 74.0 4.4071 0.0 4.374 0.0 0.36056 989.0 2.3304 11.0 
0.42583 37.81606 122.0 1764.0 1.0 67.0 0.0 -1.2929 0.0 -0.626 0.28284 988.0 1.834 17.0 76.0 0.0 -0.2929 0.174 0.0 0.28284 982.0 1.903 14.0 76.0 0.6071 0.0 1.074 0.0 0.14142 981.0 1.8436 14.0 77.0 1.4071 0.0 1.774 0.0 0.22361 980.0 1.8351 14.0 77.0 2.0071 0.0 2.374 0.0 0.14142 979.0 1.7811 13.0 
0.14193 111.39813 109.0 176.0 1.0 49.0 0.0 -2.4929 0.074 0.0 0.31623 997.0 1.5327 13.0 56.0 0.0 -0.6929 0.0 -0.726 0.36056 995.0 1.7795 15.0 61.0 0.9071 0.0 0.0 -1.426 0.22361 990.0 1.6524 12.0 72.0 2.2071 0.0 0.0 -1.726 0.2 985.0 1.891 12.0 85.0 3.3071 0.0 0.0 -1.626 0.22361 974.0 1.8922 10.0 
0.17937 131.67175 126.0 1771.0 1.0 61.0 0.7071 0.0 0.0 -1.326 0.22361 988.0 1.5202 16.0 73.0 1.1071 0.0 0.0 -0.426 0.14142 981.0 1.7009 14.0 74.0 1.5071 0.0 0.374 0.0 0.14142 980.0 1.6949 14.0 79.0 2.0071 0.0 1.074 0.0 0.0 975.0 1.6775 13.0 101.0 2.4071 0.0 1.474 0.0 0.14142 957.0 1.8605 10.0 
0.27225 22.67945 353.0 1778.0 1.0 40.0 0.0 -0.7929 0.574 0.0 0.14142 1000.0 1.2571 24.0 41.0 0.1071 0.0 0.174 0.0 0.22361 999.0 1.2264 23.0 43.0 1.1071 0.0 0.474 0.0 0.22361 999.0 1.3489 22.0 45.0 2.0071 0.0 1.274 0.0 0.22361 998.0 1.3789 21.0 45.0 2.8071 0.0 2.274 0.0 0.22361 998.0 1.3789 21.0 
0.13591 80.58985 74.0 1782.0 1.0 46.0 0.0 -1.1929 0.0 -0.726 0.2 996.0 1.2713 12.0 53.0 0.0071 0.0 0.0 -0.726 0.2 993.0 1.4345 10.0 64.0 1.1071 0.0 0.0 -0.626 0.2 988.0 1.6734 11.0 72.0 2.1071 0.0 0.0 -0.326 0.22361 983.0 1.7649 9.0 85.0 3.0071 0.0 0.074 0.0 0.1 973.0 1.8449 7.0 
0.14876 41.06496 92.0 1784.0 1.0 33.0 0.0 -0.8929 0.374 0.0 0.14142 1000.0 1.0 16.0 34.0 0.0 -0.2929 0.0 -0.226 0.14142 999.0 1.0 15.0 38.0 0.2071 0.0 0.0 -0.626 0.1 998.0 1.0 17.0 45.0 0.7071 0.0 0.0 -0.726 0.1 996.0 1.2166 14.0 49.0 1.3071 0.0 0.0 -0.526 0.14142 995.0 1.3624 13.0 
0.14358 171.63007 68.0 1790.0 1.0 37.0 0.5071 0.0 0.0 -2.026 0.22361 1001.0 1.1652 21.0 41.0 1.3071 0.0 0.0 -0.826 0.28284 1000.0 1.3207 19.0 44.0 2.2071 0.0 0.574 0.0 0.28284 1000.0 1.5211 19.0 45.0 3.1071 0.0 2.174 0.0 0.36056 1000.0 1.591 19.0 46.0 4.0071 0.0 3.974 0.0 0.36056 1000.0 1.6625 19.0 
0.63549 19.33007 108.0 1791.0 1.0 53.0 0.0 -0.3929 0.274 0.0 0.14142 991.0 1.3041 17.0 57.0 0.0071 0.0 0.174 0.0 0.1 988.0 1.3274 16.0 68.0 0.4071 0.0 0.274 0.0 0.1 983.0 1.5743 15.0 73.0 0.8071 0.0 0.374 0.0 0.1 979.0 1.6009 14.0 76.0 1.3071 0.0 0.574 0.0 0.1 978.0 1.6856 13.0 
0.19821 22.93337 76.0 1793.0 1.0 42.0 0.0 -0.2929 0.0 -0.526 0.1 996.0 1.0598 14.0 53.0 0.0 -0.1929 0.074 0.0 0.1 992.0 1.3662 12.0 60.0 0.0071 0.0 0.974 0.0 0.14142 990.0 1.5987 11.0 67.0 0.5071 0.0 2.174 0.0 0.22361 987.0 1.7634 10.0 71.0 1.1071 0.0 3.674 0.0 0.22361 987.0 1.9803 10.0 
0.35277 64.81358 54.0 179.0 1.0 72.0 0.0 -1.4929 1.274 0.0 0.31623 988.0 2.1179 13.0 77.0 0.1071 0.0 0.574 0.0 0.31623 985.0 2.1628 12.0 80.0 1.6071 0.0 0.0 -0.326 0.22361 983.0 2.1789 12.0 85.0 3.1071 0.0 0.0 -0.926 0.31623 979.0 2.1704 11.0 93.0 4.7071 0.0 0.0 -1.226 0.3 974.0 2.2651 10.0 
0.76638 34.02587 87.0 1801.0 1.0 55.0 0.0 -0.6929 0.0 -1.526 0.28284 995.0 1.7165 18.0 63.0 0.2071 0.0 0.0 -0.226 0.22361 990.0 1.7625 14.0 68.0 0.8071 0.0 1.074 0.0 0.22361 987.0 1.8165 13.0 70.0 1.6071 0.0 2.374 0.0 0.22361 987.0 1.9249 13.0 71.0 2.5071 0.0 3.774 0.0 0.36056 988.0 2.0595 13.0 
0.33249 47.69726 184.0 1803.0 1.0 38.0 0.0 -1.0929 0.0 -0.926 0.22361 1000.0 1.1345 24.0 44.0 0.0 -0.3929 0.174 0.0 0.22361 999.0 1.4124 22.0 47.0 0.3071 0.0 1.574 0.0 0.28284 998.0 1.5041 21.0 50.0 1.2071 0.0 3.174 0.0 0.31623 998.0 1.7023 21.0 52.0 2.1071 0.0 4.874 0.0 0.44721 998.0 1.8412 20.0 
0.21921 81.45815 88.0 1816.0 1.0 48.0 0.0 -1.4929 0.0 -1.026 0.2 999.0 1.6809 17.0 55.0 0.1071 0.0 0.0 -0.726 0.31623 996.0 1.8174 14.0 57.0 1.4071 0.0 0.0 -0.126 0.28284 994.0 1.7465 13.0 56.0 2.5071 0.0 0.674 0.0 0.22361 994.0 1.6858 12.0 54.0 3.4071 0.0 1.474 0.0 0.14142 994.0 1.5675 13.0 
0.37927 73.83014 130.0 1819.0 1.0 53.0 0.0 -0.7929 0.0 -1.826 0.28284 997.0 1.7931 15.0 62.0 0.4071 0.0 0.0 -0.526 0.28284 993.0 1.9631 12.0 64.0 1.3071 0.0 0.874 0.0 0.28284 991.0 1.9016 11.0 62.0 2.2071 0.0 2.374 0.0 0.22361 992.0 1.8696 12.0 60.0 3.0071 0.0 3.874 0.0 0.31623 994.0 1.9352 12.0 
0.39504 14.00819 68.0 182.0 1.0 52.0 0.0 -1.7929 0.874 0.0 0.36056 997.0 1.7261 13.0 59.0 0.0071 0.0 0.0 -0.126 0.31623 995.0 1.9752 14.0 64.0 1.7071 0.0 0.0 -0.926 0.22361 993.0 2.0918 12.0 66.0 3.2071 0.0 0.0 -1.626 0.28284 991.0 2.0223 11.0 68.0 4.5071 0.0 0.0 -2.426 0.22361 988.0 1.8891 10.0 
0.33211 102.71108 49.0 1831.0 1.0 87.0 0.0 -2.1929 2.574 0.0 0.5831 984.0 2.5 10.0 101.0 0.5071 0.0 0.774 0.0 0.5 977.0 2.5 10.0 110.0 2.8071 0.0 0.0 -0.826 0.5 961.0 2.3767 7.0 123.0 4.8071 0.0 0.0 -2.126 0.22361 943.0 2.2075 6.0 132.0 6.4071 0.0 0.0 -2.826 0.2 932.0 2.1971 5.0 
0.22903 47.45382 73.0 1837.0 1.0 61.0 0.0 -1.1929 1.174 0.0 0.36056 994.0 2.0003 13.0 61.0 0.2071 0.0 0.374 0.0 0.22361 992.0 1.8098 12.0 61.0 1.3071 0.0 0.0 -0.326 0.22361 991.0 1.7275 11.0 62.0 2.3071 0.0 0.0 -0.926 0.22361 990.0 1.707 11.0 61.0 3.2071 0.0 0.0 -1.726 0.14142 991.0 1.7275 11.0 
0.28993 100.72945 74.0 1842.0 1.0 42.0 0.7071 0.0 0.0 -1.326 0.22361 999.0 1.2869 18.0 43.0 0.9071 0.0 0.0 -0.026 0.2 998.0 1.259 16.0 42.0 1.0071 0.0 1.074 0.0 0.2 998.0 1.2011 16.0 42.0 1.1071 0.0 2.074 0.0 0.22361 998.0 1.2011 16.0 42.0 1.5071 0.0 3.074 0.0 0.1 998.0 1.2011 16.0 
0.36716 48.75749 67.0 1865.0 1.0 36.0 0.0 -1.0929 0.0 -0.826 0.2 1002.0 1.2034 23.0 39.0 0.1071 0.0 0.0 -0.426 0.22361 1001.0 1.2946 20.0 42.0 1.1071 0.0 0.574 0.0 0.28284 1000.0 1.3859 19.0 44.0 1.9071 0.0 2.074 0.0 0.31623 1000.0 1.5211 18.0 43.0 2.7071 0.0 3.574 0.0 0.22361 1000.0 1.4527 18.0 
0.79527 22.67945 125.0 1866.0 1.0 75.0 0.0 -0.8929 1.074 0.0 0.14142 983.0 1.9151 12.0 80.0 0.1071 0.0 0.174 0.0 0.14142 979.0 1.9226 11.0 83.0 1.0071 0.0 0.0 -0.426 0.22361 977.0 1.9545 10.0 85.0 2.0071 0.0 0.0 -0.726 0.1 974.0 1.8922 10.0 90.0 2.9071 0.0 0.0 -0.626 0.1 970.0 1.924 9.0 
1.20194 8.25172 60.0 1876.0 1.0 88.0 0.0 -1.8929 1.374 0.0 0.42426 976.0 2.1377 8.0 115.0 0.0071 0.0 0.074 0.0 0.36056 958.0 2.4559 8.0 133.0 1.8071 0.0 0.0 -1.026 0.36056 938.0 2.4089 7.0 139.0 3.6071 0.0 0.0 -1.826 0.22361 922.0 2.1686 5.0 148.0 5.0071 0.0 0.0 -2.326 0.3 907.0 2.1106 4.0 
0.11697 91.63024 80.0 187.0 1.0 38.0 0.0 -1.2929 0.274 0.0 0.22361 1001.0 1.2291 17.0 36.0 0.0 -0.3929 0.0 -0.726 0.14142 1000.0 1.0182 16.0 39.0 0.5071 0.0 0.0 -1.126 0.1 999.0 1.1096 18.0 44.0 1.3071 0.0 0.0 -1.026 0.14142 997.0 1.2359 15.0 48.0 2.0071 0.0 0.0 -0.426 0.14142 996.0 1.3843 14.0 
0.62818 19.33007 78.0 1899.0 1.0 71.0 0.0 -0.9929 0.0 -0.426 0.22361 984.0 1.7754 12.0 87.0 0.0071 0.0 0.174 0.0 0.22361 973.0 1.9327 10.0 94.0 0.9071 0.0 0.874 0.0 0.22361 967.0 1.9619 9.0 109.0 1.9071 0.0 1.374 0.0 0.22361 953.0 2.0225 8.0 129.0 3.0071 0.0 1.874 0.0 0.2 933.0 2.1246 6.0 
0.30205 30.42421 64.0 18.0 1.0 50.0 0.0 -1.7929 1.474 0.0 0.36056 999.0 1.8239 14.0 53.0 0.0071 0.0 0.274 0.0 0.36056 997.0 1.7931 12.0 58.0 1.6071 0.0 0.0 -0.826 0.31623 995.0 1.9088 14.0 61.0 3.1071 0.0 0.0 -1.226 0.2 992.0 1.8098 12.0 68.0 4.4071 0.0 0.0 -0.826 0.22361 988.0 1.8891 10.0 
0.30982 72.7102 39.0 1901.0 1.0 63.0 0.0 -3.3929 0.0 -0.326 0.5 999.0 2.5 18.0 68.0 0.0 -0.1929 0.0 -0.626 0.5 997.0 2.5 15.0 73.0 3.0071 0.0 0.0 -0.926 0.60828 996.0 2.5 14.0 73.0 6.3071 0.0 0.0 -1.626 0.53852 996.0 2.5 14.0 70.0 9.3071 0.0 0.0 -2.726 0.5099 996.0 2.5 14.0 
0.41624 47.45382 62.0 1907.0 1.0 70.0 0.0 -1.6929 0.874 0.0 0.41231 991.0 2.2749 15.0 77.0 0.2071 0.0 0.374 0.0 0.3 985.0 2.1628 12.0 83.0 1.8071 0.0 0.174 0.0 0.31623 980.0 2.1322 11.0 92.0 3.2071 0.0 0.0 -0.126 0.3 972.0 2.1085 10.0 104.0 4.6071 0.0 0.0 -0.426 0.22361 961.0 2.1245 8.0 
0.45925 69.35559 56.0 1909.0 1.0 90.0 0.0 -1.4929 1.774 0.0 0.36056 980.0 2.5 14.0 99.0 0.4071 0.0 0.474 0.0 0.36056 970.0 2.328 12.0 107.0 2.1071 0.0 0.0 -0.526 0.31623 962.0 2.2929 11.0 122.0 3.7071 0.0 0.0 -1.326 0.28284 946.0 2.269 9.0 138.0 5.2071 0.0 0.0 -2.126 0.31623 927.0 2.2617 8.0 
0.18682 65.59587 44.0 1911.0 1.0 50.0 0.0 -2.9929 1.174 0.0 0.44721 1001.0 2.1279 19.0 57.0 0.0 -0.4929 0.0 -0.326 0.5831 1000.0 2.5 19.0 62.0 2.3071 0.0 0.0 -1.826 0.5831 999.0 2.5 17.0 64.0 5.0071 0.0 0.0 -3.226 0.53852 998.0 2.5 16.0 57.0 7.4071 0.0 0.0 -4.426 0.44721 999.0 2.3703 17.0 
0.52943 35.06378 44.0 1913.0 1.0 65.0 0.0 -3.0929 2.174 0.0 0.72111 1000.0 2.5 15.0 68.0 0.3071 0.0 0.074 0.0 0.64031 998.0 2.5 13.0 69.0 3.3071 0.0 0.0 -1.826 0.5 997.0 2.5 15.0 70.0 5.8071 0.0 0.0 -3.126 0.44721 994.0 2.5 13.0 69.0 7.8071 0.0 0.0 -3.926 0.22361 990.0 2.1142 11.0 
0.31949 36.84572 40.0 1917.0 1.0 65.0 0.0 -2.7929 3.874 0.0 0.86023 1000.0 2.5 17.0 68.0 0.3071 0.0 0.0 -0.126 0.86023 1000.0 2.5 16.0 68.0 3.4071 0.0 0.0 -3.626 0.64031 999.0 2.5 19.0 66.0 6.3071 0.0 0.0 -6.126 0.56569 997.0 2.5 17.0 66.0 8.8071 0.0 0.0 -8.126 0.44721 996.0 2.5 19.0 
0.16835 62.69156 58.0 1918.0 1.0 46.0 0.0 -0.9929 2.474 0.0 0.36056 1000.0 1.6625 11.0 47.0 0.3071 0.0 0.474 0.0 0.42426 999.0 1.6116 10.0 50.0 1.8071 0.0 0.0 -1.426 0.28284 998.0 1.7023 10.0 52.0 3.1071 0.0 0.0 -2.926 0.28284 996.0 1.6246 8.0 60.0 4.4071 0.0 0.0 -4.026 0.28284 993.0 1.8385 9.0 
0.06561 118.43582 43.0 1921.0 1.0 61.0 0.0 -3.7929 0.674 0.0 0.67082 1000.0 2.5 17.0 63.0 0.0 -0.2929 0.0 -1.026 0.5831 1000.0 2.5 20.0 60.0 2.7071 0.0 0.0 -2.326 0.53852 998.0 2.4513 18.0 59.0 5.3071 0.0 0.0 -3.026 0.41231 997.0 2.2221 16.0 65.0 7.6071 0.0 0.0 -3.426 0.41231 994.0 2.2712 17.0 
0.07632 106.76945 84.0 1924.0 1.0 47.0 0.0 -1.6929 0.0 -0.226 0.31623 996.0 1.3272 12.0 51.0 0.0 -0.4929 0.0 -0.826 0.22361 994.0 1.3982 14.0 60.0 0.5071 0.0 0.0 -1.426 0.14142 988.0 1.4708 11.0 73.0 1.3071 0.0 0.0 -1.926 0.2 982.0 1.7558 12.0 81.0 2.2071 0.0 0.0 -2.226 0.22361 977.0 1.8615 10.0 
0.5892 12.23339 41.0 1925.0 1.0 65.0 0.0 -4.0929 0.974 0.0 0.70711 1001.0 2.5 17.0 67.0 0.1071 0.0 0.0 -0.026 0.72801 1000.0 2.5 18.0 64.0 3.6071 0.0 0.0 -1.126 0.5099 999.0 2.5 17.0 63.0 6.3071 0.0 0.0 -1.826 0.41231 997.0 2.5 15.0 60.0 8.5071 0.0 0.0 -2.326 0.31623 996.0 2.1629 14.0 
0.12271 72.3143 46.0 1927.0 1.0 41.0 0.0 -2.7929 1.074 0.0 0.44721 1002.0 1.5608 19.0 50.0 0.0 -0.4929 0.0 -0.426 0.5 1001.0 2.1279 17.0 56.0 2.1071 0.0 0.0 -2.226 0.5 1001.0 2.5 21.0 60.0 4.7071 0.0 0.0 -3.926 0.53852 1000.0 2.5 18.0 54.0 6.9071 0.0 0.0 -5.226 0.44721 999.0 2.1274 17.0 
0.40456 41.52148 58.0 1929.0 1.0 69.0 0.0 -1.9929 1.274 0.0 0.36056 993.0 2.4314 16.0 71.0 0.0071 0.0 0.374 0.0 0.31623 990.0 2.2386 14.0 71.0 1.8071 0.0 0.0 -0.426 0.36056 990.0 2.2386 14.0 69.0 3.4071 0.0 0.0 -1.626 0.28284 990.0 2.1142 14.0 69.0 4.7071 0.0 0.0 -2.726 0.28284 989.0 2.0261 14.0 
0.0955 156.04509 44.0 192.0 1.0 54.0 0.0 -1.2929 3.574 0.0 0.64031 999.0 2.1274 12.0 55.0 0.9071 0.0 1.074 0.0 0.56569 998.0 2.0598 11.0 60.0 3.1071 0.0 0.0 -1.726 0.56569 997.0 2.2981 10.0 63.0 5.1071 0.0 0.0 -4.426 0.5831 996.0 2.3846 12.0 64.0 6.6071 0.0 0.0 -6.926 0.44721 992.0 1.9922 10.0 
0.62589 8.25172 61.0 1930.0 1.0 65.0 0.0 -2.5929 1.574 0.0 0.5831 997.0 2.5 9.0 68.0 0.0071 0.0 0.074 0.0 0.41231 994.0 2.4857 10.0 70.0 2.2071 0.0 0.0 -0.826 0.31623 991.0 2.2749 8.0 70.0 3.8071 0.0 0.0 -1.726 0.22361 988.0 2.0019 8.0 70.0 5.0071 0.0 0.0 -2.726 0.28284 987.0 1.9249 7.0 
0.42999 54.46995 81.0 1932.0 1.0 64.0 0.5071 0.0 0.0 -0.126 0.1 984.0 1.4426 9.0 69.0 0.4071 0.0 0.274 0.0 0.1 981.0 1.5196 9.0 77.0 0.3071 0.0 0.874 0.0 0.1 976.0 1.6367 8.0 84.0 0.3071 0.0 1.574 0.0 0.2 972.0 1.7578 7.0 88.0 0.6071 0.0 2.474 0.0 0.14142 969.0 1.7976 7.0 
0.37307 25.09838 61.0 1945.0 1.0 43.0 0.0 -1.5929 0.174 0.0 0.3 999.0 1.3489 14.0 51.0 0.0071 0.0 0.0 -0.226 0.3 998.0 1.7711 16.0 58.0 1.7071 0.0 0.0 -0.526 0.31623 995.0 1.9088 14.0 60.0 3.2071 0.0 0.0 -1.026 0.22361 993.0 1.8385 12.0 61.0 4.5071 0.0 0.0 -1.526 0.22361 991.0 1.7275 12.0 
0.09994 72.3143 64.0 1947.0 1.0 48.0 0.0 -1.9929 0.474 0.0 0.28284 998.0 1.5688 13.0 54.0 0.0 -0.4929 0.0 -0.426 0.28284 996.0 1.752 15.0 64.0 0.9071 0.0 0.0 -1.126 0.31623 991.0 1.9016 11.0 70.0 2.3071 0.0 0.0 -1.726 0.31623 988.0 2.0019 10.0 74.0 3.6071 0.0 0.0 -2.226 0.3 985.0 1.9975 9.0 
0.40602 22.67945 49.0 1948.0 1.0 50.0 0.0 -1.7929 1.074 0.0 0.36056 999.0 1.8239 18.0 54.0 0.1071 0.0 0.174 0.0 0.44721 999.0 2.1274 17.0 55.0 2.4071 0.0 0.0 -0.926 0.31623 1000.0 2.3767 18.0 52.0 4.6071 0.0 0.0 -2.126 0.36056 1000.0 2.1245 19.0 48.0 6.5071 0.0 0.0 -3.626 0.28284 1001.0 1.961 21.0 
0.06182 284.63193 44.0 1951.0 1.0 45.0 0.0 -3.4929 0.0 -0.226 0.42426 1001.0 1.7236 17.0 47.0 0.0 -1.6929 0.0 -1.926 0.42426 1000.0 1.7355 16.0 53.0 0.3071 0.0 0.0 -2.926 0.4 999.0 2.0493 18.0 71.0 3.2071 0.0 0.0 -2.326 0.5831 997.0 2.5 15.0 79.0 6.9071 0.0 0.0 -0.626 0.72801 997.0 2.5 15.0 
0.41861 14.00819 65.0 1955.0 1.0 54.0 0.0 -1.9929 1.074 0.0 0.44721 999.0 2.1274 20.0 58.0 0.0071 0.0 0.0 -0.126 0.36056 996.0 2.0211 19.0 60.0 1.7071 0.0 0.0 -1.026 0.31623 995.0 2.0427 17.0 59.0 3.2071 0.0 0.0 -1.626 0.22361 994.0 1.8713 16.0 58.0 4.4071 0.0 0.0 -2.226 0.22361 993.0 1.7179 16.0 
0.06392 153.77753 50.0 1959.0 1.0 60.0 0.0 -0.9929 0.0 -2.326 0.44721 996.0 2.1629 14.0 67.0 0.8071 0.0 0.0 -1.126 0.31623 992.0 2.1833 12.0 70.0 2.5071 0.0 0.0 -0.626 0.3 990.0 2.176 11.0 70.0 4.3071 0.0 0.0 -0.826 0.31623 990.0 2.176 11.0 64.0 6.1071 0.0 0.0 -1.426 0.3 993.0 2.0918 12.0 
0.23192 37.62661 58.0 195.0 1.0 41.0 0.0 -1.7929 0.774 0.0 0.36056 1000.0 1.3207 12.0 45.0 0.0 -0.0929 0.0 -0.326 0.31623 1000.0 1.591 16.0 48.0 1.6071 0.0 0.0 -1.326 0.36056 999.0 1.6809 14.0 52.0 3.2071 0.0 0.0 -2.326 0.36056 996.0 1.6246 12.0 59.0 4.7071 0.0 0.0 -3.326 0.22361 994.0 1.8713 13.0 
0.67971 13.18352 102.0 1964.0 1.0 61.0 0.0 -1.0929 0.174 0.0 0.2 991.0 1.7275 19.0 67.0 0.0 -0.0929 0.074 0.0 0.2 986.0 1.6981 16.0 67.0 0.7071 0.0 0.0 -0.026 0.2 985.0 1.6375 16.0 63.0 1.4071 0.0 0.0 -0.026 0.1 986.0 1.5014 16.0 57.0 1.9071 0.0 0.0 -0.026 0.1 988.0 1.3274 17.0 
0.08111 75.10415 51.0 1968.0 1.0 49.0 0.0 -2.6929 2.174 0.0 0.5 1001.0 2.0436 16.0 51.0 0.0 -0.5929 0.0 -0.326 0.5 1001.0 2.2138 17.0 52.0 1.5071 0.0 0.0 -2.526 0.42426 1000.0 2.1245 15.0 53.0 3.6071 0.0 0.0 -3.926 0.44721 998.0 1.9127 13.0 56.0 5.6071 0.0 0.0 -4.526 0.41231 997.0 2.0019 15.0 
0.3606 22.67945 142.0 1969.0 1.0 60.0 0.0 -0.1929 0.774 0.0 0.1 989.0 1.5321 11.0 62.0 0.1071 0.0 0.174 0.0 0.14142 987.0 1.5101 10.0 65.0 0.6071 0.0 0.0 -0.226 0.14142 986.0 1.5983 10.0 67.0 1.2071 0.0 0.0 -0.626 0.14142 985.0 1.6375 9.0 68.0 1.7071 0.0 0.0 -1.126 0.1 984.0 1.6286 9.0 
0.15758 102.78902 47.0 1972.0 1.0 45.0 0.0 -2.5929 0.0 -0.226 0.41231 1002.0 1.8803 19.0 48.0 0.0071 0.0 0.0 -0.926 0.44721 1001.0 1.961 18.0 51.0 2.4071 0.0 0.0 -1.826 0.41231 1001.0 2.2138 21.0 50.0 4.8071 0.0 0.0 -2.526 0.31623 1000.0 1.9642 20.0 50.0 6.8071 0.0 0.0 -3.226 0.3 999.0 1.8239 18.0 
0.07559 51.90795 36.0 1984.0 1.0 50.0 0.0 -2.0929 2.274 0.0 0.64031 1000.0 1.9642 13.0 51.0 0.0 -0.1929 0.0 -0.426 0.53852 999.0 1.8976 12.0 53.0 1.4071 0.0 0.0 -3.226 0.5 998.0 1.9127 11.0 53.0 2.9071 0.0 0.0 -5.626 0.44721 997.0 1.7931 14.0 55.0 4.1071 0.0 0.0 -7.726 0.44721 995.0 1.7165 12.0 
0.23983 78.1117 58.0 1985.0 1.0 82.0 0.0 -1.0929 2.174 0.0 0.42426 984.0 2.3682 9.0 87.0 0.4071 0.0 0.574 0.0 0.36056 979.0 2.2738 8.0 87.0 1.7071 0.0 0.0 -0.426 0.22361 976.0 2.0894 8.0 85.0 2.9071 0.0 0.0 -0.926 0.22361 976.0 1.9944 8.0 86.0 4.1071 0.0 0.0 -1.126 0.3 976.0 2.0416 8.0 
0.11076 270.1154 40.0 1986.0 1.0 76.0 0.1071 0.0 5.574 0.0 0.98489 997.0 2.5 14.0 75.0 2.3071 0.0 0.774 0.0 0.80623 996.0 2.5 12.0 74.0 4.2071 0.0 0.0 -3.226 0.67082 993.0 2.5 11.0 75.0 5.9071 0.0 0.0 -6.126 0.44721 989.0 2.3938 12.0 88.0 7.4071 0.0 0.0 -8.226 0.36056 976.0 2.1377 9.0 
0.27367 12.23339 41.0 198.0 1.0 58.0 0.0 -2.1929 2.974 0.0 0.64031 999.0 2.4542 13.0 55.0 0.1071 0.0 0.0 -0.026 0.5831 999.0 2.2069 12.0 55.0 2.1071 0.0 0.0 -2.626 0.56569 998.0 2.0598 15.0 57.0 3.9071 0.0 0.0 -5.026 0.5 997.0 2.074 13.0 60.0 5.6071 0.0 0.0 -7.226 0.44721 994.0 1.9352 11.0 
0.19422 69.35559 55.0 1991.0 1.0 53.0 0.0 -1.7929 2.574 0.0 0.5 1000.0 2.207 11.0 54.0 0.4071 0.0 0.474 0.0 0.56569 999.0 2.1274 11.0 55.0 2.3071 0.0 0.0 -1.826 0.42426 998.0 2.0598 9.0 58.0 3.9071 0.0 0.0 -3.826 0.36056 995.0 1.9088 8.0 63.0 5.3071 0.0 0.0 -5.326 0.22361 992.0 1.9304 9.0 
0.26054 2.99167 88.0 199.0 1.0 37.0 0.0 -0.2929 0.674 0.0 0.1 999.0 1.0 26.0 37.0 0.0071 0.0 0.0 -0.026 0.14142 999.0 1.0 28.0 40.0 0.3071 0.0 0.0 -0.426 0.1 997.0 1.0214 25.0 47.0 0.8071 0.0 0.0 -0.626 0.0 995.0 1.2535 22.0 50.0 1.3071 0.0 0.0 -0.726 0.2 994.0 1.3439 21.0 
0.29986 35.06378 85.0 2003.0 1.0 71.0 0.0 -1.0929 1.874 0.0 0.36056 991.0 2.3403 11.0 71.0 0.3071 0.0 0.074 0.0 0.36056 989.0 2.1453 11.0 69.0 1.8071 0.0 0.0 -1.226 0.28284 989.0 2.0261 11.0 68.0 3.0071 0.0 0.0 -2.226 0.22361 988.0 1.8891 10.0 75.0 4.0071 0.0 0.0 -2.626 0.1 981.0 1.7954 9.0 
0.31211 37.62661 50.0 2012.0 1.0 63.0 0.0 -2.3929 0.474 0.0 0.41231 993.0 2.0269 10.0 77.0 0.0 -0.0929 0.0 -0.326 0.44721 989.0 2.5 11.0 84.0 2.2071 0.0 0.0 -1.526 0.36056 984.0 2.4851 9.0 83.0 4.1071 0.0 0.0 -2.426 0.3 982.0 2.2698 9.0 83.0 5.8071 0.0 0.0 -2.326 0.31623 980.0 2.1322 9.0 
1.37829 72.25976 55.0 2013.0 1.0 97.0 0.0 -1.9929 2.574 0.0 0.56569 976.0 2.5 10.0 118.0 0.3071 0.0 0.574 0.0 0.42426 962.0 2.5 8.0 114.0 2.4071 0.0 0.0 -1.326 0.42426 962.0 2.5 8.0 107.0 4.1071 0.0 0.0 -2.526 0.22361 962.0 2.2929 8.0 103.0 5.5071 0.0 0.0 -2.726 0.2 962.0 2.1247 8.0 
0.29061 23.16855 56.0 2020.0 1.0 54.0 0.0 -0.9929 2.974 0.0 0.53852 999.0 2.1274 11.0 51.0 0.2071 0.0 0.0 -0.026 0.36056 999.0 1.8976 15.0 51.0 1.6071 0.0 0.0 -1.926 0.36056 997.0 1.6604 13.0 56.0 3.1071 0.0 0.0 -3.126 0.36056 994.0 1.6858 11.0 64.0 4.7071 0.0 0.0 -3.926 0.22361 991.0 1.9016 12.0 
0.42654 38.12432 75.0 2022.0 1.0 93.0 0.0 -1.4929 1.574 0.0 0.36056 976.0 2.3875 8.0 96.0 0.2071 0.0 0.274 0.0 0.28284 972.0 2.2958 7.0 93.0 1.7071 0.0 0.0 -0.726 0.28284 973.0 2.2085 7.0 92.0 3.0071 0.0 0.0 -1.526 0.28284 972.0 2.1085 7.0 91.0 4.2071 0.0 0.0 -2.226 0.1 971.0 2.0138 7.0 
0.23983 45.92858 59.0 2028.0 1.0 53.0 0.0 -1.0929 2.274 0.0 0.5 998.0 1.9127 10.0 55.0 0.4071 0.0 0.074 0.0 0.42426 996.0 1.8174 9.0 59.0 2.0071 0.0 0.0 -1.526 0.42426 995.0 1.9752 11.0 66.0 3.5071 0.0 0.0 -2.526 0.22361 988.0 1.7796 8.0 76.0 4.7071 0.0 0.0 -2.926 0.2 979.0 1.7351 6.0 
0.26265 64.81358 83.0 2031.0 1.0 34.0 0.0 -0.4929 0.574 0.0 0.1 999.0 1.0 19.0 41.0 0.1071 0.0 0.574 0.0 0.1 997.0 1.0731 20.0 48.0 0.7071 0.0 0.574 0.0 0.1 995.0 1.3074 18.0 52.0 1.5071 0.0 0.574 0.0 0.1 994.0 1.4536 17.0 55.0 2.4071 0.0 0.374 0.0 0.2 994.0 1.6261 16.0 
0.38852 14.4498 116.0 2037.0 1.0 53.0 0.0 -0.6929 0.974 0.0 0.22361 994.0 1.51 13.0 57.0 0.1071 0.0 0.074 0.0 0.14142 992.0 1.5802 12.0 62.0 0.9071 0.0 0.0 -0.526 0.22361 990.0 1.707 11.0 64.0 1.8071 0.0 0.0 -1.126 0.14142 988.0 1.6734 10.0 65.0 2.5071 0.0 0.0 -1.626 0.0 985.0 1.5412 10.0 
0.399 12.23339 52.0 2041.0 1.0 42.0 0.0 -1.2929 0.0 -0.426 0.31623 1000.0 1.3859 20.0 46.0 0.1071 0.0 0.0 -0.026 0.22361 999.0 1.5437 17.0 49.0 1.6071 0.0 0.374 0.0 0.2 999.0 1.7517 17.0 50.0 3.3071 0.0 0.574 0.0 0.31623 999.0 1.8239 17.0 47.0 5.1071 0.0 1.174 0.0 0.28284 1000.0 1.7355 19.0 
0.38088 38.12432 109.0 2051.0 1.0 53.0 0.0 -0.6929 0.874 0.0 0.22361 993.0 1.4345 12.0 63.0 0.2071 0.0 0.274 0.0 0.14142 987.0 1.5592 11.0 72.0 1.0071 0.0 0.0 -0.126 0.2 980.0 1.6045 9.0 76.0 1.9071 0.0 0.0 -0.326 0.1 978.0 1.6856 8.0 76.0 2.7071 0.0 0.0 -0.526 0.1 977.0 1.6387 8.0 
0.39694 88.93632 61.0 2052.0 1.0 115.0 0.0 -1.5929 2.074 0.0 0.36056 956.0 2.3698 10.0 136.0 0.2071 0.0 0.774 0.0 0.44721 938.0 2.5 8.0 134.0 2.0071 0.0 0.0 -0.426 0.36056 938.0 2.4453 8.0 126.0 3.6071 0.0 0.0 -1.426 0.28284 943.0 2.3165 9.0 119.0 4.8071 0.0 0.0 -2.126 0.22361 947.0 2.1915 9.0 
0.16518 32.63974 66.0 2058.0 1.0 47.0 0.0 -1.9929 1.974 0.0 0.5 1001.0 1.8802 13.0 44.0 0.0 -0.2929 0.0 -0.026 0.36056 1000.0 1.5211 12.0 44.0 1.2071 0.0 0.0 -1.626 0.28284 1000.0 1.5211 16.0 45.0 2.5071 0.0 0.0 -2.826 0.28284 999.0 1.4773 14.0 48.0 3.7071 0.0 0.0 -3.826 0.28284 997.0 1.4708 12.0 
0.30015 49.71343 100.0 2059.0 1.0 31.0 0.0 -0.0929 0.0 -0.626 0.14142 1000.0 1.0 32.0 35.0 0.3071 0.0 0.0 -0.326 0.1 999.0 1.0 28.0 38.0 0.7071 0.0 0.0 -0.026 0.1 998.0 1.0 27.0 39.0 1.2071 0.0 0.274 0.0 0.14142 998.0 1.0357 26.0 40.0 1.6071 0.0 0.574 0.0 0.1 997.0 1.0214 25.0 
0.1632 73.93353 100.0 2063.0 1.0 62.0 0.0 -0.1929 1.674 0.0 0.22361 993.0 1.9631 12.0 60.0 0.6071 0.0 0.274 0.0 0.28284 992.0 1.7509 12.0 57.0 1.3071 0.0 0.0 -0.726 0.14142 992.0 1.5802 12.0 53.0 1.8071 0.0 0.0 -1.226 0.1 992.0 1.3662 12.0 52.0 2.2071 0.0 0.0 -1.326 0.14142 992.0 1.3151 12.0 
0.11674 113.88873 106.0 2068.0 1.0 22.0 0.0071 0.0 0.0 -1.026 0.0 1002.0 1.0 13.0 24.0 0.0071 0.0 0.0 -1.026 0.1 1001.0 1.0 12.0 27.0 0.1071 0.0 0.0 -1.126 0.0 1000.0 1.0 11.0 31.0 0.2071 0.0 0.0 -1.126 0.0 998.0 1.0 10.0 38.0 0.3071 0.0 0.0 -1.026 0.1 996.0 1.0 8.0 
1.03373 13.18352 61.0 206.0 1.0 67.0 0.0 -1.8929 0.0 -0.326 0.31623 989.0 1.9104 10.0 80.0 0.0 -0.0929 0.074 0.0 0.3 980.0 1.9808 9.0 101.0 1.7071 0.0 0.274 0.0 0.31623 966.0 2.2168 9.0 134.0 3.4071 0.0 0.774 0.0 0.31623 933.0 2.2925 6.0 148.0 4.9071 0.0 1.374 0.0 0.31623 915.0 2.2829 6.0 
0.17809 32.98146 53.0 2070.0 1.0 57.0 0.0 -2.6929 1.874 0.0 0.5831 999.0 2.3703 11.0 58.0 0.0 -0.1929 0.0 -0.226 0.5 997.0 2.1474 10.0 59.0 1.9071 0.0 0.0 -2.226 0.36056 996.0 2.0914 12.0 61.0 3.5071 0.0 0.0 -3.626 0.36056 992.0 1.8098 10.0 73.0 5.1071 0.0 0.0 -4.526 0.31623 987.0 2.0934 10.0 
0.26094 131.83447 155.0 2071.0 1.0 87.0 0.0 -1.2929 2.274 0.0 0.44721 983.0 2.5 9.0 84.0 0.5071 0.0 1.074 0.0 0.31623 982.0 2.3248 9.0 79.0 2.1071 0.0 0.374 0.0 0.22361 984.0 2.1981 9.0 74.0 3.4071 0.0 0.0 -0.126 0.2 985.0 1.9975 9.0 68.0 4.5071 0.0 0.0 -0.226 0.2 987.0 1.8165 10.0 
0.13446 91.68939 52.0 2076.0 1.0 54.0 0.0 -1.5929 0.0 -0.826 0.3 996.0 1.752 14.0 63.0 0.0071 0.0 0.0 -0.826 0.2 992.0 1.9304 12.0 67.0 1.6071 0.0 0.0 -0.726 0.3 991.0 2.0841 11.0 65.0 3.4071 0.0 0.0 -0.826 0.41231 993.0 2.1576 12.0 59.0 5.2071 0.0 0.0 -1.226 0.31623 996.0 2.0914 13.0 
0.0448 80.89962 39.0 2077.0 1.0 56.0 0.0 -3.0929 2.374 0.0 0.64031 1000.0 2.4639 12.0 55.0 0.0 -0.6929 0.0 -0.226 0.5 999.0 2.2069 11.0 57.0 1.3071 0.0 0.0 -2.726 0.5 997.0 2.074 10.0 60.0 3.2071 0.0 0.0 -5.126 0.5 996.0 2.1629 10.0 69.0 5.0071 0.0 0.0 -7.526 0.5 993.0 2.4314 10.0 
0.09547 48.64617 82.0 2083.0 1.0 43.0 0.0 -1.5929 0.874 0.0 0.28284 999.0 1.3489 11.0 43.0 0.0 -0.2929 0.0 -0.326 0.28284 999.0 1.3489 15.0 44.0 0.9071 0.0 0.0 -1.326 0.14142 998.0 1.3183 13.0 47.0 1.9071 0.0 0.0 -2.026 0.22361 996.0 1.3272 12.0 50.0 3.0071 0.0 0.0 -2.426 0.22361 994.0 1.3439 10.0 
0.39056 14.4498 69.0 2087.0 1.0 52.0 0.0 -1.4929 2.074 0.0 0.42426 999.0 1.9727 14.0 53.0 0.1071 0.0 0.074 0.0 0.36056 998.0 1.9127 13.0 55.0 1.8071 0.0 0.0 -1.426 0.36056 996.0 1.8174 12.0 58.0 3.3071 0.0 0.0 -2.526 0.22361 993.0 1.7179 11.0 67.0 4.6071 0.0 0.0 -3.026 0.2 988.0 1.834 10.0 
0.12288 136.08828 84.0 2088.0 1.0 54.0 0.0 -1.0929 0.0 -1.326 0.2 992.0 1.4182 13.0 67.0 0.0071 0.0 0.0 -1.226 0.2 985.0 1.6375 10.0 86.0 1.2071 0.0 0.0 -1.126 0.22361 975.0 1.9879 10.0 97.0 2.3071 0.0 0.0 -0.826 0.22361 965.0 2.0021 9.0 105.0 3.2071 0.0 0.0 -0.226 0.22361 957.0 2.0108 8.0 
0.32596 53.94034 57.0 2094.0 1.0 58.0 0.0 -2.1929 2.174 0.0 0.5 999.0 2.4542 14.0 59.0 0.1071 0.0 0.474 0.0 0.44721 997.0 2.2221 12.0 60.0 2.1071 0.0 0.0 -1.126 0.36056 995.0 2.0427 11.0 68.0 3.7071 0.0 0.0 -2.726 0.28284 989.0 1.9678 9.0 82.0 5.1071 0.0 0.0 -4.026 0.28284 981.0 2.1462 9.0 
0.09535 136.47613 74.0 2099.0 1.0 66.0 0.0 -1.4929 0.0 -1.126 0.2 988.0 1.7796 14.0 82.0 0.0 -0.0929 0.0 -1.226 0.2 976.0 1.8561 11.0 104.0 1.3071 0.0 0.0 -1.326 0.2 961.0 2.1245 10.0 114.0 2.6071 0.0 0.0 -1.326 0.1 952.0 2.176 9.0 105.0 3.6071 0.0 0.0 -1.126 0.1 957.0 2.0108 10.0 
0.15059 37.62661 81.0 2100.0 1.0 35.0 0.0 -0.9929 0.074 0.0 0.22361 1000.0 1.0 16.0 39.0 0.0 -0.0929 0.0 -0.326 0.22361 999.0 1.1096 14.0 45.0 0.9071 0.0 0.0 -0.726 0.14142 998.0 1.3789 16.0 50.0 1.8071 0.0 0.0 -1.126 0.1 995.0 1.4186 14.0 54.0 2.7071 0.0 0.0 -1.426 0.22361 993.0 1.4892 13.0 
0.19744 91.68939 94.0 2101.0 1.0 39.0 0.0 -0.8929 0.0 -1.026 0.1 999.0 1.1096 18.0 44.0 0.0071 0.0 0.0 -0.826 0.2 997.0 1.2359 16.0 52.0 1.0071 0.0 0.0 -0.926 0.2 994.0 1.4536 17.0 58.0 2.0071 0.0 0.0 -1.026 0.1 992.0 1.6361 15.0 60.0 2.8071 0.0 0.0 -1.126 0.2 990.0 1.5987 14.0 
0.23397 62.74853 67.0 2102.0 1.0 50.0 0.0 -0.3929 0.0 -0.926 0.14142 992.0 1.2159 9.0 65.0 0.2071 0.0 0.0 -0.526 0.2 986.0 1.5983 10.0 84.0 1.1071 0.0 0.0 -0.326 0.2 974.0 1.8479 8.0 92.0 2.3071 0.0 0.0 -0.126 0.2 970.0 2.0104 7.0 97.0 3.4071 0.0 0.174 0.0 0.22361 965.0 2.0021 7.0 
0.05806 65.59587 72.0 2111.0 1.0 46.0 0.0 -2.0929 1.874 0.0 0.5 1000.0 1.6625 12.0 48.0 0.0 -0.4929 0.0 -0.326 0.42426 999.0 1.6809 11.0 50.0 1.1071 0.0 0.0 -2.026 0.36056 997.0 1.5959 10.0 51.0 2.6071 0.0 0.0 -3.226 0.28284 996.0 1.5627 12.0 55.0 3.7071 0.0 0.0 -4.126 0.22361 992.0 1.4713 10.0 
0.22667 173.84267 83.0 2123.0 1.0 49.0 1.7071 0.0 0.0 -2.826 0.41231 1000.0 1.8864 19.0 47.0 1.5071 0.0 0.0 -0.426 0.41231 1000.0 1.7355 19.0 44.0 1.8071 0.0 1.674 0.0 0.3 1000.0 1.5211 19.0 41.0 2.1071 0.0 3.274 0.0 0.31623 1000.0 1.3207 19.0 36.0 2.4071 0.0 4.474 0.0 0.22361 1001.0 1.1031 20.0 
0.44576 22.93337 41.0 2124.0 1.0 47.0 0.0 -2.3929 0.0 -1.126 0.41231 1001.0 1.8802 20.0 50.0 0.0 -0.1929 0.074 0.0 0.44721 1001.0 2.1279 20.0 60.0 2.4071 0.0 0.474 0.0 0.5 999.0 2.5 18.0 65.0 5.6071 0.0 0.0 -0.026 0.5099 999.0 2.5 17.0 64.0 8.7071 0.0 0.0 -0.526 0.5099 999.0 2.5 17.0 
0.64512 26.90838 54.0 2128.0 1.0 78.0 0.0 -2.3929 2.474 0.0 0.70711 993.0 2.5 11.0 75.0 0.2071 0.0 0.0 -0.126 0.5 988.0 2.2981 9.0 83.0 2.4071 0.0 0.0 -1.726 0.36056 981.0 2.1988 9.0 115.0 4.3071 0.0 0.0 -3.026 0.42426 954.0 2.2894 7.0 152.0 6.0071 0.0 0.0 -4.226 0.28284 912.0 2.3364 6.0 
0.40836 70.10126 41.0 2129.0 1.0 61.0 0.0 -1.9929 2.974 0.0 0.64031 998.0 2.5 12.0 65.0 0.6071 0.0 0.174 0.0 0.64031 996.0 2.5 13.0 67.0 2.9071 0.0 0.0 -2.526 0.5 993.0 2.2925 11.0 75.0 4.9071 0.0 0.0 -5.026 0.5831 989.0 2.3938 10.0 90.0 6.5071 0.0 0.0 -7.826 0.5831 980.0 2.5 9.0 
0.13557 97.27973 97.0 212.0 1.0 23.0 0.0 -0.5929 0.0 -0.826 0.0 1002.0 1.0 19.0 26.0 0.0 -0.2929 0.0 -0.826 0.14142 1001.0 1.0 18.0 28.0 0.1071 0.0 0.0 -1.026 0.0 1000.0 1.0 16.0 31.0 0.4071 0.0 0.0 -0.926 0.1 1000.0 1.0 20.0 37.0 0.8071 0.0 0.0 -0.726 0.0 998.0 1.0 16.0 
0.38002 28.83574 52.0 2132.0 1.0 51.0 0.0 -1.6929 0.0 -2.226 0.5 1001.0 2.2138 20.0 53.0 0.0 -0.1929 0.174 0.0 0.44721 1000.0 2.207 18.0 54.0 1.4071 0.0 2.374 0.0 0.42426 1000.0 2.291 18.0 51.0 3.4071 0.0 3.674 0.0 0.44721 1000.0 2.0435 19.0 48.0 5.4071 0.0 4.474 0.0 0.41231 1001.0 1.961 20.0 
0.10699 144.57836 119.0 2137.0 1.0 64.0 0.0 -0.6929 0.0 -1.726 0.31623 995.0 2.3242 13.0 68.0 1.0071 0.0 0.0 -0.826 0.36056 992.0 2.249 12.0 65.0 2.6071 0.0 0.374 0.0 0.31623 993.0 2.1576 12.0 56.0 4.0071 0.0 0.874 0.0 0.22361 994.0 1.6858 13.0 48.0 4.9071 0.0 1.174 0.0 0.1 996.0 1.3843 14.0 
0.13299 105.04884 86.0 2140.0 1.0 55.0 0.0 -0.5929 0.0 -1.426 0.22361 995.0 1.7165 14.0 65.0 0.6071 0.0 0.0 -0.726 0.22361 989.0 1.798 11.0 69.0 1.8071 0.0 0.0 -0.026 0.22361 987.0 1.8703 10.0 73.0 2.9071 0.0 0.474 0.0 0.2 983.0 1.8143 9.0 78.0 3.9071 0.0 0.574 0.0 0.1 979.0 1.8277 8.0 
0.30038 101.3015 62.0 2144.0 1.0 50.0 0.6071 0.0 0.0 -2.126 0.2 997.0 1.5959 15.0 56.0 0.8071 0.0 0.0 -0.426 0.31623 995.0 1.7795 13.0 54.0 1.4071 0.0 1.274 0.0 0.22361 996.0 1.752 14.0 50.0 2.1071 0.0 2.474 0.0 0.14142 997.0 1.5959 15.0 46.0 3.0071 0.0 3.174 0.0 0.22361 998.0 1.4408 16.0 
0.35734 12.23339 48.0 2146.0 1.0 58.0 0.0 -2.0929 2.574 0.0 0.5831 999.0 2.4542 11.0 58.0 0.1071 0.0 0.0 -0.026 0.56569 998.0 2.2906 10.0 60.0 2.4071 0.0 0.0 -1.726 0.36056 997.0 2.2981 12.0 59.0 4.5071 0.0 0.0 -2.426 0.31623 995.0 1.9752 11.0 65.0 6.3071 0.0 0.0 -2.426 0.31623 991.0 1.9615 9.0 
0.26469 25.09838 54.0 2147.0 1.0 76.0 0.0 -1.5929 0.774 0.0 0.36056 986.0 2.185 7.0 94.0 0.0071 0.0 0.0 -0.226 0.36056 972.0 2.2012 5.0 102.0 1.7071 0.0 0.0 -1.126 0.36056 967.0 2.3101 5.0 93.0 3.5071 0.0 0.0 -1.926 0.31623 975.0 2.3247 6.0 82.0 5.2071 0.0 0.0 -2.726 0.28284 982.0 2.2154 6.0 
0.33126 13.18352 78.0 2149.0 1.0 53.0 0.0 -0.6929 0.0 -0.226 0.1 993.0 1.4345 12.0 58.0 0.0 -0.0929 0.074 0.0 0.14142 990.0 1.4939 11.0 59.0 0.4071 0.0 0.574 0.0 0.1 990.0 1.5458 11.0 59.0 1.0071 0.0 0.874 0.0 0.14142 990.0 1.5458 11.0 58.0 1.7071 0.0 1.174 0.0 0.1 991.0 1.5618 11.0 
0.40667 52.57774 98.0 2150.0 1.0 58.0 0.0 -1.4929 0.0 -1.126 0.31623 996.0 2.0211 13.0 63.0 0.2071 0.0 0.0 -0.426 0.36056 993.0 2.0269 12.0 67.0 1.6071 0.0 0.574 0.0 0.28284 989.0 1.9104 11.0 71.0 2.7071 0.0 1.474 0.0 0.14142 985.0 1.8388 10.0 75.0 3.5071 0.0 2.174 0.0 0.14142 980.0 1.741 9.0 
0.18601 105.04884 48.0 2151.0 1.0 37.0 0.0 -0.4929 0.0 -2.126 0.31623 1002.0 1.2711 18.0 41.0 0.6071 0.0 0.0 -0.726 0.28284 1001.0 1.4308 16.0 46.0 2.2071 0.0 0.0 -0.026 0.3 1000.0 1.6625 14.0 49.0 4.2071 0.0 0.0 -0.026 0.3 1000.0 1.8864 14.0 48.0 6.3071 0.0 0.074 0.0 0.3 1001.0 1.961 15.0 
0.17761 212.87897 57.0 2159.0 1.0 52.0 2.2071 0.0 0.0 -0.526 0.31623 996.0 1.6246 14.0 49.0 1.7071 0.0 0.874 0.0 0.3 997.0 1.5327 15.0 44.0 1.3071 0.0 2.174 0.0 0.2 998.0 1.3183 16.0 38.0 1.1071 0.0 3.074 0.0 0.1 999.0 1.0535 17.0 33.0 1.1071 0.0 3.474 0.0 0.14142 1000.0 1.0 18.0 
0.42396 12.23339 58.0 2161.0 1.0 55.0 0.0 -2.1929 1.174 0.0 0.44721 1000.0 2.3767 15.0 53.0 0.1071 0.0 0.0 -0.026 0.44721 999.0 2.0493 14.0 55.0 2.2071 0.0 0.0 -1.326 0.42426 997.0 1.931 12.0 60.0 4.0071 0.0 0.0 -2.826 0.28284 994.0 1.9352 10.0 68.0 5.5071 0.0 0.0 -4.126 0.22361 990.0 2.0534 11.0 
0.08869 181.11059 49.0 2169.0 1.0 59.0 0.2071 0.0 0.0 -3.226 0.44721 998.0 2.3703 15.0 59.0 1.4071 0.0 0.0 -0.826 0.36056 997.0 2.2221 15.0 52.0 2.4071 0.0 1.074 0.0 0.31623 998.0 1.8412 16.0 43.0 3.1071 0.0 2.274 0.0 0.22361 999.0 1.3489 17.0 36.0 3.6071 0.0 3.074 0.0 0.1 1000.0 1.0182 18.0 
0.08731 184.44668 50.0 2170.0 1.0 59.0 0.0 -0.4929 0.0 -2.526 0.44721 998.0 2.3703 16.0 60.0 1.3071 0.0 0.0 -1.026 0.42426 997.0 2.2981 15.0 58.0 2.9071 0.0 0.674 0.0 0.28284 997.0 2.1474 14.0 55.0 4.4071 0.0 1.874 0.0 0.36056 998.0 2.0598 15.0 51.0 6.1071 0.0 2.774 0.0 0.22361 999.0 1.8976 17.0 
0.25921 30.42421 52.0 2171.0 1.0 39.0 0.0 -1.7929 1.274 0.0 0.36056 1001.0 1.2946 13.0 43.0 0.0071 0.0 0.274 0.0 0.36056 1001.0 1.5738 17.0 47.0 1.9071 0.0 0.0 -0.826 0.36056 1000.0 1.7355 15.0 50.0 3.7071 0.0 0.0 -1.826 0.31623 998.0 1.7023 13.0 54.0 5.6071 0.0 0.0 -2.726 0.31623 997.0 1.8615 16.0 
0.27662 58.02088 49.0 2172.0 1.0 47.0 0.0 -1.9929 0.0 -1.626 0.36056 1002.0 2.0511 22.0 45.0 0.0 -0.4929 0.174 0.0 0.36056 1001.0 1.7236 21.0 43.0 0.5071 0.0 2.374 0.0 0.31623 1001.0 1.5738 22.0 38.0 1.2071 0.0 4.174 0.0 0.31623 1002.0 1.3408 23.0 33.0 2.0071 0.0 5.474 0.0 0.22361 1002.0 1.0112 24.0 
0.25182 57.38457 80.0 2174.0 1.0 46.0 0.0 -1.9929 0.374 0.0 0.36056 999.0 1.5437 14.0 52.0 0.0 -0.2929 0.0 -0.426 0.31623 998.0 1.8412 17.0 57.0 1.5071 0.0 0.0 -0.726 0.2 996.0 1.952 14.0 60.0 3.0071 0.0 0.0 -0.626 0.3 994.0 1.9352 13.0 61.0 4.5071 0.0 0.0 -0.626 0.2 992.0 1.8098 12.0 
0.20432 142.08722 71.0 2178.0 1.0 40.0 1.0071 0.0 0.0 -1.726 0.2 999.0 1.1673 17.0 46.0 1.2071 0.0 0.0 -0.426 0.31623 998.0 1.4408 16.0 54.0 1.7071 0.0 1.074 0.0 0.31623 995.0 1.6546 14.0 58.0 2.5071 0.0 2.374 0.0 0.22361 993.0 1.7179 12.0 61.0 3.3071 0.0 3.274 0.0 0.22361 991.0 1.7275 11.0 
0.22104 62.18838 63.0 2183.0 1.0 55.0 0.0 -2.3929 0.574 0.0 0.44721 997.0 1.931 13.0 58.0 0.0 -0.1929 0.0 -0.526 0.36056 996.0 2.0211 16.0 64.0 1.8071 0.0 0.0 -1.426 0.31623 992.0 1.9922 13.0 72.0 3.6071 0.0 0.0 -1.826 0.22361 987.0 2.0365 13.0 82.0 5.0071 0.0 0.0 -2.026 0.22361 979.0 2.0199 11.0 
0.23682 150.93414 53.0 2186.0 1.0 46.0 0.1071 0.0 0.0 -2.726 0.44721 1001.0 1.801 20.0 48.0 1.2071 0.0 0.0 -0.626 0.36056 1000.0 1.8102 19.0 47.0 2.6071 0.0 0.874 0.0 0.36056 1000.0 1.7355 19.0 45.0 4.2071 0.0 1.674 0.0 0.22361 1000.0 1.591 19.0 42.0 5.7071 0.0 1.974 0.0 0.3 1001.0 1.5014 20.0 
0.55889 12.23339 92.0 2187.0 1.0 48.0 0.0 -0.2929 0.0 -0.826 0.14142 995.0 1.3074 14.0 53.0 0.1071 0.0 0.0 -0.026 0.22361 993.0 1.4345 12.0 54.0 0.5071 0.0 0.974 0.0 0.2 993.0 1.4892 12.0 57.0 0.8071 0.0 1.974 0.0 0.22361 992.0 1.5802 12.0 60.0 1.2071 0.0 3.174 0.0 0.1 990.0 1.5987 11.0 
0.23616 56.66943 106.0 2188.0 1.0 71.0 0.0 -2.5929 0.974 0.0 0.44721 993.0 2.5 10.0 74.0 0.0 -0.3929 0.0 -0.326 0.44721 990.0 2.4318 11.0 89.0 1.6071 0.0 0.0 -1.226 0.31623 979.0 2.3795 8.0 102.0 3.4071 0.0 0.0 -1.826 0.31623 966.0 2.2609 7.0 110.0 4.8071 0.0 0.0 -2.426 0.22361 956.0 2.1682 6.0 
0.15428 37.62661 77.0 218.0 1.0 49.0 0.0 -1.4929 1.174 0.0 0.36056 999.0 1.7517 14.0 52.0 0.0 -0.0929 0.0 -0.326 0.28284 996.0 1.6246 12.0 56.0 1.1071 0.0 0.0 -1.426 0.31623 994.0 1.6858 12.0 64.0 2.3071 0.0 0.0 -2.026 0.22361 990.0 1.8189 11.0 71.0 3.4071 0.0 0.0 -2.326 0.22361 985.0 1.8388 9.0 
0.1481 70.49561 67.0 2200.0 1.0 33.0 0.0 -1.0929 0.0 -0.626 0.2 1002.0 1.0112 19.0 35.0 0.1071 0.0 0.0 -0.626 0.2 1001.0 1.0427 17.0 39.0 1.4071 0.0 0.0 -0.326 0.2 1001.0 1.2946 21.0 44.0 2.7071 0.0 0.174 0.0 0.22361 999.0 1.4124 18.0 47.0 3.8071 0.0 0.974 0.0 0.22361 998.0 1.5041 16.0 
0.25265 145.1168 151.0 2204.0 1.0 38.0 1.3071 0.0 0.0 -1.126 0.2 1000.0 1.1345 18.0 43.0 1.3071 0.0 0.0 -0.026 0.2 998.0 1.259 16.0 45.0 1.3071 0.0 1.174 0.0 0.2 998.0 1.3789 15.0 46.0 1.2071 0.0 2.474 0.0 0.3 998.0 1.4408 16.0 46.0 1.1071 0.0 3.874 0.0 0.22361 998.0 1.4408 16.0 
0.1228 94.49135 262.0 2210.0 1.0 58.0 0.0 -1.1929 2.874 0.0 0.56569 999.0 2.4542 11.0 52.0 0.7071 0.0 0.474 0.0 0.44721 998.0 1.8412 14.0 51.0 2.1071 0.0 0.0 -1.326 0.28284 996.0 1.5627 12.0 53.0 3.3071 0.0 0.0 -2.526 0.22361 994.0 1.51 14.0 60.0 4.3071 0.0 0.0 -3.226 0.2 989.0 1.5321 11.0 
0.36384 56.36204 77.0 2223.0 1.0 37.0 0.6071 0.0 0.0 -1.226 0.22361 1000.0 1.0756 20.0 41.0 0.5071 0.0 0.0 -0.026 0.2 999.0 1.2264 17.0 42.0 0.6071 0.0 0.974 0.0 0.2 998.0 1.2011 16.0 43.0 0.9071 0.0 1.874 0.0 0.14142 998.0 1.259 16.0 43.0 1.6071 0.0 2.574 0.0 0.28284 999.0 1.3489 16.0 
0.12676 51.90795 72.0 2224.0 1.0 39.0 0.0 -1.4929 0.674 0.0 0.36056 1000.0 1.195 17.0 41.0 0.0 -0.1929 0.0 -0.426 0.28284 999.0 1.2264 15.0 43.0 1.1071 0.0 0.0 -1.026 0.2 998.0 1.259 14.0 46.0 2.2071 0.0 0.0 -1.326 0.2 996.0 1.2713 12.0 51.0 3.2071 0.0 0.0 -1.726 0.22361 994.0 1.3982 14.0 
0.84643 19.33007 70.0 2225.0 1.0 87.0 0.0 -1.3929 0.474 0.0 0.31623 976.0 2.0894 10.0 102.0 0.0071 0.0 0.174 0.0 0.31623 964.0 2.1686 8.0 98.0 1.5071 0.0 0.174 0.0 0.2 967.0 2.1324 9.0 93.0 2.7071 0.0 0.474 0.0 0.22361 971.0 2.1033 9.0 88.0 3.8071 0.0 0.874 0.0 0.14142 972.0 1.9291 9.0 
0.17281 48.39733 76.0 2226.0 1.0 33.0 0.0 -1.1929 0.0 -0.326 0.22361 1001.0 1.0 18.0 37.0 0.0 -0.0929 0.0 -0.426 0.2 1001.0 1.1652 21.0 41.0 1.0071 0.0 0.0 -0.426 0.2 1000.0 1.3207 18.0 44.0 2.2071 0.0 0.0 -0.426 0.22361 999.0 1.4124 17.0 45.0 3.3071 0.0 0.0 -0.626 0.2 998.0 1.3789 16.0 
0.41488 58.29206 50.0 2230.0 1.0 41.0 0.0 -1.4929 0.0 -1.326 0.36056 1002.0 1.5608 24.0 44.0 0.3071 0.0 0.0 -0.426 0.31623 1001.0 1.6478 22.0 45.0 2.1071 0.0 0.474 0.0 0.28284 1001.0 1.7236 21.0 43.0 3.6071 0.0 1.874 0.0 0.28284 1001.0 1.5738 21.0 41.0 5.1071 0.0 2.974 0.0 0.41231 1002.0 1.5608 23.0 
0.2078 53.71602 53.0 2232.0 1.0 53.0 0.0 -1.4929 2.674 0.0 0.5 1000.0 2.207 12.0 51.0 0.3071 0.0 0.374 0.0 0.42426 998.0 1.7711 10.0 52.0 2.0071 0.0 0.0 -1.326 0.28284 998.0 1.8412 13.0 54.0 3.6071 0.0 0.0 -2.426 0.31623 996.0 1.752 12.0 61.0 5.4071 0.0 0.0 -2.926 0.22361 994.0 2.0003 13.0 
0.51883 78.26613 39.0 2237.0 1.0 79.0 0.0 -4.4929 2.774 0.0 0.98489 1000.0 2.5 15.0 76.0 0.2071 0.0 0.674 0.0 0.76158 998.0 2.5 13.0 74.0 3.8071 0.0 0.0 -1.026 0.63246 996.0 2.5 15.0 74.0 6.9071 0.0 0.0 -1.926 0.44721 993.0 2.5 12.0 69.0 9.1071 0.0 0.0 -2.426 0.3 992.0 2.3156 12.0 
0.08848 80.01448 67.0 223.0 1.0 46.0 0.0 -2.5929 1.074 0.0 0.42426 1001.0 1.801 13.0 47.0 0.0 -0.4929 0.0 -0.526 0.44721 1000.0 1.7355 12.0 47.0 1.5071 0.0 0.0 -1.726 0.44721 999.0 1.6116 11.0 48.0 3.3071 0.0 0.0 -2.926 0.36056 999.0 1.6809 14.0 49.0 4.7071 0.0 0.0 -3.926 0.22361 996.0 1.4425 12.0 
0.07583 132.37635 39.0 2243.0 1.0 73.0 0.0 -4.8929 0.0 -0.126 0.82462 1000.0 2.5 16.0 73.0 0.0 -0.3929 0.0 -1.126 0.70711 998.0 2.5 14.0 72.0 3.5071 0.0 0.0 -2.226 0.63246 996.0 2.5 12.0 73.0 6.6071 0.0 0.0 -3.526 0.5831 994.0 2.5 13.0 70.0 9.1071 0.0 0.0 -4.826 0.44721 993.0 2.5 13.0 
0.48524 41.52148 44.0 2247.0 1.0 57.0 0.0 -3.2929 1.874 0.0 0.63246 1001.0 2.5 17.0 60.0 0.0071 0.0 0.374 0.0 0.53852 1000.0 2.5 16.0 61.0 3.1071 0.0 0.0 -1.126 0.5831 999.0 2.5 14.0 60.0 5.7071 0.0 0.0 -2.626 0.44721 998.0 2.4513 16.0 55.0 7.6071 0.0 0.0 -3.826 0.36056 997.0 1.931 16.0 
0.36153 49.71343 69.0 2248.0 1.0 45.0 0.0 -0.3929 0.0 -0.926 0.14142 996.0 1.2166 11.0 53.0 0.3071 0.0 0.0 -0.326 0.14142 991.0 1.3041 9.0 67.0 1.1071 0.0 0.174 0.0 0.1 986.0 1.6981 10.0 79.0 2.1071 0.0 0.374 0.0 0.2 979.0 1.8748 8.0 87.0 3.2071 0.0 0.274 0.0 0.22361 974.0 1.9822 8.0 
0.19564 44.52005 36.0 2249.0 1.0 68.0 0.0 -3.5929 4.674 0.0 0.92195 1001.0 2.5 17.0 71.0 0.0 -0.2929 0.274 0.0 0.86023 1000.0 2.5 16.0 73.0 2.8071 0.0 0.0 -3.826 0.78102 999.0 2.5 14.0 75.0 6.0071 0.0 0.0 -7.326 0.64031 997.0 2.5 12.0 75.0 9.0071 0.0 0.0 -9.726 0.5831 994.0 2.5 13.0 
0.10405 196.81356 57.0 2252.0 1.0 40.0 0.0 -1.2929 0.0 -2.226 0.41231 1002.0 1.4856 22.0 44.0 0.7071 0.0 0.0 -1.626 0.31623 1001.0 1.6478 22.0 48.0 2.7071 0.0 0.0 -1.026 0.31623 1000.0 1.8102 20.0 47.0 4.4071 0.0 0.0 -0.326 0.36056 1000.0 1.7355 18.0 44.0 5.8071 0.0 0.574 0.0 0.22361 1000.0 1.5211 18.0 
0.37336 32.65484 43.0 2253.0 1.0 58.0 0.0 -2.7929 2.974 0.0 0.70711 1001.0 2.5 18.0 60.0 0.1071 0.0 0.274 0.0 0.64031 1000.0 2.5 16.0 60.0 3.0071 0.0 0.0 -1.926 0.56569 999.0 2.5 14.0 61.0 5.6071 0.0 0.0 -3.526 0.41231 998.0 2.5 16.0 60.0 7.8071 0.0 0.0 -4.326 0.3 996.0 2.1629 14.0 
0.54585 48.64617 40.0 2258.0 1.0 54.0 0.0 -2.6929 0.0 -0.726 0.44721 998.0 1.9855 13.0 63.0 0.0 -0.2929 0.0 -0.326 0.41231 996.0 2.3846 14.0 78.0 2.6071 0.0 0.0 -1.026 0.53852 993.0 2.5 12.0 83.0 5.8071 0.0 0.0 -1.626 0.60828 991.0 2.5 11.0 84.0 9.1071 0.0 0.0 -1.726 0.6 991.0 2.5 11.0 
0.07992 200.04055 80.0 2259.0 1.0 45.0 0.8071 0.0 0.0 -2.026 0.22361 998.0 1.3789 16.0 52.0 1.4071 0.0 0.0 -1.126 0.14142 995.0 1.5343 13.0 54.0 2.0071 0.0 0.0 -0.326 0.14142 994.0 1.5675 12.0 51.0 2.6071 0.0 0.374 0.0 0.22361 995.0 1.4759 13.0 46.0 3.1071 0.0 1.074 0.0 0.14142 997.0 1.3508 14.0 
0.06835 65.59587 50.0 2263.0 1.0 52.0 0.0 -2.8929 2.074 0.0 0.64031 1001.0 2.3015 13.0 52.0 0.0 -0.4929 0.0 -0.326 0.56569 1000.0 2.1245 12.0 52.0 1.6071 0.0 0.0 -2.426 0.56569 999.0 1.9727 11.0 54.0 3.6071 0.0 0.0 -4.426 0.42426 997.0 1.8615 10.0 58.0 5.5071 0.0 0.0 -6.226 0.36056 996.0 2.0211 12.0 
0.38134 57.41677 76.0 2265.0 1.0 59.0 0.0 -1.2929 1.274 0.0 0.31623 991.0 1.6161 10.0 71.0 0.2071 0.0 0.474 0.0 0.22361 986.0 1.9069 10.0 80.0 1.7071 0.0 0.0 -0.026 0.22361 980.0 1.9808 9.0 78.0 3.0071 0.0 0.0 -0.626 0.22361 980.0 1.883 9.0 74.0 4.0071 0.0 0.0 -1.426 0.14142 982.0 1.8042 9.0 
0.24767 85.01661 44.0 2270.0 1.0 47.0 0.0 -1.9929 1.774 0.0 0.44721 1002.0 2.0511 19.0 50.0 0.5071 0.0 0.574 0.0 0.44721 1002.0 2.3213 23.0 55.0 3.1071 0.0 0.0 -0.526 0.44721 1001.0 2.5 20.0 57.0 5.5071 0.0 0.0 -1.826 0.5 1000.0 2.5 18.0 54.0 7.6071 0.0 0.0 -3.326 0.44721 1000.0 2.291 18.0 
0.45429 38.08876 78.0 2272.0 1.0 46.0 0.0 -1.0929 0.0 -0.826 0.2 997.0 1.3508 12.0 54.0 0.1071 0.0 0.0 -0.326 0.22361 995.0 1.6546 14.0 64.0 1.3071 0.0 0.474 0.0 0.28284 991.0 1.9016 11.0 68.0 2.5071 0.0 1.274 0.0 0.14142 987.0 1.8165 10.0 71.0 3.4071 0.0 1.774 0.0 0.22361 984.0 1.7754 9.0 
0.22324 13.18352 93.0 2277.0 1.0 74.0 0.0 -0.6929 0.0 -1.026 0.14142 981.0 1.7478 9.0 91.0 0.0 -0.0929 0.074 0.0 0.2 971.0 2.0138 7.0 93.0 0.4071 0.0 1.574 0.0 0.31623 971.0 2.1033 7.0 96.0 1.1071 0.0 3.074 0.0 0.31623 968.0 2.0918 7.0 94.0 1.8071 0.0 4.274 0.0 0.22361 968.0 2.0055 7.0 
0.08571 183.67688 120.0 2292.0 1.0 44.0 0.0 -0.7929 0.0 -1.726 0.1 997.0 1.2359 13.0 50.0 0.3071 0.0 0.0 -1.626 0.1 995.0 1.4186 14.0 56.0 1.1071 0.0 0.0 -1.326 0.14142 992.0 1.5252 12.0 58.0 1.6071 0.0 0.0 -0.726 0.22361 990.0 1.4939 11.0 60.0 1.9071 0.0 0.174 0.0 0.2 989.0 1.5321 11.0 
0.30674 22.67945 100.0 2295.0 1.0 54.0 0.0 -0.9929 0.874 0.0 0.28284 995.0 1.6546 13.0 53.0 0.1071 0.0 0.174 0.0 0.14142 995.0 1.5939 13.0 50.0 1.1071 0.0 0.0 -0.126 0.1 996.0 1.502 14.0 49.0 2.0071 0.0 0.0 -0.026 0.2 996.0 1.4425 14.0 49.0 3.0071 0.0 0.174 0.0 0.2 996.0 1.4425 14.0 
0.87403 23.16855 53.0 2297.0 1.0 51.0 0.0 -0.7929 0.0 -1.526 0.22361 995.0 1.4759 15.0 63.0 0.2071 0.0 0.0 -0.026 0.22361 991.0 1.8426 14.0 77.0 1.3071 0.0 1.574 0.0 0.36056 985.0 2.1628 12.0 89.0 2.8071 0.0 2.974 0.0 0.31623 978.0 2.3115 10.0 102.0 4.6071 0.0 3.774 0.0 0.41231 969.0 2.4151 9.0 
0.23473 22.93337 66.0 2298.0 1.0 43.0 0.0 -0.8929 0.0 -1.126 0.22361 999.0 1.3489 17.0 45.0 0.0 -0.1929 0.074 0.0 0.3 998.0 1.3789 16.0 43.0 0.2071 0.0 1.374 0.0 0.22361 999.0 1.3489 17.0 39.0 0.7071 0.0 2.474 0.0 0.22361 1000.0 1.195 18.0 36.0 1.2071 0.0 3.174 0.0 0.14142 1000.0 1.0182 19.0 
0.23926 35.06378 49.0 2302.0 1.0 46.0 0.0 -1.3929 2.174 0.0 0.5 1000.0 1.6625 13.0 46.0 0.3071 0.0 0.074 0.0 0.5 1000.0 1.6625 12.0 48.0 2.0071 0.0 0.0 -1.926 0.42426 999.0 1.6809 11.0 49.0 3.5071 0.0 0.0 -3.726 0.42426 997.0 1.5327 10.0 52.0 4.9071 0.0 0.0 -5.326 0.36056 996.0 1.6246 10.0 
0.22998 32.63974 71.0 2304.0 1.0 50.0 0.0 -1.1929 1.074 0.0 0.28284 994.0 1.3439 11.0 58.0 0.0 -0.2929 0.0 -0.026 0.22361 991.0 1.5618 10.0 72.0 0.5071 0.0 0.0 -0.826 0.22361 982.0 1.708 9.0 81.0 1.5071 0.0 0.0 -1.026 0.22361 977.0 1.8615 8.0 86.0 2.7071 0.0 0.0 -1.026 0.2 974.0 1.9369 8.0 
0.11467 138.78846 70.0 2309.0 1.0 57.0 0.6071 0.0 0.0 -1.626 0.22361 992.0 1.5802 12.0 63.0 1.2071 0.0 0.0 -0.326 0.22361 991.0 1.8426 11.0 64.0 1.7071 0.0 1.174 0.0 0.31623 991.0 1.9016 11.0 62.0 2.3071 0.0 2.874 0.0 0.31623 993.0 1.9631 12.0 58.0 3.2071 0.0 4.374 0.0 0.22361 994.0 1.8084 13.0 
0.14578 48.39733 73.0 2310.0 1.0 38.0 0.0 -1.1929 0.074 0.0 0.22361 1000.0 1.1345 16.0 38.0 0.0 -0.0929 0.0 -0.426 0.14142 999.0 1.0535 14.0 43.0 0.8071 0.0 0.0 -0.626 0.1 998.0 1.259 16.0 49.0 1.7071 0.0 0.0 -0.326 0.14142 996.0 1.4425 14.0 54.0 2.6071 0.0 0.374 0.0 0.14142 994.0 1.5675 13.0 
0.72939 22.67945 51.0 2311.0 1.0 70.0 0.0 -1.2929 0.0 -0.226 0.2 986.0 1.8536 10.0 85.0 0.1071 0.0 0.174 0.0 0.22361 978.0 2.1084 8.0 94.0 1.7071 0.0 0.874 0.0 0.22361 973.0 2.2562 7.0 98.0 3.4071 0.0 1.374 0.0 0.31623 972.0 2.3925 7.0 91.0 5.4071 0.0 1.674 0.0 0.31623 979.0 2.4876 8.0 
0.09398 129.3265 69.0 2315.0 1.0 79.0 0.0 -0.0929 0.0 -1.626 0.14142 976.0 1.7228 8.0 101.0 0.7071 0.0 0.0 -0.926 0.22361 961.0 2.0037 6.0 98.0 1.6071 0.0 0.074 0.0 0.22361 965.0 2.0436 7.0 92.0 2.5071 0.0 1.174 0.0 0.22361 971.0 2.0583 7.0 84.0 3.5071 0.0 2.174 0.0 0.14142 977.0 2.0019 8.0 
0.23513 21.89443 69.0 2320.0 1.0 37.0 0.0 -1.4929 0.0 -0.426 0.31623 1000.0 1.0756 18.0 39.0 0.0 -0.0929 0.174 0.0 0.22361 999.0 1.1096 16.0 41.0 1.2071 0.0 0.774 0.0 0.22361 999.0 1.2264 19.0 43.0 2.3071 0.0 1.274 0.0 0.2 997.0 1.1803 17.0 48.0 3.3071 0.0 1.474 0.0 0.2 996.0 1.3843 19.0 
0.08004 184.44668 60.0 2322.0 1.0 52.0 0.4071 0.0 0.0 -2.826 0.36056 997.0 1.7261 15.0 58.0 1.3071 0.0 0.0 -1.026 0.36056 996.0 2.0211 14.0 57.0 2.0071 0.0 0.874 0.0 0.31623 996.0 1.952 14.0 53.0 2.8071 0.0 2.574 0.0 0.28284 997.0 1.7931 15.0 50.0 3.9071 0.0 3.674 0.0 0.22361 998.0 1.7023 16.0 
0.21778 59.58399 61.0 232.0 1.0 54.0 0.0 -1.2929 0.0 -0.326 0.2 994.0 1.5675 14.0 63.0 0.1071 0.0 0.0 -0.526 0.22361 991.0 1.8426 15.0 76.0 1.5071 0.0 0.0 -0.826 0.2 983.0 1.9665 12.0 87.0 2.9071 0.0 0.0 -0.726 0.3 975.0 2.0344 10.0 99.0 4.3071 0.0 0.0 -0.326 0.22361 966.0 2.1299 9.0 
0.32016 52.57774 73.0 2330.0 1.0 60.0 0.0 -1.6929 0.0 -0.426 0.3 994.0 1.9352 10.0 69.0 0.2071 0.0 0.0 -0.426 0.3 990.0 2.1142 11.0 70.0 1.9071 0.0 0.0 -0.326 0.2 988.0 2.0019 10.0 73.0 3.3071 0.0 0.0 -0.326 0.22361 985.0 1.9439 9.0 79.0 4.4071 0.0 0.0 -0.726 0.2 980.0 1.9316 8.0 
0.42325 27.7603 68.0 2331.0 1.0 44.0 0.0 -1.0929 0.0 -0.426 0.1 997.0 1.2359 12.0 52.0 0.1071 0.0 0.0 -0.226 0.22361 995.0 1.5343 14.0 62.0 1.4071 0.0 0.374 0.0 0.28284 992.0 1.8696 12.0 69.0 2.7071 0.0 1.374 0.0 0.22361 988.0 1.9451 10.0 75.0 3.8071 0.0 2.374 0.0 0.22361 984.0 1.9811 9.0 
0.09497 125.41067 76.0 2341.0 1.0 46.0 0.0 -1.4929 0.0 -0.726 0.31623 998.0 1.4408 13.0 51.0 0.0 -0.0929 0.0 -1.126 0.2 996.0 1.5627 15.0 60.0 1.1071 0.0 0.0 -1.026 0.2 992.0 1.7509 12.0 63.0 2.3071 0.0 0.0 -0.726 0.22361 990.0 1.7625 11.0 68.0 3.3071 0.0 0.0 -0.326 0.14142 986.0 1.7492 10.0 
0.37573 100.72945 106.0 2344.0 1.0 63.0 1.0071 0.0 0.0 -1.626 0.3 990.0 1.7625 11.0 64.0 0.9071 0.0 0.0 -0.026 0.2 990.0 1.8189 11.0 62.0 0.7071 0.0 1.374 0.0 0.22361 990.0 1.707 11.0 60.0 0.4071 0.0 2.674 0.0 0.2 991.0 1.6713 11.0 59.0 0.3071 0.0 3.874 0.0 0.22361 991.0 1.6161 11.0 
0.15948 38.12432 95.0 2345.0 1.0 30.0 0.1071 0.0 0.874 0.0 0.1 1000.0 1.0 17.0 30.0 0.2071 0.0 0.274 0.0 0.1 999.0 1.0 15.0 33.0 0.5071 0.0 0.0 -0.026 0.0 998.0 1.0 14.0 38.0 0.8071 0.0 0.0 -0.226 0.1 997.0 1.0 16.0 45.0 1.2071 0.0 0.0 -0.526 0.1 993.0 1.0341 14.0 
0.0918 216.17051 56.0 2348.0 1.0 82.0 0.8071 0.0 0.0 -2.826 0.36056 979.0 2.0199 9.0 100.0 1.8071 0.0 0.0 -0.726 0.44721 970.0 2.3753 9.0 119.0 2.6071 0.0 1.474 0.0 0.36056 944.0 2.0962 6.0 135.0 3.7071 0.0 2.974 0.0 0.28284 927.0 2.1645 5.0 131.0 5.1071 0.0 4.074 0.0 0.28284 936.0 2.2763 5.0 
0.30052 53.71602 78.0 2352.0 1.0 80.0 0.0 -0.7929 1.474 0.0 0.28284 980.0 1.9808 9.0 80.0 0.3071 0.0 0.374 0.0 0.14142 978.0 1.8677 8.0 79.0 1.1071 0.0 0.0 -0.226 0.22361 977.0 1.7707 8.0 79.0 1.9071 0.0 0.0 -0.526 0.1 976.0 1.7228 8.0 81.0 2.7071 0.0 0.0 -0.626 0.1 975.0 1.7635 8.0 
0.28976 49.1426 153.0 235.0 1.0 28.0 0.7071 0.0 0.0 -0.426 0.14142 1001.0 1.0 28.0 33.0 0.4071 0.0 0.174 0.0 0.1 1000.0 1.0 25.0 35.0 0.3071 0.0 0.874 0.0 0.1 1000.0 1.0 23.0 37.0 0.3071 0.0 1.574 0.0 0.1 999.0 1.0 23.0 39.0 0.3071 0.0 2.374 0.0 0.1 999.0 1.1096 22.0 
0.29715 26.90838 61.0 2360.0 1.0 52.0 0.0 -1.6929 2.574 0.0 0.5831 1001.0 2.3015 16.0 50.0 0.2071 0.0 0.0 -0.126 0.42426 1001.0 2.1279 16.0 49.0 2.0071 0.0 0.0 -1.926 0.42426 1000.0 1.8864 15.0 50.0 3.6071 0.0 0.0 -3.226 0.28284 998.0 1.7023 13.0 53.0 5.0071 0.0 0.0 -4.126 0.22361 996.0 1.6877 15.0 
0.59347 13.18352 80.0 2368.0 1.0 62.0 0.0 -1.5929 0.0 -0.226 0.3 994.0 2.0664 13.0 70.0 0.0 -0.0929 0.074 0.0 0.31623 988.0 2.0019 10.0 76.0 1.1071 0.0 0.774 0.0 0.22361 983.0 1.9665 9.0 79.0 2.3071 0.0 1.474 0.0 0.22361 980.0 1.9316 8.0 87.0 3.4071 0.0 2.174 0.0 0.28284 975.0 2.0344 8.0 
0.18751 114.3519 56.0 2370.0 1.0 78.0 0.0 -1.9929 0.0 -0.726 0.31623 984.0 2.1428 10.0 95.0 0.0 -0.0929 0.0 -1.026 0.3 971.0 2.1947 9.0 119.0 1.8071 0.0 0.0 -0.726 0.31623 952.0 2.3711 7.0 128.0 3.6071 0.0 0.0 -0.326 0.31623 943.0 2.3906 7.0 130.0 5.3071 0.0 0.174 0.0 0.22361 939.0 2.3326 7.0 
0.05913 64.32701 51.0 2385.0 1.0 49.0 0.0 -1.7929 2.374 0.0 0.53852 1001.0 2.0436 13.0 47.0 0.0 -0.3929 0.0 -0.426 0.5 1000.0 1.7355 12.0 46.0 1.1071 0.0 0.0 -2.526 0.36056 999.0 1.5437 11.0 47.0 2.6071 0.0 0.0 -4.026 0.28284 998.0 1.5041 10.0 50.0 4.0071 0.0 0.0 -5.426 0.36056 996.0 1.502 9.0 
0.80869 30.42421 49.0 2389.0 1.0 70.0 0.0 -1.9929 0.474 0.0 0.3 988.0 2.0019 11.0 84.0 0.0071 0.0 0.274 0.0 0.41231 981.0 2.2521 12.0 97.0 2.0071 0.0 0.0 -0.126 0.31623 972.0 2.3439 10.0 117.0 4.1071 0.0 0.0 -0.826 0.31623 955.0 2.4106 8.0 139.0 6.1071 0.0 0.0 -1.626 0.31623 931.0 2.4066 6.0 
0.08815 51.90795 38.0 2392.0 1.0 67.0 0.0 -2.7929 3.474 0.0 0.89443 1000.0 2.5 16.0 65.0 0.0 -0.1929 0.0 -0.426 0.70711 999.0 2.5 15.0 69.0 2.6071 0.0 0.0 -3.626 0.70711 997.0 2.5 13.0 72.0 5.4071 0.0 0.0 -6.526 0.56569 995.0 2.5 15.0 79.0 8.0071 0.0 0.0 -9.026 0.5831 991.0 2.5 12.0 
0.10736 138.78846 142.0 2394.0 1.0 37.0 1.2071 0.0 0.0 -0.526 0.1 998.0 1.0 16.0 38.0 1.2071 0.0 0.0 -0.326 0.1 997.0 1.0 15.0 41.0 1.4071 0.0 0.0 -0.226 0.14142 996.0 1.01 14.0 43.0 1.7071 0.0 0.0 -0.026 0.1 996.0 1.1109 14.0 45.0 1.8071 0.0 0.274 0.0 0.14142 995.0 1.149 13.0 
0.41131 42.87049 62.0 2400.0 1.0 39.0 0.0 -0.7929 0.0 -0.626 0.2 998.0 1.0357 18.0 49.0 0.2071 0.0 0.0 -0.326 0.22361 996.0 1.4425 19.0 56.0 1.3071 0.0 0.174 0.0 0.22361 994.0 1.6858 17.0 60.0 2.6071 0.0 0.774 0.0 0.31623 993.0 1.8385 16.0 63.0 4.0071 0.0 1.574 0.0 0.22361 992.0 1.9304 15.0 
0.29598 62.69156 42.0 2403.0 1.0 55.0 0.0 -2.2929 2.174 0.0 0.5 1000.0 2.3767 21.0 59.0 0.3071 0.0 0.474 0.0 0.53852 999.0 2.5 19.0 66.0 3.1071 0.0 0.0 -1.126 0.53852 997.0 2.5 20.0 68.0 5.8071 0.0 0.0 -2.526 0.44721 995.0 2.5 18.0 66.0 8.1071 0.0 0.0 -3.326 0.4 994.0 2.3416 17.0 
0.17995 102.78902 45.0 2404.0 1.0 74.0 0.0 -2.2929 0.0 -0.726 0.4 986.0 2.0715 11.0 93.0 0.0071 0.0 0.0 -0.926 0.41231 973.0 2.2085 8.0 119.0 2.3071 0.0 0.0 -1.426 0.41231 956.0 2.5 8.0 136.0 4.8071 0.0 0.0 -2.126 0.41231 937.0 2.4857 6.0 149.0 7.2071 0.0 0.0 -2.826 0.31623 917.0 2.362 5.0 
0.11833 72.87608 71.0 2405.0 1.0 42.0 0.0 -1.7929 0.574 0.0 0.28284 1000.0 1.3859 16.0 45.0 0.0 -0.3929 0.0 -0.526 0.28284 999.0 1.4773 14.0 47.0 1.0071 0.0 0.0 -1.226 0.2 997.0 1.4101 12.0 53.0 2.2071 0.0 0.0 -1.226 0.2 995.0 1.5939 13.0 60.0 3.3071 0.0 0.0 -0.826 0.14142 991.0 1.6713 11.0 
0.41155 14.00819 70.0 2406.0 1.0 61.0 0.0 -1.9929 1.474 0.0 0.42426 998.0 2.5 16.0 64.0 0.0071 0.0 0.0 -0.126 0.36056 995.0 2.3242 13.0 66.0 1.8071 0.0 0.0 -1.126 0.36056 993.0 2.2245 12.0 65.0 3.4071 0.0 0.0 -1.926 0.31623 992.0 2.0549 12.0 64.0 4.7071 0.0 0.0 -2.526 0.22361 991.0 1.9016 11.0 
0.19688 25.09838 57.0 2414.0 1.0 45.0 0.0 -1.6929 0.774 0.0 0.28284 1000.0 1.591 11.0 48.0 0.0071 0.0 0.0 -0.226 0.31623 998.0 1.5688 10.0 53.0 1.8071 0.0 0.0 -0.826 0.3 997.0 1.7931 12.0 59.0 3.5071 0.0 0.0 -0.926 0.2 994.0 1.8713 10.0 64.0 5.0071 0.0 0.0 -0.926 0.2 991.0 1.9016 8.0 
0.32888 45.6838 50.0 2416.0 1.0 56.0 0.0 -1.9929 1.674 0.0 0.5 999.0 2.2879 14.0 59.0 0.3071 0.0 0.274 0.0 0.36056 998.0 2.3703 16.0 63.0 2.4071 0.0 0.0 -0.626 0.41231 995.0 2.2521 14.0 65.0 4.4071 0.0 0.0 -1.226 0.31623 994.0 2.2712 12.0 65.0 6.2071 0.0 0.0 -1.826 0.22361 993.0 2.1576 12.0 
0.11552 48.39733 48.0 2427.0 1.0 48.0 0.0 -1.9929 1.574 0.0 0.42426 1000.0 1.8102 12.0 50.0 0.0 -0.0929 0.0 -0.426 0.42426 999.0 1.8239 11.0 52.0 1.8071 0.0 0.0 -2.126 0.36056 997.0 1.7261 10.0 59.0 3.9071 0.0 0.0 -3.526 0.5 996.0 2.0914 12.0 65.0 6.1071 0.0 0.0 -5.026 0.36056 994.0 2.2712 10.0 
0.10416 27.12273 76.0 2432.0 1.0 36.0 0.0 -1.1929 0.774 0.0 0.28284 1000.0 1.0182 12.0 39.0 0.0 -0.0929 0.0 -0.226 0.28284 999.0 1.1096 11.0 42.0 1.1071 0.0 0.0 -1.126 0.28284 998.0 1.2011 14.0 45.0 2.2071 0.0 0.0 -1.926 0.22361 996.0 1.2166 12.0 49.0 3.2071 0.0 0.0 -2.526 0.22361 993.0 1.2262 11.0 
0.28173 47.45382 57.0 243.0 1.0 50.0 0.0 -1.5929 0.574 0.0 0.3 998.0 1.7023 13.0 58.0 0.2071 0.0 0.374 0.0 0.4 996.0 2.0211 14.0 65.0 2.1071 0.0 0.0 -0.126 0.31623 992.0 2.0549 12.0 70.0 3.8071 0.0 0.0 -0.726 0.31623 989.0 2.0853 11.0 76.0 5.2071 0.0 0.0 -1.426 0.31623 984.0 2.0343 9.0 
0.14843 121.3777 80.0 2440.0 1.0 59.0 0.6071 0.0 0.0 -1.726 0.14142 987.0 1.3675 8.0 82.0 1.0071 0.0 0.0 -0.426 0.31623 978.0 1.9622 8.0 103.0 1.5071 0.0 1.474 0.0 0.31623 964.0 2.2114 7.0 110.0 1.9071 0.0 3.574 0.0 0.3 959.0 2.2886 6.0 103.0 2.2071 0.0 5.374 0.0 0.31623 963.0 2.1671 6.0 
0.24022 22.67945 59.0 2448.0 1.0 43.0 0.0 -1.2929 0.574 0.0 0.22361 1000.0 1.4527 20.0 43.0 0.1071 0.0 0.174 0.0 0.2 1000.0 1.4527 18.0 44.0 1.3071 0.0 0.074 0.0 0.31623 999.0 1.4124 17.0 46.0 2.6071 0.0 0.474 0.0 0.22361 999.0 1.5437 17.0 49.0 4.0071 0.0 1.174 0.0 0.31623 999.0 1.7517 17.0 
0.15404 48.39733 101.0 2452.0 1.0 35.0 0.0 -0.7929 0.0 -0.026 0.14142 998.0 1.0 14.0 40.0 0.0 -0.0929 0.0 -0.426 0.14142 996.0 1.0 12.0 48.0 0.6071 0.0 0.0 -0.926 0.14142 994.0 1.2385 14.0 58.0 1.5071 0.0 0.0 -1.526 0.14142 989.0 1.4316 12.0 66.0 2.4071 0.0 0.0 -2.026 0.1 987.0 1.7112 13.0 
0.42658 10.70814 86.0 2455.0 1.0 55.0 0.0 -1.6929 0.274 0.0 0.31623 998.0 2.0598 16.0 53.0 0.0 -0.0929 0.0 -0.026 0.2 996.0 1.6877 14.0 50.0 1.1071 0.0 0.174 0.0 0.22361 996.0 1.502 14.0 48.0 2.0071 0.0 0.474 0.0 0.2 996.0 1.3843 14.0 46.0 2.9071 0.0 0.474 0.0 0.14142 997.0 1.3508 15.0 
0.52251 32.11459 69.0 2461.0 1.0 58.0 0.0 -1.0929 0.874 0.0 0.22361 990.0 1.4939 12.0 68.0 0.0 -0.0929 0.274 0.0 0.2 983.0 1.5743 10.0 85.0 1.0071 0.0 0.074 0.0 0.2 974.0 1.8922 10.0 99.0 2.3071 0.0 0.174 0.0 0.22361 965.0 2.0855 9.0 119.0 3.6071 0.0 0.474 0.0 0.3 947.0 2.1915 7.0 
0.20308 205.41978 115.0 2470.0 1.0 51.0 2.2071 0.0 0.074 0.0 0.22361 995.0 1.4759 14.0 54.0 1.5071 0.0 1.074 0.0 0.22361 994.0 1.5675 13.0 54.0 1.0071 0.0 2.174 0.0 0.1 993.0 1.4892 12.0 53.0 0.8071 0.0 2.974 0.0 0.1 992.0 1.3662 12.0 53.0 0.8071 0.0 3.574 0.0 0.1 992.0 1.3662 12.0 
0.43771 14.4498 67.0 2479.0 1.0 55.0 0.0 -1.4929 0.574 0.0 0.28284 995.0 1.7165 13.0 63.0 0.1071 0.0 0.074 0.0 0.22361 992.0 1.9304 12.0 66.0 1.5071 0.0 0.0 -0.126 0.2 989.0 1.8538 11.0 69.0 2.7071 0.0 0.0 -0.226 0.2 986.0 1.801 10.0 77.0 3.8071 0.0 0.0 -0.226 0.22361 980.0 1.8351 9.0 
0.12354 69.94114 78.0 2481.0 1.0 51.0 0.0 -0.6929 2.174 0.0 0.36056 998.0 1.7711 13.0 50.0 0.5071 0.0 0.374 0.0 0.28284 996.0 1.502 12.0 52.0 1.6071 0.0 0.0 -0.926 0.28284 994.0 1.4536 11.0 57.0 2.5071 0.0 0.0 -2.026 0.28284 991.0 1.5084 12.0 69.0 3.4071 0.0 0.0 -2.626 0.2 982.0 1.5686 9.0 
0.08159 153.77753 71.0 2486.0 1.0 60.0 0.0 -0.5929 0.0 -1.626 0.2 994.0 1.9352 13.0 68.0 0.8071 0.0 0.0 -1.126 0.22361 989.0 1.9678 11.0 72.0 2.1071 0.0 0.0 -0.426 0.22361 986.0 1.961 10.0 72.0 3.3071 0.0 0.174 0.0 0.22361 985.0 1.891 9.0 70.0 4.5071 0.0 0.474 0.0 0.2 986.0 1.8536 10.0 
0.36029 8.25172 125.0 248.0 1.0 56.0 0.0 -0.9929 1.274 0.0 0.28284 995.0 1.7795 11.0 60.0 0.0071 0.0 0.074 0.0 0.28284 990.0 1.5987 10.0 72.0 0.7071 0.0 0.0 -0.626 0.14142 982.0 1.708 9.0 82.0 1.3071 0.0 0.0 -0.826 0.14142 973.0 1.7169 7.0 84.0 1.8071 0.0 0.0 -0.426 0.14142 972.0 1.7578 7.0 
0.25686 79.72446 102.0 2496.0 1.0 45.0 0.2071 0.0 0.0 -0.926 0.14142 997.0 1.2927 15.0 50.0 0.7071 0.0 0.0 -0.126 0.14142 995.0 1.4186 13.0 51.0 1.1071 0.0 0.574 0.0 0.1 994.0 1.3982 13.0 52.0 1.3071 0.0 1.274 0.0 0.1 993.0 1.3809 12.0 52.0 1.5071 0.0 1.674 0.0 0.14142 992.0 1.3151 12.0 
0.41455 18.35579 66.0 2497.0 1.0 58.0 0.0 -1.8929 0.974 0.0 0.36056 997.0 2.1474 12.0 61.0 0.1071 0.0 0.0 -0.126 0.31623 995.0 2.1114 14.0 64.0 1.7071 0.0 0.0 -0.726 0.31623 992.0 1.9922 12.0 66.0 3.1071 0.0 0.0 -1.126 0.2 989.0 1.8538 11.0 72.0 4.2071 0.0 0.0 -1.126 0.2 984.0 1.8258 9.0 
0.34075 42.77555 72.0 249.0 1.0 48.0 0.0 -1.5929 0.0 -0.126 0.31623 999.0 1.6809 17.0 51.0 0.0 -0.0929 0.374 0.0 0.22361 998.0 1.7711 15.0 54.0 1.4071 0.0 1.274 0.0 0.36056 997.0 1.8615 15.0 54.0 2.9071 0.0 2.574 0.0 0.36056 998.0 1.9855 16.0 51.0 4.2071 0.0 4.074 0.0 0.28284 998.0 1.7711 16.0 
0.40774 19.33007 78.0 2500.0 1.0 49.0 0.0 -1.0929 0.174 0.0 0.22361 995.0 1.3624 11.0 57.0 0.0071 0.0 0.174 0.0 0.2 992.0 1.5802 12.0 66.0 1.1071 0.0 0.374 0.0 0.22361 987.0 1.7112 10.0 72.0 2.1071 0.0 0.674 0.0 0.14142 983.0 1.7649 9.0 79.0 3.0071 0.0 0.974 0.0 0.2 978.0 1.8213 8.0 
0.24054 66.82775 57.0 250.0 1.0 56.0 0.0 -2.7929 0.374 0.0 0.53852 999.0 2.2879 15.0 56.0 0.0 -0.2929 0.0 -0.526 0.44721 998.0 2.1353 15.0 61.0 1.9071 0.0 0.0 -1.426 0.31623 996.0 2.2356 14.0 64.0 3.8071 0.0 0.0 -1.826 0.3 993.0 2.0918 12.0 64.0 5.3071 0.0 0.0 -1.726 0.2 990.0 1.8189 11.0 
0.78711 21.89443 62.0 2513.0 1.0 72.0 0.0 -1.7929 0.0 -0.226 0.31623 986.0 1.961 10.0 90.0 0.0 -0.0929 0.174 0.0 0.2 972.0 2.0178 8.0 101.0 1.4071 0.0 0.374 0.0 0.3 962.0 2.0429 7.0 107.0 2.9071 0.0 0.374 0.0 0.31623 958.0 2.1261 6.0 116.0 4.3071 0.0 0.074 0.0 0.22361 948.0 2.1144 6.0 
0.34933 41.52148 63.0 251.0 1.0 63.0 0.0 -1.9929 0.574 0.0 0.41231 994.0 2.1336 13.0 71.0 0.0071 0.0 0.374 0.0 0.4 989.0 2.1453 11.0 76.0 1.9071 0.0 0.574 0.0 0.31623 986.0 2.185 10.0 74.0 3.7071 0.0 0.974 0.0 0.22361 987.0 2.1512 10.0 70.0 5.2071 0.0 1.474 0.0 0.22361 988.0 2.0019 10.0 
0.27973 32.98146 62.0 2520.0 1.0 66.0 0.0 -1.6929 0.274 0.0 0.31623 987.0 1.7112 8.0 86.0 0.0 -0.1929 0.0 -0.226 0.31623 977.0 2.0984 8.0 106.0 1.3071 0.0 0.0 -0.726 0.3 961.0 2.207 6.0 111.0 2.9071 0.0 0.0 -1.226 0.22361 957.0 2.2472 6.0 108.0 4.3071 0.0 0.0 -2.026 0.28284 959.0 2.2062 6.0 
0.10736 211.49757 62.0 2535.0 1.0 57.0 0.0 -0.8929 0.0 -2.326 0.31623 994.0 1.7465 19.0 64.0 0.8071 0.0 0.0 -1.726 0.31623 991.0 1.9016 19.0 74.0 2.3071 0.0 0.0 -1.126 0.22361 986.0 2.0715 16.0 79.0 3.7071 0.0 0.0 -0.726 0.2 981.0 1.992 14.0 83.0 4.9071 0.0 0.0 -0.826 0.2 977.0 1.9545 13.0 
0.14578 163.67688 49.0 2536.0 1.0 82.0 0.0 -2.4929 3.974 0.0 0.86023 996.0 2.5 12.0 74.0 1.1071 0.0 0.974 0.0 0.70711 996.0 2.5 12.0 63.0 3.5071 0.0 0.0 -1.626 0.56569 996.0 2.3846 12.0 63.0 5.2071 0.0 0.0 -3.626 0.42426 993.0 2.0269 10.0 68.0 6.6071 0.0 0.0 -5.126 0.28284 989.0 1.9678 11.0 
0.29717 45.28017 81.0 253.0 1.0 38.0 0.6071 0.0 0.0 -0.326 0.0 998.0 1.0 17.0 40.0 0.4071 0.0 0.0 -0.026 0.1 997.0 1.0214 15.0 43.0 0.5071 0.0 0.374 0.0 0.0 996.0 1.1109 14.0 49.0 1.0071 0.0 0.474 0.0 0.14142 995.0 1.3624 13.0 54.0 1.7071 0.0 0.574 0.0 0.2 993.0 1.4892 12.0 
0.21388 47.29257 70.0 2540.0 1.0 49.0 0.0 -0.9929 0.0 -0.226 0.1 995.0 1.3624 11.0 58.0 0.0071 0.0 0.0 -0.426 0.2 991.0 1.5618 12.0 68.0 1.0071 0.0 0.0 -0.426 0.2 986.0 1.7492 10.0 71.0 1.9071 0.0 0.0 -0.326 0.2 983.0 1.7162 9.0 78.0 2.8071 0.0 0.0 -0.226 0.2 979.0 1.8277 8.0 
0.1091 92.26407 82.0 2548.0 1.0 39.0 0.0 -1.4929 0.0 -0.426 0.2 1000.0 1.195 16.0 44.0 0.0 -0.0929 0.0 -0.826 0.31623 999.0 1.4124 14.0 50.0 1.5071 0.0 0.0 -1.326 0.22361 998.0 1.7023 16.0 56.0 3.0071 0.0 0.0 -1.726 0.31623 995.0 1.7795 14.0 58.0 4.4071 0.0 0.0 -2.126 0.14142 993.0 1.7179 12.0 
0.29087 13.18352 37.0 2550.0 1.0 57.0 0.0 -2.2929 3.074 0.0 0.64031 999.0 2.3703 11.0 60.0 0.0 -0.0929 0.074 0.0 0.64031 998.0 2.4513 10.0 69.0 2.2071 0.0 0.0 -3.326 0.72111 997.0 2.5 12.0 75.0 4.8071 0.0 0.0 -6.526 0.56569 994.0 2.5 10.0 84.0 7.5071 0.0 0.0 -9.026 0.64031 990.0 2.5 11.0 
0.20154 96.79597 161.0 2553.0 1.0 38.0 0.3071 0.0 0.0 -1.026 0.1 998.0 1.0 16.0 46.0 0.6071 0.0 0.0 -0.626 0.14142 995.0 1.2007 13.0 49.0 1.0071 0.0 0.0 -0.226 0.14142 994.0 1.2907 13.0 49.0 1.3071 0.0 0.074 0.0 0.14142 993.0 1.2262 12.0 50.0 1.7071 0.0 0.374 0.0 0.0 993.0 1.2767 12.0 
0.49635 19.33007 75.0 2556.0 1.0 60.0 0.0 -1.0929 1.174 0.0 0.28284 990.0 1.5987 9.0 73.0 0.0071 0.0 0.174 0.0 0.22361 984.0 1.8769 9.0 88.0 1.1071 0.0 0.0 -0.226 0.22361 972.0 1.9291 7.0 97.0 2.2071 0.0 0.0 -0.326 0.2 965.0 2.0021 7.0 106.0 3.3071 0.0 0.0 -0.226 0.2 957.0 2.0493 6.0 
0.44183 27.7603 64.0 2558.0 1.0 53.0 0.0 -1.7929 0.0 -0.526 0.3 999.0 2.0493 17.0 55.0 0.1071 0.0 0.0 -0.226 0.31623 997.0 1.931 15.0 50.0 1.6071 0.0 0.074 0.0 0.31623 998.0 1.7023 15.0 45.0 2.9071 0.0 0.174 0.0 0.2 999.0 1.4773 17.0 40.0 3.9071 0.0 0.074 0.0 0.2 1000.0 1.2571 18.0 
0.34771 19.33007 72.0 2561.0 1.0 52.0 0.0 -0.8929 0.574 0.0 0.22361 994.0 1.4536 13.0 58.0 0.0071 0.0 0.174 0.0 0.2 991.0 1.5618 11.0 61.0 0.9071 0.0 0.074 0.0 0.2 990.0 1.6524 11.0 64.0 1.9071 0.0 0.0 -0.026 0.1 989.0 1.7431 10.0 68.0 3.0071 0.0 0.0 -0.126 0.22361 987.0 1.8165 10.0 
0.16259 70.24699 51.0 2565.0 1.0 54.0 0.0 -2.2929 0.774 0.0 0.5 999.0 2.1274 15.0 56.0 0.0 -0.0929 0.0 -0.626 0.31623 998.0 2.1353 13.0 59.0 2.0071 0.0 0.0 -1.126 0.3 995.0 1.9752 11.0 69.0 4.0071 0.0 0.0 -0.926 0.3 991.0 2.2103 11.0 78.0 5.8071 0.0 0.0 -1.026 0.3 985.0 2.2193 9.0 
0.56763 2.99167 108.0 2572.0 1.0 51.0 0.0 -0.6929 0.0 -1.726 0.31623 996.0 1.5627 11.0 59.0 0.0071 0.0 0.0 -0.026 0.31623 993.0 1.7777 9.0 61.0 0.6071 0.0 1.674 0.0 0.31623 992.0 1.8098 9.0 58.0 1.0071 0.0 3.374 0.0 0.2 993.0 1.7179 9.0 55.0 1.2071 0.0 4.774 0.0 0.1 993.0 1.5448 9.0 
0.08675 58.39132 47.0 2589.0 1.0 67.0 0.0 -3.0929 1.674 0.0 0.64031 998.0 2.5 10.0 67.0 0.0071 0.0 0.0 -0.526 0.5831 996.0 2.5 9.0 67.0 2.7071 0.0 0.0 -2.126 0.44721 994.0 2.4131 9.0 72.0 5.0071 0.0 0.0 -3.226 0.31623 989.0 2.2062 9.0 81.0 6.9071 0.0 0.0 -3.926 0.31623 983.0 2.2337 9.0 
0.09169 97.27973 69.0 2592.0 1.0 54.0 0.0 -1.7929 0.0 -0.426 0.31623 996.0 1.752 11.0 60.0 0.0 -0.2929 0.0 -0.826 0.22361 993.0 1.8385 12.0 68.0 0.9071 0.0 0.0 -0.826 0.14142 987.0 1.8165 10.0 67.0 1.9071 0.0 0.0 -0.426 0.22361 987.0 1.7634 10.0 67.0 2.8071 0.0 0.174 0.0 0.22361 987.0 1.7634 10.0 
0.36568 30.42421 60.0 25.0 1.0 50.0 0.0 -2.0929 2.274 0.0 0.5 1001.0 2.1279 17.0 51.0 0.0071 0.0 0.274 0.0 0.36056 1000.0 2.0435 15.0 51.0 1.9071 0.0 0.0 -1.126 0.36056 999.0 1.8976 14.0 53.0 3.6071 0.0 0.0 -2.026 0.3 997.0 1.7931 16.0 58.0 5.1071 0.0 0.0 -2.126 0.22361 994.0 1.8084 13.0 
0.30121 47.29257 50.0 2601.0 1.0 57.0 0.0 -2.8929 0.974 0.0 0.5831 1001.0 2.5 17.0 54.0 0.0071 0.0 0.0 -0.426 0.44721 1001.0 2.4819 18.0 53.0 2.2071 0.0 0.0 -1.426 0.41231 999.0 2.0493 18.0 56.0 4.2071 0.0 0.0 -1.826 0.31623 997.0 2.0019 15.0 56.0 6.0071 0.0 0.0 -2.026 0.3 997.0 2.0019 15.0 
0.93924 12.23339 58.0 2603.0 1.0 72.0 0.0 -2.1929 0.0 -0.226 0.4 991.0 2.4067 10.0 75.0 0.1071 0.0 0.0 -0.026 0.31623 986.0 2.1279 10.0 90.0 1.7071 0.0 0.674 0.0 0.28284 974.0 2.1213 8.0 112.0 3.0071 0.0 1.974 0.0 0.36056 954.0 2.1715 6.0 139.0 4.5071 0.0 2.974 0.0 0.28284 926.0 2.2683 5.0 
0.96582 30.42421 58.0 2608.0 1.0 77.0 0.0 -2.5929 1.374 0.0 0.53852 992.0 2.5 13.0 81.0 0.0071 0.0 0.274 0.0 0.44721 987.0 2.5 13.0 88.0 2.0071 0.0 0.0 -0.126 0.3 978.0 2.2599 10.0 99.0 3.5071 0.0 0.274 0.0 0.2 966.0 2.1299 9.0 114.0 4.9071 0.0 0.874 0.0 0.22361 952.0 2.176 7.0 
0.26044 59.58399 93.0 2613.0 1.0 53.0 0.0 -1.0929 0.0 -0.726 0.2 995.0 1.5939 18.0 62.0 0.1071 0.0 0.0 -0.526 0.2 991.0 1.7846 15.0 64.0 1.1071 0.0 0.0 -0.326 0.2 989.0 1.7431 13.0 62.0 2.0071 0.0 0.0 -0.026 0.14142 989.0 1.6359 14.0 61.0 2.9071 0.0 0.374 0.0 0.1 990.0 1.6524 14.0 
0.13433 146.95438 77.0 2617.0 1.0 52.0 0.0 -0.2929 0.0 -1.826 0.36056 1000.0 2.1245 19.0 48.0 1.1071 0.0 0.0 -0.726 0.28284 999.0 1.6809 17.0 46.0 2.0071 0.0 0.474 0.0 0.28284 999.0 1.5437 16.0 45.0 2.4071 0.0 1.874 0.0 0.31623 999.0 1.4773 17.0 40.0 2.5071 0.0 3.174 0.0 0.2 1000.0 1.2571 18.0 
0.25331 52.6199 59.0 2618.0 1.0 54.0 0.0 -1.8929 1.474 0.0 0.36056 998.0 1.9855 13.0 59.0 0.0071 0.0 0.474 0.0 0.31623 996.0 2.0914 14.0 64.0 1.7071 0.0 0.0 -0.326 0.31623 992.0 1.9922 12.0 68.0 3.3071 0.0 0.0 -0.626 0.2 989.0 1.9678 11.0 73.0 4.6071 0.0 0.0 -0.526 0.22361 985.0 1.9439 9.0 
0.15871 45.79963 52.0 2620.0 1.0 61.0 0.0 -3.5929 2.674 0.0 0.70711 1001.0 2.5 13.0 61.0 0.0 -0.3929 0.0 -0.126 0.5831 1000.0 2.5 12.0 56.0 2.3071 0.0 0.0 -2.026 0.44721 999.0 2.2879 10.0 54.0 4.5071 0.0 0.0 -3.226 0.31623 997.0 1.8615 9.0 58.0 6.3071 0.0 0.0 -3.926 0.2 995.0 1.9088 10.0 
0.14825 42.04636 51.0 2625.0 1.0 71.0 0.0 -3.0929 1.574 0.0 0.64031 995.0 2.5 8.0 74.0 0.0 -0.1929 0.0 -0.326 0.53852 990.0 2.4318 7.0 81.0 2.3071 0.0 0.0 -1.226 0.41231 983.0 2.2337 7.0 90.0 4.3071 0.0 0.0 -1.526 0.3 974.0 2.1213 7.0 109.0 6.0071 0.0 0.0 -1.426 0.3 959.0 2.2472 6.0 
0.28447 22.67945 65.0 2631.0 1.0 51.0 0.0 -1.9929 1.474 0.0 0.44721 1000.0 2.0435 15.0 51.0 0.1071 0.0 0.174 0.0 0.36056 998.0 1.7711 14.0 52.0 1.8071 0.0 0.0 -0.826 0.31623 996.0 1.6246 12.0 57.0 3.3071 0.0 0.0 -1.526 0.22361 994.0 1.7465 13.0 64.0 4.5071 0.0 0.0 -2.026 0.22361 990.0 1.8189 11.0 
0.08127 80.01448 64.0 2633.0 1.0 48.0 0.0 -2.8929 1.174 0.0 0.5 1001.0 1.961 13.0 49.0 0.0 -0.4929 0.0 -0.526 0.5 1000.0 1.8864 12.0 48.0 1.6071 0.0 0.0 -2.126 0.42426 999.0 1.6809 11.0 48.0 3.4071 0.0 0.0 -3.426 0.28284 999.0 1.6809 14.0 49.0 4.9071 0.0 0.0 -4.426 0.22361 997.0 1.5327 12.0 
0.1732 88.79073 288.0 263.0 1.0 43.0 0.2071 0.0 1.474 0.0 0.22361 999.0 1.3489 18.0 39.0 0.7071 0.0 0.374 0.0 0.14142 999.0 1.1096 18.0 36.0 1.1071 0.0 0.0 -0.226 0.1 999.0 1.0 17.0 35.0 1.4071 0.0 0.0 -0.526 0.0 999.0 1.0 17.0 35.0 1.6071 0.0 0.0 -0.626 0.1 999.0 1.0 17.0 
0.3059 37.19517 60.0 2645.0 1.0 61.0 0.0 -2.3929 0.0 -0.226 0.5099 998.0 2.5 16.0 61.0 0.0 -0.1929 0.274 0.0 0.36056 995.0 2.1114 13.0 62.0 1.4071 0.0 0.974 0.0 0.22361 993.0 1.9631 12.0 60.0 2.7071 0.0 1.474 0.0 0.31623 993.0 1.8385 12.0 57.0 4.1071 0.0 2.074 0.0 0.2 995.0 1.8436 13.0 
0.22061 38.12432 71.0 2650.0 1.0 54.0 0.0 -1.5929 2.474 0.0 0.5 999.0 2.1274 11.0 50.0 0.2071 0.0 0.274 0.0 0.36056 998.0 1.7023 10.0 47.0 1.7071 0.0 0.0 -1.226 0.22361 997.0 1.4101 9.0 49.0 2.9071 0.0 0.0 -2.226 0.22361 996.0 1.4425 12.0 55.0 3.8071 0.0 0.0 -3.026 0.22361 991.0 1.4044 9.0 
0.11052 51.90795 74.0 2651.0 1.0 44.0 0.0 -2.0929 1.174 0.0 0.36056 1001.0 1.6478 13.0 46.0 0.0 -0.1929 0.0 -0.426 0.42426 1000.0 1.6625 12.0 46.0 1.5071 0.0 0.0 -2.126 0.36056 999.0 1.5437 11.0 47.0 2.9071 0.0 0.0 -3.626 0.28284 997.0 1.4101 10.0 48.0 4.0071 0.0 0.0 -4.926 0.28284 996.0 1.3843 10.0 
0.14749 157.098 53.0 2652.0 1.0 52.0 0.0 -1.3929 0.0 -2.326 0.44721 1000.0 2.1245 20.0 54.0 0.7071 0.0 0.0 -1.226 0.36056 999.0 2.1274 17.0 56.0 2.5071 0.0 0.074 0.0 0.28284 998.0 2.1353 15.0 56.0 4.0071 0.0 1.574 0.0 0.36056 997.0 2.0019 15.0 55.0 5.4071 0.0 3.274 0.0 0.36056 998.0 2.0598 15.0 
0.28975 32.65484 76.0 2655.0 1.0 59.0 0.0 -1.1929 1.274 0.0 0.28284 994.0 1.8713 13.0 67.0 0.1071 0.0 0.274 0.0 0.22361 989.0 1.9104 11.0 73.0 1.2071 0.0 0.0 -0.326 0.2 984.0 1.8769 9.0 75.0 2.2071 0.0 0.0 -0.426 0.2 982.0 1.8533 9.0 77.0 3.2071 0.0 0.0 -0.226 0.22361 981.0 1.8924 8.0 
0.18844 206.28347 293.0 2661.0 1.0 88.0 0.0 -2.8929 3.274 0.0 0.76158 992.0 2.5 12.0 97.0 0.8071 0.0 1.674 0.0 0.53852 983.0 2.5 9.0 105.0 4.0071 0.0 0.974 0.0 0.5099 974.0 2.5 8.0 105.0 6.6071 0.0 0.774 0.0 0.41231 969.0 2.5 7.0 97.0 8.4071 0.0 0.674 0.0 0.3 969.0 2.1841 7.0 
0.51722 13.18352 70.0 2663.0 1.0 67.0 0.0 -2.0929 0.874 0.0 0.31623 994.0 2.4131 13.0 71.0 0.0 -0.0929 0.074 0.0 0.31623 990.0 2.2386 11.0 71.0 1.5071 0.0 0.0 -0.526 0.2 988.0 2.0595 10.0 69.0 2.8071 0.0 0.0 -1.026 0.22361 988.0 1.9451 10.0 66.0 3.9071 0.0 0.0 -1.626 0.22361 989.0 1.8538 10.0 
0.61592 69.94114 54.0 2672.0 1.0 86.0 0.0 -2.2929 2.474 0.0 0.64031 990.0 2.5 11.0 86.0 0.5071 0.0 0.374 0.0 0.5 987.0 2.5 10.0 79.0 2.9071 0.0 0.0 -0.826 0.31623 987.0 2.4517 10.0 75.0 4.7071 0.0 0.0 -1.326 0.22361 986.0 2.1279 10.0 74.0 6.1071 0.0 0.0 -1.626 0.2 984.0 1.9286 9.0 
0.34613 53.94034 51.0 2673.0 1.0 64.0 0.0 -2.6929 3.774 0.0 0.78102 1000.0 2.5 13.0 58.0 0.1071 0.0 0.474 0.0 0.56569 999.0 2.4542 12.0 54.0 2.6071 0.0 0.0 -1.826 0.42426 998.0 1.9855 11.0 53.0 4.6071 0.0 0.0 -3.726 0.36056 997.0 1.7931 10.0 54.0 6.2071 0.0 0.0 -5.326 0.36056 995.0 1.6546 9.0 
0.06601 70.24699 60.0 2676.0 1.0 61.0 0.0 -2.4929 0.474 0.0 0.44721 996.0 2.2356 8.0 66.0 0.0 -0.0929 0.0 -0.626 0.36056 994.0 2.3416 10.0 76.0 1.7071 0.0 0.0 -1.426 0.31623 985.0 2.1069 7.0 80.0 3.1071 0.0 0.0 -2.026 0.2 980.0 1.9808 6.0 83.0 4.2071 0.0 0.0 -2.326 0.22361 977.0 1.9545 6.0 
0.59127 32.65484 48.0 2679.0 1.0 67.0 0.0 -2.0929 1.374 0.0 0.5 994.0 2.4131 12.0 74.0 0.1071 0.0 0.274 0.0 0.36056 989.0 2.3304 11.0 80.0 2.1071 0.0 0.0 -0.126 0.41231 985.0 2.3346 10.0 93.0 4.1071 0.0 0.0 -0.026 0.41231 976.0 2.3875 8.0 104.0 6.1071 0.0 0.274 0.0 0.41231 968.0 2.4549 7.0 
0.19877 70.49561 52.0 2686.0 1.0 49.0 0.0 -1.7929 0.0 -0.126 0.31623 999.0 1.7517 14.0 51.0 0.1071 0.0 0.0 -0.626 0.31623 997.0 1.6604 12.0 58.0 1.9071 0.0 0.0 -0.626 0.2 995.0 1.9088 14.0 66.0 3.7071 0.0 0.0 -0.326 0.3 992.0 2.1186 12.0 73.0 5.5071 0.0 0.0 -0.026 0.31623 989.0 2.2679 10.0 
0.27801 63.71887 43.0 2688.0 1.0 61.0 0.0 -2.9929 3.074 0.0 0.70711 1002.0 2.5 18.0 58.0 0.0071 0.0 0.574 0.0 0.53852 1001.0 2.5 16.0 52.0 2.7071 0.0 0.0 -0.626 0.41231 1001.0 2.3015 15.0 46.0 4.9071 0.0 0.0 -1.126 0.31623 1001.0 1.801 16.0 41.0 6.7071 0.0 0.0 -1.626 0.31623 1002.0 1.5608 18.0 
0.13333 70.49561 73.0 2690.0 1.0 56.0 0.0 -1.4929 0.0 -0.526 0.3 996.0 1.8841 15.0 61.0 0.1071 0.0 0.0 -0.626 0.2 993.0 1.9003 12.0 60.0 1.2071 0.0 0.0 -0.626 0.2 992.0 1.7509 11.0 53.0 2.1071 0.0 0.0 -0.726 0.1 994.0 1.51 12.0 48.0 2.7071 0.0 0.0 -0.826 0.1 995.0 1.3074 13.0 
0.34702 27.7603 98.0 2691.0 1.0 50.0 0.0 -0.6929 0.0 -0.526 0.2 995.0 1.4186 14.0 57.0 0.1071 0.0 0.0 -0.226 0.2 991.0 1.5084 11.0 58.0 0.8071 0.0 0.174 0.0 0.14142 990.0 1.4939 11.0 59.0 1.2071 0.0 0.674 0.0 0.14142 989.0 1.4814 11.0 61.0 1.7071 0.0 1.274 0.0 0.14142 988.0 1.5202 10.0 
0.1623 126.80682 51.0 2692.0 1.0 77.0 0.0 -2.7929 0.0 -0.726 0.53852 988.0 2.4223 8.0 93.0 0.0 -0.1929 0.0 -1.126 0.4 979.0 2.5 8.0 108.0 2.1071 0.0 0.0 -0.626 0.36056 964.0 2.4313 7.0 127.0 4.0071 0.0 0.474 0.0 0.36056 946.0 2.4588 5.0 112.0 5.8071 0.0 1.574 0.0 0.36056 960.0 2.4174 6.0 
0.35293 118.12228 46.0 2698.0 1.0 89.0 0.0 -2.1929 3.474 0.0 0.64031 989.0 2.5 14.0 92.0 0.6071 0.0 0.874 0.0 0.64031 986.0 2.5 13.0 88.0 3.3071 0.0 0.0 -1.026 0.44721 985.0 2.5 12.0 79.0 5.5071 0.0 0.0 -2.426 0.36056 987.0 2.4517 13.0 66.0 7.2071 0.0 0.0 -3.626 0.28284 991.0 2.0223 15.0 
0.25655 124.78821 56.0 2701.0 1.0 84.0 0.0 -1.7929 2.974 0.0 0.56569 991.0 2.5 11.0 88.0 0.7071 0.0 0.874 0.0 0.5 984.0 2.5 9.0 94.0 2.9071 0.0 0.0 -0.526 0.36056 976.0 2.4391 8.0 103.0 4.6071 0.0 0.0 -1.626 0.22361 965.0 2.2574 7.0 103.0 5.9071 0.0 0.0 -2.526 0.22361 963.0 2.1671 6.0 
0.0901 156.81304 119.0 2705.0 1.0 50.0 1.4071 0.0 0.0 -0.626 0.1 992.0 1.2159 12.0 55.0 1.4071 0.0 0.0 -0.126 0.14142 990.0 1.3433 11.0 62.0 1.6071 0.0 0.574 0.0 0.1 988.0 1.5705 10.0 71.0 1.9071 0.0 1.474 0.0 0.14142 983.0 1.7162 9.0 80.0 2.4071 0.0 2.374 0.0 0.14142 977.0 1.8158 8.0 
0.44297 38.12432 57.0 2709.0 1.0 62.0 0.0 -1.9929 2.674 0.0 0.56569 998.0 2.5 18.0 63.0 0.2071 0.0 0.274 0.0 0.5 996.0 2.3846 16.0 64.0 2.2071 0.0 0.0 -1.626 0.5 994.0 2.2019 14.0 70.0 4.0071 0.0 0.0 -3.026 0.36056 989.0 2.0853 13.0 81.0 5.5071 0.0 0.0 -4.026 0.28284 982.0 2.1617 11.0 
0.34329 14.4498 90.0 2715.0 1.0 64.0 0.0 -1.4929 1.774 0.0 0.5 995.0 2.3242 14.0 66.0 0.1071 0.0 0.074 0.0 0.28284 992.0 2.1186 12.0 64.0 1.4071 0.0 0.0 -0.826 0.22361 991.0 1.9016 11.0 62.0 2.5071 0.0 0.0 -1.226 0.2 990.0 1.707 11.0 63.0 3.6071 0.0 0.0 -1.326 0.2 990.0 1.7625 11.0 
0.29335 123.99184 47.0 2718.0 1.0 90.0 0.0 -2.5929 3.074 0.0 0.64031 989.0 2.5 11.0 91.0 0.3071 0.0 1.074 0.0 0.5831 985.0 2.5 9.0 89.0 2.8071 0.0 0.0 -0.426 0.36056 983.0 2.5 9.0 89.0 4.9071 0.0 0.0 -1.726 0.36056 981.0 2.5 9.0 84.0 6.7071 0.0 0.0 -3.026 0.36056 983.0 2.4023 9.0 
0.35771 30.02471 55.0 2719.0 1.0 56.0 0.0 -1.8929 0.774 0.0 0.31623 999.0 2.2879 18.0 57.0 0.2071 0.0 0.174 0.0 0.3 997.0 2.074 15.0 57.0 2.0071 0.0 0.0 -0.026 0.3 996.0 1.952 14.0 58.0 3.6071 0.0 0.074 0.0 0.2 995.0 1.9088 13.0 59.0 5.0071 0.0 0.274 0.0 0.31623 994.0 1.8713 13.0 
0.11813 218.50954 217.0 2725.0 1.0 80.0 0.0 -2.8929 0.0 -1.726 0.60828 990.0 2.5 9.0 93.0 0.4071 0.0 0.0 -1.926 0.5099 983.0 2.5 9.0 110.0 3.2071 0.0 0.0 -0.826 0.44721 969.0 2.5 7.0 125.0 5.7071 0.0 0.774 0.0 0.5 955.0 2.5 6.0 116.0 8.0071 0.0 2.174 0.0 0.36056 960.0 2.5 6.0 
0.45683 30.02471 57.0 2728.0 1.0 52.0 0.0 -1.7929 1.874 0.0 0.42426 999.0 1.9727 15.0 55.0 0.2071 0.0 0.174 0.0 0.42426 997.0 1.931 13.0 58.0 2.1071 0.0 0.0 -1.226 0.36056 995.0 1.9088 11.0 62.0 3.8071 0.0 0.0 -2.326 0.31623 992.0 1.8696 9.0 73.0 5.3071 0.0 0.0 -3.226 0.22361 986.0 2.0159 10.0 
0.63446 28.83574 54.0 272.0 1.0 65.0 0.0 -2.2929 2.374 0.0 0.5 997.0 2.5 16.0 68.0 0.0 -0.1929 0.174 0.0 0.56569 994.0 2.4857 17.0 72.0 1.8071 0.0 0.0 -1.426 0.36056 991.0 2.4067 15.0 73.0 3.6071 0.0 0.0 -2.326 0.31623 988.0 2.1772 14.0 74.0 5.3071 0.0 0.0 -2.926 0.31623 987.0 2.1512 13.0 
0.15866 147.24084 73.0 2733.0 1.0 52.0 0.6071 0.0 0.0 -2.226 0.31623 997.0 1.7261 15.0 58.0 1.3071 0.0 0.0 -0.226 0.41231 996.0 2.0211 14.0 59.0 2.0071 0.0 1.974 0.0 0.31623 996.0 2.0914 14.0 56.0 2.9071 0.0 4.174 0.0 0.31623 997.0 2.0019 15.0 52.0 3.9071 0.0 5.974 0.0 0.36056 998.0 1.8412 16.0 
0.07853 268.36316 71.0 2741.0 1.0 43.0 2.4071 0.0 0.0 -1.526 0.2 998.0 1.259 21.0 50.0 2.4071 0.0 0.0 -0.226 0.31623 996.0 1.502 19.0 53.0 2.6071 0.0 1.174 0.0 0.3 995.0 1.5939 17.0 55.0 2.9071 0.0 2.474 0.0 0.2 993.0 1.5448 16.0 56.0 3.3071 0.0 3.474 0.0 0.14142 992.0 1.5252 15.0 
0.2888 53.94034 65.0 2745.0 1.0 57.0 0.0 -0.5929 0.974 0.0 0.14142 992.0 1.5802 15.0 58.0 0.1071 0.0 0.474 0.0 0.2 991.0 1.5618 15.0 62.0 1.0071 0.0 0.474 0.0 0.1 989.0 1.6359 14.0 69.0 2.0071 0.0 0.774 0.0 0.22361 987.0 1.8703 13.0 79.0 3.4071 0.0 1.474 0.0 0.22361 982.0 2.0563 12.0 
0.34149 19.33007 63.0 2748.0 1.0 57.0 0.0 -1.7929 0.0 -0.126 0.3 997.0 2.074 11.0 62.0 0.0071 0.0 0.174 0.0 0.31623 994.0 2.0664 9.0 63.0 1.6071 0.0 0.574 0.0 0.3 992.0 1.9304 9.0 67.0 3.1071 0.0 1.074 0.0 0.22361 990.0 1.9935 8.0 70.0 4.5071 0.0 1.774 0.0 0.22361 988.0 2.0019 8.0 
0.40164 43.18263 54.0 2749.0 1.0 61.0 0.0 -1.3929 1.374 0.0 0.28284 993.0 1.9003 16.0 69.0 0.1071 0.0 0.374 0.0 0.31623 990.0 2.1142 14.0 75.0 1.8071 0.0 0.0 -0.226 0.31623 987.0 2.2097 13.0 83.0 3.7071 0.0 0.0 -0.626 0.31623 982.0 2.2698 11.0 92.0 5.4071 0.0 0.0 -0.726 0.2 973.0 2.1612 10.0 
0.10097 76.71589 67.0 2751.0 1.0 45.0 0.0 -1.6929 0.674 0.0 0.36056 997.0 1.2927 10.0 49.0 0.0 -0.2929 0.0 -0.626 0.28284 996.0 1.4425 13.0 56.0 1.1071 0.0 0.0 -1.726 0.31623 993.0 1.6015 11.0 62.0 2.7071 0.0 0.0 -2.426 0.22361 990.0 1.707 11.0 72.0 4.1071 0.0 0.0 -2.826 0.2 982.0 1.708 10.0 
0.38343 36.19458 103.0 2753.0 1.0 33.0 0.0 -0.1929 0.0 -0.426 0.1 998.0 1.0 13.0 40.0 0.0071 0.0 0.0 -0.326 0.1 997.0 1.0214 15.0 45.0 0.2071 0.0 0.0 -0.326 0.14142 994.0 1.0886 13.0 48.0 0.4071 0.0 0.0 -0.026 0.1 993.0 1.1766 12.0 51.0 0.4071 0.0 0.474 0.0 0.1 993.0 1.3283 12.0 
0.55314 42.87049 69.0 275.0 1.0 71.0 0.0 -0.6929 0.0 -0.426 0.1 980.0 1.5602 12.0 93.0 0.2071 0.0 0.0 -0.326 0.1 967.0 1.9204 11.0 101.0 1.1071 0.0 0.0 -0.126 0.22361 961.0 2.0037 10.0 103.0 2.1071 0.0 0.374 0.0 0.22361 961.0 2.0838 10.0 104.0 3.3071 0.0 0.774 0.0 0.22361 961.0 2.1245 10.0 
0.40822 66.91619 210.0 2760.0 1.0 50.0 0.0 -0.2929 0.0 -1.526 0.22361 996.0 1.502 14.0 62.0 0.5071 0.0 0.0 -0.326 0.22361 991.0 1.7846 11.0 69.0 1.2071 0.0 1.174 0.0 0.31623 988.0 1.9451 10.0 74.0 1.7071 0.0 2.874 0.0 0.31623 985.0 1.9975 9.0 75.0 2.1071 0.0 4.674 0.0 0.41231 985.0 2.0519 9.0 
0.84527 42.87049 53.0 2766.0 1.0 66.0 0.0 -1.6929 0.0 -1.426 0.36056 992.0 2.1186 14.0 79.0 0.2071 0.0 0.0 -0.326 0.36056 986.0 2.3609 13.0 87.0 2.0071 0.0 0.674 0.0 0.44721 980.0 2.3427 11.0 96.0 3.7071 0.0 1.574 0.0 0.36056 972.0 2.2958 9.0 104.0 5.3071 0.0 2.274 0.0 0.3 964.0 2.2545 9.0 
0.47392 25.09838 55.0 2768.0 1.0 41.0 0.0 -2.0929 0.0 -0.426 0.3 1001.0 1.4308 13.0 45.0 0.0071 0.0 0.0 -0.226 0.31623 1001.0 1.7236 17.0 50.0 2.1071 0.0 0.474 0.0 0.41231 1000.0 1.9642 14.0 51.0 4.1071 0.0 1.074 0.0 0.3 999.0 1.8976 13.0 48.0 5.6071 0.0 1.274 0.0 0.2 998.0 1.5688 12.0 
0.35418 2.99167 70.0 2769.0 1.0 45.0 0.0 -0.8929 0.774 0.0 0.22361 997.0 1.2927 14.0 52.0 0.0071 0.0 0.0 -0.026 0.14142 995.0 1.5343 13.0 61.0 0.9071 0.0 0.0 -0.726 0.22361 990.0 1.6524 11.0 65.0 1.9071 0.0 0.0 -1.226 0.2 989.0 1.798 10.0 68.0 3.1071 0.0 0.0 -1.526 0.22361 988.0 1.8891 10.0 
0.4535 46.71062 58.0 2771.0 1.0 82.0 0.0 -1.4929 0.174 0.0 0.2 978.0 1.9622 13.0 103.0 0.0 -0.1929 0.374 0.0 0.22361 963.0 2.1671 10.0 114.0 1.2071 0.0 0.874 0.0 0.31623 954.0 2.2498 9.0 125.0 2.8071 0.0 1.274 0.0 0.22361 944.0 2.3129 9.0 130.0 4.3071 0.0 1.874 0.0 0.2 937.0 2.2712 8.0 
0.32395 14.4498 52.0 2778.0 1.0 49.0 0.0 -1.6929 1.274 0.0 0.36056 999.0 1.7517 14.0 52.0 0.1071 0.0 0.074 0.0 0.36056 997.0 1.7261 12.0 58.0 1.8071 0.0 0.0 -0.726 0.31623 994.0 1.8084 10.0 68.0 3.6071 0.0 0.0 -0.826 0.31623 991.0 2.1467 11.0 77.0 5.4071 0.0 0.0 -0.326 0.3 985.0 2.1628 10.0 
0.69215 18.35579 61.0 2781.0 1.0 56.0 0.0 -1.1929 0.0 -0.926 0.22361 995.0 1.7795 18.0 66.0 0.1071 0.0 0.0 -0.126 0.31623 990.0 1.9344 14.0 72.0 1.5071 0.0 0.674 0.0 0.28284 987.0 2.0365 13.0 79.0 2.9071 0.0 1.474 0.0 0.22361 982.0 2.0563 11.0 89.0 4.3071 0.0 1.974 0.0 0.22361 974.0 2.0744 10.0 
0.3487 71.90593 121.0 2786.0 1.0 37.0 0.4071 0.0 0.0 -0.826 0.1 998.0 1.0 22.0 46.0 0.6071 0.0 0.0 -0.226 0.14142 995.0 1.2007 18.0 51.0 0.9071 0.0 0.474 0.0 0.2 993.0 1.3283 16.0 55.0 1.1071 0.0 1.174 0.0 0.1 991.0 1.4044 15.0 57.0 1.2071 0.0 1.774 0.0 0.1 989.0 1.3827 14.0 
0.38822 18.35579 187.0 2791.0 1.0 50.0 0.0 -0.9929 0.0 -0.326 0.2 996.0 1.502 15.0 55.0 0.1071 0.0 0.0 -0.126 0.1 993.0 1.5448 12.0 56.0 0.9071 0.0 0.174 0.0 0.22361 993.0 1.6015 12.0 59.0 1.7071 0.0 0.774 0.0 0.22361 991.0 1.6161 11.0 62.0 2.5071 0.0 1.574 0.0 0.28284 991.0 1.7846 11.0 
1.01404 24.41152 51.0 2795.0 1.0 71.0 0.0 -0.7929 0.0 -1.526 0.28284 987.0 1.9803 10.0 84.0 0.2071 0.0 0.074 0.0 0.31623 979.0 2.1196 8.0 89.0 1.5071 0.0 1.474 0.0 0.36056 978.0 2.3115 8.0 90.0 3.4071 0.0 2.374 0.0 0.4 979.0 2.4333 8.0 92.0 5.6071 0.0 2.774 0.0 0.3 977.0 2.4014 8.0 
0.41937 36.84572 87.0 2798.0 1.0 45.0 0.3071 0.0 0.0 -1.026 0.2 997.0 1.2927 15.0 48.0 0.3071 0.0 0.0 -0.126 0.22361 995.0 1.3074 13.0 48.0 0.5071 0.0 0.574 0.0 0.22361 995.0 1.3074 13.0 51.0 0.9071 0.0 1.274 0.0 0.22361 994.0 1.3982 13.0 55.0 1.6071 0.0 1.974 0.0 0.22361 993.0 1.5448 12.0 
0.46606 62.18838 52.0 2809.0 1.0 73.0 0.0 -2.7929 0.0 -0.326 0.41231 992.0 2.5 14.0 83.0 0.0 -0.1929 0.0 -0.526 0.4 986.0 2.5 13.0 86.0 2.0071 0.0 0.0 -0.126 0.41231 983.0 2.5 11.0 84.0 4.0071 0.0 0.574 0.0 0.31623 983.0 2.4023 12.0 79.0 5.7071 0.0 1.274 0.0 0.22361 984.0 2.1981 12.0 
0.10719 145.1168 74.0 2810.0 1.0 56.0 1.5071 0.0 0.0 -1.326 0.2 991.0 1.4559 9.0 68.0 1.3071 0.0 0.0 -0.026 0.2 986.0 1.7492 7.0 75.0 1.1071 0.0 1.474 0.0 0.3 983.0 1.9151 7.0 75.0 1.1071 0.0 3.174 0.0 0.3 984.0 1.9811 7.0 74.0 1.5071 0.0 4.974 0.0 0.31623 986.0 2.0715 7.0 
0.37093 27.12273 94.0 2811.0 1.0 68.0 0.0 -1.6929 0.0 -0.526 0.3 989.0 1.9678 9.0 81.0 0.0 -0.0929 0.0 -0.226 0.2 980.0 2.0307 9.0 93.0 1.1071 0.0 0.0 -0.326 0.22361 969.0 2.0077 7.0 97.0 2.1071 0.0 0.0 -0.726 0.22361 965.0 2.0021 7.0 91.0 3.0071 0.0 0.0 -1.226 0.14142 969.0 1.9223 7.0 
0.11256 97.40378 72.0 2813.0 1.0 47.0 0.0 -1.7929 0.074 0.0 0.22361 998.0 1.5041 14.0 48.0 0.0 -0.4929 0.0 -0.726 0.28284 996.0 1.3843 14.0 54.0 0.6071 0.0 0.0 -1.526 0.22361 993.0 1.4892 14.0 60.0 1.7071 0.0 0.0 -2.126 0.22361 990.0 1.5987 12.0 68.0 2.9071 0.0 0.0 -2.526 0.22361 984.0 1.6286 10.0 
0.15356 128.67033 328.0 2816.0 1.0 121.0 0.0071 0.0 2.374 0.0 0.36056 952.0 2.4515 9.0 119.0 1.0071 0.0 0.574 0.0 0.22361 950.0 2.2958 9.0 117.0 1.8071 0.0 0.0 -0.726 0.14142 948.0 2.151 9.0 111.0 2.6071 0.0 0.0 -1.526 0.14142 950.0 1.9975 9.0 111.0 3.3071 0.0 0.0 -1.926 0.14142 945.0 1.8506 7.0 
0.19796 42.04636 68.0 2819.0 1.0 50.0 0.0 -1.6929 0.874 0.0 0.36056 996.0 1.502 13.0 52.0 0.0 -0.1929 0.0 -0.326 0.36056 993.0 1.3809 12.0 58.0 1.3071 0.0 0.0 -1.526 0.28284 989.0 1.4316 10.0 68.0 2.7071 0.0 0.0 -2.626 0.22361 984.0 1.6286 11.0 87.0 4.0071 0.0 0.0 -3.326 0.14142 970.0 1.7979 10.0 
0.54064 30.02471 98.0 281.0 1.0 120.0 0.0 -1.1929 1.374 0.0 0.36056 944.0 2.1316 6.0 140.0 0.2071 0.0 0.174 0.0 0.22361 917.0 2.0853 5.0 151.0 1.3071 0.0 0.0 -0.726 0.22361 904.0 2.1365 4.0 142.0 2.2071 0.0 0.0 -1.326 0.14142 913.0 2.0595 4.0 128.0 2.9071 0.0 0.0 -1.826 0.1 931.0 2.0408 5.0 
0.24633 45.6838 47.0 2821.0 1.0 51.0 0.0 -2.1929 1.874 0.0 0.5 1002.0 2.4151 13.0 49.0 0.3071 0.0 0.274 0.0 0.44721 1001.0 2.0436 12.0 50.0 2.7071 0.0 0.0 -0.526 0.41231 1000.0 1.9642 13.0 52.0 4.9071 0.0 0.0 -0.926 0.31623 999.0 1.9727 13.0 54.0 6.8071 0.0 0.0 -1.126 0.3 997.0 1.8615 11.0 
0.10934 167.99645 49.0 2824.0 1.0 42.0 0.0 -1.4929 0.0 -1.426 0.3 1001.0 1.5014 22.0 48.0 0.5071 0.0 0.0 -1.426 0.3 1000.0 1.8102 19.0 52.0 2.5071 0.0 0.0 -0.826 0.36056 1000.0 2.1245 18.0 52.0 4.5071 0.0 0.074 0.0 0.31623 1000.0 2.1245 18.0 48.0 6.4071 0.0 0.874 0.0 0.28284 1000.0 1.8102 18.0 
0.45213 26.90838 43.0 2827.0 1.0 57.0 0.0 -2.3929 1.874 0.0 0.56569 1000.0 2.5 16.0 57.0 0.2071 0.0 0.0 -0.126 0.5831 999.0 2.3703 15.0 61.0 2.9071 0.0 0.0 -1.726 0.5831 998.0 2.5 17.0 61.0 5.4071 0.0 0.0 -3.026 0.41231 996.0 2.2356 15.0 67.0 7.7071 0.0 0.0 -3.526 0.3 993.0 2.2925 16.0 
0.08048 95.70533 56.0 282.0 1.0 62.0 0.0 -2.5929 0.874 0.0 0.42426 994.0 2.0664 11.0 70.0 0.0 -0.5929 0.0 -0.626 0.36056 990.0 2.176 12.0 81.0 1.3071 0.0 0.0 -1.726 0.31623 984.0 2.3108 12.0 94.0 3.2071 0.0 0.0 -2.426 0.31623 970.0 2.0988 8.0 119.0 4.9071 0.0 0.0 -2.826 0.31623 943.0 2.0662 6.0 
0.35204 14.4498 93.0 2839.0 1.0 47.0 0.0 -0.2929 1.474 0.0 0.22361 996.0 1.3272 16.0 50.0 0.1071 0.0 0.074 0.0 0.2 993.0 1.2767 14.0 57.0 0.5071 0.0 0.0 -0.926 0.1 989.0 1.3827 15.0 70.0 1.0071 0.0 0.0 -1.626 0.14142 980.0 1.5166 12.0 89.0 1.8071 0.0 0.0 -2.026 0.1 971.0 1.9263 12.0 
0.40918 211.97996 56.0 2840.0 1.0 129.0 0.0 -1.4929 2.374 0.0 0.41231 949.0 2.5 11.0 140.0 0.7071 0.0 1.774 0.0 0.41231 934.0 2.5 10.0 144.0 2.6071 0.0 0.974 0.0 0.36056 926.0 2.4344 9.0 148.0 4.2071 0.0 0.0 -0.126 0.31623 920.0 2.4056 9.0 158.0 5.7071 0.0 0.0 -1.126 0.22361 903.0 2.318 8.0 
0.3078 92.73958 55.0 2842.0 1.0 76.0 0.0 -0.4929 1.674 0.0 0.28284 984.0 2.0343 12.0 87.0 0.6071 0.0 0.574 0.0 0.28284 976.0 2.0894 10.0 98.0 1.8071 0.0 0.0 -0.526 0.28284 969.0 2.2294 9.0 106.0 3.2071 0.0 0.0 -1.526 0.31623 962.0 2.2502 8.0 123.0 4.7071 0.0 0.0 -2.126 0.22361 944.0 2.2395 7.0 
0.28716 12.23339 55.0 2844.0 1.0 55.0 0.0 -1.8929 2.774 0.0 0.5831 1000.0 2.3767 12.0 53.0 0.1071 0.0 0.0 -0.026 0.5 999.0 2.0493 11.0 53.0 1.9071 0.0 0.0 -2.226 0.42426 998.0 1.9127 12.0 54.0 3.6071 0.0 0.0 -3.826 0.36056 996.0 1.752 12.0 59.0 5.2071 0.0 0.0 -4.626 0.2 992.0 1.693 10.0 
0.41035 42.77555 46.0 2853.0 1.0 63.0 0.0 -3.1929 2.974 0.0 0.72111 1001.0 2.5 17.0 60.0 0.0 -0.0929 0.374 0.0 0.64031 1000.0 2.5 16.0 57.0 2.4071 0.0 0.0 -1.826 0.5 999.0 2.3703 14.0 58.0 4.5071 0.0 0.0 -3.426 0.44721 997.0 2.1474 16.0 64.0 6.6071 0.0 0.0 -4.426 0.44721 995.0 2.3242 13.0 
0.21755 111.23875 74.0 2858.0 1.0 48.0 0.3071 0.0 0.0 -2.026 0.31623 998.0 1.5688 16.0 51.0 0.9071 0.0 0.0 -0.426 0.31623 996.0 1.5627 14.0 52.0 1.4071 0.0 0.874 0.0 0.28284 995.0 1.5343 14.0 52.0 2.2071 0.0 1.874 0.0 0.28284 995.0 1.5343 14.0 54.0 3.2071 0.0 2.974 0.0 0.28284 996.0 1.752 14.0 
0.27127 47.45382 130.0 285.0 1.0 79.0 0.0 -0.9929 1.774 0.0 0.36056 986.0 2.3609 10.0 75.0 0.2071 0.0 0.374 0.0 0.28284 986.0 2.1279 9.0 68.0 1.2071 0.0 0.0 -0.626 0.14142 987.0 1.8165 10.0 64.0 2.0071 0.0 0.0 -1.326 0.14142 988.0 1.6734 10.0 60.0 2.5071 0.0 0.0 -1.726 0.14142 989.0 1.5321 10.0 
0.11882 102.78902 74.0 2862.0 1.0 34.0 0.0 -0.5929 0.0 -0.926 0.1 999.0 1.0 14.0 39.0 0.0071 0.0 0.0 -0.926 0.14142 997.0 1.0 12.0 47.0 0.6071 0.0 0.0 -1.026 0.1 995.0 1.2535 14.0 55.0 1.2071 0.0 0.0 -0.926 0.14142 991.0 1.4044 12.0 59.0 1.9071 0.0 0.0 -0.426 0.14142 990.0 1.5458 11.0 
0.10932 103.4712 78.0 2868.0 1.0 47.0 0.0 -0.8929 0.0 -1.126 0.2 996.0 1.3272 11.0 53.0 0.1071 0.0 0.0 -0.926 0.1 994.0 1.51 13.0 63.0 0.8071 0.0 0.0 -0.926 0.1 987.0 1.5592 10.0 70.0 1.6071 0.0 0.0 -1.126 0.1 984.0 1.7258 9.0 72.0 2.5071 0.0 0.0 -1.426 0.22361 985.0 1.891 9.0 
0.1284 117.18921 81.0 2869.0 1.0 38.0 0.0 -0.3929 0.0 -1.326 0.22361 1000.0 1.1345 20.0 41.0 0.5071 0.0 0.0 -0.926 0.1 999.0 1.2264 17.0 43.0 1.2071 0.0 0.0 -0.526 0.22361 998.0 1.259 16.0 46.0 1.9071 0.0 0.274 0.0 0.14142 997.0 1.3508 15.0 48.0 2.7071 0.0 1.174 0.0 0.22361 997.0 1.4708 15.0 
0.16328 79.14903 112.0 2872.0 1.0 76.0 0.0071 0.0 1.674 0.0 0.22361 983.0 1.9665 9.0 83.0 0.6071 0.0 0.374 0.0 0.22361 977.0 1.9545 8.0 89.0 1.3071 0.0 0.0 -0.526 0.14142 971.0 1.9263 7.0 93.0 2.0071 0.0 0.0 -1.126 0.14142 967.0 1.9204 7.0 95.0 2.8071 0.0 0.0 -1.526 0.14142 965.0 1.9204 7.0 
0.29725 23.16855 46.0 2876.0 1.0 60.0 0.0 -2.1929 3.674 0.0 0.72111 1001.0 2.5 18.0 61.0 0.2071 0.0 0.0 -0.026 0.72111 1000.0 2.5 16.0 59.0 2.6071 0.0 0.0 -3.026 0.42426 999.0 2.5 14.0 57.0 4.8071 0.0 0.0 -4.726 0.31623 997.0 2.074 13.0 62.0 6.9071 0.0 0.0 -5.426 0.41231 995.0 2.1812 14.0 
0.09685 191.58762 47.0 2878.0 1.0 62.0 0.0 -3.4929 0.0 -1.026 0.63246 1000.0 2.5 15.0 67.0 0.0071 0.0 0.0 -1.726 0.60828 999.0 2.5 17.0 68.0 3.1071 0.0 0.0 -1.726 0.4 996.0 2.5 14.0 64.0 5.3071 0.0 0.0 -1.226 0.41231 995.0 2.3242 13.0 60.0 7.1071 0.0 0.0 -0.526 0.28284 995.0 2.0427 13.0 
0.30671 180.46314 53.0 2879.0 1.0 101.0 0.0 -0.9929 1.974 0.0 0.22361 967.0 2.265 14.0 103.0 0.4071 0.0 1.574 0.0 0.3 964.0 2.2114 13.0 104.0 1.9071 0.0 1.274 0.0 0.2 964.0 2.2545 13.0 105.0 3.5071 0.0 1.174 0.0 0.3 964.0 2.2981 13.0 106.0 5.2071 0.0 1.174 0.0 0.3 963.0 2.2952 13.0 
1.01723 12.23339 45.0 2885.0 1.0 73.0 0.0 -3.3929 1.074 0.0 0.63246 997.0 2.5 14.0 81.0 0.1071 0.0 0.0 -0.026 0.63246 993.0 2.5 12.0 81.0 3.2071 0.0 0.0 -0.826 0.4 989.0 2.5 11.0 80.0 5.6071 0.0 0.0 -1.026 0.3 986.0 2.421 10.0 79.0 7.4071 0.0 0.0 -0.726 0.3 984.0 2.1981 9.0 
0.25437 196.91558 43.0 2886.0 1.0 75.0 0.0 -3.2929 2.474 0.0 0.63246 996.0 2.5 14.0 80.0 0.0071 0.0 1.774 0.0 0.5 992.0 2.5 12.0 79.0 3.0071 0.0 1.774 0.0 0.4 991.0 2.5 11.0 75.0 5.5071 0.0 1.874 0.0 0.41231 990.0 2.4979 11.0 75.0 7.7071 0.0 1.874 0.0 0.41231 989.0 2.3938 11.0 
0.10323 57.38457 50.0 2889.0 1.0 52.0 0.0 -2.5929 1.974 0.0 0.56569 1000.0 2.1245 12.0 55.0 0.0 -0.2929 0.0 -0.426 0.56569 1000.0 2.3767 15.0 57.0 1.9071 0.0 0.0 -2.526 0.5 998.0 2.2123 13.0 57.0 4.0071 0.0 0.0 -4.026 0.31623 996.0 1.952 12.0 62.0 5.8071 0.0 0.0 -4.726 0.31623 993.0 1.9631 13.0 
0.3466 124.12592 52.0 2896.0 1.0 91.0 0.0 -2.5929 3.874 0.0 0.78102 992.0 2.5 12.0 87.0 0.8071 0.0 0.774 0.0 0.64031 992.0 2.5 12.0 77.0 3.5071 0.0 0.0 -1.626 0.5 993.0 2.5 12.0 75.0 5.5071 0.0 0.0 -3.426 0.36056 989.0 2.3938 11.0 69.0 6.8071 0.0 0.0 -4.726 0.28284 989.0 2.0261 10.0 
0.08822 64.32701 66.0 2903.0 1.0 47.0 0.0 -1.9929 1.574 0.0 0.5 1000.0 1.7355 12.0 46.0 0.0 -0.3929 0.0 -0.426 0.42426 999.0 1.5437 11.0 47.0 1.2071 0.0 0.0 -2.026 0.28284 998.0 1.5041 10.0 50.0 2.6071 0.0 0.0 -3.326 0.36056 996.0 1.502 11.0 55.0 4.1071 0.0 0.0 -4.426 0.28284 994.0 1.6261 11.0 
0.34067 84.17478 63.0 2905.0 1.0 71.0 0.0 -1.2929 2.074 0.0 0.5 991.0 2.3403 12.0 72.0 0.7071 0.0 0.274 0.0 0.42426 990.0 2.3021 12.0 72.0 2.4071 0.0 0.0 -1.626 0.28284 985.0 1.891 8.0 87.0 3.7071 0.0 0.0 -2.926 0.36056 974.0 1.9822 8.0 117.0 5.1071 0.0 0.0 -3.626 0.22361 942.0 1.9692 6.0 
0.23742 97.07306 47.0 291.0 1.0 53.0 0.0 -2.3929 2.774 0.0 0.5 1001.0 2.3909 21.0 62.0 0.4071 0.0 0.774 0.0 0.5 1000.0 2.5 19.0 59.0 3.0071 0.0 0.0 -1.226 0.5 999.0 2.5 18.0 56.0 5.1071 0.0 0.0 -3.026 0.42426 999.0 2.2879 18.0 55.0 6.9071 0.0 0.0 -4.926 0.5 999.0 2.2069 18.0 
0.30258 49.1426 51.0 2926.0 1.0 50.0 0.0 -1.5929 2.074 0.0 0.42426 1001.0 2.1279 17.0 50.0 0.4071 0.0 0.174 0.0 0.42426 1000.0 1.9642 15.0 51.0 2.3071 0.0 0.0 -1.326 0.36056 999.0 1.8976 14.0 56.0 4.1071 0.0 0.0 -2.426 0.36056 997.0 2.0019 15.0 60.0 5.9071 0.0 0.0 -3.126 0.31623 995.0 2.0427 13.0 
0.15316 83.80069 80.0 2933.0 1.0 41.0 0.0 -0.7929 0.0 -0.726 0.22361 998.0 1.1446 13.0 47.0 0.2071 0.0 0.0 -0.726 0.1 996.0 1.3272 15.0 53.0 1.1071 0.0 0.0 -0.626 0.22361 994.0 1.51 13.0 57.0 2.1071 0.0 0.0 -0.526 0.14142 992.0 1.5802 12.0 61.0 3.1071 0.0 0.0 -0.826 0.22361 991.0 1.7275 11.0 
0.07792 238.77972 45.0 293.0 1.0 63.0 0.1071 0.0 4.374 0.0 0.76158 999.0 2.5 10.0 62.0 2.0071 0.0 0.774 0.0 0.5831 997.0 2.4538 10.0 64.0 3.9071 0.0 0.0 -2.226 0.5831 996.0 2.4609 12.0 70.0 5.6071 0.0 0.0 -4.926 0.5 992.0 2.3832 10.0 77.0 7.2071 0.0 0.0 -7.126 0.42426 985.0 2.1628 8.0 
0.3696 32.11459 49.0 2940.0 1.0 65.0 0.0 -3.3929 3.274 0.0 0.78102 1001.0 2.5 16.0 64.0 0.0 -0.0929 0.274 0.0 0.64031 1001.0 2.5 15.0 56.0 2.6071 0.0 0.0 -1.926 0.5 1001.0 2.5 15.0 52.0 4.8071 0.0 0.0 -3.426 0.31623 1000.0 2.1245 14.0 47.0 6.5071 0.0 0.0 -4.326 0.31623 1000.0 1.7355 14.0 
0.26955 53.71602 69.0 2943.0 1.0 58.0 0.0 -0.9929 1.174 0.0 0.28284 995.0 1.9088 14.0 55.0 0.3071 0.0 0.374 0.0 0.14142 995.0 1.7165 13.0 54.0 1.3071 0.0 0.174 0.0 0.2 994.0 1.5675 13.0 55.0 2.3071 0.0 0.274 0.0 0.22361 994.0 1.6261 12.0 57.0 3.3071 0.0 0.674 0.0 0.22361 993.0 1.6592 12.0 
0.11342 92.26407 69.0 2947.0 1.0 46.0 0.0 -1.1929 0.0 -0.326 0.22361 996.0 1.2713 12.0 50.0 0.0 -0.0929 0.0 -0.826 0.14142 993.0 1.2767 11.0 55.0 0.9071 0.0 0.0 -1.126 0.22361 991.0 1.4044 11.0 63.0 2.1071 0.0 0.0 -1.626 0.2 989.0 1.6891 11.0 69.0 3.4071 0.0 0.0 -2.226 0.22361 984.0 1.6768 9.0 
0.34561 22.67945 60.0 294.0 1.0 51.0 0.0 -1.3929 0.674 0.0 0.3 997.0 1.6604 16.0 58.0 0.1071 0.0 0.174 0.0 0.31623 994.0 1.8084 13.0 62.0 1.6071 0.0 0.0 -0.326 0.31623 992.0 1.8696 12.0 64.0 3.2071 0.0 0.0 -0.726 0.2 991.0 1.9016 11.0 66.0 4.6071 0.0 0.0 -0.926 0.2 989.0 1.8538 11.0 
0.32115 53.71602 57.0 2955.0 1.0 56.0 0.0 -1.4929 1.774 0.0 0.36056 998.0 2.1353 17.0 57.0 0.3071 0.0 0.374 0.0 0.42426 997.0 2.074 15.0 58.0 1.9071 0.0 0.0 -1.026 0.36056 994.0 1.8084 11.0 64.0 3.5071 0.0 0.0 -2.326 0.31623 991.0 1.9016 9.0 76.0 5.0071 0.0 0.0 -3.126 0.22361 984.0 2.0343 9.0 
0.33563 53.94034 53.0 2968.0 1.0 96.0 0.0 -1.4929 0.974 0.0 0.3 970.0 2.1891 9.0 121.0 0.1071 0.0 0.474 0.0 0.31623 949.0 2.3365 7.0 121.0 1.8071 0.0 0.0 -0.126 0.31623 949.0 2.3365 7.0 120.0 3.4071 0.0 0.0 -0.526 0.3 949.0 2.2981 7.0 119.0 5.0071 0.0 0.0 -0.426 0.3 943.0 2.0662 6.0 
0.0478 129.14536 46.0 2972.0 1.0 60.0 0.0 -3.3929 0.574 0.0 0.5831 1000.0 2.5 16.0 59.0 0.0 -0.2929 0.0 -1.126 0.5831 1000.0 2.5 20.0 60.0 2.4071 0.0 0.0 -2.326 0.53852 999.0 2.5 17.0 60.0 4.8071 0.0 0.0 -3.126 0.41231 997.0 2.2981 15.0 58.0 7.0071 0.0 0.0 -3.326 0.31623 997.0 2.1474 15.0 
0.1394 61.36266 78.0 2977.0 1.0 47.0 0.0 -0.6929 2.074 0.0 0.36056 999.0 1.6116 11.0 45.0 0.4071 0.0 0.374 0.0 0.28284 998.0 1.3789 14.0 46.0 1.3071 0.0 0.0 -0.626 0.28284 996.0 1.2713 12.0 51.0 2.2071 0.0 0.0 -1.226 0.14142 994.0 1.3982 13.0 60.0 3.0071 0.0 0.0 -1.626 0.22361 990.0 1.5987 11.0 
0.24118 67.88686 55.0 2979.0 1.0 49.0 0.0 -1.3929 2.674 0.0 0.5 1001.0 2.0436 18.0 52.0 0.6071 0.0 0.074 0.0 0.5 1001.0 2.3015 17.0 50.0 2.4071 0.0 0.0 -2.326 0.42426 1000.0 1.9642 16.0 48.0 4.0071 0.0 0.0 -3.926 0.36056 1000.0 1.8102 17.0 51.0 5.5071 0.0 0.0 -5.026 0.28284 998.0 1.7711 16.0 
0.40842 22.93337 50.0 2984.0 1.0 57.0 0.0 -2.6929 2.174 0.0 0.56569 999.0 2.3703 11.0 56.0 0.0 -0.1929 0.074 0.0 0.5 999.0 2.2879 14.0 59.0 2.1071 0.0 0.0 -1.526 0.5 997.0 2.2221 12.0 63.0 4.3071 0.0 0.0 -3.126 0.42426 994.0 2.1336 11.0 70.0 6.1071 0.0 0.0 -4.726 0.42426 991.0 2.2749 11.0 
0.17953 77.39705 64.0 2985.0 1.0 53.0 0.0 -0.7929 0.0 -1.026 0.2 995.0 1.5939 14.0 63.0 0.3071 0.0 0.0 -0.626 0.22361 990.0 1.7625 11.0 66.0 1.4071 0.0 0.0 -0.126 0.22361 988.0 1.7796 10.0 68.0 2.5071 0.0 0.374 0.0 0.1 987.0 1.8165 10.0 70.0 3.6071 0.0 0.874 0.0 0.22361 986.0 1.8536 10.0 
0.14923 42.04636 43.0 2996.0 1.0 54.0 0.0 -2.2929 2.074 0.0 0.64031 1000.0 2.291 11.0 57.0 0.0 -0.1929 0.0 -0.326 0.5 1000.0 2.5 14.0 63.0 2.3071 0.0 0.0 -1.926 0.44721 998.0 2.5 12.0 70.0 5.1071 0.0 0.0 -3.026 0.53852 996.0 2.5 10.0 65.0 7.7071 0.0 0.0 -4.126 0.41231 996.0 2.5 10.0 
0.2275 21.60552 63.0 2.0 1.0 46.0 0.0 -1.7929 1.874 0.0 0.42426 999.0 1.5437 12.0 48.0 0.0 -0.1929 0.0 -0.026 0.42426 999.0 1.6809 15.0 50.0 1.4071 0.0 0.0 -1.626 0.36056 998.0 1.7023 13.0 53.0 3.0071 0.0 0.0 -2.826 0.22361 995.0 1.5939 11.0 58.0 4.4071 0.0 0.0 -3.426 0.2 992.0 1.6361 13.0 
0.05567 64.32701 53.0 3004.0 1.0 52.0 0.0 -2.3929 1.574 0.0 0.5 1000.0 2.1245 11.0 53.0 0.0 -0.3929 0.0 -0.426 0.5 999.0 2.0493 10.0 55.0 1.5071 0.0 0.0 -1.926 0.36056 997.0 1.931 9.0 61.0 3.3071 0.0 0.0 -2.926 0.31623 995.0 2.1114 10.0 71.0 5.0071 0.0 0.0 -3.526 0.31623 989.0 2.1453 8.0 
0.29458 53.71602 56.0 3008.0 1.0 61.0 0.0 -1.5929 1.174 0.0 0.31623 995.0 2.1114 13.0 68.0 0.3071 0.0 0.374 0.0 0.31623 992.0 2.249 12.0 72.0 2.2071 0.0 0.0 -0.526 0.31623 990.0 2.3021 11.0 74.0 4.0071 0.0 0.0 -1.426 0.22361 988.0 2.2372 10.0 73.0 5.4071 0.0 0.0 -2.226 0.22361 986.0 2.0159 10.0 
0.22966 81.45815 89.0 301.0 1.0 45.0 0.0 -0.3929 0.0 -1.026 0.14142 994.0 1.0886 14.0 55.0 0.1071 0.0 0.0 -0.726 0.1 991.0 1.4044 15.0 68.0 0.7071 0.0 0.0 -0.626 0.1 984.0 1.6286 12.0 72.0 1.4071 0.0 0.0 -0.526 0.1 982.0 1.708 11.0 74.0 2.2071 0.0 0.0 -0.426 0.1 982.0 1.8042 11.0 
0.71508 21.60552 43.0 3021.0 1.0 63.0 0.0 -3.5929 0.0 -0.326 0.6 1000.0 2.5 19.0 67.0 0.0 -0.1929 0.0 -0.026 0.5099 998.0 2.5 16.0 65.0 2.5071 0.0 0.374 0.0 0.41231 996.0 2.5 14.0 65.0 5.1071 0.0 0.674 0.0 0.41231 996.0 2.5 14.0 63.0 7.6071 0.0 1.174 0.0 0.41231 996.0 2.3846 14.0 
0.20473 69.49047 38.0 3033.0 1.0 73.0 0.0 -4.2929 1.174 0.0 0.89443 1000.0 2.5 16.0 72.0 0.0071 0.0 0.0 -0.626 0.76158 999.0 2.5 16.0 72.0 3.8071 0.0 0.0 -1.626 0.60828 998.0 2.5 15.0 73.0 7.1071 0.0 0.0 -1.626 0.5 996.0 2.5 14.0 70.0 10.1071 0.0 0.0 -1.926 0.5099 996.0 2.5 14.0 
0.09777 100.68908 60.0 3035.0 1.0 61.0 0.0 -1.4929 3.474 0.0 0.5831 997.0 2.3753 10.0 61.0 0.6071 0.0 0.674 0.0 0.5 997.0 2.3753 13.0 62.0 2.4071 0.0 0.0 -1.526 0.42426 994.0 2.0664 11.0 66.0 3.9071 0.0 0.0 -3.126 0.28284 988.0 1.7796 9.0 79.0 5.1071 0.0 0.0 -4.326 0.22361 979.0 1.8748 9.0 
0.16042 53.71602 83.0 303.0 1.0 49.0 0.0 -0.6929 1.774 0.0 0.31623 998.0 1.6349 16.0 51.0 0.3071 0.0 0.374 0.0 0.28284 997.0 1.6604 15.0 50.0 1.3071 0.0 0.0 -0.726 0.14142 996.0 1.502 14.0 48.0 2.1071 0.0 0.0 -1.426 0.14142 996.0 1.3843 14.0 47.0 2.8071 0.0 0.0 -1.826 0.1 996.0 1.3272 14.0 
0.11858 76.71589 48.0 3040.0 1.0 71.0 0.0 -3.3929 0.174 0.0 0.5099 994.0 2.5 10.0 82.0 0.0 -0.2929 0.0 -0.626 0.5099 990.0 2.5 11.0 86.0 2.3071 0.0 0.0 -1.026 0.31623 983.0 2.5 9.0 97.0 4.3071 0.0 0.0 -1.126 0.3 972.0 2.3439 7.0 107.0 6.2071 0.0 0.0 -1.226 0.31623 964.0 2.3865 6.0 
0.24945 123.55085 43.0 3041.0 1.0 70.0 0.0 -1.8929 4.274 0.0 0.9434 1000.0 2.5 17.0 65.0 1.0071 0.0 0.474 0.0 0.70711 999.0 2.5 15.0 62.0 3.6071 0.0 0.0 -2.126 0.56569 997.0 2.4538 13.0 62.0 5.8071 0.0 0.0 -4.026 0.5 996.0 2.3095 15.0 70.0 7.8071 0.0 0.0 -6.026 0.5 991.0 2.2749 13.0 
0.11211 124.12592 45.0 3043.0 1.0 56.0 0.0 -1.3929 3.874 0.0 0.64031 999.0 2.2879 17.0 57.0 0.8071 0.0 0.774 0.0 0.64031 998.0 2.2123 16.0 57.0 2.8071 0.0 0.0 -2.026 0.5 997.0 2.074 14.0 57.0 4.6071 0.0 0.0 -4.426 0.5 996.0 1.952 15.0 60.0 6.1071 0.0 0.0 -6.526 0.36056 993.0 1.8385 15.0 
0.30536 45.79963 57.0 304.0 1.0 56.0 0.0 -2.5929 1.274 0.0 0.5 998.0 2.1353 13.0 61.0 0.0 -0.3929 0.0 -0.126 0.5 997.0 2.3753 15.0 66.0 1.7071 0.0 0.0 -1.326 0.31623 994.0 2.3416 13.0 68.0 3.6071 0.0 0.0 -1.826 0.3 991.0 2.1467 11.0 66.0 5.3071 0.0 0.0 -1.926 0.2 991.0 2.0223 11.0 
0.55713 12.23339 65.0 3052.0 1.0 62.0 0.0 -1.5929 1.074 0.0 0.36056 995.0 2.1812 17.0 67.0 0.1071 0.0 0.0 -0.026 0.31623 991.0 2.0841 15.0 70.0 1.8071 0.0 0.0 -0.626 0.31623 990.0 2.176 14.0 71.0 3.4071 0.0 0.0 -1.026 0.22361 987.0 1.9803 13.0 72.0 4.6071 0.0 0.0 -1.126 0.2 984.0 1.8258 12.0 
0.26254 45.6838 276.0 3063.0 1.0 58.0 0.0 -1.2929 2.174 0.0 0.5 996.0 2.0211 12.0 59.0 0.3071 0.0 0.274 0.0 0.28284 994.0 1.8713 10.0 63.0 1.6071 0.0 0.0 -0.926 0.22361 990.0 1.7625 10.0 76.0 2.8071 0.0 0.0 -1.526 0.2 982.0 1.903 9.0 89.0 3.9071 0.0 0.0 -1.426 0.2 971.0 1.9263 7.0 
0.18595 116.39166 76.0 3071.0 1.0 53.0 0.8071 0.0 0.0 -0.726 0.0 990.0 1.2474 14.0 61.0 0.9071 0.0 0.0 -0.526 0.14142 986.0 1.4076 12.0 64.0 1.2071 0.0 0.0 -0.226 0.0 984.0 1.4426 12.0 68.0 1.5071 0.0 0.0 -0.026 0.0 982.0 1.5235 11.0 75.0 1.9071 0.0 0.074 0.0 0.14142 979.0 1.6898 11.0 
0.08701 107.80531 57.0 3077.0 1.0 56.0 0.0 -1.9929 0.074 0.0 0.36056 997.0 2.0019 15.0 66.0 0.0 -0.2929 0.0 -0.926 0.22361 993.0 2.2245 12.0 67.0 1.4071 0.0 0.0 -1.326 0.3 991.0 2.0841 11.0 61.0 3.1071 0.0 0.0 -1.126 0.22361 994.0 2.0003 13.0 55.0 4.7071 0.0 0.0 -0.926 0.2 996.0 1.8174 14.0 
0.18117 41.06496 52.0 3078.0 1.0 50.0 0.0 -2.0929 1.674 0.0 0.42426 1001.0 2.1279 17.0 49.0 0.0 -0.2929 0.0 -0.226 0.5 1000.0 1.8864 15.0 53.0 1.7071 0.0 0.0 -1.726 0.41231 998.0 1.9127 13.0 53.0 3.8071 0.0 0.0 -2.526 0.31623 997.0 1.7931 13.0 59.0 5.6071 0.0 0.0 -2.926 0.3 995.0 1.9752 14.0 
0.52618 8.25172 49.0 307.0 1.0 54.0 0.0 -1.4929 0.674 0.0 0.22361 994.0 1.5675 11.0 66.0 0.0071 0.0 0.074 0.0 0.31623 991.0 2.0223 11.0 76.0 1.8071 0.0 0.0 -0.226 0.41231 986.0 2.185 10.0 84.0 3.8071 0.0 0.0 -0.526 0.41231 983.0 2.4023 9.0 84.0 5.9071 0.0 0.0 -1.026 0.41231 983.0 2.4023 9.0 
0.24152 53.71602 253.0 3081.0 1.0 54.0 0.0 -1.4929 3.374 0.0 0.67082 999.0 2.1274 12.0 53.0 0.3071 0.0 0.374 0.0 0.5831 998.0 1.9127 11.0 53.0 1.9071 0.0 0.0 -2.226 0.42426 998.0 1.9127 14.0 54.0 3.4071 0.0 0.0 -4.226 0.36056 996.0 1.752 12.0 56.0 4.7071 0.0 0.0 -5.826 0.28284 993.0 1.6015 10.0 
0.13879 75.10415 57.0 3087.0 1.0 47.0 0.0 -2.2929 1.574 0.0 0.42426 1000.0 1.7355 17.0 47.0 0.0 -0.5929 0.0 -0.326 0.36056 1000.0 1.7355 21.0 50.0 1.0071 0.0 0.0 -1.826 0.36056 998.0 1.7023 18.0 53.0 2.7071 0.0 0.0 -2.926 0.36056 996.0 1.6877 16.0 58.0 4.4071 0.0 0.0 -3.526 0.22361 994.0 1.8084 17.0 
0.08747 80.89962 157.0 3089.0 1.0 43.0 0.0 -1.7929 0.974 0.0 0.28284 998.0 1.259 14.0 49.0 0.0 -0.6929 0.0 -0.226 0.22361 996.0 1.4425 12.0 57.0 0.4071 0.0 0.0 -1.326 0.28284 994.0 1.7465 13.0 65.0 1.6071 0.0 0.0 -2.126 0.22361 989.0 1.798 11.0 63.0 2.7071 0.0 0.0 -2.426 0.2 989.0 1.6891 11.0 
0.18774 37.62661 49.0 3090.0 1.0 50.0 0.0 -1.9929 1.574 0.0 0.42426 1000.0 1.9642 11.0 53.0 0.0 -0.0929 0.0 -0.326 0.42426 999.0 2.0493 12.0 59.0 2.0071 0.0 0.0 -2.026 0.44721 997.0 2.2221 12.0 62.0 4.2071 0.0 0.0 -3.126 0.44721 995.0 2.1812 11.0 67.0 6.2071 0.0 0.0 -3.726 0.31623 991.0 2.0841 10.0 
0.4319 30.42421 48.0 3092.0 1.0 47.0 0.0 -1.9929 0.974 0.0 0.31623 999.0 1.6116 14.0 56.0 0.0071 0.0 0.274 0.0 0.41231 998.0 2.1353 16.0 62.0 2.2071 0.0 0.0 -0.126 0.3 995.0 2.1812 14.0 64.0 4.3071 0.0 0.0 -0.326 0.3 994.0 2.2019 13.0 66.0 6.3071 0.0 0.0 -0.626 0.3 993.0 2.2245 12.0 
0.55592 14.00819 123.0 3096.0 1.0 47.0 0.0 -0.4929 0.0 -0.026 0.1 994.0 1.1875 26.0 55.0 0.0071 0.0 0.0 -0.126 0.1 991.0 1.4044 23.0 58.0 0.6071 0.0 0.0 -0.126 0.14142 990.0 1.4939 22.0 61.0 1.3071 0.0 0.074 0.0 0.1 989.0 1.5836 21.0 64.0 2.1071 0.0 0.074 0.0 0.1 988.0 1.6734 20.0 
0.2954 47.45382 67.0 3097.0 1.0 57.0 0.0 -1.5929 3.574 0.0 0.67082 999.0 2.3703 17.0 55.0 0.2071 0.0 0.374 0.0 0.5 998.0 2.0598 15.0 53.0 1.8071 0.0 0.0 -2.026 0.36056 996.0 1.6877 13.0 53.0 3.2071 0.0 0.0 -3.826 0.36056 994.0 1.51 12.0 57.0 4.4071 0.0 0.0 -5.226 0.28284 992.0 1.5802 13.0 
0.19409 36.19458 51.0 3101.0 1.0 57.0 0.0 -1.9929 2.674 0.0 0.5831 1000.0 2.5 16.0 56.0 0.0071 0.0 0.0 -0.326 0.5831 999.0 2.2879 15.0 58.0 1.9071 0.0 0.0 -2.926 0.5 997.0 2.1474 13.0 60.0 3.8071 0.0 0.0 -4.926 0.36056 996.0 2.1629 15.0 64.0 5.7071 0.0 0.0 -5.826 0.31623 991.0 1.9016 13.0 
0.09792 151.08182 93.0 3105.0 1.0 48.0 0.0 -0.8929 0.0 -1.326 0.22361 997.0 1.4708 12.0 52.0 0.3071 0.0 0.0 -1.326 0.2 994.0 1.4536 12.0 62.0 1.3071 0.0 0.0 -1.026 0.14142 990.0 1.707 11.0 68.0 2.1071 0.0 0.0 -0.526 0.14142 985.0 1.6867 9.0 74.0 2.6071 0.0 0.174 0.0 0.14142 980.0 1.6949 8.0 
0.09072 225.2 46.0 310.0 1.0 61.0 0.0 -2.2929 0.0 -1.526 0.41231 995.0 2.1114 11.0 69.0 0.1071 0.0 0.0 -2.026 0.4 991.0 2.2103 9.0 83.0 2.6071 0.0 0.0 -1.926 0.4 985.0 2.5 10.0 93.0 5.0071 0.0 0.0 -1.526 0.3 978.0 2.5 8.0 89.0 7.0071 0.0 0.0 -1.226 0.3 978.0 2.3115 8.0 
0.50081 12.23339 53.0 3112.0 1.0 61.0 0.0 -2.0929 2.074 0.0 0.56569 997.0 2.3753 13.0 61.0 0.1071 0.0 0.0 -0.026 0.5 995.0 2.1114 12.0 63.0 2.2071 0.0 0.0 -1.626 0.42426 992.0 1.9304 10.0 66.0 4.1071 0.0 0.0 -2.626 0.31623 990.0 1.9344 12.0 77.0 5.8071 0.0 0.0 -3.026 0.3 984.0 2.0882 12.0 
0.25886 19.33007 62.0 3113.0 1.0 62.0 0.0 -1.4929 1.874 0.0 0.36056 996.0 2.3095 10.0 63.0 0.0071 0.0 0.174 0.0 0.36056 994.0 2.1336 9.0 58.0 1.4071 0.0 0.0 -0.926 0.28284 995.0 1.9088 10.0 51.0 2.7071 0.0 0.0 -1.626 0.2 997.0 1.6604 11.0 45.0 3.8071 0.0 0.0 -1.926 0.2 998.0 1.3789 12.0 
0.32923 215.49518 64.0 3116.0 1.0 95.0 0.0 -1.3929 2.074 0.0 0.3 976.0 2.4913 10.0 103.0 0.5071 0.0 1.874 0.0 0.3 965.0 2.2574 9.0 123.0 2.2071 0.0 1.874 0.0 0.2 938.0 2.0603 5.0 146.0 3.7071 0.0 2.174 0.0 0.3 914.0 2.1991 4.0 146.0 5.1071 0.0 2.774 0.0 0.28284 915.0 2.2216 4.0 
0.20252 69.94114 141.0 3117.0 1.0 60.0 0.0 -0.2929 1.674 0.0 0.28284 993.0 1.8385 12.0 60.0 0.5071 0.0 0.374 0.0 0.14142 992.0 1.7509 12.0 59.0 1.2071 0.0 0.0 -0.526 0.14142 991.0 1.6161 11.0 58.0 1.7071 0.0 0.0 -1.126 0.14142 990.0 1.4939 11.0 58.0 2.3071 0.0 0.0 -1.326 0.0 990.0 1.4939 11.0 
0.29129 88.79073 111.0 312.0 1.0 51.0 1.0071 0.0 0.174 0.0 0.0 992.0 1.265 12.0 51.0 0.7071 0.0 0.374 0.0 0.1 992.0 1.265 12.0 53.0 0.6071 0.0 0.674 0.0 0.1 991.0 1.3041 11.0 55.0 0.4071 0.0 1.174 0.0 0.0 990.0 1.3433 11.0 57.0 0.2071 0.0 1.474 0.0 0.14142 989.0 1.3827 11.0 
0.24394 54.46995 58.0 3132.0 1.0 51.0 0.0 -1.4929 2.574 0.0 0.5 1000.0 2.0435 12.0 50.0 0.4071 0.0 0.274 0.0 0.42426 1000.0 1.9642 16.0 50.0 2.1071 0.0 0.0 -1.526 0.28284 999.0 1.8239 14.0 52.0 3.6071 0.0 0.0 -3.026 0.28284 997.0 1.7261 12.0 57.0 5.0071 0.0 0.0 -4.126 0.28284 995.0 1.8436 14.0 
0.68936 45.92858 71.0 3136.0 1.0 105.0 0.0 -0.7929 1.774 0.0 0.36056 966.0 2.3959 11.0 102.0 0.4071 0.0 0.074 0.0 0.36056 967.0 2.3101 11.0 99.0 1.8071 0.0 0.0 -0.926 0.28284 968.0 2.2245 11.0 97.0 3.0071 0.0 0.0 -1.626 0.2 968.0 2.1356 11.0 96.0 4.1071 0.0 0.0 -2.126 0.14142 967.0 2.0463 11.0 
0.48418 13.18352 42.0 3155.0 1.0 48.0 0.0 -2.7929 0.774 0.0 0.53852 1002.0 2.1393 24.0 53.0 0.0 -0.0929 0.074 0.0 0.5099 1001.0 2.3909 21.0 57.0 2.7071 0.0 0.0 -0.426 0.5 1000.0 2.5 19.0 56.0 5.5071 0.0 0.0 -0.526 0.5 1000.0 2.4639 19.0 51.0 8.0071 0.0 0.0 -0.426 0.3 1000.0 2.0435 19.0 
0.10216 140.29041 57.0 3156.0 1.0 55.0 0.0 -2.0929 0.0 -1.626 0.5099 1001.0 2.5 20.0 51.0 0.3071 0.0 0.0 -1.226 0.41231 1000.0 2.0435 18.0 42.0 1.8071 0.0 0.0 -0.726 0.22361 1000.0 1.3859 19.0 35.0 2.7071 0.0 0.0 -0.326 0.14142 1000.0 1.0 19.0 32.0 3.1071 0.0 0.074 0.0 0.14142 1001.0 1.0 20.0 
0.26452 18.35579 50.0 3159.0 1.0 32.0 0.0 -1.0929 0.0 -0.426 0.2 1002.0 1.0 23.0 38.0 0.1071 0.0 0.0 -0.126 0.2 1001.0 1.2291 21.0 43.0 1.6071 0.0 0.0 -0.126 0.2 1001.0 1.5738 20.0 45.0 3.3071 0.0 0.0 -0.326 0.31623 1001.0 1.7236 20.0 42.0 5.0071 0.0 0.0 -0.726 0.22361 1001.0 1.5014 21.0 
0.31868 12.23339 60.0 3162.0 1.0 56.0 0.0 -2.4929 2.574 0.0 0.64031 1000.0 2.4639 13.0 56.0 0.1071 0.0 0.0 -0.026 0.56569 999.0 2.2879 11.0 54.0 2.2071 0.0 0.0 -2.426 0.42426 998.0 1.9855 10.0 55.0 3.8071 0.0 0.0 -4.626 0.36056 996.0 1.8174 9.0 57.0 5.1071 0.0 0.0 -6.526 0.36056 994.0 1.7465 11.0 
0.12016 79.14903 73.0 3169.0 1.0 65.0 0.0 -0.6929 2.474 0.0 0.5 995.0 2.3974 13.0 64.0 0.6071 0.0 0.374 0.0 0.36056 993.0 2.0918 12.0 64.0 1.8071 0.0 0.0 -1.026 0.28284 991.0 1.9016 11.0 65.0 2.9071 0.0 0.0 -1.726 0.22361 989.0 1.798 10.0 68.0 3.8071 0.0 0.0 -1.926 0.22361 986.0 1.7492 10.0 
0.10677 64.32701 66.0 316.0 1.0 45.0 0.0 -1.8929 1.574 0.0 0.36056 1000.0 1.591 18.0 45.0 0.0 -0.3929 0.0 -0.426 0.36056 1000.0 1.591 16.0 45.0 1.0071 0.0 0.0 -2.126 0.28284 998.0 1.3789 14.0 47.0 2.2071 0.0 0.0 -3.226 0.22361 997.0 1.4101 17.0 52.0 3.5071 0.0 0.0 -3.826 0.22361 995.0 1.5343 14.0 
0.30711 178.00837 46.0 3173.0 1.0 84.0 0.0 -2.2929 2.274 0.0 0.44721 982.0 2.3248 10.0 102.0 0.3071 0.0 1.574 0.0 0.41231 973.0 2.5 10.0 116.0 2.7071 0.0 1.074 0.0 0.41231 954.0 2.3294 6.0 138.0 4.9071 0.0 0.474 0.0 0.3 929.0 2.3156 5.0 149.0 6.9071 0.0 0.274 0.0 0.3 917.0 2.362 4.0 
0.19267 92.26407 49.0 3174.0 1.0 80.0 0.0 -2.9929 0.0 -0.226 0.53852 985.0 2.3346 10.0 105.0 0.0 -0.0929 0.0 -0.826 0.5099 973.0 2.5 10.0 130.0 2.5071 0.0 0.0 -1.526 0.44721 947.0 2.5 7.0 139.0 4.6071 0.0 0.0 -2.726 0.36056 934.0 2.498 6.0 133.0 6.4071 0.0 0.0 -3.526 0.31623 936.0 2.3464 6.0 
0.31528 13.18352 55.0 3177.0 1.0 39.0 0.0 -2.0929 0.074 0.0 0.3 1002.0 1.4123 19.0 42.0 0.0 -0.0929 0.074 0.0 0.3 1001.0 1.5014 23.0 46.0 1.7071 0.0 0.174 0.0 0.4 1000.0 1.6625 20.0 50.0 3.7071 0.0 0.0 -0.026 0.31623 999.0 1.8239 18.0 48.0 5.4071 0.0 0.0 -0.526 0.3 999.0 1.6809 17.0 
0.17552 53.71602 89.0 3183.0 1.0 55.0 0.0 -0.9929 2.074 0.0 0.36056 997.0 1.931 12.0 57.0 0.3071 0.0 0.374 0.0 0.28284 993.0 1.6592 10.0 62.0 1.4071 0.0 0.0 -0.426 0.22361 987.0 1.5101 8.0 69.0 2.3071 0.0 0.0 -0.626 0.2 983.0 1.6209 9.0 84.0 3.2071 0.0 0.0 -0.526 0.1 972.0 1.7578 7.0 
0.08495 273.42719 52.0 3186.0 1.0 126.0 0.0 -0.3929 4.274 0.0 0.64031 956.0 2.5 10.0 147.0 1.8071 0.0 1.674 0.0 0.56569 930.0 2.5 8.0 186.0 3.8071 0.0 0.0 -0.526 0.42426 874.0 2.5 6.0 182.0 5.4071 0.0 0.0 -2.426 0.42426 878.0 2.5 6.0 127.0 6.7071 0.0 0.0 -3.926 0.28284 941.0 2.288 8.0 
0.20419 49.1426 73.0 3191.0 1.0 55.0 0.0 -1.2929 2.574 0.0 0.5831 999.0 2.2069 10.0 55.0 0.4071 0.0 0.174 0.0 0.5 997.0 1.931 9.0 58.0 2.0071 0.0 0.0 -1.626 0.36056 995.0 1.9088 11.0 58.0 3.5071 0.0 0.0 -2.626 0.22361 992.0 1.6361 10.0 68.0 4.7071 0.0 0.0 -2.926 0.22361 986.0 1.7492 10.0 
0.40501 36.19458 73.0 3197.0 1.0 52.0 0.0 -2.6929 0.0 -0.426 0.5 1002.0 2.5 24.0 51.0 0.0071 0.0 0.0 -0.326 0.4 1001.0 2.2138 21.0 47.0 2.1071 0.0 0.0 -0.026 0.31623 1001.0 1.8802 20.0 45.0 3.9071 0.0 0.574 0.0 0.31623 1001.0 1.7236 20.0 42.0 5.4071 0.0 1.374 0.0 0.22361 1001.0 1.5014 20.0 
0.54354 13.18352 82.0 31.0 1.0 61.0 0.0 -1.0929 0.0 -0.326 0.2 991.0 1.7275 12.0 68.0 0.0 -0.0929 0.074 0.0 0.22361 986.0 1.7492 10.0 68.0 0.7071 0.0 0.674 0.0 0.14142 985.0 1.6867 9.0 69.0 1.2071 0.0 1.274 0.0 0.14142 984.0 1.6768 9.0 68.0 1.8071 0.0 1.974 0.0 0.14142 986.0 1.7492 9.0 
0.19031 171.21175 48.0 3201.0 1.0 108.0 0.0 -1.3929 3.674 0.0 0.64031 970.0 2.5 10.0 131.0 1.1071 0.0 1.074 0.0 0.56569 950.0 2.5 7.0 158.0 3.5071 0.0 0.0 -1.226 0.56569 917.0 2.5 6.0 160.0 5.5071 0.0 0.0 -3.226 0.42426 911.0 2.5 5.0 107.0 7.1071 0.0 0.0 -4.726 0.28284 962.0 2.2929 8.0 
0.2444 25.09838 82.0 3203.0 1.0 40.0 0.0 -0.8929 0.174 0.0 0.22361 998.0 1.0895 14.0 42.0 0.0071 0.0 0.0 -0.226 0.14142 997.0 1.1261 16.0 48.0 0.6071 0.0 0.0 -0.426 0.1 994.0 1.2385 13.0 53.0 1.2071 0.0 0.0 -0.326 0.1 992.0 1.3662 12.0 57.0 1.7071 0.0 0.0 -0.226 0.14142 990.0 1.4428 11.0 
0.69459 22.93337 74.0 3206.0 1.0 71.0 0.0 -2.3929 1.074 0.0 0.44721 992.0 2.4518 12.0 80.0 0.0 -0.1929 0.074 0.0 0.41231 986.0 2.421 10.0 81.0 1.6071 0.0 0.0 -0.526 0.31623 983.0 2.2337 9.0 83.0 3.1071 0.0 0.0 -1.226 0.22361 980.0 2.1322 8.0 82.0 4.4071 0.0 0.0 -1.926 0.22361 979.0 2.0199 8.0 
0.34323 28.83574 87.0 3207.0 1.0 46.0 0.0 -1.9929 0.0 -0.226 0.3 1001.0 1.801 21.0 46.0 0.0 -0.1929 0.174 0.0 0.31623 1000.0 1.6625 19.0 42.0 1.0071 0.0 0.974 0.0 0.14142 999.0 1.2869 18.0 43.0 1.8071 0.0 2.074 0.0 0.22361 999.0 1.3489 18.0 44.0 2.6071 0.0 3.374 0.0 0.22361 999.0 1.4124 18.0 
0.91704 34.02587 57.0 3209.0 1.0 79.0 0.0 -2.8929 0.0 -1.926 0.63246 994.0 2.5 13.0 82.0 0.2071 0.0 0.0 -0.226 0.5 990.0 2.5 11.0 75.0 2.1071 0.0 1.674 0.0 0.42426 990.0 2.4979 11.0 68.0 3.5071 0.0 3.474 0.0 0.36056 992.0 2.249 11.0 65.0 4.8071 0.0 5.174 0.0 0.36056 993.0 2.1576 12.0 
0.17558 73.93353 74.0 3211.0 1.0 91.0 0.0 -0.3929 1.874 0.0 0.36056 976.0 2.2859 10.0 95.0 0.6071 0.0 0.274 0.0 0.28284 971.0 2.1947 9.0 100.0 1.7071 0.0 0.0 -0.826 0.22361 965.0 2.1279 9.0 112.0 2.8071 0.0 0.0 -1.626 0.14142 952.0 2.1003 7.0 125.0 3.8071 0.0 0.0 -2.226 0.14142 936.0 2.0726 6.0 
0.25352 101.0933 101.0 3217.0 1.0 83.0 0.0 -0.7929 2.274 0.0 0.5 986.0 2.5 16.0 75.0 0.7071 0.0 0.574 0.0 0.28284 986.0 2.1279 16.0 69.0 1.7071 0.0 0.0 -0.226 0.22361 986.0 1.801 16.0 67.0 2.4071 0.0 0.0 -0.426 0.1 984.0 1.581 15.0 70.0 2.7071 0.0 0.0 -0.126 0.14142 981.0 1.564 14.0 
0.4 47.45382 57.0 3223.0 1.0 71.0 0.0 -1.8929 2.574 0.0 0.5 993.0 2.5 10.0 70.0 0.2071 0.0 0.374 0.0 0.56569 992.0 2.3832 9.0 70.0 2.0071 0.0 0.0 -1.526 0.42426 989.0 2.0853 9.0 84.0 3.6071 0.0 0.0 -2.926 0.28284 978.0 2.0591 7.0 111.0 4.9071 0.0 0.0 -3.926 0.36056 955.0 2.1697 6.0 
0.43288 38.12432 87.0 322.0 1.0 60.0 0.4071 0.0 0.174 0.0 0.1 987.0 1.4142 10.0 61.0 0.2071 0.0 0.274 0.0 0.1 985.0 1.3573 9.0 68.0 0.2071 0.0 0.374 0.0 0.1 981.0 1.4759 9.0 75.0 0.4071 0.0 0.674 0.0 0.0 977.0 1.5959 8.0 75.0 0.7071 0.0 1.074 0.0 0.1 979.0 1.6898 8.0 
0.44291 12.23339 53.0 3230.0 1.0 49.0 0.0 -2.6929 0.374 0.0 0.5099 1002.0 2.2294 25.0 51.0 0.1071 0.0 0.0 -0.026 0.4 1001.0 2.2138 22.0 48.0 2.5071 0.0 0.0 -0.026 0.3 1001.0 1.961 20.0 46.0 4.3071 0.0 0.074 0.0 0.3 1000.0 1.6625 19.0 43.0 5.8071 0.0 0.174 0.0 0.2 1000.0 1.4527 19.0 
0.14852 91.63024 67.0 3233.0 1.0 46.0 0.0 -1.8929 0.0 -0.226 0.31623 999.0 1.5437 14.0 48.0 0.0 -0.3929 0.0 -0.726 0.31623 997.0 1.4708 12.0 55.0 1.0071 0.0 0.0 -0.826 0.3 995.0 1.7165 13.0 61.0 2.3071 0.0 0.0 -0.526 0.2 991.0 1.7275 12.0 67.0 3.6071 0.0 0.0 -0.326 0.14142 988.0 1.834 10.0 
0.11759 125.42246 63.0 3240.0 1.0 60.0 0.7071 0.0 0.0 -1.226 0.14142 990.0 1.5987 11.0 67.0 1.1071 0.0 0.0 -0.226 0.22361 986.0 1.6981 10.0 72.0 1.7071 0.0 0.874 0.0 0.22361 984.0 1.8258 9.0 78.0 2.7071 0.0 1.874 0.0 0.22361 983.0 2.0713 9.0 81.0 4.1071 0.0 2.474 0.0 0.2 981.0 2.0941 9.0 
0.16794 171.63007 39.0 3252.0 1.0 45.0 0.2071 0.0 0.0 -2.726 0.36056 1001.0 1.7236 20.0 48.0 1.3071 0.0 0.0 -0.826 0.36056 1000.0 1.8102 18.0 49.0 2.3071 0.0 1.274 0.0 0.44721 1000.0 1.8864 19.0 43.0 3.5071 0.0 2.974 0.0 0.22361 1001.0 1.5738 20.0 37.0 4.9071 0.0 3.574 0.0 0.22361 1002.0 1.2711 23.0 
0.25933 47.45382 76.0 325.0 1.0 99.0 0.0 -1.3929 1.474 0.0 0.36056 970.0 2.328 7.0 106.0 0.2071 0.0 0.374 0.0 0.28284 961.0 2.207 6.0 107.0 1.5071 0.0 0.0 -0.426 0.22361 959.0 2.1655 6.0 109.0 2.8071 0.0 0.0 -1.026 0.22361 956.0 2.1289 6.0 109.0 4.0071 0.0 0.0 -1.626 0.2 956.0 2.1289 6.0 
0.21002 62.74853 135.0 3261.0 1.0 45.0 0.0 -0.4929 0.0 -0.726 0.1 997.0 1.2927 14.0 51.0 0.2071 0.0 0.0 -0.526 0.1 994.0 1.3982 13.0 57.0 0.8071 0.0 0.0 -0.326 0.14142 990.0 1.4428 11.0 56.0 1.2071 0.0 0.0 -0.026 0.14142 990.0 1.3926 11.0 56.0 1.6071 0.0 0.174 0.0 0.1 990.0 1.3926 11.0 
0.16107 104.82693 206.0 3263.0 1.0 37.0 0.2071 0.0 0.0 -1.226 0.14142 999.0 1.0 18.0 43.0 0.7071 0.0 0.0 -0.626 0.14142 997.0 1.1803 16.0 46.0 1.3071 0.0 0.0 -0.026 0.14142 997.0 1.3508 15.0 48.0 2.0071 0.0 0.674 0.0 0.14142 996.0 1.3843 14.0 50.0 2.7071 0.0 1.474 0.0 0.22361 996.0 1.502 14.0 
0.121 113.88873 75.0 3268.0 1.0 42.0 0.0 -1.1929 0.0 -0.726 0.22361 1000.0 1.3859 20.0 45.0 0.0071 0.0 0.0 -1.026 0.2 998.0 1.3789 17.0 49.0 1.1071 0.0 0.0 -0.726 0.14142 997.0 1.5327 14.0 51.0 1.9071 0.0 0.0 -0.026 0.22361 996.0 1.5627 14.0 52.0 2.7071 0.0 0.874 0.0 0.22361 995.0 1.5343 13.0 
0.2223 66.82775 109.0 3273.0 1.0 29.0 0.0 -0.6929 0.0 -0.426 0.0 999.0 1.0 21.0 35.0 0.0 -0.2929 0.0 -0.526 0.14142 998.0 1.0 18.0 40.0 0.2071 0.0 0.0 -0.626 0.1 997.0 1.0214 18.0 48.0 0.7071 0.0 0.0 -0.626 0.1 994.0 1.2385 17.0 52.0 1.1071 0.0 0.0 -0.626 0.1 992.0 1.3151 15.0 
0.25745 80.58985 54.0 3274.0 1.0 51.0 0.0 -1.6929 0.0 -0.626 0.3 998.0 1.7711 17.0 53.0 0.0071 0.0 0.0 -0.726 0.2 995.0 1.5939 15.0 63.0 1.5071 0.0 0.0 -0.226 0.22361 992.0 1.9304 16.0 74.0 2.9071 0.0 0.774 0.0 0.31623 987.0 2.1512 13.0 85.0 4.6071 0.0 1.474 0.0 0.3 981.0 2.3061 11.0 
0.31427 100.72945 170.0 3275.0 1.0 51.0 0.9071 0.0 0.0 -0.926 0.2 993.0 1.3283 16.0 55.0 0.9071 0.0 0.0 -0.026 0.2 992.0 1.4713 15.0 56.0 0.9071 0.0 0.874 0.0 0.2 991.0 1.4559 15.0 55.0 0.9071 0.0 1.774 0.0 0.1 991.0 1.4044 15.0 53.0 0.9071 0.0 2.374 0.0 0.1 992.0 1.3662 15.0 
0.19069 22.93337 103.0 3278.0 1.0 37.0 0.1071 0.0 0.0 -1.226 0.22361 1000.0 1.0756 19.0 44.0 0.0 -0.1929 0.074 0.0 0.2 998.0 1.3183 16.0 46.0 0.0 -0.2929 1.374 0.0 0.2 997.0 1.3508 15.0 47.0 0.0 -0.0929 2.574 0.0 0.2 997.0 1.4101 15.0 48.0 0.3071 0.0 3.674 0.0 0.2 996.0 1.3843 14.0 
0.31929 32.11459 54.0 3280.0 1.0 42.0 0.0 -1.2929 0.0 -0.626 0.22361 1000.0 1.3859 14.0 49.0 0.0 -0.0929 0.274 0.0 0.28284 998.0 1.6349 12.0 56.0 1.3071 0.0 1.774 0.0 0.36056 997.0 2.0019 11.0 58.0 2.9071 0.0 3.474 0.0 0.42426 998.0 2.2906 11.0 54.0 4.9071 0.0 4.474 0.0 0.3 998.0 1.9855 12.0 
0.27945 70.24699 61.0 3281.0 1.0 48.0 0.0 -2.0929 0.0 -0.326 0.41231 1000.0 1.8102 15.0 49.0 0.0 -0.0929 0.0 -0.626 0.3 998.0 1.6349 14.0 54.0 1.6071 0.0 0.0 -0.126 0.28284 997.0 1.8615 15.0 60.0 3.0071 0.0 0.974 0.0 0.28284 994.0 1.9352 13.0 60.0 4.3071 0.0 1.974 0.0 0.3 993.0 1.8385 12.0 
0.22223 19.33007 118.0 3285.0 1.0 30.0 0.0 -0.2929 0.374 0.0 0.0 1000.0 1.0 21.0 33.0 0.0071 0.0 0.174 0.0 0.1 999.0 1.0 19.0 36.0 0.4071 0.0 0.074 0.0 0.14142 998.0 1.0 17.0 39.0 0.9071 0.0 0.0 -0.026 0.14142 998.0 1.0357 16.0 42.0 1.5071 0.0 0.0 -0.126 0.1 997.0 1.1261 15.0 
0.07259 180.93975 46.0 3289.0 1.0 54.0 0.0 -0.7929 3.674 0.0 0.56569 999.0 2.1274 15.0 60.0 1.3071 0.0 0.974 0.0 0.64031 998.0 2.4513 14.0 63.0 3.5071 0.0 0.0 -1.826 0.5 996.0 2.3846 12.0 66.0 5.3071 0.0 0.0 -4.426 0.5 993.0 2.2245 10.0 72.0 6.8071 0.0 0.0 -6.826 0.36056 989.0 2.2062 11.0 
0.33375 28.83574 47.0 3291.0 1.0 56.0 0.0 -2.4929 2.874 0.0 0.64031 1000.0 2.4639 16.0 58.0 0.0 -0.1929 0.174 0.0 0.56569 999.0 2.4542 15.0 59.0 2.2071 0.0 0.0 -1.926 0.5 998.0 2.3703 15.0 63.0 4.5071 0.0 0.0 -3.526 0.5 996.0 2.3846 15.0 65.0 6.6071 0.0 0.0 -4.826 0.44721 995.0 2.3974 13.0 
0.54153 32.11459 50.0 3292.0 1.0 72.0 0.0 -3.0929 3.274 0.0 0.78102 998.0 2.5 16.0 72.0 0.0 -0.0929 0.274 0.0 0.5 997.0 2.5 15.0 67.0 2.5071 0.0 0.0 -1.526 0.44721 996.0 2.5 14.0 63.0 4.6071 0.0 0.0 -2.826 0.44721 996.0 2.3846 14.0 60.0 6.4071 0.0 0.0 -3.826 0.28284 995.0 2.0427 13.0 
0.05219 66.82775 47.0 3300.0 1.0 53.0 0.0 -2.5929 1.874 0.0 0.56569 1000.0 2.207 12.0 55.0 0.0 -0.2929 0.0 -0.526 0.64031 999.0 2.2069 11.0 59.0 2.0071 0.0 0.0 -3.126 0.5 998.0 2.3703 10.0 61.0 4.2071 0.0 0.0 -5.226 0.5 996.0 2.2356 12.0 68.0 6.4071 0.0 0.0 -6.926 0.5 993.0 2.3614 10.0 
0.17493 72.25976 55.0 3308.0 1.0 62.0 0.0 -1.0929 2.474 0.0 0.5 996.0 2.3095 14.0 61.0 0.3071 0.0 0.574 0.0 0.42426 995.0 2.1114 13.0 61.0 1.8071 0.0 0.0 -0.726 0.28284 994.0 2.0003 13.0 59.0 3.3071 0.0 0.0 -1.626 0.22361 995.0 1.9752 13.0 54.0 4.7071 0.0 0.0 -2.126 0.22361 996.0 1.752 14.0 
0.09291 167.47492 48.0 3311.0 1.0 73.0 0.0 -4.4929 0.0 -0.226 0.76158 1000.0 2.5 15.0 68.0 0.0 -0.4929 0.0 -1.426 0.60828 999.0 2.5 16.0 67.0 2.6071 0.0 0.0 -1.826 0.5 996.0 2.5 15.0 68.0 5.1071 0.0 0.0 -1.326 0.44721 994.0 2.4857 13.0 64.0 6.9071 0.0 0.0 -0.126 0.36056 993.0 2.0918 12.0 
0.17831 54.46995 67.0 3314.0 1.0 59.0 0.0 -0.8929 1.874 0.0 0.36056 996.0 2.0914 14.0 60.0 0.4071 0.0 0.274 0.0 0.28284 994.0 1.9352 13.0 62.0 1.7071 0.0 0.0 -0.926 0.22361 993.0 1.9631 12.0 66.0 3.0071 0.0 0.0 -1.726 0.22361 990.0 1.9344 11.0 72.0 4.1071 0.0 0.0 -2.326 0.22361 985.0 1.891 9.0 
0.09409 65.59587 74.0 3321.0 1.0 42.0 0.0 -1.4929 1.074 0.0 0.36056 1000.0 1.3859 15.0 44.0 0.0 -0.4929 0.0 -0.326 0.28284 998.0 1.3183 13.0 49.0 0.6071 0.0 0.0 -1.226 0.22361 997.0 1.5327 15.0 57.0 1.8071 0.0 0.0 -1.826 0.22361 993.0 1.6592 12.0 60.0 2.8071 0.0 0.0 -2.126 0.2 991.0 1.6713 11.0 
0.58687 27.7603 53.0 3327.0 1.0 67.0 0.0 -2.2929 0.274 0.0 0.41231 993.0 2.2925 10.0 77.0 0.1071 0.0 0.0 -0.226 0.3 985.0 2.1628 8.0 97.0 2.2071 0.0 0.0 -0.526 0.3 972.0 2.3439 8.0 124.0 4.1071 0.0 0.0 -0.426 0.31623 944.0 2.276 5.0 140.0 5.8071 0.0 0.0 -0.126 0.22361 924.0 2.2493 5.0 
0.11561 101.5299 64.0 3328.0 1.0 56.0 0.0 -2.1929 0.0 -0.526 0.3 995.0 1.7795 11.0 63.0 0.0 -0.3929 0.0 -0.826 0.22361 990.0 1.7625 9.0 76.0 1.0071 0.0 0.0 -1.126 0.31623 983.0 1.9665 9.0 92.0 2.4071 0.0 0.0 -1.026 0.2 971.0 2.0583 7.0 101.0 3.6071 0.0 0.0 -0.426 0.22361 965.0 2.1706 7.0 
0.38981 34.02587 82.0 332.0 1.0 45.0 0.0 -0.8929 0.0 -1.226 0.28284 1000.0 1.591 18.0 47.0 0.2071 0.0 0.0 -0.226 0.22361 998.0 1.5041 16.0 50.0 1.2071 0.0 0.474 0.0 0.22361 997.0 1.5959 14.0 52.0 2.3071 0.0 1.174 0.0 0.22361 996.0 1.6246 14.0 52.0 3.5071 0.0 1.874 0.0 0.22361 996.0 1.6246 14.0 
0.15312 66.82775 109.0 3330.0 1.0 47.0 0.0 -1.1929 0.0 -0.026 0.14142 995.0 1.2535 11.0 54.0 0.0 -0.2929 0.0 -0.526 0.22361 991.0 1.3538 9.0 67.0 0.7071 0.0 0.0 -0.626 0.1 986.0 1.6981 10.0 72.0 1.6071 0.0 0.0 -0.426 0.14142 982.0 1.708 9.0 82.0 2.4071 0.0 0.174 0.0 0.28284 976.0 1.8561 8.0 
0.11793 105.32528 69.0 3331.0 1.0 69.0 0.0 -1.2929 0.0 -1.026 0.2 988.0 1.9451 11.0 82.0 0.2071 0.0 0.0 -0.926 0.2 980.0 2.0811 11.0 92.0 1.4071 0.0 0.0 -0.826 0.14142 970.0 2.0104 9.0 94.0 2.3071 0.0 0.0 -0.526 0.2 967.0 1.9619 9.0 106.0 3.3071 0.0 0.0 -0.226 0.22361 956.0 2.0134 8.0 
0.1061 41.06496 73.0 3337.0 1.0 36.0 0.0 -0.8929 0.774 0.0 0.22361 1000.0 1.0182 16.0 39.0 0.0 -0.2929 0.0 -0.226 0.14142 999.0 1.1096 14.0 43.0 0.3071 0.0 0.0 -1.026 0.14142 997.0 1.1803 12.0 51.0 1.0071 0.0 0.0 -1.626 0.1 994.0 1.3982 13.0 60.0 1.7071 0.0 0.0 -1.926 0.1 990.0 1.5987 11.0 
0.10443 43.70729 70.0 3347.0 1.0 40.0 0.0 -1.4929 1.174 0.0 0.28284 999.0 1.1673 16.0 43.0 0.0 -0.3929 0.0 -0.026 0.31623 998.0 1.259 14.0 47.0 0.6071 0.0 0.0 -1.326 0.22361 996.0 1.3272 12.0 51.0 1.6071 0.0 0.0 -2.226 0.22361 993.0 1.3283 11.0 61.0 2.7071 0.0 0.0 -2.526 0.2 989.0 1.5836 11.0 
0.07241 75.10415 92.0 3348.0 1.0 46.0 0.0 -1.6929 1.274 0.0 0.36056 1000.0 1.6625 15.0 45.0 0.0 -0.5929 0.0 -0.326 0.36056 999.0 1.4773 14.0 47.0 0.5071 0.0 0.0 -1.426 0.22361 997.0 1.4101 14.0 53.0 1.5071 0.0 0.0 -1.926 0.22361 994.0 1.51 13.0 55.0 2.3071 0.0 0.0 -2.126 0.2 992.0 1.4713 12.0 
0.31203 32.65484 73.0 3350.0 1.0 53.0 0.0 -0.9929 1.874 0.0 0.36056 997.0 1.7931 21.0 57.0 0.1071 0.0 0.274 0.0 0.28284 995.0 1.8436 18.0 60.0 1.4071 0.0 0.0 -0.826 0.22361 993.0 1.8385 16.0 64.0 2.7071 0.0 0.0 -1.426 0.22361 991.0 1.9016 15.0 68.0 3.9071 0.0 0.0 -1.826 0.22361 988.0 1.8891 13.0 
0.22658 53.71602 42.0 3355.0 1.0 60.0 0.0 -1.7929 3.774 0.0 0.67082 1000.0 2.5 13.0 54.0 0.3071 0.0 0.374 0.0 0.5831 999.0 2.1274 12.0 53.0 2.2071 0.0 0.0 -2.226 0.5 998.0 1.9127 11.0 54.0 3.9071 0.0 0.0 -4.526 0.44721 997.0 1.8615 10.0 57.0 5.2071 0.0 0.0 -6.826 0.44721 996.0 1.952 12.0 
0.4109 14.00819 67.0 3358.0 1.0 46.0 0.0 -1.3929 0.0 -0.426 0.3 998.0 1.4408 13.0 51.0 0.0071 0.0 0.0 -0.126 0.2 996.0 1.5627 15.0 57.0 1.3071 0.0 0.174 0.0 0.2 994.0 1.7465 13.0 61.0 2.4071 0.0 0.774 0.0 0.22361 992.0 1.8098 12.0 66.0 3.6071 0.0 1.774 0.0 0.28284 990.0 1.9344 11.0 
0.157 69.49047 89.0 3360.0 1.0 43.0 0.0 -1.0929 0.0 -0.326 0.22361 997.0 1.1803 12.0 50.0 0.0071 0.0 0.0 -0.626 0.22361 994.0 1.3439 10.0 60.0 1.0071 0.0 0.0 -0.826 0.2 990.0 1.5987 11.0 71.0 1.9071 0.0 0.0 -0.726 0.14142 983.0 1.7162 9.0 83.0 2.6071 0.0 0.0 -0.226 0.22361 975.0 1.8516 8.0 
0.09688 190.97699 63.0 3368.0 1.0 57.0 0.4071 0.0 0.0 -1.726 0.2 991.0 1.5084 15.0 67.0 1.2071 0.0 0.0 -1.226 0.22361 986.0 1.6981 13.0 72.0 2.0071 0.0 0.0 -0.426 0.14142 983.0 1.7649 12.0 83.0 2.6071 0.0 0.674 0.0 0.22361 977.0 1.9545 10.0 101.0 3.4071 0.0 1.674 0.0 0.28284 957.0 1.8605 6.0 
0.06959 173.59727 44.0 3369.0 1.0 54.0 0.0 -1.4929 3.974 0.0 0.56569 1001.0 2.4819 13.0 55.0 0.9071 0.0 1.274 0.0 0.56569 1000.0 2.3767 12.0 56.0 3.1071 0.0 0.0 -1.426 0.56569 1000.0 2.4639 15.0 60.0 5.4071 0.0 0.0 -3.826 0.56569 998.0 2.4513 13.0 64.0 7.6071 0.0 0.0 -6.126 0.5 996.0 2.4609 11.0 
0.2466 77.04923 260.0 3375.0 1.0 70.0 0.0 -1.7929 2.774 0.0 0.56569 994.0 2.5 14.0 74.0 0.5071 0.0 0.474 0.0 0.42426 990.0 2.4318 12.0 81.0 2.4071 0.0 0.0 -1.226 0.42426 984.0 2.3108 12.0 95.0 4.1071 0.0 0.0 -2.326 0.22361 971.0 2.1947 10.0 120.0 5.5071 0.0 0.0 -2.826 0.22361 945.0 2.1629 7.0 
0.26359 61.36266 72.0 3377.0 1.0 60.0 0.0 -1.2929 1.774 0.0 0.42426 997.0 2.2981 19.0 58.0 0.4071 0.0 0.374 0.0 0.36056 996.0 2.0211 19.0 53.0 1.9071 0.0 0.0 -0.326 0.31623 996.0 1.6877 19.0 51.0 3.3071 0.0 0.0 -0.426 0.2 996.0 1.5627 19.0 49.0 4.5071 0.0 0.0 -0.426 0.2 997.0 1.5327 19.0 
0.26145 38.12432 79.0 3378.0 1.0 60.0 0.0 -0.6929 1.374 0.0 0.22361 992.0 1.7509 12.0 64.0 0.2071 0.0 0.274 0.0 0.28284 989.0 1.7431 11.0 68.0 1.1071 0.0 0.0 -0.626 0.14142 986.0 1.7492 10.0 74.0 1.9071 0.0 0.0 -1.226 0.1 981.0 1.7478 9.0 87.0 2.7071 0.0 0.0 -1.526 0.2 971.0 1.8407 7.0 
0.15682 27.12273 62.0 3380.0 1.0 43.0 0.0 -1.4929 0.974 0.0 0.28284 1001.0 1.5738 17.0 44.0 0.0 -0.0929 0.0 -0.226 0.28284 1000.0 1.5211 14.0 44.0 1.2071 0.0 0.0 -0.926 0.2 999.0 1.4124 13.0 42.0 2.3071 0.0 0.0 -1.126 0.22361 999.0 1.2869 13.0 43.0 3.3071 0.0 0.0 -0.726 0.28284 999.0 1.3489 13.0 
0.08176 247.08726 70.0 3383.0 1.0 50.0 0.0 -1.0929 0.0 -2.226 0.2 995.0 1.4186 11.0 56.0 0.0071 0.0 0.0 -2.226 0.2 990.0 1.3926 9.0 69.0 1.0071 0.0 0.0 -2.126 0.1 984.0 1.6768 9.0 97.0 1.9071 0.0 0.0 -1.826 0.14142 963.0 1.922 7.0 116.0 3.0071 0.0 0.0 -1.226 0.2 948.0 2.1144 6.0 
0.15133 81.24308 74.0 3386.0 1.0 38.0 0.0 -1.3929 0.0 -0.426 0.22361 1001.0 1.2291 16.0 41.0 0.0 -0.0929 0.0 -0.726 0.2 1000.0 1.3207 20.0 45.0 1.1071 0.0 0.0 -0.826 0.2 998.0 1.3789 16.0 49.0 2.2071 0.0 0.0 -0.726 0.2 997.0 1.5327 15.0 52.0 3.3071 0.0 0.0 -0.526 0.2 996.0 1.6246 14.0 
0.44916 89.42401 55.0 3388.0 1.0 62.0 0.0 -1.0929 0.0 -1.426 0.31623 993.0 1.9631 16.0 69.0 0.5071 0.0 0.0 -0.626 0.28284 990.0 2.1142 14.0 73.0 2.0071 0.0 0.974 0.0 0.42426 990.0 2.3665 14.0 73.0 3.8071 0.0 2.674 0.0 0.36056 990.0 2.3665 14.0 71.0 5.6071 0.0 3.774 0.0 0.31623 990.0 2.2386 14.0 
0.09171 57.38457 75.0 3390.0 1.0 42.0 0.0 -1.5929 0.874 0.0 0.36056 1001.0 1.5014 17.0 43.0 0.0 -0.2929 0.0 -0.426 0.28284 1000.0 1.4527 15.0 47.0 1.0071 0.0 0.0 -1.626 0.28284 998.0 1.5041 13.0 51.0 2.4071 0.0 0.0 -2.526 0.22361 997.0 1.6604 15.0 60.0 3.8071 0.0 0.0 -2.726 0.2 993.0 1.8385 12.0 
0.53528 66.91619 50.0 3391.0 1.0 53.0 0.0 -1.2929 0.0 -2.226 0.36056 999.0 2.0493 18.0 58.0 0.5071 0.0 0.0 -0.326 0.5 999.0 2.4542 16.0 56.0 2.4071 0.0 1.574 0.0 0.36056 999.0 2.2879 17.0 50.0 4.4071 0.0 2.274 0.0 0.41231 1000.0 1.9642 18.0 44.0 6.2071 0.0 2.474 0.0 0.3 1001.0 1.6478 20.0 
0.10516 60.18886 80.0 3393.0 1.0 31.0 0.0 -1.1929 0.674 0.0 0.22361 1001.0 1.0 18.0 33.0 0.0 -0.4929 0.0 -0.226 0.22361 1001.0 1.0 22.0 38.0 0.3071 0.0 0.0 -0.826 0.14142 1000.0 1.1345 19.0 42.0 1.2071 0.0 0.0 -1.126 0.2 999.0 1.2869 17.0 45.0 2.3071 0.0 0.0 -1.226 0.2 999.0 1.4773 17.0 
0.12759 143.88556 58.0 3394.0 1.0 47.0 0.0 -0.1929 0.0 -1.926 0.22361 998.0 1.5041 17.0 51.0 0.9071 0.0 0.0 -0.926 0.28284 997.0 1.6604 15.0 52.0 2.1071 0.0 0.174 0.0 0.36056 997.0 1.7261 15.0 52.0 3.5071 0.0 1.074 0.0 0.22361 997.0 1.7261 15.0 49.0 4.9071 0.0 1.574 0.0 0.2 998.0 1.6349 16.0 
0.37684 48.75749 50.0 3400.0 1.0 51.0 0.0 -2.1929 0.0 -0.626 0.41231 999.0 1.8976 14.0 56.0 0.1071 0.0 0.0 -0.426 0.3 997.0 2.0019 13.0 61.0 2.2071 0.0 0.0 -0.726 0.4 995.0 2.1114 14.0 68.0 4.2071 0.0 0.0 -0.826 0.3 991.0 2.1467 12.0 71.0 6.0071 0.0 0.0 -0.726 0.3 989.0 2.1453 11.0 
0.32401 57.8912 72.0 3403.0 1.0 40.0 0.0 -0.3929 0.0 -0.826 0.14142 998.0 1.0895 13.0 45.0 0.4071 0.0 0.0 -0.326 0.22361 995.0 1.149 11.0 54.0 1.1071 0.0 0.474 0.0 0.14142 993.0 1.4892 12.0 64.0 1.7071 0.0 1.274 0.0 0.28284 988.0 1.6734 10.0 74.0 2.5071 0.0 2.074 0.0 0.22361 981.0 1.7478 9.0 
0.34907 59.58399 57.0 3404.0 1.0 57.0 0.0 -1.7929 0.0 -0.926 0.3 997.0 2.074 15.0 63.0 0.1071 0.0 0.0 -0.526 0.31623 994.0 2.1336 13.0 66.0 1.8071 0.0 0.374 0.0 0.36056 993.0 2.2245 12.0 65.0 3.6071 0.0 1.074 0.0 0.22361 993.0 2.1576 12.0 57.0 5.2071 0.0 1.274 0.0 0.2 995.0 1.8436 13.0 
0.31421 14.4498 79.0 3407.0 1.0 53.0 0.0 -0.5929 0.774 0.0 0.14142 994.0 1.51 13.0 54.0 0.1071 0.0 0.074 0.0 0.14142 993.0 1.4892 12.0 53.0 0.8071 0.0 0.0 -0.426 0.22361 994.0 1.51 12.0 53.0 1.6071 0.0 0.0 -0.826 0.1 994.0 1.51 12.0 54.0 2.5071 0.0 0.0 -1.026 0.14142 994.0 1.5675 12.0 
0.40592 2.99167 65.0 3411.0 1.0 48.0 0.0 -1.5929 0.474 0.0 0.22361 998.0 1.5688 13.0 52.0 0.0071 0.0 0.0 -0.026 0.2 996.0 1.6246 13.0 61.0 1.6071 0.0 0.0 -0.126 0.31623 993.0 1.9003 13.0 68.0 3.3071 0.0 0.0 -0.326 0.31623 990.0 2.0534 11.0 74.0 4.9071 0.0 0.0 -0.726 0.22361 985.0 1.9975 10.0 
0.14349 32.98146 78.0 3419.0 1.0 37.0 0.0 -0.9929 0.574 0.0 0.22361 1000.0 1.0756 15.0 41.0 0.0 -0.1929 0.0 -0.226 0.22361 999.0 1.2264 18.0 46.0 0.6071 0.0 0.0 -0.926 0.2 997.0 1.3508 15.0 49.0 1.5071 0.0 0.0 -1.026 0.22361 996.0 1.4425 14.0 55.0 2.6071 0.0 0.0 -0.126 0.22361 995.0 1.7165 14.0 
0.08639 95.70533 123.0 3421.0 1.0 39.0 0.0 -1.3929 0.274 0.0 0.22361 999.0 1.1096 15.0 41.0 0.0 -0.5929 0.0 -0.626 0.14142 998.0 1.1446 15.0 48.0 0.2071 0.0 0.0 -1.226 0.1 996.0 1.3843 14.0 55.0 1.1071 0.0 0.0 -1.326 0.2 993.0 1.5448 12.0 58.0 2.1071 0.0 0.0 -0.726 0.14142 993.0 1.7179 12.0 
0.44964 8.25172 88.0 3434.0 1.0 47.0 0.0 -0.7929 0.874 0.0 0.14142 995.0 1.2535 15.0 57.0 0.0071 0.0 0.074 0.0 0.14142 992.0 1.5802 16.0 65.0 1.0071 0.0 0.0 -0.526 0.14142 988.0 1.7261 14.0 73.0 2.1071 0.0 0.0 -1.126 0.22361 984.0 1.8769 12.0 81.0 3.3071 0.0 0.0 -1.626 0.22361 979.0 1.9709 11.0 
0.262 141.17291 56.0 3439.0 1.0 36.0 0.1071 0.0 0.0 -2.026 0.28284 1001.0 1.1031 22.0 43.0 1.1071 0.0 0.0 -0.626 0.36056 1001.0 1.5738 20.0 49.0 2.4071 0.0 1.474 0.0 0.42426 1001.0 2.0436 20.0 49.0 4.1071 0.0 3.374 0.0 0.44721 1001.0 2.0436 20.0 45.0 5.9071 0.0 4.574 0.0 0.28284 1001.0 1.7236 21.0 
0.29967 14.4498 63.0 3440.0 1.0 43.0 0.0 -1.2929 0.874 0.0 0.28284 999.0 1.3489 20.0 45.0 0.1071 0.0 0.074 0.0 0.3 998.0 1.3789 18.0 50.0 1.5071 0.0 0.0 -0.226 0.3 996.0 1.502 20.0 57.0 3.0071 0.0 0.0 -0.426 0.3 994.0 1.7465 19.0 65.0 4.5071 0.0 0.0 -0.526 0.2 990.0 1.8762 18.0 
0.19441 170.03035 121.0 3444.0 1.0 42.0 1.8071 0.0 0.0 -1.526 0.22361 1000.0 1.3859 14.0 44.0 1.5071 0.0 0.274 0.0 0.3 1000.0 1.5211 14.0 43.0 1.4071 0.0 2.174 0.0 0.31623 1000.0 1.4527 14.0 43.0 1.7071 0.0 4.074 0.0 0.31623 1000.0 1.4527 14.0 43.0 2.2071 0.0 5.974 0.0 0.31623 1000.0 1.4527 15.0 
0.32739 37.19517 57.0 3447.0 1.0 49.0 0.0 -2.2929 0.0 -0.526 0.36056 1000.0 1.8864 16.0 49.0 0.0 -0.1929 0.274 0.0 0.4 999.0 1.7517 15.0 52.0 1.8071 0.0 0.074 0.0 0.31623 998.0 1.8412 16.0 55.0 3.4071 0.0 0.0 -0.226 0.3 996.0 1.8174 14.0 57.0 4.9071 0.0 0.0 -0.026 0.22361 994.0 1.7465 13.0 
0.06826 157.58194 121.0 3450.0 1.0 51.0 0.0 -0.9929 0.0 -1.526 0.3 998.0 1.7711 14.0 57.0 0.5071 0.0 0.0 -1.326 0.3 995.0 1.8436 13.0 58.0 1.9071 0.0 0.0 -0.826 0.2 993.0 1.7179 12.0 58.0 3.0071 0.0 0.0 -0.526 0.2 993.0 1.7179 12.0 60.0 4.0071 0.0 0.0 -0.426 0.1 991.0 1.6713 11.0 
0.19624 127.09216 151.0 3453.0 1.0 39.0 0.0 -1.9929 0.374 0.0 0.42426 1001.0 1.2946 18.0 36.0 0.0 -0.7929 0.0 -0.826 0.22361 1001.0 1.1031 17.0 35.0 0.0071 0.0 0.0 -1.626 0.14142 1000.0 1.0 18.0 37.0 0.6071 0.0 0.0 -2.026 0.1 999.0 1.0 18.0 39.0 1.0071 0.0 0.0 -2.226 0.1 997.0 1.0 16.0 
0.38747 51.68435 115.0 3457.0 1.0 44.0 0.0071 0.0 0.0 -1.026 0.22361 997.0 1.2359 15.0 48.0 0.4071 0.0 0.0 -0.226 0.14142 995.0 1.3074 13.0 49.0 0.7071 0.0 0.574 0.0 0.22361 995.0 1.3624 14.0 50.0 1.0071 0.0 1.674 0.0 0.22361 995.0 1.4186 14.0 52.0 1.5071 0.0 2.874 0.0 0.22361 995.0 1.5343 14.0 
0.43627 10.70814 105.0 3458.0 1.0 50.0 0.0 -0.5929 0.0 -1.126 0.14142 995.0 1.4186 13.0 59.0 0.0 -0.0929 0.0 -0.026 0.22361 992.0 1.693 12.0 61.0 0.4071 0.0 1.174 0.0 0.31623 991.0 1.7275 11.0 61.0 1.0071 0.0 2.574 0.0 0.22361 991.0 1.7275 11.0 60.0 1.4071 0.0 3.674 0.0 0.22361 990.0 1.5987 11.0 
0.29009 21.89443 77.0 345.0 1.0 48.0 0.0 -0.8929 0.0 -0.526 0.22361 995.0 1.3074 14.0 57.0 0.0 -0.0929 0.174 0.0 0.28284 992.0 1.5802 12.0 62.0 0.8071 0.0 0.874 0.0 0.14142 989.0 1.6359 11.0 65.0 1.6071 0.0 1.374 0.0 0.22361 987.0 1.6597 10.0 66.0 2.5071 0.0 1.774 0.0 0.2 987.0 1.7112 10.0 
0.15405 66.82775 77.0 3467.0 1.0 44.0 0.0 -1.2929 0.274 0.0 0.28284 998.0 1.3183 13.0 45.0 0.0 -0.2929 0.0 -0.526 0.14142 996.0 1.2166 12.0 51.0 0.4071 0.0 0.0 -0.726 0.1 993.0 1.3283 13.0 64.0 1.1071 0.0 0.0 -0.226 0.14142 987.0 1.6091 10.0 74.0 1.7071 0.0 0.674 0.0 0.28284 982.0 1.8042 9.0 
0.38841 14.4498 60.0 3468.0 1.0 66.0 0.0 -1.4929 1.674 0.0 0.42426 992.0 2.1186 12.0 70.0 0.1071 0.0 0.074 0.0 0.36056 990.0 2.176 11.0 69.0 1.7071 0.0 0.0 -1.126 0.28284 989.0 2.0261 11.0 68.0 3.1071 0.0 0.0 -1.726 0.2 989.0 1.9678 10.0 70.0 4.4071 0.0 0.0 -1.626 0.3 987.0 1.9249 10.0 
0.4053 12.23339 68.0 3469.0 1.0 57.0 0.0 -1.4929 0.474 0.0 0.31623 996.0 1.952 14.0 59.0 0.1071 0.0 0.0 -0.026 0.3 994.0 1.8713 13.0 56.0 1.4071 0.0 0.0 -0.226 0.2 994.0 1.6858 13.0 52.0 2.4071 0.0 0.0 -0.226 0.1 995.0 1.5343 13.0 49.0 3.2071 0.0 0.0 -0.126 0.1 996.0 1.4425 14.0 
0.419 37.19517 44.0 3478.0 1.0 50.0 0.0 -2.2929 0.774 0.0 0.41231 1000.0 1.9642 14.0 54.0 0.0 -0.1929 0.274 0.0 0.4 999.0 2.1274 13.0 60.0 2.4071 0.0 0.0 -0.326 0.41231 999.0 2.5 12.0 61.0 5.0071 0.0 0.0 -1.226 0.53852 999.0 2.5 12.0 55.0 7.4071 0.0 0.0 -2.026 0.41231 999.0 2.2069 13.0 
0.40055 19.33007 105.0 3480.0 1.0 51.0 0.0 -1.5929 0.774 0.0 0.31623 997.0 1.6604 16.0 57.0 0.0071 0.0 0.174 0.0 0.22361 995.0 1.8436 14.0 56.0 1.4071 0.0 0.0 -0.026 0.2 994.0 1.6858 13.0 57.0 2.4071 0.0 0.174 0.0 0.22361 992.0 1.5802 12.0 58.0 3.3071 0.0 0.474 0.0 0.22361 991.0 1.5618 11.0 
0.30121 77.04923 47.0 3481.0 1.0 64.0 0.0 -2.1929 2.674 0.0 0.5831 998.0 2.5 16.0 67.0 0.5071 0.0 0.474 0.0 0.5 997.0 2.5 15.0 60.0 2.9071 0.0 0.0 -0.726 0.41231 997.0 2.2981 15.0 56.0 5.0071 0.0 0.0 -0.726 0.31623 997.0 2.0019 15.0 54.0 6.9071 0.0 0.0 -0.226 0.3 998.0 1.9855 16.0 
0.75648 49.71343 83.0 3484.0 1.0 100.0 0.0 -0.7929 0.0 -1.026 0.22361 962.0 2.0027 8.0 133.0 0.3071 0.0 0.0 -0.326 0.14142 929.0 2.1508 6.0 131.0 1.1071 0.0 0.974 0.0 0.36056 934.0 2.2187 6.0 135.0 1.9071 0.0 2.774 0.0 0.36056 934.0 2.3563 6.0 126.0 3.0071 0.0 4.674 0.0 0.31623 945.0 2.3846 7.0 
1.13604 13.18352 56.0 3490.0 1.0 78.0 0.0 -2.0929 0.174 0.0 0.4 985.0 2.2193 10.0 88.0 0.0 -0.0929 0.074 0.0 0.3 980.0 2.3968 8.0 84.0 1.9071 0.0 0.0 -0.226 0.31623 983.0 2.4023 9.0 81.0 3.8071 0.0 0.0 -0.926 0.31623 984.0 2.3108 9.0 76.0 5.5071 0.0 0.0 -1.926 0.22361 986.0 2.185 10.0 
0.21258 37.62661 58.0 3495.0 1.0 52.0 0.0 -2.1929 1.574 0.0 0.42426 999.0 1.9727 11.0 55.0 0.0 -0.0929 0.0 -0.326 0.5 999.0 2.2069 14.0 58.0 1.9071 0.0 0.0 -2.026 0.44721 996.0 2.0211 12.0 60.0 3.6071 0.0 0.0 -3.226 0.31623 993.0 1.8385 10.0 70.0 5.1071 0.0 0.0 -3.926 0.2 988.0 2.0019 10.0 
0.25432 10.70814 76.0 3504.0 1.0 52.0 0.0 -1.4929 1.674 0.0 0.36056 997.0 1.7261 13.0 57.0 0.0 -0.0929 0.0 -0.026 0.28284 994.0 1.7465 11.0 64.0 1.2071 0.0 0.0 -1.226 0.22361 991.0 1.9016 11.0 71.0 2.3071 0.0 0.0 -1.926 0.22361 985.0 1.8388 9.0 72.0 3.3071 0.0 0.0 -2.326 0.14142 982.0 1.708 9.0 
0.12624 103.89543 100.0 3505.0 1.0 59.0 0.1071 0.0 1.974 0.0 0.31623 995.0 1.9752 14.0 56.0 0.8071 0.0 0.474 0.0 0.28284 994.0 1.6858 13.0 56.0 1.5071 0.0 0.0 -0.226 0.2 992.0 1.5252 12.0 59.0 2.2071 0.0 0.0 -0.126 0.14142 990.0 1.5458 11.0 63.0 2.9071 0.0 0.374 0.0 0.14142 988.0 1.6215 10.0 
0.24579 147.73872 90.0 3506.0 1.0 41.0 1.2071 0.0 0.774 0.0 0.0 997.0 1.0731 15.0 41.0 0.9071 0.0 0.974 0.0 0.1 997.0 1.0731 15.0 42.0 0.7071 0.0 1.574 0.0 0.1 997.0 1.1261 15.0 43.0 0.6071 0.0 2.274 0.0 0.1 997.0 1.1803 15.0 43.0 0.7071 0.0 2.974 0.0 0.22361 997.0 1.1803 15.0 
0.09286 70.43091 76.0 3509.0 1.0 56.0 0.0 -1.8929 2.274 0.0 0.53852 998.0 2.1353 14.0 52.0 0.0 -0.5929 0.0 -0.226 0.36056 996.0 1.6246 13.0 53.0 0.6071 0.0 0.0 -1.726 0.28284 994.0 1.51 15.0 58.0 1.8071 0.0 0.0 -2.526 0.22361 990.0 1.4939 13.0 69.0 3.0071 0.0 0.0 -2.826 0.2 984.0 1.6768 13.0 
0.90917 12.23339 69.0 350.0 1.0 63.0 0.0 -1.6929 0.0 -1.026 0.31623 993.0 2.0269 10.0 75.0 0.1071 0.0 0.0 -0.026 0.31623 987.0 2.2097 10.0 87.0 2.0071 0.0 0.974 0.0 0.31623 981.0 2.4159 9.0 89.0 3.7071 0.0 2.074 0.0 0.28284 978.0 2.3115 8.0 84.0 5.0071 0.0 3.274 0.0 0.22361 979.0 2.1196 8.0 
0.11226 62.18838 237.0 3511.0 1.0 44.0 0.0 -2.1929 0.674 0.0 0.36056 1001.0 1.6478 13.0 45.0 0.0 -0.1929 0.0 -0.526 0.36056 1000.0 1.591 12.0 47.0 1.8071 0.0 0.0 -1.726 0.42426 999.0 1.6116 11.0 47.0 3.5071 0.0 0.0 -3.126 0.28284 998.0 1.5041 10.0 47.0 4.9071 0.0 0.0 -4.326 0.14142 996.0 1.3272 9.0 
0.12197 72.7102 59.0 3532.0 1.0 58.0 0.0 -1.7929 0.174 0.0 0.31623 994.0 1.8084 11.0 67.0 0.0 -0.1929 0.0 -0.626 0.31623 991.0 2.0841 11.0 77.0 1.4071 0.0 0.0 -1.226 0.3 985.0 2.1628 9.0 76.0 2.9071 0.0 0.0 -1.526 0.31623 985.0 2.1069 9.0 69.0 4.3071 0.0 0.0 -2.026 0.2 988.0 1.9451 10.0 
0.35934 47.29257 41.0 3554.0 1.0 49.0 0.0 -2.8929 0.074 0.0 0.5099 1001.0 2.0436 14.0 52.0 0.0071 0.0 0.0 -0.426 0.4 1001.0 2.3015 12.0 58.0 3.0071 0.0 0.0 -1.226 0.53852 1000.0 2.5 11.0 60.0 6.0071 0.0 0.0 -2.626 0.53852 999.0 2.5 10.0 60.0 8.5071 0.0 0.0 -4.126 0.5 997.0 2.2981 11.0 
0.47359 56.88427 60.0 3556.0 1.0 45.0 0.6071 0.0 0.0 -0.926 0.2 996.0 1.2166 15.0 50.0 0.5071 0.0 0.074 0.0 0.2 993.0 1.2767 13.0 63.0 0.8071 0.0 1.174 0.0 0.14142 987.0 1.5592 12.0 69.0 1.5071 0.0 2.174 0.0 0.22361 986.0 1.801 13.0 72.0 2.7071 0.0 2.874 0.0 0.22361 984.0 1.8258 10.0 
0.45076 39.17945 46.0 3569.0 1.0 57.0 0.0 -1.9929 1.574 0.0 0.42426 997.0 2.074 13.0 58.0 0.3071 0.0 0.174 0.0 0.31623 996.0 2.0211 12.0 65.0 2.6071 0.0 0.0 -0.726 0.36056 994.0 2.2712 14.0 75.0 4.8071 0.0 0.0 -1.626 0.41231 990.0 2.4979 14.0 83.0 6.9071 0.0 0.0 -2.126 0.31623 983.0 2.3454 12.0 
0.27311 48.39733 111.0 3573.0 1.0 60.0 0.0 -1.3929 0.074 0.0 0.36056 991.0 1.6713 12.0 73.0 0.0 -0.0929 0.0 -0.426 0.2 985.0 1.9439 12.0 81.0 1.1071 0.0 0.0 -0.426 0.22361 979.0 1.9709 11.0 82.0 2.1071 0.0 0.0 -0.126 0.22361 977.0 1.9077 10.0 85.0 3.0071 0.0 0.474 0.0 0.14142 974.0 1.8922 10.0 
0.22264 23.16855 38.0 3580.0 1.0 68.0 0.0 -2.2929 4.074 0.0 0.86023 1000.0 2.5 12.0 63.0 0.2071 0.0 0.0 -0.026 0.80623 999.0 2.5 11.0 60.0 2.4071 0.0 0.0 -3.326 0.5831 998.0 2.4513 10.0 60.0 4.3071 0.0 0.0 -6.026 0.5 997.0 2.2981 12.0 63.0 6.1071 0.0 0.0 -8.026 0.42426 994.0 2.1336 10.0 
0.68984 14.4498 63.0 3583.0 1.0 64.0 0.0 -1.5929 1.274 0.0 0.42426 993.0 2.0918 16.0 75.0 0.1071 0.0 0.074 0.0 0.36056 987.0 2.2097 13.0 80.0 1.7071 0.0 0.0 -0.826 0.36056 984.0 2.2541 12.0 81.0 3.3071 0.0 0.0 -1.626 0.22361 982.0 2.1617 11.0 80.0 4.6071 0.0 0.0 -2.226 0.31623 981.0 2.0427 11.0 
0.31307 32.65484 80.0 3591.0 1.0 53.0 0.0 -1.6929 1.574 0.0 0.42426 999.0 2.0493 17.0 57.0 0.1071 0.0 0.274 0.0 0.36056 997.0 2.074 15.0 58.0 1.8071 0.0 0.0 -0.726 0.28284 995.0 1.9088 14.0 55.0 3.2071 0.0 0.0 -1.526 0.22361 995.0 1.7165 13.0 53.0 4.2071 0.0 0.0 -2.026 0.14142 994.0 1.51 13.0 
0.14625 174.53445 107.0 3593.0 1.0 50.0 1.0071 0.0 1.774 0.0 0.2 995.0 1.4186 22.0 49.0 1.3071 0.0 0.874 0.0 0.14142 995.0 1.3624 22.0 49.0 1.7071 0.0 0.174 0.0 0.1 994.0 1.2907 21.0 50.0 2.0071 0.0 0.0 -0.326 0.14142 994.0 1.3439 21.0 51.0 2.5071 0.0 0.0 -0.826 0.1 993.0 1.3283 20.0 
0.23266 43.18263 68.0 3604.0 1.0 47.0 0.0 -0.9929 1.774 0.0 0.36056 998.0 1.5041 18.0 51.0 0.1071 0.0 0.374 0.0 0.22361 996.0 1.5627 15.0 58.0 1.4071 0.0 0.0 -0.426 0.22361 993.0 1.7179 17.0 69.0 2.7071 0.0 0.0 -1.026 0.2 988.0 1.9451 13.0 74.0 4.0071 0.0 0.0 -1.226 0.2 984.0 1.9286 12.0 
0.25665 54.46995 61.0 3609.0 1.0 55.0 0.0 -1.7929 2.774 0.0 0.56569 1000.0 2.3767 12.0 52.0 0.4071 0.0 0.274 0.0 0.42426 999.0 1.9727 11.0 51.0 2.1071 0.0 0.0 -1.626 0.42426 997.0 1.6604 10.0 50.0 3.7071 0.0 0.0 -3.226 0.28284 997.0 1.5959 13.0 53.0 5.1071 0.0 0.0 -4.326 0.28284 994.0 1.51 11.0 
0.28435 30.42421 80.0 3610.0 1.0 46.0 0.0 -1.1929 0.174 0.0 0.2 998.0 1.4408 17.0 47.0 0.0071 0.0 0.274 0.0 0.2 998.0 1.5041 15.0 46.0 1.1071 0.0 0.274 0.0 0.1 998.0 1.4408 16.0 44.0 2.1071 0.0 0.174 0.0 0.1 998.0 1.3183 16.0 44.0 3.0071 0.0 0.0 -0.026 0.14142 998.0 1.3183 16.0 
0.39898 30.42421 51.0 3613.0 1.0 52.0 0.0 -2.0929 2.674 0.0 0.5831 1001.0 2.3015 18.0 54.0 0.0071 0.0 0.274 0.0 0.5 1001.0 2.4819 20.0 54.0 2.2071 0.0 0.0 -1.226 0.44721 1000.0 2.291 18.0 53.0 4.2071 0.0 0.0 -2.526 0.36056 999.0 2.0493 17.0 53.0 5.9071 0.0 0.0 -3.726 0.31623 998.0 1.9127 16.0 
0.16661 25.57494 71.0 3616.0 1.0 52.0 0.0 -1.7929 1.274 0.0 0.42426 998.0 1.8412 10.0 53.0 0.0 -0.1929 0.0 -0.126 0.36056 997.0 1.7931 12.0 58.0 1.2071 0.0 0.0 -1.126 0.22361 994.0 1.8084 10.0 62.0 2.4071 0.0 0.0 -1.726 0.2 991.0 1.7846 8.0 61.0 3.4071 0.0 0.0 -1.826 0.2 990.0 1.6524 8.0 
1.11389 62.69156 44.0 3625.0 1.0 79.0 0.0 -2.1929 2.574 0.0 0.56569 991.0 2.5 12.0 91.0 0.3071 0.0 0.474 0.0 0.56569 983.0 2.5 9.0 110.0 2.9071 0.0 0.0 -1.426 0.56569 969.0 2.5 7.0 119.0 5.5071 0.0 0.0 -3.126 0.44721 961.0 2.5 6.0 112.0 7.6071 0.0 0.0 -4.026 0.31623 959.0 2.3726 6.0 
0.33454 35.06378 47.0 3631.0 1.0 58.0 0.0 -1.9929 2.974 0.0 0.5831 1000.0 2.5 12.0 57.0 0.3071 0.0 0.074 0.0 0.56569 999.0 2.3703 11.0 58.0 2.7071 0.0 0.0 -2.126 0.5 998.0 2.2906 10.0 61.0 5.0071 0.0 0.0 -4.126 0.42426 995.0 2.1114 8.0 64.0 6.8071 0.0 0.0 -5.926 0.36056 993.0 2.0918 10.0 
0.28915 17.37652 48.0 3635.0 1.0 64.0 0.0 -2.4929 2.274 0.0 0.5 995.0 2.3242 10.0 73.0 0.0 -0.0929 0.0 -0.126 0.56569 992.0 2.5 10.0 85.0 2.4071 0.0 0.0 -1.826 0.44721 982.0 2.3805 7.0 111.0 4.7071 0.0 0.0 -3.226 0.36056 962.0 2.4675 7.0 138.0 6.6071 0.0 0.0 -4.326 0.31623 929.0 2.3156 5.0 
0.30542 22.93337 53.0 3636.0 1.0 50.0 0.0 -2.1929 1.774 0.0 0.42426 1001.0 2.1279 16.0 50.0 0.0 -0.1929 0.074 0.0 0.5 1000.0 1.9642 15.0 50.0 1.8071 0.0 0.0 -1.526 0.36056 1000.0 1.9642 15.0 54.0 3.7071 0.0 0.0 -2.926 0.36056 999.0 2.1274 17.0 58.0 5.5071 0.0 0.0 -4.226 0.28284 997.0 2.1474 15.0 
0.18797 59.58399 66.0 3637.0 1.0 61.0 0.0 -1.6929 0.0 -0.326 0.31623 995.0 2.1114 13.0 71.0 0.1071 0.0 0.0 -0.526 0.3 989.0 2.1453 11.0 73.0 1.6071 0.0 0.0 -0.526 0.2 986.0 2.0159 10.0 70.0 2.9071 0.0 0.0 -0.526 0.22361 987.0 1.9249 10.0 68.0 4.1071 0.0 0.0 -0.726 0.2 988.0 1.8891 10.0 
0.15572 85.49496 52.0 3638.0 1.0 63.0 0.0 -0.7929 1.974 0.0 0.36056 991.0 1.8426 10.0 70.0 0.6071 0.0 0.474 0.0 0.36056 987.0 1.9249 11.0 84.0 2.0071 0.0 0.0 -0.426 0.2 976.0 1.9478 9.0 110.0 3.5071 0.0 0.0 -0.526 0.3 957.0 2.2069 8.0 124.0 5.1071 0.0 0.0 -0.226 0.31623 946.0 2.344 7.0 
0.33095 52.6199 55.0 3643.0 1.0 70.0 0.0 -2.5929 1.874 0.0 0.44721 995.0 2.5 10.0 72.0 0.0071 0.0 0.474 0.0 0.44721 993.0 2.5 9.0 68.0 2.4071 0.0 0.0 -0.626 0.41231 994.0 2.4857 10.0 61.0 4.5071 0.0 0.0 -1.126 0.3 995.0 2.1114 10.0 53.0 6.0071 0.0 0.0 -1.026 0.2 996.0 1.6877 10.0 
0.14386 86.89722 54.0 3644.0 1.0 59.0 0.0 -2.3929 0.374 0.0 0.44721 995.0 1.9752 11.0 67.0 0.0 -0.2929 0.0 -0.726 0.41231 993.0 2.2925 12.0 76.0 1.7071 0.0 0.0 -1.126 0.31623 987.0 2.269 10.0 85.0 3.5071 0.0 0.0 -1.626 0.31623 980.0 2.2362 8.0 94.0 5.2071 0.0 0.0 -2.326 0.22361 973.0 2.2562 7.0 
0.20377 127.3962 52.0 3648.0 1.0 74.0 0.0 -1.7929 2.974 0.0 0.5831 994.0 2.5 13.0 81.0 0.6071 0.0 0.974 0.0 0.56569 989.0 2.5 11.0 88.0 2.7071 0.0 0.0 -1.026 0.56569 983.0 2.5 9.0 91.0 4.7071 0.0 0.0 -2.726 0.36056 979.0 2.4876 8.0 88.0 6.3071 0.0 0.0 -3.826 0.28284 978.0 2.2599 8.0 
0.14532 143.94806 45.0 3651.0 1.0 61.0 0.0 -1.2929 3.874 0.0 0.78102 1000.0 2.5 12.0 60.0 1.2071 0.0 0.474 0.0 0.5831 999.0 2.5 11.0 59.0 3.2071 0.0 0.0 -2.526 0.5831 997.0 2.2221 10.0 60.0 5.0071 0.0 0.0 -5.126 0.5 996.0 2.1629 10.0 64.0 6.6071 0.0 0.0 -7.126 0.36056 992.0 1.9922 10.0 
0.10864 189.42489 48.0 3653.0 1.0 62.0 0.0071 0.0 3.374 0.0 0.5831 996.0 2.3095 12.0 65.0 1.6071 0.0 0.574 0.0 0.5 994.0 2.2712 11.0 76.0 3.4071 0.0 0.0 -1.926 0.5 988.0 2.3598 8.0 93.0 5.3071 0.0 0.0 -4.126 0.42426 974.0 2.2651 6.0 124.0 7.0071 0.0 0.0 -5.726 0.28284 944.0 2.276 5.0 
0.10042 104.04475 61.0 3658.0 1.0 41.0 0.0 -2.6929 0.374 0.0 0.44721 1002.0 1.5608 19.0 46.0 0.0 -0.5929 0.0 -0.726 0.44721 1001.0 1.801 17.0 47.0 1.5071 0.0 0.0 -1.626 0.31623 1000.0 1.7355 15.0 49.0 3.4071 0.0 0.0 -2.426 0.28284 999.0 1.7517 14.0 52.0 4.9071 0.0 0.0 -3.626 0.28284 998.0 1.8412 16.0 
0.13717 32.98146 47.0 3664.0 1.0 58.0 0.0 -2.5929 3.374 0.0 0.80623 1000.0 2.5 13.0 58.0 0.0 -0.1929 0.0 -0.226 0.56569 999.0 2.4542 12.0 55.0 2.1071 0.0 0.0 -2.726 0.5 998.0 2.0598 11.0 53.0 4.0071 0.0 0.0 -4.826 0.36056 997.0 1.7931 9.0 54.0 5.4071 0.0 0.0 -6.426 0.36056 996.0 1.752 12.0 
0.28 45.92858 50.0 3670.0 1.0 56.0 0.0 -1.0929 2.674 0.0 0.5 997.0 2.0019 9.0 61.0 0.4071 0.0 0.074 0.0 0.5 996.0 2.2356 11.0 70.0 2.0071 0.0 0.0 -2.126 0.5 990.0 2.176 9.0 84.0 3.9071 0.0 0.0 -3.826 0.44721 981.0 2.2521 7.0 106.0 5.9071 0.0 0.0 -5.126 0.36056 965.0 2.3909 7.0 
0.11233 183.86527 51.0 3672.0 1.0 84.0 0.1071 0.0 2.774 0.0 0.36056 983.0 2.4023 9.0 92.0 1.4071 0.0 0.874 0.0 0.36056 976.0 2.3365 8.0 107.0 2.9071 0.0 0.0 -0.826 0.28284 963.0 2.3387 7.0 126.0 4.6071 0.0 0.0 -2.226 0.22361 945.0 2.3846 5.0 117.0 6.3071 0.0 0.0 -2.926 0.2 952.0 2.2921 6.0 
0.10552 147.54679 44.0 3673.0 1.0 59.0 0.0 -2.6929 0.0 -0.626 0.44721 996.0 2.0914 12.0 70.0 0.0 -0.0929 0.0 -1.326 0.4 994.0 2.5 13.0 83.0 2.5071 0.0 0.0 -1.826 0.5099 988.0 2.5 10.0 88.0 5.2071 0.0 0.0 -2.726 0.44721 985.0 2.5 9.0 80.0 7.4071 0.0 0.0 -3.526 0.4 986.0 2.421 10.0 
0.53731 57.41677 63.0 3677.0 1.0 76.0 0.0 -1.4929 2.374 0.0 0.5 991.0 2.5 15.0 81.0 0.2071 0.0 0.474 0.0 0.42426 985.0 2.3933 12.0 86.0 1.8071 0.0 0.0 -0.726 0.28284 979.0 2.2218 11.0 92.0 3.2071 0.0 0.0 -1.726 0.36056 974.0 2.2166 10.0 100.0 4.6071 0.0 0.0 -2.626 0.28284 960.0 1.9271 7.0 
0.1785 17.37652 60.0 3679.0 1.0 46.0 0.0 -1.7929 1.674 0.0 0.5 1001.0 1.801 13.0 44.0 0.0 -0.0929 0.0 -0.126 0.36056 1001.0 1.6478 12.0 47.0 1.5071 0.0 0.0 -1.526 0.36056 999.0 1.6116 10.0 49.0 3.1071 0.0 0.0 -2.726 0.31623 998.0 1.6349 9.0 52.0 4.7071 0.0 0.0 -3.426 0.2 996.0 1.6246 10.0 
0.49196 17.37652 62.0 3683.0 1.0 60.0 0.0 -2.1929 0.674 0.0 0.44721 996.0 2.1629 13.0 66.0 0.0 -0.0929 0.0 -0.126 0.31623 993.0 2.2245 12.0 68.0 1.6071 0.0 0.0 -0.326 0.31623 990.0 2.0534 11.0 70.0 3.1071 0.0 0.0 -0.526 0.22361 987.0 1.9249 10.0 75.0 4.4071 0.0 0.0 -1.026 0.22361 984.0 1.9811 9.0 
0.72233 27.7603 59.0 3687.0 1.0 72.0 0.0 -2.0929 0.774 0.0 0.44721 990.0 2.3021 12.0 85.0 0.1071 0.0 0.0 -0.226 0.31623 981.0 2.3061 10.0 101.0 2.0071 0.0 0.0 -0.726 0.31623 968.0 2.3153 9.0 125.0 3.7071 0.0 0.0 -1.226 0.22361 942.0 2.2477 7.0 131.0 5.2071 0.0 0.0 -1.626 0.22361 927.0 2.0381 5.0 
0.25386 17.37652 66.0 3702.0 1.0 50.0 0.0 -1.5929 1.774 0.0 0.36056 999.0 1.8239 11.0 50.0 0.0 -0.0929 0.0 -0.126 0.36056 998.0 1.7023 13.0 51.0 1.3071 0.0 0.0 -1.326 0.22361 996.0 1.5627 11.0 55.0 2.5071 0.0 0.0 -1.826 0.22361 993.0 1.5448 13.0 66.0 3.5071 0.0 0.0 -1.926 0.2 987.0 1.7112 10.0 
0.09553 45.79963 46.0 3714.0 1.0 64.0 0.0 -3.0929 3.074 0.0 0.72111 999.0 2.5 11.0 64.0 0.0 -0.3929 0.0 -0.126 0.78102 998.0 2.5 14.0 66.0 2.2071 0.0 0.0 -3.026 0.64031 996.0 2.5 12.0 68.0 4.5071 0.0 0.0 -5.526 0.5 993.0 2.3614 11.0 72.0 6.6071 0.0 0.0 -7.326 0.42426 989.0 2.2062 12.0 
0.21547 42.04636 72.0 3720.0 1.0 46.0 0.0 -2.1929 1.374 0.0 0.42426 1001.0 1.801 18.0 46.0 0.0 -0.1929 0.0 -0.326 0.31623 1001.0 1.801 17.0 46.0 1.6071 0.0 0.0 -1.326 0.22361 1000.0 1.6625 15.0 45.0 3.1071 0.0 0.0 -2.126 0.22361 999.0 1.4773 13.0 49.0 4.3071 0.0 0.0 -2.826 0.22361 997.0 1.5327 15.0 
0.47268 108.43208 38.0 3727.0 1.0 73.0 0.0 -2.4929 4.874 0.0 0.9434 999.0 2.5 11.0 73.0 0.7071 0.0 0.674 0.0 0.86023 998.0 2.5 10.0 79.0 4.1071 0.0 0.0 -3.026 0.78102 996.0 2.5 8.0 80.0 7.3071 0.0 0.0 -5.926 0.64031 993.0 2.5 10.0 82.0 9.8071 0.0 0.0 -7.726 0.5 987.0 2.5 8.0 
0.36363 180.46314 281.0 3728.0 1.0 82.0 0.0 -2.3929 2.774 0.0 0.5 988.0 2.5 12.0 96.0 0.4071 0.0 1.574 0.0 0.41231 979.0 2.5 11.0 103.0 2.6071 0.0 1.374 0.0 0.4 968.0 2.4079 9.0 122.0 4.5071 0.0 1.574 0.0 0.3 948.0 2.3388 7.0 126.0 6.4071 0.0 1.874 0.0 0.4 946.0 2.4202 7.0 
0.22209 32.98146 52.0 3729.0 1.0 52.0 0.0 -2.3929 1.974 0.0 0.56569 1001.0 2.3015 13.0 50.0 0.0 -0.1929 0.0 -0.226 0.5 1001.0 2.1279 17.0 50.0 1.8071 0.0 0.0 -1.826 0.5 1000.0 1.9642 15.0 52.0 3.7071 0.0 0.0 -3.226 0.36056 998.0 1.8412 13.0 55.0 5.5071 0.0 0.0 -4.226 0.36056 997.0 1.931 15.0 
0.31355 12.23339 73.0 3730.0 1.0 54.0 0.0 -1.4929 1.674 0.0 0.44721 998.0 1.9855 16.0 54.0 0.1071 0.0 0.0 -0.026 0.36056 996.0 1.752 16.0 58.0 1.7071 0.0 0.0 -1.026 0.22361 995.0 1.9088 17.0 61.0 2.9071 0.0 0.0 -1.826 0.22361 991.0 1.7275 15.0 67.0 3.9071 0.0 0.0 -2.326 0.14142 986.0 1.6981 13.0 
0.29617 113.60601 276.0 3732.0 1.0 78.0 0.0 -1.5929 3.274 0.0 0.70711 992.0 2.5 13.0 81.0 0.9071 0.0 0.474 0.0 0.42426 988.0 2.5 11.0 95.0 3.0071 0.0 0.0 -1.526 0.42426 973.0 2.3045 8.0 122.0 4.8071 0.0 0.0 -2.726 0.36056 948.0 2.3388 7.0 136.0 6.4071 0.0 0.0 -3.226 0.2 929.0 2.249 6.0 
0.39473 93.62417 40.0 3736.0 1.0 65.0 0.0 -2.3929 4.674 0.0 0.86023 1001.0 2.5 18.0 65.0 0.5071 0.0 0.674 0.0 0.78102 1001.0 2.5 16.0 68.0 3.5071 0.0 0.0 -2.726 0.78102 1000.0 2.5 15.0 65.0 6.4071 0.0 0.0 -5.526 0.56569 999.0 2.5 15.0 65.0 8.8071 0.0 0.0 -7.526 0.36056 996.0 2.5 14.0 
0.28829 53.71602 48.0 3737.0 1.0 55.0 0.0 -1.6929 3.574 0.0 0.67082 1001.0 2.5 18.0 53.0 0.3071 0.0 0.374 0.0 0.5 1001.0 2.3909 17.0 51.0 2.2071 0.0 0.0 -2.026 0.5 1000.0 2.0435 16.0 52.0 4.1071 0.0 0.0 -3.826 0.36056 999.0 1.9727 14.0 58.0 6.2071 0.0 0.0 -5.226 0.42426 998.0 2.2906 16.0 
0.58031 73.93353 316.0 3740.0 1.0 76.0 0.0 -1.8929 2.574 0.0 0.56569 993.0 2.5 17.0 81.0 0.6071 0.0 0.274 0.0 0.5 988.0 2.5 14.0 89.0 2.7071 0.0 0.0 -1.326 0.36056 977.0 2.2473 11.0 110.0 4.4071 0.0 0.0 -2.226 0.31623 958.0 2.247 10.0 128.0 5.8071 0.0 0.0 -2.426 0.2 936.0 2.1733 8.0 
0.54223 32.65484 43.0 3753.0 1.0 65.0 0.0 -2.4929 2.574 0.0 0.56569 998.0 2.5 16.0 68.0 0.1071 0.0 0.274 0.0 0.5 997.0 2.5 15.0 66.0 2.6071 0.0 0.0 -1.626 0.53852 998.0 2.5 15.0 62.0 5.3071 0.0 0.0 -3.226 0.5 999.0 2.5 17.0 53.0 7.5071 0.0 0.0 -4.726 0.44721 1000.0 2.207 18.0 
0.28396 8.25172 68.0 3754.0 1.0 55.0 0.0 -1.5929 1.474 0.0 0.42426 998.0 2.0598 12.0 59.0 0.0071 0.0 0.074 0.0 0.36056 995.0 1.9752 10.0 62.0 1.5071 0.0 0.0 -1.026 0.28284 992.0 1.8696 9.0 64.0 2.7071 0.0 0.0 -1.826 0.22361 990.0 1.8189 8.0 65.0 3.8071 0.0 0.0 -2.326 0.22361 988.0 1.7261 8.0 
0.43416 21.89443 61.0 3755.0 1.0 50.0 0.0 -1.9929 0.674 0.0 0.31623 997.0 1.5959 13.0 54.0 0.0 -0.0929 0.174 0.0 0.31623 996.0 1.752 16.0 58.0 1.5071 0.0 0.074 0.0 0.2 992.0 1.6361 13.0 66.0 2.8071 0.0 0.274 0.0 0.2 988.0 1.7796 14.0 77.0 4.0071 0.0 0.474 0.0 0.2 981.0 1.8924 11.0 
0.19911 131.83447 342.0 3756.0 1.0 73.0 0.0 -2.4929 3.674 0.0 0.70711 995.0 2.5 12.0 74.0 0.5071 0.0 1.074 0.0 0.5 994.0 2.5 14.0 80.0 3.1071 0.0 0.0 -0.826 0.5 988.0 2.5 11.0 93.0 5.4071 0.0 0.0 -2.526 0.44721 979.0 2.5 11.0 108.0 7.4071 0.0 0.0 -3.526 0.41231 964.0 2.4313 9.0 
0.31723 45.6838 88.0 3760.0 1.0 78.0 0.0 -0.5929 1.474 0.0 0.22361 983.0 2.0713 9.0 77.0 0.3071 0.0 0.274 0.0 0.28284 982.0 1.9535 9.0 75.0 1.2071 0.0 0.0 -0.626 0.22361 982.0 1.8533 9.0 73.0 2.0071 0.0 0.0 -1.026 0.14142 982.0 1.7558 9.0 73.0 2.7071 0.0 0.0 -1.126 0.1 981.0 1.7009 9.0 
0.20446 158.13844 39.0 3765.0 1.0 83.0 0.0 -2.4929 4.774 0.0 0.86023 996.0 2.5 14.0 83.0 0.8071 0.0 1.174 0.0 0.70711 994.0 2.5 13.0 83.0 3.9071 0.0 0.0 -1.726 0.64031 993.0 2.5 12.0 81.0 6.7071 0.0 0.0 -3.826 0.53852 990.0 2.5 11.0 77.0 9.2071 0.0 0.0 -4.926 0.41231 990.0 2.5 11.0 
0.48245 14.00819 44.0 3766.0 1.0 65.0 0.0 -3.3929 1.574 0.0 0.72111 1001.0 2.5 17.0 62.0 0.0071 0.0 0.0 -0.126 0.67082 1000.0 2.5 20.0 61.0 3.0071 0.0 0.0 -1.326 0.41231 998.0 2.5 17.0 60.0 5.4071 0.0 0.0 -1.926 0.41231 997.0 2.2981 15.0 59.0 7.6071 0.0 0.0 -2.226 0.3 997.0 2.2221 15.0 
0.14094 112.1609 44.0 3767.0 1.0 66.0 0.0 -2.0929 3.674 0.0 0.64031 999.0 2.5 14.0 66.0 0.5071 0.0 0.874 0.0 0.64031 997.0 2.5 12.0 69.0 3.1071 0.0 0.0 -1.426 0.5 995.0 2.5 12.0 76.0 5.4071 0.0 0.0 -3.226 0.44721 991.0 2.5 11.0 78.0 7.5071 0.0 0.0 -4.226 0.31623 987.0 2.39 10.0 
0.07991 186.97509 56.0 376.0 1.0 61.0 0.1071 0.0 0.0 -2.426 0.42426 995.0 2.1114 13.0 66.0 1.4071 0.0 0.0 -0.926 0.28284 992.0 2.1186 11.0 64.0 2.8071 0.0 0.174 0.0 0.28284 992.0 1.9922 12.0 60.0 4.2071 0.0 0.874 0.0 0.31623 994.0 1.9352 12.0 55.0 5.6071 0.0 1.174 0.0 0.2 995.0 1.7165 13.0 
0.17124 62.18838 87.0 3771.0 1.0 43.0 0.0 -1.2929 0.174 0.0 0.22361 998.0 1.259 13.0 48.0 0.0 -0.1929 0.0 -0.526 0.22361 997.0 1.4708 16.0 57.0 1.0071 0.0 0.0 -1.026 0.22361 994.0 1.7465 13.0 62.0 2.1071 0.0 0.0 -1.526 0.2 991.0 1.7846 11.0 63.0 3.1071 0.0 0.0 -1.826 0.22361 989.0 1.6891 11.0 
0.15281 45.79963 51.0 3776.0 1.0 53.0 0.0 -2.4929 2.174 0.0 0.5 999.0 2.0493 11.0 55.0 0.0 -0.3929 0.0 -0.126 0.56569 998.0 2.0598 12.0 59.0 1.7071 0.0 0.0 -2.426 0.5 996.0 2.0914 13.0 64.0 3.7071 0.0 0.0 -4.626 0.5 993.0 2.0918 11.0 70.0 5.6071 0.0 0.0 -6.526 0.42426 990.0 2.176 12.0 
0.12973 94.52394 67.0 377.0 1.0 50.0 0.0 -0.9929 0.0 -1.126 0.2 994.0 1.3439 11.0 61.0 0.2071 0.0 0.0 -0.826 0.1 991.0 1.7275 11.0 74.0 1.4071 0.0 0.0 -0.426 0.2 984.0 1.9286 9.0 85.0 2.7071 0.0 0.0 -0.026 0.2 976.0 1.9944 8.0 95.0 3.9071 0.0 0.174 0.0 0.22361 968.0 2.0484 7.0 
0.11177 66.82775 50.0 3780.0 1.0 50.0 0.0 -2.4929 1.174 0.0 0.5 1001.0 2.1279 17.0 50.0 0.0 -0.2929 0.0 -0.526 0.36056 1000.0 1.9642 15.0 51.0 1.6071 0.0 0.0 -1.926 0.36056 999.0 1.8976 16.0 55.0 3.6071 0.0 0.0 -2.926 0.36056 998.0 2.0598 16.0 62.0 5.6071 0.0 0.0 -3.526 0.31623 995.0 2.1812 13.0 
0.39637 21.89443 64.0 3782.0 1.0 57.0 0.0 -2.2929 2.474 0.0 0.56569 999.0 2.3703 11.0 57.0 0.0 -0.0929 0.174 0.0 0.5 997.0 2.074 9.0 57.0 1.8071 0.0 0.0 -1.526 0.36056 994.0 1.7465 8.0 58.0 3.4071 0.0 0.0 -2.526 0.22361 992.0 1.6361 10.0 66.0 4.6071 0.0 0.0 -2.926 0.1 985.0 1.589 8.0 
0.29921 52.57774 124.0 3791.0 1.0 46.0 0.0 -0.1929 0.0 -0.526 0.1 992.0 1.0292 10.0 60.0 0.2071 0.0 0.0 -0.426 0.1 987.0 1.4142 10.0 78.0 0.7071 0.0 0.0 -0.426 0.14142 976.0 1.6795 8.0 82.0 1.2071 0.0 0.0 -0.126 0.1 973.0 1.7169 7.0 83.0 1.7071 0.0 0.174 0.0 0.14142 972.0 1.7162 7.0 
0.42222 17.37652 75.0 3792.0 1.0 51.0 0.0 -0.6929 0.474 0.0 0.1 991.0 1.2075 9.0 65.0 0.0 -0.0929 0.0 -0.126 0.14142 985.0 1.5412 10.0 87.0 0.6071 0.0 0.0 -0.626 0.2 972.0 1.8856 7.0 94.0 1.6071 0.0 0.0 -1.026 0.14142 967.0 1.9619 7.0 97.0 2.6071 0.0 0.0 -1.526 0.22361 966.0 2.0447 7.0 
0.28804 25.09838 280.0 3794.0 1.0 54.0 0.0 -1.4929 0.574 0.0 0.22361 996.0 1.752 11.0 61.0 0.0071 0.0 0.0 -0.226 0.31623 993.0 1.9003 12.0 67.0 1.5071 0.0 0.0 -0.726 0.2 989.0 1.9104 11.0 70.0 2.8071 0.0 0.0 -0.926 0.3 987.0 1.9249 10.0 75.0 4.1071 0.0 0.0 -1.126 0.2 982.0 1.8533 9.0 
0.0782 131.67175 78.0 3795.0 1.0 64.0 0.7071 0.0 0.0 -1.226 0.14142 986.0 1.5495 10.0 71.0 1.1071 0.0 0.0 -0.426 0.22361 983.0 1.7162 9.0 71.0 1.5071 0.0 0.574 0.0 0.22361 984.0 1.7754 9.0 69.0 2.0071 0.0 1.574 0.0 0.14142 985.0 1.7367 9.0 66.0 2.5071 0.0 2.474 0.0 0.14142 987.0 1.7112 10.0 
0.17765 24.41152 83.0 3808.0 1.0 46.0 0.0 -1.1929 1.574 0.0 0.36056 999.0 1.5437 11.0 46.0 0.2071 0.0 0.074 0.0 0.28284 999.0 1.5437 14.0 48.0 1.4071 0.0 0.0 -0.926 0.22361 997.0 1.4708 12.0 52.0 2.5071 0.0 0.0 -1.226 0.1 994.0 1.4536 13.0 60.0 3.3071 0.0 0.0 -1.226 0.14142 989.0 1.5321 11.0 
0.43662 14.4498 76.0 3809.0 1.0 51.0 0.0 -0.6929 0.774 0.0 0.22361 993.0 1.3283 10.0 62.0 0.1071 0.0 0.074 0.0 0.14142 989.0 1.6359 11.0 71.0 0.9071 0.0 0.0 -0.226 0.1 983.0 1.7162 9.0 76.0 1.7071 0.0 0.0 -0.226 0.14142 980.0 1.7877 8.0 79.0 2.5071 0.0 0.174 0.0 0.14142 979.0 1.8748 8.0 
0.13355 113.88873 69.0 3810.0 1.0 55.0 0.0 -1.1929 0.0 -1.026 0.2 992.0 1.4713 10.0 67.0 0.0071 0.0 0.0 -1.026 0.2 987.0 1.7634 10.0 90.0 1.2071 0.0 0.0 -0.726 0.2 971.0 1.9698 7.0 105.0 2.4071 0.0 0.0 -0.226 0.22361 958.0 2.0474 6.0 128.0 3.5071 0.0 0.474 0.0 0.28284 934.0 2.1182 5.0 
0.15099 105.32528 74.0 3814.0 1.0 63.0 0.0 -0.6929 0.0 -1.326 0.14142 987.0 1.5592 11.0 80.0 0.2071 0.0 0.0 -0.926 0.2 978.0 1.8677 11.0 97.0 1.2071 0.0 0.0 -0.726 0.2 965.0 2.0021 9.0 100.0 2.2071 0.0 0.0 -0.726 0.2 961.0 1.9642 8.0 111.0 3.2071 0.0 0.0 -0.926 0.1 950.0 1.9975 7.0 
0.285 2.99167 50.0 3839.0 1.0 58.0 0.0 -2.3929 2.874 0.0 0.72111 1001.0 2.5 18.0 54.0 0.0071 0.0 0.0 -0.026 0.5 1001.0 2.4819 17.0 51.0 2.1071 0.0 0.0 -1.826 0.44721 1000.0 2.0435 20.0 54.0 4.1071 0.0 0.0 -3.026 0.41231 999.0 2.1274 17.0 55.0 6.0071 0.0 0.0 -3.726 0.31623 997.0 1.931 15.0 
0.0993 56.66943 94.0 3842.0 1.0 45.0 0.0 -1.2929 0.874 0.0 0.28284 998.0 1.3789 13.0 49.0 0.0 -0.3929 0.0 -0.326 0.28284 996.0 1.4425 11.0 56.0 0.6071 0.0 0.0 -1.326 0.22361 993.0 1.6015 13.0 67.0 1.6071 0.0 0.0 -1.926 0.2 987.0 1.7634 10.0 70.0 2.6071 0.0 0.0 -2.226 0.1 985.0 1.7874 9.0 
0.1162 57.38457 68.0 3843.0 1.0 45.0 0.0 -1.4929 0.274 0.0 0.28284 999.0 1.4773 13.0 50.0 0.0 -0.2929 0.0 -0.426 0.14142 996.0 1.502 11.0 56.0 0.8071 0.0 0.0 -0.726 0.2 993.0 1.6015 9.0 57.0 1.9071 0.0 0.0 -0.426 0.2 993.0 1.6592 9.0 56.0 3.0071 0.0 0.074 0.0 0.22361 993.0 1.6015 9.0 
0.15484 45.92858 68.0 3847.0 1.0 39.0 0.0 -0.5929 1.974 0.0 0.36056 1001.0 1.2946 15.0 42.0 0.4071 0.0 0.074 0.0 0.36056 1001.0 1.5014 16.0 45.0 1.7071 0.0 0.0 -1.426 0.28284 999.0 1.4773 15.0 46.0 3.1071 0.0 0.0 -2.626 0.22361 999.0 1.5437 14.0 48.0 4.4071 0.0 0.0 -3.426 0.3 997.0 1.4708 14.0 
0.39784 42.04636 56.0 385.0 1.0 55.0 0.0 -3.0929 0.0 -0.226 0.5099 1002.0 2.5 19.0 51.0 0.0 -0.1929 0.0 -0.326 0.4 1001.0 2.2138 22.0 49.0 2.0071 0.0 0.0 -0.426 0.31623 1000.0 1.8864 19.0 48.0 3.7071 0.0 0.0 -0.126 0.31623 999.0 1.6809 17.0 47.0 5.2071 0.0 0.374 0.0 0.22361 999.0 1.6116 17.0 
0.26598 32.63974 51.0 3860.0 1.0 59.0 0.0 -2.8929 1.874 0.0 0.64031 999.0 2.5 10.0 60.0 0.0 -0.2929 0.0 -0.026 0.5 997.0 2.2981 9.0 63.0 1.9071 0.0 0.0 -1.426 0.44721 995.0 2.2521 11.0 66.0 4.0071 0.0 0.0 -2.426 0.41231 992.0 2.1186 9.0 73.0 5.9071 0.0 0.0 -3.126 0.36056 989.0 2.2679 11.0 
0.39966 62.69156 85.0 3861.0 1.0 74.0 0.0 -0.2929 0.774 0.0 0.14142 980.0 1.6949 14.0 78.0 0.3071 0.0 0.474 0.0 0.1 978.0 1.7754 13.0 81.0 1.0071 0.0 0.174 0.0 0.1 976.0 1.8111 13.0 83.0 1.8071 0.0 0.0 -0.126 0.1 974.0 1.8042 12.0 84.0 2.5071 0.0 0.0 -0.426 0.1 973.0 1.8017 12.0 
0.15006 70.24699 68.0 3864.0 1.0 64.0 0.0 -2.2929 0.374 0.0 0.44721 996.0 2.4609 11.0 66.0 0.0 -0.0929 0.0 -0.626 0.31623 991.0 2.0223 9.0 76.0 1.6071 0.0 0.0 -0.826 0.3 984.0 2.0343 9.0 94.0 3.1071 0.0 0.0 -0.626 0.2 970.0 2.0988 7.0 102.0 4.3071 0.0 0.0 -0.126 0.22361 962.0 2.0836 6.0 
0.21538 76.71589 44.0 3866.0 1.0 68.0 0.0 -4.1929 0.774 0.0 0.67082 999.0 2.5 15.0 70.0 0.0 -0.2929 0.0 -0.626 0.63246 998.0 2.5 13.0 70.0 3.0071 0.0 0.0 -1.426 0.5099 996.0 2.5 14.0 69.0 5.6071 0.0 0.0 -1.826 0.41231 993.0 2.4314 12.0 65.0 7.6071 0.0 0.0 -2.226 0.2 993.0 2.1576 12.0 
0.08254 178.41144 121.0 3868.0 1.0 58.0 1.6071 0.0 0.0 -0.326 0.0 987.0 1.3215 10.0 56.0 1.6071 0.0 0.0 -0.026 0.1 989.0 1.3346 10.0 56.0 1.7071 0.0 0.374 0.0 0.1 990.0 1.3926 11.0 56.0 1.8071 0.0 0.874 0.0 0.1 990.0 1.3926 11.0 56.0 1.8071 0.0 1.474 0.0 0.14142 990.0 1.3926 11.0 
0.54706 2.99167 71.0 3869.0 1.0 65.0 0.0 -0.6929 1.074 0.0 0.22361 989.0 1.798 11.0 71.0 0.0071 0.0 0.0 -0.026 0.28284 984.0 1.7754 9.0 90.0 0.9071 0.0 0.0 -0.926 0.22361 971.0 1.9698 7.0 90.0 2.0071 0.0 0.0 -1.326 0.22361 971.0 1.9698 7.0 87.0 3.1071 0.0 0.0 -1.526 0.2 974.0 1.9822 7.0 
0.15671 78.1117 91.0 386.0 1.0 52.0 0.0 -0.4929 1.474 0.0 0.22361 994.0 1.4536 13.0 55.0 0.4071 0.0 0.574 0.0 0.28284 994.0 1.6261 13.0 57.0 1.4071 0.0 0.0 -0.426 0.28284 993.0 1.6592 13.0 55.0 2.5071 0.0 0.0 -1.426 0.14142 993.0 1.5448 11.0 57.0 3.3071 0.0 0.0 -2.126 0.22361 991.0 1.5084 10.0 
0.81155 12.23339 82.0 3870.0 1.0 85.0 0.0 -1.0929 0.574 0.0 0.22361 976.0 1.9944 8.0 101.0 0.1071 0.0 0.0 -0.026 0.2 962.0 2.0429 6.0 110.0 1.2071 0.0 0.0 -0.326 0.2 952.0 2.026 6.0 112.0 2.3071 0.0 0.0 -0.626 0.1 950.0 2.0337 6.0 109.0 3.2071 0.0 0.0 -0.826 0.22361 952.0 1.9893 6.0 
0.2899 32.98146 54.0 3886.0 1.0 49.0 0.0 -2.2929 1.474 0.0 0.5 1001.0 2.0436 17.0 49.0 0.0 -0.1929 0.0 -0.226 0.36056 1000.0 1.8864 16.0 49.0 1.8071 0.0 0.0 -1.226 0.31623 999.0 1.7517 14.0 52.0 3.7071 0.0 0.0 -1.826 0.31623 998.0 1.8412 17.0 52.0 5.4071 0.0 0.0 -2.526 0.36056 997.0 1.7261 16.0 
0.49008 25.09838 70.0 3890.0 1.0 73.0 0.0 -0.9929 0.0 -0.326 0.2 982.0 1.7558 9.0 94.0 0.0071 0.0 0.0 -0.226 0.2 967.0 1.9619 7.0 93.0 1.1071 0.0 0.0 -0.026 0.2 968.0 1.9631 7.0 94.0 2.2071 0.0 0.074 0.0 0.2 968.0 2.0055 7.0 98.0 3.3071 0.0 0.074 0.0 0.2 964.0 2.0019 7.0 
0.74768 14.4498 82.0 3893.0 1.0 78.0 0.0 -0.1929 0.374 0.0 0.0 977.0 1.7261 8.0 76.0 0.1071 0.0 0.074 0.0 0.14142 978.0 1.6856 8.0 67.0 0.4071 0.0 0.0 -0.126 0.1 983.0 1.5283 9.0 58.0 0.7071 0.0 0.074 0.0 0.0 989.0 1.4316 10.0 53.0 0.9071 0.0 0.374 0.0 0.1 992.0 1.3662 12.0 
0.63468 22.67945 65.0 3894.0 1.0 75.0 0.0 -1.3929 0.974 0.0 0.28284 985.0 2.0519 10.0 92.0 0.1071 0.0 0.174 0.0 0.22361 973.0 2.1612 7.0 101.0 1.6071 0.0 0.0 -0.326 0.31623 965.0 2.1706 7.0 111.0 3.2071 0.0 0.0 -0.826 0.22361 956.0 2.2078 6.0 121.0 4.6071 0.0 0.0 -1.426 0.22361 944.0 2.1672 5.0 
0.08 97.27973 44.0 3899.0 1.0 53.0 0.0 -3.3929 0.074 0.0 0.53852 1001.0 2.3909 18.0 57.0 0.0 -0.2929 0.0 -0.826 0.53852 1001.0 2.5 16.0 58.0 2.7071 0.0 0.0 -2.026 0.44721 1000.0 2.5 19.0 59.0 5.3071 0.0 0.0 -3.026 0.44721 998.0 2.3703 16.0 61.0 7.5071 0.0 0.0 -3.826 0.31623 996.0 2.2356 14.0 
0.27708 28.83574 90.0 38.0 1.0 43.0 0.0 -1.2929 0.0 -0.126 0.22361 999.0 1.3489 18.0 49.0 0.0 -0.1929 0.174 0.0 0.22361 996.0 1.4425 14.0 52.0 0.7071 0.0 0.674 0.0 0.22361 995.0 1.5343 13.0 53.0 1.3071 0.0 1.474 0.0 0.22361 994.0 1.51 13.0 52.0 1.8071 0.0 2.474 0.0 0.22361 995.0 1.5343 13.0 
0.33241 63.97938 56.0 3904.0 1.0 67.0 0.0 -2.0929 2.874 0.0 0.64031 998.0 2.5 13.0 62.0 0.5071 0.0 0.274 0.0 0.5 997.0 2.4538 13.0 62.0 2.7071 0.0 0.0 -1.726 0.5 995.0 2.1812 11.0 67.0 4.5071 0.0 0.0 -3.426 0.42426 991.0 2.0841 9.0 77.0 6.0071 0.0 0.0 -4.926 0.28284 985.0 2.1628 10.0 
0.22546 58.39132 75.0 3924.0 1.0 48.0 0.0 -1.0929 0.0 -0.426 0.2 995.0 1.3074 14.0 59.0 0.0071 0.0 0.0 -0.526 0.2 992.0 1.693 15.0 68.0 1.1071 0.0 0.0 -0.326 0.2 987.0 1.8165 13.0 73.0 2.2071 0.0 0.0 -0.126 0.22361 983.0 1.8143 12.0 84.0 3.2071 0.0 0.0 -0.026 0.2 975.0 1.8965 10.0 
0.44776 8.25172 56.0 3926.0 1.0 57.0 0.0 -1.5929 1.774 0.0 0.36056 996.0 1.952 12.0 60.0 0.0071 0.0 0.074 0.0 0.42426 994.0 1.9352 11.0 68.0 1.8071 0.0 0.0 -1.426 0.36056 989.0 1.9678 9.0 84.0 3.6071 0.0 0.0 -2.626 0.36056 981.0 2.2521 9.0 118.0 5.3071 0.0 0.0 -3.626 0.31623 949.0 2.2221 6.0 
0.66757 19.33007 53.0 3928.0 1.0 64.0 0.0 -1.4929 0.0 -1.026 0.28284 992.0 1.9922 12.0 74.0 0.0071 0.0 0.174 0.0 0.42426 988.0 2.2372 10.0 74.0 1.6071 0.0 1.574 0.0 0.31623 989.0 2.3304 10.0 70.0 3.4071 0.0 2.474 0.0 0.36056 991.0 2.2749 11.0 65.0 5.2071 0.0 3.274 0.0 0.31623 994.0 2.2712 12.0 
0.13836 91.68939 64.0 392.0 1.0 54.0 0.0 -2.6929 0.0 -0.326 0.53852 1001.0 2.4819 18.0 48.0 0.0071 0.0 0.0 -0.826 0.3 1001.0 1.961 17.0 44.0 1.9071 0.0 0.0 -0.826 0.3 1000.0 1.5211 18.0 47.0 3.4071 0.0 0.0 -0.426 0.22361 999.0 1.6116 17.0 51.0 4.6071 0.0 0.374 0.0 0.22361 997.0 1.6604 15.0 
0.18423 62.69156 79.0 3930.0 1.0 59.0 0.0 -1.2929 2.174 0.0 0.42426 997.0 2.2221 15.0 60.0 0.3071 0.0 0.474 0.0 0.28284 995.0 2.0427 14.0 60.0 1.8071 0.0 0.0 -0.726 0.22361 994.0 1.9352 13.0 60.0 3.2071 0.0 0.0 -1.426 0.22361 993.0 1.8385 12.0 61.0 4.4071 0.0 0.0 -2.026 0.2 992.0 1.8098 12.0 
0.3734 23.16855 52.0 3933.0 1.0 55.0 0.0 -0.9929 1.474 0.0 0.28284 996.0 1.8174 14.0 58.0 0.2071 0.0 0.0 -0.026 0.36056 995.0 1.9088 14.0 63.0 1.7071 0.0 0.0 -1.526 0.28284 994.0 2.1336 13.0 69.0 3.4071 0.0 0.0 -2.626 0.31623 991.0 2.2103 11.0 79.0 5.4071 0.0 0.0 -3.126 0.4 987.0 2.4517 10.0 
0.13434 115.88136 51.0 3936.0 1.0 55.0 0.0 -1.8929 0.0 -0.026 0.36056 995.0 1.7165 11.0 65.0 0.0 -0.1929 0.0 -1.026 0.36056 991.0 1.9615 11.0 82.0 1.8071 0.0 0.0 -1.726 0.31623 984.0 2.3682 9.0 92.0 3.9071 0.0 0.0 -2.126 0.41231 979.0 2.5 8.0 87.0 6.0071 0.0 0.0 -2.726 0.31623 981.0 2.4159 8.0 
0.70678 8.25172 95.0 3947.0 1.0 70.0 0.0 -0.7929 0.474 0.0 0.2 984.0 1.7258 9.0 77.0 0.0071 0.0 0.074 0.0 0.2 979.0 1.7811 8.0 77.0 0.9071 0.0 0.0 -0.126 0.1 979.0 1.7811 8.0 77.0 1.6071 0.0 0.0 -0.226 0.2 979.0 1.7811 8.0 79.0 2.4071 0.0 0.0 -0.226 0.1 977.0 1.7707 8.0 
0.18212 64.32701 59.0 394.0 1.0 54.0 0.0 -2.4929 0.874 0.0 0.42426 998.0 1.9855 14.0 57.0 0.0 -0.3929 0.0 -0.426 0.36056 996.0 1.952 12.0 61.0 1.5071 0.0 0.0 -1.326 0.31623 992.0 1.8098 10.0 71.0 3.2071 0.0 0.0 -1.626 0.3 986.0 1.9069 10.0 87.0 4.8071 0.0 0.0 -1.426 0.2 973.0 1.9327 8.0 
0.11445 27.12273 51.0 3950.0 1.0 49.0 0.0 -1.4929 1.874 0.0 0.36056 999.0 1.7517 10.0 52.0 0.0 -0.0929 0.0 -0.226 0.36056 998.0 1.8412 9.0 57.0 1.4071 0.0 0.0 -1.926 0.36056 995.0 1.8436 8.0 67.0 3.2071 0.0 0.0 -3.026 0.31623 992.0 2.1833 9.0 81.0 5.2071 0.0 0.0 -3.726 0.31623 985.0 2.3933 7.0 
0.15553 137.80669 52.0 3951.0 1.0 51.0 0.4071 0.0 0.0 -2.226 0.22361 995.0 1.4759 13.0 62.0 1.0071 0.0 0.0 -0.726 0.44721 993.0 1.9631 12.0 66.0 2.1071 0.0 1.374 0.0 0.44721 994.0 2.3416 13.0 69.0 3.6071 0.0 3.874 0.0 0.5 995.0 2.5 13.0 66.0 5.3071 0.0 6.474 0.0 0.44721 996.0 2.5 14.0 
0.50864 2.99167 57.0 3954.0 1.0 59.0 0.0 -1.5929 1.574 0.0 0.36056 994.0 1.8713 14.0 67.0 0.0071 0.0 0.0 -0.026 0.36056 990.0 1.9935 12.0 80.0 1.6071 0.0 0.0 -1.426 0.31623 984.0 2.2541 12.0 90.0 3.2071 0.0 0.0 -2.226 0.31623 975.0 2.1771 10.0 106.0 4.8071 0.0 0.0 -2.726 0.22361 962.0 2.2502 8.0 
0.0758 115.03084 122.0 3961.0 1.0 57.0 0.0 -2.4929 1.174 0.0 0.5 997.0 2.074 12.0 58.0 0.0 -0.8929 0.0 -0.526 0.36056 994.0 1.8084 10.0 65.0 0.4071 0.0 0.0 -1.526 0.22361 990.0 1.8762 11.0 77.0 1.7071 0.0 0.0 -1.726 0.2 983.0 2.0186 9.0 75.0 3.1071 0.0 0.0 -1.426 0.22361 984.0 1.9811 9.0 
0.15726 27.12273 52.0 3962.0 1.0 58.0 0.0 -2.1929 2.674 0.0 0.64031 1000.0 2.5 16.0 58.0 0.0 -0.0929 0.0 -0.226 0.5831 999.0 2.4542 14.0 57.0 1.8071 0.0 0.0 -2.426 0.42426 997.0 2.074 12.0 60.0 3.6071 0.0 0.0 -3.826 0.31623 995.0 2.0427 14.0 69.0 5.3071 0.0 0.0 -4.626 0.31623 990.0 2.1142 11.0 
0.07051 72.3143 68.0 396.0 1.0 43.0 0.0 -1.9929 1.074 0.0 0.36056 1000.0 1.4527 12.0 46.0 0.0 -0.4929 0.0 -0.426 0.36056 999.0 1.5437 10.0 49.0 1.1071 0.0 0.0 -1.626 0.28284 997.0 1.5327 9.0 51.0 2.4071 0.0 0.0 -2.526 0.22361 995.0 1.4759 11.0 58.0 3.6071 0.0 0.0 -2.926 0.2 990.0 1.4939 9.0 
0.29885 38.08876 63.0 3980.0 1.0 56.0 0.0 -1.5929 0.074 0.0 0.31623 997.0 2.0019 15.0 61.0 0.1071 0.0 0.0 -0.326 0.3 994.0 2.0003 13.0 61.0 1.8071 0.0 0.0 -0.526 0.22361 994.0 2.0003 13.0 61.0 3.4071 0.0 0.0 -0.826 0.31623 994.0 2.0003 13.0 57.0 4.9071 0.0 0.0 -1.326 0.22361 995.0 1.8436 13.0 
0.21439 52.72984 51.0 3987.0 1.0 56.0 0.0 -1.5929 0.0 -1.226 0.28284 994.0 1.6858 10.0 70.0 0.0 -0.2929 0.374 0.0 0.44721 990.0 2.176 11.0 89.0 0.8071 0.0 3.174 0.0 0.63246 984.0 2.5 9.0 97.0 2.1071 0.0 6.874 0.0 0.67082 984.0 2.5 9.0 93.0 4.4071 0.0 9.674 0.0 0.5831 985.0 2.5 9.0 
0.13899 48.39733 76.0 3988.0 1.0 71.0 0.0 -1.5929 0.0 -0.326 0.3 988.0 2.0595 10.0 87.0 0.0 -0.0929 0.0 -0.426 0.22361 975.0 2.0344 8.0 90.0 1.2071 0.0 0.0 -0.526 0.2 971.0 1.9698 7.0 85.0 2.1071 0.0 0.0 -0.326 0.22361 973.0 1.8449 7.0 90.0 2.9071 0.0 0.174 0.0 0.1 969.0 1.8803 7.0 
0.68172 57.8912 54.0 3990.0 1.0 42.0 0.0 -1.2929 0.0 -2.326 0.36056 1002.0 1.6379 25.0 48.0 0.4071 0.0 0.0 -0.326 0.53852 1001.0 1.961 22.0 58.0 1.3071 0.0 3.174 0.0 0.70711 1001.0 2.5 20.0 64.0 2.1071 0.0 7.674 0.0 0.72801 1001.0 2.5 20.0 55.0 4.0071 0.0 10.774 0.0 0.5 1001.0 2.5 21.0 
0.33067 87.40194 304.0 3991.0 1.0 75.0 0.0 -1.6929 2.674 0.0 0.5 992.0 2.5 15.0 74.0 0.4071 0.0 0.674 0.0 0.42426 991.0 2.5 15.0 70.0 2.3071 0.0 0.0 -0.926 0.36056 991.0 2.2749 15.0 66.0 4.0071 0.0 0.0 -2.226 0.28284 992.0 2.1186 15.0 66.0 5.3071 0.0 0.0 -3.226 0.22361 989.0 1.8538 14.0 
0.11231 121.95089 119.0 3992.0 1.0 52.0 0.0 -2.7929 0.274 0.0 0.5 1001.0 2.3015 17.0 49.0 0.0 -0.3929 0.0 -1.026 0.44721 1001.0 2.0436 21.0 49.0 1.6071 0.0 0.0 -1.526 0.3 999.0 1.7517 18.0 49.0 3.1071 0.0 0.0 -1.326 0.2 998.0 1.6349 16.0 47.0 4.1071 0.0 0.0 -0.726 0.14142 997.0 1.4101 15.0 
0.29876 22.93337 157.0 3998.0 1.0 51.0 0.0 -1.4929 1.474 0.0 0.36056 997.0 1.6604 13.0 54.0 0.0 -0.1929 0.074 0.0 0.36056 996.0 1.752 13.0 60.0 1.0071 0.0 0.0 -1.026 0.22361 992.0 1.7509 12.0 68.0 2.1071 0.0 0.0 -1.626 0.22361 987.0 1.8165 10.0 69.0 3.1071 0.0 0.0 -2.126 0.2 986.0 1.801 10.0 
0.20193 59.58399 53.0 3999.0 1.0 68.0 0.0 -3.2929 1.374 0.0 0.5831 997.0 2.5 12.0 78.0 0.1071 0.0 0.0 -0.526 0.5831 995.0 2.5 14.0 76.0 3.0071 0.0 0.0 -2.126 0.44721 992.0 2.5 12.0 75.0 5.0071 0.0 0.0 -3.026 0.31623 987.0 2.2097 10.0 74.0 6.4071 0.0 0.0 -3.526 0.2 985.0 1.9975 9.0 
0.18224 178.33063 52.0 399.0 1.0 84.0 0.0 -1.3929 0.0 -2.526 0.44721 982.0 2.3248 11.0 106.0 0.9071 0.0 0.0 -1.326 0.36056 965.0 2.3909 9.0 130.0 3.0071 0.0 0.0 -0.226 0.36056 939.0 2.3326 7.0 143.0 4.9071 0.0 0.774 0.0 0.31623 924.0 2.3467 6.0 142.0 6.5071 0.0 1.574 0.0 0.22361 923.0 2.2883 6.0 
0.11796 76.71589 52.0 3.0 1.0 54.0 0.0 -2.1929 0.574 0.0 0.36056 997.0 1.8615 12.0 59.0 0.0 -0.2929 0.0 -0.626 0.36056 995.0 1.9752 12.0 68.0 1.4071 0.0 0.0 -1.426 0.31623 991.0 2.1467 11.0 75.0 3.2071 0.0 0.0 -1.826 0.3 987.0 2.2097 10.0 76.0 5.1071 0.0 0.0 -2.026 0.3 988.0 2.3598 10.0 
0.1793 91.60065 63.0 4002.0 1.0 69.0 0.0 -1.6929 0.0 -0.826 0.28284 985.0 1.7367 10.0 103.0 0.0 -0.5929 0.574 0.0 0.31623 964.0 2.2114 8.0 118.0 0.2071 0.0 2.674 0.0 0.5099 954.0 2.4104 8.0 121.0 0.9071 0.0 5.374 0.0 0.44721 954.0 2.5 8.0 111.0 2.1071 0.0 7.974 0.0 0.36056 964.0 2.5 8.0 
0.18118 51.90795 73.0 4003.0 1.0 51.0 0.0 -1.7929 0.674 0.0 0.36056 997.0 1.6604 12.0 59.0 0.0 -0.1929 0.0 -0.426 0.31623 993.0 1.7777 10.0 69.0 1.6071 0.0 0.0 -0.926 0.22361 988.0 1.9451 9.0 86.0 3.1071 0.0 0.0 -0.926 0.3 977.0 2.0984 8.0 97.0 4.4071 0.0 0.0 -0.726 0.22361 966.0 2.0447 7.0 
0.11081 101.5299 72.0 4004.0 1.0 58.0 0.0 -3.2929 0.474 0.0 0.53852 1001.0 2.5 18.0 54.0 0.0 -0.3929 0.0 -0.826 0.5099 1000.0 2.291 16.0 51.0 1.9071 0.0 0.0 -1.726 0.41231 999.0 1.8976 14.0 45.0 3.5071 0.0 0.0 -2.226 0.2 998.0 1.3789 13.0 42.0 4.5071 0.0 0.0 -2.326 0.2 998.0 1.2011 16.0 
0.31422 131.83447 66.0 4007.0 1.0 86.0 0.0 -1.2929 2.374 0.0 0.36056 982.0 2.4368 11.0 87.0 0.5071 0.0 1.074 0.0 0.36056 980.0 2.3427 11.0 86.0 2.2071 0.0 0.074 0.0 0.31623 979.0 2.2218 11.0 89.0 3.7071 0.0 0.0 -0.426 0.22361 971.0 1.9263 8.0 97.0 4.9071 0.0 0.0 -0.826 0.1 962.0 1.8843 7.0 
0.30741 32.65484 53.0 4008.0 1.0 54.0 0.0 -2.1929 2.574 0.0 0.56569 1001.0 2.4819 17.0 54.0 0.1071 0.0 0.274 0.0 0.56569 1000.0 2.291 16.0 53.0 2.2071 0.0 0.0 -1.626 0.42426 999.0 2.0493 14.0 52.0 4.0071 0.0 0.0 -3.026 0.36056 998.0 1.8412 13.0 57.0 5.6071 0.0 0.0 -3.926 0.31623 996.0 1.952 14.0 
0.20972 61.36266 138.0 4017.0 1.0 73.0 0.0071 0.0 1.174 0.0 0.14142 982.0 1.7558 9.0 72.0 0.4071 0.0 0.374 0.0 0.14142 982.0 1.708 9.0 68.0 0.9071 0.0 0.0 -0.126 0.1 983.0 1.5743 9.0 64.0 1.2071 0.0 0.0 -0.526 0.1 985.0 1.4941 9.0 61.0 1.5071 0.0 0.0 -0.626 0.14142 987.0 1.4617 10.0 
0.32325 101.3015 111.0 4020.0 1.0 31.0 0.4071 0.0 0.0 -1.026 0.14142 1000.0 1.0 16.0 35.0 0.8071 0.0 0.0 -0.426 0.14142 1000.0 1.0 19.0 45.0 1.2071 0.0 0.674 0.0 0.2 998.0 1.3789 16.0 54.0 1.4071 0.0 2.274 0.0 0.4 996.0 1.752 14.0 61.0 1.3071 0.0 4.574 0.0 0.4 995.0 2.1114 13.0 
0.27879 14.4498 158.0 4023.0 1.0 50.0 0.0 -0.6929 0.974 0.0 0.28284 996.0 1.502 15.0 50.0 0.1071 0.0 0.074 0.0 0.14142 995.0 1.4186 14.0 53.0 0.8071 0.0 0.0 -0.526 0.14142 992.0 1.3662 12.0 55.0 1.3071 0.0 0.0 -1.026 0.1 991.0 1.4044 12.0 54.0 1.8071 0.0 0.0 -1.226 0.1 990.0 1.2949 11.0 
0.49205 12.23339 57.0 4027.0 1.0 63.0 0.0 -2.0929 0.274 0.0 0.4 996.0 2.3846 14.0 62.0 0.1071 0.0 0.0 -0.026 0.3 995.0 2.1812 13.0 59.0 1.9071 0.0 0.0 -0.426 0.31623 996.0 2.0914 14.0 58.0 3.6071 0.0 0.0 -1.026 0.31623 996.0 2.0211 14.0 55.0 5.3071 0.0 0.0 -1.726 0.22361 997.0 1.931 15.0 
0.40916 47.30299 160.0 402.0 1.0 42.0 0.0 -0.5929 0.0 -1.126 0.28284 999.0 1.2869 18.0 47.0 0.4071 0.0 0.0 -0.126 0.28284 998.0 1.5041 16.0 49.0 1.2071 0.0 0.974 0.0 0.22361 997.0 1.5327 15.0 50.0 1.9071 0.0 2.174 0.0 0.22361 997.0 1.5959 15.0 49.0 2.3071 0.0 3.574 0.0 0.31623 997.0 1.5327 15.0 
0.14374 51.68435 115.0 4042.0 1.0 22.0 0.5071 0.0 0.0 -0.026 0.0 1001.0 1.0 13.0 25.0 0.4071 0.0 0.0 -0.226 0.1 1000.0 1.0 12.0 27.0 0.3071 0.0 0.0 -0.526 0.0 1000.0 1.0 16.0 29.0 0.3071 0.0 0.0 -0.626 0.0 999.0 1.0 14.0 34.0 0.4071 0.0 0.0 -0.726 0.0 997.0 1.0 12.0 
0.20623 61.36266 70.0 4048.0 1.0 48.0 0.0 -1.1929 2.574 0.0 0.5 1000.0 1.8102 12.0 48.0 0.4071 0.0 0.374 0.0 0.44721 999.0 1.6809 16.0 48.0 1.8071 0.0 0.0 -1.526 0.36056 998.0 1.5688 14.0 47.0 2.9071 0.0 0.0 -3.026 0.28284 996.0 1.3272 12.0 50.0 3.9071 0.0 0.0 -3.926 0.28284 995.0 1.4186 14.0 
0.29509 61.36266 54.0 4050.0 1.0 51.0 0.0 -2.0929 1.574 0.0 0.44721 1001.0 2.2138 17.0 52.0 0.4071 0.0 0.374 0.0 0.41231 1000.0 2.1245 20.0 55.0 2.7071 0.0 0.0 -0.126 0.4 999.0 2.2069 17.0 55.0 4.8071 0.0 0.0 -0.226 0.22361 997.0 1.931 15.0 52.0 6.2071 0.0 0.0 -0.126 0.22361 996.0 1.6246 14.0 
0.09173 25.57494 122.0 4056.0 1.0 38.0 0.0 -0.8929 1.274 0.0 0.31623 1000.0 1.1345 11.0 39.0 0.0 -0.1929 0.0 -0.126 0.2 998.0 1.0357 10.0 40.0 0.3071 0.0 0.0 -1.126 0.1 997.0 1.0214 13.0 44.0 0.7071 0.0 0.0 -1.626 0.1 994.0 1.0407 11.0 52.0 1.0071 0.0 0.0 -1.826 0.14142 991.0 1.2554 12.0 
0.27515 10.70814 91.0 4058.0 1.0 50.0 0.0 -1.7929 1.874 0.0 0.42426 999.0 1.8239 15.0 51.0 0.0 -0.0929 0.0 -0.026 0.28284 997.0 1.6604 13.0 53.0 1.2071 0.0 0.0 -1.426 0.28284 996.0 1.6877 15.0 54.0 2.4071 0.0 0.0 -2.326 0.2 993.0 1.4892 13.0 61.0 3.5071 0.0 0.0 -2.526 0.1 989.0 1.5836 11.0 
0.2203 43.18263 71.0 4064.0 1.0 49.0 0.0 -1.1929 2.174 0.0 0.36056 998.0 1.6349 15.0 50.0 0.1071 0.0 0.374 0.0 0.36056 997.0 1.5959 15.0 53.0 1.5071 0.0 0.0 -0.726 0.31623 995.0 1.5939 15.0 60.0 2.8071 0.0 0.0 -1.126 0.2 992.0 1.7509 16.0 69.0 4.0071 0.0 0.0 -1.126 0.2 986.0 1.801 13.0 
0.54822 26.90838 44.0 4070.0 1.0 54.0 0.0 -1.6929 0.0 -1.526 0.36056 1000.0 2.291 19.0 52.0 0.2071 0.0 0.0 -0.126 0.36056 999.0 1.9727 17.0 47.0 1.8071 0.0 0.874 0.0 0.22361 1000.0 1.7355 18.0 43.0 3.2071 0.0 1.374 0.0 0.2 1000.0 1.4527 18.0 40.0 4.5071 0.0 1.274 0.0 0.2 1001.0 1.3618 20.0 
0.71277 77.04923 48.0 4071.0 1.0 88.0 0.0 -2.5929 2.174 0.0 0.5831 986.0 2.5 10.0 102.0 0.5071 0.0 0.474 0.0 0.5 979.0 2.5 8.0 104.0 3.1071 0.0 0.0 -1.126 0.5 974.0 2.5 7.0 103.0 5.2071 0.0 0.0 -2.826 0.36056 972.0 2.5 7.0 95.0 6.9071 0.0 0.0 -4.326 0.28284 975.0 2.4258 8.0 
0.16684 42.04636 74.0 4082.0 1.0 53.0 0.0 -2.2929 1.874 0.0 0.56569 1000.0 2.207 17.0 51.0 0.0 -0.1929 0.0 -0.326 0.42426 999.0 1.8976 15.0 49.0 1.5071 0.0 0.0 -1.926 0.36056 998.0 1.6349 14.0 49.0 3.0071 0.0 0.0 -3.026 0.22361 996.0 1.4425 12.0 53.0 4.2071 0.0 0.0 -3.726 0.22361 994.0 1.51 14.0 
0.36589 8.25172 86.0 4084.0 1.0 57.0 0.0 -1.3929 1.374 0.0 0.36056 995.0 1.8436 15.0 63.0 0.0071 0.0 0.074 0.0 0.36056 992.0 1.9304 16.0 72.0 1.4071 0.0 0.0 -0.926 0.22361 986.0 1.961 13.0 77.0 2.5071 0.0 0.0 -1.426 0.2 981.0 1.8924 11.0 85.0 3.5071 0.0 0.0 -1.526 0.2 973.0 1.8449 10.0 
0.14928 54.46995 134.0 4085.0 1.0 44.0 0.0 -0.0929 0.974 0.0 0.14142 998.0 1.3183 16.0 42.0 0.4071 0.0 0.274 0.0 0.14142 998.0 1.2011 16.0 40.0 0.7071 0.0 0.0 -0.226 0.0 998.0 1.0895 15.0 39.0 0.9071 0.0 0.0 -0.526 0.0 997.0 1.0 15.0 38.0 1.0071 0.0 0.0 -0.626 0.1 997.0 1.0 15.0 
0.16334 103.4712 71.0 4088.0 1.0 59.0 0.0 -1.1929 0.0 -1.126 0.2 991.0 1.6161 11.0 70.0 0.1071 0.0 0.0 -0.926 0.2 983.0 1.6682 10.0 89.0 1.2071 0.0 0.0 -0.726 0.2 970.0 1.8815 9.0 110.0 2.2071 0.0 0.0 -0.526 0.2 952.0 2.026 7.0 125.0 3.2071 0.0 0.0 -0.226 0.2 935.0 2.046 6.0 
0.4834 43.18263 46.0 4090.0 1.0 61.0 0.0 -2.7929 2.774 0.0 0.70711 999.0 2.5 11.0 60.0 0.1071 0.0 0.374 0.0 0.5 998.0 2.4513 10.0 60.0 2.7071 0.0 0.0 -1.626 0.5 997.0 2.2981 9.0 64.0 4.7071 0.0 0.0 -3.826 0.5831 995.0 2.3242 11.0 74.0 6.6071 0.0 0.0 -6.526 0.5 991.0 2.5 9.0 
0.18633 42.04636 166.0 4092.0 1.0 55.0 0.0 -1.9929 0.574 0.0 0.36056 997.0 1.931 12.0 57.0 0.0 -0.1929 0.0 -0.326 0.28284 995.0 1.8436 14.0 65.0 1.2071 0.0 0.0 -1.126 0.31623 990.0 1.8762 11.0 70.0 2.4071 0.0 0.0 -1.626 0.2 985.0 1.7874 10.0 77.0 3.3071 0.0 0.0 -2.026 0.2 979.0 1.7811 8.0 
0.60533 85.49496 86.0 4095.0 1.0 107.0 0.0 -0.8929 1.874 0.0 0.28284 961.0 2.2488 10.0 132.0 0.6071 0.0 0.474 0.0 0.36056 939.0 2.4049 8.0 137.0 2.1071 0.0 0.0 -0.726 0.28284 930.0 2.3097 8.0 140.0 3.3071 0.0 0.0 -1.526 0.22361 921.0 2.176 7.0 144.0 4.3071 0.0 0.0 -2.026 0.14142 913.0 2.1179 7.0 
0.13373 175.75217 111.0 4098.0 1.0 83.0 0.6071 0.0 0.0 -1.726 0.28284 976.0 1.9017 10.0 100.0 1.4071 0.0 0.0 -0.726 0.28284 962.0 2.0027 8.0 113.0 2.0071 0.0 0.374 0.0 0.22361 949.0 2.0378 7.0 121.0 2.5071 0.0 1.674 0.0 0.22361 942.0 2.1062 7.0 114.0 3.0071 0.0 2.874 0.0 0.2 950.0 2.1069 7.0 
0.27063 36.19458 74.0 4107.0 1.0 51.0 0.0 -0.8929 0.0 -0.226 0.1 994.0 1.3982 10.0 62.0 0.0071 0.0 0.0 -0.326 0.22361 989.0 1.6359 11.0 73.0 1.0071 0.0 0.0 -0.626 0.22361 984.0 1.8769 9.0 71.0 2.0071 0.0 0.0 -1.026 0.1 985.0 1.8388 9.0 67.0 2.9071 0.0 0.0 -1.226 0.22361 987.0 1.7634 10.0 
0.0872 147.26761 64.0 4108.0 1.0 42.0 0.0 -0.6929 0.0 -1.626 0.22361 1000.0 1.3859 14.0 46.0 0.5071 0.0 0.0 -1.226 0.22361 998.0 1.4408 12.0 46.0 1.5071 0.0 0.0 -0.726 0.22361 998.0 1.4408 12.0 46.0 2.5071 0.0 0.0 -0.326 0.2 998.0 1.4408 12.0 46.0 3.6071 0.0 0.0 -0.226 0.2 998.0 1.4408 12.0 
0.37675 48.64617 64.0 4110.0 1.0 54.0 0.0 -3.0929 0.0 -0.026 0.5099 1001.0 2.4819 17.0 52.0 0.0 -0.2929 0.0 -0.326 0.41231 1000.0 2.1245 16.0 50.0 1.9071 0.0 0.0 -0.526 0.31623 999.0 1.8239 18.0 52.0 3.6071 0.0 0.0 -0.826 0.2 998.0 1.8412 15.0 51.0 5.0071 0.0 0.0 -1.026 0.2 997.0 1.6604 15.0 
0.32108 2.99167 70.0 4112.0 1.0 41.0 0.0 -0.8929 0.174 0.0 0.2 998.0 1.1446 16.0 46.0 0.0071 0.0 0.0 -0.026 0.1 997.0 1.3508 15.0 50.0 0.9071 0.0 0.0 -0.226 0.1 996.0 1.502 14.0 52.0 2.0071 0.0 0.0 -0.226 0.2 995.0 1.5343 14.0 54.0 3.2071 0.0 0.0 -0.326 0.2 995.0 1.6546 14.0 
0.42156 48.75749 57.0 4121.0 1.0 52.0 0.0 -1.2929 0.0 -1.226 0.22361 996.0 1.6246 13.0 61.0 0.1071 0.0 0.0 -0.426 0.22361 992.0 1.8098 12.0 66.0 1.6071 0.0 0.274 0.0 0.3 990.0 1.9344 11.0 73.0 3.3071 0.0 0.574 0.0 0.3 987.0 2.0934 10.0 79.0 4.9071 0.0 0.874 0.0 0.31623 983.0 2.1248 9.0 
0.47454 30.42421 65.0 4128.0 1.0 67.0 0.0 -2.8929 0.974 0.0 0.53852 996.0 2.5 12.0 68.0 0.0071 0.0 0.274 0.0 0.4 995.0 2.5 14.0 72.0 2.3071 0.0 0.0 -0.226 0.31623 990.0 2.3021 11.0 75.0 4.1071 0.0 0.0 -0.826 0.31623 986.0 2.1279 10.0 78.0 5.4071 0.0 0.0 -1.326 0.14142 980.0 1.883 8.0 
0.1683 101.0933 101.0 4130.0 1.0 53.0 0.2071 0.0 1.674 0.0 0.22361 995.0 1.5939 17.0 52.0 0.7071 0.0 0.574 0.0 0.14142 994.0 1.4536 17.0 52.0 1.3071 0.0 0.0 -0.226 0.14142 994.0 1.4536 17.0 53.0 2.0071 0.0 0.0 -0.726 0.2 994.0 1.51 16.0 53.0 2.8071 0.0 0.0 -0.926 0.2 993.0 1.4345 16.0 
0.51162 32.65484 47.0 4132.0 1.0 64.0 0.0 -2.7929 2.574 0.0 0.64031 999.0 2.5 16.0 66.0 0.1071 0.0 0.274 0.0 0.64031 998.0 2.5 17.0 66.0 2.8071 0.0 0.0 -1.826 0.5 997.0 2.5 15.0 69.0 5.0071 0.0 0.0 -3.526 0.42426 994.0 2.5 13.0 65.0 6.9071 0.0 0.0 -4.826 0.28284 993.0 2.1576 12.0 
0.29161 37.62661 133.0 4137.0 1.0 63.0 0.0 -2.8929 1.774 0.0 0.64031 999.0 2.5 11.0 58.0 0.0 -0.0929 0.0 -0.326 0.44721 998.0 2.2906 12.0 54.0 2.0071 0.0 0.0 -1.526 0.36056 997.0 1.8615 12.0 57.0 3.7071 0.0 0.0 -2.526 0.31623 994.0 1.7465 10.0 65.0 5.1071 0.0 0.0 -3.326 0.22361 990.0 1.8762 11.0 
0.103 41.06496 73.0 413.0 1.0 34.0 0.0 -1.1929 0.474 0.0 0.22361 999.0 1.0 12.0 37.0 0.0 -0.2929 0.0 -0.226 0.22361 998.0 1.0 11.0 42.0 0.7071 0.0 0.0 -1.026 0.22361 997.0 1.1261 13.0 47.0 1.7071 0.0 0.0 -1.826 0.14142 995.0 1.2535 12.0 54.0 2.6071 0.0 0.0 -2.526 0.22361 990.0 1.2949 10.0 
0.12462 91.63024 73.0 4141.0 1.0 50.0 0.0 -2.6929 0.574 0.0 0.44721 1001.0 2.1279 13.0 47.0 0.0 -0.3929 0.0 -0.726 0.44721 1000.0 1.7355 12.0 46.0 1.5071 0.0 0.0 -1.826 0.36056 1000.0 1.6625 15.0 46.0 3.1071 0.0 0.0 -2.726 0.28284 998.0 1.4408 13.0 48.0 4.3071 0.0 0.0 -3.526 0.22361 996.0 1.3843 12.0 
0.21603 62.18838 57.0 4145.0 1.0 61.0 0.0 -2.8929 0.0 -0.426 0.5 998.0 2.5 13.0 63.0 0.0 -0.1929 0.0 -0.526 0.31623 996.0 2.3846 14.0 63.0 1.7071 0.0 0.0 -0.826 0.3 993.0 2.0269 12.0 65.0 3.4071 0.0 0.0 -1.126 0.22361 991.0 1.9615 11.0 68.0 5.0071 0.0 0.0 -1.426 0.22361 990.0 2.0534 11.0 
0.08851 158.18985 65.0 4147.0 1.0 59.0 0.9071 0.0 0.0 -1.826 0.31623 992.0 1.693 12.0 76.0 1.4071 0.0 0.0 -0.226 0.31623 984.0 2.0343 9.0 89.0 2.1071 0.0 1.574 0.0 0.36056 975.0 2.129 8.0 90.0 3.1071 0.0 2.974 0.0 0.22361 974.0 2.1213 7.0 84.0 4.2071 0.0 3.574 0.0 0.2 977.0 2.0019 8.0 
0.07555 35.39254 74.0 414.0 1.0 42.0 0.0 -1.6929 1.574 0.0 0.36056 1000.0 1.3859 12.0 44.0 0.0 -0.2929 0.0 -0.126 0.36056 999.0 1.4124 11.0 44.0 1.0071 0.0 0.0 -1.526 0.31623 998.0 1.3183 10.0 47.0 2.4071 0.0 0.0 -2.326 0.22361 997.0 1.4101 11.0 52.0 3.7071 0.0 0.0 -2.826 0.2 994.0 1.4536 10.0 
0.38921 21.89443 97.0 4151.0 1.0 53.0 0.0 -2.1929 1.374 0.0 0.44721 998.0 1.9127 15.0 53.0 0.0 -0.0929 0.174 0.0 0.36056 998.0 1.9127 18.0 51.0 1.6071 0.0 0.0 -0.826 0.31623 996.0 1.5627 14.0 50.0 2.9071 0.0 0.0 -1.626 0.22361 994.0 1.3439 11.0 53.0 3.8071 0.0 0.0 -2.226 0.22361 990.0 1.2474 10.0 
0.22153 109.18961 43.0 4153.0 1.0 75.0 0.0 -2.6929 2.374 0.0 0.67082 995.0 2.5 14.0 82.0 0.6071 0.0 0.774 0.0 0.53852 991.0 2.5 12.0 86.0 3.5071 0.0 0.0 -0.626 0.5831 987.0 2.5 10.0 88.0 5.9071 0.0 0.0 -2.426 0.5 984.0 2.5 9.0 78.0 7.9071 0.0 0.0 -3.926 0.36056 987.0 2.39 10.0 
0.23357 70.24699 57.0 4154.0 1.0 62.0 0.0 -2.5929 0.0 -0.026 0.5099 996.0 2.3095 12.0 65.0 0.0 -0.0929 0.0 -0.626 0.31623 994.0 2.2712 13.0 67.0 1.9071 0.0 0.0 -1.326 0.36056 991.0 2.0841 12.0 68.0 3.6071 0.0 0.0 -2.226 0.22361 990.0 2.0534 11.0 76.0 5.1071 0.0 0.0 -3.126 0.28284 984.0 2.0343 10.0 
0.35616 18.35579 59.0 4165.0 1.0 49.0 0.0 -1.7929 1.374 0.0 0.42426 1000.0 1.8864 16.0 51.0 0.1071 0.0 0.0 -0.126 0.5 999.0 1.8976 14.0 53.0 2.0071 0.0 0.0 -1.426 0.36056 997.0 1.7931 12.0 57.0 3.6071 0.0 0.0 -2.426 0.36056 995.0 1.8436 12.0 66.0 5.1071 0.0 0.0 -3.326 0.36056 991.0 2.0223 11.0 
0.1274 25.57494 70.0 4172.0 1.0 41.0 0.0 -1.3929 1.374 0.0 0.36056 999.0 1.2264 12.0 41.0 0.0 -0.1929 0.0 -0.126 0.28284 999.0 1.2264 16.0 43.0 0.9071 0.0 0.0 -1.226 0.28284 997.0 1.1803 14.0 47.0 2.1071 0.0 0.0 -2.226 0.22361 995.0 1.2535 12.0 52.0 3.3071 0.0 0.0 -2.926 0.22361 995.0 1.5343 15.0 
0.08671 116.44034 71.0 4180.0 1.0 48.0 0.0 -1.9929 0.774 0.0 0.36056 999.0 1.6809 15.0 49.0 0.0 -0.4929 0.0 -0.926 0.36056 998.0 1.6349 14.0 52.0 1.1071 0.0 0.0 -2.026 0.22361 996.0 1.6246 16.0 54.0 2.6071 0.0 0.0 -2.526 0.2 994.0 1.5675 14.0 56.0 3.9071 0.0 0.0 -2.526 0.22361 993.0 1.6015 16.0 
0.50559 26.90838 63.0 4184.0 1.0 62.0 0.0 -2.0929 1.974 0.0 0.56569 998.0 2.5 17.0 63.0 0.2071 0.0 0.0 -0.126 0.42426 996.0 2.3846 15.0 62.0 2.2071 0.0 0.0 -1.526 0.36056 995.0 2.1812 14.0 65.0 3.9071 0.0 0.0 -2.526 0.28284 991.0 1.9615 12.0 70.0 5.2071 0.0 0.0 -3.126 0.22361 986.0 1.8536 10.0 
0.2632 59.5095 56.0 4204.0 1.0 50.0 0.0 -1.3929 2.574 0.0 0.5831 1000.0 1.9642 17.0 50.0 0.5071 0.0 0.174 0.0 0.42426 999.0 1.8239 16.0 50.0 2.4071 0.0 0.0 -1.526 0.36056 998.0 1.7023 14.0 48.0 4.1071 0.0 0.0 -2.626 0.36056 997.0 1.4708 14.0 50.0 5.5071 0.0 0.0 -3.526 0.22361 996.0 1.502 16.0 
0.34679 24.41152 83.0 4216.0 1.0 61.0 0.0 -0.8929 1.074 0.0 0.22361 993.0 1.9003 12.0 67.0 0.2071 0.0 0.074 0.0 0.22361 989.0 1.9104 10.0 72.0 1.4071 0.0 0.0 -0.726 0.14142 985.0 1.891 10.0 75.0 2.4071 0.0 0.0 -1.426 0.22361 983.0 1.9151 9.0 74.0 3.4071 0.0 0.0 -2.026 0.2 983.0 1.8643 9.0 
0.08806 94.15302 68.0 4224.0 1.0 52.0 0.0 -1.9929 0.074 0.0 0.36056 999.0 1.9727 13.0 53.0 0.0 -0.1929 0.0 -0.826 0.22361 996.0 1.6877 12.0 59.0 1.3071 0.0 0.0 -1.426 0.31623 994.0 1.8713 13.0 61.0 2.7071 0.0 0.0 -2.026 0.22361 992.0 1.8098 12.0 65.0 3.9071 0.0 0.0 -2.626 0.1 990.0 1.8762 11.0 
0.18904 14.00819 62.0 4239.0 1.0 49.0 0.0 -1.6929 2.674 0.0 0.5831 1001.0 2.0436 13.0 48.0 0.0071 0.0 0.0 -0.126 0.44721 1000.0 1.8102 12.0 46.0 1.5071 0.0 0.0 -2.126 0.36056 999.0 1.5437 11.0 46.0 3.0071 0.0 0.0 -3.526 0.36056 999.0 1.5437 14.0 51.0 4.3071 0.0 0.0 -4.826 0.28284 996.0 1.5627 12.0 
0.06506 95.70533 87.0 4241.0 1.0 50.0 0.0 -2.6929 1.274 0.0 0.5 1001.0 2.1279 13.0 48.0 0.0 -0.5929 0.0 -0.626 0.36056 1000.0 1.8102 12.0 47.0 1.3071 0.0 0.0 -1.726 0.36056 999.0 1.6116 10.0 44.0 2.9071 0.0 0.0 -2.426 0.3 998.0 1.3183 10.0 44.0 4.2071 0.0 0.0 -2.726 0.14142 997.0 1.2359 9.0 
0.08059 32.98146 71.0 4243.0 1.0 34.0 0.0 -0.9929 0.974 0.0 0.31623 1000.0 1.0 12.0 37.0 0.0 -0.1929 0.0 -0.226 0.22361 999.0 1.0 11.0 42.0 0.8071 0.0 0.0 -1.326 0.31623 998.0 1.2011 10.0 46.0 2.1071 0.0 0.0 -2.126 0.28284 997.0 1.3508 13.0 48.0 3.3071 0.0 0.0 -2.726 0.22361 995.0 1.3074 12.0 
0.28189 25.57494 87.0 4244.0 1.0 47.0 0.0 -1.1929 0.074 0.0 0.22361 997.0 1.4101 16.0 54.0 0.0 -0.1929 0.0 -0.126 0.14142 994.0 1.5675 13.0 57.0 0.6071 0.0 0.0 -0.426 0.2 992.0 1.5802 12.0 54.0 1.3071 0.0 0.0 -0.626 0.22361 993.0 1.4892 12.0 51.0 2.0071 0.0 0.0 -0.926 0.14142 994.0 1.3982 13.0 
0.17713 25.09838 78.0 4247.0 1.0 38.0 0.0 -1.1929 0.574 0.0 0.22361 1001.0 1.2291 17.0 39.0 0.0071 0.0 0.0 -0.226 0.2 1000.0 1.195 15.0 41.0 1.2071 0.0 0.0 -0.426 0.1 999.0 1.2264 14.0 45.0 2.2071 0.0 0.0 -0.226 0.14142 997.0 1.2927 16.0 51.0 3.0071 0.0 0.174 0.0 0.14142 994.0 1.3982 13.0 
0.14037 145.1168 87.0 4251.0 1.0 42.0 1.4071 0.0 0.0 -0.726 0.1 997.0 1.1261 15.0 42.0 1.3071 0.0 0.0 -0.026 0.2 996.0 1.0598 15.0 42.0 1.4071 0.0 0.674 0.0 0.1 996.0 1.0598 15.0 42.0 1.7071 0.0 1.274 0.0 0.14142 997.0 1.1261 15.0 43.0 2.1071 0.0 1.874 0.0 0.14142 997.0 1.1803 15.0 
0.06788 45.79963 60.0 425.0 1.0 44.0 0.0 -1.6929 1.674 0.0 0.42426 1001.0 1.6478 13.0 42.0 0.0 -0.3929 0.0 -0.126 0.36056 1000.0 1.3859 11.0 45.0 0.9071 0.0 0.0 -1.526 0.36056 998.0 1.3789 10.0 50.0 2.4071 0.0 0.0 -2.826 0.28284 997.0 1.5959 11.0 57.0 4.0071 0.0 0.0 -3.926 0.36056 995.0 1.8436 11.0 
0.43308 34.02587 84.0 4264.0 1.0 65.0 0.0 -0.3929 0.0 -0.726 0.14142 987.0 1.6597 10.0 74.0 0.2071 0.0 0.0 -0.226 0.22361 982.0 1.8042 9.0 64.0 1.0071 0.0 0.174 0.0 0.1 988.0 1.6734 10.0 61.0 1.8071 0.0 0.374 0.0 0.2 990.0 1.6524 11.0 60.0 2.7071 0.0 0.374 0.0 0.2 991.0 1.6713 11.0 
0.17014 56.88427 72.0 4265.0 1.0 49.0 0.0 -0.7929 2.374 0.0 0.44721 999.0 1.7517 11.0 49.0 0.5071 0.0 0.074 0.0 0.36056 997.0 1.5327 10.0 51.0 1.7071 0.0 0.0 -1.826 0.28284 997.0 1.6604 13.0 55.0 2.9071 0.0 0.0 -3.326 0.28284 994.0 1.6261 11.0 62.0 4.0071 0.0 0.0 -4.526 0.28284 988.0 1.5705 9.0 
0.16401 48.64617 89.0 426.0 1.0 35.0 0.0 -1.1929 0.474 0.0 0.14142 1000.0 1.0 17.0 38.0 0.0 -0.2929 0.0 -0.326 0.14142 1000.0 1.1345 20.0 42.0 0.7071 0.0 0.0 -0.926 0.14142 998.0 1.2011 18.0 45.0 1.6071 0.0 0.0 -1.226 0.1 996.0 1.2166 17.0 52.0 2.2071 0.0 0.0 -1.226 0.1 993.0 1.3809 16.0 
0.46575 41.52148 116.0 4274.0 1.0 57.0 0.0 -2.3929 1.974 0.0 0.5 997.0 2.074 10.0 59.0 0.0071 0.0 0.374 0.0 0.5 996.0 2.0914 12.0 60.0 2.0071 0.0 0.0 -0.926 0.36056 993.0 1.8385 11.0 65.0 3.6071 0.0 0.0 -2.026 0.22361 989.0 1.798 11.0 77.0 4.8071 0.0 0.0 -2.726 0.22361 978.0 1.7302 9.0 
0.09159 92.4535 66.0 4276.0 1.0 61.0 0.0 -1.7929 0.0 -0.826 0.31623 994.0 2.0003 10.0 72.0 0.1071 0.0 0.0 -0.826 0.3 988.0 2.1179 8.0 73.0 1.9071 0.0 0.0 -0.326 0.31623 987.0 2.0934 7.0 77.0 3.4071 0.0 0.374 0.0 0.22361 984.0 2.0882 7.0 74.0 4.8071 0.0 0.974 0.0 0.22361 985.0 1.9975 7.0 
0.18942 67.60861 85.0 4286.0 1.0 45.0 0.0 -0.2929 0.0 -0.626 0.1 994.0 1.0886 10.0 57.0 0.3071 0.0 0.0 -0.526 0.1 990.0 1.4428 11.0 75.0 1.0071 0.0 0.0 -0.326 0.14142 979.0 1.6898 8.0 86.0 1.6071 0.0 0.0 -0.026 0.14142 971.0 1.7986 7.0 90.0 2.3071 0.0 0.474 0.0 0.1 968.0 1.8385 7.0 
0.06444 198.27926 95.0 4296.0 1.0 50.0 1.6071 0.0 0.0 -1.826 0.2 995.0 1.4186 13.0 58.0 1.7071 0.0 0.0 -0.526 0.22361 992.0 1.6361 12.0 60.0 1.9071 0.0 0.974 0.0 0.22361 992.0 1.7509 12.0 58.0 2.1071 0.0 2.374 0.0 0.3 993.0 1.7179 12.0 55.0 2.3071 0.0 3.874 0.0 0.2 994.0 1.6261 13.0 
0.08095 88.44035 67.0 4300.0 1.0 41.0 0.0 -2.1929 0.874 0.0 0.42426 1002.0 1.5608 19.0 43.0 0.0 -0.4929 0.0 -0.626 0.28284 1001.0 1.5738 17.0 44.0 1.1071 0.0 0.0 -1.726 0.31623 1000.0 1.5211 15.0 42.0 2.6071 0.0 0.0 -2.126 0.22361 999.0 1.2869 14.0 45.0 3.8071 0.0 0.0 -2.126 0.2 998.0 1.3789 16.0 
0.05499 57.38457 84.0 4304.0 1.0 37.0 0.0 -1.0929 0.874 0.0 0.31623 1000.0 1.0756 12.0 38.0 0.0 -0.2929 0.0 -0.426 0.14142 999.0 1.0535 11.0 41.0 0.6071 0.0 0.0 -1.226 0.14142 997.0 1.0731 10.0 45.0 1.5071 0.0 0.0 -1.826 0.22361 996.0 1.2166 10.0 49.0 2.4071 0.0 0.0 -2.226 0.1 993.0 1.2262 10.0 
0.19469 48.39733 66.0 4308.0 1.0 32.0 0.0 -0.6929 0.0 -0.626 0.1 1000.0 1.0 20.0 38.0 0.0 -0.0929 0.0 -0.426 0.2 999.0 1.0535 18.0 41.0 0.8071 0.0 0.0 -0.426 0.22361 999.0 1.2264 17.0 42.0 1.9071 0.0 0.0 -0.826 0.22361 999.0 1.2869 18.0 43.0 3.2071 0.0 0.0 -1.526 0.22361 1000.0 1.4527 19.0 
0.37389 8.25172 87.0 4310.0 1.0 62.0 0.0 -0.6929 1.274 0.0 0.36056 990.0 1.707 11.0 62.0 0.0071 0.0 0.074 0.0 0.14142 989.0 1.6359 11.0 78.0 0.7071 0.0 0.0 -0.626 0.14142 978.0 1.7754 8.0 85.0 1.4071 0.0 0.0 -1.126 0.1 972.0 1.7999 7.0 90.0 2.1071 0.0 0.0 -1.226 0.1 968.0 1.8385 7.0 
0.58871 2.99167 69.0 4321.0 1.0 50.0 0.0 -0.7929 0.0 -0.426 0.14142 993.0 1.2767 10.0 61.0 0.0071 0.0 0.0 -0.026 0.1 989.0 1.5836 11.0 71.0 0.8071 0.0 0.374 0.0 0.14142 983.0 1.7162 9.0 84.0 1.6071 0.0 0.974 0.0 0.22361 974.0 1.8479 8.0 101.0 2.7071 0.0 1.574 0.0 0.22361 962.0 2.0429 6.0 
0.34855 24.41152 59.0 4322.0 1.0 70.0 0.0 -1.2929 2.074 0.0 0.44721 992.0 2.3832 12.0 66.0 0.2071 0.0 0.074 0.0 0.42426 990.0 1.9344 9.0 67.0 1.8071 0.0 0.0 -1.526 0.28284 989.0 1.9104 9.0 76.0 3.3071 0.0 0.0 -2.826 0.31623 982.0 1.903 7.0 100.0 4.8071 0.0 0.0 -3.726 0.22361 965.0 2.1279 7.0 
0.31159 58.29206 52.0 4334.0 1.0 49.0 0.0 -1.3929 0.0 -0.526 0.3 999.0 1.7517 18.0 49.0 0.3071 0.0 0.0 -0.426 0.3 998.0 1.6349 17.0 49.0 1.8071 0.0 0.074 0.0 0.31623 999.0 1.7517 17.0 51.0 3.5071 0.0 0.674 0.0 0.31623 999.0 1.8976 17.0 50.0 5.5071 0.0 1.074 0.0 0.3 999.0 1.8239 18.0 
0.47867 32.11459 64.0 4335.0 1.0 62.0 0.0 -1.6929 0.174 0.0 0.31623 994.0 2.0664 17.0 66.0 0.0 -0.0929 0.274 0.0 0.2 989.0 1.8538 14.0 71.0 1.2071 0.0 0.274 0.0 0.22361 986.0 1.9069 13.0 77.0 2.5071 0.0 0.0 -0.126 0.31623 983.0 2.0186 12.0 84.0 3.9071 0.0 0.0 -0.826 0.22361 978.0 2.0591 11.0 
0.11057 62.18838 86.0 4342.0 1.0 46.0 0.0 -1.3929 0.0 -0.026 0.22361 996.0 1.2713 11.0 50.0 0.0 -0.1929 0.0 -0.526 0.14142 994.0 1.3439 11.0 58.0 0.7071 0.0 0.0 -1.026 0.14142 988.0 1.3744 9.0 75.0 1.5071 0.0 0.0 -1.526 0.14142 979.0 1.6898 9.0 87.0 2.3071 0.0 0.0 -1.926 0.1 970.0 1.7979 7.0 
0.23126 156.27706 51.0 4346.0 1.0 69.0 0.0 -2.3929 2.974 0.0 0.5831 996.0 2.5 15.0 70.0 0.3071 0.0 1.374 0.0 0.53852 995.0 2.5 13.0 67.0 2.6071 0.0 0.474 0.0 0.31623 993.0 2.2925 12.0 69.0 4.4071 0.0 0.274 0.0 0.31623 990.0 2.1142 11.0 72.0 6.0071 0.0 0.074 0.0 0.3 987.0 2.0365 10.0 
0.16467 105.32528 58.0 4354.0 1.0 43.0 0.0 -1.4929 0.0 -1.026 0.3 1000.0 1.4527 20.0 50.0 0.2071 0.0 0.0 -0.926 0.3 998.0 1.7023 17.0 56.0 1.9071 0.0 0.0 -0.726 0.3 997.0 2.0019 14.0 58.0 3.6071 0.0 0.0 -0.626 0.3 996.0 2.0211 14.0 56.0 5.2071 0.0 0.0 -0.826 0.22361 996.0 1.8841 14.0 
0.32202 32.65484 50.0 4359.0 1.0 48.0 0.0 -2.3929 0.574 0.0 0.5099 1001.0 1.961 13.0 46.0 0.1071 0.0 0.274 0.0 0.4 1001.0 1.801 12.0 45.0 2.3071 0.0 0.474 0.0 0.3 1000.0 1.591 11.0 46.0 4.2071 0.0 0.374 0.0 0.3 999.0 1.5437 15.0 50.0 6.0071 0.0 0.074 0.0 0.3 998.0 1.7023 13.0 
0.50781 45.28017 120.0 4360.0 1.0 65.0 0.3071 0.0 0.0 -0.626 0.1 984.0 1.488 9.0 71.0 0.4071 0.0 0.0 -0.026 0.1 981.0 1.609 9.0 67.0 0.5071 0.0 0.574 0.0 0.1 983.0 1.5283 9.0 64.0 0.7071 0.0 1.074 0.0 0.1 985.0 1.4941 9.0 62.0 0.7071 0.0 1.674 0.0 0.1 986.0 1.4541 10.0 
0.3822 32.11459 57.0 4362.0 1.0 50.0 0.0 -1.2929 0.0 -0.826 0.28284 996.0 1.502 12.0 58.0 0.0 -0.0929 0.274 0.0 0.28284 994.0 1.8084 13.0 70.0 1.2071 0.0 1.474 0.0 0.36056 989.0 2.0853 11.0 80.0 2.8071 0.0 2.474 0.0 0.31623 984.0 2.2541 9.0 85.0 4.7071 0.0 2.774 0.0 0.3 981.0 2.3061 9.0 
0.20218 116.18293 50.0 4366.0 1.0 53.0 0.0 -1.1929 0.0 -1.326 0.2 994.0 1.51 14.0 64.0 0.2071 0.0 0.0 -1.026 0.31623 990.0 1.8189 13.0 78.0 1.9071 0.0 0.0 -0.526 0.31623 984.0 2.1428 12.0 94.0 3.7071 0.0 0.074 0.0 0.31623 975.0 2.375 10.0 103.0 5.6071 0.0 0.174 0.0 0.31623 967.0 2.3556 9.0 
0.2688 52.6199 126.0 436.0 1.0 40.0 0.0 -0.3929 0.774 0.0 0.14142 997.0 1.0214 16.0 45.0 0.0071 0.0 0.474 0.0 0.1 994.0 1.0886 13.0 50.0 0.4071 0.0 0.374 0.0 0.0 992.0 1.2159 12.0 53.0 0.8071 0.0 0.374 0.0 0.1 991.0 1.3041 11.0 58.0 1.3071 0.0 0.274 0.0 0.1 989.0 1.4316 11.0 
0.37025 8.25172 69.0 4374.0 1.0 42.0 0.0 -1.0929 0.074 0.0 0.22361 998.0 1.2011 13.0 47.0 0.0071 0.0 0.074 0.0 0.2 997.0 1.4101 15.0 55.0 1.2071 0.0 0.374 0.0 0.2 994.0 1.6261 13.0 58.0 2.3071 0.0 0.774 0.0 0.2 993.0 1.7179 12.0 59.0 3.4071 0.0 1.374 0.0 0.14142 992.0 1.693 12.0 
0.2931 49.1426 79.0 4377.0 1.0 71.0 0.0 -0.4929 1.374 0.0 0.28284 987.0 1.9803 10.0 72.0 0.4071 0.0 0.174 0.0 0.22361 985.0 1.891 9.0 70.0 1.3071 0.0 0.0 -0.526 0.2 984.0 1.7258 9.0 72.0 2.1071 0.0 0.0 -0.726 0.22361 983.0 1.7649 9.0 75.0 3.0071 0.0 0.0 -0.926 0.14142 981.0 1.7954 8.0 
0.36653 37.62661 70.0 4379.0 1.0 53.0 0.0 -1.6929 0.0 -0.626 0.3 997.0 1.7931 16.0 58.0 0.0 -0.0929 0.0 -0.326 0.2 994.0 1.8084 13.0 61.0 1.3071 0.0 0.0 -0.026 0.22361 991.0 1.7275 12.0 64.0 2.5071 0.0 0.0 -0.226 0.22361 990.0 1.8189 11.0 68.0 3.7071 0.0 0.0 -0.726 0.22361 987.0 1.8165 10.0 
0.1418 115.88136 47.0 4381.0 1.0 51.0 0.0 -2.4929 0.0 -0.726 0.41231 1000.0 2.0435 15.0 53.0 0.0 -0.1929 0.0 -1.026 0.4 998.0 1.9127 13.0 57.0 1.9071 0.0 0.0 -0.926 0.4 997.0 2.074 15.0 65.0 4.0071 0.0 0.0 -1.026 0.31623 994.0 2.2712 13.0 72.0 6.1071 0.0 0.0 -1.326 0.4 991.0 2.4067 11.0 
0.2747 32.98146 90.0 4387.0 1.0 51.0 0.0 -1.0929 0.374 0.0 0.14142 994.0 1.3982 11.0 59.0 0.0 -0.1929 0.0 -0.226 0.14142 991.0 1.6161 11.0 71.0 0.6071 0.0 0.0 -0.626 0.22361 983.0 1.7162 9.0 72.0 1.4071 0.0 0.0 -0.826 0.14142 982.0 1.708 9.0 66.0 2.0071 0.0 0.0 -0.826 0.14142 986.0 1.6478 9.0 
0.09 65.59587 81.0 4400.0 1.0 48.0 0.0 -2.4929 1.074 0.0 0.5 999.0 1.6809 12.0 47.0 0.0 -0.4929 0.0 -0.326 0.42426 998.0 1.5041 11.0 46.0 0.9071 0.0 0.0 -1.626 0.28284 996.0 1.2713 9.0 46.0 1.9071 0.0 0.0 -2.526 0.14142 995.0 1.2007 12.0 51.0 2.7071 0.0 0.0 -3.026 0.1 991.0 1.2075 10.0 
0.30901 93.62417 75.0 4402.0 1.0 143.0 0.0 -0.3929 1.974 0.0 0.36056 921.0 2.2702 7.0 155.0 0.5071 0.0 0.674 0.0 0.28284 905.0 2.2721 7.0 144.0 1.4071 0.0 0.0 -0.526 0.14142 917.0 2.2062 7.0 135.0 2.3071 0.0 0.0 -1.426 0.22361 928.0 2.1899 8.0 130.0 3.3071 0.0 0.0 -2.126 0.2 932.0 2.131 8.0 
0.29401 19.33007 58.0 4403.0 1.0 49.0 0.0 -2.3929 1.674 0.0 0.5 1001.0 2.0436 19.0 48.0 0.0071 0.0 0.174 0.0 0.44721 1001.0 1.961 17.0 47.0 2.1071 0.0 0.0 -0.926 0.31623 1000.0 1.7355 16.0 47.0 3.8071 0.0 0.0 -1.626 0.3 999.0 1.6116 18.0 49.0 5.2071 0.0 0.0 -1.926 0.2 997.0 1.5327 16.0 
0.2877 27.12273 78.0 4404.0 1.0 40.0 0.0 -1.1929 0.0 -0.026 0.2 998.0 1.0895 13.0 47.0 0.0 -0.0929 0.0 -0.226 0.2 997.0 1.4101 15.0 56.0 1.1071 0.0 0.0 -0.426 0.2 993.0 1.6015 13.0 60.0 2.2071 0.0 0.0 -0.626 0.2 991.0 1.6713 11.0 65.0 3.3071 0.0 0.0 -0.626 0.2 988.0 1.7261 10.0 
0.18713 27.12273 68.0 4409.0 1.0 55.0 0.0 -1.5929 1.074 0.0 0.42426 996.0 1.8174 11.0 62.0 0.0 -0.0929 0.0 -0.226 0.28284 993.0 1.9631 12.0 69.0 1.3071 0.0 0.0 -1.126 0.31623 989.0 2.0261 11.0 73.0 2.7071 0.0 0.0 -1.726 0.22361 986.0 2.0159 10.0 70.0 3.8071 0.0 0.0 -2.026 0.22361 986.0 1.8536 10.0 
0.21352 127.03689 46.0 4410.0 1.0 46.0 0.0 -1.3929 0.0 -1.126 0.41231 1001.0 1.801 22.0 46.0 0.5071 0.0 0.0 -1.026 0.31623 1001.0 1.801 20.0 48.0 2.2071 0.0 0.274 0.0 0.42426 1001.0 1.961 20.0 51.0 4.2071 0.0 1.974 0.0 0.5 1001.0 2.2138 21.0 49.0 6.6071 0.0 3.174 0.0 0.41231 1002.0 2.2294 22.0 
0.32718 2.99167 77.0 4421.0 1.0 60.0 0.0 -1.1929 1.774 0.0 0.36056 994.0 1.9352 10.0 61.0 0.0071 0.0 0.0 -0.026 0.28284 993.0 1.9003 9.0 66.0 1.2071 0.0 0.0 -1.126 0.22361 988.0 1.7796 8.0 74.0 2.3071 0.0 0.0 -1.626 0.22361 981.0 1.7478 7.0 72.0 3.2071 0.0 0.0 -1.626 0.1 982.0 1.708 7.0 
0.12325 56.66943 65.0 4422.0 1.0 49.0 0.0 -2.4929 1.574 0.0 0.56569 1000.0 1.8864 13.0 48.0 0.0 -0.3929 0.0 -0.326 0.44721 999.0 1.6809 11.0 48.0 1.5071 0.0 0.0 -1.626 0.44721 998.0 1.5688 10.0 49.0 3.2071 0.0 0.0 -2.726 0.36056 997.0 1.5327 13.0 52.0 4.5071 0.0 0.0 -3.826 0.22361 995.0 1.5343 11.0 
0.20822 45.6838 59.0 4424.0 1.0 52.0 0.0 -1.5929 2.374 0.0 0.5831 999.0 1.9727 13.0 47.0 0.3071 0.0 0.274 0.0 0.42426 999.0 1.6116 14.0 47.0 1.9071 0.0 0.0 -1.326 0.36056 998.0 1.5041 15.0 46.0 3.4071 0.0 0.0 -2.626 0.36056 998.0 1.4408 14.0 50.0 4.7071 0.0 0.0 -4.026 0.28284 996.0 1.502 12.0 
0.1709 27.12273 64.0 4426.0 1.0 50.0 0.0 -1.8929 1.974 0.0 0.5 998.0 1.7023 12.0 50.0 0.0 -0.0929 0.0 -0.226 0.5 998.0 1.7023 15.0 52.0 1.6071 0.0 0.0 -2.026 0.36056 996.0 1.6246 13.0 53.0 3.1071 0.0 0.0 -3.226 0.28284 994.0 1.51 11.0 58.0 4.3071 0.0 0.0 -4.226 0.28284 991.0 1.5618 13.0 
0.5163 39.17945 63.0 4428.0 1.0 64.0 0.0 -1.6929 1.974 0.0 0.5 996.0 2.4609 15.0 64.0 0.3071 0.0 0.174 0.0 0.44721 994.0 2.2019 14.0 65.0 2.2071 0.0 0.0 -1.226 0.36056 991.0 1.9615 9.0 71.0 3.8071 0.0 0.0 -2.326 0.22361 987.0 1.9803 10.0 90.0 5.1071 0.0 0.0 -3.026 0.22361 970.0 1.924 7.0 
1.01553 8.25172 128.0 4441.0 1.0 72.0 0.0 -0.5929 0.274 0.0 0.14142 978.0 1.5128 11.0 91.0 0.0071 0.0 0.074 0.0 0.1 966.0 1.7996 11.0 101.0 0.6071 0.0 0.0 -0.026 0.14142 958.0 1.8944 10.0 103.0 1.3071 0.0 0.0 -0.326 0.22361 958.0 1.9701 10.0 105.0 2.1071 0.0 0.0 -0.826 0.2 957.0 2.0108 10.0 
0.14941 92.26407 80.0 4443.0 1.0 46.0 0.0 -1.2929 0.0 -0.726 0.2 997.0 1.3508 13.0 51.0 0.0 -0.0929 0.0 -0.826 0.2 995.0 1.4759 14.0 59.0 1.0071 0.0 0.0 -0.826 0.1 991.0 1.6161 11.0 62.0 1.9071 0.0 0.0 -0.726 0.2 989.0 1.6359 11.0 64.0 2.8071 0.0 0.0 -0.726 0.2 988.0 1.6734 10.0 
0.15875 37.62661 65.0 4446.0 1.0 57.0 0.0 -1.9929 2.474 0.0 0.67082 1000.0 2.5 16.0 54.0 0.0 -0.0929 0.0 -0.326 0.5 998.0 1.9855 14.0 53.0 1.6071 0.0 0.0 -2.226 0.28284 997.0 1.7931 13.0 54.0 3.1071 0.0 0.0 -3.426 0.22361 995.0 1.6546 13.0 60.0 4.4071 0.0 0.0 -4.226 0.22361 990.0 1.5987 12.0 
0.07396 72.3143 72.0 4450.0 1.0 45.0 0.0 -2.2929 1.074 0.0 0.42426 1000.0 1.591 12.0 47.0 0.0 -0.4929 0.0 -0.426 0.42426 999.0 1.6116 11.0 47.0 1.2071 0.0 0.0 -1.826 0.36056 998.0 1.5041 14.0 48.0 2.7071 0.0 0.0 -2.826 0.22361 996.0 1.3843 12.0 53.0 3.9071 0.0 0.0 -3.526 0.22361 993.0 1.4345 10.0 
0.19213 69.94114 81.0 4451.0 1.0 99.0 0.0 -0.8929 2.274 0.0 0.5 972.0 2.4416 7.0 96.0 0.5071 0.0 0.374 0.0 0.28284 973.0 2.3532 7.0 94.0 1.7071 0.0 0.0 -0.926 0.36056 972.0 2.2012 7.0 92.0 2.9071 0.0 0.0 -1.826 0.22361 971.0 2.0583 7.0 96.0 3.9071 0.0 0.0 -2.426 0.2 966.0 2.0028 7.0 
0.47851 17.37652 86.0 4453.0 1.0 57.0 0.0 -1.4929 0.074 0.0 0.22361 994.0 1.7465 15.0 66.0 0.0 -0.0929 0.0 -0.126 0.22361 989.0 1.8538 14.0 73.0 1.1071 0.0 0.0 -0.126 0.2 984.0 1.8769 12.0 77.0 2.1071 0.0 0.174 0.0 0.22361 980.0 1.8351 11.0 79.0 3.0071 0.0 0.674 0.0 0.1 979.0 1.8748 11.0 
0.38524 22.67945 59.0 4454.0 1.0 57.0 0.0 -1.6929 2.174 0.0 0.5 999.0 2.3703 17.0 56.0 0.1071 0.0 0.174 0.0 0.42426 998.0 2.1353 17.0 54.0 1.8071 0.0 0.0 -1.426 0.36056 998.0 1.9855 16.0 52.0 3.5071 0.0 0.0 -2.426 0.22361 997.0 1.7261 15.0 57.0 4.9071 0.0 0.0 -3.026 0.22361 994.0 1.7465 13.0 
0.07192 124.98848 66.0 4458.0 1.0 47.0 0.0 -1.3929 0.0 -0.526 0.22361 998.0 1.5041 13.0 52.0 0.0071 0.0 0.0 -1.126 0.22361 995.0 1.5343 11.0 60.0 1.3071 0.0 0.0 -1.426 0.31623 991.0 1.6713 10.0 73.0 2.6071 0.0 0.0 -1.326 0.2 984.0 1.8769 9.0 89.0 3.9071 0.0 0.0 -0.826 0.22361 974.0 2.0744 8.0 
0.30085 56.36204 66.0 4465.0 1.0 47.0 0.8071 0.0 0.0 -0.326 0.1 995.0 1.2535 13.0 43.0 0.5071 0.0 0.0 -0.026 0.1 996.0 1.1109 14.0 40.0 0.5071 0.0 0.274 0.0 0.0 997.0 1.0214 15.0 39.0 0.5071 0.0 0.574 0.0 0.1 998.0 1.0357 15.0 39.0 0.6071 0.0 1.074 0.0 0.14142 998.0 1.0357 16.0 
0.2708 45.6838 317.0 446.0 1.0 54.0 0.0 -1.3929 2.274 0.0 0.5 998.0 1.9855 14.0 53.0 0.3071 0.0 0.274 0.0 0.36056 997.0 1.7931 13.0 56.0 1.8071 0.0 0.0 -1.326 0.36056 994.0 1.6858 11.0 64.0 3.3071 0.0 0.0 -2.626 0.42426 991.0 1.9016 12.0 74.0 4.7071 0.0 0.0 -3.726 0.22361 982.0 1.8042 10.0 
0.63455 10.70814 62.0 4473.0 1.0 80.0 0.0 -1.4929 0.774 0.0 0.36056 982.0 2.1086 12.0 87.0 0.0 -0.0929 0.0 -0.026 0.31623 976.0 2.0894 10.0 85.0 1.3071 0.0 0.0 -0.326 0.2 977.0 2.0498 10.0 86.0 2.6071 0.0 0.0 -0.326 0.3 976.0 2.0416 10.0 88.0 3.9071 0.0 0.0 -0.326 0.2 974.0 2.0281 10.0 
0.19045 208.05517 39.0 4480.0 1.0 70.0 0.0 -0.0929 5.274 0.0 0.8544 999.0 2.5 16.0 64.0 1.7071 0.0 0.774 0.0 0.76158 998.0 2.5 15.0 62.0 3.4071 0.0 0.0 -2.926 0.53852 997.0 2.4538 13.0 64.0 5.2071 0.0 0.0 -5.926 0.5 996.0 2.4609 16.0 69.0 7.0071 0.0 0.0 -8.426 0.5 992.0 2.3156 13.0 
0.1628 156.35509 43.0 4483.0 1.0 45.0 0.4071 0.0 0.0 -2.726 0.31623 999.0 1.4773 18.0 54.0 1.2071 0.0 0.0 -0.726 0.36056 997.0 1.8615 15.0 59.0 2.6071 0.0 0.874 0.0 0.36056 996.0 2.0914 14.0 64.0 4.7071 0.0 1.574 0.0 0.4 996.0 2.4609 14.0 73.0 7.6071 0.0 0.874 0.0 0.63246 996.0 2.5 14.0 
0.07152 107.80531 48.0 4484.0 1.0 49.0 0.0 -2.3929 0.674 0.0 0.5 1000.0 1.8864 16.0 51.0 0.0 -0.2929 0.0 -0.926 0.42426 998.0 1.7711 14.0 55.0 1.7071 0.0 0.0 -2.526 0.42426 997.0 1.931 13.0 61.0 3.8071 0.0 0.0 -4.026 0.36056 995.0 2.1114 13.0 68.0 5.9071 0.0 0.0 -5.326 0.41231 991.0 2.1467 12.0 
0.0734 121.95089 59.0 4493.0 1.0 45.0 0.0 -1.6929 0.0 -0.426 0.22361 999.0 1.4773 14.0 47.0 0.0 -0.3929 0.0 -1.026 0.22361 998.0 1.5041 17.0 54.0 0.9071 0.0 0.0 -1.626 0.22361 996.0 1.752 14.0 56.0 2.2071 0.0 0.0 -1.926 0.2 995.0 1.7795 13.0 53.0 3.6071 0.0 0.0 -1.626 0.31623 997.0 1.7931 15.0 
0.12659 183.86527 44.0 4507.0 1.0 64.0 0.0 -0.6929 4.774 0.0 0.89443 1000.0 2.5 12.0 60.0 1.4071 0.0 0.874 0.0 0.5831 999.0 2.5 13.0 60.0 3.3071 0.0 0.0 -2.226 0.64031 999.0 2.5 14.0 62.0 5.4071 0.0 0.0 -4.826 0.5 997.0 2.4538 12.0 65.0 7.4071 0.0 0.0 -6.826 0.42426 994.0 2.2712 12.0 
0.3503 100.68908 70.0 4510.0 1.0 96.0 0.0 -1.1929 2.374 0.0 0.5 978.0 2.5 11.0 101.0 0.6071 0.0 0.674 0.0 0.28284 969.0 2.368 9.0 119.0 2.0071 0.0 0.0 -0.526 0.28284 948.0 2.2252 7.0 140.0 3.3071 0.0 0.0 -1.326 0.28284 922.0 2.1999 6.0 162.0 4.5071 0.0 0.0 -2.026 0.22361 891.0 2.1971 5.0 
0.40263 13.18352 81.0 4516.0 1.0 58.0 0.0 -2.3929 1.974 0.0 0.5 999.0 2.4542 15.0 55.0 0.0 -0.0929 0.074 0.0 0.5 997.0 1.931 14.0 54.0 1.8071 0.0 0.0 -1.326 0.36056 996.0 1.752 12.0 57.0 3.4071 0.0 0.0 -2.426 0.22361 992.0 1.5802 10.0 64.0 4.6071 0.0 0.0 -3.226 0.28284 988.0 1.6734 11.0 
0.37847 69.35559 39.0 4523.0 1.0 76.0 0.0 -2.1929 5.174 0.0 0.98489 999.0 2.5 11.0 70.0 0.4071 0.0 0.474 0.0 0.80623 999.0 2.5 14.0 67.0 2.7071 0.0 0.0 -3.126 0.64031 998.0 2.5 13.0 71.0 5.0071 0.0 0.0 -6.126 0.56569 995.0 2.5 11.0 77.0 7.4071 0.0 0.0 -8.626 0.42426 992.0 2.5 12.0 
0.47703 30.02471 70.0 4524.0 1.0 130.0 0.0 -1.4929 1.474 0.0 0.36056 943.0 2.4659 5.0 125.0 0.2071 0.0 0.174 0.0 0.31623 946.0 2.3819 5.0 96.0 1.7071 0.0 0.0 -0.726 0.22361 970.0 2.1891 7.0 84.0 3.0071 0.0 0.0 -1.326 0.22361 978.0 2.0591 8.0 77.0 4.1071 0.0 0.0 -1.626 0.22361 981.0 1.8924 9.0 
0.57611 23.16855 53.0 452.0 1.0 44.0 0.0 -0.7929 0.0 -1.326 0.36056 998.0 1.3183 13.0 52.0 0.2071 0.0 0.0 -0.026 0.22361 996.0 1.6246 15.0 61.0 1.3071 0.0 1.174 0.0 0.22361 993.0 1.9003 12.0 70.0 2.7071 0.0 2.174 0.0 0.28284 990.0 2.176 11.0 75.0 4.5071 0.0 2.974 0.0 0.3 988.0 2.2981 10.0 
0.20494 73.93353 75.0 4534.0 1.0 92.0 0.0 -0.5929 1.574 0.0 0.28284 974.0 2.2166 8.0 98.0 0.6071 0.0 0.274 0.0 0.28284 967.0 2.1324 7.0 108.0 1.7071 0.0 0.0 -0.826 0.28284 955.0 2.054 6.0 123.0 2.8071 0.0 0.0 -1.626 0.1 938.0 2.0603 5.0 127.0 3.7071 0.0 0.0 -1.926 0.14142 932.0 2.0338 5.0 
0.60988 37.62661 53.0 4537.0 1.0 61.0 0.0 -2.1929 0.0 -1.426 0.44721 996.0 2.2356 11.0 71.0 0.0 -0.0929 0.0 -0.326 0.41231 991.0 2.3403 9.0 77.0 2.1071 0.0 0.474 0.0 0.4 988.0 2.4223 8.0 84.0 4.2071 0.0 0.674 0.0 0.3 982.0 2.3248 7.0 79.0 6.0071 0.0 0.174 0.0 0.22361 984.0 2.1981 7.0 
0.12731 56.66943 58.0 4541.0 1.0 45.0 0.0 -1.8929 0.974 0.0 0.36056 998.0 1.3789 15.0 49.0 0.0 -0.3929 0.0 -0.326 0.28284 997.0 1.5327 13.0 51.0 1.0071 0.0 0.0 -0.926 0.22361 994.0 1.3982 11.0 57.0 2.3071 0.0 0.0 -0.926 0.22361 993.0 1.6592 15.0 70.0 3.7071 0.0 0.0 -0.526 0.22361 987.0 1.9249 13.0 
0.07513 35.39254 110.0 4543.0 1.0 35.0 0.0 -0.8929 1.274 0.0 0.31623 1001.0 1.0427 13.0 35.0 0.0 -0.2929 0.0 -0.126 0.22361 1001.0 1.0427 17.0 35.0 0.3071 0.0 0.0 -1.126 0.14142 999.0 1.0 15.0 37.0 0.8071 0.0 0.0 -1.526 0.1 998.0 1.0 13.0 41.0 1.3071 0.0 0.0 -1.326 0.0 997.0 1.0731 15.0 
0.22994 13.18352 65.0 4547.0 1.0 45.0 0.0 -1.3929 1.874 0.0 0.36056 999.0 1.4773 16.0 47.0 0.0 -0.0929 0.074 0.0 0.42426 997.0 1.4101 14.0 49.0 1.3071 0.0 0.0 -1.326 0.28284 995.0 1.3624 12.0 55.0 2.6071 0.0 0.0 -2.326 0.31623 994.0 1.6261 14.0 66.0 4.1071 0.0 0.0 -3.226 0.28284 988.0 1.7796 11.0 
0.10303 134.71607 67.0 4552.0 1.0 30.0 1.2071 0.0 0.0 -0.826 0.1 1001.0 1.0 15.0 37.0 1.2071 0.0 0.0 -0.126 0.14142 999.0 1.0 13.0 42.0 1.4071 0.0 0.674 0.0 0.22361 998.0 1.2011 12.0 45.0 2.0071 0.0 1.574 0.0 0.22361 998.0 1.3789 12.0 44.0 2.9071 0.0 2.274 0.0 0.22361 998.0 1.3183 12.0 
0.07242 103.4712 94.0 4557.0 1.0 58.0 0.0 -1.3929 0.0 -0.926 0.3 993.0 1.7179 10.0 69.0 0.1071 0.0 0.0 -0.926 0.2 986.0 1.801 8.0 72.0 1.5071 0.0 0.0 -0.826 0.2 985.0 1.891 7.0 70.0 2.9071 0.0 0.0 -0.626 0.22361 986.0 1.8536 7.0 74.0 4.1071 0.0 0.0 -0.226 0.22361 983.0 1.8643 7.0 
0.31482 8.25172 62.0 4563.0 1.0 47.0 0.0 -1.5929 0.374 0.0 0.3 1000.0 1.7355 15.0 47.0 0.0071 0.0 0.074 0.0 0.22361 998.0 1.5041 13.0 52.0 1.3071 0.0 0.474 0.0 0.22361 996.0 1.6246 11.0 56.0 2.6071 0.0 0.974 0.0 0.22361 994.0 1.6858 10.0 57.0 3.9071 0.0 1.474 0.0 0.22361 994.0 1.7465 10.0 
0.12122 145.76064 103.0 456.0 1.0 47.0 1.2071 0.0 0.0 -0.826 0.2 995.0 1.2535 14.0 49.0 1.3071 0.0 0.0 -0.126 0.14142 994.0 1.2907 13.0 51.0 1.5071 0.0 0.574 0.0 0.1 993.0 1.3283 12.0 55.0 1.5071 0.0 1.374 0.0 0.22361 992.0 1.4713 12.0 55.0 1.7071 0.0 2.174 0.0 0.1 991.0 1.4044 11.0 
0.31854 47.45382 59.0 4572.0 1.0 55.0 0.0 -1.2929 2.074 0.0 0.42426 995.0 1.7165 15.0 59.0 0.2071 0.0 0.374 0.0 0.28284 994.0 1.8713 14.0 60.0 1.8071 0.0 0.0 -0.726 0.31623 991.0 1.6713 10.0 66.0 3.5071 0.0 0.0 -1.826 0.36056 988.0 1.7796 9.0 82.0 5.1071 0.0 0.0 -3.226 0.28284 980.0 2.0811 9.0 
0.2163 30.42421 67.0 4576.0 1.0 48.0 0.0 -1.5929 2.574 0.0 0.5831 1001.0 1.961 18.0 46.0 0.0071 0.0 0.274 0.0 0.42426 1001.0 1.801 17.0 43.0 1.5071 0.0 0.0 -1.226 0.28284 1000.0 1.4527 15.0 42.0 2.8071 0.0 0.0 -2.026 0.2 999.0 1.2869 14.0 42.0 4.0071 0.0 0.0 -2.226 0.22361 999.0 1.2869 18.0 
0.07385 96.56275 56.0 4577.0 1.0 51.0 0.0 -2.8929 1.574 0.0 0.5 1000.0 2.0435 12.0 52.0 0.0 -0.6929 0.0 -0.526 0.5 1000.0 2.1245 16.0 50.0 1.4071 0.0 0.0 -1.926 0.36056 999.0 1.8239 14.0 50.0 3.1071 0.0 0.0 -2.826 0.22361 997.0 1.5959 12.0 54.0 4.5071 0.0 0.0 -3.126 0.31623 996.0 1.752 14.0 
0.11115 42.04636 61.0 4579.0 1.0 38.0 0.0 -1.2929 0.874 0.0 0.28284 999.0 1.0535 12.0 39.0 0.0 -0.1929 0.0 -0.326 0.22361 999.0 1.1096 16.0 42.0 1.0071 0.0 0.0 -1.126 0.22361 998.0 1.2011 14.0 47.0 2.3071 0.0 0.0 -1.826 0.22361 996.0 1.3272 12.0 55.0 3.7071 0.0 0.0 -2.726 0.22361 993.0 1.5448 11.0 
0.60905 27.7603 53.0 4581.0 1.0 42.0 0.0 -0.8929 0.0 -1.526 0.28284 1000.0 1.3859 19.0 50.0 0.1071 0.0 0.0 -0.226 0.28284 998.0 1.7023 16.0 57.0 1.2071 0.0 1.274 0.0 0.36056 996.0 1.952 14.0 59.0 2.7071 0.0 2.274 0.0 0.31623 995.0 1.9752 13.0 61.0 4.6071 0.0 2.574 0.0 0.31623 995.0 2.1114 13.0 
0.17071 80.58985 50.0 4587.0 1.0 48.0 0.0 -2.3929 0.374 0.0 0.44721 1001.0 1.961 17.0 50.0 0.0071 0.0 0.0 -0.726 0.36056 1000.0 1.9642 15.0 51.0 2.1071 0.0 0.0 -1.526 0.31623 998.0 1.7711 14.0 52.0 4.0071 0.0 0.0 -2.326 0.41231 998.0 1.8412 13.0 54.0 5.9071 0.0 0.0 -3.226 0.31623 997.0 1.8615 16.0 
0.33949 12.23339 57.0 4594.0 1.0 47.0 0.0 -1.3929 0.674 0.0 0.28284 998.0 1.5041 18.0 51.0 0.1071 0.0 0.0 -0.026 0.31623 996.0 1.5627 16.0 58.0 1.6071 0.0 0.0 -0.526 0.3 994.0 1.8084 17.0 65.0 3.1071 0.0 0.0 -0.926 0.3 990.0 1.8762 15.0 73.0 4.6071 0.0 0.0 -1.326 0.31623 986.0 2.0159 13.0 
0.31503 8.25172 64.0 4595.0 1.0 43.0 0.0 -1.2929 0.874 0.0 0.28284 999.0 1.3489 14.0 48.0 0.0071 0.0 0.074 0.0 0.3 997.0 1.4708 12.0 52.0 1.4071 0.0 0.0 -0.126 0.22361 996.0 1.6246 14.0 59.0 2.7071 0.0 0.174 0.0 0.2 993.0 1.7777 12.0 63.0 3.9071 0.0 0.674 0.0 0.22361 991.0 1.8426 11.0 
0.08363 152.01353 54.0 4608.0 1.0 49.0 0.0 -0.4929 0.0 -1.826 0.22361 998.0 1.6349 13.0 55.0 0.9071 0.0 0.0 -1.026 0.22361 995.0 1.7165 14.0 63.0 2.0071 0.0 0.074 0.0 0.28284 992.0 1.9304 12.0 66.0 3.2071 0.0 1.174 0.0 0.28284 990.0 1.9344 11.0 69.0 4.6071 0.0 2.074 0.0 0.36056 990.0 2.1142 11.0 
0.29236 69.94114 62.0 4610.0 1.0 63.0 0.0 -0.3929 1.574 0.0 0.28284 989.0 1.6891 11.0 76.0 0.5071 0.0 0.374 0.0 0.22361 982.0 1.903 12.0 86.0 1.5071 0.0 0.0 -0.326 0.2 974.0 1.9369 10.0 89.0 2.5071 0.0 0.0 -0.526 0.22361 972.0 1.9732 9.0 96.0 3.7071 0.0 0.0 -0.726 0.22361 967.0 2.0463 9.0 
0.39266 26.90838 65.0 4612.0 1.0 44.0 0.0 -0.3929 0.0 -0.726 0.14142 997.0 1.2359 12.0 49.0 0.2071 0.0 0.0 -0.126 0.14142 993.0 1.2262 10.0 61.0 0.8071 0.0 0.574 0.0 0.28284 990.0 1.6524 11.0 70.0 1.8071 0.0 1.074 0.0 0.22361 986.0 1.8536 10.0 74.0 3.1071 0.0 1.174 0.0 0.2 985.0 1.9975 9.0 
0.41315 14.4498 52.0 4615.0 1.0 53.0 0.0 -1.3929 1.174 0.0 0.36056 996.0 1.6877 18.0 61.0 0.1071 0.0 0.074 0.0 0.31623 993.0 1.9003 16.0 67.0 1.7071 0.0 0.0 -0.626 0.22361 991.0 2.0841 15.0 73.0 3.4071 0.0 0.0 -1.226 0.31623 988.0 2.1772 13.0 82.0 5.2071 0.0 0.0 -1.826 0.31623 984.0 2.3682 12.0 
0.46105 12.23339 178.0 4616.0 1.0 63.0 0.0 -0.9929 0.774 0.0 0.22361 991.0 1.8426 12.0 65.0 0.1071 0.0 0.0 -0.026 0.22361 989.0 1.798 11.0 63.0 1.0071 0.0 0.0 -0.426 0.22361 989.0 1.6891 10.0 63.0 1.8071 0.0 0.0 -0.626 0.2 988.0 1.6215 10.0 63.0 2.6071 0.0 0.0 -0.726 0.1 987.0 1.5592 10.0 
0.65277 12.23339 206.0 4621.0 1.0 68.0 0.0 -1.7929 1.274 0.0 0.44721 993.0 2.3614 12.0 75.0 0.1071 0.0 0.0 -0.026 0.36056 988.0 2.2981 10.0 76.0 1.9071 0.0 0.0 -1.226 0.31623 987.0 2.269 10.0 75.0 3.6071 0.0 0.0 -2.026 0.28284 986.0 2.1279 10.0 76.0 5.0071 0.0 0.0 -2.826 0.22361 984.0 2.0343 9.0 
0.10447 151.08182 63.0 4622.0 1.0 67.0 0.0 -1.2929 0.0 -2.426 0.42426 988.0 1.834 9.0 89.0 0.3071 0.0 0.0 -1.326 0.31623 978.0 2.3115 8.0 97.0 2.2071 0.0 0.0 -1.026 0.3 971.0 2.2881 7.0 103.0 3.9071 0.0 0.0 -1.526 0.31623 966.0 2.3055 7.0 106.0 5.3071 0.0 0.0 -2.326 0.22361 959.0 2.1252 6.0 
0.1182 102.21686 52.0 4623.0 1.0 44.0 0.0 -0.7929 0.0 -0.826 0.2 997.0 1.2359 12.0 55.0 0.4071 0.0 0.0 -0.826 0.2 994.0 1.6261 13.0 66.0 1.8071 0.0 0.0 -0.526 0.3 991.0 2.0223 11.0 74.0 3.6071 0.0 0.074 0.0 0.31623 988.0 2.2372 10.0 76.0 5.3071 0.0 0.974 0.0 0.36056 987.0 2.269 10.0 
0.73026 26.90838 65.0 4630.0 1.0 53.0 0.1071 0.0 0.0 -1.126 0.2 990.0 1.2474 9.0 69.0 0.2071 0.0 0.0 -0.126 0.22361 983.0 1.6209 9.0 87.0 0.6071 0.0 1.074 0.0 0.2 971.0 1.8407 7.0 108.0 1.2071 0.0 2.174 0.0 0.28284 954.0 2.0192 6.0 120.0 2.3071 0.0 3.174 0.0 0.36056 946.0 2.1952 5.0 
0.26336 100.68908 79.0 4632.0 1.0 77.0 0.0 -0.2929 1.474 0.0 0.22361 981.0 1.8924 14.0 78.0 0.6071 0.0 0.674 0.0 0.14142 980.0 1.883 14.0 79.0 1.5071 0.0 0.0 -0.126 0.14142 980.0 1.9316 14.0 79.0 2.4071 0.0 0.0 -0.826 0.14142 979.0 1.8748 14.0 80.0 3.3071 0.0 0.0 -1.526 0.22361 979.0 1.9226 14.0 
0.33133 53.71602 66.0 4635.0 1.0 59.0 0.0 -0.6929 1.274 0.0 0.28284 992.0 1.693 16.0 69.0 0.3071 0.0 0.374 0.0 0.22361 987.0 1.8703 13.0 77.0 1.5071 0.0 0.074 0.0 0.22361 982.0 1.9535 11.0 84.0 2.9071 0.0 0.074 0.0 0.22361 979.0 2.1196 11.0 85.0 4.2071 0.0 0.674 0.0 0.14142 977.0 2.0498 10.0 
0.5318 61.36266 80.0 4636.0 1.0 91.0 0.0 -0.9929 1.374 0.0 0.22361 975.0 2.2258 13.0 99.0 0.4071 0.0 0.374 0.0 0.22361 967.0 2.1762 11.0 108.0 1.7071 0.0 0.0 -0.426 0.14142 951.0 1.9215 8.0 131.0 2.8071 0.0 0.0 -1.026 0.22361 925.0 1.9918 6.0 158.0 4.0071 0.0 0.0 -1.726 0.22361 896.0 2.1793 5.0 
0.1535 21.60552 64.0 463.0 1.0 42.0 0.0 -1.3929 1.774 0.0 0.36056 1001.0 1.5014 13.0 41.0 0.0 -0.1929 0.0 -0.026 0.28284 1000.0 1.3207 12.0 42.0 1.0071 0.0 0.0 -1.326 0.28284 999.0 1.2869 11.0 45.0 2.3071 0.0 0.0 -2.526 0.28284 997.0 1.2927 9.0 51.0 3.6071 0.0 0.0 -3.526 0.28284 996.0 1.5627 11.0 
0.14327 171.63007 64.0 4643.0 1.0 38.0 1.0071 0.0 0.0 -1.526 0.14142 997.0 1.0 17.0 46.0 1.3071 0.0 0.0 -0.826 0.14142 995.0 1.2007 18.0 53.0 1.8071 0.0 0.0 -0.226 0.14142 993.0 1.4345 16.0 60.0 2.6071 0.0 0.574 0.0 0.14142 991.0 1.6713 15.0 68.0 3.5071 0.0 1.574 0.0 0.28284 989.0 1.9678 14.0 
0.17022 87.49915 63.0 4649.0 1.0 59.0 0.0 -0.5929 0.0 -1.126 0.22361 991.0 1.6161 11.0 73.0 0.3071 0.0 0.0 -0.726 0.2 983.0 1.8143 9.0 77.0 1.5071 0.0 0.0 -0.626 0.2 983.0 2.0186 9.0 76.0 2.9071 0.0 0.0 -0.926 0.28284 985.0 2.1069 9.0 74.0 4.4071 0.0 0.0 -1.926 0.28284 987.0 2.1512 10.0 
0.20562 25.09838 257.0 464.0 1.0 55.0 0.0 -2.4929 2.374 0.0 0.64031 1001.0 2.5 13.0 54.0 0.0071 0.0 0.0 -0.226 0.5 1000.0 2.291 12.0 53.0 2.1071 0.0 0.0 -2.326 0.5 999.0 2.0493 11.0 56.0 4.1071 0.0 0.0 -4.426 0.56569 997.0 2.0019 9.0 60.0 5.9071 0.0 0.0 -6.626 0.42426 996.0 2.1629 12.0 
0.27656 47.29257 69.0 4654.0 1.0 60.0 0.0 -1.4929 0.0 -0.326 0.2 993.0 1.8385 13.0 68.0 0.0071 0.0 0.0 -0.426 0.31623 989.0 1.9678 14.0 74.0 1.4071 0.0 0.0 -0.726 0.2 984.0 1.9286 12.0 78.0 2.7071 0.0 0.0 -0.926 0.2 981.0 1.9419 11.0 84.0 4.0071 0.0 0.0 -0.926 0.2 977.0 2.0019 10.0 
0.25579 12.23339 54.0 4657.0 1.0 38.0 0.0 -1.1929 1.174 0.0 0.28284 1001.0 1.2291 23.0 43.0 0.1071 0.0 0.0 -0.026 0.28284 1000.0 1.4527 20.0 47.0 1.6071 0.0 0.0 -0.926 0.28284 999.0 1.6116 18.0 48.0 3.0071 0.0 0.0 -1.726 0.36056 999.0 1.6809 17.0 51.0 4.6071 0.0 0.0 -2.426 0.31623 998.0 1.7711 17.0 
0.46853 53.71602 79.0 465.0 1.0 92.0 0.0 -0.5929 1.174 0.0 0.22361 970.0 2.0104 12.0 88.0 0.3071 0.0 0.374 0.0 0.14142 973.0 1.9774 12.0 89.0 1.2071 0.0 0.0 -0.226 0.1 972.0 1.9732 12.0 91.0 2.1071 0.0 0.0 -0.526 0.22361 970.0 1.967 12.0 91.0 3.1071 0.0 0.0 -0.826 0.1 966.0 1.7996 10.0 
0.2085 82.21395 81.0 4660.0 1.0 62.0 0.0 -1.7929 1.674 0.0 0.44721 996.0 2.3095 16.0 59.0 0.3071 0.0 0.674 0.0 0.31623 994.0 1.8713 14.0 55.0 1.7071 0.0 0.0 -0.226 0.28284 993.0 1.5448 14.0 55.0 2.8071 0.0 0.0 -1.226 0.14142 991.0 1.4044 10.0 60.0 3.8071 0.0 0.0 -2.126 0.14142 987.0 1.4142 9.0 
0.2221 81.24308 64.0 4666.0 1.0 53.0 0.0 -0.8929 0.0 -0.326 0.14142 992.0 1.3662 13.0 65.0 0.0 -0.0929 0.0 -0.726 0.14142 986.0 1.5983 12.0 84.0 0.9071 0.0 0.0 -0.926 0.1 975.0 1.8965 10.0 95.0 1.9071 0.0 0.0 -0.826 0.2 967.0 2.0039 9.0 104.0 3.2071 0.0 0.0 -0.426 0.22361 961.0 2.1245 8.0 
0.24242 2.99167 74.0 4675.0 1.0 46.0 0.0 -1.2929 1.574 0.0 0.36056 999.0 1.5437 11.0 45.0 0.0071 0.0 0.0 -0.026 0.28284 998.0 1.3789 10.0 47.0 1.2071 0.0 0.0 -1.026 0.28284 995.0 1.2535 9.0 53.0 2.4071 0.0 0.0 -1.726 0.22361 993.0 1.4345 10.0 64.0 3.6071 0.0 0.0 -2.226 0.22361 987.0 1.6091 8.0 
0.32377 14.00819 54.0 4676.0 1.0 36.0 0.0 -0.6929 0.0 -0.226 0.1 999.0 1.0 16.0 46.0 0.0071 0.0 0.0 -0.126 0.2 996.0 1.2713 15.0 56.0 1.1071 0.0 0.0 -0.026 0.2 994.0 1.6858 13.0 63.0 2.7071 0.0 0.274 0.0 0.22361 992.0 1.9304 12.0 67.0 4.4071 0.0 0.974 0.0 0.31623 991.0 2.0841 12.0 
0.33859 67.44987 77.0 4684.0 1.0 61.0 0.4071 0.0 0.0 -0.926 0.2 988.0 1.5202 11.0 73.0 0.6071 0.0 0.0 -0.026 0.22361 981.0 1.7009 9.0 80.0 0.9071 0.0 0.874 0.0 0.14142 976.0 1.7667 8.0 88.0 1.5071 0.0 1.474 0.0 0.1 970.0 1.8394 7.0 97.0 2.4071 0.0 1.874 0.0 0.1 963.0 1.922 6.0 
0.32084 38.12432 72.0 4685.0 1.0 53.0 0.0 -1.2929 1.674 0.0 0.36056 998.0 1.9127 28.0 51.0 0.2071 0.0 0.274 0.0 0.36056 997.0 1.6604 21.0 53.0 1.7071 0.0 0.0 -0.826 0.28284 996.0 1.6877 20.0 59.0 3.2071 0.0 0.0 -1.926 0.36056 993.0 1.7777 18.0 67.0 4.6071 0.0 0.0 -3.026 0.28284 988.0 1.834 14.0 
1.17041 12.23339 61.0 4687.0 1.0 93.0 0.0 -1.5929 0.174 0.0 0.3 970.0 2.0544 10.0 108.0 0.1071 0.0 0.0 -0.026 0.2 956.0 2.0901 8.0 101.0 1.7071 0.0 0.0 -0.026 0.3 963.0 2.0838 9.0 122.0 3.3071 0.0 0.0 -0.226 0.3 942.0 2.1411 7.0 139.0 4.8071 0.0 0.0 -0.426 0.22361 922.0 2.1686 6.0 
0.28005 97.07306 63.0 4689.0 1.0 72.0 0.0 -1.3929 2.174 0.0 0.36056 990.0 2.3021 18.0 72.0 0.4071 0.0 0.774 0.0 0.36056 990.0 2.3021 18.0 71.0 2.3071 0.0 0.0 -0.526 0.36056 989.0 2.1453 17.0 76.0 4.0071 0.0 0.0 -2.026 0.42426 985.0 2.1069 13.0 91.0 5.5071 0.0 0.0 -3.626 0.28284 973.0 2.1145 11.0 
0.27221 27.12273 70.0 4692.0 1.0 38.0 0.0 -1.0929 0.0 -0.026 0.22361 999.0 1.0535 15.0 41.0 0.0 -0.0929 0.0 -0.226 0.2 998.0 1.1446 13.0 49.0 0.9071 0.0 0.0 -0.126 0.2 996.0 1.4425 15.0 56.0 2.1071 0.0 0.0 -0.026 0.22361 993.0 1.6015 13.0 62.0 3.3071 0.0 0.174 0.0 0.22361 991.0 1.7846 11.0 
0.37809 116.36837 49.0 4698.0 1.0 97.0 0.0 -1.0929 1.774 0.0 0.36056 972.0 2.3439 15.0 106.0 0.7071 0.0 0.774 0.0 0.31623 965.0 2.3909 13.0 117.0 2.6071 0.0 0.274 0.0 0.3 955.0 2.4106 12.0 125.0 4.5071 0.0 0.074 0.0 0.3 947.0 2.418 11.0 129.0 6.3071 0.0 0.274 0.0 0.3 942.0 2.3939 10.0 
0.16259 126.80682 115.0 46.0 1.0 61.0 0.0 -1.8929 0.0 -0.626 0.31623 991.0 1.7275 13.0 71.0 0.0 -0.1929 0.0 -1.126 0.22361 983.0 1.7162 10.0 91.0 1.2071 0.0 0.0 -1.326 0.2 967.0 1.8387 10.0 121.0 2.4071 0.0 0.0 -1.026 0.22361 941.0 2.0769 9.0 143.0 3.2071 0.0 0.074 0.0 0.22361 919.0 2.2219 7.0 
0.10795 108.29109 60.0 4704.0 1.0 60.0 0.0 -1.6929 0.0 -0.826 0.31623 994.0 1.9352 11.0 68.0 0.3071 0.0 0.0 -0.926 0.3 991.0 2.1467 12.0 77.0 2.0071 0.0 0.0 -0.726 0.3 984.0 2.0882 9.0 84.0 3.5071 0.0 0.0 -0.426 0.3 978.0 2.0591 8.0 85.0 4.9071 0.0 0.0 -0.226 0.2 977.0 2.0498 8.0 
0.09911 48.64617 71.0 4709.0 1.0 49.0 0.0 -1.8929 2.174 0.0 0.5831 1001.0 2.0436 13.0 45.0 0.0 -0.2929 0.0 -0.326 0.42426 1000.0 1.591 12.0 44.0 1.3071 0.0 0.0 -2.026 0.36056 999.0 1.4124 11.0 43.0 2.6071 0.0 0.0 -3.326 0.28284 998.0 1.259 10.0 45.0 3.8071 0.0 0.0 -4.126 0.22361 997.0 1.2927 13.0 
0.20599 53.71602 295.0 470.0 1.0 49.0 0.0 -1.0929 2.074 0.0 0.44721 998.0 1.6349 14.0 51.0 0.3071 0.0 0.374 0.0 0.36056 996.0 1.5627 13.0 53.0 1.7071 0.0 0.0 -0.826 0.28284 994.0 1.51 11.0 59.0 2.9071 0.0 0.0 -1.626 0.22361 991.0 1.6161 12.0 70.0 4.1071 0.0 0.0 -2.026 0.22361 982.0 1.6144 10.0 
0.30546 124.78821 63.0 4714.0 1.0 95.0 0.0 -1.3929 2.474 0.0 0.5 979.0 2.5 8.0 95.0 0.7071 0.0 0.874 0.0 0.5 977.0 2.5 8.0 95.0 2.6071 0.0 0.0 -0.526 0.36056 975.0 2.4258 8.0 91.0 4.1071 0.0 0.0 -1.526 0.22361 974.0 2.1687 7.0 88.0 5.2071 0.0 0.0 -2.226 0.22361 974.0 2.0281 8.0 
0.07766 56.66943 71.0 4720.0 1.0 45.0 0.0 -2.0929 1.674 0.0 0.42426 1001.0 1.7236 11.0 45.0 0.0 -0.3929 0.0 -0.326 0.36056 1001.0 1.7236 12.0 45.0 1.2071 0.0 0.0 -1.926 0.36056 1000.0 1.591 11.0 46.0 2.6071 0.0 0.0 -3.226 0.28284 998.0 1.4408 10.0 50.0 3.9071 0.0 0.0 -4.226 0.22361 996.0 1.502 8.0 
0.47121 21.60552 78.0 4730.0 1.0 76.0 0.0 -1.6929 0.774 0.0 0.22361 985.0 2.1069 10.0 95.0 0.0 -0.1929 0.0 -0.026 0.36056 971.0 2.1947 7.0 104.0 1.4071 0.0 0.0 -0.826 0.22361 964.0 2.2545 6.0 98.0 2.8071 0.0 0.0 -1.526 0.2 967.0 2.1324 7.0 93.0 3.8071 0.0 0.0 -1.926 0.22361 969.0 2.0077 7.0 
0.25912 87.40194 54.0 4731.0 1.0 77.0 0.0 -1.6929 2.674 0.0 0.42426 991.0 2.5 11.0 79.0 0.4071 0.0 0.674 0.0 0.36056 988.0 2.5 10.0 80.0 2.3071 0.0 0.0 -0.726 0.36056 986.0 2.421 10.0 76.0 4.0071 0.0 0.0 -1.826 0.36056 986.0 2.185 10.0 71.0 5.4071 0.0 0.0 -2.826 0.31623 986.0 1.9069 8.0 
0.31513 24.41152 53.0 4735.0 1.0 47.0 0.0 -1.7929 1.774 0.0 0.5 1001.0 1.8802 18.0 46.0 0.2071 0.0 0.074 0.0 0.42426 1001.0 1.801 23.0 50.0 2.3071 0.0 0.0 -1.126 0.31623 1000.0 1.9642 20.0 51.0 4.2071 0.0 0.0 -1.826 0.31623 999.0 1.8976 17.0 50.0 5.9071 0.0 0.0 -2.326 0.22361 998.0 1.7023 16.0 
0.27352 63.97938 243.0 4739.0 1.0 59.0 0.0 -1.8929 3.374 0.0 0.72111 1000.0 2.5 13.0 55.0 0.5071 0.0 0.274 0.0 0.56569 1000.0 2.3767 12.0 52.0 2.4071 0.0 0.0 -2.226 0.5 999.0 1.9727 11.0 52.0 3.9071 0.0 0.0 -4.526 0.44721 997.0 1.7261 10.0 55.0 5.0071 0.0 0.0 -6.826 0.44721 996.0 1.8174 10.0 
0.29813 62.69156 80.0 4755.0 1.0 68.0 0.0 -2.4929 2.674 0.0 0.64031 997.0 2.5 13.0 63.0 0.3071 0.0 0.474 0.0 0.5 997.0 2.5 12.0 57.0 2.4071 0.0 0.0 -1.126 0.36056 996.0 1.952 12.0 54.0 3.8071 0.0 0.0 -2.226 0.22361 994.0 1.5675 10.0 61.0 4.8071 0.0 0.0 -3.026 0.22361 987.0 1.4617 8.0 
0.06894 66.82775 57.0 4759.0 1.0 50.0 0.0 -1.9929 1.174 0.0 0.42426 998.0 1.7023 10.0 53.0 0.0 -0.2929 0.0 -0.526 0.42426 996.0 1.6877 9.0 58.0 1.3071 0.0 0.0 -1.926 0.28284 994.0 1.8084 11.0 68.0 2.8071 0.0 0.0 -3.126 0.31623 987.0 1.8165 8.0 85.0 4.3071 0.0 0.0 -4.126 0.22361 978.0 2.1084 8.0 
0.19874 17.37652 57.0 475.0 1.0 38.0 0.0 -1.2929 1.274 0.0 0.28284 1000.0 1.1345 12.0 41.0 0.0 -0.0929 0.0 -0.126 0.28284 1000.0 1.3207 16.0 46.0 1.1071 0.0 0.0 -1.426 0.28284 998.0 1.4408 14.0 50.0 2.5071 0.0 0.0 -2.626 0.28284 997.0 1.5959 12.0 58.0 4.1071 0.0 0.0 -3.626 0.36056 993.0 1.7179 10.0 
0.2766 98.73925 59.0 4763.0 1.0 72.0 0.0 -0.8929 2.074 0.0 0.42426 991.0 2.4067 15.0 75.0 0.8071 0.0 0.374 0.0 0.36056 988.0 2.2981 14.0 77.0 2.4071 0.0 0.0 -1.026 0.28284 985.0 2.1628 13.0 83.0 3.8071 0.0 0.0 -2.126 0.28284 980.0 2.1322 11.0 99.0 5.2071 0.0 0.0 -3.026 0.22361 966.0 2.1299 9.0 
0.19903 21.60552 76.0 4782.0 1.0 42.0 0.0 -1.3929 1.274 0.0 0.28284 999.0 1.2869 15.0 46.0 0.0 -0.1929 0.0 -0.026 0.28284 997.0 1.3508 14.0 48.0 1.0071 0.0 0.0 -1.226 0.22361 995.0 1.3074 12.0 52.0 2.1071 0.0 0.0 -2.126 0.22361 993.0 1.3809 11.0 59.0 3.2071 0.0 0.0 -2.626 0.22361 989.0 1.4814 12.0 
0.32232 12.23339 70.0 4787.0 1.0 44.0 0.0 -1.1929 0.174 0.0 0.2 996.0 1.1632 13.0 49.0 0.1071 0.0 0.0 -0.026 0.31623 995.0 1.3624 12.0 53.0 1.5071 0.0 0.0 -0.726 0.22361 993.0 1.4345 11.0 59.0 2.6071 0.0 0.0 -1.626 0.28284 989.0 1.4814 9.0 74.0 3.6071 0.0 0.0 -2.526 0.28284 980.0 1.6949 9.0 
0.28356 14.00819 79.0 4794.0 1.0 47.0 0.0 -0.9929 0.574 0.0 0.14142 996.0 1.3272 12.0 52.0 0.0071 0.0 0.0 -0.126 0.22361 993.0 1.3809 10.0 55.0 1.1071 0.0 0.0 -0.726 0.14142 993.0 1.5448 13.0 58.0 2.2071 0.0 0.0 -1.426 0.22361 991.0 1.5618 9.0 69.0 3.4071 0.0 0.0 -2.226 0.22361 984.0 1.6768 8.0 
0.47944 62.69156 52.0 4797.0 1.0 73.0 0.0 -1.5929 1.674 0.0 0.36056 988.0 2.1772 14.0 88.0 0.3071 0.0 0.474 0.0 0.36056 980.0 2.3968 11.0 92.0 2.3071 0.0 0.0 -0.826 0.44721 978.0 2.47 11.0 98.0 4.1071 0.0 0.0 -2.226 0.42426 970.0 2.2812 10.0 127.0 5.7071 0.0 0.0 -3.526 0.36056 941.0 2.288 7.0 
0.08538 60.18886 112.0 4800.0 1.0 47.0 0.0 -1.4929 1.274 0.0 0.36056 998.0 1.5041 14.0 48.0 0.0 -0.4929 0.0 -0.226 0.22361 996.0 1.3843 12.0 53.0 0.3071 0.0 0.0 -1.326 0.22361 991.0 1.3041 10.0 66.0 1.0071 0.0 0.0 -2.126 0.14142 984.0 1.5342 10.0 75.0 1.7071 0.0 0.0 -2.526 0.1 978.0 1.6415 11.0 
0.1835 69.35559 169.0 4806.0 1.0 55.0 0.0 -0.7929 1.574 0.0 0.28284 995.0 1.7165 12.0 63.0 0.4071 0.0 0.474 0.0 0.28284 991.0 1.8426 12.0 67.0 1.4071 0.0 0.0 -0.526 0.22361 988.0 1.834 10.0 71.0 2.4071 0.0 0.0 -1.326 0.22361 985.0 1.8388 9.0 76.0 3.4071 0.0 0.0 -1.926 0.14142 981.0 1.8436 9.0 
0.25863 14.4498 102.0 4807.0 1.0 38.0 0.1071 0.0 0.074 0.0 0.0 997.0 1.0 15.0 38.0 0.1071 0.0 0.074 0.0 0.1 997.0 1.0 15.0 39.0 0.2071 0.0 0.174 0.0 0.1 997.0 1.0 15.0 39.0 0.4071 0.0 0.174 0.0 0.1 997.0 1.0 15.0 39.0 0.7071 0.0 0.074 0.0 0.0 997.0 1.0 15.0 
0.08786 57.38457 62.0 480.0 1.0 46.0 0.0 -1.8929 1.374 0.0 0.44721 1001.0 1.801 12.0 45.0 0.0 -0.2929 0.0 -0.426 0.28284 1000.0 1.591 11.0 45.0 1.2071 0.0 0.0 -1.626 0.36056 999.0 1.4773 10.0 48.0 2.7071 0.0 0.0 -2.626 0.36056 998.0 1.5688 9.0 55.0 4.3071 0.0 0.0 -3.626 0.36056 996.0 1.8174 11.0 
0.11806 32.63974 90.0 4811.0 1.0 31.0 0.0 -0.7929 0.474 0.0 0.14142 999.0 1.0 11.0 36.0 0.0 -0.2929 0.0 -0.026 0.1 998.0 1.0 12.0 42.0 0.2071 0.0 0.0 -0.626 0.14142 996.0 1.0598 12.0 50.0 0.8071 0.0 0.0 -1.226 0.1 992.0 1.2159 10.0 64.0 1.4071 0.0 0.0 -1.626 0.14142 986.0 1.5495 10.0 
0.76375 19.33007 88.0 4813.0 1.0 70.0 0.0 -0.7929 0.374 0.0 0.2 983.0 1.6682 12.0 84.0 0.0071 0.0 0.174 0.0 0.1 973.0 1.8017 10.0 90.0 0.7071 0.0 0.074 0.0 0.14142 968.0 1.8385 9.0 90.0 1.4071 0.0 0.0 -0.126 0.14142 966.0 1.7602 8.0 95.0 2.2071 0.0 0.0 -0.426 0.14142 960.0 1.7392 7.0 
0.46666 34.21005 45.0 4815.0 1.0 67.0 0.0 -2.3929 2.474 0.0 0.64031 1000.0 2.5 18.0 63.0 0.3071 0.0 0.0 -0.026 0.5 999.0 2.5 17.0 57.0 2.8071 0.0 0.0 -1.526 0.44721 1000.0 2.5 18.0 51.0 5.0071 0.0 0.0 -2.426 0.41231 1000.0 2.0435 19.0 48.0 7.1071 0.0 0.0 -3.226 0.31623 1001.0 1.961 21.0 
0.82672 19.33007 55.0 4820.0 1.0 86.0 0.0 -1.6929 0.0 -0.226 0.31623 977.0 2.0984 8.0 100.0 0.0071 0.0 0.174 0.0 0.2 964.0 2.0844 7.0 106.0 1.7071 0.0 0.074 0.0 0.3 961.0 2.207 6.0 132.0 3.6071 0.0 0.0 -0.426 0.31623 937.0 2.3416 5.0 145.0 5.4071 0.0 0.0 -0.926 0.22361 919.0 2.2845 4.0 
0.26481 43.18263 80.0 4826.0 1.0 63.0 0.0 -0.6929 0.974 0.0 0.22361 989.0 1.6891 10.0 64.0 0.1071 0.0 0.374 0.0 0.22361 988.0 1.6734 10.0 65.0 1.0071 0.0 0.0 -0.326 0.14142 988.0 1.7261 10.0 67.0 2.0071 0.0 0.0 -1.026 0.14142 988.0 1.834 10.0 68.0 2.9071 0.0 0.0 -1.726 0.2 987.0 1.8165 10.0 
0.18574 113.88873 60.0 4830.0 1.0 52.0 0.0 -1.2929 0.0 -0.826 0.2 994.0 1.4536 14.0 63.0 0.0071 0.0 0.0 -1.026 0.2 990.0 1.7625 15.0 79.0 1.5071 0.0 0.0 -1.126 0.22361 982.0 2.0563 12.0 92.0 3.0071 0.0 0.0 -1.426 0.31623 974.0 2.2166 10.0 99.0 4.5071 0.0 0.0 -2.226 0.36056 968.0 2.2245 9.0 
0.35397 12.23339 91.0 4833.0 1.0 50.0 0.0 -1.2929 0.574 0.0 0.22361 997.0 1.5959 15.0 55.0 0.1071 0.0 0.0 -0.026 0.22361 995.0 1.7165 14.0 55.0 1.3071 0.0 0.0 -0.726 0.28284 995.0 1.7165 13.0 54.0 2.4071 0.0 0.0 -1.526 0.22361 994.0 1.5675 13.0 52.0 3.3071 0.0 0.0 -2.126 0.14142 994.0 1.4536 13.0 
0.15809 89.16323 74.0 4834.0 1.0 54.0 0.2071 0.0 0.0 -0.926 0.14142 991.0 1.3538 11.0 67.0 0.6071 0.0 0.0 -0.526 0.14142 984.0 1.581 9.0 66.0 1.1071 0.0 0.0 -0.226 0.1 984.0 1.5342 9.0 66.0 1.6071 0.0 0.0 -0.026 0.1 985.0 1.589 9.0 70.0 2.2071 0.0 0.0 -0.126 0.1 983.0 1.6682 9.0 
0.26473 48.39733 176.0 4837.0 1.0 48.0 0.0 -1.8929 0.674 0.0 0.36056 998.0 1.5688 10.0 51.0 0.0 -0.0929 0.0 -0.426 0.31623 997.0 1.6604 13.0 57.0 1.8071 0.0 0.0 -1.326 0.28284 994.0 1.7465 11.0 62.0 3.3071 0.0 0.0 -2.326 0.36056 990.0 1.707 11.0 74.0 4.6071 0.0 0.0 -3.226 0.28284 982.0 1.8042 9.0 
0.59399 14.00819 114.0 4843.0 1.0 66.0 0.0 -1.4929 0.0 -0.026 0.3 991.0 2.0223 11.0 69.0 0.0071 0.0 0.0 -0.126 0.22361 988.0 1.9451 10.0 67.0 1.3071 0.0 0.174 0.0 0.14142 988.0 1.834 10.0 69.0 2.3071 0.0 0.774 0.0 0.22361 987.0 1.8703 10.0 71.0 3.3071 0.0 1.374 0.0 0.22361 985.0 1.8388 9.0 
0.205 69.94114 72.0 4856.0 1.0 67.0 0.0 -0.5929 2.074 0.0 0.36056 992.0 2.1833 15.0 67.0 0.5071 0.0 0.374 0.0 0.28284 991.0 2.0841 14.0 69.0 1.7071 0.0 0.0 -0.726 0.28284 988.0 1.9451 13.0 71.0 2.8071 0.0 0.0 -1.626 0.22361 986.0 1.9069 12.0 73.0 3.7071 0.0 0.0 -2.226 0.22361 983.0 1.8143 12.0 
0.11324 114.50479 213.0 4859.0 1.0 47.0 0.0 -1.2929 0.0 -0.926 0.22361 998.0 1.5041 15.0 54.0 0.1071 0.0 0.0 -1.026 0.2 995.0 1.6546 14.0 60.0 1.3071 0.0 0.0 -0.926 0.2 992.0 1.7509 12.0 61.0 2.4071 0.0 0.0 -0.726 0.22361 991.0 1.7275 11.0 63.0 3.5071 0.0 0.0 -0.426 0.22361 990.0 1.7625 11.0 
0.09759 196.34223 63.0 4865.0 1.0 37.0 0.9071 0.0 0.0 -2.026 0.22361 1000.0 1.0756 19.0 44.0 1.5071 0.0 0.0 -0.926 0.14142 999.0 1.4124 16.0 46.0 2.2071 0.0 0.174 0.0 0.22361 998.0 1.4408 16.0 46.0 3.0071 0.0 1.174 0.0 0.22361 998.0 1.4408 16.0 46.0 3.8071 0.0 2.174 0.0 0.22361 998.0 1.4408 16.0 
0.52802 32.11459 75.0 4871.0 1.0 54.0 0.0 -1.3929 0.674 0.0 0.22361 995.0 1.6546 23.0 59.0 0.0 -0.0929 0.274 0.0 0.2 993.0 1.7777 20.0 63.0 1.2071 0.0 0.174 0.0 0.2 991.0 1.8426 18.0 69.0 2.5071 0.0 0.174 0.0 0.2 987.0 1.8703 17.0 77.0 3.8071 0.0 0.074 0.0 0.1 982.0 1.9535 14.0 
0.13204 131.67175 93.0 4888.0 1.0 60.0 0.1071 0.0 0.0 -1.826 0.28284 992.0 1.7509 12.0 73.0 1.1071 0.0 0.0 -0.426 0.28284 986.0 2.0159 10.0 78.0 2.0071 0.0 1.074 0.0 0.31623 982.0 2.0045 9.0 80.0 2.6071 0.0 2.674 0.0 0.22361 980.0 1.9808 8.0 78.0 3.1071 0.0 3.874 0.0 0.22361 980.0 1.883 8.0 
0.20609 69.35559 85.0 4891.0 1.0 56.0 0.0 -0.6929 1.774 0.0 0.28284 995.0 1.7795 18.0 57.0 0.4071 0.0 0.474 0.0 0.22361 994.0 1.7465 17.0 57.0 1.6071 0.0 0.0 -0.126 0.22361 993.0 1.6592 16.0 59.0 2.7071 0.0 0.0 -0.326 0.2 991.0 1.6161 15.0 62.0 3.7071 0.0 0.0 -0.426 0.2 989.0 1.6359 14.0 
0.06587 167.54553 78.0 4892.0 1.0 60.0 0.6071 0.0 0.0 -1.826 0.22361 989.0 1.5321 11.0 70.0 1.1071 0.0 0.0 -1.026 0.14142 984.0 1.7258 9.0 69.0 1.7071 0.0 0.0 -0.426 0.14142 984.0 1.6768 9.0 73.0 2.5071 0.0 0.074 0.0 0.14142 982.0 1.7558 9.0 77.0 3.4071 0.0 0.574 0.0 0.22361 980.0 1.8351 8.0 
0.11537 107.58565 190.0 4898.0 1.0 28.0 0.3071 0.0 0.0 -1.226 0.1 1000.0 1.0 16.0 32.0 0.5071 0.0 0.0 -0.826 0.1 1000.0 1.0 19.0 37.0 0.9071 0.0 0.0 -0.626 0.1 998.0 1.0 16.0 40.0 1.3071 0.0 0.0 -0.726 0.1 997.0 1.0214 15.0 42.0 1.6071 0.0 0.0 -0.826 0.1 996.0 1.0598 14.0 
0.15132 159.94659 37.0 489.0 1.0 55.0 0.0 -3.4929 0.0 -2.726 0.5831 1002.0 2.5 19.0 64.0 0.2071 0.0 0.0 -1.426 0.60828 1001.0 2.5 17.0 65.0 4.0071 0.0 0.0 -1.326 0.60828 1000.0 2.5 15.0 62.0 7.4071 0.0 0.0 -2.226 0.53852 999.0 2.5 14.0 54.0 10.0071 0.0 0.0 -3.526 0.44721 999.0 2.1274 14.0 
0.06213 66.82775 49.0 48.0 1.0 58.0 0.0 -2.6929 2.574 0.0 0.72111 1000.0 2.5 13.0 56.0 0.0 -0.2929 0.0 -0.526 0.56569 1000.0 2.4639 12.0 56.0 2.0071 0.0 0.0 -2.926 0.42426 999.0 2.2879 15.0 56.0 4.2071 0.0 0.0 -4.526 0.36056 997.0 2.0019 13.0 58.0 6.2071 0.0 0.0 -5.426 0.3 995.0 1.9088 13.0 
1.00006 8.25172 85.0 4907.0 1.0 86.0 0.0 -0.2929 0.0 -0.326 0.1 969.0 1.7168 9.0 93.0 0.0071 0.0 0.074 0.0 0.1 963.0 1.7668 8.0 97.0 0.5071 0.0 0.174 0.0 0.1 960.0 1.8132 8.0 105.0 1.1071 0.0 0.074 0.0 0.14142 954.0 1.9086 8.0 109.0 1.8071 0.0 0.0 -0.226 0.22361 952.0 1.9893 7.0 
0.21699 30.02471 57.0 4910.0 1.0 49.0 0.0 -1.4929 2.174 0.0 0.5 1001.0 2.0436 17.0 47.0 0.2071 0.0 0.174 0.0 0.42426 1000.0 1.7355 15.0 47.0 1.8071 0.0 0.0 -1.226 0.31623 998.0 1.5041 14.0 52.0 3.4071 0.0 0.0 -1.826 0.3 997.0 1.7261 16.0 58.0 5.0071 0.0 0.0 -1.926 0.3 994.0 1.8084 13.0 
0.17739 32.65484 62.0 4911.0 1.0 45.0 0.0 -1.2929 1.974 0.0 0.36056 1000.0 1.591 16.0 46.0 0.1071 0.0 0.274 0.0 0.36056 999.0 1.5437 15.0 49.0 1.6071 0.0 0.0 -1.026 0.31623 999.0 1.7517 17.0 52.0 3.1071 0.0 0.0 -1.626 0.22361 997.0 1.7261 15.0 54.0 4.4071 0.0 0.0 -1.826 0.2 995.0 1.6546 13.0 
0.13059 48.64617 74.0 4914.0 1.0 45.0 0.0 -1.8929 1.274 0.0 0.36056 999.0 1.4773 16.0 47.0 0.0 -0.2929 0.0 -0.326 0.28284 998.0 1.5041 15.0 47.0 1.2071 0.0 0.0 -1.426 0.28284 996.0 1.3272 13.0 50.0 2.4071 0.0 0.0 -2.326 0.22361 995.0 1.4186 15.0 56.0 3.6071 0.0 0.0 -3.126 0.14142 991.0 1.4559 13.0 
0.27315 32.65484 83.0 4916.0 1.0 58.0 0.0 -0.8929 1.574 0.0 0.28284 993.0 1.7179 12.0 61.0 0.1071 0.0 0.274 0.0 0.22361 992.0 1.8098 12.0 63.0 1.3071 0.0 0.0 -0.726 0.36056 992.0 1.9304 12.0 64.0 2.7071 0.0 0.0 -1.426 0.22361 991.0 1.9016 11.0 63.0 4.0071 0.0 0.0 -1.926 0.22361 990.0 1.7625 11.0 
0.05347 103.65204 68.0 4926.0 1.0 57.0 0.0 -1.7929 0.374 0.0 0.28284 991.0 1.5084 10.0 68.0 0.0 -0.6929 0.0 -0.626 0.28284 985.0 1.6867 10.0 86.0 0.4071 0.0 0.0 -1.426 0.22361 971.0 1.7986 8.0 117.0 1.7071 0.0 0.0 -1.926 0.22361 948.0 2.151 7.0 110.0 3.0071 0.0 0.0 -2.326 0.2 952.0 2.026 7.0 
0.36812 108.43208 140.0 4932.0 1.0 129.0 0.0 -0.5929 1.774 0.0 0.28284 939.0 2.2968 7.0 130.0 0.7071 0.0 0.674 0.0 0.22361 936.0 2.2417 6.0 138.0 2.0071 0.0 0.0 -0.326 0.28284 926.0 2.2357 6.0 144.0 3.3071 0.0 0.0 -1.326 0.22361 918.0 2.2294 6.0 145.0 4.6071 0.0 0.0 -2.026 0.22361 910.0 2.0849 4.0 
0.21753 47.29257 43.0 4947.0 1.0 66.0 0.0 -3.6929 1.674 0.0 0.67082 1001.0 2.5 16.0 65.0 0.0071 0.0 0.0 -0.426 0.67082 1000.0 2.5 15.0 64.0 3.2071 0.0 0.0 -2.026 0.44721 999.0 2.5 17.0 64.0 5.8071 0.0 0.0 -3.226 0.44721 997.0 2.5 15.0 60.0 7.8071 0.0 0.0 -4.226 0.31623 996.0 2.1629 14.0 
0.23199 47.45382 55.0 494.0 1.0 53.0 0.0 -1.3929 1.874 0.0 0.36056 996.0 1.6877 13.0 58.0 0.2071 0.0 0.374 0.0 0.36056 993.0 1.7179 11.0 65.0 1.9071 0.0 0.0 -0.726 0.28284 990.0 1.8762 12.0 78.0 3.5071 0.0 0.0 -1.626 0.22361 981.0 1.9419 9.0 101.0 4.9071 0.0 0.0 -2.326 0.31623 965.0 2.1706 9.0 
0.31204 26.90838 39.0 495.0 1.0 57.0 0.0 -2.1929 2.974 0.0 0.78102 1000.0 2.5 13.0 57.0 0.2071 0.0 0.0 -0.126 0.56569 999.0 2.3703 11.0 57.0 2.3071 0.0 0.0 -2.926 0.56569 998.0 2.2123 10.0 57.0 4.1071 0.0 0.0 -5.426 0.5 997.0 2.074 13.0 59.0 5.6071 0.0 0.0 -7.626 0.44721 994.0 1.8713 11.0 
0.46808 41.52148 68.0 4964.0 1.0 89.0 0.0 -1.2929 1.374 0.0 0.36056 975.0 2.129 8.0 90.0 0.0071 0.0 0.374 0.0 0.31623 974.0 2.1213 8.0 91.0 1.4071 0.0 0.0 -0.226 0.31623 973.0 2.1145 7.0 96.0 2.9071 0.0 0.0 -0.526 0.22361 968.0 2.0918 7.0 103.0 4.2071 0.0 0.0 -0.626 0.2 962.0 2.1247 6.0 
0.11976 84.17478 99.0 4971.0 1.0 72.0 0.0 -0.1929 1.774 0.0 0.36056 988.0 2.1179 10.0 70.0 0.7071 0.0 0.274 0.0 0.22361 987.0 1.9249 10.0 69.0 1.5071 0.0 0.0 -0.626 0.22361 985.0 1.7367 10.0 72.0 2.2071 0.0 0.0 -1.226 0.1 982.0 1.708 9.0 75.0 2.9071 0.0 0.0 -1.426 0.1 980.0 1.741 8.0 
0.25371 43.18263 61.0 4986.0 1.0 50.0 0.0 -1.7929 0.074 0.0 0.4 1000.0 1.9642 19.0 48.0 0.1071 0.0 0.374 0.0 0.3 1000.0 1.8102 18.0 45.0 1.7071 0.0 0.374 0.0 0.2 1000.0 1.591 18.0 45.0 3.2071 0.0 0.174 0.0 0.2 1000.0 1.591 18.0 44.0 4.6071 0.0 0.074 0.0 0.3 1000.0 1.5211 18.0 
0.4264 25.57494 58.0 4989.0 1.0 64.0 0.0 -2.0929 0.574 0.0 0.36056 995.0 2.3242 14.0 70.0 0.0 -0.1929 0.0 -0.126 0.31623 990.0 2.176 11.0 72.0 1.6071 0.0 0.0 -0.626 0.3 988.0 2.1179 10.0 78.0 3.3071 0.0 0.0 -0.926 0.31623 985.0 2.2193 9.0 78.0 4.9071 0.0 0.0 -1.126 0.31623 983.0 2.0713 9.0 
0.04697 101.5299 42.0 4990.0 1.0 48.0 0.0 -2.5929 0.774 0.0 0.44721 1000.0 1.8102 12.0 52.0 0.0 -0.3929 0.0 -0.826 0.5 999.0 1.9727 11.0 55.0 1.8071 0.0 0.0 -2.626 0.5 997.0 1.931 10.0 60.0 3.8071 0.0 0.0 -4.726 0.5 995.0 2.0427 8.0 65.0 5.4071 0.0 0.0 -7.026 0.42426 992.0 2.0549 10.0 
0.1038 122.04986 50.0 4996.0 1.0 42.0 0.0 -2.0929 0.974 0.0 0.5 1001.0 1.5014 18.0 45.0 0.0 -0.5929 0.0 -0.926 0.42426 1000.0 1.591 16.0 48.0 1.3071 0.0 0.0 -1.726 0.3 999.0 1.6809 15.0 51.0 3.2071 0.0 0.0 -1.426 0.41231 998.0 1.7711 17.0 56.0 5.2071 0.0 0.0 -1.026 0.3 996.0 1.8841 15.0 
0.19331 61.62514 78.0 5001.0 1.0 37.0 0.6071 0.0 0.0 -0.426 0.0 999.0 1.0 17.0 38.0 0.5071 0.0 0.0 -0.226 0.1 997.0 1.0 15.0 42.0 0.8071 0.0 0.0 -0.326 0.1 997.0 1.1261 15.0 45.0 1.3071 0.0 0.0 -0.526 0.14142 996.0 1.2166 14.0 47.0 1.9071 0.0 0.0 -0.926 0.14142 996.0 1.3272 14.0 
0.0675 75.10415 61.0 5002.0 1.0 43.0 0.0 -2.1929 1.174 0.0 0.42426 999.0 1.3489 12.0 46.0 0.0 -0.5929 0.0 -0.326 0.42426 998.0 1.4408 11.0 49.0 1.0071 0.0 0.0 -1.826 0.36056 997.0 1.5327 10.0 54.0 2.5071 0.0 0.0 -3.326 0.42426 994.0 1.5675 8.0 63.0 4.1071 0.0 0.0 -4.926 0.36056 992.0 1.9304 10.0 
0.32092 57.41677 54.0 5007.0 1.0 65.0 0.0 -2.0929 2.974 0.0 0.64031 998.0 2.5 13.0 61.0 0.2071 0.0 0.474 0.0 0.42426 997.0 2.3753 12.0 59.0 2.2071 0.0 0.0 -1.326 0.42426 996.0 2.0914 11.0 64.0 3.9071 0.0 0.0 -2.826 0.36056 994.0 2.2019 13.0 74.0 5.5071 0.0 0.0 -4.026 0.28284 988.0 2.2372 10.0 
0.12485 41.06496 131.0 5019.0 1.0 38.0 0.0 -0.0929 0.0 -1.026 0.22361 998.0 1.0 13.0 43.0 0.0 -0.2929 0.0 -0.226 0.14142 995.0 1.0492 11.0 51.0 0.0 -0.4929 0.474 0.0 0.1 992.0 1.265 12.0 58.0 0.0 -0.4929 0.974 0.0 0.14142 988.0 1.3744 10.0 58.0 0.0 -0.2929 1.374 0.0 0.1 988.0 1.3744 10.0 
0.14564 59.28963 58.0 5024.0 1.0 57.0 0.0 -2.9929 1.374 0.0 0.72111 1001.0 2.5 13.0 52.0 0.0 -0.0929 0.0 -0.526 0.53852 1000.0 2.1245 12.0 48.0 2.2071 0.0 0.0 -1.626 0.31623 999.0 1.6809 11.0 46.0 4.0071 0.0 0.0 -2.426 0.31623 999.0 1.5437 14.0 47.0 5.5071 0.0 0.0 -3.026 0.2 997.0 1.4101 12.0 
0.08321 56.47123 35.0 502.0 1.0 74.0 0.0 -3.6929 4.274 0.0 1.0 1001.0 2.5 18.0 66.0 0.0 -0.4929 0.0 -0.126 0.78102 1000.0 2.5 16.0 61.0 1.9071 0.0 0.0 -3.626 0.72111 999.0 2.5 15.0 60.0 3.9071 0.0 0.0 -6.626 0.5 997.0 2.2981 13.0 62.0 5.8071 0.0 0.0 -9.026 0.42426 996.0 2.3095 15.0 
0.19163 14.00819 81.0 5030.0 1.0 45.0 0.0 -1.4929 0.974 0.0 0.36056 999.0 1.4773 11.0 45.0 0.0071 0.0 0.0 -0.126 0.28284 998.0 1.3789 10.0 48.0 1.2071 0.0 0.0 -1.326 0.28284 996.0 1.3843 9.0 53.0 2.4071 0.0 0.0 -2.226 0.22361 993.0 1.4345 9.0 59.0 3.5071 0.0 0.0 -2.626 0.1 989.0 1.4814 9.0 
0.13443 66.82775 53.0 5047.0 1.0 54.0 0.0 -2.7929 1.074 0.0 0.5 1000.0 2.291 13.0 49.0 0.0 -0.2929 0.0 -0.526 0.41231 1000.0 1.8864 12.0 46.0 1.7071 0.0 0.0 -1.226 0.3 999.0 1.5437 15.0 50.0 3.5071 0.0 0.0 -1.426 0.3 998.0 1.7023 13.0 55.0 5.3071 0.0 0.0 -1.126 0.31623 996.0 1.8174 15.0 
0.08387 207.04004 47.0 5049.0 1.0 67.0 0.0 -2.3929 0.0 -2.826 0.60828 999.0 2.5 18.0 67.0 0.7071 0.0 0.0 -1.726 0.53852 997.0 2.5 15.0 68.0 3.0071 0.0 0.0 -0.426 0.5 995.0 2.5 13.0 64.0 5.1071 0.0 0.874 0.0 0.44721 996.0 2.4609 14.0 58.0 6.9071 0.0 1.974 0.0 0.31623 996.0 2.0211 14.0 
0.36888 25.09838 68.0 5050.0 1.0 44.0 0.0 -0.5929 0.0 -0.326 0.1 996.0 1.1632 15.0 55.0 0.0071 0.0 0.0 -0.226 0.1 992.0 1.4713 12.0 60.0 0.8071 0.0 0.0 -0.126 0.14142 990.0 1.5987 11.0 61.0 1.8071 0.0 0.074 0.0 0.1 991.0 1.7275 11.0 61.0 2.9071 0.0 0.074 0.0 0.2 992.0 1.8098 11.0 
0.32547 27.7603 67.0 5054.0 1.0 49.0 0.0 -2.1929 2.074 0.0 0.5 999.0 1.7517 17.0 56.0 0.1071 0.0 0.0 -0.226 0.5 998.0 2.1353 15.0 55.0 2.2071 0.0 0.0 -2.426 0.5 997.0 1.931 14.0 52.0 3.9071 0.0 0.0 -4.126 0.36056 995.0 1.5343 12.0 53.0 5.0071 0.0 0.0 -5.426 0.28284 993.0 1.4345 14.0 
0.19435 48.39733 54.0 5056.0 1.0 44.0 0.0 -2.0929 0.274 0.0 0.41231 1001.0 1.6478 18.0 44.0 0.0 -0.0929 0.0 -0.426 0.36056 1001.0 1.6478 16.0 45.0 1.6071 0.0 0.0 -1.226 0.31623 999.0 1.4773 15.0 48.0 3.3071 0.0 0.0 -1.726 0.3 999.0 1.6809 18.0 52.0 5.0071 0.0 0.0 -1.926 0.2 997.0 1.7261 16.0 
0.17152 64.32701 51.0 505.0 1.0 56.0 0.0 -2.6929 0.974 0.0 0.5 998.0 2.1353 14.0 58.0 0.0 -0.3929 0.0 -0.426 0.44721 996.0 2.0211 12.0 61.0 1.8071 0.0 0.0 -1.126 0.3 994.0 2.0003 14.0 70.0 3.8071 0.0 0.0 -1.526 0.31623 988.0 2.0019 11.0 87.0 5.7071 0.0 0.0 -2.326 0.31623 980.0 2.3427 11.0 
0.29913 92.73958 58.0 5069.0 1.0 108.0 0.0 -1.4929 2.474 0.0 0.5 970.0 2.5 7.0 101.0 0.6071 0.0 0.574 0.0 0.42426 973.0 2.5 7.0 89.0 2.4071 0.0 0.0 -0.926 0.36056 979.0 2.3795 8.0 79.0 3.9071 0.0 0.0 -2.126 0.28284 984.0 2.1981 9.0 71.0 5.2071 0.0 0.0 -3.026 0.22361 987.0 1.9803 10.0 
0.17715 32.98146 72.0 5073.0 1.0 49.0 0.0 -1.5929 1.674 0.0 0.5 1000.0 1.8864 15.0 51.0 0.0 -0.1929 0.0 -0.226 0.36056 999.0 1.8976 17.0 53.0 1.1071 0.0 0.0 -1.526 0.22361 997.0 1.7931 15.0 51.0 2.3071 0.0 0.0 -2.226 0.14142 996.0 1.5627 14.0 49.0 3.3071 0.0 0.0 -2.426 0.1 997.0 1.5327 14.0 
0.41089 87.40194 59.0 5077.0 1.0 91.0 0.0 -1.7929 2.574 0.0 0.5 982.0 2.5 14.0 94.0 0.4071 0.0 0.674 0.0 0.42426 980.0 2.5 14.0 91.0 2.5071 0.0 0.0 -0.626 0.36056 979.0 2.4876 13.0 87.0 4.2071 0.0 0.0 -1.426 0.2 978.0 2.2088 13.0 85.0 5.5071 0.0 0.0 -1.726 0.2 977.0 2.0498 13.0 
0.04444 87.97802 259.0 5080.0 1.0 49.0 0.0 -2.7929 1.474 0.0 0.5 1000.0 1.8864 12.0 52.0 0.0 -0.5929 0.0 -0.526 0.56569 999.0 1.9727 11.0 54.0 1.4071 0.0 0.0 -2.826 0.42426 997.0 1.8615 10.0 55.0 3.0071 0.0 0.0 -4.826 0.42426 995.0 1.7165 9.0 59.0 4.5071 0.0 0.0 -6.426 0.28284 993.0 1.7777 10.0 
0.24441 22.67945 69.0 5085.0 1.0 44.0 0.0 -1.0929 1.674 0.0 0.36056 1000.0 1.5211 16.0 45.0 0.1071 0.0 0.174 0.0 0.28284 999.0 1.4773 19.0 49.0 1.4071 0.0 0.0 -0.726 0.22361 997.0 1.5327 16.0 50.0 2.5071 0.0 0.0 -1.126 0.2 996.0 1.502 14.0 52.0 3.4071 0.0 0.0 -1.026 0.2 994.0 1.4536 13.0 
0.31534 67.21565 43.0 508.0 1.0 48.0 0.0 -2.4929 0.774 0.0 0.4 999.0 1.6809 15.0 56.0 0.0 -0.1929 0.574 0.0 0.4 998.0 2.1353 17.0 67.0 2.4071 0.0 0.274 0.0 0.4 996.0 2.5 14.0 72.0 5.2071 0.0 0.0 -0.026 0.41231 994.0 2.5 13.0 70.0 7.8071 0.0 0.0 -0.126 0.4 993.0 2.5 12.0 
0.13956 25.57494 70.0 5106.0 1.0 41.0 0.0 -1.2929 1.574 0.0 0.36056 1000.0 1.3207 12.0 41.0 0.0 -0.1929 0.0 -0.126 0.28284 1000.0 1.3207 16.0 43.0 1.0071 0.0 0.0 -1.426 0.22361 999.0 1.3489 15.0 44.0 2.2071 0.0 0.0 -2.426 0.22361 998.0 1.3183 13.0 48.0 3.3071 0.0 0.0 -3.026 0.22361 996.0 1.3843 11.0 
0.27265 24.41152 78.0 5107.0 1.0 57.0 0.0 -1.1929 1.474 0.0 0.42426 997.0 2.074 15.0 55.0 0.2071 0.0 0.074 0.0 0.22361 997.0 1.931 14.0 48.0 1.4071 0.0 0.0 -0.626 0.1 997.0 1.4708 15.0 44.0 2.1071 0.0 0.0 -0.526 0.14142 997.0 1.2359 15.0 43.0 2.6071 0.0 0.0 -0.026 0.1 997.0 1.1803 15.0 
0.21367 61.36266 81.0 5109.0 1.0 74.0 0.0 -0.0929 1.174 0.0 0.14142 982.0 1.8042 9.0 75.0 0.4071 0.0 0.374 0.0 0.14142 981.0 1.7954 9.0 73.0 1.1071 0.0 0.0 -0.226 0.1 982.0 1.7558 9.0 72.0 1.8071 0.0 0.0 -0.626 0.14142 983.0 1.7649 9.0 69.0 2.5071 0.0 0.0 -0.926 0.1 984.0 1.6768 9.0 
0.15635 81.1004 76.0 5122.0 1.0 52.0 0.0 -0.1929 0.0 -1.126 0.22361 993.0 1.3809 13.0 63.0 0.5071 0.0 0.0 -0.526 0.22361 988.0 1.6215 10.0 64.0 1.3071 0.0 0.074 0.0 0.14142 988.0 1.6734 10.0 65.0 2.1071 0.0 0.774 0.0 0.14142 988.0 1.7261 10.0 65.0 2.8071 0.0 1.474 0.0 0.14142 987.0 1.6597 10.0 
1.82535 12.23339 72.0 5124.0 1.0 136.0 0.0 -0.8929 0.474 0.0 0.14142 913.0 1.8891 5.0 153.0 0.1071 0.0 0.0 -0.026 0.22361 893.0 1.9924 4.0 157.0 1.2071 0.0 0.0 -0.526 0.22361 894.0 2.1156 4.0 149.0 2.1071 0.0 0.0 -0.926 0.2 905.0 2.0996 4.0 119.0 2.9071 0.0 0.0 -1.126 0.1 940.0 1.9813 5.0 
0.32818 10.70814 117.0 5127.0 1.0 57.0 0.0 -1.3929 1.574 0.0 0.42426 995.0 1.8436 11.0 61.0 0.0 -0.0929 0.0 -0.026 0.28284 991.0 1.7275 9.0 69.0 0.8071 0.0 0.0 -1.026 0.22361 984.0 1.6768 8.0 91.0 1.5071 0.0 0.0 -1.626 0.14142 967.0 1.8387 7.0 102.0 2.2071 0.0 0.0 -2.026 0.14142 957.0 1.8976 6.0 
0.52714 61.36266 60.0 5130.0 1.0 70.0 0.0 -2.2929 2.874 0.0 0.56569 997.0 2.5 10.0 69.0 0.4071 0.0 0.374 0.0 0.56569 995.0 2.5 8.0 65.0 2.5071 0.0 0.0 -1.726 0.42426 993.0 2.1576 7.0 70.0 4.1071 0.0 0.0 -3.226 0.28284 988.0 2.0019 8.0 86.0 5.4071 0.0 0.0 -4.126 0.22361 974.0 1.9369 6.0 
0.1758 54.46995 65.0 5132.0 1.0 57.0 0.0 -1.0929 2.674 0.0 0.53852 999.0 2.3703 18.0 52.0 0.4071 0.0 0.274 0.0 0.36056 999.0 1.9727 13.0 49.0 1.8071 0.0 0.0 -1.426 0.28284 998.0 1.6349 13.0 47.0 3.0071 0.0 0.0 -2.526 0.22361 997.0 1.4101 12.0 52.0 4.0071 0.0 0.0 -3.126 0.22361 995.0 1.5343 14.0 
0.5848 53.71602 59.0 5133.0 1.0 108.0 0.0 -2.1929 1.674 0.0 0.44721 968.0 2.5 7.0 124.0 0.3071 0.0 0.374 0.0 0.44721 953.0 2.5 6.0 113.0 2.4071 0.0 0.0 -0.826 0.36056 960.0 2.4607 6.0 102.0 4.0071 0.0 0.0 -1.526 0.22361 964.0 2.1686 6.0 93.0 5.2071 0.0 0.0 -1.626 0.22361 969.0 2.0077 7.0 
0.34874 30.02471 48.0 5134.0 1.0 65.0 0.0 -2.6929 2.874 0.0 0.84853 1002.0 2.5 24.0 57.0 0.2071 0.0 0.174 0.0 0.64031 1001.0 2.5 21.0 50.0 2.5071 0.0 0.0 -1.526 0.36056 1001.0 2.1279 20.0 46.0 4.4071 0.0 0.0 -2.426 0.31623 1001.0 1.801 20.0 44.0 6.3071 0.0 0.0 -2.826 0.31623 1001.0 1.6478 21.0 
0.16804 106.93434 58.0 5137.0 1.0 40.0 0.4071 0.0 0.0 -2.026 0.22361 1000.0 1.2571 14.0 43.0 0.8071 0.0 0.0 -0.526 0.22361 999.0 1.3489 13.0 41.0 1.3071 0.0 0.674 0.0 0.22361 1000.0 1.3207 13.0 40.0 2.1071 0.0 1.574 0.0 0.22361 1000.0 1.2571 13.0 44.0 3.3071 0.0 1.874 0.0 0.3 1000.0 1.5211 14.0 
0.35064 119.15354 40.0 5138.0 1.0 67.0 0.0 -1.9929 4.174 0.0 0.84853 999.0 2.5 12.0 64.0 0.9071 0.0 0.574 0.0 0.72111 999.0 2.5 11.0 61.0 3.1071 0.0 0.0 -2.626 0.5 997.0 2.3753 10.0 62.0 4.8071 0.0 0.0 -5.426 0.44721 995.0 2.1812 8.0 66.0 6.1071 0.0 0.0 -8.026 0.41231 992.0 2.1186 10.0 
0.20133 61.36266 72.0 5139.0 1.0 61.0 0.0 -1.4929 2.174 0.0 0.42426 998.0 2.5 17.0 58.0 0.4071 0.0 0.374 0.0 0.36056 997.0 2.1474 15.0 55.0 2.1071 0.0 0.0 -0.826 0.28284 996.0 1.8174 15.0 53.0 3.4071 0.0 0.0 -1.726 0.22361 996.0 1.6877 14.0 52.0 4.4071 0.0 0.0 -2.326 0.14142 995.0 1.5343 13.0 
0.2518 87.49915 66.0 5141.0 1.0 57.0 0.0 -0.8929 0.0 -1.426 0.22361 991.0 1.5084 9.0 73.0 0.3071 0.0 0.0 -0.726 0.22361 983.0 1.8143 8.0 97.0 1.6071 0.0 0.0 -0.126 0.28284 967.0 2.0892 7.0 111.0 2.9071 0.0 0.574 0.0 0.22361 954.0 2.1329 6.0 101.0 4.0071 0.0 1.374 0.0 0.22361 964.0 2.1263 6.0 
0.22746 48.75749 59.0 5147.0 1.0 36.0 0.0 -1.4929 0.0 -0.626 0.3 1002.0 1.2034 19.0 40.0 0.1071 0.0 0.0 -0.426 0.3 1001.0 1.3618 17.0 43.0 1.7071 0.0 0.0 -0.026 0.31623 1000.0 1.4527 15.0 44.0 3.2071 0.0 0.474 0.0 0.22361 1000.0 1.5211 14.0 42.0 4.5071 0.0 1.074 0.0 0.22361 1000.0 1.3859 14.0 
0.09124 50.31208 67.0 5149.0 1.0 43.0 0.0 -1.7929 1.074 0.0 0.36056 1000.0 1.4527 11.0 45.0 0.0 -0.3929 0.0 -0.226 0.28284 998.0 1.3789 10.0 48.0 0.9071 0.0 0.0 -1.226 0.22361 996.0 1.3843 9.0 53.0 2.1071 0.0 0.0 -1.826 0.22361 992.0 1.3662 7.0 63.0 3.3071 0.0 0.0 -2.126 0.2 988.0 1.6215 8.0 
0.41708 32.65484 61.0 514.0 1.0 60.0 0.0 -1.9929 0.974 0.0 0.31623 996.0 2.1629 15.0 66.0 0.1071 0.0 0.274 0.0 0.31623 993.0 2.2245 12.0 67.0 2.0071 0.0 0.0 -0.426 0.31623 992.0 2.1833 12.0 69.0 3.6071 0.0 0.0 -1.226 0.31623 990.0 2.1142 11.0 69.0 5.0071 0.0 0.0 -1.726 0.22361 988.0 1.9451 10.0 
0.12523 191.44351 54.0 5153.0 1.0 51.0 0.8071 0.0 0.0 -2.826 0.31623 996.0 1.5627 12.0 61.0 1.6071 0.0 0.0 -0.626 0.36056 994.0 2.0003 13.0 69.0 2.8071 0.0 1.274 0.0 0.36056 990.0 2.1142 11.0 72.0 4.1071 0.0 2.574 0.0 0.31623 987.0 2.0365 10.0 76.0 5.6071 0.0 2.974 0.0 0.3 984.0 2.0343 9.0 
0.50423 35.06378 68.0 5156.0 1.0 69.0 0.0 -1.6929 2.874 0.0 0.5831 995.0 2.5 12.0 66.0 0.3071 0.0 0.074 0.0 0.5 994.0 2.3416 11.0 65.0 2.2071 0.0 0.0 -1.726 0.28284 991.0 1.9615 9.0 73.0 3.7071 0.0 0.0 -3.026 0.22361 982.0 1.7558 7.0 97.0 4.9071 0.0 0.0 -3.926 0.22361 964.0 1.9612 7.0 
0.18739 32.98146 67.0 5166.0 1.0 53.0 0.0 -1.9929 1.774 0.0 0.5 999.0 2.0493 15.0 53.0 0.0 -0.1929 0.0 -0.226 0.42426 997.0 1.7931 13.0 54.0 1.5071 0.0 0.0 -1.626 0.28284 995.0 1.6546 13.0 59.0 2.9071 0.0 0.0 -2.626 0.22361 992.0 1.693 13.0 68.0 4.1071 0.0 0.0 -3.126 0.22361 986.0 1.7492 12.0 
0.31825 59.58399 58.0 5167.0 1.0 54.0 0.0 -1.9929 0.174 0.0 0.44721 998.0 1.9855 14.0 54.0 0.1071 0.0 0.0 -0.526 0.3 997.0 1.8615 16.0 59.0 1.9071 0.0 0.0 -0.426 0.31623 993.0 1.7777 14.0 69.0 3.6071 0.0 0.074 0.0 0.22361 989.0 2.0261 14.0 76.0 5.0071 0.0 0.374 0.0 0.31623 983.0 1.9665 12.0 
0.33117 13.18352 114.0 5169.0 1.0 47.0 0.0 -1.0929 0.0 -0.226 0.2 998.0 1.5041 16.0 50.0 0.0 -0.0929 0.074 0.0 0.22361 996.0 1.502 14.0 49.0 0.8071 0.0 0.574 0.0 0.22361 996.0 1.4425 14.0 48.0 1.6071 0.0 1.274 0.0 0.22361 997.0 1.4708 15.0 46.0 2.3071 0.0 2.174 0.0 0.22361 998.0 1.4408 15.0 
0.62815 24.41152 44.0 5171.0 1.0 75.0 0.0 -3.5929 2.674 0.0 0.92195 1000.0 2.5 11.0 70.0 0.2071 0.0 0.074 0.0 0.67082 998.0 2.5 9.0 65.0 3.3071 0.0 0.0 -1.326 0.41231 996.0 2.5 8.0 67.0 5.7071 0.0 0.0 -2.026 0.41231 993.0 2.2925 9.0 69.0 7.6071 0.0 0.0 -2.326 0.3 989.0 2.0261 8.0 
0.40322 38.12432 40.0 5178.0 1.0 76.0 0.0 -3.7929 3.974 0.0 0.92195 999.0 2.5 11.0 75.0 0.2071 0.0 0.274 0.0 0.78102 998.0 2.5 10.0 68.0 3.6071 0.0 0.0 -2.426 0.5831 997.0 2.5 9.0 68.0 6.4071 0.0 0.0 -4.526 0.5 996.0 2.5 11.0 71.0 8.9071 0.0 0.0 -6.126 0.5 992.0 2.4518 9.0 
0.2127 38.12432 107.0 5179.0 1.0 55.0 0.0 -1.5929 2.374 0.0 0.5831 1000.0 2.3767 15.0 52.0 0.2071 0.0 0.274 0.0 0.42426 1000.0 2.1245 14.0 48.0 1.9071 0.0 0.0 -1.026 0.28284 1000.0 1.8102 14.0 45.0 3.3071 0.0 0.0 -2.026 0.22361 1000.0 1.591 14.0 45.0 4.5071 0.0 0.0 -2.826 0.22361 999.0 1.4773 13.0 
0.09665 112.86066 56.0 5183.0 1.0 52.0 0.0 -2.5929 1.474 0.0 0.5 1001.0 2.3015 19.0 46.0 0.0 -0.5929 0.0 -0.826 0.42426 1001.0 1.801 17.0 43.0 1.1071 0.0 0.0 -1.926 0.31623 1000.0 1.4527 16.0 46.0 2.9071 0.0 0.0 -2.526 0.31623 999.0 1.5437 19.0 51.0 4.5071 0.0 0.0 -3.126 0.31623 998.0 1.7711 16.0 
0.71479 23.16855 106.0 5184.0 1.0 63.0 0.0071 0.0 0.0 -1.226 0.22361 989.0 1.6891 11.0 73.0 0.2071 0.0 0.0 -0.026 0.2 983.0 1.8143 9.0 74.0 0.4071 0.0 1.174 0.0 0.2 982.0 1.8042 9.0 78.0 0.7071 0.0 2.174 0.0 0.22361 978.0 1.7754 8.0 87.0 1.4071 0.0 2.974 0.0 0.14142 972.0 1.8856 7.0 
0.45776 25.09838 158.0 5191.0 1.0 44.0 0.0 -1.2929 0.0 -0.426 0.2 999.0 1.4124 19.0 49.0 0.0071 0.0 0.0 -0.226 0.22361 997.0 1.5327 15.0 54.0 1.1071 0.0 0.674 0.0 0.22361 995.0 1.6546 14.0 57.0 2.1071 0.0 1.774 0.0 0.22361 994.0 1.7465 13.0 55.0 3.0071 0.0 2.774 0.0 0.22361 995.0 1.7165 13.0 
0.44313 62.69156 54.0 5195.0 1.0 83.0 0.0 -1.4929 2.274 0.0 0.42426 984.0 2.4263 13.0 98.0 0.3071 0.0 0.474 0.0 0.36056 973.0 2.4523 12.0 114.0 2.1071 0.0 0.0 -0.526 0.31623 958.0 2.4134 10.0 128.0 3.9071 0.0 0.0 -1.426 0.31623 943.0 2.3906 9.0 135.0 5.5071 0.0 0.0 -2.326 0.36056 935.0 2.3865 8.0 
0.27688 94.49135 134.0 5203.0 1.0 69.0 0.4071 0.0 1.174 0.0 0.22361 984.0 1.6768 9.0 70.0 0.7071 0.0 0.474 0.0 0.14142 982.0 1.6144 9.0 63.0 0.9071 0.0 0.174 0.0 0.0 984.0 1.3979 9.0 61.0 0.9071 0.0 0.374 0.0 0.0 986.0 1.4076 10.0 62.0 0.9071 0.0 0.874 0.0 0.22361 987.0 1.5101 10.0 
0.18161 103.76609 66.0 5204.0 1.0 61.0 0.3071 0.0 0.0 -2.026 0.3 992.0 1.8098 12.0 74.0 0.9071 0.0 0.0 -0.226 0.31623 986.0 2.0715 10.0 81.0 1.7071 0.0 1.474 0.0 0.31623 982.0 2.1617 9.0 79.0 2.6071 0.0 2.774 0.0 0.22361 982.0 2.0563 9.0 73.0 3.8071 0.0 3.574 0.0 0.22361 986.0 2.0159 10.0 
0.14503 153.32256 65.0 5212.0 1.0 48.0 0.0071 0.0 0.0 -2.326 0.28284 999.0 1.6809 18.0 53.0 1.1071 0.0 0.0 -0.826 0.36056 997.0 1.7931 15.0 54.0 2.1071 0.0 0.774 0.0 0.28284 996.0 1.752 14.0 53.0 3.1071 0.0 2.174 0.0 0.28284 996.0 1.6877 14.0 53.0 4.2071 0.0 3.274 0.0 0.22361 996.0 1.6877 14.0 
0.34241 38.12432 69.0 5214.0 1.0 62.0 0.0 -1.4929 1.274 0.0 0.36056 995.0 2.1812 14.0 65.0 0.2071 0.0 0.274 0.0 0.31623 992.0 2.0549 12.0 66.0 1.8071 0.0 0.0 -0.426 0.22361 990.0 1.9344 11.0 70.0 3.1071 0.0 0.0 -1.226 0.22361 988.0 2.0019 10.0 75.0 4.3071 0.0 0.0 -2.026 0.22361 984.0 1.9811 9.0 
0.34866 42.77555 104.0 5216.0 1.0 40.0 0.0 -0.3929 0.274 0.0 0.1 994.0 1.0 13.0 49.0 0.0 -0.0929 0.374 0.0 0.1 990.0 1.0662 12.0 61.0 0.3071 0.0 0.574 0.0 0.0 984.0 1.3105 11.0 68.0 0.7071 0.0 0.874 0.0 0.1 982.0 1.5235 12.0 74.0 1.2071 0.0 1.174 0.0 0.1 974.0 1.4341 8.0 
0.2524 35.39254 49.0 5221.0 1.0 63.0 0.0 -2.9929 2.574 0.0 0.70711 1000.0 2.5 16.0 59.0 0.0 -0.2929 0.0 -0.126 0.5831 999.0 2.5 14.0 57.0 2.0071 0.0 0.0 -2.026 0.42426 998.0 2.2123 13.0 62.0 4.1071 0.0 0.0 -3.626 0.44721 996.0 2.3095 13.0 69.0 6.2071 0.0 0.0 -5.026 0.36056 993.0 2.4314 12.0 
0.20648 77.39705 75.0 5222.0 1.0 40.0 0.0 -0.4929 0.0 -1.026 0.2 998.0 1.0895 17.0 49.0 0.3071 0.0 0.0 -0.626 0.1 995.0 1.3624 14.0 54.0 1.0071 0.0 0.0 -0.326 0.14142 993.0 1.4892 12.0 57.0 1.8071 0.0 0.0 -0.126 0.22361 991.0 1.5084 12.0 61.0 2.7071 0.0 0.0 -0.426 0.22361 990.0 1.6524 11.0 
0.07132 147.18811 51.0 5224.0 1.0 62.0 0.0 -2.5929 0.0 -0.526 0.5 997.0 2.4538 12.0 66.0 0.0071 0.0 0.0 -1.326 0.5 994.0 2.3416 10.0 72.0 2.4071 0.0 0.0 -0.826 0.31623 990.0 2.3021 11.0 81.0 4.3071 0.0 0.0 -0.026 0.36056 984.0 2.3108 9.0 81.0 6.1071 0.0 0.874 0.0 0.22361 983.0 2.2337 9.0 
0.8171 41.52148 68.0 5225.0 1.0 132.0 0.0 -0.8929 0.374 0.0 0.2 928.0 2.0937 9.0 136.0 0.0071 0.0 0.374 0.0 0.2 924.0 2.1226 9.0 130.0 0.9071 0.0 0.174 0.0 0.22361 931.0 2.105 10.0 135.0 1.9071 0.0 0.0 -0.326 0.22361 927.0 2.1645 9.0 141.0 2.9071 0.0 0.0 -1.126 0.22361 921.0 2.2072 9.0 
0.09411 57.38457 86.0 5234.0 1.0 40.0 0.0 -1.3929 0.974 0.0 0.28284 1000.0 1.2571 17.0 40.0 0.0 -0.2929 0.0 -0.426 0.22361 999.0 1.1673 15.0 41.0 0.8071 0.0 0.0 -1.226 0.14142 998.0 1.1446 14.0 45.0 1.8071 0.0 0.0 -1.726 0.14142 996.0 1.2166 16.0 51.0 2.7071 0.0 0.0 -2.126 0.22361 993.0 1.3283 14.0 
0.21915 17.37652 68.0 5238.0 1.0 49.0 0.0 -1.5929 1.074 0.0 0.28284 999.0 1.7517 14.0 50.0 0.0 -0.0929 0.0 -0.126 0.28284 997.0 1.5959 12.0 51.0 1.2071 0.0 0.0 -0.926 0.31623 995.0 1.4759 11.0 54.0 2.5071 0.0 0.0 -1.626 0.36056 994.0 1.5675 10.0 65.0 3.8071 0.0 0.0 -2.526 0.22361 988.0 1.7261 8.0 
0.12708 113.88873 133.0 5243.0 1.0 29.0 0.0 -0.4929 0.0 -1.026 0.1 1000.0 1.0 16.0 33.0 0.0071 0.0 0.0 -1.026 0.1 999.0 1.0 14.0 41.0 0.5071 0.0 0.0 -0.926 0.1 997.0 1.0731 16.0 47.0 1.1071 0.0 0.0 -0.926 0.1 995.0 1.2535 14.0 49.0 1.7071 0.0 0.0 -0.826 0.1 994.0 1.2907 13.0 
0.14415 41.06496 86.0 5244.0 1.0 39.0 0.0 -1.0929 0.774 0.0 0.22361 1000.0 1.195 15.0 39.0 0.0 -0.2929 0.0 -0.226 0.14142 998.0 1.0357 14.0 44.0 0.4071 0.0 0.0 -0.826 0.14142 997.0 1.2359 15.0 50.0 1.1071 0.0 0.0 -1.026 0.2 994.0 1.3439 13.0 52.0 1.9071 0.0 0.0 -1.126 0.1 994.0 1.4536 13.0 
0.07779 169.69959 56.0 5248.0 1.0 58.0 0.0 -2.2929 0.0 -1.426 0.41231 995.0 1.9088 11.0 70.0 0.0 -0.0929 0.0 -1.526 0.4 992.0 2.3832 12.0 79.0 1.9071 0.0 0.0 -1.426 0.4 986.0 2.3609 9.0 79.0 3.8071 0.0 0.0 -1.526 0.2 984.0 2.1981 9.0 72.0 5.4071 0.0 0.0 -1.626 0.2 987.0 2.0365 10.0 
0.09746 115.88136 43.0 524.0 1.0 58.0 0.0 -3.2929 0.0 -0.226 0.53852 1000.0 2.5 16.0 61.0 0.0 -0.1929 0.0 -1.026 0.5099 999.0 2.5 14.0 61.0 2.7071 0.0 0.0 -1.626 0.5099 998.0 2.5 14.0 66.0 5.3071 0.0 0.0 -2.326 0.44721 996.0 2.5 14.0 69.0 7.7071 0.0 0.0 -3.026 0.41231 993.0 2.4314 12.0 
0.41651 39.17945 163.0 5252.0 1.0 50.0 0.7071 0.0 0.0 -0.526 0.14142 994.0 1.3439 13.0 50.0 0.3071 0.0 0.174 0.0 0.2 994.0 1.3439 13.0 48.0 0.1071 0.0 0.774 0.0 0.1 994.0 1.2385 13.0 47.0 0.0 -0.0929 1.274 0.0 0.1 994.0 1.1875 13.0 47.0 0.0 -0.0929 1.674 0.0 0.1 994.0 1.1875 13.0 
0.29791 59.5095 82.0 5255.0 1.0 48.0 0.9071 0.0 0.0 -0.326 0.14142 995.0 1.3074 13.0 44.0 0.5071 0.0 0.174 0.0 0.1 996.0 1.1632 14.0 41.0 0.3071 0.0 0.574 0.0 0.1 997.0 1.0731 15.0 38.0 0.2071 0.0 0.774 0.0 0.1 998.0 1.0 15.0 37.0 0.1071 0.0 0.974 0.0 0.1 998.0 1.0 16.0 
0.63772 36.19458 52.0 5257.0 1.0 57.0 0.0 -2.1929 0.0 -0.526 0.4 995.0 1.8436 11.0 68.0 0.0071 0.0 0.0 -0.326 0.31623 990.0 2.0534 9.0 82.0 2.0071 0.0 0.574 0.0 0.36056 984.0 2.3682 9.0 95.0 3.7071 0.0 1.874 0.0 0.36056 973.0 2.3045 7.0 100.0 5.5071 0.0 2.874 0.0 0.31623 970.0 2.3753 7.0 
0.21121 41.06496 93.0 5258.0 1.0 42.0 0.0 -1.0929 0.374 0.0 0.14142 998.0 1.2011 13.0 46.0 0.0 -0.2929 0.0 -0.226 0.14142 995.0 1.2007 11.0 52.0 0.4071 0.0 0.0 -0.626 0.1 993.0 1.3809 12.0 63.0 1.1071 0.0 0.0 -0.726 0.1 987.0 1.5592 10.0 69.0 1.8071 0.0 0.0 -0.726 0.1 983.0 1.6209 9.0 
0.42867 30.42421 103.0 5259.0 1.0 84.0 0.0 -0.3929 0.574 0.0 0.14142 972.0 1.7578 7.0 79.0 0.0071 0.0 0.274 0.0 0.1 975.0 1.6775 8.0 77.0 0.4071 0.0 0.374 0.0 0.1 977.0 1.6821 8.0 76.0 0.9071 0.0 0.674 0.0 0.14142 979.0 1.7351 8.0 74.0 1.5071 0.0 1.074 0.0 0.1 980.0 1.6949 8.0 
0.29404 69.49047 75.0 5261.0 1.0 59.0 0.0 -1.1929 0.0 -0.426 0.22361 988.0 1.4222 9.0 73.0 0.0071 0.0 0.0 -0.626 0.2 980.0 1.6494 9.0 97.0 1.0071 0.0 0.0 -0.126 0.22361 959.0 1.7796 7.0 123.0 1.9071 0.0 0.674 0.0 0.14142 939.0 2.0882 7.0 119.0 2.6071 0.0 1.474 0.0 0.14142 943.0 2.0662 7.0 
0.45982 30.42421 57.0 5266.0 1.0 56.0 0.0 -2.2929 0.0 -1.026 0.36056 999.0 2.2879 17.0 61.0 0.0071 0.0 0.274 0.0 0.41231 998.0 2.5 16.0 56.0 2.2071 0.0 0.874 0.0 0.4 998.0 2.1353 16.0 50.0 4.1071 0.0 0.974 0.0 0.2 998.0 1.7023 16.0 45.0 5.5071 0.0 1.074 0.0 0.22361 999.0 1.4773 17.0 
0.08031 121.95089 61.0 5269.0 1.0 49.0 0.0 -2.4929 0.0 -0.226 0.41231 1000.0 1.8864 15.0 55.0 0.0 -0.3929 0.0 -1.026 0.41231 998.0 2.0598 17.0 58.0 1.5071 0.0 0.0 -1.826 0.31623 996.0 2.0211 14.0 56.0 3.1071 0.0 0.0 -2.326 0.22361 996.0 1.8841 14.0 54.0 4.5071 0.0 0.0 -2.526 0.2 996.0 1.752 14.0 
0.26809 57.8912 69.0 5272.0 1.0 67.0 0.1071 0.0 0.0 -0.926 0.1 982.0 1.479 9.0 87.0 0.4071 0.0 0.0 -0.326 0.14142 969.0 1.757 7.0 88.0 0.9071 0.0 0.274 0.0 0.14142 969.0 1.7976 7.0 93.0 1.7071 0.0 0.674 0.0 0.1 967.0 1.9204 7.0 101.0 2.7071 0.0 0.374 0.0 0.2 961.0 2.0037 6.0 
0.26437 8.25172 218.0 5283.0 1.0 43.0 0.0 -0.8929 1.274 0.0 0.22361 998.0 1.259 14.0 45.0 0.0071 0.0 0.074 0.0 0.22361 997.0 1.2927 12.0 50.0 0.8071 0.0 0.0 -0.926 0.14142 994.0 1.3439 10.0 60.0 1.5071 0.0 0.0 -1.526 0.14142 990.0 1.5987 11.0 69.0 2.3071 0.0 0.0 -1.826 0.1 984.0 1.6768 9.0 
0.14217 21.60552 92.0 5288.0 1.0 43.0 0.0 -1.3929 1.874 0.0 0.36056 999.0 1.3489 13.0 42.0 0.0 -0.1929 0.0 -0.026 0.36056 999.0 1.2869 16.0 43.0 0.9071 0.0 0.0 -1.626 0.36056 997.0 1.1803 15.0 45.0 1.9071 0.0 0.0 -3.126 0.28284 996.0 1.2166 13.0 47.0 2.9071 0.0 0.0 -4.126 0.22361 993.0 1.1281 12.0 
0.24973 47.45382 60.0 5294.0 1.0 54.0 0.0 -1.5929 1.774 0.0 0.36056 997.0 1.8615 12.0 57.0 0.2071 0.0 0.374 0.0 0.28284 995.0 1.8436 11.0 63.0 1.8071 0.0 0.0 -0.526 0.31623 992.0 1.9304 12.0 70.0 3.3071 0.0 0.0 -0.726 0.2 987.0 1.9249 10.0 75.0 4.5071 0.0 0.0 -0.326 0.22361 983.0 1.9151 9.0 
0.11798 254.57763 48.0 5299.0 1.0 149.0 0.0071 0.0 4.674 0.0 0.67082 935.0 2.5 6.0 148.0 1.9071 0.0 1.274 0.0 0.5831 934.0 2.5 6.0 132.0 3.7071 0.0 0.0 -1.526 0.5 948.0 2.5 7.0 143.0 5.5071 0.0 0.0 -3.626 0.36056 929.0 2.4864 6.0 140.0 7.0071 0.0 0.0 -4.926 0.22361 927.0 2.3278 6.0 
0.12451 23.16855 177.0 52.0 1.0 34.0 0.0 -0.1929 1.074 0.0 0.31623 1001.0 1.0 17.0 33.0 0.2071 0.0 0.0 -0.026 0.14142 1000.0 1.0 16.0 33.0 0.5071 0.0 0.0 -0.726 0.1 1000.0 1.0 19.0 38.0 0.8071 0.0 0.0 -0.926 0.14142 998.0 1.0 16.0 45.0 1.3071 0.0 0.0 -0.526 0.1 996.0 1.2166 14.0 
0.17882 203.72254 39.0 5306.0 1.0 73.0 0.0 -0.5929 5.374 0.0 0.89443 999.0 2.5 11.0 69.0 1.7071 0.0 0.674 0.0 0.76158 998.0 2.5 12.0 68.0 3.7071 0.0 0.0 -3.126 0.72111 997.0 2.5 13.0 72.0 5.8071 0.0 0.0 -6.426 0.56569 994.0 2.5 11.0 78.0 8.0071 0.0 0.0 -8.926 0.5 990.0 2.5 10.0 
0.20782 47.29257 76.0 5307.0 1.0 37.0 0.0 -0.5929 0.0 -0.226 0.14142 999.0 1.0 17.0 46.0 0.0071 0.0 0.0 -0.426 0.1 996.0 1.2713 14.0 51.0 0.7071 0.0 0.0 -0.426 0.22361 995.0 1.4759 13.0 49.0 1.6071 0.0 0.0 -0.326 0.14142 996.0 1.4425 14.0 47.0 2.5071 0.0 0.0 -0.126 0.1 997.0 1.4101 14.0 
0.32506 61.36266 99.0 5310.0 1.0 100.0 0.0 -0.3929 1.074 0.0 0.14142 963.0 2.0427 8.0 102.0 0.4071 0.0 0.374 0.0 0.22361 960.0 2.005 8.0 97.0 1.2071 0.0 0.0 -0.026 0.14142 962.0 1.8843 8.0 91.0 1.8071 0.0 0.0 -0.126 0.14142 966.0 1.7996 9.0 92.0 2.2071 0.0 0.274 0.0 0.14142 965.0 1.801 9.0 
0.20179 63.97938 64.0 5311.0 1.0 47.0 0.0 -0.9929 2.174 0.0 0.5 999.0 1.6116 16.0 47.0 0.5071 0.0 0.274 0.0 0.42426 998.0 1.5041 15.0 49.0 2.0071 0.0 0.0 -1.426 0.36056 997.0 1.5327 13.0 52.0 3.3071 0.0 0.0 -3.026 0.28284 995.0 1.5343 16.0 56.0 4.5071 0.0 0.0 -4.226 0.28284 992.0 1.5252 13.0 
0.10253 67.28161 65.0 5321.0 1.0 42.0 0.0 -1.5929 1.274 0.0 0.28284 998.0 1.2011 10.0 45.0 0.0 -0.5929 0.0 -0.126 0.31623 996.0 1.2166 11.0 51.0 0.4071 0.0 0.0 -1.526 0.28284 995.0 1.4759 11.0 58.0 1.5071 0.0 0.0 -2.726 0.28284 990.0 1.4939 9.0 71.0 2.7071 0.0 0.0 -3.626 0.22361 983.0 1.7162 10.0 
0.16271 62.18838 88.0 5325.0 1.0 39.0 0.0 -0.6929 0.0 -0.326 0.14142 997.0 1.0 12.0 47.0 0.0 -0.1929 0.0 -0.526 0.14142 995.0 1.2535 14.0 57.0 0.5071 0.0 0.0 -0.526 0.1 991.0 1.5084 11.0 60.0 1.3071 0.0 0.0 -0.426 0.14142 990.0 1.5987 11.0 61.0 2.1071 0.0 0.0 -0.326 0.2 990.0 1.6524 11.0 
0.14569 148.01451 52.0 5329.0 1.0 65.0 0.0 -0.9929 3.674 0.0 0.64031 994.0 2.2712 11.0 69.0 1.0071 0.0 0.874 0.0 0.5831 992.0 2.3156 10.0 76.0 2.9071 0.0 0.0 -1.926 0.5 988.0 2.3598 12.0 88.0 4.6071 0.0 0.0 -4.126 0.44721 978.0 2.2599 10.0 118.0 6.1071 0.0 0.0 -5.726 0.28284 946.0 2.1226 7.0 
0.1067 105.1813 79.0 5339.0 1.0 55.0 0.6071 0.0 1.374 0.0 0.22361 994.0 1.6261 13.0 55.0 0.9071 0.0 0.274 0.0 0.22361 993.0 1.5448 12.0 55.0 1.4071 0.0 0.0 -0.526 0.14142 992.0 1.4713 12.0 56.0 2.2071 0.0 0.0 -0.926 0.2 993.0 1.6015 12.0 55.0 3.3071 0.0 0.0 -1.126 0.2 994.0 1.6261 13.0 
0.18119 103.30197 53.0 533.0 1.0 44.0 0.0 -1.9929 0.0 -1.426 0.31623 1001.0 1.6478 21.0 50.0 0.0 -0.0929 0.0 -0.926 0.3 999.0 1.8239 18.0 51.0 1.6071 0.0 0.0 -1.026 0.31623 998.0 1.7711 16.0 53.0 3.4071 0.0 0.0 -1.426 0.3 998.0 1.9127 16.0 52.0 5.1071 0.0 0.0 -1.826 0.2 998.0 1.8412 16.0 
0.28193 54.46995 52.0 5346.0 1.0 51.0 0.0 -2.0929 2.674 0.0 0.56569 1001.0 2.2138 17.0 56.0 0.4071 0.0 0.274 0.0 0.5 1000.0 2.4639 16.0 52.0 2.5071 0.0 0.0 -1.926 0.42426 999.0 1.9727 15.0 48.0 4.1071 0.0 0.0 -3.126 0.31623 998.0 1.5688 13.0 53.0 5.7071 0.0 0.0 -3.226 0.31623 997.0 1.7931 15.0 
0.20303 53.71602 74.0 5366.0 1.0 71.0 0.0 -0.6929 1.074 0.0 0.14142 985.0 1.8388 9.0 73.0 0.3071 0.0 0.374 0.0 0.22361 984.0 1.8769 9.0 74.0 1.4071 0.0 0.0 -0.426 0.22361 984.0 1.9286 9.0 75.0 2.6071 0.0 0.0 -0.926 0.2 983.0 1.9151 9.0 74.0 3.7071 0.0 0.0 -1.226 0.2 984.0 1.9286 9.0 
0.56945 45.92858 113.0 5371.0 1.0 66.0 0.5071 0.0 0.0 -0.426 0.1 983.0 1.483 12.0 71.0 0.4071 0.0 0.074 0.0 0.1 981.0 1.609 11.0 70.0 0.5071 0.0 0.574 0.0 0.0 980.0 1.5166 11.0 67.0 0.7071 0.0 0.774 0.0 0.0 982.0 1.479 11.0 66.0 1.1071 0.0 0.874 0.0 0.0 982.0 1.4352 11.0 
0.13649 104.82693 97.0 5382.0 1.0 63.0 0.4071 0.0 0.0 -1.026 0.14142 985.0 1.4478 10.0 79.0 0.7071 0.0 0.0 -0.626 0.14142 973.0 1.5936 8.0 78.0 1.1071 0.0 0.0 -0.326 0.14142 974.0 1.5933 8.0 77.0 1.6071 0.0 0.0 -0.126 0.14142 976.0 1.6367 8.0 77.0 2.1071 0.0 0.0 -0.226 0.1 976.0 1.6367 8.0 
0.09702 45.79963 61.0 5390.0 1.0 61.0 0.0 -2.5929 2.974 0.0 0.72111 999.0 2.5 11.0 59.0 0.0 -0.3929 0.0 -0.126 0.56569 997.0 2.2221 10.0 58.0 1.6071 0.0 0.0 -2.126 0.36056 996.0 2.0211 12.0 61.0 3.4071 0.0 0.0 -3.126 0.28284 992.0 1.8098 10.0 70.0 4.9071 0.0 0.0 -3.726 0.22361 987.0 1.9249 10.0 
0.17301 47.45382 59.0 5399.0 1.0 50.0 0.0 -1.3929 1.774 0.0 0.36056 999.0 1.8239 18.0 55.0 0.2071 0.0 0.374 0.0 0.36056 997.0 1.931 15.0 58.0 1.7071 0.0 0.0 -0.726 0.28284 995.0 1.9088 14.0 59.0 3.1071 0.0 0.0 -1.726 0.22361 994.0 1.8713 13.0 60.0 4.4071 0.0 0.0 -2.526 0.31623 993.0 1.8385 12.0 
0.18846 22.93337 54.0 5403.0 1.0 55.0 0.0 -1.8929 3.174 0.0 0.5831 1001.0 2.5 13.0 51.0 0.0 -0.1929 0.074 0.0 0.5 1000.0 2.0435 12.0 49.0 1.6071 0.0 0.0 -2.026 0.36056 1000.0 1.8864 15.0 48.0 3.3071 0.0 0.0 -3.126 0.31623 999.0 1.6809 13.0 53.0 5.0071 0.0 0.0 -3.726 0.31623 996.0 1.6877 12.0 
0.16726 54.46995 64.0 5406.0 1.0 48.0 0.0 -0.7929 1.274 0.0 0.28284 997.0 1.4708 12.0 49.0 0.4071 0.0 0.274 0.0 0.22361 996.0 1.4425 12.0 50.0 1.5071 0.0 0.0 -0.926 0.28284 996.0 1.502 12.0 51.0 2.7071 0.0 0.0 -1.926 0.22361 996.0 1.5627 11.0 57.0 3.8071 0.0 0.0 -2.626 0.22361 991.0 1.5084 9.0 
0.19927 14.4498 76.0 5411.0 1.0 35.0 0.0 -0.4929 0.774 0.0 0.22361 1000.0 1.0 15.0 37.0 0.1071 0.0 0.074 0.0 0.14142 999.0 1.0 16.0 43.0 0.8071 0.0 0.0 -0.326 0.1 997.0 1.1803 15.0 49.0 1.6071 0.0 0.0 -0.426 0.1 996.0 1.4425 14.0 50.0 2.4071 0.0 0.0 -0.226 0.2 996.0 1.502 14.0 
0.10598 65.59587 58.0 5414.0 1.0 40.0 0.0 -1.9929 1.374 0.0 0.42426 1002.0 1.4856 20.0 41.0 0.0 -0.4929 0.0 -0.326 0.42426 1001.0 1.4308 18.0 43.0 1.1071 0.0 0.0 -1.726 0.28284 1001.0 1.5738 21.0 46.0 2.7071 0.0 0.0 -2.426 0.2 1000.0 1.6625 19.0 46.0 4.3071 0.0 0.0 -2.326 0.22361 999.0 1.5437 18.0 
0.15076 51.90795 58.0 5415.0 1.0 57.0 0.0 -1.7929 0.574 0.0 0.36056 994.0 1.7465 10.0 66.0 0.0 -0.1929 0.0 -0.426 0.31623 990.0 1.9344 11.0 83.0 1.4071 0.0 0.0 -1.326 0.31623 981.0 2.1988 9.0 87.0 3.0071 0.0 0.0 -1.926 0.31623 978.0 2.2088 8.0 85.0 4.6071 0.0 0.0 -2.326 0.2 978.0 2.1084 8.0 
0.05643 65.59587 51.0 5418.0 1.0 60.0 0.0 -3.1929 1.774 0.0 0.64031 998.0 2.4513 10.0 63.0 0.0 -0.4929 0.0 -0.326 0.56569 997.0 2.5 13.0 65.0 1.8071 0.0 0.0 -2.126 0.5 994.0 2.2712 10.0 71.0 4.0071 0.0 0.0 -3.526 0.36056 989.0 2.1453 9.0 84.0 5.9071 0.0 0.0 -4.726 0.36056 983.0 2.4023 9.0 
0.13839 57.38457 67.0 5439.0 1.0 42.0 0.0 -1.6929 0.674 0.0 0.28284 999.0 1.2869 16.0 46.0 0.0 -0.2929 0.0 -0.426 0.36056 998.0 1.4408 14.0 51.0 1.2071 0.0 0.0 -1.626 0.36056 996.0 1.5627 12.0 56.0 2.6071 0.0 0.0 -2.726 0.36056 994.0 1.6858 14.0 65.0 3.9071 0.0 0.0 -3.626 0.28284 988.0 1.7261 11.0 
0.07576 296.87108 41.0 543.0 1.0 45.0 0.0 -1.5929 0.0 -3.526 0.36056 999.0 1.4773 14.0 58.0 0.5071 0.0 0.0 -2.626 0.41231 998.0 2.2906 16.0 70.0 3.1071 0.0 0.0 -2.126 0.41231 995.0 2.5 13.0 71.0 5.9071 0.0 0.0 -2.126 0.4 994.0 2.5 13.0 68.0 8.5071 0.0 0.0 -2.426 0.4 995.0 2.5 13.0 
0.11793 158.46145 76.0 5442.0 1.0 90.0 0.8071 0.0 2.174 0.0 0.31623 972.0 2.0178 10.0 116.0 1.3071 0.0 0.574 0.0 0.31623 947.0 2.0824 7.0 141.0 2.0071 0.0 0.0 -0.826 0.14142 918.0 2.1375 6.0 167.0 2.8071 0.0 0.0 -1.626 0.2 880.0 2.1417 5.0 174.0 3.8071 0.0 0.0 -1.826 0.2 871.0 2.1777 5.0 
0.19531 148.36538 71.0 5447.0 1.0 91.0 0.5071 0.0 1.874 0.0 0.22361 971.0 2.0138 12.0 106.0 1.2071 0.0 0.574 0.0 0.14142 958.0 2.0866 10.0 128.0 2.0071 0.0 0.0 -0.526 0.28284 936.0 2.1733 8.0 139.0 2.9071 0.0 0.0 -1.426 0.22361 921.0 2.145 7.0 155.0 3.8071 0.0 0.0 -2.126 0.14142 889.0 1.9789 5.0 
0.95016 8.25172 74.0 5452.0 1.0 120.0 0.0 -1.1929 0.874 0.0 0.28284 947.0 2.2284 5.0 114.0 0.0071 0.0 0.074 0.0 0.2 951.0 2.1409 6.0 87.0 1.1071 0.0 0.0 -0.126 0.1 974.0 1.9822 7.0 79.0 2.1071 0.0 0.0 -0.026 0.2 979.0 1.8748 8.0 77.0 3.1071 0.0 0.174 0.0 0.22361 981.0 1.8924 8.0 
0.12222 101.5299 83.0 5458.0 1.0 40.0 0.0 -1.4929 0.0 -0.326 0.22361 1000.0 1.2571 15.0 41.0 0.0 -0.3929 0.0 -0.826 0.14142 999.0 1.2264 18.0 45.0 0.4071 0.0 0.0 -1.026 0.14142 997.0 1.2927 15.0 46.0 1.1071 0.0 0.0 -0.726 0.1 996.0 1.2713 14.0 43.0 1.7071 0.0 0.0 -0.326 0.1 997.0 1.1803 15.0 
0.11073 56.66943 83.0 5465.0 1.0 42.0 0.0 -1.1929 0.374 0.0 0.14142 997.0 1.1261 13.0 48.0 0.0 -0.3929 0.0 -0.326 0.14142 994.0 1.2385 11.0 57.0 0.4071 0.0 0.0 -1.026 0.22361 990.0 1.4428 10.0 73.0 1.4071 0.0 0.0 -1.526 0.1 982.0 1.7558 9.0 85.0 2.3071 0.0 0.0 -1.826 0.2 974.0 1.8922 8.0 
0.09724 108.91054 120.0 5466.0 1.0 111.0 0.6071 0.0 1.274 0.0 0.22361 948.0 1.9361 5.0 103.0 0.9071 0.0 0.374 0.0 0.14142 956.0 1.901 6.0 96.0 1.3071 0.0 0.0 -0.326 0.1 955.0 1.6229 5.0 88.0 1.5071 0.0 0.0 -0.926 0.1 965.0 1.6478 5.0 76.0 1.8071 0.0 0.0 -1.226 0.1 975.0 1.5525 6.0 
0.16532 2.99167 130.0 5473.0 1.0 27.0 0.0 -0.2929 0.374 0.0 0.14142 1001.0 1.0 17.0 29.0 0.0071 0.0 0.0 -0.026 0.1 1000.0 1.0 16.0 31.0 0.3071 0.0 0.0 -0.326 0.0 999.0 1.0 14.0 36.0 0.5071 0.0 0.0 -0.526 0.0 998.0 1.0 16.0 44.0 0.8071 0.0 0.0 -0.526 0.1 995.0 1.0985 14.0 
0.19334 94.49135 127.0 5474.0 1.0 78.0 0.6071 0.0 1.174 0.0 0.1 976.0 1.6795 10.0 82.0 0.7071 0.0 0.474 0.0 0.14142 974.0 1.761 10.0 82.0 1.1071 0.0 0.0 -0.126 0.1 974.0 1.761 10.0 81.0 1.5071 0.0 0.0 -0.626 0.14142 975.0 1.7635 10.0 78.0 2.0071 0.0 0.0 -1.026 0.0 976.0 1.6795 10.0 
0.27314 141.95101 44.0 547.0 1.0 69.0 0.0 -3.0929 2.974 0.0 0.76158 1001.0 2.5 21.0 65.0 0.5071 0.0 1.174 0.0 0.53852 1000.0 2.5 18.0 61.0 3.3071 0.0 0.0 -0.126 0.5099 999.0 2.5 17.0 57.0 5.8071 0.0 0.0 -0.926 0.31623 998.0 2.2123 16.0 51.0 7.6071 0.0 0.0 -1.126 0.3 998.0 1.7711 16.0 
0.15687 27.12273 110.0 5482.0 1.0 52.0 0.0 -2.2929 2.174 0.0 0.56569 1001.0 2.3015 9.0 49.0 0.0 -0.0929 0.0 -0.226 0.42426 1001.0 2.0436 12.0 46.0 1.6071 0.0 0.0 -2.226 0.42426 1000.0 1.6625 11.0 44.0 2.9071 0.0 0.0 -3.526 0.28284 999.0 1.4124 10.0 44.0 3.9071 0.0 0.0 -4.126 0.2 996.0 1.1632 8.0 
0.30054 113.60601 60.0 5484.0 1.0 136.0 0.0 -0.4929 2.374 0.0 0.36056 936.0 2.4534 8.0 139.0 0.9071 0.0 0.474 0.0 0.42426 934.0 2.498 8.0 127.0 2.4071 0.0 0.0 -1.126 0.36056 944.0 2.3875 9.0 121.0 3.8071 0.0 0.0 -2.226 0.28284 948.0 2.3006 9.0 123.0 5.1071 0.0 0.0 -3.026 0.22361 944.0 2.2395 9.0 
0.14151 21.60552 62.0 5487.0 1.0 46.0 0.0 -1.5929 1.474 0.0 0.36056 999.0 1.5437 11.0 45.0 0.0 -0.1929 0.0 -0.026 0.28284 998.0 1.3789 10.0 48.0 1.1071 0.0 0.0 -1.226 0.28284 996.0 1.3843 11.0 55.0 2.5071 0.0 0.0 -2.226 0.22361 994.0 1.6261 10.0 65.0 3.8071 0.0 0.0 -3.026 0.22361 987.0 1.6597 8.0 
0.10428 80.01448 47.0 548.0 1.0 58.0 0.0 -3.2929 1.774 0.0 0.64031 1000.0 2.5 12.0 58.0 0.0 -0.4929 0.0 -0.526 0.44721 999.0 2.4542 14.0 59.0 2.0071 0.0 0.0 -2.026 0.41231 997.0 2.2221 12.0 60.0 4.2071 0.0 0.0 -3.126 0.36056 996.0 2.1629 11.0 70.0 6.3071 0.0 0.0 -4.426 0.36056 993.0 2.5 12.0 
0.06702 90.28514 85.0 5490.0 1.0 55.0 0.0 -2.5929 1.474 0.0 0.42426 998.0 2.0598 14.0 58.0 0.0 -0.6929 0.0 -0.426 0.42426 996.0 2.0211 12.0 60.0 0.9071 0.0 0.0 -1.826 0.22361 994.0 1.9352 13.0 62.0 2.1071 0.0 0.0 -2.526 0.2 991.0 1.7846 11.0 67.0 3.2071 0.0 0.0 -2.526 0.14142 986.0 1.6981 10.0 
0.18543 30.02471 68.0 5492.0 1.0 44.0 0.0 -0.5929 0.774 0.0 0.14142 997.0 1.2359 16.0 45.0 0.2071 0.0 0.174 0.0 0.14142 995.0 1.149 11.0 46.0 1.0071 0.0 0.0 -0.426 0.22361 994.0 1.1375 11.0 50.0 1.9071 0.0 0.0 -1.026 0.28284 993.0 1.2767 11.0 58.0 3.0071 0.0 0.0 -1.926 0.28284 990.0 1.4939 9.0 
0.2675 14.00819 58.0 5495.0 1.0 45.0 0.0 -1.0929 0.474 0.0 0.14142 995.0 1.149 12.0 54.0 0.0071 0.0 0.0 -0.126 0.22361 993.0 1.4892 14.0 67.0 1.4071 0.0 0.0 -0.926 0.31623 988.0 1.834 13.0 83.0 3.0071 0.0 0.0 -1.726 0.31623 981.0 2.1988 11.0 97.0 4.7071 0.0 0.0 -2.426 0.22361 969.0 2.1841 9.0 
0.18028 64.32701 75.0 5499.0 1.0 54.0 0.0 -2.2929 1.274 0.0 0.5 996.0 1.752 13.0 57.0 0.0 -0.3929 0.0 -0.426 0.42426 993.0 1.6592 12.0 59.0 1.2071 0.0 0.0 -1.826 0.28284 991.0 1.6161 13.0 67.0 2.5071 0.0 0.0 -2.926 0.22361 984.0 1.581 12.0 85.0 3.7071 0.0 0.0 -3.626 0.22361 969.0 1.6771 10.0 
0.26743 27.7603 48.0 549.0 1.0 55.0 0.0 -2.8929 1.774 0.0 0.5831 1001.0 2.5 13.0 56.0 0.1071 0.0 0.0 -0.226 0.56569 1000.0 2.4639 12.0 57.0 2.6071 0.0 0.0 -2.626 0.56569 999.0 2.3703 11.0 57.0 4.8071 0.0 0.0 -4.826 0.42426 998.0 2.2123 13.0 58.0 6.6071 0.0 0.0 -6.726 0.36056 996.0 2.0211 11.0 
0.27646 25.09838 66.0 54.0 1.0 53.0 0.0 -0.9929 0.974 0.0 0.31623 994.0 1.51 11.0 62.0 0.0071 0.0 0.0 -0.226 0.28284 988.0 1.5705 9.0 77.0 1.2071 0.0 0.0 -1.026 0.22361 978.0 1.7302 7.0 99.0 2.6071 0.0 0.0 -1.526 0.22361 965.0 2.0855 7.0 127.0 4.1071 0.0 0.0 -2.226 0.28284 938.0 2.1965 5.0 
0.24617 10.70814 65.0 5505.0 1.0 37.0 0.0 -1.1929 0.0 -0.526 0.2 1000.0 1.0756 11.0 41.0 0.0 -0.0929 0.0 -0.026 0.22361 999.0 1.2264 10.0 45.0 1.1071 0.0 0.574 0.0 0.2 998.0 1.3789 11.0 54.0 2.4071 0.0 0.674 0.0 0.3 995.0 1.6546 10.0 62.0 3.9071 0.0 0.374 0.0 0.22361 992.0 1.8696 9.0 
0.29151 82.21395 67.0 5506.0 1.0 87.0 0.0 -0.4929 0.974 0.0 0.14142 971.0 1.8407 12.0 86.0 0.3071 0.0 0.674 0.0 0.1 973.0 1.8885 12.0 90.0 1.2071 0.0 0.374 0.0 0.22361 971.0 1.9698 12.0 100.0 2.3071 0.0 0.0 -0.126 0.14142 963.0 2.0427 11.0 122.0 3.4071 0.0 0.0 -0.626 0.22361 941.0 2.1114 9.0 
0.12767 92.4535 153.0 5507.0 1.0 86.0 0.0 -1.6929 0.0 -0.426 0.31623 976.0 2.0416 7.0 120.0 0.1071 0.0 0.0 -0.826 0.31623 947.0 2.2284 6.0 133.0 1.9071 0.0 0.0 -1.226 0.3 936.0 2.3464 5.0 114.0 3.7071 0.0 0.0 -1.426 0.3 957.0 2.3703 6.0 106.0 5.4071 0.0 0.0 -1.426 0.3 961.0 2.207 6.0 
0.46735 14.4498 57.0 5508.0 1.0 55.0 0.0 -1.4929 0.574 0.0 0.22361 995.0 1.7165 11.0 64.0 0.1071 0.0 0.074 0.0 0.22361 992.0 1.9922 12.0 67.0 1.7071 0.0 0.0 -0.526 0.31623 991.0 2.0841 11.0 69.0 3.3071 0.0 0.0 -1.326 0.31623 990.0 2.1142 11.0 72.0 4.9071 0.0 0.0 -2.226 0.22361 986.0 1.961 8.0 
0.36115 49.1426 48.0 5517.0 1.0 56.0 0.0 -1.9929 2.374 0.0 0.56569 1000.0 2.4639 12.0 53.0 0.4071 0.0 0.174 0.0 0.5 999.0 2.0493 11.0 54.0 2.6071 0.0 0.0 -1.826 0.5 999.0 2.1274 12.0 55.0 4.6071 0.0 0.0 -3.526 0.42426 997.0 1.931 13.0 60.0 6.4071 0.0 0.0 -5.026 0.42426 994.0 1.9352 11.0 
0.19018 72.25976 53.0 5523.0 1.0 55.0 0.0 -1.3929 2.074 0.0 0.36056 999.0 2.2069 16.0 55.0 0.3071 0.0 0.574 0.0 0.42426 998.0 2.0598 16.0 54.0 1.9071 0.0 0.0 -0.926 0.36056 998.0 1.9855 16.0 54.0 3.6071 0.0 0.0 -2.026 0.31623 998.0 1.9855 16.0 51.0 5.3071 0.0 0.0 -2.826 0.31623 999.0 1.8976 17.0 
0.3896 10.70814 61.0 5530.0 1.0 57.0 0.0 -1.7929 1.374 0.0 0.42426 996.0 1.952 12.0 63.0 0.0 -0.0929 0.0 -0.026 0.36056 993.0 2.0269 13.0 71.0 1.6071 0.0 0.0 -1.026 0.31623 989.0 2.1453 11.0 77.0 3.2071 0.0 0.0 -1.626 0.31623 984.0 2.0882 9.0 87.0 4.7071 0.0 0.0 -2.126 0.2 976.0 2.0894 8.0 
0.29038 17.37652 138.0 5536.0 1.0 39.0 0.0 -1.2929 0.0 -0.026 0.2 1000.0 1.195 17.0 46.0 0.0 -0.0929 0.0 -0.126 0.22361 998.0 1.4408 16.0 49.0 1.0071 0.0 0.0 -0.426 0.1 996.0 1.4425 14.0 51.0 2.0071 0.0 0.0 -0.526 0.14142 995.0 1.4759 14.0 54.0 3.0071 0.0 0.0 -0.726 0.1 994.0 1.5675 13.0 
0.21388 85.49496 55.0 5541.0 1.0 76.0 0.0 -1.3929 3.574 0.0 0.67082 993.0 2.5 14.0 71.0 0.6071 0.0 0.474 0.0 0.5831 990.0 2.2386 10.0 75.0 2.4071 0.0 0.0 -1.826 0.42426 987.0 2.2097 11.0 90.0 4.2071 0.0 0.0 -3.626 0.36056 975.0 2.1771 10.0 122.0 5.6071 0.0 0.0 -4.826 0.28284 939.0 2.0543 7.0 
0.62321 57.41677 62.0 5542.0 1.0 92.0 0.0 -1.1929 1.474 0.0 0.36056 974.0 2.2166 15.0 96.0 0.2071 0.0 0.474 0.0 0.31623 970.0 2.1891 14.0 93.0 1.5071 0.0 0.0 -0.026 0.22361 970.0 2.0544 14.0 97.0 2.7071 0.0 0.0 -0.426 0.2 962.0 1.8843 11.0 126.0 3.9071 0.0 0.0 -0.526 0.1 930.0 1.9537 8.0 
0.59642 26.90838 85.0 5543.0 1.0 62.0 0.0 -0.3929 0.0 -1.226 0.14142 990.0 1.707 11.0 71.0 0.2071 0.0 0.0 -0.126 0.22361 985.0 1.8388 9.0 69.0 0.7071 0.0 0.874 0.0 0.14142 985.0 1.7367 9.0 66.0 1.3071 0.0 1.474 0.0 0.1 986.0 1.6478 10.0 63.0 2.0071 0.0 1.474 0.0 0.1 988.0 1.6215 10.0 
1.4459 22.67945 48.0 5550.0 1.0 77.0 0.0 -2.6929 1.674 0.0 0.5831 992.0 2.5 12.0 88.0 0.1071 0.0 0.174 0.0 0.44721 985.0 2.5 10.0 95.0 2.4071 0.0 0.0 -1.126 0.31623 976.0 2.4913 8.0 102.0 4.4071 0.0 0.0 -1.826 0.31623 968.0 2.3614 7.0 99.0 6.3071 0.0 0.0 -2.426 0.36056 972.0 2.4416 7.0 
0.193 62.18838 58.0 5552.0 1.0 51.0 0.0 -1.4929 0.074 0.0 0.22361 994.0 1.3982 14.0 62.0 0.0 -0.1929 0.0 -0.526 0.22361 991.0 1.7846 15.0 73.0 1.1071 0.0 0.0 -0.826 0.2 985.0 1.9439 12.0 78.0 2.5071 0.0 0.0 -0.726 0.22361 982.0 2.0045 11.0 84.0 3.8071 0.0 0.0 -0.226 0.22361 978.0 2.0591 11.0 
0.5595 13.18352 110.0 5558.0 1.0 61.0 0.0 -0.8929 0.0 -1.226 0.28284 991.0 1.7275 11.0 73.0 0.0 -0.0929 0.074 0.0 0.22361 984.0 1.8769 9.0 82.0 0.4071 0.0 1.774 0.0 0.31623 980.0 2.0811 8.0 87.0 0.8071 0.0 3.674 0.0 0.31623 977.0 2.1474 8.0 83.0 1.3071 0.0 5.274 0.0 0.22361 978.0 2.0104 8.0 
0.26012 88.79073 75.0 5572.0 1.0 76.0 0.3071 0.0 1.274 0.0 0.2 982.0 1.903 11.0 75.0 0.7071 0.0 0.374 0.0 0.1 979.0 1.6898 11.0 76.0 1.2071 0.0 0.274 0.0 0.14142 978.0 1.6856 10.0 81.0 1.8071 0.0 0.674 0.0 0.14142 975.0 1.7635 10.0 87.0 2.3071 0.0 1.374 0.0 0.22361 966.0 1.6448 7.0 
0.20797 57.38457 58.0 5575.0 1.0 75.0 0.0 -1.8929 0.274 0.0 0.22361 984.0 1.9811 10.0 96.0 0.0 -0.2929 0.0 -0.426 0.22361 964.0 1.921 7.0 135.0 1.1071 0.0 0.0 -0.926 0.31623 929.0 2.216 6.0 164.0 2.6071 0.0 0.0 -1.626 0.31623 893.0 2.2892 5.0 170.0 4.3071 0.0 0.0 -2.226 0.22361 888.0 2.3614 5.0 
0.08503 62.18838 65.0 5576.0 1.0 56.0 0.0 -2.4929 1.674 0.0 0.56569 999.0 2.2879 11.0 56.0 0.0 -0.1929 0.0 -0.526 0.42426 997.0 2.0019 10.0 56.0 1.6071 0.0 0.0 -2.326 0.36056 996.0 1.8841 12.0 60.0 3.2071 0.0 0.0 -3.526 0.28284 992.0 1.7509 10.0 69.0 4.6071 0.0 0.0 -4.326 0.2 987.0 1.8703 10.0 
0.18543 57.38457 60.0 5577.0 1.0 42.0 0.0 -1.9929 1.074 0.0 0.36056 1001.0 1.5014 17.0 47.0 0.0 -0.2929 0.0 -0.426 0.44721 1000.0 1.7355 15.0 50.0 1.6071 0.0 0.0 -1.626 0.36056 998.0 1.7023 14.0 52.0 3.2071 0.0 0.0 -2.726 0.31623 996.0 1.6246 12.0 58.0 4.7071 0.0 0.0 -3.526 0.28284 994.0 1.8084 13.0 
0.06877 72.3143 65.0 5580.0 1.0 48.0 0.0 -1.9929 0.974 0.0 0.36056 997.0 1.4708 14.0 52.0 0.0 -0.4929 0.0 -0.426 0.42426 995.0 1.5343 12.0 57.0 0.9071 0.0 0.0 -2.026 0.42426 993.0 1.6592 12.0 68.0 2.4071 0.0 0.0 -3.426 0.36056 988.0 1.8891 12.0 84.0 4.1071 0.0 0.0 -4.626 0.31623 979.0 2.1196 11.0 
0.14157 111.65554 61.0 5581.0 1.0 49.0 0.0 -2.1929 0.074 0.0 0.36056 998.0 1.6349 18.0 54.0 0.0 -0.3929 0.0 -0.926 0.36056 996.0 1.752 16.0 61.0 1.4071 0.0 0.0 -1.626 0.31623 994.0 2.0003 17.0 65.0 3.0071 0.0 0.0 -2.126 0.2 991.0 1.9615 15.0 68.0 4.3071 0.0 0.0 -2.026 0.22361 988.0 1.8891 13.0 
0.54483 47.29257 47.0 5587.0 1.0 53.0 0.0 -2.2929 0.0 -1.226 0.41231 999.0 2.0493 17.0 59.0 0.0071 0.0 0.0 -0.426 0.41231 998.0 2.3703 16.0 58.0 2.4071 0.0 0.574 0.0 0.44721 999.0 2.4542 17.0 59.0 4.7071 0.0 2.474 0.0 0.56569 1000.0 2.5 18.0 58.0 6.7071 0.0 5.374 0.0 0.5831 1001.0 2.5 20.0 
0.12407 197.05256 37.0 5595.0 1.0 38.0 0.0 -0.5929 0.0 -2.526 0.22361 1002.0 1.3408 23.0 43.0 0.9071 0.0 0.0 -1.526 0.22361 1001.0 1.5738 21.0 44.0 2.6071 0.0 0.0 -0.526 0.36056 1001.0 1.6478 22.0 44.0 4.4071 0.0 0.574 0.0 0.31623 1002.0 1.7976 23.0 43.0 6.6071 0.0 1.674 0.0 0.41231 1003.0 1.8885 27.0 
0.18416 80.58985 103.0 5596.0 1.0 51.0 0.0 -1.0929 0.0 -0.826 0.2 995.0 1.4759 11.0 58.0 0.0071 0.0 0.0 -0.726 0.1 991.0 1.5618 12.0 69.0 0.8071 0.0 0.0 -0.626 0.1 984.0 1.6768 9.0 69.0 1.5071 0.0 0.0 -0.426 0.1 984.0 1.6768 9.0 65.0 2.0071 0.0 0.0 -0.226 0.0 985.0 1.5412 9.0 
0.18066 53.71602 88.0 5597.0 1.0 55.0 0.0 -0.4929 1.674 0.0 0.28284 994.0 1.6261 13.0 55.0 0.3071 0.0 0.374 0.0 0.36056 994.0 1.6261 13.0 54.0 1.1071 0.0 0.0 -0.826 0.28284 994.0 1.5675 13.0 60.0 1.9071 0.0 0.0 -1.626 0.22361 990.0 1.5987 11.0 61.0 2.7071 0.0 0.0 -2.026 0.22361 989.0 1.5836 11.0 
0.24554 18.35579 63.0 5600.0 1.0 48.0 0.0 -1.1929 2.174 0.0 0.44721 999.0 1.6809 16.0 49.0 0.1071 0.0 0.0 -0.126 0.36056 998.0 1.6349 14.0 51.0 1.5071 0.0 0.0 -1.926 0.36056 998.0 1.7711 17.0 56.0 3.0071 0.0 0.0 -3.326 0.36056 995.0 1.7795 15.0 63.0 4.5071 0.0 0.0 -4.226 0.31623 992.0 1.9304 16.0 
0.2022 50.31208 61.0 5601.0 1.0 47.0 0.0 -1.9929 0.874 0.0 0.36056 1001.0 1.8802 21.0 47.0 0.0 -0.3929 0.0 -0.226 0.28284 999.0 1.6116 18.0 47.0 1.1071 0.0 0.0 -0.826 0.22361 999.0 1.6116 17.0 47.0 2.4071 0.0 0.0 -1.226 0.22361 999.0 1.6116 17.0 47.0 3.8071 0.0 0.0 -1.926 0.22361 999.0 1.6116 17.0 
0.12557 80.58985 77.0 5606.0 1.0 37.0 0.0 -0.8929 0.0 -0.526 0.14142 1000.0 1.0756 20.0 41.0 0.0071 0.0 0.0 -0.726 0.22361 999.0 1.2264 17.0 44.0 1.0071 0.0 0.0 -0.926 0.2 998.0 1.3183 16.0 42.0 1.9071 0.0 0.0 -1.026 0.2 998.0 1.2011 16.0 41.0 2.8071 0.0 0.0 -1.026 0.1 999.0 1.2264 17.0 
0.27584 84.17478 98.0 5610.0 1.0 101.0 0.9071 0.0 0.0 -0.926 0.2 960.0 1.9659 6.0 98.0 0.7071 0.0 0.274 0.0 0.2 963.0 1.9619 6.0 92.0 0.5071 0.0 1.374 0.0 0.1 968.0 1.9211 7.0 89.0 0.4071 0.0 2.374 0.0 0.2 970.0 1.8815 7.0 87.0 0.4071 0.0 3.474 0.0 0.1 972.0 1.8856 7.0 
0.16116 136.60427 43.0 5611.0 1.0 48.0 0.0 -2.4929 0.0 -1.026 0.41231 1001.0 1.961 22.0 53.0 0.1071 0.0 0.0 -1.226 0.5 1001.0 2.3909 20.0 54.0 2.8071 0.0 0.0 -0.726 0.5099 1001.0 2.4819 21.0 54.0 5.4071 0.0 0.574 0.0 0.5 1001.0 2.4819 21.0 51.0 7.7071 0.0 2.474 0.0 0.42426 1001.0 2.2138 22.0 
0.28005 64.54308 67.0 5612.0 1.0 65.0 0.0 -1.0929 0.174 0.0 0.22361 988.0 1.7261 13.0 75.0 0.0 -0.0929 0.574 0.0 0.22361 982.0 1.8533 11.0 82.0 0.9071 0.0 1.274 0.0 0.14142 977.0 1.9077 10.0 95.0 1.8071 0.0 2.074 0.0 0.14142 967.0 2.0039 9.0 114.0 2.8071 0.0 2.774 0.0 0.22361 945.0 1.952 6.0 
0.11135 92.73958 48.0 561.0 1.0 54.0 0.0 -1.1929 3.574 0.0 0.67082 1001.0 2.4819 18.0 53.0 0.6071 0.0 0.574 0.0 0.5831 1000.0 2.207 16.0 52.0 2.3071 0.0 0.0 -1.826 0.5 999.0 1.9727 14.0 53.0 4.1071 0.0 0.0 -3.626 0.36056 998.0 1.9127 13.0 60.0 6.1071 0.0 0.0 -5.026 0.36056 996.0 2.1629 15.0 
0.33435 57.8912 55.0 5620.0 1.0 39.0 0.0 -0.6929 0.0 -1.226 0.28284 1001.0 1.2946 21.0 42.0 0.4071 0.0 0.0 -0.326 0.22361 1000.0 1.3859 19.0 42.0 1.5071 0.0 0.674 0.0 0.28284 1000.0 1.3859 19.0 44.0 2.7071 0.0 1.674 0.0 0.28284 1000.0 1.5211 19.0 47.0 4.3071 0.0 2.474 0.0 0.3 1000.0 1.7355 19.0 
0.31565 17.37652 72.0 5626.0 1.0 50.0 0.0 -1.2929 0.774 0.0 0.28284 994.0 1.3439 15.0 57.0 0.0 -0.0929 0.0 -0.126 0.28284 990.0 1.4428 13.0 70.0 1.1071 0.0 0.0 -1.226 0.31623 985.0 1.7874 13.0 81.0 2.4071 0.0 0.0 -2.126 0.22361 976.0 1.8111 11.0 113.0 3.6071 0.0 0.0 -2.626 0.22361 951.0 2.1035 9.0 
0.09784 41.06496 80.0 5628.0 1.0 46.0 0.0 -0.8929 0.874 0.0 0.22361 996.0 1.2713 12.0 54.0 0.0 -0.2929 0.0 -0.226 0.22361 991.0 1.3538 9.0 67.0 0.4071 0.0 0.0 -1.026 0.22361 982.0 1.479 7.0 96.0 1.3071 0.0 0.0 -1.526 0.14142 962.0 1.8457 7.0 133.0 2.2071 0.0 0.0 -1.726 0.1 924.0 2.03 5.0 
0.88742 10.70814 64.0 5629.0 1.0 70.0 0.0 -1.8929 0.674 0.0 0.36056 988.0 2.0019 8.0 94.0 0.0 -0.0929 0.0 -0.026 0.2 973.0 2.2562 7.0 98.0 1.4071 0.0 0.074 0.0 0.22361 967.0 2.1324 7.0 98.0 2.5071 0.0 1.074 0.0 0.22361 966.0 2.0871 7.0 98.0 3.4071 0.0 2.274 0.0 0.22361 967.0 2.1324 7.0 
0.38792 43.18263 43.0 5631.0 1.0 55.0 0.0 -2.5929 1.074 0.0 0.41231 1001.0 2.5 20.0 56.0 0.1071 0.0 0.374 0.0 0.41231 1000.0 2.4639 19.0 55.0 2.7071 0.0 0.0 -0.326 0.44721 1001.0 2.5 19.0 55.0 5.3071 0.0 0.0 -1.626 0.5 1001.0 2.5 21.0 50.0 7.7071 0.0 0.0 -3.126 0.42426 1001.0 2.1279 22.0 
0.14469 91.63024 84.0 5632.0 1.0 61.0 0.0 -1.1929 0.0 -0.226 0.14142 986.0 1.4076 14.0 83.0 0.0 -0.3929 0.0 -0.726 0.14142 971.0 1.6753 10.0 118.0 0.5071 0.0 0.0 -1.126 0.2 943.0 2.0317 9.0 134.0 1.5071 0.0 0.0 -1.226 0.2 927.0 2.1325 8.0 120.0 2.5071 0.0 0.0 -1.126 0.1 943.0 2.1011 9.0 
0.31431 32.98146 70.0 563.0 1.0 60.0 0.0 -1.9929 0.474 0.0 0.41231 994.0 1.9352 14.0 68.0 0.0 -0.1929 0.0 -0.226 0.31623 990.0 2.0534 15.0 76.0 1.4071 0.0 0.0 -0.826 0.22361 985.0 2.1069 12.0 80.0 2.7071 0.0 0.0 -1.326 0.22361 981.0 2.0427 11.0 87.0 3.9071 0.0 0.0 -1.926 0.22361 975.0 2.0344 10.0 
0.165 86.89722 89.0 5654.0 1.0 43.0 0.0 -1.1929 0.0 -0.126 0.22361 997.0 1.1803 17.0 48.0 0.0 -0.2929 0.0 -0.726 0.14142 995.0 1.3074 19.0 57.0 0.5071 0.0 0.0 -1.126 0.2 991.0 1.5084 15.0 62.0 1.3071 0.0 0.0 -1.226 0.1 988.0 1.5705 14.0 63.0 2.0071 0.0 0.0 -1.126 0.1 987.0 1.5592 13.0 
0.261 8.25172 71.0 5657.0 1.0 43.0 0.0 -0.9929 0.874 0.0 0.28284 999.0 1.3489 17.0 45.0 0.0071 0.0 0.074 0.0 0.14142 998.0 1.3789 16.0 47.0 1.0071 0.0 0.0 -0.526 0.22361 997.0 1.4101 15.0 47.0 2.0071 0.0 0.0 -0.926 0.2 997.0 1.4101 15.0 48.0 3.1071 0.0 0.0 -1.026 0.14142 997.0 1.4708 15.0 
0.4594 2.99167 80.0 5659.0 1.0 56.0 0.0 -1.0929 0.674 0.0 0.22361 994.0 1.6858 14.0 62.0 0.0071 0.0 0.0 -0.026 0.2 990.0 1.707 14.0 67.0 1.0071 0.0 0.0 -0.326 0.2 987.0 1.7634 13.0 69.0 2.0071 0.0 0.0 -0.426 0.22361 986.0 1.801 12.0 69.0 3.0071 0.0 0.0 -0.226 0.14142 986.0 1.801 12.0 
0.47583 27.12273 50.0 5660.0 1.0 72.0 0.0 -3.2929 1.774 0.0 0.78102 999.0 2.5 18.0 70.0 0.0 -0.0929 0.0 -0.226 0.53852 996.0 2.5 15.0 66.0 2.4071 0.0 0.0 -0.826 0.4 994.0 2.3416 13.0 64.0 4.3071 0.0 0.0 -0.726 0.3 993.0 2.0918 12.0 64.0 6.0071 0.0 0.0 -1.026 0.31623 993.0 2.0918 12.0 
0.25162 89.16323 61.0 5663.0 1.0 46.0 0.0 -0.6929 0.0 -1.426 0.28284 1000.0 1.6625 18.0 48.0 0.6071 0.0 0.0 -0.526 0.22361 998.0 1.5688 16.0 47.0 1.7071 0.0 0.474 0.0 0.28284 998.0 1.5041 16.0 45.0 2.8071 0.0 1.374 0.0 0.14142 999.0 1.4773 17.0 42.0 3.9071 0.0 1.674 0.0 0.2 1000.0 1.3859 18.0 
0.46855 42.77555 79.0 5665.0 1.0 70.0 0.0 -1.2929 0.674 0.0 0.22361 984.0 1.7258 10.0 87.0 0.0 -0.0929 0.374 0.0 0.2 971.0 1.8407 10.0 101.0 1.1071 0.0 0.374 0.0 0.2 959.0 1.9294 8.0 117.0 2.3071 0.0 0.374 0.0 0.2 944.0 2.0263 7.0 126.0 3.4071 0.0 0.374 0.0 0.2 936.0 2.1059 6.0 
0.10097 65.59587 135.0 566.0 1.0 41.0 0.0 -1.0929 1.374 0.0 0.41231 1000.0 1.3207 16.0 43.0 0.0 -0.4929 0.0 -0.326 0.22361 999.0 1.3489 14.0 45.0 0.3071 0.0 0.0 -1.426 0.22361 997.0 1.2927 14.0 52.0 1.2071 0.0 0.0 -2.026 0.14142 994.0 1.4536 13.0 55.0 1.8071 0.0 0.0 -2.326 0.14142 992.0 1.4713 12.0 
0.59686 42.32382 82.0 5677.0 1.0 59.0 0.0 -0.3929 0.0 -0.726 0.14142 990.0 1.5458 18.0 69.0 0.3071 0.0 0.0 -0.226 0.14142 984.0 1.6768 15.0 70.0 0.9071 0.0 0.174 0.0 0.1 983.0 1.6682 15.0 72.0 1.5071 0.0 0.474 0.0 0.1 981.0 1.6546 14.0 77.0 2.1071 0.0 0.574 0.0 0.14142 978.0 1.7302 13.0 
0.15782 17.37652 76.0 5698.0 1.0 45.0 0.0 -1.2929 1.874 0.0 0.36056 1000.0 1.591 12.0 46.0 0.0 -0.0929 0.0 -0.126 0.36056 999.0 1.5437 11.0 47.0 1.1071 0.0 0.0 -1.826 0.28284 997.0 1.4101 10.0 50.0 2.3071 0.0 0.0 -3.126 0.22361 996.0 1.502 10.0 57.0 3.4071 0.0 0.0 -4.226 0.22361 992.0 1.5802 10.0 
0.1466 72.7102 67.0 5699.0 1.0 41.0 0.0 -1.5929 0.074 0.0 0.22361 1001.0 1.4308 21.0 46.0 0.0 -0.1929 0.0 -0.626 0.31623 1000.0 1.6625 18.0 49.0 1.3071 0.0 0.0 -1.326 0.3 999.0 1.7517 16.0 45.0 2.6071 0.0 0.0 -1.726 0.1 998.0 1.3789 16.0 39.0 3.4071 0.0 0.0 -1.826 0.1 999.0 1.1096 17.0 
0.3961 62.18838 38.0 569.0 1.0 56.0 0.0 -4.0929 0.0 -1.126 0.63246 1002.0 2.5 24.0 67.0 0.0 -0.1929 0.0 -0.526 0.7 1001.0 2.5 21.0 69.0 3.9071 0.0 0.0 -0.626 0.60828 1000.0 2.5 19.0 63.0 7.3071 0.0 0.0 -1.526 0.53852 1000.0 2.5 18.0 57.0 10.0071 0.0 0.0 -2.526 0.44721 1000.0 2.5 18.0 
0.26583 119.15354 35.0 5707.0 1.0 70.0 0.0 -0.8929 5.674 0.0 0.94868 1000.0 2.5 12.0 67.0 0.9071 0.0 0.574 0.0 0.76158 1000.0 2.5 15.0 67.0 2.7071 0.0 0.0 -3.426 0.72111 998.0 2.5 13.0 73.0 4.9071 0.0 0.0 -7.026 0.56569 996.0 2.5 11.0 75.0 7.3071 0.0 0.0 -9.426 0.5 993.0 2.5 12.0 
0.07227 174.53445 41.0 5715.0 1.0 71.0 0.0 -0.9929 4.174 0.0 0.67082 996.0 2.5 9.0 74.0 1.3071 0.0 0.874 0.0 0.64031 994.0 2.5 10.0 84.0 3.8071 0.0 0.0 -1.526 0.56569 986.0 2.5 8.0 90.0 6.3071 0.0 0.0 -3.326 0.44721 983.0 2.5 9.0 105.0 8.6071 0.0 0.0 -4.426 0.31623 968.0 2.5 7.0 
0.55163 38.12432 56.0 5716.0 1.0 65.0 0.0 -1.8929 2.074 0.0 0.42426 993.0 2.1576 10.0 71.0 0.2071 0.0 0.274 0.0 0.5 991.0 2.3403 9.0 76.0 2.3071 0.0 0.0 -1.526 0.42426 986.0 2.185 8.0 94.0 4.1071 0.0 0.0 -2.826 0.36056 973.0 2.2562 8.0 118.0 5.7071 0.0 0.0 -3.326 0.2 947.0 2.1548 5.0 
0.27212 32.65484 60.0 5719.0 1.0 51.0 0.0 -1.7929 1.774 0.0 0.42426 1000.0 2.0435 19.0 51.0 0.1071 0.0 0.274 0.0 0.42426 1000.0 2.0435 19.0 48.0 1.8071 0.0 0.0 -1.026 0.28284 1000.0 1.8102 19.0 46.0 3.2071 0.0 0.0 -2.126 0.28284 999.0 1.5437 18.0 50.0 4.5071 0.0 0.0 -3.026 0.22361 997.0 1.5959 15.0 
0.11039 32.98146 66.0 5723.0 1.0 46.0 0.0 -1.1929 2.374 0.0 0.44721 1000.0 1.6625 12.0 46.0 0.0 -0.1929 0.0 -0.226 0.44721 1000.0 1.6625 11.0 49.0 1.1071 0.0 0.0 -2.326 0.42426 998.0 1.6349 10.0 54.0 2.8071 0.0 0.0 -4.126 0.36056 996.0 1.752 9.0 58.0 4.3071 0.0 0.0 -5.726 0.36056 994.0 1.8084 11.0 
0.42106 30.02471 61.0 5742.0 1.0 74.0 0.0 -1.4929 1.274 0.0 0.36056 987.0 2.1512 10.0 84.0 0.2071 0.0 0.174 0.0 0.28284 981.0 2.2521 9.0 87.0 1.7071 0.0 0.0 -0.726 0.22361 977.0 2.1474 8.0 89.0 3.1071 0.0 0.0 -1.326 0.2 974.0 2.0744 8.0 92.0 4.4071 0.0 0.0 -1.326 0.2 971.0 2.0583 7.0 
0.23372 47.30299 46.0 5747.0 1.0 65.0 0.0 -1.8929 3.274 0.0 0.72111 999.0 2.5 11.0 60.0 0.4071 0.0 0.0 -0.126 0.64031 998.0 2.4513 10.0 60.0 2.4071 0.0 0.0 -2.826 0.5 996.0 2.1629 9.0 66.0 4.4071 0.0 0.0 -5.226 0.5 994.0 2.3416 11.0 77.0 6.5071 0.0 0.0 -7.326 0.44721 988.0 2.4223 8.0 
0.25427 38.08876 69.0 5753.0 1.0 81.0 0.0 -1.8929 0.474 0.0 0.36056 982.0 2.1617 8.0 105.0 0.1071 0.0 0.0 -0.326 0.36056 965.0 2.346 7.0 111.0 1.8071 0.0 0.0 -0.926 0.31623 956.0 2.2078 6.0 112.0 3.1071 0.0 0.0 -1.126 0.2 950.0 2.0337 6.0 114.0 4.1071 0.0 0.0 -0.926 0.1 946.0 1.9812 5.0 
0.17809 70.24699 55.0 5757.0 1.0 49.0 0.0 -1.7929 0.0 -0.426 0.31623 997.0 1.5327 13.0 56.0 0.0 -0.0929 0.0 -0.626 0.2 994.0 1.6858 11.0 63.0 1.4071 0.0 0.0 -0.426 0.31623 991.0 1.8426 12.0 76.0 3.0071 0.0 0.0 -0.026 0.2 984.0 2.0343 9.0 88.0 4.6071 0.0 0.374 0.0 0.2 976.0 2.1377 8.0 
0.16243 48.64617 61.0 5758.0 1.0 52.0 0.0 -2.5929 1.674 0.0 0.56569 1001.0 2.3015 18.0 51.0 0.0 -0.2929 0.0 -0.326 0.42426 1000.0 2.0435 16.0 50.0 1.6071 0.0 0.0 -1.826 0.36056 999.0 1.8239 14.0 48.0 3.3071 0.0 0.0 -2.826 0.22361 998.0 1.5688 13.0 50.0 4.7071 0.0 0.0 -3.426 0.2 997.0 1.5959 15.0 
0.30583 57.38457 41.0 575.0 1.0 66.0 0.0 -4.1929 0.0 -0.126 0.70711 999.0 2.5 10.0 71.0 0.0 -0.2929 0.0 -0.426 0.7 998.0 2.5 13.0 73.0 3.2071 0.0 0.0 -0.626 0.5 995.0 2.5 10.0 75.0 6.2071 0.0 0.0 -0.826 0.4 991.0 2.5 9.0 71.0 8.5071 0.0 0.0 -0.526 0.3 990.0 2.2386 8.0 
0.06828 48.64617 33.0 5762.0 1.0 72.0 0.0 -3.1929 4.274 0.0 0.9434 1000.0 2.5 16.0 71.0 0.0 -0.2929 0.0 -0.326 0.80623 999.0 2.5 14.0 73.0 2.4071 0.0 0.0 -4.326 0.78102 997.0 2.5 13.0 79.0 5.5071 0.0 0.0 -7.626 0.70711 996.0 2.5 14.0 82.0 8.3071 0.0 0.0 -10.126 0.5 991.0 2.5 11.0 
0.16714 42.04636 63.0 5763.0 1.0 50.0 0.0 -2.3929 1.474 0.0 0.5 1000.0 1.9642 13.0 48.0 0.0 -0.1929 0.0 -0.326 0.36056 1000.0 1.8102 12.0 46.0 1.6071 0.0 0.0 -1.526 0.28284 998.0 1.4408 10.0 46.0 3.0071 0.0 0.0 -2.726 0.28284 998.0 1.4408 14.0 49.0 4.2071 0.0 0.0 -3.926 0.22361 996.0 1.4425 12.0 
0.06756 90.28514 41.0 5765.0 1.0 50.0 0.0 -2.5929 2.574 0.0 0.67082 1000.0 1.9642 13.0 52.0 0.0 -0.6929 0.0 -0.426 0.5 999.0 1.9727 12.0 52.0 1.2071 0.0 0.0 -2.826 0.5 999.0 1.9727 15.0 55.0 3.1071 0.0 0.0 -5.026 0.42426 997.0 1.931 14.0 59.0 5.0071 0.0 0.0 -6.926 0.42426 995.0 1.9752 12.0 
0.05602 72.7102 43.0 5766.0 1.0 62.0 0.0 -2.8929 2.574 0.0 0.72111 1001.0 2.5 17.0 62.0 0.0 -0.1929 0.0 -0.626 0.56569 999.0 2.5 15.0 62.0 2.6071 0.0 0.0 -2.526 0.44721 998.0 2.5 13.0 65.0 5.3071 0.0 0.0 -3.426 0.41231 996.0 2.5 15.0 69.0 7.8071 0.0 0.0 -3.626 0.4 993.0 2.4314 12.0 
0.12546 56.66943 102.0 5769.0 1.0 47.0 0.0 -1.5929 1.274 0.0 0.36056 998.0 1.5041 20.0 46.0 0.0 -0.3929 0.0 -0.326 0.28284 997.0 1.3508 18.0 48.0 0.7071 0.0 0.0 -1.326 0.22361 996.0 1.3843 20.0 53.0 1.7071 0.0 0.0 -1.926 0.14142 993.0 1.4345 17.0 57.0 2.6071 0.0 0.0 -2.426 0.1 989.0 1.3827 15.0 
0.53762 10.70814 105.0 5772.0 1.0 59.0 0.0 -1.0929 0.974 0.0 0.22361 991.0 1.6161 9.0 71.0 0.0 -0.0929 0.0 -0.026 0.14142 984.0 1.7754 10.0 88.0 0.8071 0.0 0.0 -0.626 0.1 971.0 1.8832 7.0 87.0 1.6071 0.0 0.0 -0.926 0.1 970.0 1.7979 7.0 85.0 2.3071 0.0 0.0 -0.926 0.1 971.0 1.757 7.0 
0.23699 47.45382 68.0 5778.0 1.0 58.0 0.0 -1.2929 2.074 0.0 0.36056 997.0 2.1474 15.0 57.0 0.2071 0.0 0.374 0.0 0.36056 996.0 1.952 15.0 54.0 1.8071 0.0 0.0 -0.926 0.22361 997.0 1.8615 15.0 52.0 3.2071 0.0 0.0 -1.926 0.28284 995.0 1.5343 11.0 58.0 4.4071 0.0 0.0 -2.826 0.28284 993.0 1.7179 13.0 
0.62577 59.58399 57.0 577.0 1.0 86.0 0.0 -1.8929 0.0 -0.926 0.4 978.0 2.1583 11.0 114.0 0.1071 0.0 0.0 -0.526 0.41231 958.0 2.4134 10.0 137.0 2.0071 0.0 0.274 0.0 0.31623 934.0 2.4266 8.0 138.0 3.7071 0.0 0.974 0.0 0.31623 931.0 2.3721 8.0 134.0 5.2071 0.0 1.474 0.0 0.22361 932.0 2.2642 8.0 
0.4358 38.08876 68.0 5782.0 1.0 63.0 0.0 -0.9929 0.0 -0.926 0.22361 991.0 1.8426 12.0 72.0 0.1071 0.0 0.0 -0.326 0.22361 985.0 1.891 9.0 71.0 1.1071 0.0 0.374 0.0 0.22361 985.0 1.8388 10.0 74.0 2.3071 0.0 0.874 0.0 0.2 984.0 1.9286 9.0 78.0 3.6071 0.0 0.974 0.0 0.2 981.0 1.9419 9.0 
0.82957 26.90838 112.0 5786.0 1.0 99.0 0.0 -0.1929 0.0 -0.326 0.1 957.0 1.7876 8.0 105.0 0.2071 0.0 0.0 -0.126 0.14142 953.0 1.8768 7.0 96.0 0.7071 0.0 0.374 0.0 0.14142 963.0 1.8826 8.0 98.0 1.3071 0.0 1.074 0.0 0.2 962.0 1.9234 8.0 105.0 1.8071 0.0 1.974 0.0 0.22361 956.0 1.9755 8.0 
0.25522 17.37652 65.0 5789.0 1.0 59.0 0.0 -1.7929 1.174 0.0 0.42426 995.0 1.9752 11.0 66.0 0.0 -0.0929 0.0 -0.126 0.36056 992.0 2.1186 12.0 71.0 1.5071 0.0 0.0 -1.026 0.28284 988.0 2.0595 10.0 69.0 2.9071 0.0 0.0 -1.826 0.28284 988.0 1.9451 10.0 75.0 4.0071 0.0 0.0 -2.526 0.22361 983.0 1.9151 9.0 
0.62954 19.33007 66.0 5790.0 1.0 73.0 0.0 -1.9929 0.474 0.0 0.41231 990.0 2.3665 11.0 77.0 0.0071 0.0 0.174 0.0 0.3 986.0 2.2429 10.0 74.0 1.7071 0.0 0.274 0.0 0.2 986.0 2.0715 10.0 76.0 3.1071 0.0 0.074 0.0 0.3 983.0 1.9665 9.0 82.0 4.4071 0.0 0.0 -0.326 0.2 978.0 1.9622 8.0 
0.10988 150.73401 61.0 5794.0 1.0 65.0 0.0 -1.9929 0.0 -1.126 0.31623 990.0 1.8762 9.0 79.0 0.0 -0.2929 0.0 -1.326 0.22361 979.0 1.8748 7.0 111.0 1.2071 0.0 0.0 -1.526 0.2 953.0 2.0974 6.0 138.0 2.6071 0.0 0.0 -1.526 0.22361 923.0 2.1612 5.0 149.0 4.0071 0.0 0.0 -1.726 0.31623 911.0 2.2231 4.0 
0.61594 27.12273 52.0 5795.0 1.0 59.0 0.0 -2.1929 0.174 0.0 0.3 993.0 1.7777 10.0 77.0 0.0 -0.0929 0.0 -0.226 0.31623 988.0 2.4223 11.0 86.0 2.0071 0.0 0.0 -1.226 0.31623 982.0 2.4368 9.0 88.0 3.9071 0.0 0.0 -2.226 0.31623 979.0 2.3263 8.0 85.0 5.6071 0.0 0.0 -3.026 0.31623 981.0 2.3061 8.0 
0.81114 2.99167 80.0 5807.0 1.0 87.0 0.0 -0.5929 0.174 0.0 0.14142 970.0 1.7979 7.0 95.0 0.0071 0.0 0.0 -0.026 0.1 963.0 1.8436 6.0 89.0 0.6071 0.0 0.0 -0.026 0.22361 969.0 1.8387 7.0 82.0 1.4071 0.0 0.274 0.0 0.22361 975.0 1.8073 8.0 83.0 2.3071 0.0 0.874 0.0 0.14142 976.0 1.9017 8.0 
0.25792 24.41152 94.0 5815.0 1.0 55.0 0.0 -0.4929 1.074 0.0 0.22361 994.0 1.6261 13.0 54.0 0.2071 0.0 0.074 0.0 0.14142 993.0 1.4892 12.0 55.0 0.8071 0.0 0.0 -0.426 0.14142 992.0 1.4713 12.0 56.0 1.5071 0.0 0.0 -0.726 0.1 991.0 1.4559 11.0 57.0 2.1071 0.0 0.0 -0.726 0.2 991.0 1.5084 11.0 
0.25994 19.33007 99.0 5818.0 1.0 62.0 0.0 -2.0929 1.874 0.0 0.56569 998.0 2.5 12.0 59.0 0.0071 0.0 0.174 0.0 0.36056 997.0 2.2221 11.0 52.0 1.7071 0.0 0.0 -0.826 0.36056 998.0 1.8412 12.0 46.0 3.1071 0.0 0.0 -1.726 0.36056 999.0 1.5437 13.0 39.0 4.2071 0.0 0.0 -2.526 0.2 1000.0 1.195 14.0 
0.20281 41.06496 52.0 5826.0 1.0 54.0 0.0 -2.5929 1.374 0.0 0.5 999.0 2.1274 12.0 56.0 0.0 -0.2929 0.0 -0.226 0.44721 998.0 2.1353 13.0 60.0 1.9071 0.0 0.0 -1.726 0.44721 996.0 2.1629 12.0 65.0 4.0071 0.0 0.0 -3.326 0.42426 993.0 2.1576 10.0 71.0 5.8071 0.0 0.0 -4.726 0.36056 989.0 2.1453 10.0 
0.08689 132.90397 57.0 5839.0 1.0 68.0 0.0 -1.2929 0.0 -1.326 0.3 991.0 2.1467 12.0 79.0 0.4071 0.0 0.0 -1.126 0.3 982.0 2.0563 9.0 80.0 1.9071 0.0 0.0 -0.726 0.22361 981.0 2.0427 9.0 89.0 3.2071 0.0 0.0 -0.026 0.31623 975.0 2.129 8.0 97.0 4.7071 0.0 0.574 0.0 0.31623 969.0 2.1841 7.0 
0.2586 27.12273 63.0 5842.0 1.0 51.0 0.0 -1.6929 0.774 0.0 0.36056 997.0 1.6604 14.0 60.0 0.0 -0.0929 0.0 -0.226 0.31623 994.0 1.9352 13.0 65.0 1.5071 0.0 0.0 -1.026 0.28284 991.0 1.9615 12.0 66.0 2.9071 0.0 0.0 -1.726 0.22361 990.0 1.9344 11.0 66.0 4.2071 0.0 0.0 -2.226 0.3 989.0 1.8538 11.0 
0.48862 59.5095 39.0 5854.0 1.0 79.0 0.0 -3.9929 3.274 0.0 1.0 1001.0 2.5 17.0 72.0 0.5071 0.0 0.174 0.0 0.72111 1000.0 2.5 15.0 62.0 3.8071 0.0 0.0 -1.726 0.5831 999.0 2.5 14.0 63.0 6.7071 0.0 0.0 -2.926 0.53852 998.0 2.5 15.0 70.0 9.6071 0.0 0.0 -4.226 0.5831 996.0 2.5 14.0 
0.41343 17.37652 73.0 5860.0 1.0 67.0 0.0 -1.5929 0.974 0.0 0.36056 990.0 1.9935 9.0 76.0 0.0 -0.0929 0.0 -0.126 0.22361 983.0 1.9665 8.0 84.0 1.2071 0.0 0.0 -0.326 0.2 977.0 2.0019 8.0 92.0 2.5071 0.0 0.074 0.0 0.22361 967.0 1.8793 5.0 107.0 3.7071 0.0 0.674 0.0 0.22361 956.0 2.0515 5.0 
0.12001 151.08182 55.0 5862.0 1.0 63.0 0.0 -2.5929 0.0 -2.526 0.53852 996.0 2.3846 12.0 75.0 0.3071 0.0 0.0 -1.326 0.41231 993.0 2.5 12.0 72.0 2.7071 0.0 0.0 -0.826 0.41231 991.0 2.4067 11.0 71.0 4.5071 0.0 0.0 -1.326 0.22361 988.0 2.0595 10.0 70.0 5.8071 0.0 0.0 -2.126 0.22361 987.0 1.9249 10.0 
0.18837 45.79963 72.0 5863.0 1.0 57.0 0.0 -1.2929 0.974 0.0 0.22361 993.0 1.6592 10.0 65.0 0.0 -0.3929 0.0 -0.126 0.22361 986.0 1.5983 8.0 81.0 0.4071 0.0 0.0 -0.726 0.22361 976.0 1.8111 8.0 92.0 1.2071 0.0 0.0 -0.726 0.2 967.0 1.8793 7.0 90.0 2.1071 0.0 0.0 -0.426 0.22361 971.0 1.9698 7.0 
0.25991 23.16855 46.0 5865.0 1.0 48.0 0.0 -1.5929 2.674 0.0 0.5831 1002.0 2.1393 13.0 50.0 0.2071 0.0 0.0 -0.026 0.5 1001.0 2.1279 12.0 51.0 2.1071 0.0 0.0 -2.126 0.5 1000.0 2.0435 11.0 53.0 4.2071 0.0 0.0 -3.626 0.31623 998.0 1.9127 10.0 60.0 6.4071 0.0 0.0 -4.226 0.4 997.0 2.2981 11.0 
0.09881 94.15302 73.0 5867.0 1.0 63.0 0.0 -1.2929 0.0 -0.226 0.22361 989.0 1.6891 9.0 75.0 0.0 -0.1929 0.0 -0.826 0.22361 982.0 1.8533 9.0 95.0 0.8071 0.0 0.0 -1.026 0.2 965.0 1.9204 7.0 98.0 1.7071 0.0 0.0 -1.026 0.22361 963.0 1.9619 6.0 95.0 2.7071 0.0 0.0 -0.726 0.14142 966.0 1.9613 7.0 
0.25967 21.60552 90.0 5868.0 1.0 49.0 0.0 -0.6929 0.0 -0.326 0.1 994.0 1.2907 13.0 57.0 0.0 -0.1929 0.0 -0.026 0.1 990.0 1.4428 11.0 60.0 0.1071 0.0 0.674 0.0 0.1 989.0 1.5321 11.0 64.0 0.4071 0.0 1.674 0.0 0.2 988.0 1.6734 10.0 68.0 0.8071 0.0 2.774 0.0 0.2 986.0 1.7492 10.0 
0.07487 82.03842 86.0 5869.0 1.0 43.0 0.0 -2.0929 0.774 0.0 0.36056 1000.0 1.4527 12.0 44.0 0.0 -0.3929 0.0 -0.626 0.28284 999.0 1.4124 11.0 44.0 1.0071 0.0 0.0 -1.726 0.22361 998.0 1.3183 14.0 45.0 2.3071 0.0 0.0 -2.226 0.14142 996.0 1.2166 12.0 49.0 3.3071 0.0 0.0 -2.626 0.2 993.0 1.2262 11.0 
0.18348 25.57494 85.0 5870.0 1.0 45.0 0.0 -1.6929 1.574 0.0 0.42426 1000.0 1.591 17.0 44.0 0.0 -0.1929 0.0 -0.126 0.36056 999.0 1.4124 16.0 43.0 1.1071 0.0 0.0 -1.226 0.28284 999.0 1.3489 19.0 44.0 2.3071 0.0 0.0 -1.826 0.14142 997.0 1.2359 17.0 49.0 3.2071 0.0 0.0 -2.226 0.2 995.0 1.3624 18.0 
0.11371 173.84267 62.0 5876.0 1.0 37.0 1.7071 0.0 0.0 -1.126 0.14142 999.0 1.0 19.0 35.0 1.5071 0.0 0.0 -0.426 0.14142 999.0 1.0 18.0 45.0 2.1071 0.0 0.074 0.0 0.22361 997.0 1.2927 20.0 51.0 3.0071 0.0 0.474 0.0 0.22361 995.0 1.4759 18.0 55.0 4.1071 0.0 0.874 0.0 0.22361 994.0 1.6261 17.0 
0.07033 72.87608 62.0 5878.0 1.0 41.0 0.0 -2.1929 0.574 0.0 0.36056 1002.0 1.5608 13.0 42.0 0.0 -0.3929 0.0 -0.526 0.28284 1001.0 1.5014 12.0 41.0 1.2071 0.0 0.0 -1.226 0.3 1001.0 1.4308 16.0 45.0 2.7071 0.0 0.0 -1.426 0.2 999.0 1.4773 13.0 50.0 4.1071 0.0 0.0 -1.426 0.22361 998.0 1.7023 11.0 
0.42259 59.5095 80.0 5885.0 1.0 70.0 0.0 -1.0929 1.874 0.0 0.42426 991.0 2.2749 19.0 73.0 0.5071 0.0 0.174 0.0 0.28284 988.0 2.1772 17.0 76.0 1.9071 0.0 0.0 -0.926 0.28284 984.0 2.0343 15.0 84.0 3.1071 0.0 0.0 -1.726 0.14142 977.0 2.0019 13.0 92.0 4.1071 0.0 0.0 -2.426 0.22361 970.0 2.0104 12.0 
0.14372 57.38457 50.0 5895.0 1.0 53.0 0.0 -2.5929 1.274 0.0 0.56569 1000.0 2.207 16.0 53.0 0.0 -0.2929 0.0 -0.426 0.36056 999.0 2.0493 14.0 53.0 1.7071 0.0 0.0 -1.226 0.3 998.0 1.9127 16.0 55.0 3.6071 0.0 0.0 -1.226 0.3 997.0 1.931 15.0 61.0 5.4071 0.0 0.0 -1.326 0.3 994.0 2.0003 13.0 
0.32258 45.6838 68.0 5902.0 1.0 78.0 0.0 -1.2929 1.174 0.0 0.36056 986.0 2.3015 10.0 79.0 0.3071 0.0 0.274 0.0 0.31623 983.0 2.1248 9.0 75.0 1.7071 0.0 0.0 -0.126 0.31623 985.0 2.0519 9.0 74.0 3.0071 0.0 0.0 -0.726 0.2 985.0 1.9975 9.0 74.0 4.3071 0.0 0.0 -1.326 0.22361 985.0 1.9975 9.0 
0.53431 10.70814 76.0 5906.0 1.0 60.0 0.0 -1.0929 0.474 0.0 0.14142 991.0 1.6713 12.0 71.0 0.0 -0.0929 0.0 -0.026 0.22361 985.0 1.8388 10.0 82.0 1.0071 0.0 0.0 -0.726 0.22361 978.0 1.9622 8.0 82.0 2.0071 0.0 0.0 -1.326 0.22361 978.0 1.9622 8.0 80.0 3.0071 0.0 0.0 -1.926 0.2 979.0 1.9226 8.0 
0.37293 53.71602 89.0 5907.0 1.0 68.0 0.0 -0.6929 0.874 0.0 0.14142 987.0 1.8165 13.0 73.0 0.3071 0.0 0.374 0.0 0.1 983.0 1.8143 12.0 77.0 1.1071 0.0 0.174 0.0 0.22361 979.0 1.7811 11.0 82.0 2.0071 0.0 0.0 -0.126 0.1 976.0 1.8561 10.0 90.0 2.9071 0.0 0.0 -0.326 0.14142 969.0 1.8803 9.0 
0.15509 64.32701 98.0 5911.0 1.0 44.0 0.0 -1.4929 0.374 0.0 0.28284 997.0 1.2359 9.0 47.0 0.0 -0.3929 0.0 -0.426 0.14142 996.0 1.3272 11.0 54.0 0.5071 0.0 0.0 -0.926 0.2 992.0 1.4182 9.0 65.0 1.4071 0.0 0.0 -1.126 0.22361 987.0 1.6597 10.0 75.0 2.3071 0.0 0.0 -1.226 0.22361 980.0 1.741 9.0 
0.31898 10.70814 65.0 5921.0 1.0 55.0 0.0 -1.4929 1.174 0.0 0.28284 997.0 1.931 10.0 62.0 0.0 -0.0929 0.0 -0.026 0.22361 993.0 1.9631 9.0 67.0 1.2071 0.0 0.0 -0.626 0.22361 988.0 1.834 8.0 69.0 2.4071 0.0 0.0 -0.926 0.2 987.0 1.8703 7.0 70.0 3.6071 0.0 0.0 -0.926 0.2 987.0 1.9249 7.0 
0.07384 157.58194 61.0 5923.0 1.0 50.0 0.0 -0.4929 0.0 -1.426 0.22361 995.0 1.4186 10.0 62.0 0.5071 0.0 0.0 -1.326 0.2 990.0 1.707 8.0 67.0 1.5071 0.0 0.0 -0.726 0.22361 988.0 1.834 8.0 65.0 2.7071 0.0 0.0 -0.026 0.22361 990.0 1.8762 8.0 64.0 4.1071 0.0 0.174 0.0 0.2 991.0 1.9016 8.0 
0.18664 153.77753 49.0 5928.0 1.0 67.0 0.0 -1.2929 0.0 -1.926 0.31623 990.0 1.9935 12.0 85.0 0.8071 0.0 0.0 -1.126 0.31623 983.0 2.4598 12.0 100.0 2.9071 0.0 0.0 -0.026 0.44721 974.0 2.5 10.0 100.0 4.9071 0.0 1.074 0.0 0.36056 971.0 2.4318 9.0 102.0 6.6071 0.0 1.974 0.0 0.28284 966.0 2.2609 9.0 
0.1492 45.6838 83.0 5936.0 1.0 49.0 0.0 -0.6929 1.874 0.0 0.36056 998.0 1.6349 18.0 49.0 0.3071 0.0 0.274 0.0 0.36056 995.0 1.3624 12.0 53.0 1.3071 0.0 0.0 -0.926 0.28284 994.0 1.51 14.0 63.0 2.4071 0.0 0.0 -1.726 0.22361 988.0 1.6215 11.0 78.0 3.5071 0.0 0.0 -2.126 0.2 980.0 1.883 11.0 
0.37174 70.49561 72.0 5937.0 1.0 62.0 0.0 -1.2929 0.0 -0.926 0.31623 991.0 1.7846 12.0 73.0 0.1071 0.0 0.0 -0.626 0.31623 985.0 1.9439 12.0 85.0 1.4071 0.0 0.074 0.0 0.28284 977.0 2.0498 10.0 92.0 2.5071 0.0 0.974 0.0 0.22361 971.0 2.0583 9.0 98.0 3.6071 0.0 1.574 0.0 0.22361 965.0 2.0436 9.0 
0.22006 108.43208 39.0 5939.0 1.0 65.0 0.0 -2.7929 2.574 0.0 0.67082 1000.0 2.5 11.0 66.0 0.7071 0.0 0.674 0.0 0.63246 1000.0 2.5 14.0 70.0 4.0071 0.0 0.0 -0.826 0.53852 997.0 2.5 11.0 71.0 6.9071 0.0 0.0 -1.926 0.41231 995.0 2.5 10.0 69.0 9.4071 0.0 0.0 -2.826 0.31623 994.0 2.5 9.0 
0.40508 2.99167 43.0 5940.0 1.0 70.0 0.0 -3.4929 2.974 0.0 0.84853 1002.0 2.5 19.0 60.0 0.0071 0.0 0.0 -0.026 0.5831 1001.0 2.5 23.0 56.0 2.9071 0.0 0.0 -1.626 0.44721 1001.0 2.5 21.0 53.0 5.5071 0.0 0.0 -2.226 0.41231 1000.0 2.207 20.0 52.0 7.8071 0.0 0.0 -2.426 0.41231 999.0 1.9727 18.0 
0.11132 142.90345 85.0 5946.0 1.0 57.0 0.0 -1.3929 0.0 -1.026 0.2 990.0 1.4428 12.0 72.0 0.0 -0.3929 0.0 -1.226 0.22361 980.0 1.6045 9.0 96.0 0.5071 0.0 0.0 -1.326 0.2 963.0 1.8826 9.0 124.0 1.4071 0.0 0.0 -1.226 0.22361 937.0 2.0664 6.0 117.0 2.3071 0.0 0.0 -1.026 0.14142 945.0 2.0561 7.0 
0.08713 64.32701 85.0 5948.0 1.0 40.0 0.0 -1.1929 0.774 0.0 0.22361 998.0 1.0895 10.0 43.0 0.0 -0.3929 0.0 -0.426 0.22361 998.0 1.259 13.0 47.0 0.3071 0.0 0.0 -1.326 0.22361 995.0 1.2535 11.0 54.0 1.1071 0.0 0.0 -1.726 0.1 991.0 1.3538 11.0 69.0 1.9071 0.0 0.0 -1.726 0.14142 984.0 1.6768 9.0 
0.06876 84.99922 93.0 5949.0 1.0 43.0 0.0 -1.4929 1.174 0.0 0.31623 998.0 1.259 10.0 46.0 0.0 -0.6929 0.0 -0.326 0.22361 997.0 1.3508 12.0 50.0 0.1071 0.0 0.0 -1.426 0.14142 993.0 1.2767 10.0 57.0 0.9071 0.0 0.0 -1.826 0.1 987.0 1.2763 8.0 76.0 1.6071 0.0 0.0 -1.726 0.14142 977.0 1.6387 8.0 
0.27467 67.88686 133.0 5953.0 1.0 56.0 0.4071 0.0 0.674 0.0 0.1 990.0 1.3926 14.0 58.0 0.6071 0.0 0.074 0.0 0.14142 989.0 1.4316 14.0 59.0 0.9071 0.0 0.0 -0.426 0.1 988.0 1.4222 13.0 60.0 1.2071 0.0 0.0 -0.826 0.1 988.0 1.4708 13.0 61.0 1.6071 0.0 0.0 -1.026 0.0 987.0 1.4617 13.0 
0.17043 88.44035 96.0 5956.0 1.0 49.0 0.0 -1.5929 0.0 -0.126 0.14142 995.0 1.3624 11.0 56.0 0.0 -0.4929 0.0 -0.626 0.14142 991.0 1.4559 9.0 69.0 0.5071 0.0 0.0 -0.926 0.2 984.0 1.6768 10.0 82.0 1.4071 0.0 0.0 -0.926 0.22361 975.0 1.8073 8.0 84.0 2.3071 0.0 0.0 -0.626 0.1 973.0 1.8017 8.0 
0.13718 57.38457 71.0 5962.0 1.0 46.0 0.0 -1.2929 0.374 0.0 0.28284 997.0 1.3508 9.0 53.0 0.0 -0.2929 0.0 -0.426 0.22361 994.0 1.51 10.0 65.0 0.7071 0.0 0.0 -0.726 0.2 988.0 1.7261 8.0 71.0 1.8071 0.0 0.0 -0.426 0.22361 985.0 1.8388 7.0 76.0 2.8071 0.0 0.374 0.0 0.22361 982.0 1.903 7.0 
0.6478 19.33007 70.0 5965.0 1.0 62.0 0.0 -1.2929 0.674 0.0 0.22361 992.0 1.8696 16.0 71.0 0.0071 0.0 0.174 0.0 0.31623 986.0 1.9069 13.0 80.0 1.4071 0.0 0.0 -0.026 0.2 980.0 1.9808 11.0 89.0 2.7071 0.0 0.0 -0.126 0.2 973.0 2.0226 10.0 99.0 3.9071 0.0 0.0 -0.026 0.1 963.0 2.0021 8.0 
0.48886 10.70814 111.0 5971.0 1.0 56.0 0.0 -0.7929 0.874 0.0 0.22361 991.0 1.4559 13.0 68.0 0.0 -0.0929 0.0 -0.026 0.14142 983.0 1.5743 10.0 86.0 0.6071 0.0 0.0 -0.526 0.14142 971.0 1.7986 9.0 95.0 1.2071 0.0 0.0 -0.626 0.14142 963.0 1.8436 8.0 99.0 1.8071 0.0 0.0 -0.026 0.14142 961.0 1.9251 8.0 
0.07258 167.48964 106.0 5986.0 1.0 78.0 1.6071 0.0 0.0 -1.626 0.3 982.0 2.0045 9.0 78.0 1.5071 0.0 0.074 0.0 0.3 982.0 2.0045 9.0 75.0 1.4071 0.0 1.474 0.0 0.2 982.0 1.8533 9.0 72.0 1.3071 0.0 2.474 0.0 0.2 982.0 1.708 9.0 71.0 1.3071 0.0 3.274 0.0 0.1 982.0 1.6609 9.0 
0.14031 35.39254 62.0 598.0 1.0 54.0 0.0 -2.0929 2.474 0.0 0.5831 998.0 1.9855 15.0 56.0 0.0 -0.2929 0.0 -0.126 0.5 996.0 1.8841 13.0 56.0 1.5071 0.0 0.0 -2.026 0.42426 995.0 1.7795 16.0 59.0 3.1071 0.0 0.0 -3.326 0.28284 991.0 1.6161 13.0 68.0 4.5071 0.0 0.0 -4.226 0.31623 986.0 1.7492 14.0 
0.33988 19.33007 35.0 5996.0 1.0 79.0 0.0 -1.0929 1.474 0.0 0.28284 984.0 2.1981 9.0 69.0 0.0071 0.0 0.174 0.0 0.28284 990.0 2.1142 11.0 58.0 1.2071 0.0 0.0 -0.826 0.28284 994.0 1.8084 13.0 48.0 2.3071 0.0 0.0 -1.526 0.22361 998.0 1.5688 15.0 39.0 3.4071 0.0 0.0 -2.026 0.14142 1000.0 1.195 19.0 
0.1921 17.37652 74.0 6007.0 1.0 56.0 0.0 -1.6929 1.774 0.0 0.5 997.0 2.0019 12.0 57.0 0.0 -0.0929 0.0 -0.126 0.36056 995.0 1.8436 11.0 61.0 1.4071 0.0 0.0 -1.426 0.28284 991.0 1.7275 9.0 64.0 2.7071 0.0 0.0 -2.326 0.22361 988.0 1.6734 8.0 80.0 3.8071 0.0 0.0 -2.926 0.2 977.0 1.8158 8.0 
0.29434 38.12432 97.0 6014.0 1.0 99.0 0.0 -0.4929 1.474 0.0 0.28284 964.0 2.043 6.0 101.0 0.2071 0.0 0.274 0.0 0.22361 962.0 2.0429 6.0 97.0 0.9071 0.0 0.0 -0.526 0.14142 963.0 1.922 6.0 90.0 1.4071 0.0 0.0 -0.926 0.14142 966.0 1.7602 7.0 82.0 1.8071 0.0 0.0 -1.226 0.0 972.0 1.6751 7.0 
0.53189 8.25172 71.0 6015.0 1.0 65.0 0.0 -0.7929 1.274 0.0 0.22361 990.0 1.8762 11.0 71.0 0.0071 0.0 0.074 0.0 0.22361 986.0 1.9069 10.0 81.0 0.9071 0.0 0.0 -0.826 0.14142 978.0 1.9146 8.0 74.0 1.7071 0.0 0.0 -1.226 0.2 983.0 1.8643 9.0 65.0 2.7071 0.0 0.0 -1.326 0.1 988.0 1.7261 10.0 
0.43606 17.37652 74.0 6016.0 1.0 56.0 0.0 -0.6929 0.574 0.0 0.14142 990.0 1.3926 10.0 64.0 0.0 -0.0929 0.0 -0.126 0.14142 986.0 1.5495 10.0 79.0 0.7071 0.0 0.0 -0.526 0.14142 978.0 1.8213 8.0 74.0 1.6071 0.0 0.0 -0.726 0.1 982.0 1.8042 9.0 74.0 2.5071 0.0 0.0 -0.726 0.22361 982.0 1.8042 9.0 
0.23138 70.49561 110.0 6032.0 1.0 40.0 0.0 -0.1929 0.0 -0.826 0.14142 995.0 1.0 11.0 48.0 0.1071 0.0 0.0 -0.626 0.1 991.0 1.0697 9.0 63.0 0.4071 0.0 0.0 -0.526 0.1 985.0 1.4478 9.0 76.0 0.8071 0.0 0.0 -0.326 0.1 977.0 1.6387 8.0 79.0 1.3071 0.0 0.074 0.0 0.1 976.0 1.7228 8.0 
0.15018 41.06496 74.0 6044.0 1.0 46.0 0.0 -1.6929 1.374 0.0 0.36056 1000.0 1.6625 15.0 47.0 0.0 -0.2929 0.0 -0.226 0.28284 998.0 1.5041 13.0 50.0 1.0071 0.0 0.0 -1.226 0.22361 997.0 1.5959 15.0 56.0 2.2071 0.0 0.0 -1.726 0.2 994.0 1.6858 13.0 58.0 3.3071 0.0 0.0 -1.826 0.1 992.0 1.6361 12.0 
0.30374 2.99167 80.0 604.0 1.0 38.0 0.0 -0.5929 0.374 0.0 0.14142 999.0 1.0535 16.0 41.0 0.0071 0.0 0.0 -0.026 0.22361 998.0 1.1446 16.0 48.0 0.8071 0.0 0.0 -0.026 0.1 995.0 1.3074 14.0 54.0 1.6071 0.0 0.374 0.0 0.14142 994.0 1.5675 13.0 59.0 2.5071 0.0 1.174 0.0 0.22361 992.0 1.693 12.0 
0.06455 181.11059 118.0 6053.0 1.0 67.0 0.9071 0.0 0.0 -1.626 0.14142 986.0 1.6981 10.0 58.0 1.4071 0.0 0.0 -0.826 0.14142 991.0 1.5618 11.0 53.0 1.9071 0.0 0.0 -0.026 0.22361 994.0 1.51 13.0 49.0 2.4071 0.0 0.774 0.0 0.1 995.0 1.3624 13.0 44.0 2.8071 0.0 1.374 0.0 0.1 997.0 1.2359 14.0 
0.51129 140.98863 54.0 6054.0 1.0 153.0 0.0 -1.8929 3.274 0.0 0.70711 937.0 2.5 8.0 165.0 1.0071 0.0 0.774 0.0 0.5831 915.0 2.5 7.0 172.0 3.5071 0.0 0.0 -0.926 0.42426 898.0 2.5 6.0 159.0 5.3071 0.0 0.0 -2.426 0.36056 909.0 2.4828 7.0 138.0 6.6071 0.0 0.0 -3.526 0.22361 927.0 2.2617 8.0 
0.34963 14.4498 89.0 6056.0 1.0 62.0 0.0 -1.0929 1.274 0.0 0.28284 993.0 1.9631 16.0 60.0 0.1071 0.0 0.074 0.0 0.28284 993.0 1.8385 16.0 65.0 1.3071 0.0 0.0 -1.126 0.22361 990.0 1.8762 14.0 71.0 2.6071 0.0 0.0 -2.026 0.22361 987.0 1.9803 13.0 74.0 3.9071 0.0 0.0 -2.526 0.14142 984.0 1.9286 12.0 
0.21477 73.18987 97.0 6059.0 1.0 70.0 0.0 -0.7929 0.0 -1.026 0.14142 985.0 1.7874 10.0 90.0 0.2071 0.0 0.0 -0.626 0.22361 971.0 1.9698 7.0 96.0 1.2071 0.0 0.0 -0.026 0.22361 966.0 2.0028 7.0 94.0 2.3071 0.0 0.574 0.0 0.14142 969.0 2.0511 7.0 88.0 3.2071 0.0 1.174 0.0 0.14142 972.0 1.9291 7.0 
0.13053 102.52377 86.0 6071.0 1.0 55.0 0.9071 0.0 0.874 0.0 0.2 991.0 1.4044 11.0 55.0 0.9071 0.0 0.174 0.0 0.14142 990.0 1.3433 11.0 56.0 1.2071 0.0 0.0 -0.226 0.0 990.0 1.3926 11.0 57.0 1.5071 0.0 0.0 -0.426 0.14142 989.0 1.3827 11.0 60.0 2.0071 0.0 0.0 -0.626 0.1 989.0 1.5321 10.0 
0.12925 108.29109 100.0 6072.0 1.0 68.0 0.0 -0.4929 0.0 -1.426 0.14142 982.0 1.5235 10.0 91.0 0.3071 0.0 0.0 -0.926 0.1 964.0 1.7261 7.0 112.0 1.2071 0.0 0.0 -0.726 0.1 945.0 1.8841 6.0 121.0 2.1071 0.0 0.0 -0.826 0.14142 933.0 1.8692 5.0 139.0 2.9071 0.0 0.0 -1.126 0.22361 914.0 1.9933 4.0 
0.28404 63.97938 49.0 6073.0 1.0 59.0 0.0 -1.2929 2.274 0.0 0.5 997.0 2.2221 19.0 61.0 0.5071 0.0 0.274 0.0 0.36056 996.0 2.2356 19.0 60.0 2.5071 0.0 0.0 -0.926 0.36056 997.0 2.2981 19.0 55.0 4.5071 0.0 0.0 -1.526 0.2 997.0 1.931 19.0 53.0 6.1071 0.0 0.0 -1.526 0.22361 997.0 1.7931 19.0 
0.17586 81.45815 79.0 6077.0 1.0 61.0 0.0 -1.4929 0.0 -1.126 0.3 994.0 2.0003 13.0 69.0 0.1071 0.0 0.0 -0.726 0.31623 989.0 2.0261 11.0 67.0 1.5071 0.0 0.0 -0.126 0.2 989.0 1.9104 10.0 62.0 2.6071 0.0 0.274 0.0 0.22361 991.0 1.7846 11.0 57.0 3.6071 0.0 0.474 0.0 0.14142 992.0 1.5802 12.0 
0.61614 2.99167 50.0 607.0 1.0 59.0 0.0 -2.4929 1.374 0.0 0.5 997.0 2.2221 13.0 62.0 0.0071 0.0 0.0 -0.026 0.36056 996.0 2.3095 15.0 65.0 2.2071 0.0 0.0 -0.826 0.31623 992.0 2.0549 13.0 72.0 4.2071 0.0 0.0 -1.326 0.31623 989.0 2.2062 14.0 70.0 6.0071 0.0 0.0 -1.926 0.31623 989.0 2.0853 14.0 
0.37952 53.94034 53.0 6085.0 1.0 96.0 0.0 -1.7929 2.174 0.0 0.42426 974.0 2.4136 8.0 108.0 0.1071 0.0 0.474 0.0 0.36056 966.0 2.5 7.0 106.0 2.0071 0.0 0.0 -0.726 0.31623 966.0 2.4417 7.0 102.0 3.8071 0.0 0.0 -1.526 0.31623 968.0 2.3614 7.0 97.0 5.4071 0.0 0.0 -1.926 0.2 969.0 2.1841 7.0 
0.15091 79.14903 91.0 6088.0 1.0 73.0 0.0 -0.5929 2.174 0.0 0.31623 988.0 2.1772 8.0 78.0 0.6071 0.0 0.374 0.0 0.36056 985.0 2.2193 7.0 81.0 2.0071 0.0 0.0 -1.026 0.28284 982.0 2.1617 7.0 81.0 3.4071 0.0 0.0 -1.826 0.22361 980.0 2.0307 6.0 82.0 4.5071 0.0 0.0 -2.126 0.2 976.0 1.8561 6.0 
0.3295 90.67324 154.0 6097.0 1.0 73.0 1.3071 0.0 0.0 -1.826 0.31623 984.0 1.8769 9.0 86.0 0.8071 0.0 0.0 -0.126 0.3 977.0 2.0984 8.0 87.0 0.4071 0.0 1.574 0.0 0.3 976.0 2.0894 8.0 84.0 0.2071 0.0 3.074 0.0 0.2 975.0 1.8965 8.0 82.0 0.2071 0.0 4.174 0.0 0.2 975.0 1.8073 8.0 
0.11634 35.39254 65.0 60.0 1.0 55.0 0.0 -2.2929 2.374 0.0 0.64031 999.0 2.2069 11.0 54.0 0.0 -0.2929 0.0 -0.126 0.42426 998.0 1.9855 10.0 55.0 1.4071 0.0 0.0 -1.926 0.42426 997.0 1.931 12.0 59.0 3.0071 0.0 0.0 -3.126 0.28284 993.0 1.7777 10.0 66.0 4.4071 0.0 0.0 -3.626 0.2 987.0 1.7112 9.0 
0.2792 8.25172 73.0 6102.0 1.0 61.0 0.0 -1.3929 1.674 0.0 0.36056 996.0 2.2356 10.0 58.0 0.0071 0.0 0.074 0.0 0.28284 995.0 1.9088 10.0 57.0 1.2071 0.0 0.0 -0.926 0.28284 994.0 1.7465 10.0 51.0 2.3071 0.0 0.0 -1.626 0.14142 996.0 1.5627 10.0 45.0 3.1071 0.0 0.0 -2.126 0.14142 998.0 1.3789 11.0 
0.67774 8.25172 49.0 6109.0 1.0 51.0 0.0 -1.0929 0.074 0.0 0.22361 993.0 1.3283 14.0 63.0 0.0071 0.0 0.074 0.0 0.2 989.0 1.6891 14.0 75.0 1.2071 0.0 0.574 0.0 0.22361 983.0 1.9151 12.0 89.0 2.7071 0.0 1.174 0.0 0.31623 976.0 2.1866 10.0 105.0 4.9071 0.0 1.474 0.0 0.5099 971.0 2.5 9.0 
0.92975 17.37652 50.0 6114.0 1.0 75.0 0.0 -1.7929 0.0 -0.026 0.31623 985.0 2.0519 10.0 89.0 0.0 -0.0929 0.0 -0.126 0.31623 976.0 2.1866 8.0 92.0 1.8071 0.0 0.174 0.0 0.31623 976.0 2.3365 8.0 92.0 3.8071 0.0 0.574 0.0 0.41231 978.0 2.47 8.0 90.0 6.0071 0.0 0.974 0.0 0.31623 979.0 2.4333 8.0 
0.17523 120.49951 83.0 6117.0 1.0 67.0 0.1071 0.0 0.0 -1.426 0.22361 985.0 1.6375 16.0 87.0 0.8071 0.0 0.0 -0.726 0.22361 973.0 1.9327 12.0 96.0 1.6071 0.0 0.174 0.0 0.22361 966.0 2.0028 11.0 105.0 2.5071 0.0 0.974 0.0 0.22361 959.0 2.0853 10.0 107.0 3.5071 0.0 1.574 0.0 0.2 957.0 2.0882 10.0 
0.57116 49.71343 53.0 6125.0 1.0 63.0 0.0 -1.4929 0.0 -1.126 0.31623 993.0 2.0269 10.0 71.0 0.3071 0.0 0.0 -0.326 0.31623 989.0 2.1453 11.0 83.0 1.8071 0.0 0.774 0.0 0.36056 982.0 2.2698 9.0 82.0 3.4071 0.0 2.074 0.0 0.31623 983.0 2.2892 9.0 80.0 5.2071 0.0 3.174 0.0 0.36056 986.0 2.421 10.0 
0.5132 77.39705 48.0 6134.0 1.0 70.0 0.0 -1.3929 0.0 -1.026 0.3 986.0 1.8536 11.0 88.0 0.3071 0.0 0.0 -0.626 0.36056 976.0 2.1377 9.0 115.0 2.0071 0.0 0.474 0.0 0.36056 957.0 2.4121 8.0 132.0 4.0071 0.0 1.674 0.0 0.44721 943.0 2.5 7.0 130.0 6.3071 0.0 2.874 0.0 0.36056 942.0 2.4312 6.0 
0.06975 64.32701 67.0 6137.0 1.0 54.0 0.0 -1.7929 2.274 0.0 0.53852 998.0 1.9855 11.0 51.0 0.0 -0.3929 0.0 -0.426 0.44721 998.0 1.7711 14.0 49.0 0.9071 0.0 0.0 -2.126 0.22361 996.0 1.4425 12.0 50.0 2.1071 0.0 0.0 -2.926 0.1 993.0 1.2767 11.0 57.0 3.1071 0.0 0.0 -3.026 0.1 990.0 1.4428 12.0 
0.11691 124.98848 61.0 6140.0 1.0 65.0 0.0 -1.5929 0.0 -0.726 0.31623 990.0 1.8762 12.0 75.0 0.0071 0.0 0.0 -1.126 0.31623 983.0 1.9151 11.0 92.0 1.3071 0.0 0.0 -1.026 0.22361 971.0 2.0583 9.0 100.0 2.5071 0.0 0.0 -0.226 0.14142 965.0 2.1279 9.0 99.0 3.7071 0.0 0.874 0.0 0.28284 969.0 2.2751 9.0 
0.70878 13.18352 68.0 6142.0 1.0 94.0 0.0 -1.5929 1.274 0.0 0.42426 974.0 2.3141 8.0 100.0 0.0 -0.0929 0.074 0.0 0.36056 968.0 2.2697 7.0 85.0 1.4071 0.0 0.0 -0.726 0.22361 979.0 2.1704 8.0 71.0 2.7071 0.0 0.0 -1.126 0.22361 986.0 1.9069 10.0 64.0 3.9071 0.0 0.0 -1.326 0.2 990.0 1.8189 11.0 
0.0869 82.03842 75.0 6143.0 1.0 40.0 0.0 -1.2929 0.374 0.0 0.22361 1000.0 1.2571 15.0 42.0 0.0 -0.3929 0.0 -0.626 0.22361 999.0 1.2869 13.0 48.0 0.5071 0.0 0.0 -1.426 0.22361 997.0 1.4708 15.0 54.0 1.4071 0.0 0.0 -1.926 0.22361 994.0 1.5675 13.0 50.0 2.4071 0.0 0.0 -2.326 0.22361 996.0 1.502 14.0 
0.22122 24.41152 59.0 6153.0 1.0 45.0 0.0 -0.8929 1.774 0.0 0.36056 999.0 1.4773 18.0 45.0 0.2071 0.0 0.074 0.0 0.28284 998.0 1.3789 19.0 48.0 1.4071 0.0 0.0 -1.126 0.28284 996.0 1.3843 17.0 54.0 2.6071 0.0 0.0 -2.326 0.28284 994.0 1.5675 16.0 69.0 4.0071 0.0 0.0 -3.826 0.42426 989.0 2.0261 15.0 
0.07763 167.99645 72.0 6155.0 1.0 32.0 0.0 -0.4929 0.0 -1.526 0.2 1001.0 1.0 17.0 35.0 0.5071 0.0 0.0 -1.426 0.2 1001.0 1.0427 21.0 39.0 1.3071 0.0 0.0 -0.926 0.14142 999.0 1.1096 18.0 41.0 1.8071 0.0 0.0 -0.326 0.14142 998.0 1.1446 16.0 43.0 2.4071 0.0 0.374 0.0 0.14142 998.0 1.259 16.0 
0.21315 32.63974 59.0 6160.0 1.0 68.0 0.0 -2.2929 2.574 0.0 0.5831 997.0 2.5 13.0 63.0 0.0 -0.2929 0.0 -0.026 0.42426 994.0 2.1336 11.0 65.0 1.5071 0.0 0.0 -1.126 0.22361 990.0 1.8762 12.0 77.0 3.0071 0.0 0.0 -1.526 0.2 980.0 1.8351 9.0 101.0 4.4071 0.0 0.0 -1.626 0.2 964.0 2.1263 9.0 
0.19338 35.39254 68.0 6161.0 1.0 52.0 0.0 -1.3929 1.174 0.0 0.36056 996.0 1.6246 11.0 59.0 0.0 -0.2929 0.0 -0.126 0.22361 992.0 1.693 11.0 71.0 0.8071 0.0 0.0 -0.926 0.14142 986.0 1.9069 10.0 77.0 1.9071 0.0 0.0 -1.326 0.2 982.0 1.9535 9.0 77.0 3.0071 0.0 0.0 -1.026 0.22361 982.0 1.9535 9.0 
0.16113 51.90795 49.0 6164.0 1.0 41.0 0.0 -1.2929 0.874 0.0 0.36056 1001.0 1.4308 19.0 42.0 0.0 -0.1929 0.0 -0.426 0.28284 1000.0 1.3859 19.0 44.0 1.0071 0.0 0.0 -0.726 0.2 999.0 1.4124 17.0 50.0 2.4071 0.0 0.0 -0.026 0.22361 999.0 1.8239 17.0 57.0 4.5071 0.0 0.474 0.0 0.5099 999.0 2.3703 17.0 
0.22883 17.37652 95.0 6168.0 1.0 45.0 0.0 -0.7929 0.874 0.0 0.22361 997.0 1.2927 12.0 51.0 0.0 -0.0929 0.0 -0.126 0.28284 993.0 1.3283 10.0 61.0 0.7071 0.0 0.0 -1.026 0.14142 987.0 1.4617 8.0 79.0 1.5071 0.0 0.0 -1.626 0.14142 977.0 1.7707 8.0 87.0 2.2071 0.0 0.0 -2.126 0.2 970.0 1.7979 7.0 
0.18924 10.70814 65.0 6171.0 1.0 34.0 0.0 -0.4929 0.974 0.0 0.22361 1000.0 1.0 17.0 34.0 0.0 -0.0929 0.0 -0.026 0.1 999.0 1.0 15.0 36.0 0.3071 0.0 0.0 -0.526 0.1 998.0 1.0 13.0 44.0 0.9071 0.0 0.0 -0.426 0.14142 996.0 1.1632 15.0 54.0 1.6071 0.0 0.174 0.0 0.14142 993.0 1.4892 13.0 
0.10956 233.37275 84.0 6181.0 1.0 60.0 1.4071 0.0 0.0 -3.026 0.41231 993.0 1.8385 16.0 75.0 2.0071 0.0 0.0 -0.626 0.5099 989.0 2.3938 14.0 78.0 2.9071 0.0 1.774 0.0 0.36056 986.0 2.3015 13.0 77.0 4.0071 0.0 3.374 0.0 0.22361 984.0 2.0882 12.0 74.0 4.6071 0.0 4.674 0.0 0.22361 983.0 1.8643 12.0 
0.23674 35.39254 52.0 6183.0 1.0 62.0 0.0 -2.5929 2.274 0.0 0.64031 999.0 2.5 14.0 60.0 0.0 -0.2929 0.0 -0.126 0.5 997.0 2.2981 12.0 62.0 1.8071 0.0 0.0 -1.426 0.31623 993.0 1.9631 10.0 67.0 3.7071 0.0 0.0 -2.126 0.3 992.0 2.1833 12.0 71.0 5.4071 0.0 0.0 -2.426 0.31623 988.0 2.0595 10.0 
0.26039 21.60552 54.0 6189.0 1.0 55.0 0.0 -0.5929 0.0 -1.026 0.22361 993.0 1.5448 12.0 56.0 0.0 -0.1929 0.0 -0.026 0.22361 993.0 1.6015 12.0 49.0 0.2071 0.0 1.074 0.0 0.14142 996.0 1.4425 14.0 44.0 0.7071 0.0 1.974 0.0 0.14142 998.0 1.3183 16.0 39.0 1.2071 0.0 2.774 0.0 0.14142 999.0 1.1096 17.0 
0.08716 43.70729 69.0 618.0 1.0 43.0 0.0 -1.8929 2.174 0.0 0.5 1001.0 1.5738 14.0 44.0 0.0 -0.3929 0.0 -0.026 0.44721 1000.0 1.5211 13.0 45.0 1.1071 0.0 0.0 -1.926 0.42426 999.0 1.4773 11.0 45.0 2.5071 0.0 0.0 -3.526 0.28284 998.0 1.3789 10.0 46.0 3.7071 0.0 0.0 -4.626 0.22361 997.0 1.3508 13.0 
0.22368 48.39733 100.0 6191.0 1.0 37.0 0.0 -0.4929 0.0 -0.426 0.0 997.0 1.0 12.0 46.0 0.0 -0.0929 0.0 -0.426 0.1 993.0 1.0806 10.0 58.0 0.3071 0.0 0.0 -0.526 0.1 989.0 1.4316 11.0 72.0 0.8071 0.0 0.0 -0.526 0.0 980.0 1.6045 8.0 74.0 1.2071 0.0 0.0 -0.426 0.1 979.0 1.645 8.0 
0.26403 2.99167 56.0 6201.0 1.0 55.0 0.0 -1.3929 1.474 0.0 0.36056 997.0 1.931 15.0 58.0 0.0071 0.0 0.0 -0.026 0.28284 996.0 2.0211 14.0 60.0 1.4071 0.0 0.0 -1.126 0.31623 995.0 2.0427 13.0 58.0 3.0071 0.0 0.0 -1.726 0.31623 996.0 2.0211 14.0 56.0 4.6071 0.0 0.0 -2.426 0.31623 997.0 2.0019 14.0 
0.71311 14.00819 55.0 6207.0 1.0 68.0 0.0 -2.0929 0.374 0.0 0.41231 992.0 2.249 13.0 75.0 0.0071 0.0 0.0 -0.126 0.31623 988.0 2.2981 13.0 78.0 1.9071 0.0 0.0 -0.326 0.31623 985.0 2.2193 12.0 87.0 3.6071 0.0 0.0 -0.926 0.22361 979.0 2.2738 11.0 90.0 5.1071 0.0 0.0 -1.826 0.31623 976.0 2.236 10.0 
0.08143 72.87608 73.0 621.0 1.0 56.0 0.0 -2.5929 2.074 0.0 0.64031 1001.0 2.5 13.0 49.0 0.0 -0.3929 0.0 -0.526 0.42426 1000.0 1.8864 12.0 45.0 1.4071 0.0 0.0 -2.026 0.36056 1000.0 1.591 16.0 44.0 2.8071 0.0 0.0 -3.026 0.31623 998.0 1.3183 14.0 47.0 4.1071 0.0 0.0 -3.526 0.2 996.0 1.3272 12.0 
1.05155 8.25172 73.0 6220.0 1.0 138.0 0.0 -0.4929 0.274 0.0 0.14142 914.0 1.9647 4.0 119.0 0.0071 0.0 0.074 0.0 0.1 937.0 1.9031 5.0 84.0 0.3071 0.0 0.074 0.0 0.1 970.0 1.676 7.0 61.0 0.5071 0.0 0.174 0.0 0.0 986.0 1.4076 10.0 47.0 0.6071 0.0 0.274 0.0 0.1 994.0 1.1875 12.0 
0.25262 116.7183 89.0 6222.0 1.0 85.0 0.4071 0.0 1.374 0.0 0.14142 973.0 1.8449 7.0 81.0 0.8071 0.0 0.674 0.0 0.14142 975.0 1.7635 8.0 76.0 1.2071 0.0 0.274 0.0 0.14142 978.0 1.6856 8.0 68.0 1.5071 0.0 0.0 -0.126 0.1 983.0 1.5743 9.0 60.0 1.7071 0.0 0.0 -0.326 0.1 987.0 1.4142 10.0 
0.21463 30.02471 67.0 622.0 1.0 55.0 0.0 -1.6929 2.074 0.0 0.5 999.0 2.2069 11.0 52.0 0.2071 0.0 0.174 0.0 0.36056 997.0 1.7261 9.0 54.0 1.8071 0.0 0.0 -1.226 0.22361 996.0 1.752 11.0 61.0 3.2071 0.0 0.0 -2.226 0.28284 991.0 1.7275 9.0 73.0 4.5071 0.0 0.0 -2.926 0.2 981.0 1.7009 7.0 
0.08718 167.54553 54.0 6231.0 1.0 46.0 0.4071 0.0 0.0 -1.526 0.14142 997.0 1.3508 15.0 46.0 1.1071 0.0 0.0 -1.026 0.1 997.0 1.3508 14.0 40.0 1.6071 0.0 0.0 -0.626 0.14142 999.0 1.1673 16.0 36.0 2.1071 0.0 0.0 -0.226 0.14142 1000.0 1.0182 18.0 34.0 2.6071 0.0 0.074 0.0 0.1 1000.0 1.0 19.0 
0.243 14.00819 59.0 6234.0 1.0 39.0 0.0 -1.3929 0.374 0.0 0.22361 1002.0 1.4123 23.0 40.0 0.0071 0.0 0.0 -0.126 0.22361 1001.0 1.3618 20.0 42.0 1.3071 0.0 0.0 -0.226 0.3 1000.0 1.3859 19.0 44.0 2.8071 0.0 0.174 0.0 0.31623 1000.0 1.5211 19.0 44.0 4.3071 0.0 0.974 0.0 0.31623 1001.0 1.6478 20.0 
0.57898 54.46995 63.0 6239.0 1.0 127.0 0.0 -0.7929 1.674 0.0 0.36056 944.0 2.3875 7.0 124.0 0.4071 0.0 0.274 0.0 0.28284 943.0 2.2435 7.0 131.0 1.7071 0.0 0.0 -0.626 0.22361 933.0 2.191 6.0 147.0 3.0071 0.0 0.0 -1.326 0.22361 914.0 2.2294 6.0 159.0 4.3071 0.0 0.0 -2.126 0.22361 899.0 2.265 5.0 
0.06821 94.15302 58.0 6246.0 1.0 44.0 0.0 -1.8929 0.074 0.0 0.31623 1000.0 1.5211 11.0 48.0 0.0 -0.1929 0.0 -0.826 0.36056 999.0 1.6809 10.0 52.0 1.6071 0.0 0.0 -1.626 0.22361 996.0 1.6246 8.0 56.0 3.2071 0.0 0.0 -2.026 0.2 995.0 1.7795 10.0 68.0 4.6071 0.0 0.0 -2.026 0.2 988.0 1.8891 8.0 
0.08815 164.18421 40.0 6247.0 1.0 70.0 0.0 -5.0929 0.274 0.0 0.89443 1002.0 2.5 22.0 71.0 0.0 -0.3929 0.0 -1.426 0.82462 1001.0 2.5 22.0 64.0 3.6071 0.0 0.0 -2.226 0.60828 1001.0 2.5 20.0 57.0 6.7071 0.0 0.0 -2.226 0.41231 1000.0 2.5 19.0 49.0 8.9071 0.0 0.0 -1.626 0.31623 1000.0 1.8864 19.0 
0.40187 21.60552 47.0 6251.0 1.0 69.0 0.0 -2.9929 2.674 0.0 0.70711 998.0 2.5 14.0 69.0 0.0 -0.1929 0.0 -0.026 0.5831 996.0 2.5 11.0 69.0 2.4071 0.0 0.0 -1.626 0.41231 994.0 2.5 13.0 64.0 4.6071 0.0 0.0 -2.026 0.41231 994.0 2.2019 13.0 73.0 6.7071 0.0 0.0 -1.426 0.36056 989.0 2.2679 11.0 
0.05031 95.1605 101.0 6252.0 1.0 49.0 0.0 -2.6929 1.974 0.0 0.5 1000.0 1.8864 13.0 50.0 0.0 -0.7929 0.0 -0.326 0.5 999.0 1.8239 12.0 47.0 1.0071 0.0 0.0 -2.326 0.28284 998.0 1.5041 13.0 45.0 2.3071 0.0 0.0 -3.726 0.22361 997.0 1.2927 14.0 46.0 3.4071 0.0 0.0 -4.626 0.14142 995.0 1.2007 12.0 
0.13488 56.66943 78.0 625.0 1.0 33.0 0.0 -1.3929 0.374 0.0 0.14142 1001.0 1.0 18.0 36.0 0.0 -0.3929 0.0 -0.326 0.14142 1001.0 1.1031 16.0 38.0 0.6071 0.0 0.0 -0.826 0.22361 1000.0 1.1345 15.0 42.0 1.6071 0.0 0.0 -1.126 0.2 999.0 1.2869 17.0 49.0 2.6071 0.0 0.0 -1.126 0.1 996.0 1.4425 14.0 
0.29609 12.23339 80.0 6260.0 1.0 33.0 0.0071 0.0 0.0 -0.826 0.1 1000.0 1.0 20.0 39.0 0.1071 0.0 0.0 -0.026 0.2 999.0 1.1096 17.0 43.0 0.3071 0.0 0.774 0.0 0.2 997.0 1.1803 15.0 44.0 0.7071 0.0 1.474 0.0 0.14142 997.0 1.2359 15.0 45.0 1.4071 0.0 2.074 0.0 0.22361 998.0 1.3789 15.0 
0.48412 57.99964 54.0 6264.0 1.0 41.0 0.0 -0.4929 0.0 -2.426 0.44721 1001.0 1.4308 17.0 49.0 0.5071 0.0 0.0 -0.126 0.44721 1000.0 1.8864 15.0 54.0 1.8071 0.0 2.374 0.0 0.44721 1000.0 2.291 14.0 58.0 3.5071 0.0 4.874 0.0 0.5831 1000.0 2.5 13.0 63.0 5.2071 0.0 8.174 0.0 0.5831 1000.0 2.5 13.0 
0.31778 35.06378 67.0 6269.0 1.0 72.0 0.0 -0.5929 1.074 0.0 0.14142 986.0 1.961 9.0 64.0 0.3071 0.0 0.074 0.0 0.22361 991.0 1.9016 11.0 57.0 1.4071 0.0 0.0 -0.726 0.22361 994.0 1.7465 13.0 51.0 2.6071 0.0 0.0 -1.226 0.2 996.0 1.5627 14.0 47.0 3.8071 0.0 0.0 -1.326 0.1 998.0 1.5041 16.0 
0.11907 41.06496 68.0 6270.0 1.0 36.0 0.0 -1.4929 0.574 0.0 0.28284 1000.0 1.0182 13.0 38.0 0.0 -0.2929 0.0 -0.226 0.28284 1000.0 1.1345 14.0 42.0 1.0071 0.0 0.0 -1.026 0.28284 999.0 1.2869 15.0 46.0 2.4071 0.0 0.0 -1.926 0.28284 998.0 1.4408 13.0 49.0 3.6071 0.0 0.0 -2.926 0.22361 996.0 1.4425 11.0 
0.50576 32.65484 145.0 6273.0 1.0 74.0 0.0 -1.0929 1.274 0.0 0.28284 986.0 2.0715 13.0 77.0 0.1071 0.0 0.274 0.0 0.22361 983.0 2.0186 12.0 76.0 1.2071 0.0 0.0 -0.426 0.22361 982.0 1.903 11.0 77.0 2.2071 0.0 0.0 -0.826 0.22361 982.0 1.9535 11.0 75.0 3.3071 0.0 0.0 -1.026 0.14142 982.0 1.8533 11.0 
0.78926 12.23339 67.0 6274.0 1.0 75.0 0.0 -1.1929 0.574 0.0 0.22361 985.0 2.0519 12.0 87.0 0.1071 0.0 0.0 -0.026 0.22361 975.0 2.0344 10.0 93.0 1.3071 0.0 0.0 -0.526 0.2 970.0 2.0544 9.0 97.0 2.5071 0.0 0.0 -0.926 0.2 967.0 2.0892 9.0 99.0 3.7071 0.0 0.0 -1.126 0.2 964.0 2.043 8.0 
0.33928 8.25172 64.0 6283.0 1.0 55.0 0.0 -1.2929 1.174 0.0 0.28284 995.0 1.7165 14.0 62.0 0.0071 0.0 0.074 0.0 0.31623 993.0 1.9631 12.0 61.0 1.4071 0.0 0.0 -0.726 0.22361 993.0 1.9003 12.0 58.0 2.7071 0.0 0.0 -1.326 0.2 994.0 1.8084 13.0 53.0 3.9071 0.0 0.0 -1.626 0.2 996.0 1.6877 14.0 
0.67486 10.70814 119.0 6295.0 1.0 68.0 0.0 -1.5929 0.974 0.0 0.36056 989.0 1.9678 11.0 82.0 0.0 -0.0929 0.0 -0.026 0.22361 980.0 2.0811 8.0 91.0 1.2071 0.0 0.0 -0.626 0.22361 972.0 2.0629 7.0 92.0 2.3071 0.0 0.0 -1.126 0.22361 969.0 1.9647 7.0 92.0 3.2071 0.0 0.0 -1.426 0.2 968.0 1.9211 7.0 
0.21482 35.39254 103.0 6318.0 1.0 48.0 0.0 -1.9929 1.274 0.0 0.42426 1000.0 1.8102 15.0 50.0 0.0 -0.2929 0.0 -0.126 0.36056 999.0 1.8239 17.0 50.0 1.1071 0.0 0.0 -0.826 0.2 997.0 1.5959 15.0 51.0 2.3071 0.0 0.0 -0.926 0.2 995.0 1.4759 14.0 53.0 3.3071 0.0 0.0 -0.726 0.14142 994.0 1.51 13.0 
0.07122 62.18838 75.0 6319.0 1.0 41.0 0.0 -1.6929 0.574 0.0 0.36056 999.0 1.2264 11.0 45.0 0.0 -0.1929 0.0 -0.526 0.28284 998.0 1.3789 10.0 49.0 1.2071 0.0 0.0 -1.726 0.36056 996.0 1.4425 9.0 54.0 2.6071 0.0 0.0 -2.726 0.28284 994.0 1.5675 11.0 63.0 3.8071 0.0 0.0 -3.526 0.28284 988.0 1.6215 8.0 
0.25419 62.18838 60.0 631.0 1.0 51.0 0.0 -1.8929 0.074 0.0 0.31623 997.0 1.6604 17.0 57.0 0.0 -0.1929 0.0 -0.526 0.31623 995.0 1.8436 18.0 65.0 1.5071 0.0 0.0 -0.726 0.2 991.0 1.9615 15.0 72.0 3.0071 0.0 0.0 -0.626 0.31623 987.0 2.0365 13.0 80.0 4.5071 0.0 0.0 -0.326 0.22361 981.0 2.0427 11.0 
0.04869 72.7102 139.0 6331.0 1.0 60.0 0.0 -3.2929 1.774 0.0 0.64031 1000.0 2.5 12.0 62.0 0.0 -0.1929 0.0 -0.626 0.5831 999.0 2.5 10.0 61.0 2.5071 0.0 0.0 -2.826 0.56569 997.0 2.3753 9.0 62.0 4.8071 0.0 0.0 -4.626 0.36056 995.0 2.1812 11.0 65.0 6.7071 0.0 0.0 -6.026 0.36056 992.0 2.0549 9.0 
0.72124 18.35579 135.0 6335.0 1.0 54.0 0.0 -0.0929 0.0 -1.626 0.2 994.0 1.5675 13.0 64.0 0.1071 0.0 0.0 -0.126 0.3 990.0 1.8189 11.0 66.0 0.2071 0.0 1.474 0.0 0.2 989.0 1.8538 10.0 64.0 0.4071 0.0 2.874 0.0 0.2 989.0 1.7431 10.0 62.0 0.6071 0.0 4.074 0.0 0.2 990.0 1.707 11.0 
0.19954 42.04636 72.0 6338.0 1.0 53.0 0.0 -2.3929 1.374 0.0 0.5 1000.0 2.207 17.0 49.0 0.0 -0.1929 0.0 -0.326 0.36056 999.0 1.7517 15.0 47.0 1.5071 0.0 0.0 -1.626 0.28284 997.0 1.4101 14.0 49.0 2.8071 0.0 0.0 -2.826 0.28284 995.0 1.3624 12.0 53.0 4.0071 0.0 0.0 -3.726 0.22361 993.0 1.4345 14.0 
1.93566 53.615 57.0 6339.0 1.0 101.0 0.0 -2.4929 2.574 0.0 0.56569 976.0 2.5 10.0 122.0 0.0 -0.0929 0.474 0.0 0.53852 958.0 2.5 8.0 132.0 2.3071 0.0 0.0 -1.026 0.36056 944.0 2.5 7.0 123.0 4.1071 0.0 0.0 -2.126 0.36056 948.0 2.3773 7.0 121.0 5.5071 0.0 0.0 -3.026 0.28284 945.0 2.1991 7.0 
0.36398 25.57494 49.0 6344.0 1.0 62.0 0.0 -2.6929 1.274 0.0 0.44721 996.0 2.3095 12.0 69.0 0.0 -0.1929 0.0 -0.126 0.5 995.0 2.5 13.0 73.0 2.2071 0.0 0.0 -1.626 0.5 992.0 2.5 12.0 81.0 4.4071 0.0 0.0 -2.926 0.44721 986.0 2.4819 10.0 85.0 6.3071 0.0 0.0 -3.826 0.31623 981.0 2.3061 9.0 
0.12454 42.04636 76.0 6347.0 1.0 79.0 0.0 -1.5929 0.474 0.0 0.22361 978.0 1.8213 7.0 111.0 0.0 -0.1929 0.0 -0.326 0.22361 954.0 2.1329 6.0 130.0 1.1071 0.0 0.0 -1.026 0.22361 935.0 2.213 5.0 119.0 2.4071 0.0 0.0 -1.626 0.22361 946.0 2.1588 5.0 101.0 3.5071 0.0 0.0 -2.026 0.2 961.0 2.0037 6.0 
0.16911 289.2658 60.0 6349.0 1.0 91.0 0.0071 0.0 0.0 -3.026 0.36056 972.0 2.0629 10.0 124.0 1.5071 0.0 0.0 -2.126 0.22361 938.0 2.094 8.0 150.0 2.7071 0.0 0.0 -1.126 0.28284 911.0 2.253 7.0 170.0 3.9071 0.0 0.0 -0.026 0.28284 886.0 2.3242 6.0 159.0 5.1071 0.0 1.074 0.0 0.28284 902.0 2.3262 7.0 
0.33569 56.66943 64.0 6351.0 1.0 67.0 0.0 -2.6929 0.974 0.0 0.5 992.0 2.1833 14.0 74.0 0.0 -0.3929 0.0 -0.326 0.36056 987.0 2.1512 14.0 87.0 1.5071 0.0 0.0 -1.226 0.31623 978.0 2.2088 14.0 106.0 3.1071 0.0 0.0 -1.726 0.3 958.0 2.0866 10.0 133.0 4.5071 0.0 0.0 -1.926 0.2 927.0 2.1008 8.0 
0.46018 32.98146 60.0 6353.0 1.0 73.0 0.0 -2.1929 0.074 0.0 0.41231 988.0 2.1772 11.0 84.0 0.0 -0.1929 0.0 -0.226 0.31623 976.0 1.9478 9.0 111.0 1.3071 0.0 0.0 -0.526 0.3 954.0 2.1329 8.0 128.0 2.7071 0.0 0.0 -0.626 0.22361 936.0 2.1733 7.0 146.0 4.0071 0.0 0.0 -0.226 0.2 915.0 2.2216 6.0 
0.11182 76.71589 69.0 6354.0 1.0 57.0 0.0 -2.4929 0.374 0.0 0.44721 997.0 2.074 9.0 62.0 0.0 -0.2929 0.0 -0.626 0.31623 995.0 2.1812 10.0 67.0 1.5071 0.0 0.0 -1.226 0.3 991.0 2.0841 8.0 68.0 3.1071 0.0 0.0 -1.526 0.22361 989.0 1.9678 8.0 70.0 4.4071 0.0 0.0 -1.826 0.2 986.0 1.8536 7.0 
0.52981 25.57494 41.0 6358.0 1.0 45.0 0.0 -2.6929 1.074 0.0 0.42426 1001.0 1.7236 21.0 59.0 0.0 -0.1929 0.0 -0.126 0.53852 1000.0 2.5 19.0 64.0 3.0071 0.0 0.0 -1.326 0.53852 1000.0 2.5 18.0 58.0 6.0071 0.0 0.0 -1.926 0.41231 1000.0 2.5 18.0 52.0 8.4071 0.0 0.0 -2.226 0.4 1000.0 2.1245 19.0 
0.2201 172.51937 80.0 6362.0 1.0 79.0 0.0 -1.7929 1.274 0.0 0.2 982.0 2.0563 18.0 93.0 0.0 -0.4929 1.474 0.0 0.31623 971.0 2.1033 15.0 100.0 0.9071 0.0 1.774 0.0 0.2 965.0 2.1279 13.0 109.0 2.1071 0.0 1.974 0.0 0.22361 956.0 2.1289 12.0 119.0 3.3071 0.0 2.274 0.0 0.22361 938.0 1.9285 9.0 
0.13118 134.01918 157.0 6372.0 1.0 77.0 1.0071 0.0 0.0 -1.026 0.14142 979.0 1.7811 11.0 81.0 1.2071 0.0 0.0 -0.026 0.22361 976.0 1.8111 10.0 85.0 1.5071 0.0 0.974 0.0 0.22361 973.0 1.8449 10.0 91.0 1.9071 0.0 1.874 0.0 0.22361 969.0 1.9223 9.0 93.0 2.4071 0.0 2.774 0.0 0.22361 967.0 1.9204 9.0 
0.33561 87.40194 43.0 6374.0 1.0 65.0 0.0 -2.7929 2.774 0.0 0.64031 999.0 2.5 13.0 69.0 0.4071 0.0 0.674 0.0 0.72111 999.0 2.5 12.0 63.0 3.4071 0.0 0.0 -1.326 0.5831 999.0 2.5 13.0 53.0 5.8071 0.0 0.0 -2.626 0.44721 1000.0 2.207 14.0 45.0 7.8071 0.0 0.0 -3.326 0.3 1001.0 1.7236 15.0 
0.35446 13.18352 66.0 6379.0 1.0 55.0 0.0 -1.9929 2.474 0.0 0.5 998.0 2.0598 15.0 55.0 0.0 -0.0929 0.074 0.0 0.5 997.0 1.931 14.0 55.0 1.8071 0.0 0.0 -1.826 0.42426 996.0 1.8174 17.0 59.0 3.5071 0.0 0.0 -3.326 0.36056 993.0 1.7777 14.0 65.0 4.9071 0.0 0.0 -4.626 0.28284 990.0 1.8762 15.0 
0.12705 80.01448 66.0 6381.0 1.0 42.0 0.0 -2.3929 0.674 0.0 0.36056 1002.0 1.6379 19.0 43.0 0.0 -0.4929 0.0 -0.526 0.36056 1001.0 1.5738 17.0 44.0 1.2071 0.0 0.0 -1.426 0.31623 1000.0 1.5211 16.0 44.0 2.7071 0.0 0.0 -1.926 0.31623 1000.0 1.5211 18.0 49.0 4.1071 0.0 0.0 -2.126 0.2 998.0 1.6349 15.0 
0.2097 48.39733 97.0 6383.0 1.0 63.0 0.0 -2.3929 0.374 0.0 0.44721 997.0 2.5 15.0 67.0 0.0 -0.0929 0.0 -0.426 0.36056 994.0 2.4131 12.0 64.0 1.7071 0.0 0.0 -1.226 0.31623 993.0 2.0918 12.0 55.0 3.1071 0.0 0.0 -1.726 0.14142 995.0 1.7165 13.0 48.0 4.0071 0.0 0.0 -1.926 0.2 996.0 1.3843 14.0 
0.28048 39.17945 55.0 638.0 1.0 51.0 0.0 -1.5929 1.974 0.0 0.42426 1000.0 2.0435 15.0 53.0 0.3071 0.0 0.174 0.0 0.36056 998.0 1.9127 13.0 57.0 2.1071 0.0 0.0 -1.026 0.31623 997.0 2.074 15.0 61.0 3.9071 0.0 0.0 -1.726 0.22361 994.0 2.0003 13.0 62.0 5.4071 0.0 0.0 -1.926 0.22361 992.0 1.8696 12.0 
0.08215 125.5501 68.0 6396.0 1.0 53.0 0.0 -1.3929 0.0 -0.926 0.2 994.0 1.51 11.0 63.0 0.1071 0.0 0.0 -1.126 0.2 990.0 1.7625 12.0 73.0 1.4071 0.0 0.0 -1.226 0.2 984.0 1.8769 12.0 92.0 2.6071 0.0 0.0 -1.226 0.2 971.0 2.0583 9.0 106.0 3.8071 0.0 0.0 -1.226 0.2 958.0 2.0866 8.0 
0.21723 242.9482 105.0 6400.0 1.0 50.0 2.8071 0.0 0.074 0.0 0.14142 997.0 1.5959 14.0 50.0 1.9071 0.0 1.074 0.0 0.22361 997.0 1.5959 15.0 48.0 1.1071 0.0 2.274 0.0 0.22361 997.0 1.4708 15.0 45.0 0.5071 0.0 3.274 0.0 0.22361 998.0 1.3789 16.0 41.0 0.0071 0.0 4.174 0.0 0.14142 998.0 1.1446 16.0 
0.18852 81.24308 65.0 6406.0 1.0 51.0 0.0 -1.9929 0.0 -0.526 0.3 997.0 1.6604 13.0 56.0 0.0 -0.0929 0.0 -0.726 0.3 995.0 1.7795 15.0 62.0 1.6071 0.0 0.0 -1.126 0.31623 992.0 1.8696 14.0 70.0 3.1071 0.0 0.0 -1.726 0.36056 988.0 2.0019 13.0 80.0 4.5071 0.0 0.0 -2.426 0.28284 981.0 2.0427 11.0 
0.25534 32.65484 49.0 6410.0 1.0 73.0 0.0 -0.8929 1.874 0.0 0.36056 987.0 2.0934 7.0 68.0 0.1071 0.0 0.274 0.0 0.28284 989.0 1.9678 8.0 62.0 1.2071 0.0 0.0 -0.826 0.22361 992.0 1.8696 8.0 53.0 2.3071 0.0 0.0 -1.426 0.1 995.0 1.5939 10.0 44.0 3.1071 0.0 0.0 -1.626 0.2 998.0 1.3183 11.0 
0.33017 127.3962 72.0 6421.0 1.0 91.0 0.0 -1.1929 2.274 0.0 0.42426 978.0 2.4166 11.0 99.0 0.6071 0.0 0.974 0.0 0.36056 971.0 2.3834 9.0 106.0 2.2071 0.0 0.0 -0.026 0.22361 962.0 2.2502 8.0 128.0 3.5071 0.0 0.0 -0.826 0.14142 935.0 2.1454 6.0 149.0 4.5071 0.0 0.0 -1.526 0.14142 907.0 2.1392 5.0 
0.42725 2.99167 139.0 6422.0 1.0 51.0 0.0 -0.0929 0.274 0.0 0.1 992.0 1.265 12.0 44.0 0.0071 0.0 0.0 -0.026 0.1 994.0 1.0407 13.0 55.0 0.1071 0.0 0.0 -0.226 0.0 989.0 1.2874 11.0 61.0 0.3071 0.0 0.0 -0.226 0.0 986.0 1.4076 10.0 56.0 0.5071 0.0 0.074 0.0 0.1 990.0 1.3926 11.0 
0.45924 22.67945 73.0 6428.0 1.0 66.0 0.0 -1.1929 1.174 0.0 0.28284 990.0 1.9344 11.0 76.0 0.1071 0.0 0.174 0.0 0.28284 985.0 2.1069 9.0 79.0 1.6071 0.0 0.0 -0.726 0.22361 983.0 2.1248 9.0 80.0 2.9071 0.0 0.0 -1.326 0.22361 980.0 1.9808 8.0 82.0 4.0071 0.0 0.0 -1.826 0.22361 978.0 1.9622 8.0 
0.32232 38.12432 132.0 6433.0 1.0 96.0 0.0 -0.7929 0.874 0.0 0.22361 963.0 1.8826 7.0 118.0 0.2071 0.0 0.274 0.0 0.22361 939.0 1.9218 5.0 130.0 1.1071 0.0 0.0 -0.226 0.22361 928.0 2.0307 5.0 122.0 1.9071 0.0 0.0 -0.626 0.22361 936.0 1.9743 5.0 117.0 2.6071 0.0 0.0 -1.026 0.1 942.0 1.9692 5.0 
0.31698 71.90593 89.0 6434.0 1.0 44.0 0.4071 0.0 0.0 -1.226 0.2 996.0 1.1632 15.0 53.0 0.6071 0.0 0.0 -0.226 0.22361 993.0 1.4345 12.0 58.0 1.0071 0.0 0.774 0.0 0.2 991.0 1.5618 11.0 59.0 1.5071 0.0 1.574 0.0 0.14142 990.0 1.5458 11.0 56.0 2.1071 0.0 1.974 0.0 0.14142 991.0 1.4559 11.0 
0.46748 47.30299 69.0 6436.0 1.0 42.0 0.0 -0.2929 0.0 -1.526 0.22361 999.0 1.2869 18.0 48.0 0.4071 0.0 0.0 -0.126 0.22361 998.0 1.5688 16.0 51.0 1.1071 0.0 1.274 0.0 0.22361 997.0 1.6604 15.0 52.0 2.0071 0.0 2.374 0.0 0.22361 996.0 1.6246 14.0 51.0 3.2071 0.0 3.074 0.0 0.22361 997.0 1.6604 14.0 
0.27539 39.17945 145.0 6441.0 1.0 106.0 0.0 -0.9929 1.574 0.0 0.36056 966.0 2.4417 7.0 81.0 0.3071 0.0 0.174 0.0 0.28284 982.0 2.1617 9.0 66.0 1.3071 0.0 0.0 -0.826 0.28284 989.0 1.8538 11.0 60.0 2.1071 0.0 0.0 -1.526 0.22361 990.0 1.5987 11.0 51.0 2.8071 0.0 0.0 -2.026 0.14142 994.0 1.3982 13.0 
0.12596 33.53347 100.0 6444.0 1.0 45.0 0.0071 0.0 0.0 -1.626 0.31623 998.0 1.3789 17.0 54.0 0.0 -0.2929 0.074 0.0 0.31623 995.0 1.6546 14.0 60.0 0.0 -0.4929 1.874 0.0 0.4 993.0 1.8385 12.0 62.0 0.0 -0.3929 3.774 0.0 0.31623 992.0 1.8696 12.0 62.0 0.1071 0.0 5.474 0.0 0.22361 991.0 1.7846 11.0 
0.85086 14.4498 105.0 6453.0 1.0 105.0 0.0 -0.5929 1.074 0.0 0.22361 956.0 1.9755 6.0 99.0 0.1071 0.0 0.074 0.0 0.14142 960.0 1.8888 6.0 134.0 0.9071 0.0 0.0 -0.726 0.14142 925.0 2.0841 5.0 117.0 1.8071 0.0 0.0 -1.226 0.14142 944.0 2.0263 5.0 91.0 2.6071 0.0 0.0 -1.426 0.1 968.0 1.8796 7.0 
0.14838 92.26407 101.0 645.0 1.0 47.0 0.0 -1.3929 0.0 -0.326 0.22361 998.0 1.5041 13.0 48.0 0.0 -0.0929 0.0 -0.826 0.22361 996.0 1.3843 12.0 54.0 0.9071 0.0 0.0 -1.026 0.2 993.0 1.4892 13.0 58.0 1.8071 0.0 0.0 -1.126 0.1 991.0 1.5618 11.0 63.0 2.6071 0.0 0.0 -1.126 0.1 987.0 1.5592 10.0 
0.22629 14.00819 84.0 6460.0 1.0 42.0 0.0 -1.1929 1.174 0.0 0.36056 1000.0 1.3859 15.0 45.0 0.0071 0.0 0.0 -0.126 0.22361 998.0 1.3789 14.0 48.0 1.4071 0.0 0.0 -1.026 0.22361 997.0 1.4708 12.0 52.0 2.6071 0.0 0.0 -1.826 0.31623 995.0 1.5343 11.0 60.0 3.8071 0.0 0.0 -2.626 0.22361 989.0 1.5321 9.0 
0.55206 13.18352 79.0 6461.0 1.0 67.0 0.0 -0.9929 1.074 0.0 0.22361 986.0 1.6981 10.0 73.0 0.0 -0.0929 0.074 0.0 0.22361 982.0 1.7558 9.0 87.0 0.8071 0.0 0.0 -0.726 0.22361 970.0 1.7979 7.0 84.0 1.8071 0.0 0.0 -1.326 0.2 974.0 1.8479 8.0 82.0 3.0071 0.0 0.0 -1.326 0.2 976.0 1.8561 8.0 
0.07205 51.90795 63.0 6463.0 1.0 41.0 0.0 -1.5929 1.074 0.0 0.36056 1000.0 1.3207 12.0 43.0 0.0 -0.1929 0.0 -0.426 0.28284 999.0 1.3489 11.0 46.0 1.1071 0.0 0.0 -1.626 0.28284 999.0 1.5437 13.0 51.0 2.4071 0.0 0.0 -2.626 0.22361 996.0 1.5627 11.0 58.0 3.7071 0.0 0.0 -3.326 0.31623 993.0 1.7179 10.0 
0.15895 165.42227 42.0 6464.0 1.0 60.0 0.0 -0.9929 4.374 0.0 0.72111 999.0 2.5 11.0 64.0 1.2071 0.0 0.874 0.0 0.72111 999.0 2.5 10.0 69.0 3.7071 0.0 0.0 -2.526 0.64031 997.0 2.5 9.0 71.0 6.1071 0.0 0.0 -5.226 0.42426 993.0 2.5 7.0 77.0 8.1071 0.0 0.0 -7.126 0.36056 988.0 2.4223 8.0 
0.11758 48.39733 72.0 6475.0 1.0 51.0 0.0 -1.6929 0.674 0.0 0.36056 997.0 1.6604 9.0 59.0 0.0 -0.0929 0.0 -0.426 0.31623 995.0 1.9752 10.0 63.0 1.3071 0.0 0.0 -1.126 0.31623 991.0 1.8426 8.0 62.0 2.5071 0.0 0.0 -1.526 0.2 990.0 1.707 8.0 61.0 3.4071 0.0 0.0 -1.726 0.14142 989.0 1.5836 8.0 
0.3429 26.90838 45.0 6477.0 1.0 53.0 0.0 -1.5929 2.574 0.0 0.5831 999.0 2.0493 11.0 55.0 0.2071 0.0 0.0 -0.126 0.56569 997.0 1.931 10.0 55.0 2.0071 0.0 0.0 -2.226 0.5 996.0 1.8174 9.0 63.0 3.7071 0.0 0.0 -4.426 0.42426 994.0 2.1336 11.0 72.0 5.4071 0.0 0.0 -6.526 0.42426 988.0 2.1179 9.0 
0.24464 21.60552 60.0 6478.0 1.0 49.0 0.0 -1.5929 1.274 0.0 0.28284 997.0 1.5327 13.0 55.0 0.0 -0.1929 0.0 -0.026 0.42426 995.0 1.7165 11.0 63.0 1.4071 0.0 0.0 -1.426 0.42426 993.0 2.0269 11.0 74.0 3.4071 0.0 0.0 -2.726 0.36056 990.0 2.4318 11.0 83.0 5.2071 0.0 0.0 -3.426 0.31623 981.0 2.1988 9.0 
0.1129 92.73958 88.0 6482.0 1.0 60.0 0.0 -0.3929 2.874 0.0 0.44721 997.0 2.2981 15.0 56.0 0.6071 0.0 0.574 0.0 0.36056 997.0 2.0019 15.0 52.0 1.6071 0.0 0.0 -1.126 0.28284 996.0 1.6246 15.0 51.0 2.4071 0.0 0.0 -2.026 0.14142 995.0 1.4759 14.0 48.0 3.1071 0.0 0.0 -2.526 0.1 995.0 1.3074 14.0 
0.22076 24.41152 83.0 6485.0 1.0 49.0 0.0 -0.7929 1.674 0.0 0.36056 997.0 1.5327 12.0 50.0 0.2071 0.0 0.074 0.0 0.28284 996.0 1.502 12.0 53.0 1.4071 0.0 0.0 -1.226 0.22361 995.0 1.5939 11.0 54.0 2.5071 0.0 0.0 -2.226 0.14142 993.0 1.4892 10.0 61.0 3.5071 0.0 0.0 -2.826 0.2 988.0 1.5202 8.0 
0.29216 27.12273 110.0 6487.0 1.0 53.0 0.0 -0.8929 0.474 0.0 0.22361 992.0 1.3662 13.0 64.0 0.0 -0.0929 0.0 -0.226 0.14142 984.0 1.4426 10.0 82.0 0.6071 0.0 0.0 -0.726 0.1 974.0 1.761 10.0 92.0 1.1071 0.0 0.0 -0.926 0.1 964.0 1.7643 9.0 87.0 1.6071 0.0 0.0 -0.826 0.1 968.0 1.7179 9.0 
0.363 2.99167 96.0 6492.0 1.0 33.0 0.0071 0.0 0.0 -0.726 0.1 999.0 1.0 19.0 41.0 0.0071 0.0 0.0 -0.026 0.2 997.0 1.0731 16.0 46.0 0.1071 0.0 0.874 0.0 0.2 996.0 1.2713 14.0 51.0 0.1071 0.0 1.974 0.0 0.2 995.0 1.4759 13.0 57.0 0.2071 0.0 3.374 0.0 0.3 993.0 1.6592 12.0 
0.21555 238.77972 96.0 6493.0 1.0 92.0 3.0071 0.0 0.0 -1.226 0.44721 976.0 2.3365 16.0 92.0 2.0071 0.0 0.774 0.0 0.44721 975.0 2.275 15.0 91.0 1.3071 0.0 2.574 0.0 0.31623 973.0 2.1145 15.0 92.0 0.9071 0.0 4.074 0.0 0.2 969.0 1.9647 14.0 99.0 1.0071 0.0 5.174 0.0 0.2 960.0 1.8888 13.0 
0.17709 86.89722 55.0 6499.0 1.0 57.0 0.0 -3.1929 0.374 0.0 0.5831 1002.0 2.5 23.0 53.0 0.0 -0.2929 0.0 -0.726 0.41231 1001.0 2.3909 20.0 47.0 1.7071 0.0 0.0 -1.026 0.31623 1000.0 1.7355 19.0 43.0 3.3071 0.0 0.0 -1.326 0.31623 1001.0 1.5738 20.0 41.0 4.8071 0.0 0.0 -1.726 0.22361 1001.0 1.4308 20.0 
0.2129 57.38457 60.0 649.0 1.0 56.0 0.0 -2.2929 0.874 0.0 0.42426 998.0 2.1353 13.0 60.0 0.0 -0.2929 0.0 -0.426 0.31623 996.0 2.1629 14.0 64.0 1.5071 0.0 0.0 -0.826 0.3 992.0 1.9922 12.0 67.0 3.1071 0.0 0.0 -0.826 0.2 990.0 1.9935 11.0 72.0 4.4071 0.0 0.0 -0.726 0.2 986.0 1.961 10.0 
1.2712 21.89443 54.0 64.0 1.0 84.0 0.0 -2.4929 0.774 0.0 0.41231 986.0 2.5 13.0 96.0 0.0 -0.0929 0.174 0.0 0.31623 975.0 2.4771 10.0 100.0 1.8071 0.0 0.174 0.0 0.31623 969.0 2.3213 9.0 109.0 3.6071 0.0 0.474 0.0 0.3 961.0 2.3336 8.0 110.0 5.4071 0.0 0.474 0.0 0.3 960.0 2.3318 8.0 
0.30675 121.88924 181.0 6504.0 1.0 90.0 0.0 -1.1929 2.574 0.0 0.42426 982.0 2.5 14.0 87.0 0.5071 0.0 0.974 0.0 0.36056 980.0 2.3427 14.0 86.0 1.9071 0.0 0.074 0.0 0.22361 976.0 2.0416 13.0 91.0 3.0071 0.0 0.0 -0.426 0.22361 971.0 2.0138 12.0 102.0 4.1071 0.0 0.0 -0.926 0.28284 962.0 2.0836 10.0 
0.17264 63.97938 84.0 6510.0 1.0 65.0 0.0 -0.5929 1.774 0.0 0.28284 991.0 1.9615 11.0 65.0 0.5071 0.0 0.274 0.0 0.22361 991.0 1.9615 11.0 63.0 1.6071 0.0 0.0 -1.026 0.14142 991.0 1.8426 12.0 59.0 2.5071 0.0 0.0 -1.926 0.22361 992.0 1.693 12.0 56.0 3.4071 0.0 0.0 -2.526 0.1 991.0 1.4559 12.0 
0.26024 109.18961 65.0 6515.0 1.0 97.0 0.0 -0.2929 1.874 0.0 0.28284 968.0 2.1356 11.0 112.0 0.6071 0.0 0.774 0.0 0.28284 953.0 2.1353 9.0 128.0 1.6071 0.0 0.0 -0.226 0.14142 934.0 2.1182 8.0 142.0 2.5071 0.0 0.0 -0.926 0.22361 918.0 2.1679 7.0 151.0 3.6071 0.0 0.0 -1.626 0.22361 908.0 2.2179 7.0 
0.1828 87.40194 45.0 6521.0 1.0 51.0 0.0 -1.4929 3.274 0.0 0.5 1000.0 2.0435 12.0 52.0 0.4071 0.0 0.674 0.0 0.64031 999.0 1.9727 12.0 53.0 2.3071 0.0 0.0 -1.926 0.5 998.0 1.9127 11.0 54.0 4.1071 0.0 0.0 -4.226 0.5 997.0 1.8615 10.0 55.0 5.5071 0.0 0.0 -6.326 0.36056 995.0 1.7165 8.0 
0.15245 37.62661 45.0 6528.0 1.0 48.0 0.0 -1.6929 2.374 0.0 0.53852 1000.0 1.8102 13.0 49.0 0.0 -0.0929 0.0 -0.326 0.5 999.0 1.7517 12.0 46.0 1.5071 0.0 0.0 -2.326 0.36056 998.0 1.4408 11.0 48.0 2.8071 0.0 0.0 -4.026 0.42426 998.0 1.5688 14.0 54.0 4.2071 0.0 0.0 -5.926 0.42426 996.0 1.752 12.0 
0.21008 85.49496 85.0 6545.0 1.0 99.0 0.0 -0.6929 1.974 0.0 0.42426 972.0 2.4416 7.0 99.0 0.6071 0.0 0.474 0.0 0.36056 969.0 2.2751 7.0 97.0 1.8071 0.0 0.0 -0.626 0.22361 968.0 2.1356 7.0 87.0 2.7071 0.0 0.0 -1.426 0.22361 974.0 1.9822 7.0 71.0 3.5071 0.0 0.0 -2.026 0.14142 984.0 1.7754 9.0 
0.51911 19.33007 71.0 6546.0 1.0 68.0 0.0 -1.8929 0.774 0.0 0.41231 992.0 2.249 12.0 70.0 0.0071 0.0 0.174 0.0 0.22361 990.0 2.176 11.0 64.0 1.5071 0.0 0.0 -0.226 0.2 991.0 1.9016 11.0 60.0 2.7071 0.0 0.0 -0.326 0.22361 992.0 1.7509 12.0 58.0 3.7071 0.0 0.0 -0.426 0.2 991.0 1.5618 11.0 
0.79842 38.12432 58.0 6549.0 1.0 118.0 0.0 -1.4929 1.674 0.0 0.36056 952.0 2.3314 8.0 144.0 0.2071 0.0 0.274 0.0 0.36056 926.0 2.4344 6.0 150.0 1.9071 0.0 0.0 -0.726 0.31623 916.0 2.3692 6.0 138.0 3.4071 0.0 0.0 -1.326 0.31623 927.0 2.2617 6.0 120.0 4.8071 0.0 0.0 -1.726 0.22361 941.0 2.0427 6.0 
0.22142 82.88708 49.0 6553.0 1.0 43.0 0.0 -0.9929 0.0 -1.226 0.31623 1001.0 1.5738 21.0 42.0 0.4071 0.0 0.0 -0.626 0.22361 1000.0 1.3859 19.0 37.0 1.4071 0.0 0.0 -0.026 0.22361 1001.0 1.1652 20.0 32.0 2.1071 0.0 0.474 0.0 0.14142 1001.0 1.0 21.0 28.0 2.5071 0.0 0.974 0.0 0.0 1002.0 1.0 23.0 
0.2123 25.57494 45.0 6556.0 1.0 58.0 0.0 -2.7929 2.974 0.0 0.72111 1001.0 2.5 18.0 58.0 0.0 -0.1929 0.0 -0.126 0.56569 1001.0 2.5 16.0 57.0 2.4071 0.0 0.0 -2.326 0.5 1000.0 2.5 15.0 57.0 4.8071 0.0 0.0 -3.926 0.44721 999.0 2.3703 15.0 60.0 7.0071 0.0 0.0 -4.726 0.4 996.0 2.1629 15.0 
0.2224 109.18961 59.0 655.0 1.0 77.0 0.0 -0.8929 2.074 0.0 0.28284 985.0 2.1628 11.0 92.0 0.6071 0.0 0.774 0.0 0.22361 974.0 2.2166 10.0 99.0 2.0071 0.0 0.174 0.0 0.31623 968.0 2.2245 9.0 101.0 3.6071 0.0 0.0 -0.126 0.2 966.0 2.2168 9.0 100.0 5.0071 0.0 0.0 -0.126 0.2 966.0 2.1731 9.0 
0.15989 53.71602 112.0 6562.0 1.0 63.0 0.0 -0.4929 1.374 0.0 0.22361 990.0 1.7625 8.0 61.0 0.3071 0.0 0.374 0.0 0.14142 990.0 1.6524 8.0 60.0 1.0071 0.0 0.0 -0.226 0.22361 990.0 1.5987 8.0 58.0 1.8071 0.0 0.0 -0.526 0.1 990.0 1.4939 8.0 57.0 2.5071 0.0 0.0 -0.426 0.1 990.0 1.4428 8.0 
0.33618 100.68908 44.0 6564.0 1.0 64.0 0.0 -1.5929 4.774 0.0 0.80623 1000.0 2.5 11.0 64.0 0.6071 0.0 0.674 0.0 0.67082 1000.0 2.5 11.0 63.0 2.6071 0.0 0.0 -2.726 0.5831 998.0 2.5 9.0 67.0 4.8071 0.0 0.0 -5.326 0.5 995.0 2.5 8.0 79.0 7.2071 0.0 0.0 -7.326 0.64031 991.0 2.5 9.0 
0.3408 38.12432 60.0 656.0 1.0 55.0 0.0 -1.8929 0.874 0.0 0.41231 998.0 2.0598 13.0 58.0 0.2071 0.0 0.274 0.0 0.3 995.0 1.9088 11.0 65.0 2.0071 0.0 0.274 0.0 0.3 991.0 1.9615 12.0 72.0 3.6071 0.0 0.474 0.0 0.2 986.0 1.961 10.0 81.0 4.9071 0.0 0.474 0.0 0.2 979.0 1.9709 8.0 
0.16198 109.18961 101.0 6576.0 1.0 79.0 0.0 -0.7929 2.374 0.0 0.36056 986.0 2.3609 16.0 78.0 0.6071 0.0 0.774 0.0 0.28284 985.0 2.2193 15.0 77.0 1.8071 0.0 0.0 -0.326 0.28284 983.0 2.0186 15.0 78.0 2.8071 0.0 0.0 -1.126 0.14142 981.0 1.9419 14.0 81.0 3.7071 0.0 0.0 -1.726 0.14142 978.0 1.9146 13.0 
0.38886 19.33007 78.0 657.0 1.0 47.0 0.0 -0.9929 0.874 0.0 0.22361 996.0 1.3272 11.0 57.0 0.0071 0.0 0.174 0.0 0.22361 993.0 1.6592 12.0 64.0 1.1071 0.0 0.0 -0.026 0.2 989.0 1.7431 11.0 67.0 2.1071 0.0 0.074 0.0 0.1 986.0 1.6981 10.0 69.0 2.8071 0.0 0.074 0.0 0.2 984.0 1.6768 9.0 
0.31504 47.29257 72.0 6581.0 1.0 46.0 0.0 -1.4929 0.0 -0.526 0.3 998.0 1.4408 11.0 53.0 0.0071 0.0 0.0 -0.426 0.31623 996.0 1.6877 11.0 58.0 1.4071 0.0 0.174 0.0 0.28284 994.0 1.8084 9.0 61.0 2.5071 0.0 1.174 0.0 0.14142 991.0 1.7275 9.0 63.0 3.4071 0.0 1.974 0.0 0.22361 989.0 1.6891 8.0 
0.26991 19.33007 64.0 6582.0 1.0 47.0 0.0 -0.9929 1.174 0.0 0.22361 998.0 1.5041 16.0 50.0 0.0071 0.0 0.174 0.0 0.28284 996.0 1.502 15.0 54.0 1.2071 0.0 0.0 -0.426 0.31623 995.0 1.6546 14.0 58.0 2.6071 0.0 0.0 -0.726 0.3 994.0 1.8084 13.0 62.0 4.0071 0.0 0.0 -0.826 0.2 991.0 1.7846 12.0 
0.33018 32.65484 88.0 6583.0 1.0 55.0 0.0 -1.2929 0.974 0.0 0.28284 996.0 1.8174 14.0 60.0 0.1071 0.0 0.274 0.0 0.22361 993.0 1.8385 12.0 59.0 1.4071 0.0 0.0 -0.026 0.2 993.0 1.7777 12.0 58.0 2.5071 0.0 0.0 -0.026 0.2 992.0 1.6361 12.0 56.0 3.4071 0.0 0.074 0.0 0.1 992.0 1.5252 12.0 
0.18077 70.24699 112.0 6597.0 1.0 55.0 0.0 -1.2929 0.0 -0.326 0.22361 994.0 1.6261 10.0 64.0 0.0 -0.0929 0.0 -0.626 0.2 989.0 1.7431 11.0 71.0 1.0071 0.0 0.0 -0.726 0.1 985.0 1.8388 9.0 66.0 1.9071 0.0 0.0 -0.626 0.1 987.0 1.7112 10.0 62.0 2.6071 0.0 0.0 -0.326 0.1 988.0 1.5705 10.0 
0.10059 147.18811 45.0 6604.0 1.0 45.0 0.0 -1.5929 0.0 -1.626 0.3 1000.0 1.591 19.0 50.0 0.0071 0.0 0.0 -1.326 0.3 998.0 1.7023 16.0 49.0 1.5071 0.0 0.0 -0.826 0.22361 998.0 1.6349 16.0 44.0 2.6071 0.0 0.0 -0.126 0.28284 999.0 1.4124 17.0 40.0 3.4071 0.0 0.774 0.0 0.22361 1000.0 1.2571 19.0 
0.1625 108.11687 63.0 6617.0 1.0 74.0 0.0 -1.3929 1.174 0.0 0.22361 985.0 1.9975 10.0 83.0 0.0071 0.0 0.974 0.0 0.2 978.0 2.0104 8.0 94.0 1.5071 0.0 1.574 0.0 0.22361 972.0 2.2012 7.0 96.0 2.9071 0.0 2.574 0.0 0.36056 971.0 2.2412 7.0 83.0 4.3071 0.0 3.374 0.0 0.22361 979.0 2.0695 8.0 
0.24184 49.1426 65.0 6621.0 1.0 81.0 0.0 -0.9929 1.974 0.0 0.44721 986.0 2.4819 10.0 78.0 0.4071 0.0 0.174 0.0 0.36056 985.0 2.2193 9.0 77.0 1.8071 0.0 0.0 -0.826 0.22361 983.0 2.0186 9.0 81.0 3.2071 0.0 0.0 -1.226 0.2 979.0 1.9709 8.0 90.0 4.5071 0.0 0.0 -1.126 0.2 972.0 2.0178 7.0 
0.2185 131.67175 90.0 6628.0 1.0 57.0 0.9071 0.0 0.0 -1.926 0.22361 994.0 1.7465 13.0 56.0 1.1071 0.0 0.0 -0.426 0.31623 994.0 1.6858 13.0 52.0 1.3071 0.0 1.074 0.0 0.2 996.0 1.6246 14.0 47.0 1.5071 0.0 2.274 0.0 0.2 997.0 1.4101 14.0 41.0 1.7071 0.0 2.974 0.0 0.1 997.0 1.0731 15.0 
0.20524 2.99167 64.0 6631.0 1.0 48.0 0.0 -1.6929 1.274 0.0 0.42426 999.0 1.6809 15.0 46.0 0.0071 0.0 0.0 -0.026 0.36056 999.0 1.5437 15.0 45.0 1.4071 0.0 0.0 -1.326 0.28284 999.0 1.4773 15.0 46.0 2.8071 0.0 0.0 -2.526 0.36056 999.0 1.5437 14.0 49.0 4.3071 0.0 0.0 -3.626 0.22361 998.0 1.6349 17.0 
0.09773 205.41978 116.0 6632.0 1.0 77.0 0.0 -0.0929 4.974 0.0 0.76158 995.0 2.5 14.0 72.0 1.5071 0.0 1.074 0.0 0.67082 993.0 2.5 10.0 66.0 3.0071 0.0 0.0 -1.626 0.36056 990.0 1.9344 9.0 72.0 4.2071 0.0 0.0 -2.726 0.28284 983.0 1.7649 10.0 90.0 5.3071 0.0 0.0 -3.326 0.14142 965.0 1.7236 7.0 
0.2162 8.25172 87.0 6639.0 1.0 40.0 0.0 -0.6929 1.074 0.0 0.22361 999.0 1.1673 15.0 42.0 0.0071 0.0 0.074 0.0 0.22361 998.0 1.2011 15.0 47.0 0.7071 0.0 0.0 -0.626 0.1 996.0 1.3272 14.0 49.0 1.3071 0.0 0.0 -0.926 0.2 995.0 1.3624 13.0 52.0 2.0071 0.0 0.0 -0.926 0.1 993.0 1.3809 12.0 
0.33383 88.93632 59.0 6640.0 1.0 69.0 0.0 -1.3929 1.274 0.0 0.31623 986.0 1.801 14.0 86.0 0.2071 0.0 0.774 0.0 0.2 974.0 1.9369 11.0 115.0 1.8071 0.0 0.574 0.0 0.3 953.0 2.2513 10.0 139.0 3.5071 0.0 0.474 0.0 0.3 928.0 2.3216 8.0 158.0 5.0071 0.0 0.574 0.0 0.31623 903.0 2.318 7.0 
0.09315 136.60427 67.0 6642.0 1.0 39.0 0.0 -1.1929 0.0 -1.526 0.22361 1001.0 1.2946 16.0 44.0 0.1071 0.0 0.0 -1.226 0.2 999.0 1.4124 13.0 47.0 1.3071 0.0 0.0 -0.826 0.2 998.0 1.5041 12.0 46.0 2.6071 0.0 0.0 -0.626 0.22361 998.0 1.4408 12.0 47.0 3.8071 0.0 0.0 -0.926 0.22361 998.0 1.5041 12.0 
0.14444 97.8178 107.0 6646.0 1.0 41.0 0.0 -0.5929 0.0 -0.926 0.1 999.0 1.2264 17.0 49.0 0.3071 0.0 0.0 -0.826 0.1 996.0 1.4425 14.0 54.0 1.2071 0.0 0.0 -0.526 0.22361 994.0 1.5675 13.0 55.0 2.2071 0.0 0.0 -0.026 0.14142 994.0 1.6261 12.0 55.0 3.1071 0.0 0.374 0.0 0.22361 994.0 1.6261 12.0 
0.38636 101.65482 73.0 6647.0 1.0 50.0 1.2071 0.0 0.0 -2.726 0.4 998.0 1.7023 17.0 59.0 0.9071 0.0 0.0 -0.126 0.4 997.0 2.2221 15.0 60.0 0.8071 0.0 2.374 0.0 0.4 995.0 2.0427 13.0 58.0 1.0071 0.0 4.374 0.0 0.3 994.0 1.8084 13.0 58.0 1.6071 0.0 5.774 0.0 0.28284 993.0 1.7179 12.0 
0.36248 52.6199 52.0 6648.0 1.0 70.0 0.0 -1.4929 1.674 0.0 0.36056 990.0 2.176 15.0 75.0 0.0071 0.0 0.474 0.0 0.31623 986.0 2.1279 13.0 80.0 1.6071 0.0 0.274 0.0 0.31623 982.0 2.1086 12.0 98.0 3.5071 0.0 1.174 0.0 0.36056 973.0 2.4523 10.0 112.0 5.5071 0.0 2.074 0.0 0.31623 959.0 2.3726 8.0 
0.5722 49.1426 68.0 6650.0 1.0 224.0 0.0 -0.3929 1.174 0.0 0.22361 792.0 2.3189 4.0 214.0 0.4071 0.0 0.174 0.0 0.14142 807.0 2.2706 5.0 193.0 1.2071 0.0 0.0 -0.526 0.22361 827.0 2.0454 4.0 188.0 2.2071 0.0 0.0 -1.126 0.2 850.0 2.2147 4.0 157.0 3.3071 0.0 0.0 -1.426 0.2 898.0 2.1892 5.0 
0.15971 70.49561 58.0 6651.0 1.0 53.0 0.0 -1.6929 0.0 -0.226 0.31623 994.0 1.51 12.0 60.0 0.1071 0.0 0.0 -0.626 0.31623 992.0 1.7509 12.0 71.0 1.8071 0.0 0.0 -0.926 0.3 985.0 1.8388 11.0 89.0 3.5071 0.0 0.0 -1.026 0.3 975.0 2.129 10.0 115.0 5.0071 0.0 0.0 -0.926 0.3 950.0 2.1441 7.0 
0.33876 24.41152 104.0 6665.0 1.0 66.0 0.0 -0.5929 0.974 0.0 0.14142 988.0 1.7796 10.0 63.0 0.2071 0.0 0.074 0.0 0.14142 989.0 1.6891 11.0 57.0 1.0071 0.0 0.0 -0.426 0.14142 991.0 1.5084 12.0 52.0 1.7071 0.0 0.0 -0.926 0.14142 993.0 1.3809 12.0 47.0 2.2071 0.0 0.0 -1.426 0.1 995.0 1.2535 14.0 
0.11171 157.098 77.0 6673.0 1.0 44.0 0.1071 0.0 0.0 -1.526 0.1 996.0 1.1632 15.0 53.0 0.7071 0.0 0.0 -1.226 0.1 993.0 1.4345 12.0 53.0 1.3071 0.0 0.0 -0.926 0.2 993.0 1.4345 12.0 52.0 2.1071 0.0 0.0 -0.726 0.1 994.0 1.4536 13.0 53.0 2.9071 0.0 0.0 -0.626 0.2 994.0 1.51 13.0 
0.1561 67.60861 96.0 6679.0 1.0 21.0 0.4071 0.0 0.0 -0.526 0.0 1001.0 1.0 13.0 24.0 0.3071 0.0 0.0 -0.526 0.1 1000.0 1.0 12.0 27.0 0.2071 0.0 0.0 -0.726 0.0 999.0 1.0 11.0 30.0 0.0071 0.0 0.0 -0.926 0.0 999.0 1.0 14.0 34.0 0.1071 0.0 0.0 -1.026 0.0 997.0 1.0 12.0 
0.40911 67.60861 44.0 6685.0 1.0 52.0 0.0 -1.8929 0.0 -1.226 0.41231 1000.0 2.1245 20.0 55.0 0.3071 0.0 0.0 -0.526 0.41231 999.0 2.2069 17.0 58.0 2.6071 0.0 0.0 -0.126 0.41231 998.0 2.2906 16.0 59.0 5.0071 0.0 0.174 0.0 0.41231 998.0 2.3703 16.0 56.0 7.3071 0.0 0.474 0.0 0.41231 999.0 2.2879 17.0 
0.19545 63.97938 79.0 6694.0 1.0 56.0 0.0 -0.0929 1.574 0.0 0.31623 994.0 1.6858 13.0 53.0 0.5071 0.0 0.274 0.0 0.22361 994.0 1.51 13.0 54.0 1.0071 0.0 0.0 -0.726 0.22361 991.0 1.3538 11.0 69.0 1.7071 0.0 0.0 -1.626 0.22361 985.0 1.7367 10.0 78.0 2.6071 0.0 0.0 -2.126 0.1 978.0 1.7754 8.0 
0.44514 56.88427 127.0 6696.0 1.0 60.0 0.6071 0.0 0.0 -1.126 0.22361 989.0 1.5321 11.0 69.0 0.5071 0.0 0.074 0.0 0.2 986.0 1.801 9.0 68.0 0.4071 0.0 1.274 0.0 0.2 986.0 1.7492 10.0 66.0 0.4071 0.0 2.474 0.0 0.2 987.0 1.7112 10.0 63.0 0.4071 0.0 3.474 0.0 0.1 988.0 1.6215 10.0 
0.11823 48.64617 61.0 669.0 1.0 48.0 0.0 -1.8929 1.974 0.0 0.44721 1001.0 1.961 19.0 44.0 0.0 -0.2929 0.0 -0.326 0.36056 1001.0 1.6478 17.0 44.0 1.4071 0.0 0.0 -1.626 0.31623 1001.0 1.6478 21.0 46.0 3.2071 0.0 0.0 -2.226 0.3 1000.0 1.6625 19.0 47.0 4.8071 0.0 0.0 -2.726 0.22361 999.0 1.6116 18.0 
0.39417 13.18352 53.0 6712.0 1.0 51.0 0.0 -1.2929 0.074 0.0 0.2 997.0 1.6604 15.0 52.0 0.0 -0.0929 0.074 0.0 0.2 996.0 1.6246 14.0 48.0 1.1071 0.0 0.174 0.0 0.2 998.0 1.5688 15.0 44.0 2.1071 0.0 0.174 0.0 0.2 999.0 1.4124 16.0 41.0 3.0071 0.0 0.074 0.0 0.2 999.0 1.2264 17.0 
0.15923 37.62661 69.0 6715.0 1.0 54.0 0.0 -1.3929 2.774 0.0 0.63246 999.0 2.1274 11.0 53.0 0.0 -0.0929 0.0 -0.326 0.53852 998.0 1.9127 12.0 54.0 1.0071 0.0 0.0 -2.826 0.44721 996.0 1.752 13.0 57.0 2.2071 0.0 0.0 -4.826 0.28284 993.0 1.6592 11.0 63.0 3.5071 0.0 0.0 -5.826 0.31623 989.0 1.6891 10.0 
0.30882 48.75749 72.0 6721.0 1.0 63.0 0.0 -0.9929 0.0 -0.926 0.22361 989.0 1.6891 11.0 83.0 0.1071 0.0 0.0 -0.426 0.22361 976.0 1.9017 8.0 95.0 1.2071 0.0 0.174 0.0 0.28284 967.0 2.0039 7.0 99.0 2.2071 0.0 1.074 0.0 0.22361 964.0 2.043 7.0 103.0 3.2071 0.0 1.974 0.0 0.22361 961.0 2.0838 6.0 
0.17262 32.98146 140.0 6723.0 1.0 45.0 0.0 -0.6929 0.274 0.0 0.14142 994.0 1.0886 11.0 54.0 0.0 -0.1929 0.0 -0.226 0.14142 989.0 1.241 9.0 69.0 0.3071 0.0 0.0 -0.726 0.14142 981.0 1.5196 9.0 93.0 0.7071 0.0 0.0 -1.026 0.14142 962.0 1.7321 6.0 98.0 1.2071 0.0 0.0 -1.126 0.0 959.0 1.8165 6.0 
0.13858 112.49216 95.0 6732.0 1.0 38.0 0.7071 0.0 0.0 -0.826 0.0 997.0 1.0 15.0 46.0 0.7071 0.0 0.0 -0.726 0.1 994.0 1.1375 13.0 47.0 0.9071 0.0 0.0 -0.526 0.0 994.0 1.1875 13.0 42.0 1.2071 0.0 0.0 -0.526 0.1 997.0 1.1261 14.0 41.0 1.7071 0.0 0.0 -0.526 0.1 998.0 1.1446 16.0 
0.26132 10.70814 98.0 6736.0 1.0 46.0 0.0 -0.4929 0.374 0.0 0.1 994.0 1.1375 10.0 51.0 0.0 -0.0929 0.0 -0.026 0.14142 990.0 1.155 9.0 65.0 0.3071 0.0 0.0 -0.426 0.0 979.0 1.2692 7.0 97.0 0.6071 0.0 0.0 -0.726 0.1 957.0 1.7161 6.0 124.0 1.2071 0.0 0.0 -0.926 0.1 930.0 1.8921 5.0 
0.13471 80.01448 63.0 6738.0 1.0 56.0 0.0 -2.1929 0.974 0.0 0.42426 996.0 1.8841 12.0 63.0 0.0 -0.4929 0.0 -0.526 0.36056 993.0 2.0269 13.0 70.0 1.3071 0.0 0.0 -1.226 0.3 989.0 2.0853 11.0 72.0 2.9071 0.0 0.0 -1.626 0.31623 986.0 1.961 10.0 76.0 4.3071 0.0 0.0 -2.126 0.22361 983.0 1.9665 9.0 
0.22161 18.35579 65.0 673.0 1.0 42.0 0.0 -1.4929 1.074 0.0 0.36056 1001.0 1.5014 18.0 41.0 0.1071 0.0 0.0 -0.126 0.22361 1001.0 1.4308 22.0 43.0 1.5071 0.0 0.0 -0.426 0.22361 1000.0 1.4527 19.0 46.0 2.9071 0.0 0.174 0.0 0.22361 999.0 1.5437 17.0 47.0 4.2071 0.0 0.774 0.0 0.22361 998.0 1.5041 16.0 
0.3971 24.41152 52.0 6752.0 1.0 55.0 0.0 -1.8929 1.474 0.0 0.44721 999.0 2.2069 10.0 57.0 0.2071 0.0 0.074 0.0 0.44721 998.0 2.2123 12.0 63.0 2.2071 0.0 0.0 -1.126 0.31623 995.0 2.2521 10.0 67.0 4.1071 0.0 0.0 -1.926 0.31623 992.0 2.1833 9.0 70.0 5.8071 0.0 0.0 -2.426 0.22361 989.0 2.0853 8.0 
0.08724 56.47123 63.0 6754.0 1.0 61.0 0.0 -2.8929 2.674 0.0 0.78102 1000.0 2.5 12.0 54.0 0.0 -0.4929 0.0 -0.126 0.56569 1000.0 2.291 11.0 51.0 1.4071 0.0 0.0 -2.226 0.5 998.0 1.7711 10.0 51.0 3.0071 0.0 0.0 -3.926 0.36056 998.0 1.7711 13.0 54.0 4.4071 0.0 0.0 -5.126 0.28284 995.0 1.6546 11.0 
0.29907 45.6838 72.0 6756.0 1.0 51.0 0.0 -0.8929 1.574 0.0 0.42426 996.0 1.5627 12.0 53.0 0.3071 0.0 0.274 0.0 0.28284 995.0 1.5939 14.0 59.0 1.4071 0.0 0.0 -0.526 0.22361 990.0 1.5458 12.0 70.0 2.3071 0.0 0.0 -0.826 0.1 984.0 1.7258 12.0 83.0 3.1071 0.0 0.0 -0.926 0.2 974.0 1.8042 10.0 
0.12085 60.18886 61.0 6758.0 1.0 61.0 0.0 -2.5929 2.674 0.0 0.72111 998.0 2.5 15.0 58.0 0.0 -0.4929 0.0 -0.226 0.56569 997.0 2.1474 14.0 58.0 1.4071 0.0 0.0 -2.526 0.5 995.0 1.9088 12.0 59.0 3.0071 0.0 0.0 -4.226 0.36056 993.0 1.7777 14.0 63.0 4.5071 0.0 0.0 -5.126 0.22361 988.0 1.6215 12.0 
0.28218 53.94034 54.0 6767.0 1.0 59.0 0.0 -1.8929 0.774 0.0 0.3 996.0 2.0914 14.0 66.0 0.1071 0.0 0.474 0.0 0.31623 994.0 2.3416 12.0 66.0 2.0071 0.0 0.0 -0.326 0.31623 994.0 2.3416 12.0 63.0 3.7071 0.0 0.0 -1.226 0.36056 994.0 2.1336 12.0 59.0 5.2071 0.0 0.0 -2.126 0.36056 995.0 1.9752 13.0 
0.24541 77.04923 53.0 676.0 1.0 78.0 0.0 -1.5929 2.474 0.0 0.5 991.0 2.5 12.0 80.0 0.5071 0.0 0.474 0.0 0.5 987.0 2.5 10.0 84.0 2.5071 0.0 0.0 -0.626 0.36056 982.0 2.3248 9.0 87.0 4.3071 0.0 0.0 -1.426 0.31623 979.0 2.2738 8.0 80.0 5.9071 0.0 0.0 -2.126 0.22361 982.0 2.1086 9.0 
0.09423 60.18886 83.0 6770.0 1.0 53.0 0.0 -1.3929 0.974 0.0 0.28284 993.0 1.4345 11.0 58.0 0.0 -0.4929 0.0 -0.226 0.22361 989.0 1.4316 10.0 73.0 0.2071 0.0 0.0 -1.126 0.14142 979.0 1.6009 9.0 99.0 0.9071 0.0 0.0 -1.726 0.14142 956.0 1.7562 7.0 137.0 1.5071 0.0 0.0 -2.126 0.14142 918.0 2.0179 6.0 
0.20875 163.6159 21.0 6771.0 1.0 24.0 0.0 -0.0929 1.474 0.0 0.0 1002.0 1.0 23.0 21.0 0.0071 0.0 1.474 0.0 0.1 1003.0 1.0 26.0 20.0 0.2071 0.0 1.674 0.0 0.1 1003.0 1.0 30.0 18.0 0.5071 0.0 2.074 0.0 0.1 1004.0 1.0 34.0 18.0 0.6071 0.0 2.774 0.0 0.14142 1004.0 1.0 37.0 
0.28336 27.7603 59.0 6772.0 1.0 68.0 0.0 -2.2929 2.774 0.0 0.64031 998.0 2.5 10.0 62.0 0.1071 0.0 0.0 -0.226 0.5 996.0 2.3095 9.0 62.0 1.9071 0.0 0.0 -2.426 0.36056 994.0 2.0664 10.0 67.0 3.6071 0.0 0.0 -3.626 0.28284 988.0 1.834 8.0 82.0 5.0071 0.0 0.0 -4.426 0.22361 979.0 2.0199 8.0 
0.0989 102.78902 89.0 6778.0 1.0 34.0 0.0 -0.9929 0.0 -0.626 0.22361 1000.0 1.0 13.0 33.0 0.0071 0.0 0.0 -0.926 0.1 1000.0 1.0 16.0 36.0 0.8071 0.0 0.0 -0.826 0.1 999.0 1.0 15.0 39.0 1.5071 0.0 0.0 -0.426 0.14142 997.0 1.0 13.0 46.0 1.9071 0.0 0.274 0.0 0.14142 996.0 1.2713 14.0 
0.09023 140.27196 65.0 6789.0 1.0 68.0 0.9071 0.0 1.374 0.0 0.22361 985.0 1.6867 9.0 71.0 1.2071 0.0 0.374 0.0 0.14142 984.0 1.7754 9.0 76.0 1.9071 0.0 0.0 -0.626 0.22361 982.0 1.903 9.0 81.0 2.9071 0.0 0.0 -1.626 0.22361 980.0 2.0307 8.0 80.0 4.1071 0.0 0.0 -2.426 0.22361 981.0 2.0427 9.0 
0.23847 30.02471 69.0 6793.0 1.0 54.0 0.0 -1.7929 2.174 0.0 0.42426 1001.0 2.4819 12.0 49.0 0.2071 0.0 0.174 0.0 0.42426 1000.0 1.8864 11.0 48.0 1.9071 0.0 0.0 -1.326 0.28284 998.0 1.5688 10.0 49.0 3.3071 0.0 0.0 -2.326 0.22361 996.0 1.4425 8.0 56.0 4.5071 0.0 0.0 -2.826 0.22361 993.0 1.6015 10.0 
0.31239 107.02187 52.0 6795.0 1.0 97.0 0.0 -1.8929 2.174 0.0 0.44721 976.0 2.5 10.0 106.0 0.4071 0.0 0.874 0.0 0.44721 969.0 2.5 9.0 110.0 2.5071 0.0 0.0 -0.526 0.36056 964.0 2.5 8.0 113.0 4.3071 0.0 0.0 -1.826 0.36056 959.0 2.4152 8.0 111.0 5.9071 0.0 0.0 -2.926 0.22361 958.0 2.2881 8.0 
0.35225 48.39733 69.0 67.0 1.0 59.0 0.0 -1.9929 0.0 -0.726 0.3 994.0 1.8713 11.0 68.0 0.0 -0.0929 0.0 -0.426 0.3 991.0 2.1467 11.0 78.0 1.4071 0.0 0.0 -0.026 0.22361 982.0 2.0045 9.0 86.0 2.6071 0.0 0.674 0.0 0.22361 977.0 2.0984 8.0 82.0 3.8071 0.0 1.574 0.0 0.22361 980.0 2.0811 8.0 
0.25416 18.35579 60.0 6813.0 1.0 53.0 0.0 -1.5929 2.674 0.0 0.63246 1000.0 2.207 12.0 53.0 0.1071 0.0 0.0 -0.126 0.5 999.0 2.0493 11.0 53.0 1.7071 0.0 0.0 -2.426 0.36056 997.0 1.7931 9.0 55.0 3.1071 0.0 0.0 -4.126 0.28284 994.0 1.6261 8.0 63.0 4.4071 0.0 0.0 -5.426 0.36056 990.0 1.7625 7.0 
0.16434 17.37652 66.0 6817.0 1.0 45.0 0.0 -1.4929 1.374 0.0 0.42426 1000.0 1.591 12.0 42.0 0.0 -0.0929 0.0 -0.126 0.28284 999.0 1.2869 11.0 44.0 1.1071 0.0 0.0 -1.226 0.28284 998.0 1.3183 10.0 49.0 2.3071 0.0 0.0 -2.226 0.36056 997.0 1.5327 12.0 56.0 3.6071 0.0 0.0 -3.126 0.28284 993.0 1.6015 10.0 
0.24821 30.02471 100.0 6818.0 1.0 55.0 0.0 -0.9929 0.774 0.0 0.22361 995.0 1.7165 14.0 50.0 0.2071 0.0 0.174 0.0 0.28284 997.0 1.5959 15.0 45.0 1.2071 0.0 0.0 -0.626 0.14142 998.0 1.3789 16.0 41.0 2.0071 0.0 0.0 -1.226 0.1 999.0 1.2264 17.0 37.0 2.7071 0.0 0.0 -1.626 0.1 1000.0 1.0756 18.0 
0.37553 38.12432 99.0 681.0 1.0 75.0 0.0 -0.7929 1.474 0.0 0.31623 985.0 2.0519 12.0 74.0 0.2071 0.0 0.274 0.0 0.22361 984.0 1.9286 12.0 73.0 1.2071 0.0 0.0 -0.226 0.22361 984.0 1.8769 12.0 71.0 2.2071 0.0 0.0 -0.426 0.14142 984.0 1.7754 12.0 68.0 2.8071 0.0 0.0 -0.626 0.1 984.0 1.6286 12.0 
0.03801 65.59587 63.0 6823.0 1.0 61.0 0.0 -2.6929 3.074 0.0 0.72111 1000.0 2.5 12.0 57.0 0.0 -0.4929 0.0 -0.326 0.5831 999.0 2.3703 11.0 53.0 1.3071 0.0 0.0 -2.526 0.42426 998.0 1.9127 13.0 53.0 3.0071 0.0 0.0 -3.726 0.22361 996.0 1.6877 11.0 58.0 4.4071 0.0 0.0 -4.226 0.2 992.0 1.6361 10.0 
0.47069 56.36204 72.0 6827.0 1.0 85.0 0.4071 0.0 0.0 -1.126 0.2 967.0 1.6042 7.0 102.0 0.5071 0.0 0.0 -0.026 0.2 954.0 1.8011 6.0 99.0 0.8071 0.0 1.274 0.0 0.3 962.0 1.9628 6.0 88.0 1.4071 0.0 2.574 0.0 0.22361 972.0 1.9291 7.0 77.0 2.3071 0.0 3.474 0.0 0.22361 981.0 1.8924 9.0 
0.46026 51.68435 72.0 6830.0 1.0 46.0 0.0071 0.0 0.0 -1.226 0.14142 997.0 1.3508 15.0 53.0 0.4071 0.0 0.0 -0.226 0.22361 994.0 1.51 13.0 54.0 0.8071 0.0 1.074 0.0 0.22361 995.0 1.6546 13.0 53.0 1.5071 0.0 2.174 0.0 0.28284 996.0 1.6877 14.0 50.0 2.5071 0.0 2.874 0.0 0.22361 997.0 1.5959 14.0 
0.21836 61.36266 114.0 6836.0 1.0 124.0 0.0 -0.0929 1.074 0.0 0.14142 935.0 2.0134 5.0 120.0 0.4071 0.0 0.374 0.0 0.14142 939.0 1.9875 5.0 101.0 0.9071 0.0 0.0 -0.126 0.1 957.0 1.8605 6.0 86.0 1.3071 0.0 0.0 -0.526 0.1 970.0 1.7568 7.0 76.0 1.7071 0.0 0.0 -0.726 0.14142 978.0 1.6856 8.0 
0.47955 21.89443 31.0 6840.0 1.0 64.0 0.0 -3.5929 2.174 0.0 0.72111 1002.0 2.5 22.0 62.0 0.0 -0.0929 0.174 0.0 0.67082 1001.0 2.5 21.0 59.0 3.2071 0.0 0.0 -1.326 0.63246 1002.0 2.5 22.0 51.0 6.2071 0.0 0.0 -2.726 0.53852 1002.0 2.4151 25.0 40.0 8.6071 0.0 0.0 -3.826 0.31623 1003.0 1.6342 29.0 
0.10019 144.57836 70.0 6852.0 1.0 58.0 0.1071 0.0 0.0 -1.626 0.22361 990.0 1.4939 10.0 76.0 1.0071 0.0 0.0 -0.826 0.14142 981.0 1.8436 9.0 87.0 1.9071 0.0 0.0 -0.026 0.22361 973.0 1.9327 7.0 94.0 3.0071 0.0 0.674 0.0 0.14142 968.0 2.0055 7.0 98.0 4.0071 0.0 1.374 0.0 0.2 965.0 2.0436 7.0 
0.26442 156.04509 51.0 6853.0 1.0 100.0 0.0 -1.8929 2.974 0.0 0.5831 981.0 2.5 9.0 97.0 0.9071 0.0 1.074 0.0 0.5 980.0 2.5 8.0 101.0 3.2071 0.0 0.0 -0.826 0.5 975.0 2.5 8.0 99.0 5.1071 0.0 0.0 -2.726 0.36056 973.0 2.5 7.0 109.0 6.5071 0.0 0.0 -4.526 0.28284 962.0 2.3794 6.0 
0.26637 67.60861 128.0 6855.0 1.0 48.0 0.0 -0.1929 0.0 -0.826 0.14142 993.0 1.1766 13.0 59.0 0.3071 0.0 0.0 -0.526 0.1 988.0 1.4222 14.0 73.0 0.9071 0.0 0.0 -0.426 0.0 980.0 1.6494 11.0 80.0 1.5071 0.0 0.0 -0.326 0.1 975.0 1.7202 10.0 86.0 2.1071 0.0 0.0 -0.326 0.22361 972.0 1.8425 9.0 
0.54957 19.33007 91.0 6860.0 1.0 65.0 0.0 -0.9929 0.574 0.0 0.22361 988.0 1.7261 10.0 80.0 0.0071 0.0 0.174 0.0 0.1 977.0 1.8158 8.0 93.0 0.8071 0.0 0.0 -0.026 0.1 966.0 1.8795 7.0 98.0 1.6071 0.0 0.074 0.0 0.1 961.0 1.8864 6.0 103.0 2.3071 0.0 0.374 0.0 0.14142 956.0 1.901 6.0 
0.61272 22.67945 116.0 6862.0 1.0 98.0 0.0 -0.8929 0.874 0.0 0.22361 966.0 2.0871 7.0 104.0 0.1071 0.0 0.174 0.0 0.14142 958.0 2.0086 6.0 102.0 0.8071 0.0 0.0 -0.326 0.1 958.0 1.9321 6.0 94.0 1.3071 0.0 0.0 -0.526 0.0 963.0 1.805 6.0 82.0 1.7071 0.0 0.0 -0.526 0.1 972.0 1.6751 7.0 
0.2402 171.52522 90.0 6864.0 1.0 49.0 1.5071 0.0 1.074 0.0 0.2 996.0 1.4425 14.0 46.0 0.7071 0.0 1.374 0.0 0.14142 997.0 1.3508 15.0 43.0 0.2071 0.0 1.974 0.0 0.14142 998.0 1.259 15.0 41.0 0.0 -0.1929 2.674 0.0 0.22361 998.0 1.1446 16.0 39.0 0.0 -0.5929 3.574 0.0 0.1 999.0 1.1096 17.0 
0.05087 112.13563 53.0 6866.0 1.0 60.0 0.0 -3.7929 2.174 0.0 0.70711 1002.0 2.5 18.0 59.0 0.0 -0.7929 0.0 -0.626 0.64031 1001.0 2.5 17.0 54.0 1.9071 0.0 0.0 -2.526 0.44721 1000.0 2.291 16.0 54.0 4.1071 0.0 0.0 -4.026 0.44721 999.0 2.1274 18.0 55.0 5.9071 0.0 0.0 -5.326 0.31623 997.0 1.931 15.0 
0.16719 85.01661 59.0 686.0 1.0 74.0 0.0 -0.8929 2.674 0.0 0.5 991.0 2.5 11.0 74.0 0.5071 0.0 0.574 0.0 0.36056 987.0 2.1512 10.0 78.0 1.9071 0.0 0.0 -0.626 0.22361 983.0 2.0713 9.0 87.0 3.2071 0.0 0.0 -1.226 0.2 975.0 2.0344 8.0 93.0 4.5071 0.0 0.0 -1.326 0.2 970.0 2.0544 7.0 
0.24045 133.67766 151.0 6873.0 1.0 71.0 1.2071 0.0 0.0 -0.626 0.2 983.0 1.7162 12.0 71.0 1.1071 0.0 0.474 0.0 0.1 983.0 1.7162 12.0 71.0 1.1071 0.0 1.474 0.0 0.1 982.0 1.6609 12.0 71.0 1.3071 0.0 2.274 0.0 0.1 981.0 1.609 11.0 76.0 1.6071 0.0 2.774 0.0 0.1 973.0 1.4749 8.0 
0.31572 36.19458 79.0 6876.0 1.0 56.0 0.0 -1.5929 0.174 0.0 0.31623 996.0 1.8841 15.0 62.0 0.0071 0.0 0.0 -0.326 0.2 993.0 1.9631 12.0 61.0 1.3071 0.0 0.0 -0.326 0.2 992.0 1.8098 12.0 59.0 2.4071 0.0 0.0 -0.126 0.14142 992.0 1.693 12.0 60.0 3.3071 0.0 0.074 0.0 0.2 991.0 1.6713 11.0 
0.24937 39.17945 60.0 6886.0 1.0 62.0 0.0 -0.7929 1.074 0.0 0.28284 992.0 1.8696 12.0 64.0 0.3071 0.0 0.174 0.0 0.22361 991.0 1.9016 11.0 66.0 1.6071 0.0 0.0 -0.626 0.22361 991.0 2.0223 11.0 68.0 3.1071 0.0 0.0 -1.526 0.36056 991.0 2.1467 11.0 65.0 4.7071 0.0 0.0 -2.626 0.31623 993.0 2.1576 12.0 
0.14849 48.64617 111.0 6888.0 1.0 49.0 0.0 -1.3929 0.474 0.0 0.22361 994.0 1.2907 12.0 55.0 0.0 -0.2929 0.0 -0.326 0.14142 992.0 1.4713 13.0 66.0 0.6071 0.0 0.0 -1.026 0.22361 985.0 1.589 10.0 83.0 1.5071 0.0 0.0 -1.526 0.14142 974.0 1.8042 10.0 98.0 2.1071 0.0 0.0 -1.826 0.1 961.0 1.8864 8.0 
0.26772 176.21985 38.0 6889.0 1.0 73.0 0.0 -3.9929 3.474 0.0 0.76158 1001.0 2.5 21.0 73.0 0.2071 0.0 1.574 0.0 0.72801 999.0 2.5 18.0 70.0 3.9071 0.0 0.274 0.0 0.63246 998.0 2.5 16.0 65.0 7.0071 0.0 0.0 -0.726 0.5099 998.0 2.5 16.0 58.0 9.5071 0.0 0.0 -1.426 0.41231 998.0 2.2906 16.0 
0.23378 73.93353 44.0 68.0 1.0 66.0 0.0 -2.2929 3.374 0.0 0.84853 1002.0 2.5 18.0 57.0 0.6071 0.0 0.274 0.0 0.56569 1001.0 2.5 17.0 54.0 3.0071 0.0 0.0 -1.826 0.44721 1001.0 2.4819 20.0 53.0 5.4071 0.0 0.0 -2.626 0.41231 1000.0 2.207 19.0 55.0 7.5071 0.0 0.0 -2.526 0.4 998.0 2.0598 16.0 
0.29614 42.77555 62.0 6903.0 1.0 47.0 0.0 -1.0929 0.574 0.0 0.14142 996.0 1.3272 14.0 53.0 0.0 -0.0929 0.374 0.0 0.2 995.0 1.5939 13.0 55.0 1.2071 0.0 0.174 0.0 0.3 996.0 1.8174 14.0 52.0 2.5071 0.0 0.0 -0.126 0.2 996.0 1.6246 14.0 49.0 3.7071 0.0 0.0 -0.426 0.1 997.0 1.5327 15.0 
0.45948 43.18263 75.0 6905.0 1.0 63.0 0.0 -2.2929 2.474 0.0 0.56569 996.0 2.3846 13.0 66.0 0.1071 0.0 0.374 0.0 0.5 995.0 2.4717 14.0 68.0 2.1071 0.0 0.0 -1.126 0.36056 990.0 2.0534 12.0 76.0 3.6071 0.0 0.0 -2.126 0.22361 984.0 2.0343 12.0 80.0 4.7071 0.0 0.0 -2.526 0.1 979.0 1.9226 11.0 
0.22433 14.00819 65.0 6908.0 1.0 42.0 0.0 -1.6929 1.374 0.0 0.36056 1001.0 1.5014 13.0 43.0 0.0071 0.0 0.0 -0.126 0.36056 1000.0 1.4527 12.0 45.0 1.6071 0.0 0.0 -1.626 0.36056 999.0 1.4773 11.0 47.0 3.0071 0.0 0.0 -3.126 0.36056 998.0 1.5041 10.0 49.0 4.2071 0.0 0.0 -4.526 0.22361 996.0 1.4425 12.0 
0.09082 113.88873 79.0 6910.0 1.0 65.0 0.0 -0.9929 0.0 -0.926 0.22361 986.0 1.5983 10.0 80.0 0.0071 0.0 0.0 -1.026 0.1 976.0 1.7667 10.0 101.0 0.8071 0.0 0.0 -1.126 0.1 959.0 1.9294 8.0 95.0 1.5071 0.0 0.0 -1.026 0.1 965.0 1.9204 8.0 89.0 2.3071 0.0 0.0 -1.026 0.1 970.0 1.8815 9.0 
0.38418 2.99167 63.0 6911.0 1.0 61.0 0.0 -2.0929 0.974 0.0 0.41231 997.0 2.3753 15.0 60.0 0.0071 0.0 0.0 -0.026 0.36056 996.0 2.1629 14.0 55.0 1.6071 0.0 0.0 -1.026 0.22361 996.0 1.8174 14.0 48.0 2.7071 0.0 0.0 -1.726 0.22361 997.0 1.4708 15.0 40.0 3.5071 0.0 0.0 -2.126 0.0 999.0 1.1673 16.0 
0.31915 41.52148 59.0 6917.0 1.0 55.0 0.0 -1.5929 0.874 0.0 0.2 996.0 1.8174 14.0 60.0 0.0071 0.0 0.374 0.0 0.31623 994.0 1.9352 13.0 64.0 1.7071 0.0 0.0 -0.526 0.36056 994.0 2.2019 13.0 60.0 3.4071 0.0 0.0 -1.526 0.3 995.0 2.0427 13.0 55.0 4.9071 0.0 0.0 -1.626 0.31623 996.0 1.8174 14.0 
0.47249 14.4498 182.0 6932.0 1.0 59.0 0.0 -1.5929 0.674 0.0 0.31623 995.0 1.9752 14.0 67.0 0.1071 0.0 0.074 0.0 0.31623 991.0 2.0841 11.0 72.0 1.6071 0.0 0.0 -0.726 0.22361 987.0 2.0365 10.0 74.0 2.8071 0.0 0.0 -1.426 0.22361 984.0 1.9286 9.0 77.0 3.8071 0.0 0.0 -1.826 0.1 980.0 1.8351 8.0 
0.10155 185.98534 122.0 6937.0 1.0 47.0 1.7071 0.0 0.0 -0.026 0.0 994.0 1.1875 13.0 49.0 1.6071 0.0 0.474 0.0 0.1 994.0 1.2907 13.0 51.0 1.7071 0.0 0.974 0.0 0.1 993.0 1.3283 12.0 50.0 1.8071 0.0 1.474 0.0 0.14142 993.0 1.2767 12.0 49.0 2.1071 0.0 1.774 0.0 0.14142 994.0 1.2907 12.0 
0.52802 43.18263 59.0 6945.0 1.0 76.0 0.0 -1.7929 1.474 0.0 0.31623 986.0 2.185 10.0 78.0 0.1071 0.0 0.374 0.0 0.42426 984.0 2.1428 10.0 77.0 1.8071 0.0 0.0 -1.026 0.36056 984.0 2.0882 10.0 93.0 3.3071 0.0 0.0 -2.326 0.36056 969.0 2.0077 8.0 131.0 4.7071 0.0 0.0 -3.126 0.22361 932.0 2.1639 6.0 
0.07507 65.59587 68.0 6952.0 1.0 53.0 0.0 -2.7929 1.574 0.0 0.56569 1001.0 2.3909 12.0 52.0 0.0 -0.4929 0.0 -0.326 0.5 1000.0 2.1245 11.0 53.0 1.5071 0.0 0.0 -2.026 0.28284 998.0 1.9127 9.0 56.0 3.0071 0.0 0.0 -3.526 0.36056 995.0 1.7795 8.0 62.0 4.4071 0.0 0.0 -4.626 0.22361 992.0 1.8696 9.0 
0.15278 192.1136 56.0 6958.0 1.0 142.0 0.0 -1.0929 3.274 0.0 0.42426 932.0 2.5 8.0 149.0 0.9071 0.0 1.474 0.0 0.36056 923.0 2.5 8.0 189.0 2.7071 0.0 0.0 -0.126 0.42426 865.0 2.4652 6.0 210.0 4.3071 0.0 0.0 -1.626 0.36056 831.0 2.4749 5.0 173.0 5.7071 0.0 0.0 -2.826 0.22361 881.0 2.3158 6.0 
0.11922 66.82775 55.0 6963.0 1.0 49.0 0.0 -2.6929 0.874 0.0 0.44721 1000.0 1.8864 13.0 49.0 0.0 -0.2929 0.0 -0.526 0.5 1000.0 1.8864 12.0 50.0 1.8071 0.0 0.0 -2.126 0.42426 999.0 1.8239 11.0 50.0 3.6071 0.0 0.0 -3.926 0.28284 998.0 1.7023 12.0 52.0 5.1071 0.0 0.0 -5.226 0.28284 996.0 1.6246 12.0 
0.13855 37.62661 76.0 6970.0 1.0 47.0 0.0 -1.8929 1.574 0.0 0.5 1001.0 1.8802 13.0 45.0 0.0 -0.0929 0.0 -0.326 0.28284 1000.0 1.591 12.0 44.0 1.4071 0.0 0.0 -1.726 0.36056 999.0 1.4124 11.0 45.0 2.6071 0.0 0.0 -3.026 0.28284 997.0 1.2927 10.0 47.0 3.6071 0.0 0.0 -3.926 0.28284 996.0 1.3272 12.0 
0.52881 23.16855 48.0 6972.0 1.0 47.0 0.0 -0.7929 0.0 -1.426 0.22361 998.0 1.5041 16.0 52.0 0.2071 0.0 0.0 -0.026 0.22361 997.0 1.7261 15.0 54.0 1.6071 0.0 0.874 0.0 0.31623 997.0 1.8615 15.0 56.0 3.5071 0.0 1.174 0.0 0.3 997.0 2.0019 15.0 56.0 5.4071 0.0 0.874 0.0 0.31623 998.0 2.1353 16.0 
0.08597 97.27973 62.0 6976.0 1.0 48.0 0.0 -1.7929 0.074 0.0 0.22361 998.0 1.5688 13.0 55.0 0.0 -0.2929 0.0 -0.826 0.22361 996.0 1.8174 14.0 64.0 1.2071 0.0 0.0 -1.126 0.3 992.0 1.9922 12.0 69.0 2.7071 0.0 0.0 -0.726 0.31623 989.0 2.0261 10.0 73.0 4.1071 0.0 0.074 0.0 0.36056 987.0 2.0934 10.0 
0.23261 17.37652 92.0 6986.0 1.0 42.0 0.0 -1.0929 0.774 0.0 0.22361 998.0 1.2011 14.0 47.0 0.0 -0.0929 0.0 -0.126 0.28284 996.0 1.3272 12.0 54.0 1.1071 0.0 0.0 -0.926 0.22361 994.0 1.5675 14.0 60.0 2.2071 0.0 0.0 -1.526 0.2 990.0 1.5987 12.0 63.0 3.2071 0.0 0.0 -1.826 0.2 987.0 1.5592 11.0 
0.13135 96.79597 152.0 6988.0 1.0 76.0 0.0 -0.8929 0.0 -1.726 0.36056 984.0 2.0343 7.0 92.0 0.6071 0.0 0.0 -0.626 0.28284 973.0 2.1612 7.0 88.0 1.6071 0.0 0.474 0.0 0.28284 973.0 1.9774 7.0 87.0 2.5071 0.0 1.174 0.0 0.14142 972.0 1.8856 7.0 88.0 3.2071 0.0 1.474 0.0 0.14142 969.0 1.7976 7.0 
0.55631 37.62661 70.0 6991.0 1.0 66.0 0.0 -1.8929 0.274 0.0 0.36056 992.0 2.1186 16.0 74.0 0.0 -0.0929 0.0 -0.326 0.3 987.0 2.1512 16.0 79.0 1.3071 0.0 0.0 -0.226 0.2 981.0 1.992 14.0 82.0 2.5071 0.0 0.074 0.0 0.22361 978.0 1.9622 13.0 84.0 3.7071 0.0 0.474 0.0 0.22361 977.0 2.0019 13.0 
0.4507 67.88686 40.0 6995.0 1.0 79.0 0.0 -2.8929 4.774 0.0 1.08167 1001.0 2.5 14.0 73.0 0.6071 0.0 0.074 0.0 0.86023 1000.0 2.5 15.0 70.0 3.7071 0.0 0.0 -3.426 0.70711 999.0 2.5 14.0 68.0 6.5071 0.0 0.0 -6.126 0.56569 997.0 2.5 12.0 72.0 8.9071 0.0 0.0 -8.326 0.5 994.0 2.5 13.0 
0.529 62.69156 51.0 6999.0 1.0 95.0 0.0 -1.7929 1.574 0.0 0.44721 976.0 2.4913 10.0 106.0 0.3071 0.0 0.474 0.0 0.31623 967.0 2.4948 9.0 109.0 2.3071 0.0 0.0 -0.226 0.31623 964.0 2.4765 8.0 111.0 4.2071 0.0 0.0 -1.026 0.36056 961.0 2.4201 8.0 110.0 5.9071 0.0 0.0 -2.026 0.36056 961.0 2.3767 8.0 
0.30445 47.45382 35.0 6.0 1.0 82.0 0.0 -2.1929 5.974 0.0 1.07703 998.0 2.5 10.0 75.0 0.2071 0.0 0.374 0.0 0.76158 997.0 2.5 13.0 71.0 2.2071 0.0 0.0 -3.626 0.67082 994.0 2.5 11.0 74.0 4.1071 0.0 0.0 -6.726 0.5 992.0 2.5 12.0 86.0 6.0071 0.0 0.0 -9.026 0.56569 982.0 2.4368 10.0 
0.73582 2.99167 88.0 7000.0 1.0 75.0 0.0 -0.8929 0.474 0.0 0.14142 983.0 1.9151 12.0 82.0 0.0071 0.0 0.0 -0.026 0.2 977.0 1.9077 10.0 83.0 0.8071 0.0 0.0 -0.326 0.1 975.0 1.8516 10.0 83.0 1.5071 0.0 0.0 -0.426 0.1 974.0 1.8042 10.0 82.0 2.1071 0.0 0.0 -0.426 0.1 974.0 1.761 10.0 
0.2523 47.29257 69.0 7002.0 1.0 51.0 0.0 -0.6929 0.0 -0.526 0.1 992.0 1.265 9.0 65.0 0.0071 0.0 0.0 -0.426 0.2 987.0 1.6597 10.0 75.0 0.8071 0.0 0.0 -0.326 0.1 980.0 1.741 8.0 73.0 1.6071 0.0 0.0 -0.326 0.2 982.0 1.7558 9.0 72.0 2.6071 0.0 0.0 -0.326 0.2 984.0 1.8258 9.0 
0.17138 80.58985 71.0 7003.0 1.0 52.0 0.0 -1.5929 0.0 -0.626 0.31623 998.0 1.8412 16.0 58.0 0.0071 0.0 0.0 -0.726 0.3 994.0 1.8084 13.0 62.0 1.4071 0.0 0.0 -0.426 0.22361 992.0 1.8696 12.0 62.0 2.6071 0.0 0.174 0.0 0.22361 991.0 1.7846 11.0 62.0 3.8071 0.0 0.974 0.0 0.28284 992.0 1.8696 12.0 
0.20815 70.24699 60.0 7004.0 1.0 44.0 0.0 -1.7929 0.0 -0.626 0.3 1000.0 1.5211 21.0 47.0 0.0 -0.0929 0.0 -0.626 0.2 999.0 1.6116 18.0 48.0 1.4071 0.0 0.0 -0.726 0.2 998.0 1.5688 17.0 47.0 2.7071 0.0 0.0 -0.926 0.22361 998.0 1.5041 16.0 47.0 4.0071 0.0 0.0 -1.326 0.22361 998.0 1.5041 16.0 
0.09402 80.01448 68.0 7005.0 1.0 41.0 0.0 -1.5929 0.974 0.0 0.36056 1000.0 1.3207 17.0 40.0 0.0 -0.4929 0.0 -0.526 0.28284 999.0 1.1673 19.0 43.0 0.8071 0.0 0.0 -1.526 0.22361 999.0 1.3489 19.0 46.0 2.1071 0.0 0.0 -2.126 0.2 997.0 1.3508 17.0 53.0 3.3071 0.0 0.0 -2.426 0.3 995.0 1.5939 18.0 
0.35084 39.17945 80.0 7010.0 1.0 80.0 0.4071 0.0 0.774 0.0 0.14142 976.0 1.7667 8.0 78.0 0.3071 0.0 0.174 0.0 0.14142 975.0 1.6353 8.0 79.0 0.6071 0.0 0.0 -0.126 0.1 974.0 1.6345 8.0 83.0 1.0071 0.0 0.0 -0.426 0.1 972.0 1.7162 7.0 90.0 1.7071 0.0 0.0 -0.626 0.22361 969.0 1.8803 7.0 
0.22194 62.18838 77.0 7015.0 1.0 63.0 0.0 -1.5929 0.0 -0.126 0.22361 990.0 1.7625 12.0 75.0 0.0 -0.1929 0.0 -0.526 0.31623 984.0 1.9811 12.0 89.0 1.1071 0.0 0.0 -0.626 0.2 973.0 2.0226 10.0 95.0 2.3071 0.0 0.0 -0.626 0.2 968.0 2.0484 9.0 99.0 3.5071 0.0 0.0 -0.626 0.2 964.0 2.043 8.0 
0.28943 19.33007 71.0 7016.0 1.0 47.0 0.0 -1.2929 0.874 0.0 0.22361 998.0 1.5041 17.0 52.0 0.0071 0.0 0.174 0.0 0.22361 996.0 1.6246 15.0 51.0 1.2071 0.0 0.0 -0.226 0.2 996.0 1.5627 14.0 49.0 2.3071 0.0 0.0 -0.326 0.1 996.0 1.4425 14.0 49.0 3.3071 0.0 0.0 -0.426 0.1 996.0 1.4425 14.0 
0.12951 76.71589 73.0 7018.0 1.0 47.0 0.0 -1.9929 0.374 0.0 0.36056 999.0 1.6116 15.0 49.0 0.0 -0.2929 0.0 -0.626 0.31623 998.0 1.6349 13.0 55.0 1.3071 0.0 0.0 -1.226 0.22361 996.0 1.8174 14.0 57.0 2.6071 0.0 0.0 -1.426 0.2 994.0 1.7465 13.0 59.0 3.7071 0.0 0.0 -1.326 0.2 992.0 1.693 12.0 
0.18549 117.49896 65.0 7019.0 1.0 45.0 0.4071 0.0 0.0 -2.226 0.36056 1000.0 1.591 15.0 43.0 1.0071 0.0 0.0 -0.326 0.31623 1000.0 1.4527 14.0 38.0 1.4071 0.0 1.174 0.0 0.22361 1000.0 1.1345 15.0 34.0 1.9071 0.0 2.074 0.0 0.14142 1001.0 1.0 15.0 31.0 2.4071 0.0 2.474 0.0 0.14142 1001.0 1.0 16.0 
0.56159 19.33007 51.0 7028.0 1.0 66.0 0.0 -2.6929 2.274 0.0 0.64031 999.0 2.5 17.0 65.0 0.0071 0.0 0.174 0.0 0.44721 998.0 2.5 15.0 61.0 2.3071 0.0 0.0 -1.226 0.31623 997.0 2.3753 15.0 57.0 4.3071 0.0 0.0 -2.226 0.31623 997.0 2.074 15.0 54.0 6.0071 0.0 0.0 -3.126 0.28284 998.0 1.9855 16.0 
0.17983 92.39084 131.0 7029.0 1.0 55.0 0.0 -0.9929 0.0 -1.526 0.31623 995.0 1.7165 11.0 60.0 0.4071 0.0 0.0 -0.726 0.22361 992.0 1.7509 12.0 64.0 1.3071 0.0 0.074 0.0 0.14142 989.0 1.7431 11.0 68.0 2.0071 0.0 0.674 0.0 0.14142 985.0 1.6867 10.0 72.0 2.7071 0.0 1.274 0.0 0.1 982.0 1.708 9.0 
0.77 14.00819 60.0 7030.0 1.0 64.0 0.0 -2.0929 0.874 0.0 0.44721 993.0 2.0918 18.0 73.0 0.0071 0.0 0.0 -0.126 0.31623 989.0 2.2679 18.0 80.0 2.0071 0.0 0.0 -0.626 0.3 984.0 2.2541 15.0 84.0 3.7071 0.0 0.0 -0.926 0.3 980.0 2.1839 14.0 87.0 5.1071 0.0 0.0 -1.126 0.2 976.0 2.0894 13.0 
0.20272 86.89722 50.0 7031.0 1.0 39.0 0.0 -2.1929 0.0 -0.526 0.3 1002.0 1.4123 18.0 45.0 0.0 -0.2929 0.0 -0.726 0.41231 1001.0 1.7236 16.0 48.0 1.8071 0.0 0.0 -1.326 0.36056 1001.0 1.961 15.0 50.0 3.9071 0.0 0.0 -2.426 0.36056 1000.0 1.9642 15.0 52.0 5.8071 0.0 0.0 -3.726 0.36056 1000.0 2.1245 13.0 
0.2834 51.90795 51.0 7032.0 1.0 54.0 0.0 -2.6929 0.574 0.0 0.53852 1000.0 2.291 15.0 56.0 0.0 -0.1929 0.0 -0.426 0.41231 998.0 2.1353 13.0 59.0 2.0071 0.0 0.0 -0.826 0.41231 995.0 1.9752 11.0 67.0 4.1071 0.0 0.0 -1.026 0.3 992.0 2.1833 12.0 72.0 5.9071 0.0 0.0 -0.826 0.31623 988.0 2.1179 10.0 
0.20261 89.16323 114.0 7034.0 1.0 40.0 0.0071 0.0 0.0 -1.026 0.14142 998.0 1.0895 17.0 48.0 0.6071 0.0 0.0 -0.526 0.14142 995.0 1.3074 14.0 54.0 1.0071 0.0 0.274 0.0 0.14142 993.0 1.4892 12.0 58.0 1.3071 0.0 1.374 0.0 0.22361 992.0 1.6361 12.0 59.0 1.5071 0.0 2.574 0.0 0.2 991.0 1.6161 11.0 
0.28452 137.39659 123.0 7038.0 1.0 55.0 1.4071 0.0 0.274 0.0 0.1 989.0 1.2874 14.0 54.0 1.2071 0.0 0.274 0.0 0.1 989.0 1.241 14.0 55.0 1.2071 0.0 0.474 0.0 0.0 988.0 1.2359 14.0 56.0 1.2071 0.0 0.574 0.0 0.1 988.0 1.2812 13.0 59.0 1.2071 0.0 0.874 0.0 0.1 987.0 1.3675 13.0 
0.27221 24.41152 63.0 703.0 1.0 52.0 0.0 -0.8929 1.874 0.0 0.44721 998.0 1.8412 18.0 53.0 0.2071 0.0 0.074 0.0 0.28284 996.0 1.6877 17.0 59.0 1.5071 0.0 0.0 -0.926 0.22361 993.0 1.7777 16.0 65.0 2.7071 0.0 0.0 -1.326 0.3 990.0 1.8762 14.0 72.0 4.0071 0.0 0.0 -1.426 0.2 985.0 1.891 12.0 
0.29046 13.18352 56.0 711.0 1.0 50.0 0.0 -2.0929 2.074 0.0 0.5 1000.0 1.9642 14.0 50.0 0.0 -0.0929 0.074 0.0 0.42426 999.0 1.8239 15.0 50.0 1.7071 0.0 0.0 -1.026 0.31623 998.0 1.7023 13.0 53.0 3.4071 0.0 0.0 -1.226 0.3 996.0 1.6877 13.0 61.0 4.9071 0.0 0.0 -0.826 0.31623 993.0 1.9003 12.0 
0.08523 184.82505 55.0 719.0 1.0 44.0 0.0 -0.3929 0.0 -1.826 0.31623 999.0 1.4124 14.0 49.0 1.0071 0.0 0.0 -1.326 0.22361 996.0 1.4425 12.0 57.0 2.3071 0.0 0.0 -0.326 0.36056 994.0 1.7465 13.0 67.0 3.6071 0.0 0.974 0.0 0.36056 990.0 1.9935 11.0 72.0 5.0071 0.0 1.974 0.0 0.36056 987.0 2.0365 10.0 
0.30073 21.60552 61.0 726.0 1.0 50.0 0.0 -1.8929 1.574 0.0 0.42426 999.0 1.8239 20.0 51.0 0.0 -0.1929 0.0 -0.026 0.36056 998.0 1.7711 17.0 56.0 1.5071 0.0 0.0 -0.926 0.22361 996.0 1.8841 19.0 62.0 3.1071 0.0 0.0 -1.326 0.22361 993.0 1.9631 16.0 65.0 4.5071 0.0 0.0 -1.826 0.3 990.0 1.8762 14.0 
0.10659 92.73958 108.0 730.0 1.0 65.0 0.0 -0.9929 2.674 0.0 0.5 996.0 2.5 14.0 64.0 0.6071 0.0 0.574 0.0 0.36056 994.0 2.2019 13.0 63.0 2.0071 0.0 0.0 -0.826 0.28284 993.0 2.0269 12.0 61.0 3.2071 0.0 0.0 -1.726 0.14142 992.0 1.8098 12.0 58.0 4.1071 0.0 0.0 -2.326 0.22361 992.0 1.6361 12.0 
0.26789 30.02471 63.0 731.0 1.0 58.0 0.0 -1.2929 2.174 0.0 0.5 995.0 1.9088 12.0 58.0 0.2071 0.0 0.174 0.0 0.42426 994.0 1.8084 11.0 60.0 1.8071 0.0 0.0 -1.226 0.36056 991.0 1.6713 10.0 66.0 3.3071 0.0 0.0 -2.226 0.28284 988.0 1.7796 11.0 84.0 4.6071 0.0 0.0 -3.126 0.22361 974.0 1.8479 8.0 
0.22652 57.41677 344.0 732.0 1.0 65.0 0.0 -1.3929 2.574 0.0 0.44721 995.0 2.3974 14.0 66.0 0.2071 0.0 0.474 0.0 0.36056 993.0 2.2245 13.0 68.0 2.0071 0.0 0.0 -0.826 0.36056 992.0 2.249 12.0 68.0 3.8071 0.0 0.0 -1.626 0.31623 991.0 2.1467 12.0 65.0 5.6071 0.0 0.0 -2.426 0.22361 992.0 2.0549 12.0 
0.30816 63.71887 48.0 734.0 1.0 53.0 0.0 -2.2929 1.674 0.0 0.44721 998.0 1.9127 13.0 62.0 0.0071 0.0 0.574 0.0 0.41231 995.0 2.1812 11.0 71.0 2.5071 0.0 0.074 0.0 0.41231 992.0 2.4518 12.0 79.0 4.8071 0.0 0.0 -0.226 0.3 986.0 2.3609 10.0 86.0 6.6071 0.0 0.0 -0.326 0.31623 979.0 2.2218 8.0 
0.12473 235.43323 111.0 739.0 1.0 40.0 0.0 -2.3929 1.374 0.0 0.41231 1000.0 1.2571 18.0 38.0 0.0 -1.9929 0.0 -0.726 0.3 1000.0 1.1345 17.0 38.0 0.0 -1.5929 0.0 -2.126 0.22361 999.0 1.0535 15.0 40.0 0.0 -0.9929 0.0 -3.026 0.14142 997.0 1.0214 13.0 45.0 0.0 -0.0929 0.0 -3.326 0.1 996.0 1.2166 15.0 
0.23645 42.04636 70.0 740.0 1.0 39.0 0.0 -1.3929 0.074 0.0 0.22361 1000.0 1.195 21.0 41.0 0.0 -0.1929 0.0 -0.326 0.22361 998.0 1.1446 18.0 47.0 0.9071 0.0 0.0 -0.726 0.22361 997.0 1.4101 20.0 51.0 2.0071 0.0 0.0 -1.226 0.2 996.0 1.5627 18.0 59.0 3.2071 0.0 0.0 -1.626 0.31623 993.0 1.7777 16.0 
0.26271 14.4498 63.0 746.0 1.0 46.0 0.0 -1.1929 1.674 0.0 0.36056 998.0 1.4408 10.0 49.0 0.1071 0.0 0.074 0.0 0.28284 997.0 1.5327 13.0 53.0 1.4071 0.0 0.0 -1.326 0.28284 994.0 1.51 11.0 60.0 2.6071 0.0 0.0 -2.526 0.28284 991.0 1.6713 12.0 74.0 3.8071 0.0 0.0 -3.426 0.22361 982.0 1.8042 9.0 
0.11973 94.15302 52.0 747.0 1.0 52.0 0.0 -2.6929 0.474 0.0 0.5831 1001.0 2.3015 17.0 51.0 0.0 -0.1929 0.0 -0.826 0.41231 1000.0 2.0435 15.0 51.0 1.9071 0.0 0.0 -1.626 0.44721 998.0 1.7711 14.0 51.0 3.8071 0.0 0.0 -2.526 0.22361 998.0 1.7711 15.0 58.0 5.5071 0.0 0.0 -3.126 0.22361 995.0 1.9088 14.0 
0.23521 43.18263 57.0 748.0 1.0 43.0 0.0 -1.6929 0.474 0.0 0.3 1001.0 1.5738 23.0 45.0 0.1071 0.0 0.374 0.0 0.31623 1001.0 1.7236 20.0 46.0 1.8071 0.0 0.474 0.0 0.3 1000.0 1.6625 18.0 46.0 3.4071 0.0 0.474 0.0 0.3 1000.0 1.6625 18.0 44.0 4.9071 0.0 0.374 0.0 0.2 1000.0 1.5211 19.0 
0.16258 32.63974 39.0 749.0 1.0 63.0 0.0 -3.5929 2.974 0.0 0.78102 1001.0 2.5 13.0 60.0 0.0 -0.2929 0.0 -0.026 0.56569 1000.0 2.5 12.0 56.0 2.2071 0.0 0.0 -2.626 0.5 999.0 2.2879 11.0 57.0 4.1071 0.0 0.0 -5.226 0.5831 999.0 2.3703 14.0 61.0 5.6071 0.0 0.0 -7.926 0.5831 997.0 2.3753 12.0 
0.2927 174.71578 121.0 755.0 1.0 36.0 0.0 -0.2929 1.574 0.0 0.0 997.0 1.0 17.0 45.0 0.0071 0.0 1.574 0.0 0.1 995.0 1.149 18.0 50.0 0.4071 0.0 1.574 0.0 0.0 992.0 1.2159 16.0 52.0 0.6071 0.0 1.674 0.0 0.0 991.0 1.2554 15.0 56.0 0.7071 0.0 1.974 0.0 0.14142 989.0 1.3346 14.0 
0.43687 8.25172 326.0 756.0 1.0 53.0 0.0 -0.8929 0.674 0.0 0.22361 995.0 1.5939 18.0 56.0 0.0071 0.0 0.074 0.0 0.14142 992.0 1.5252 16.0 54.0 0.7071 0.0 0.0 -0.226 0.1 992.0 1.4182 15.0 53.0 1.1071 0.0 0.0 -0.226 0.0 991.0 1.3041 15.0 54.0 1.3071 0.0 0.074 0.0 0.0 991.0 1.3538 15.0 
0.12868 220.96993 337.0 759.0 1.0 51.0 0.0 -1.8929 0.0 -1.126 0.28284 994.0 1.3982 12.0 54.0 0.0 -0.7929 0.0 -1.826 0.22361 991.0 1.3538 13.0 62.0 0.2071 0.0 0.0 -2.026 0.1 985.0 1.4022 12.0 83.0 1.0071 0.0 0.0 -1.926 0.1 971.0 1.6753 10.0 121.0 1.9071 0.0 0.0 -1.826 0.2 941.0 2.0769 9.0 
0.18276 62.18838 60.0 770.0 1.0 43.0 0.0 -1.9929 1.174 0.0 0.42426 1002.0 1.7168 25.0 44.0 0.0 -0.1929 0.0 -0.526 0.36056 1001.0 1.6478 23.0 44.0 1.4071 0.0 0.0 -1.826 0.31623 1000.0 1.5211 21.0 43.0 3.0071 0.0 0.0 -2.526 0.31623 1000.0 1.4527 23.0 46.0 4.5071 0.0 0.0 -2.926 0.22361 999.0 1.5437 22.0 
0.18921 69.35559 70.0 773.0 1.0 48.0 0.0071 0.0 1.274 0.0 0.14142 995.0 1.3074 14.0 51.0 0.4071 0.0 0.474 0.0 0.14142 994.0 1.3982 13.0 57.0 1.1071 0.0 0.0 -0.026 0.14142 991.0 1.5084 12.0 64.0 2.0071 0.0 0.0 -0.426 0.1 989.0 1.7431 11.0 71.0 3.1071 0.0 0.0 -0.526 0.1 984.0 1.7754 9.0 
0.62255 22.93337 50.0 785.0 1.0 59.0 0.0 -2.1929 1.774 0.0 0.5 996.0 2.0914 12.0 64.0 0.0 -0.1929 0.074 0.0 0.44721 994.0 2.2019 14.0 74.0 2.1071 0.0 0.0 -0.826 0.41231 989.0 2.3304 13.0 87.0 4.2071 0.0 0.0 -1.226 0.3 981.0 2.4159 11.0 96.0 6.0071 0.0 0.0 -1.226 0.3 972.0 2.2958 9.0 
0.21927 18.35579 66.0 786.0 1.0 41.0 0.0 -1.5929 0.874 0.0 0.36056 1002.0 1.5608 19.0 41.0 0.1071 0.0 0.0 -0.126 0.31623 1001.0 1.4308 17.0 43.0 1.7071 0.0 0.0 -0.826 0.22361 1000.0 1.4527 15.0 44.0 3.1071 0.0 0.0 -1.426 0.22361 999.0 1.4124 16.0 48.0 4.2071 0.0 0.0 -2.026 0.22361 997.0 1.4708 15.0 
0.27308 133.60022 86.0 787.0 1.0 42.0 0.6071 0.0 1.074 0.0 0.0 995.0 1.0009 18.0 45.0 0.7071 0.0 0.974 0.0 0.1 994.0 1.0886 17.0 48.0 1.0071 0.0 0.974 0.0 0.14142 993.0 1.1766 16.0 52.0 1.5071 0.0 0.874 0.0 0.1 992.0 1.3151 15.0 56.0 2.0071 0.0 0.974 0.0 0.1 991.0 1.4559 15.0 
0.16988 113.88873 65.0 788.0 1.0 47.0 0.0 -1.4929 0.0 -1.226 0.3 998.0 1.5041 18.0 51.0 0.0071 0.0 0.0 -1.026 0.2 997.0 1.6604 20.0 57.0 1.4071 0.0 0.0 -1.026 0.2 994.0 1.7465 17.0 61.0 2.7071 0.0 0.0 -1.226 0.22361 992.0 1.8098 15.0 63.0 4.0071 0.0 0.0 -1.626 0.22361 990.0 1.7625 14.0 
0.16938 92.4535 138.0 79.0 1.0 41.0 0.0 -1.0929 0.0 -1.026 0.2 1000.0 1.3207 19.0 45.0 0.1071 0.0 0.0 -0.826 0.2 998.0 1.3789 16.0 48.0 1.2071 0.0 0.0 -0.426 0.22361 998.0 1.5688 15.0 49.0 2.4071 0.0 0.174 0.0 0.14142 997.0 1.5327 15.0 50.0 3.5071 0.0 0.974 0.0 0.28284 997.0 1.5959 15.0 
0.39736 72.25976 52.0 803.0 1.0 62.0 0.0 -1.9929 3.274 0.0 0.56569 997.0 2.4538 17.0 69.0 0.3071 0.0 0.574 0.0 0.64031 994.0 2.5 15.0 72.0 2.2071 0.0 0.0 -1.926 0.42426 990.0 2.3021 14.0 84.0 4.1071 0.0 0.0 -3.626 0.36056 981.0 2.2521 12.0 102.0 6.0071 0.0 0.0 -4.826 0.31623 969.0 2.4151 11.0 
0.36089 83.98134 337.0 805.0 1.0 69.0 0.0 -1.9929 0.0 -0.126 0.31623 987.0 1.8703 18.0 85.0 0.0 -0.4929 0.574 0.0 0.28284 974.0 1.8922 13.0 114.0 0.9071 0.0 1.474 0.0 0.22361 953.0 2.2123 12.0 140.0 2.3071 0.0 2.074 0.0 0.22361 924.0 2.2493 9.0 163.0 3.8071 0.0 2.474 0.0 0.22361 897.0 2.3394 8.0 
0.47025 19.33007 63.0 811.0 1.0 58.0 0.0 -1.5929 1.174 0.0 0.31623 995.0 1.9088 14.0 69.0 0.0071 0.0 0.174 0.0 0.31623 990.0 2.1142 11.0 76.0 1.7071 0.0 0.0 -0.626 0.22361 986.0 2.185 10.0 80.0 3.1071 0.0 0.0 -1.026 0.3 981.0 2.0427 9.0 84.0 4.4071 0.0 0.0 -0.926 0.22361 977.0 2.0019 8.0 
0.08714 87.97802 289.0 813.0 1.0 46.0 0.0 -2.5929 1.274 0.0 0.42426 1000.0 1.6625 13.0 49.0 0.0 -0.5929 0.0 -0.526 0.5 1000.0 1.8864 12.0 51.0 1.6071 0.0 0.0 -2.126 0.36056 999.0 1.8976 15.0 53.0 3.5071 0.0 0.0 -3.526 0.36056 997.0 1.7931 13.0 53.0 5.0071 0.0 0.0 -4.726 0.22361 995.0 1.5939 11.0 
0.6087 68.82415 195.0 814.0 1.0 53.0 0.7071 0.0 0.0 -1.426 0.2 994.0 1.51 17.0 59.0 0.6071 0.0 0.0 -0.126 0.3 992.0 1.693 15.0 60.0 0.5071 0.0 1.174 0.0 0.31623 991.0 1.6713 15.0 60.0 0.4071 0.0 2.374 0.0 0.2 990.0 1.5987 14.0 60.0 0.6071 0.0 3.374 0.0 0.14142 989.0 1.5321 14.0 
0.29415 13.18352 74.0 823.0 1.0 47.0 0.0 -1.4929 1.174 0.0 0.28284 998.0 1.5041 9.0 55.0 0.0 -0.0929 0.074 0.0 0.28284 996.0 1.8174 11.0 60.0 1.2071 0.0 0.0 -0.826 0.28284 993.0 1.8385 9.0 61.0 2.4071 0.0 0.0 -1.526 0.22361 991.0 1.7275 9.0 64.0 3.5071 0.0 0.0 -1.926 0.2 988.0 1.6734 8.0 
0.41647 32.63974 48.0 830.0 1.0 46.0 0.0 -2.9929 0.474 0.0 0.41231 1002.0 1.9647 19.0 53.0 0.0 -0.2929 0.0 -0.026 0.53852 1001.0 2.3909 22.0 55.0 2.4071 0.0 0.0 -1.226 0.44721 1000.0 2.3767 19.0 53.0 4.7071 0.0 0.0 -2.026 0.31623 999.0 2.0493 17.0 49.0 6.6071 0.0 0.0 -2.326 0.3 999.0 1.7517 17.0 
0.08124 42.04636 80.0 836.0 1.0 34.0 0.0 -1.2929 0.274 0.0 0.22361 1001.0 1.0 13.0 34.0 0.0 -0.1929 0.0 -0.326 0.14142 1001.0 1.0 12.0 37.0 0.7071 0.0 0.0 -0.926 0.22361 1000.0 1.0756 11.0 42.0 1.7071 0.0 0.0 -1.526 0.22361 998.0 1.2011 9.0 49.0 2.8071 0.0 0.0 -2.126 0.22361 995.0 1.3624 8.0 
0.41123 17.37652 77.0 840.0 1.0 51.0 0.0 -1.0929 0.374 0.0 0.14142 994.0 1.3982 10.0 62.0 0.0 -0.0929 0.0 -0.126 0.14142 990.0 1.707 11.0 74.0 0.9071 0.0 0.0 -0.526 0.2 983.0 1.8643 9.0 76.0 2.0071 0.0 0.0 -0.726 0.2 982.0 1.903 9.0 76.0 3.1071 0.0 0.0 -0.626 0.2 982.0 1.903 9.0 
0.12365 32.63974 37.0 842.0 1.0 52.0 0.0 -1.9929 3.174 0.0 0.67082 1000.0 2.1245 13.0 53.0 0.0 -0.2929 0.0 -0.026 0.5831 1000.0 2.207 12.0 54.0 1.4071 0.0 0.0 -2.826 0.44721 998.0 1.9855 10.0 57.0 3.0071 0.0 0.0 -5.426 0.5831 997.0 2.074 9.0 64.0 4.6071 0.0 0.0 -8.026 0.5 995.0 2.3242 11.0 
0.19619 27.12273 65.0 84.0 1.0 54.0 0.0 -1.7929 1.874 0.0 0.5 998.0 1.9855 14.0 55.0 0.0 -0.0929 0.0 -0.226 0.42426 996.0 1.8174 12.0 57.0 1.3071 0.0 0.0 -1.726 0.36056 992.0 1.5802 10.0 65.0 2.6071 0.0 0.0 -2.726 0.22361 987.0 1.6597 11.0 82.0 3.7071 0.0 0.0 -3.226 0.2 974.0 1.761 8.0 
0.58888 69.35559 35.0 850.0 1.0 82.0 0.0 -5.2929 0.374 0.0 1.00499 1000.0 2.5 19.0 89.0 0.4071 0.0 0.474 0.0 0.90554 999.0 2.5 17.0 80.0 5.2071 0.0 0.0 -0.626 0.70711 998.0 2.5 16.0 66.0 8.7071 0.0 0.0 -1.226 0.5099 999.0 2.5 16.0 56.0 11.4071 0.0 0.0 -1.626 0.3 999.0 2.2879 17.0 
0.14128 79.14903 70.0 858.0 1.0 48.0 0.0 -0.8929 2.574 0.0 0.44721 1000.0 1.8102 17.0 48.0 0.6071 0.0 0.374 0.0 0.5 999.0 1.6809 16.0 48.0 2.1071 0.0 0.0 -1.326 0.36056 998.0 1.5688 14.0 49.0 3.5071 0.0 0.0 -2.426 0.28284 996.0 1.4425 12.0 54.0 4.7071 0.0 0.0 -3.426 0.22361 993.0 1.4892 12.0 
0.32563 43.18263 64.0 863.0 1.0 66.0 0.0 -1.8929 1.874 0.0 0.44721 991.0 2.0223 10.0 76.0 0.1071 0.0 0.374 0.0 0.44721 987.0 2.269 11.0 83.0 2.0071 0.0 0.0 -0.826 0.36056 979.0 2.0695 9.0 106.0 3.6071 0.0 0.0 -1.626 0.3 960.0 2.1653 8.0 130.0 4.9071 0.0 0.0 -1.826 0.2 931.0 2.105 6.0 
0.07849 111.65554 39.0 864.0 1.0 51.0 0.0 -2.9929 0.174 0.0 0.44721 1001.0 2.2138 17.0 54.0 0.0 -0.3929 0.0 -0.926 0.44721 1000.0 2.291 15.0 65.0 2.5071 0.0 0.0 -1.926 0.63246 998.0 2.5 17.0 75.0 6.1071 0.0 0.0 -3.226 0.67082 997.0 2.5 15.0 77.0 9.6071 0.0 0.0 -4.626 0.5831 995.0 2.5 13.0 
0.20286 134.51288 38.0 865.0 1.0 64.0 0.0 -1.7929 4.574 0.0 0.86023 1000.0 2.5 17.0 65.0 1.0071 0.0 0.674 0.0 0.72111 999.0 2.5 16.0 66.0 3.4071 0.0 0.0 -2.826 0.72111 998.0 2.5 18.0 68.0 5.6071 0.0 0.0 -6.126 0.67082 996.0 2.5 16.0 70.0 7.5071 0.0 0.0 -9.026 0.53852 994.0 2.5 17.0 
0.42985 30.02471 82.0 871.0 1.0 55.0 0.0 -0.9929 1.074 0.0 0.28284 993.0 1.5448 13.0 63.0 0.2071 0.0 0.174 0.0 0.22361 990.0 1.7625 15.0 64.0 1.2071 0.0 0.0 -0.726 0.22361 988.0 1.6734 12.0 68.0 2.2071 0.0 0.0 -1.426 0.22361 984.0 1.6286 10.0 85.0 3.2071 0.0 0.0 -1.926 0.14142 974.0 1.8922 10.0 
0.11863 98.73925 133.0 872.0 1.0 69.0 0.5071 0.0 1.574 0.0 0.3 987.0 1.8703 10.0 65.0 0.8071 0.0 0.374 0.0 0.14142 987.0 1.6597 10.0 64.0 1.2071 0.0 0.0 -0.226 0.14142 987.0 1.6091 10.0 66.0 1.7071 0.0 0.0 -0.626 0.1 986.0 1.6478 10.0 68.0 2.4071 0.0 0.0 -0.826 0.22361 985.0 1.6867 9.0 
0.2228 72.7102 62.0 881.0 1.0 50.0 0.0 -1.5929 0.074 0.0 0.22361 997.0 1.5959 16.0 55.0 0.0 -0.1929 0.0 -0.626 0.22361 994.0 1.6261 14.0 65.0 1.2071 0.0 0.0 -0.926 0.3 990.0 1.8762 14.0 76.0 2.7071 0.0 0.0 -0.926 0.2 984.0 2.0343 12.0 90.0 4.2071 0.0 0.0 -1.126 0.22361 974.0 2.1213 10.0 
0.35397 49.1426 41.0 882.0 1.0 55.0 0.0 -1.8929 2.974 0.0 0.56569 998.0 2.0598 11.0 61.0 0.4071 0.0 0.174 0.0 0.64031 998.0 2.5 14.0 66.0 2.7071 0.0 0.0 -2.626 0.5 996.0 2.5 12.0 72.0 4.9071 0.0 0.0 -5.426 0.5 992.0 2.5 10.0 81.0 6.9071 0.0 0.0 -8.026 0.42426 987.0 2.5 11.0 
0.51087 38.12432 216.0 885.0 1.0 59.0 0.0 -0.8929 0.774 0.0 0.22361 991.0 1.6161 12.0 69.0 0.2071 0.0 0.274 0.0 0.1 985.0 1.7367 13.0 73.0 1.0071 0.0 0.374 0.0 0.22361 982.0 1.7558 11.0 73.0 1.7071 0.0 0.774 0.0 0.1 980.0 1.6494 11.0 72.0 2.2071 0.0 1.174 0.0 0.14142 980.0 1.6045 11.0 
0.17234 108.91054 83.0 88.0 1.0 67.0 0.4071 0.0 1.474 0.0 0.22361 987.0 1.7634 13.0 69.0 0.9071 0.0 0.374 0.0 0.14142 985.0 1.7367 12.0 70.0 1.4071 0.0 0.0 -0.426 0.1 984.0 1.7258 12.0 71.0 1.8071 0.0 0.0 -1.026 0.14142 982.0 1.6609 11.0 73.0 2.2071 0.0 0.0 -1.426 0.1 980.0 1.6494 11.0 
0.11242 78.1117 52.0 893.0 1.0 49.0 0.0 -1.4929 2.774 0.0 0.5 1000.0 1.8864 13.0 49.0 0.4071 0.0 0.574 0.0 0.5 999.0 1.7517 12.0 52.0 2.4071 0.0 0.0 -1.426 0.5 999.0 1.9727 15.0 54.0 4.2071 0.0 0.0 -3.426 0.36056 997.0 1.8615 13.0 57.0 5.6071 0.0 0.0 -5.326 0.36056 994.0 1.7465 11.0 
0.3755 45.92858 69.0 895.0 1.0 62.0 0.0 -1.2929 2.074 0.0 0.42426 996.0 2.3095 13.0 65.0 0.4071 0.0 0.074 0.0 0.42426 994.0 2.2712 13.0 64.0 2.1071 0.0 0.0 -1.326 0.28284 993.0 2.0918 12.0 66.0 3.6071 0.0 0.0 -2.326 0.22361 989.0 1.8538 10.0 81.0 4.9071 0.0 0.0 -3.026 0.22361 979.0 1.9709 8.0 
0.27096 180.26231 61.0 897.0 1.0 86.0 0.0 -0.8929 2.074 0.0 0.36056 981.0 2.3606 9.0 84.0 1.0071 0.0 1.274 0.0 0.41231 983.0 2.4023 9.0 78.0 2.9071 0.0 0.674 0.0 0.31623 986.0 2.3015 9.0 71.0 4.5071 0.0 0.274 0.0 0.3 988.0 2.0595 10.0 65.0 5.9071 0.0 0.0 -0.026 0.1 990.0 1.8762 11.0 
0.09221 56.47123 61.0 898.0 1.0 53.0 0.0 -2.3929 2.174 0.0 0.5831 1001.0 2.3909 17.0 51.0 0.0 -0.4929 0.0 -0.126 0.5 1000.0 2.0435 15.0 50.0 1.1071 0.0 0.0 -1.626 0.31623 998.0 1.7023 13.0 54.0 2.6071 0.0 0.0 -2.226 0.2 996.0 1.752 14.0 54.0 4.0071 0.0 0.0 -2.126 0.22361 996.0 1.752 14.0 
0.3367 88.79073 34.0 89.0 1.0 62.0 0.0 -1.7929 4.674 0.0 0.80623 1000.0 2.5 12.0 66.0 0.7071 0.0 0.374 0.0 0.80623 999.0 2.5 11.0 66.0 2.9071 0.0 0.0 -3.726 0.76158 998.0 2.5 10.0 66.0 4.5071 0.0 0.0 -7.626 0.67082 996.0 2.5 9.0 65.0 6.0071 0.0 0.0 -10.826 0.44721 994.0 2.2712 11.0 
0.14818 48.39733 66.0 8.0 1.0 50.0 0.0 -1.4929 0.174 0.0 0.22361 997.0 1.5959 12.0 56.0 0.0 -0.0929 0.0 -0.426 0.22361 995.0 1.7795 13.0 64.0 1.3071 0.0 0.0 -0.826 0.2 991.0 1.9016 11.0 68.0 2.6071 0.0 0.0 -0.926 0.31623 989.0 1.9678 10.0 72.0 4.0071 0.0 0.0 -1.026 0.2 986.0 1.961 10.0 
0.425 30.02471 106.0 904.0 1.0 77.0 0.0 -0.5929 1.474 0.0 0.22361 983.0 2.0186 9.0 75.0 0.2071 0.0 0.174 0.0 0.14142 983.0 1.9151 9.0 75.0 1.0071 0.0 0.0 -0.726 0.22361 982.0 1.8533 9.0 72.0 1.9071 0.0 0.0 -1.326 0.22361 984.0 1.8258 9.0 69.0 2.9071 0.0 0.0 -1.626 0.2 985.0 1.7367 9.0 
0.17893 30.02471 79.0 906.0 1.0 46.0 0.0 -1.2929 1.674 0.0 0.36056 998.0 1.4408 11.0 47.0 0.2071 0.0 0.174 0.0 0.36056 997.0 1.4101 10.0 47.0 1.5071 0.0 0.0 -1.226 0.28284 997.0 1.4101 13.0 47.0 2.7071 0.0 0.0 -2.226 0.22361 996.0 1.3272 12.0 47.0 3.7071 0.0 0.0 -2.826 0.14142 994.0 1.1875 11.0 
0.08039 144.90013 82.0 909.0 1.0 53.0 0.1071 0.0 0.0 -1.526 0.1 992.0 1.3662 10.0 64.0 0.8071 0.0 0.0 -1.026 0.22361 987.0 1.6091 10.0 73.0 1.6071 0.0 0.0 -0.426 0.14142 981.0 1.7009 9.0 82.0 2.3071 0.0 0.074 0.0 0.14142 974.0 1.761 8.0 93.0 3.0071 0.0 0.474 0.0 0.14142 965.0 1.8404 7.0 
0.07489 65.59587 65.0 910.0 1.0 39.0 0.0 -1.8929 1.374 0.0 0.42426 1001.0 1.2946 13.0 40.0 0.0 -0.4929 0.0 -0.326 0.36056 1000.0 1.2571 13.0 43.0 0.9071 0.0 0.0 -1.826 0.36056 1000.0 1.4527 16.0 45.0 2.3071 0.0 0.0 -3.026 0.36056 999.0 1.4773 14.0 48.0 3.8071 0.0 0.0 -3.926 0.22361 997.0 1.4708 13.0 
0.48402 27.12273 73.0 914.0 1.0 54.0 0.0 -1.8929 0.174 0.0 0.31623 996.0 1.752 12.0 61.0 0.0 -0.0929 0.0 -0.226 0.3 994.0 2.0003 13.0 65.0 1.6071 0.0 0.074 0.0 0.2 991.0 1.9615 11.0 68.0 2.9071 0.0 0.474 0.0 0.2 987.0 1.8165 10.0 73.0 3.9071 0.0 0.674 0.0 0.22361 982.0 1.7558 9.0 
0.30103 30.42421 55.0 916.0 1.0 50.0 0.0 -1.7929 0.0 -0.426 0.31623 997.0 1.5959 9.0 59.0 0.0071 0.0 0.274 0.0 0.22361 995.0 1.9752 10.0 68.0 1.6071 0.0 0.774 0.0 0.31623 989.0 1.9678 8.0 75.0 3.3071 0.0 1.174 0.0 0.2 985.0 2.0519 7.0 77.0 4.8071 0.0 1.074 0.0 0.31623 984.0 2.0882 7.0 
0.78813 13.18352 60.0 924.0 1.0 58.0 0.0 -1.7929 0.0 -0.226 0.3 993.0 1.7179 14.0 68.0 0.0 -0.0929 0.074 0.0 0.31623 989.0 1.9678 14.0 79.0 1.5071 0.0 0.774 0.0 0.31623 983.0 2.1248 12.0 88.0 3.0071 0.0 1.374 0.0 0.22361 975.0 2.0815 10.0 97.0 4.4071 0.0 1.674 0.0 0.2 966.0 2.0447 9.0 
0.3536 35.39254 57.0 926.0 1.0 47.0 0.0 -1.7929 1.074 0.0 0.28284 999.0 1.6116 19.0 52.0 0.0 -0.2929 0.0 -0.126 0.36056 997.0 1.7261 16.0 59.0 1.5071 0.0 0.0 -0.526 0.31623 995.0 1.9752 18.0 65.0 3.2071 0.0 0.0 -0.026 0.22361 991.0 1.9615 15.0 70.0 4.6071 0.0 0.674 0.0 0.22361 987.0 1.9249 13.0 
0.14149 125.41067 81.0 927.0 1.0 61.0 0.0 -1.7929 0.0 -0.826 0.31623 990.0 1.6524 13.0 72.0 0.0 -0.0929 0.0 -1.126 0.3 985.0 1.891 13.0 89.0 1.6071 0.0 0.0 -1.126 0.2 971.0 1.9263 10.0 115.0 2.9071 0.0 0.0 -1.226 0.2 950.0 2.1441 9.0 117.0 4.0071 0.0 0.0 -1.326 0.2 946.0 2.0868 9.0 
0.34684 12.23339 63.0 931.0 1.0 35.0 0.0 -0.6929 0.0 -1.026 0.22361 1001.0 1.0427 17.0 39.0 0.1071 0.0 0.0 -0.026 0.22361 1000.0 1.195 19.0 43.0 1.0071 0.0 0.774 0.0 0.22361 999.0 1.3489 17.0 46.0 1.7071 0.0 1.674 0.0 0.22361 998.0 1.4408 15.0 48.0 2.6071 0.0 2.474 0.0 0.14142 997.0 1.4708 15.0 
0.44465 10.70814 62.0 932.0 1.0 54.0 0.0 -1.9929 1.374 0.0 0.42426 997.0 1.8615 13.0 58.0 0.0 -0.0929 0.0 -0.026 0.36056 995.0 1.9088 11.0 64.0 1.8071 0.0 0.0 -0.626 0.3 992.0 1.9922 12.0 70.0 3.5071 0.0 0.0 -0.726 0.31623 988.0 2.0019 10.0 79.0 4.9071 0.0 0.0 -1.026 0.2 980.0 1.9316 9.0 
0.1167 91.68939 62.0 937.0 1.0 32.0 0.0 -0.9929 0.0 -0.526 0.14142 1001.0 1.0 17.0 36.0 0.0071 0.0 0.0 -0.826 0.2 1000.0 1.0182 16.0 41.0 1.1071 0.0 0.0 -0.626 0.3 999.0 1.2264 14.0 49.0 2.4071 0.0 0.0 -0.026 0.22361 997.0 1.5327 16.0 56.0 3.8071 0.0 0.474 0.0 0.22361 995.0 1.7795 14.0 
0.13298 136.08828 57.0 938.0 1.0 55.0 0.0 -1.9929 0.0 -1.026 0.41231 996.0 1.8174 12.0 62.0 0.0071 0.0 0.0 -1.226 0.3 994.0 2.0664 13.0 73.0 1.9071 0.0 0.0 -0.626 0.36056 988.0 2.1772 10.0 82.0 3.5071 0.0 0.074 0.0 0.31623 980.0 2.0811 9.0 96.0 5.0071 0.0 0.374 0.0 0.3 969.0 2.1393 7.0 
0.37908 14.00819 70.0 940.0 1.0 55.0 0.0 -1.5929 1.374 0.0 0.42426 997.0 1.931 16.0 62.0 0.0071 0.0 0.0 -0.126 0.22361 994.0 2.0664 13.0 69.0 1.6071 0.0 0.0 -0.926 0.31623 990.0 2.1142 11.0 73.0 3.2071 0.0 0.0 -1.426 0.31623 987.0 2.0934 10.0 74.0 4.6071 0.0 0.0 -1.926 0.22361 985.0 1.9975 9.0 
0.22072 47.45382 60.0 941.0 1.0 52.0 0.0 -1.8929 2.774 0.0 0.64031 1000.0 2.1245 13.0 50.0 0.2071 0.0 0.374 0.0 0.42426 999.0 1.8239 11.0 48.0 1.9071 0.0 0.0 -1.526 0.36056 998.0 1.5688 11.0 47.0 3.3071 0.0 0.0 -3.126 0.42426 998.0 1.5041 12.0 51.0 4.6071 0.0 0.0 -4.626 0.36056 996.0 1.5627 12.0 
0.76637 19.33007 66.0 942.0 1.0 82.0 0.0 -0.9929 0.574 0.0 0.14142 975.0 1.8073 10.0 103.0 0.0071 0.0 0.174 0.0 0.1 960.0 2.0445 8.0 102.0 1.1071 0.0 0.0 -0.026 0.3 963.0 2.1253 8.0 97.0 2.5071 0.0 0.0 -0.226 0.2 968.0 2.1356 9.0 93.0 3.8071 0.0 0.0 -0.326 0.2 970.0 2.0544 9.0 
0.3061 2.99167 65.0 943.0 1.0 44.0 0.0 -1.4929 0.374 0.0 0.22361 1000.0 1.5211 19.0 44.0 0.0071 0.0 0.0 -0.026 0.22361 1000.0 1.5211 19.0 44.0 1.5071 0.0 0.0 -0.426 0.31623 1000.0 1.5211 19.0 40.0 2.9071 0.0 0.0 -0.726 0.2 1001.0 1.3618 20.0 36.0 4.0071 0.0 0.0 -0.826 0.1 1001.0 1.1031 21.0 
0.32433 61.62514 104.0 955.0 1.0 58.0 0.0 -0.2929 0.0 -1.026 0.22361 991.0 1.5618 12.0 70.0 0.5071 0.0 0.0 -0.226 0.14142 985.0 1.7874 9.0 71.0 1.2071 0.0 0.574 0.0 0.22361 984.0 1.7754 9.0 70.0 1.9071 0.0 1.374 0.0 0.14142 985.0 1.7874 9.0 63.0 2.5071 0.0 2.274 0.0 0.14142 989.0 1.6891 10.0 
0.42259 10.70814 66.0 959.0 1.0 45.0 0.0 -1.5929 0.474 0.0 0.22361 998.0 1.3789 13.0 52.0 0.0 -0.0929 0.0 -0.026 0.2 997.0 1.7261 15.0 61.0 1.4071 0.0 0.074 0.0 0.31623 993.0 1.9003 12.0 66.0 2.8071 0.0 0.674 0.0 0.31623 990.0 1.9344 11.0 70.0 4.1071 0.0 1.374 0.0 0.2 987.0 1.9249 10.0 
0.51371 67.60861 44.0 962.0 1.0 42.0 0.0 -1.2929 0.0 -0.526 0.2 999.0 1.2869 20.0 48.0 0.3071 0.0 0.0 -0.526 0.31623 998.0 1.5688 18.0 61.0 2.3071 0.0 0.474 0.0 0.36056 996.0 2.2356 19.0 69.0 4.7071 0.0 1.074 0.0 0.41231 994.0 2.5 17.0 75.0 7.4071 0.0 0.374 0.0 0.5099 992.0 2.5 16.0 
0.30264 37.62661 44.0 968.0 1.0 55.0 0.0 -2.0929 1.074 0.0 0.42426 997.0 1.931 9.0 59.0 0.0 -0.0929 0.0 -0.326 0.31623 995.0 1.9752 11.0 67.0 2.0071 0.0 0.0 -0.726 0.41231 991.0 2.0841 9.0 85.0 4.4071 0.0 0.0 -0.926 0.5099 985.0 2.5 10.0 103.0 7.1071 0.0 0.0 -1.526 0.5 974.0 2.5 8.0 
0.2764 112.08947 94.0 975.0 1.0 49.0 0.7071 0.0 0.0 -1.226 0.22361 995.0 1.3624 14.0 61.0 1.0071 0.0 0.074 0.0 0.3 991.0 1.7275 11.0 73.0 1.1071 0.0 1.774 0.0 0.31623 986.0 2.0159 10.0 80.0 1.3071 0.0 3.574 0.0 0.3 981.0 2.0427 9.0 81.0 1.5071 0.0 5.274 0.0 0.22361 980.0 2.0307 8.0 
0.14094 64.32701 308.0 981.0 1.0 55.0 0.0 -2.2929 1.174 0.0 0.42426 997.0 1.931 13.0 57.0 0.0 -0.3929 0.0 -0.426 0.36056 995.0 1.8436 11.0 63.0 1.4071 0.0 0.0 -1.426 0.31623 992.0 1.9304 13.0 70.0 3.2071 0.0 0.0 -1.726 0.3 987.0 1.9249 11.0 85.0 4.8071 0.0 0.0 -1.326 0.22361 978.0 2.1084 11.0 
0.11335 114.3519 52.0 983.0 1.0 61.0 0.0 -1.9929 0.0 -0.626 0.31623 994.0 2.0003 10.0 70.0 0.0 -0.0929 0.0 -1.026 0.31623 989.0 2.0853 11.0 83.0 1.7071 0.0 0.0 -1.326 0.3 983.0 2.3454 9.0 86.0 3.6071 0.0 0.0 -1.626 0.31623 981.0 2.3606 9.0 87.0 5.4071 0.0 0.0 -1.826 0.3 979.0 2.2738 8.0 
0.49872 32.11459 243.0 986.0 1.0 51.0 0.0 -1.4929 0.0 -0.126 0.3 996.0 1.5627 15.0 58.0 0.0 -0.0929 0.274 0.0 0.14142 993.0 1.7179 16.0 64.0 0.8071 0.0 1.174 0.0 0.31623 990.0 1.8189 14.0 70.0 1.5071 0.0 2.674 0.0 0.22361 987.0 1.9249 13.0 73.0 2.2071 0.0 4.274 0.0 0.28284 986.0 2.0159 13.0 
0.48698 32.11459 78.0 988.0 1.0 52.0 0.0 -0.9929 0.374 0.0 0.2 993.0 1.3809 13.0 62.0 0.0 -0.0929 0.274 0.0 0.2 988.0 1.5705 14.0 76.0 0.9071 0.0 0.274 0.0 0.2 980.0 1.7877 11.0 86.0 1.9071 0.0 0.274 0.0 0.2 973.0 1.8885 10.0 96.0 2.9071 0.0 0.274 0.0 0.1 964.0 1.921 9.0 
0.16609 85.49496 58.0 989.0 1.0 70.0 0.0 -0.8929 2.474 0.0 0.44721 994.0 2.5 12.0 66.0 0.6071 0.0 0.474 0.0 0.36056 993.0 2.2245 12.0 63.0 2.0071 0.0 0.0 -0.926 0.36056 994.0 2.1336 12.0 61.0 3.5071 0.0 0.0 -1.926 0.36056 994.0 2.0003 13.0 58.0 5.0071 0.0 0.0 -2.726 0.22361 995.0 1.9088 13.0 
0.11228 124.12592 71.0 98.0 1.0 84.0 0.0 -1.1929 2.874 0.0 0.56569 986.0 2.5 10.0 81.0 0.8071 0.0 0.774 0.0 0.42426 987.0 2.5 10.0 74.0 2.4071 0.0 0.0 -0.826 0.36056 988.0 2.2372 10.0 70.0 3.7071 0.0 0.0 -2.026 0.28284 987.0 1.9249 10.0 85.0 4.7071 0.0 0.0 -2.926 0.22361 974.0 1.8922 8.0 
0.05916 210.50431 52.0 992.0 1.0 45.0 0.8071 0.0 0.0 -2.326 0.28284 999.0 1.4773 13.0 54.0 1.7071 0.0 0.0 -0.826 0.44721 997.0 1.8615 11.0 59.0 2.5071 0.0 1.574 0.0 0.44721 997.0 2.2221 11.0 58.0 3.7071 0.0 4.074 0.0 0.44721 998.0 2.2906 12.0 57.0 5.2071 0.0 6.274 0.0 0.42426 998.0 2.2123 12.0 
0.22601 70.24699 54.0 993.0 1.0 66.0 0.0 -2.8929 0.074 0.0 0.5099 999.0 2.5 17.0 65.0 0.0 -0.0929 0.0 -0.626 0.41231 997.0 2.5 14.0 61.0 2.3071 0.0 0.0 -1.026 0.3 997.0 2.3753 14.0 54.0 4.2071 0.0 0.0 -1.226 0.2 998.0 1.9855 15.0 48.0 5.7071 0.0 0.0 -1.026 0.2 999.0 1.6809 17.0 
0.12375 152.59922 49.0 995.0 1.0 58.0 0.4071 0.0 0.0 -2.726 0.31623 994.0 1.8084 10.0 75.0 1.3071 0.0 0.0 -0.426 0.5099 989.0 2.3938 11.0 93.0 2.0071 0.0 2.974 0.0 0.53852 981.0 2.5 9.0 98.0 3.5071 0.0 5.574 0.0 0.42426 976.0 2.5 8.0 104.0 5.7071 0.0 6.974 0.0 0.44721 972.0 2.5 7.0 
0.30799 124.78821 60.0 996.0 1.0 86.0 0.0 -0.9929 1.974 0.0 0.31623 980.0 2.2891 14.0 97.0 0.7071 0.0 0.874 0.0 0.36056 973.0 2.4025 12.0 96.0 2.4071 0.0 0.074 0.0 0.3 972.0 2.2958 12.0 96.0 3.9071 0.0 0.0 -0.026 0.2 969.0 2.1393 11.0 101.0 5.2071 0.0 0.0 -0.026 0.2 963.0 2.0838 11.0 
0.29892 38.12432 63.0 997.0 1.0 48.0 0.0 -1.2929 0.874 0.0 0.31623 998.0 1.5688 16.0 55.0 0.2071 0.0 0.274 0.0 0.22361 995.0 1.7165 14.0 59.0 1.6071 0.0 0.0 -0.226 0.22361 994.0 1.8713 13.0 59.0 2.9071 0.0 0.0 -0.426 0.2 993.0 1.7777 12.0 59.0 4.1071 0.0 0.0 -0.226 0.22361 993.0 1.7777 12.0 
1.53985 14.4498 47.0 998.0 1.0 79.0 0.0 -2.5929 0.574 0.0 0.5099 988.0 2.5 8.0 92.0 0.1071 0.0 0.074 0.0 0.41231 980.0 2.5 9.0 106.0 2.5071 0.0 0.0 -0.426 0.41231 968.0 2.5 7.0 112.0 4.6071 0.0 0.0 -0.826 0.31623 959.0 2.3726 6.0 106.0 6.4071 0.0 0.0 -0.826 0.31623 965.0 2.3909 7.0 
0.45295 21.60552 51.0 999.0 1.0 44.0 0.0 -2.0929 0.874 0.0 0.31623 1000.0 1.5211 16.0 50.0 0.0 -0.1929 0.0 -0.026 0.44721 1000.0 1.9642 19.0 58.0 2.0071 0.0 0.0 -1.026 0.36056 998.0 2.2906 16.0 59.0 4.1071 0.0 0.0 -2.026 0.36056 997.0 2.2221 15.0 59.0 5.9071 0.0 0.0 -3.426 0.42426 997.0 2.2221 15.0 
0.14929 123.16231 106.0 5471.0 1.0 62.0 1.1071 0.0 0.274 0.0 0.0 984.0 1.3538 9.0 68.0 1.1071 0.0 0.074 0.0 0.1 981.0 1.4759 9.0 78.0 1.4071 0.0 0.0 -0.226 0.0 974.0 1.5933 8.0 85.0 1.7071 0.0 0.0 -0.526 0.14142 970.0 1.7161 7.0 89.0 2.2071 0.0 0.0 -0.826 0.1 967.0 1.7588 7.0 
0.16949 108.91054 131.0 5529.0 1.0 53.0 0.8071 0.0 0.574 0.0 0.0 990.0 1.2474 11.0 54.0 0.9071 0.0 0.374 0.0 0.1 990.0 1.2949 11.0 55.0 1.1071 0.0 0.174 0.0 0.0 989.0 1.2874 11.0 56.0 1.2071 0.0 0.074 0.0 0.14142 989.0 1.3346 10.0 56.0 1.4071 0.0 0.0 -0.126 0.0 988.0 1.2812 10.0 
0.29187 53.71602 298.0 5767.0 1.0 59.0 0.0 -1.3929 2.574 0.0 0.44721 996.0 2.0914 12.0 58.0 0.3071 0.0 0.374 0.0 0.44721 995.0 1.9088 12.0 60.0 1.9071 0.0 0.0 -1.526 0.36056 993.0 1.8385 11.0 68.0 3.4071 0.0 0.0 -3.126 0.36056 989.0 1.9678 12.0 80.0 4.8071 0.0 0.0 -4.326 0.22361 978.0 1.8677 9.0 
0.51264 27.7603 261.0 5812.0 1.0 69.0 0.0 -0.9929 0.0 -0.626 0.31623 987.0 1.8703 10.0 75.0 0.1071 0.0 0.0 -0.226 0.22361 982.0 1.8533 9.0 67.0 0.8071 0.0 0.374 0.0 0.14142 985.0 1.6375 9.0 67.0 1.3071 0.0 0.974 0.0 0.14142 985.0 1.6375 9.0 71.0 2.1071 0.0 1.474 0.0 0.2 984.0 1.7754 9.0 
0.43975 10.70814 217.0 5931.0 1.0 52.0 0.0 -1.0929 0.374 0.0 0.22361 994.0 1.4536 13.0 60.0 0.0 -0.0929 0.0 -0.026 0.14142 990.0 1.5987 11.0 64.0 0.8071 0.0 0.0 -0.226 0.1 987.0 1.6091 10.0 67.0 1.6071 0.0 0.0 -0.326 0.1 986.0 1.6981 10.0 70.0 2.4071 0.0 0.0 -0.226 0.1 983.0 1.6682 9.0 
0.14985 32.98146 291.0 6001.0 1.0 40.0 0.0 -1.1929 0.674 0.0 0.28284 999.0 1.1673 15.0 40.0 0.0 -0.1929 0.0 -0.226 0.14142 998.0 1.0895 14.0 43.0 0.6071 0.0 0.0 -0.826 0.14142 996.0 1.1109 16.0 48.0 1.2071 0.0 0.0 -1.226 0.14142 993.0 1.1766 13.0 58.0 1.8071 0.0 0.0 -1.526 0.1 989.0 1.4316 14.0 
0.17928 92.73958 284.0 6009.0 1.0 78.0 0.0 -0.1929 1.574 0.0 0.22361 981.0 1.9419 11.0 77.0 0.6071 0.0 0.574 0.0 0.14142 981.0 1.8924 11.0 77.0 1.3071 0.0 0.0 -0.026 0.1 979.0 1.7811 11.0 80.0 2.1071 0.0 0.0 -0.226 0.1 976.0 1.7667 10.0 88.0 3.0071 0.0 0.0 -0.126 0.2 971.0 1.8832 9.0 
0.43791 39.17945 121.0 6029.0 1.0 104.0 0.0071 0.0 0.574 0.0 0.14142 951.0 1.7818 6.0 99.0 0.3071 0.0 0.174 0.0 0.1 956.0 1.7562 6.0 91.0 0.7071 0.0 0.0 -0.026 0.1 965.0 1.7621 7.0 81.0 1.1071 0.0 0.0 -0.226 0.1 973.0 1.6753 7.0 75.0 1.6071 0.0 0.0 -0.226 0.1 978.0 1.6415 8.0 
0.20552 2.99167 218.0 6033.0 1.0 43.0 0.0 -0.6929 1.274 0.0 0.31623 997.0 1.1803 9.0 45.0 0.0071 0.0 0.0 -0.026 0.14142 997.0 1.2927 12.0 51.0 0.7071 0.0 0.0 -0.926 0.22361 993.0 1.3283 10.0 61.0 1.5071 0.0 0.0 -1.426 0.1 986.0 1.4076 8.0 77.0 2.1071 0.0 0.0 -1.626 0.1 977.0 1.6821 8.0 
0.26821 25.09838 223.0 6067.0 1.0 57.0 0.0 -1.3929 0.974 0.0 0.28284 996.0 1.952 14.0 64.0 0.0071 0.0 0.0 -0.226 0.22361 992.0 1.9922 12.0 68.0 1.4071 0.0 0.0 -0.626 0.22361 989.0 1.9678 11.0 66.0 2.8071 0.0 0.0 -0.526 0.2 989.0 1.8538 11.0 66.0 3.9071 0.0 0.0 -0.126 0.2 988.0 1.7796 10.0 
0.55957 14.4498 243.0 6128.0 1.0 71.0 0.0 -1.1929 1.174 0.0 0.28284 989.0 2.1453 11.0 76.0 0.1071 0.0 0.074 0.0 0.28284 984.0 2.0343 9.0 79.0 1.2071 0.0 0.0 -0.626 0.22361 980.0 1.9316 8.0 85.0 2.2071 0.0 0.0 -1.026 0.22361 974.0 1.8922 8.0 89.0 3.1071 0.0 0.0 -1.426 0.1 969.0 1.8387 7.0 
0.40628 10.70814 258.0 6158.0 1.0 32.0 0.0 -0.6929 0.0 -0.326 0.1 1000.0 1.0 26.0 36.0 0.0 -0.0929 0.0 -0.026 0.1 999.0 1.0 23.0 41.0 0.2071 0.0 0.674 0.0 0.1 998.0 1.1446 20.0 44.0 0.4071 0.0 1.574 0.0 0.1 997.0 1.2359 19.0 47.0 0.5071 0.0 2.674 0.0 0.2 996.0 1.3272 19.0 
0.74018 8.25172 171.0 6215.0 1.0 82.0 0.0 -0.4929 0.674 0.0 0.14142 974.0 1.761 8.0 80.0 0.0071 0.0 0.074 0.0 0.14142 975.0 1.7202 8.0 99.0 0.5071 0.0 0.0 -0.426 0.1 959.0 1.8538 6.0 92.0 1.0071 0.0 0.0 -0.626 0.1 965.0 1.801 7.0 79.0 1.5071 0.0 0.0 -0.826 0.1 975.0 1.6775 8.0 
0.42409 10.70814 246.0 6237.0 1.0 61.0 0.0 -0.9929 1.074 0.0 0.28284 990.0 1.6524 9.0 71.0 0.0 -0.0929 0.0 -0.026 0.14142 983.0 1.7162 9.0 89.0 0.5071 0.0 0.0 -0.426 0.14142 967.0 1.7588 7.0 90.0 1.0071 0.0 0.0 -0.526 0.1 965.0 1.7236 7.0 87.0 1.4071 0.0 0.0 -0.326 0.1 968.0 1.7179 7.0 
0.29127 53.71602 160.0 6293.0 1.0 83.0 0.0 -0.7929 1.474 0.0 0.28284 978.0 2.0104 8.0 94.0 0.3071 0.0 0.374 0.0 0.22361 969.0 2.0511 7.0 102.0 1.3071 0.0 0.0 -0.426 0.28284 961.0 2.0435 6.0 108.0 2.4071 0.0 0.0 -1.226 0.22361 955.0 2.054 6.0 105.0 3.3071 0.0 0.0 -1.926 0.22361 957.0 2.0108 6.0 
0.17696 97.27973 317.0 6469.0 1.0 64.0 0.0 -1.7929 0.074 0.0 0.36056 990.0 1.8189 16.0 71.0 0.0 -0.2929 0.0 -0.826 0.22361 985.0 1.8388 16.0 81.0 0.8071 0.0 0.0 -1.326 0.1 974.0 1.7183 13.0 83.0 1.6071 0.0 0.0 -1.326 0.1 971.0 1.6753 12.0 75.0 2.2071 0.0 0.0 -1.026 0.14142 976.0 1.5528 14.0 
0.15252 45.79963 215.0 6480.0 1.0 55.0 0.0 -1.3929 1.374 0.0 0.36056 993.0 1.5448 11.0 61.0 0.0 -0.3929 0.0 -0.126 0.22361 990.0 1.6524 12.0 73.0 0.5071 0.0 0.0 -1.026 0.14142 979.0 1.6009 9.0 99.0 1.2071 0.0 0.0 -1.626 0.1 957.0 1.7876 7.0 130.0 2.0071 0.0 0.0 -1.926 0.14142 929.0 2.0549 6.0 
0.08167 65.59587 255.0 6526.0 1.0 69.0 0.0 -1.7929 1.474 0.0 0.36056 988.0 1.9451 10.0 83.0 0.0 -0.4929 0.0 -0.326 0.36056 977.0 1.9545 9.0 111.0 0.6071 0.0 0.0 -1.526 0.22361 952.0 2.063 8.0 141.0 1.6071 0.0 0.0 -2.126 0.2 917.0 2.1152 6.0 134.0 2.6071 0.0 0.0 -2.126 0.2 925.0 2.0841 6.0 
0.3265 67.88686 129.0 6543.0 1.0 47.0 0.7071 0.0 0.0 -0.126 0.0 993.0 1.1281 12.0 47.0 0.6071 0.0 0.074 0.0 0.1 994.0 1.1875 13.0 47.0 0.6071 0.0 0.374 0.0 0.14142 994.0 1.1875 13.0 47.0 0.7071 0.0 0.774 0.0 0.0 994.0 1.1875 13.0 47.0 0.7071 0.0 1.074 0.0 0.1 994.0 1.1875 13.0 
0.12852 80.82953 215.0 6643.0 1.0 58.0 0.0 -0.3929 2.874 0.0 0.53852 998.0 2.2906 17.0 53.0 0.7071 0.0 0.174 0.0 0.44721 997.0 1.7931 13.0 51.0 1.8071 0.0 0.0 -1.826 0.22361 996.0 1.5627 12.0 52.0 2.9071 0.0 0.0 -2.726 0.22361 995.0 1.5343 14.0 62.0 4.1071 0.0 0.0 -2.926 0.1 990.0 1.707 11.0 
0.51394 21.89443 195.0 6709.0 1.0 65.0 0.0 -1.0929 0.974 0.0 0.28284 990.0 1.8762 11.0 69.0 0.0 -0.0929 0.174 0.0 0.2 986.0 1.801 10.0 69.0 0.8071 0.0 0.074 0.0 0.2 985.0 1.7367 9.0 70.0 1.7071 0.0 0.174 0.0 0.1 984.0 1.7258 9.0 72.0 2.5071 0.0 0.274 0.0 0.14142 983.0 1.7649 9.0 
0.2221 47.29257 232.0 6719.0 1.0 54.0 0.0 -0.8929 0.0 -0.126 0.14142 991.0 1.3538 9.0 67.0 0.0071 0.0 0.0 -0.426 0.14142 986.0 1.6981 10.0 80.0 0.9071 0.0 0.0 -0.526 0.1 977.0 1.8158 8.0 81.0 1.7071 0.0 0.0 -0.426 0.2 977.0 1.8615 8.0 81.0 2.7071 0.0 0.0 -0.426 0.2 977.0 1.8615 8.0 
0.20165 22.67945 203.0 6725.0 1.0 47.0 0.0 -1.3929 1.874 0.0 0.42426 1000.0 1.7355 21.0 45.0 0.1071 0.0 0.174 0.0 0.36056 1000.0 1.591 20.0 42.0 1.4071 0.0 0.0 -0.826 0.28284 999.0 1.2869 15.0 39.0 2.5071 0.0 0.0 -1.426 0.22361 999.0 1.1096 14.0 38.0 3.4071 0.0 0.0 -1.826 0.14142 998.0 1.0 14.0 
0.23587 121.88924 151.0 6850.0 1.0 63.0 0.7071 0.0 0.874 0.0 0.1 985.0 1.4478 9.0 60.0 0.5071 0.0 0.974 0.0 0.1 986.0 1.3618 10.0 58.0 0.5071 0.0 1.074 0.0 0.1 986.0 1.2726 10.0 58.0 0.5071 0.0 1.274 0.0 0.0 987.0 1.3215 10.0 59.0 0.5071 0.0 1.374 0.0 0.1 986.0 1.3168 10.0 
0.09388 50.31208 251.0 6857.0 1.0 45.0 0.0 -1.9929 1.974 0.0 0.5 1000.0 1.591 12.0 47.0 0.0 -0.3929 0.0 -0.226 0.42426 999.0 1.6116 11.0 49.0 1.2071 0.0 0.0 -2.126 0.5 997.0 1.5327 10.0 49.0 2.7071 0.0 0.0 -3.826 0.28284 997.0 1.5327 13.0 51.0 3.8071 0.0 0.0 -5.026 0.28284 994.0 1.3982 11.0 
0.19874 156.04509 319.0 6859.0 1.0 100.0 0.0 -0.0929 1.774 0.0 0.22361 962.0 2.0027 10.0 104.0 0.9071 0.0 1.074 0.0 0.28284 960.0 2.0844 10.0 110.0 1.8071 0.0 0.274 0.0 0.28284 953.0 2.0598 9.0 116.0 2.6071 0.0 0.0 -0.526 0.14142 946.0 2.0513 9.0 115.0 3.1071 0.0 0.0 -1.126 0.14142 945.0 1.9864 9.0 
0.5797 78.1117 282.0 6863.0 1.0 100.0 0.0 -1.0929 1.274 0.0 0.31623 967.0 2.2204 11.0 121.0 0.4071 0.0 0.574 0.0 0.28284 947.0 2.2657 9.0 136.0 1.8071 0.0 0.0 -0.326 0.22361 924.0 2.1226 7.0 161.0 3.1071 0.0 0.0 -1.126 0.22361 887.0 2.1012 5.0 187.0 4.4071 0.0 0.0 -1.726 0.22361 853.0 2.2323 4.0 
0.10257 222.37172 147.0 6878.0 1.0 42.0 1.4071 0.0 0.0 -1.426 0.0 992.0 1.0 13.0 54.0 1.4071 0.0 0.0 -1.426 0.1 986.0 1.1031 12.0 74.0 1.6071 0.0 0.0 -1.426 0.1 973.0 1.3983 10.0 103.0 1.9071 0.0 0.0 -1.426 0.1 952.0 1.7764 9.0 113.0 2.2071 0.0 0.0 -1.226 0.0 939.0 1.7624 8.0 
0.05533 195.01871 239.0 6928.0 1.0 65.0 0.0 -1.4929 4.674 0.0 0.86023 1001.0 2.5 13.0 60.0 1.3071 0.0 1.174 0.0 0.64031 1000.0 2.5 12.0 57.0 3.6071 0.0 0.0 -1.726 0.5 999.0 2.3703 11.0 55.0 5.3071 0.0 0.0 -4.126 0.42426 997.0 1.931 9.0 57.0 6.7071 0.0 0.0 -6.126 0.42426 995.0 1.8436 10.0 
0.26877 148.45836 52.0 100.0 1.0 72.0 0.0 -2.0929 1.874 0.0 0.4 990.0 2.3021 12.0 86.0 0.4071 0.0 1.274 0.0 0.44721 985.0 2.5 12.0 97.0 2.6071 0.0 0.0 -0.026 0.44721 975.0 2.5 10.0 115.0 4.5071 0.0 0.0 -1.126 0.31623 956.0 2.3698 8.0 134.0 6.1071 0.0 0.0 -1.926 0.28284 933.0 2.2925 6.0 
0.04969 306.81947 72.0 102.0 1.0 51.0 0.5071 0.0 3.174 0.0 0.28284 998.0 1.7711 16.0 48.0 1.7071 0.0 2.174 0.0 0.22361 998.0 1.5688 16.0 46.0 2.6071 0.0 1.474 0.0 0.14142 998.0 1.4408 15.0 44.0 3.3071 0.0 0.974 0.0 0.1 997.0 1.2359 15.0 44.0 4.0071 0.0 0.574 0.0 0.1 997.0 1.2359 15.0 
0.08552 211.4766 57.0 103.0 1.0 81.0 0.0 -0.8929 3.474 0.0 0.5 986.0 2.4819 13.0 86.0 1.2071 0.0 1.474 0.0 0.42426 984.0 2.5 12.0 84.0 2.9071 0.0 0.0 -0.326 0.36056 981.0 2.2521 10.0 86.0 4.4071 0.0 0.0 -1.626 0.36056 976.0 2.0416 8.0 86.0 5.7071 0.0 0.0 -2.626 0.22361 975.0 1.9879 8.0 
0.05062 122.04986 70.0 104.0 1.0 50.0 0.0 -3.0929 0.0 -0.626 0.5 1000.0 1.9642 12.0 48.0 0.0 -0.5929 0.0 -0.926 0.36056 999.0 1.6809 11.0 46.0 1.2071 0.0 0.0 -1.826 0.31623 998.0 1.4408 10.0 49.0 2.7071 0.0 0.0 -2.626 0.31623 997.0 1.5327 12.0 53.0 4.0071 0.0 0.0 -3.326 0.22361 994.0 1.51 10.0 
0.02963 297.33762 40.0 105.0 1.0 64.0 0.0 -0.4929 4.574 0.0 0.70711 1000.0 2.5 20.0 62.0 2.0071 0.0 1.774 0.0 0.56569 999.0 2.5 18.0 59.0 4.3071 0.0 0.0 -0.426 0.42426 999.0 2.5 17.0 60.0 6.5071 0.0 0.0 -2.126 0.56569 999.0 2.5 17.0 58.0 8.7071 0.0 0.0 -4.126 0.42426 999.0 2.4542 17.0 
0.09143 283.12456 77.0 106.0 1.0 79.0 0.2071 0.0 3.274 0.0 0.5 990.0 2.5 11.0 73.0 2.0071 0.0 1.574 0.0 0.36056 990.0 2.3665 11.0 66.0 3.3071 0.0 0.474 0.0 0.22361 990.0 1.9344 11.0 63.0 4.3071 0.0 0.0 -0.326 0.22361 991.0 1.8426 11.0 56.0 5.1071 0.0 0.0 -1.126 0.22361 993.0 1.6015 12.0 
0.05052 304.66834 51.0 107.0 1.0 69.0 0.0 -0.0929 3.874 0.0 0.42426 995.0 2.5 17.0 71.0 1.9071 0.0 1.974 0.0 0.42426 992.0 2.4518 15.0 69.0 3.6071 0.0 0.574 0.0 0.22361 990.0 2.1142 14.0 69.0 5.0071 0.0 0.174 0.0 0.2 988.0 1.9451 13.0 71.0 6.3071 0.0 0.374 0.0 0.22361 986.0 1.9069 13.0 
0.14504 186.5357 67.0 108.0 1.0 58.0 0.0 -0.1929 1.874 0.0 0.2 991.0 1.5618 19.0 65.0 0.8071 0.0 1.474 0.0 0.2 988.0 1.7261 17.0 72.0 1.9071 0.0 1.174 0.0 0.1 984.0 1.8258 15.0 82.0 2.9071 0.0 0.874 0.0 0.22361 977.0 1.9077 13.0 94.0 4.0071 0.0 0.474 0.0 0.22361 968.0 2.0055 11.0 
0.02118 281.08844 113.0 109.0 1.0 66.0 0.8071 0.0 3.174 0.0 0.36056 991.0 2.0223 11.0 65.0 1.8071 0.0 1.774 0.0 0.28284 990.0 1.8762 11.0 64.0 2.7071 0.0 0.774 0.0 0.28284 990.0 1.8189 11.0 64.0 3.5071 0.0 0.0 -0.126 0.14142 988.0 1.6734 10.0 66.0 4.2071 0.0 0.0 -0.826 0.2 986.0 1.6478 10.0 
0.06832 271.75526 46.0 10.0 1.0 58.0 0.0 -0.5929 3.474 0.0 0.28284 994.0 1.8084 10.0 60.0 0.9071 0.0 2.274 0.0 0.31623 994.0 1.9352 10.0 59.0 2.7071 0.0 1.474 0.0 0.31623 995.0 1.9752 10.0 57.0 4.6071 0.0 0.874 0.0 0.3 997.0 2.074 11.0 56.0 6.7071 0.0 0.474 0.0 0.31623 998.0 2.1353 12.0 
0.06968 265.39138 56.0 110.0 1.0 68.0 0.1071 0.0 2.874 0.0 0.36056 991.0 2.1467 19.0 78.0 1.7071 0.0 1.674 0.0 0.36056 985.0 2.2193 16.0 86.0 3.1071 0.0 0.474 0.0 0.28284 978.0 2.1583 13.0 96.0 4.4071 0.0 0.0 -0.526 0.28284 969.0 2.1393 11.0 109.0 5.5071 0.0 0.0 -1.426 0.28284 956.0 2.1289 10.0 
0.05637 167.40355 73.0 111.0 1.0 74.0 0.0 -0.8929 2.474 0.0 0.36056 989.0 2.3304 10.0 79.0 0.8071 0.0 1.274 0.0 0.36056 986.0 2.3609 10.0 77.0 2.3071 0.0 0.174 0.0 0.22361 984.0 2.0882 9.0 74.0 3.5071 0.0 0.0 -0.526 0.22361 984.0 1.9286 9.0 71.0 4.5071 0.0 0.0 -0.926 0.2 985.0 1.8388 9.0 
0.02661 288.58221 49.0 112.0 1.0 63.0 0.5071 0.0 4.374 0.0 0.5831 997.0 2.5 12.0 63.0 2.2071 0.0 1.374 0.0 0.5831 996.0 2.3846 12.0 64.0 3.9071 0.0 0.0 -1.326 0.5 994.0 2.2019 11.0 70.0 5.4071 0.0 0.0 -3.526 0.5 989.0 2.0853 9.0 81.0 6.8071 0.0 0.0 -5.226 0.36056 983.0 2.2337 9.0 
0.03675 171.4929 63.0 113.0 1.0 43.0 0.0 -2.5929 0.074 0.0 0.42426 1000.0 1.4527 13.0 45.0 0.0 -0.7929 0.0 -1.326 0.36056 999.0 1.4773 11.0 46.0 0.9071 0.0 0.0 -2.226 0.36056 999.0 1.5437 12.0 48.0 2.5071 0.0 0.0 -2.926 0.22361 997.0 1.4708 13.0 53.0 4.0071 0.0 0.0 -3.326 0.2 995.0 1.5939 13.0 
0.08278 235.74859 62.0 115.0 1.0 53.0 0.0 -0.2929 3.174 0.0 0.42426 998.0 1.9127 17.0 59.0 1.3071 0.0 1.674 0.0 0.36056 995.0 1.9752 14.0 61.0 2.7071 0.0 0.374 0.0 0.28284 994.0 2.0003 13.0 62.0 3.9071 0.0 0.0 -0.726 0.22361 991.0 1.7846 11.0 67.0 5.0071 0.0 0.0 -1.426 0.14142 988.0 1.834 10.0 
0.0699 176.88004 61.0 116.0 1.0 42.0 0.0 -0.4929 1.974 0.0 0.22361 998.0 1.2011 13.0 52.0 0.8071 0.0 1.374 0.0 0.31623 996.0 1.6246 13.0 61.0 2.2071 0.0 0.474 0.0 0.36056 993.0 1.9003 13.0 66.0 3.5071 0.0 0.0 -0.626 0.22361 990.0 1.9344 11.0 74.0 4.7071 0.0 0.0 -1.526 0.22361 984.0 1.9286 9.0 
0.0348 156.31647 63.0 118.0 1.0 49.0 0.0 -2.8929 0.074 0.0 0.44721 999.0 1.7517 12.0 51.0 0.0 -0.6929 0.0 -1.226 0.5 998.0 1.7711 10.0 53.0 1.1071 0.0 0.0 -3.026 0.42426 996.0 1.6877 9.0 58.0 2.8071 0.0 0.0 -4.626 0.36056 995.0 1.9088 11.0 66.0 4.5071 0.0 0.0 -5.826 0.22361 989.0 1.8538 9.0 
0.04004 273.42719 50.0 119.0 1.0 50.0 0.6071 0.0 2.974 0.0 0.28284 997.0 1.5959 16.0 57.0 1.8071 0.0 1.674 0.0 0.28284 995.0 1.8436 14.0 61.0 3.1071 0.0 0.474 0.0 0.36056 993.0 1.9003 13.0 64.0 4.5071 0.0 0.0 -0.426 0.3 992.0 1.9922 12.0 66.0 6.1071 0.0 0.0 -0.726 0.3 990.0 1.9344 11.0 
0.02783 284.57652 61.0 11.0 1.0 93.0 0.2071 0.0 3.374 0.0 0.28284 974.0 2.2651 8.0 95.0 1.5071 0.0 2.074 0.0 0.36056 971.0 2.1947 7.0 96.0 2.8071 0.0 1.074 0.0 0.22361 969.0 2.1393 7.0 97.0 4.0071 0.0 0.374 0.0 0.2 967.0 2.0892 7.0 93.0 5.1071 0.0 0.0 -0.026 0.2 970.0 2.0544 7.0 
0.04462 183.86527 62.0 120.0 1.0 56.0 0.2071 0.0 2.474 0.0 0.36056 996.0 1.8841 14.0 55.0 1.4071 0.0 0.874 0.0 0.28284 996.0 1.8174 14.0 55.0 2.5071 0.0 0.0 -0.326 0.28284 995.0 1.7165 14.0 55.0 3.7071 0.0 0.0 -1.426 0.14142 995.0 1.7165 13.0 56.0 4.8071 0.0 0.0 -2.226 0.28284 994.0 1.6858 13.0 
0.0801 270.59757 50.0 121.0 1.0 45.0 1.2071 0.0 0.0 -3.226 0.36056 1001.0 1.7236 20.0 46.0 2.1071 0.0 0.0 -1.226 0.36056 1001.0 1.801 20.0 43.0 2.9071 0.0 0.674 0.0 0.31623 1001.0 1.5738 20.0 36.0 3.6071 0.0 2.174 0.0 0.14142 1001.0 1.1031 22.0 31.0 4.1071 0.0 3.174 0.0 0.22361 1002.0 1.0 24.0 
0.07773 183.25513 114.0 122.0 1.0 53.0 1.0071 0.0 1.974 0.0 0.22361 996.0 1.6877 14.0 52.0 1.5071 0.0 0.674 0.0 0.22361 995.0 1.5343 14.0 51.0 2.1071 0.0 0.0 -0.326 0.22361 995.0 1.4759 13.0 50.0 2.6071 0.0 0.0 -1.226 0.14142 995.0 1.4186 13.0 49.0 3.0071 0.0 0.0 -1.826 0.14142 994.0 1.2907 13.0 
0.12699 210.50196 51.0 123.0 1.0 72.0 0.0 -1.3929 3.174 0.0 0.5831 995.0 2.5 14.0 75.0 1.3071 0.0 1.374 0.0 0.5 993.0 2.5 12.0 70.0 3.5071 0.0 0.0 -0.426 0.42426 993.0 2.5 12.0 66.0 5.3071 0.0 0.0 -2.226 0.28284 993.0 2.2245 13.0 59.0 6.6071 0.0 0.0 -3.726 0.36056 995.0 1.9752 13.0 
0.07718 252.67868 65.0 124.0 1.0 40.0 1.6071 0.0 2.074 0.0 0.22361 998.0 1.0895 20.0 46.0 2.0071 0.0 1.074 0.0 0.22361 997.0 1.3508 19.0 53.0 2.6071 0.0 0.0 -0.026 0.22361 994.0 1.51 17.0 60.0 3.4071 0.0 0.0 -1.126 0.28284 991.0 1.6713 15.0 68.0 4.4071 0.0 0.0 -2.226 0.14142 988.0 1.8891 13.0 
0.15356 102.71108 82.0 125.0 1.0 65.0 0.0 -1.1929 2.474 0.0 0.42426 995.0 2.3974 14.0 62.0 0.5071 0.0 0.774 0.0 0.42426 995.0 2.1812 13.0 58.0 1.8071 0.0 0.0 -0.526 0.28284 994.0 1.8084 13.0 56.0 2.9071 0.0 0.0 -1.426 0.22361 994.0 1.6858 13.0 55.0 3.7071 0.0 0.0 -2.126 0.14142 993.0 1.5448 12.0 
0.04906 281.08844 53.0 126.0 1.0 55.0 0.1071 0.0 3.374 0.0 0.42426 998.0 2.0598 16.0 56.0 1.8071 0.0 1.774 0.0 0.36056 997.0 2.0019 16.0 55.0 3.3071 0.0 0.274 0.0 0.28284 997.0 1.931 15.0 54.0 4.6071 0.0 0.0 -1.026 0.28284 997.0 1.8615 15.0 53.0 5.9071 0.0 0.0 -2.126 0.28284 997.0 1.7931 15.0 
0.09841 148.01451 59.0 129.0 1.0 49.0 0.0 -0.5929 2.874 0.0 0.42426 1000.0 1.8864 16.0 48.0 1.0071 0.0 0.874 0.0 0.42426 1000.0 1.8102 15.0 49.0 2.4071 0.0 0.0 -1.026 0.28284 999.0 1.7517 14.0 52.0 3.8071 0.0 0.0 -2.526 0.28284 997.0 1.7261 16.0 58.0 5.1071 0.0 0.0 -3.426 0.28284 994.0 1.8084 13.0 
0.04258 229.24245 50.0 12.0 1.0 56.0 0.0 -1.3929 2.774 0.0 0.36056 998.0 2.1353 16.0 57.0 0.6071 0.0 1.974 0.0 0.31623 997.0 2.074 15.0 56.0 2.5071 0.0 1.274 0.0 0.31623 997.0 2.0019 15.0 54.0 4.3071 0.0 0.774 0.0 0.2 997.0 1.8615 15.0 52.0 6.0071 0.0 0.874 0.0 0.3 998.0 1.8412 16.0 
0.07556 140.98863 64.0 130.0 1.0 46.0 0.0 -0.3929 2.674 0.0 0.42426 1001.0 1.801 17.0 44.0 1.0071 0.0 0.774 0.0 0.36056 1000.0 1.5211 16.0 44.0 2.3071 0.0 0.0 -0.826 0.28284 999.0 1.4124 15.0 48.0 3.4071 0.0 0.0 -2.126 0.28284 998.0 1.5688 13.0 52.0 4.6071 0.0 0.0 -3.226 0.28284 996.0 1.6246 15.0 
0.1249 238.17627 62.0 131.0 1.0 82.0 0.0 -0.3929 3.174 0.0 0.36056 984.0 2.3682 12.0 88.0 1.2071 0.0 1.774 0.0 0.36056 979.0 2.3263 11.0 93.0 2.7071 0.0 0.574 0.0 0.28284 973.0 2.2085 10.0 100.0 4.0071 0.0 0.0 -0.426 0.28284 965.0 2.1279 9.0 118.0 5.1071 0.0 0.0 -1.226 0.22361 946.0 2.1226 7.0 
0.09523 56.88427 82.0 132.0 1.0 37.0 0.0 -0.0929 1.574 0.0 0.22361 1000.0 1.0756 12.0 37.0 0.5071 0.0 0.074 0.0 0.2 1000.0 1.0756 11.0 37.0 0.9071 0.0 0.0 -1.026 0.22361 999.0 1.0 12.0 40.0 1.5071 0.0 0.0 -1.826 0.1 997.0 1.0214 13.0 46.0 2.1071 0.0 0.0 -2.226 0.14142 994.0 1.1375 11.0 
0.06306 158.62154 84.0 134.0 1.0 50.0 0.0 -1.5929 0.0 -1.226 0.31623 997.0 1.5959 12.0 54.0 0.0 -0.0929 0.0 -1.426 0.2 994.0 1.5675 10.0 62.0 1.1071 0.0 0.0 -1.326 0.22361 990.0 1.707 11.0 72.0 2.1071 0.0 0.0 -0.926 0.1 983.0 1.7649 9.0 80.0 2.8071 0.0 0.0 -0.326 0.22361 978.0 1.8677 8.0 
0.06362 220.91639 38.0 135.0 1.0 68.0 0.0 -1.3929 4.774 0.0 0.78102 1000.0 2.5 19.0 66.0 1.6071 0.0 1.174 0.0 0.64031 1001.0 2.5 20.0 55.0 3.9071 0.0 0.0 -1.526 0.56569 1001.0 2.5 21.0 48.0 5.8071 0.0 0.0 -3.526 0.42426 1001.0 1.961 22.0 41.0 7.5071 0.0 0.0 -4.826 0.36056 1002.0 1.5608 23.0 
0.02212 285.43508 64.0 136.0 1.0 68.0 0.7071 0.0 3.174 0.0 0.42426 991.0 2.1467 11.0 71.0 2.1071 0.0 1.474 0.0 0.36056 989.0 2.1453 11.0 72.0 3.3071 0.0 0.0 -0.026 0.36056 988.0 2.1179 10.0 75.0 4.4071 0.0 0.0 -1.326 0.22361 985.0 2.0519 9.0 78.0 5.4071 0.0 0.0 -2.426 0.22361 981.0 1.9419 9.0 
0.16335 2.99167 70.0 137.0 1.0 43.0 0.0 -1.0929 2.174 0.0 0.31623 1000.0 1.4527 12.0 44.0 0.0071 0.0 0.0 -0.026 0.41231 1000.0 1.5211 11.0 44.0 1.0071 0.0 0.0 -2.026 0.28284 999.0 1.4124 10.0 45.0 2.0071 0.0 0.0 -3.426 0.28284 997.0 1.2927 9.0 49.0 3.1071 0.0 0.0 -4.226 0.22361 995.0 1.3624 11.0 
0.04444 242.9482 96.0 138.0 1.0 48.0 1.2071 0.0 2.274 0.0 0.22361 998.0 1.5688 16.0 46.0 1.9071 0.0 1.074 0.0 0.22361 998.0 1.4408 16.0 43.0 2.6071 0.0 0.174 0.0 0.22361 998.0 1.259 16.0 40.0 3.2071 0.0 0.0 -0.526 0.1 999.0 1.1673 17.0 36.0 3.6071 0.0 0.0 -0.826 0.1 999.0 1.0 17.0 
0.0445 254.57763 71.0 139.0 1.0 59.0 0.9071 0.0 2.674 0.0 0.36056 994.0 1.8713 13.0 59.0 1.9071 0.0 1.274 0.0 0.28284 993.0 1.7777 13.0 61.0 3.0071 0.0 0.174 0.0 0.22361 992.0 1.8098 12.0 66.0 4.0071 0.0 0.0 -1.026 0.28284 990.0 1.9344 11.0 69.0 5.1071 0.0 0.0 -2.126 0.14142 988.0 1.9451 10.0 
0.05778 276.06051 63.0 140.0 1.0 55.0 0.0071 0.0 3.074 0.0 0.28284 995.0 1.7165 13.0 53.0 1.0071 0.0 2.274 0.0 0.1 994.0 1.51 13.0 51.0 1.9071 0.0 2.074 0.0 0.2 995.0 1.4759 13.0 50.0 2.9071 0.0 2.274 0.0 0.2 996.0 1.502 14.0 48.0 3.9071 0.0 2.674 0.0 0.2 997.0 1.4708 15.0 
0.137 101.0933 71.0 141.0 1.0 72.0 0.0 -0.8929 2.374 0.0 0.42426 991.0 2.4067 11.0 73.0 0.7071 0.0 0.574 0.0 0.36056 989.0 2.2679 11.0 70.0 2.0071 0.0 0.0 -0.826 0.22361 988.0 2.0019 10.0 66.0 2.9071 0.0 0.0 -1.726 0.22361 988.0 1.7796 10.0 66.0 3.8071 0.0 0.0 -2.326 0.14142 988.0 1.7796 10.0 
0.02101 265.70178 56.0 142.0 1.0 58.0 0.0 -0.2929 3.974 0.0 0.56569 1000.0 2.5 18.0 56.0 1.6071 0.0 1.774 0.0 0.42426 998.0 2.1353 17.0 52.0 3.1071 0.0 0.274 0.0 0.36056 998.0 1.8412 16.0 49.0 4.4071 0.0 0.0 -0.526 0.2 997.0 1.5327 15.0 51.0 5.6071 0.0 0.0 -0.426 0.22361 996.0 1.5627 14.0 
0.07852 163.67688 59.0 145.0 1.0 56.0 0.2071 0.0 2.274 0.0 0.28284 995.0 1.7795 14.0 55.0 1.1071 0.0 0.974 0.0 0.22361 995.0 1.7165 13.0 53.0 1.9071 0.0 0.074 0.0 0.28284 995.0 1.5939 13.0 53.0 2.8071 0.0 0.0 -0.526 0.1 994.0 1.51 13.0 56.0 3.8071 0.0 0.0 -0.626 0.2 994.0 1.6858 13.0 
0.18041 53.16963 60.0 146.0 1.0 32.0 0.0 -1.3929 0.0 -0.426 0.22361 1002.0 1.0 18.0 38.0 0.0 -0.3929 0.274 0.0 0.28284 1001.0 1.2291 16.0 42.0 0.8071 0.0 1.174 0.0 0.28284 1000.0 1.3859 14.0 43.0 1.9071 0.0 2.174 0.0 0.22361 1000.0 1.4527 14.0 43.0 3.0071 0.0 2.974 0.0 0.22361 1000.0 1.4527 14.0 
0.03298 242.05755 63.0 147.0 1.0 57.0 0.4071 0.0 3.074 0.0 0.36056 996.0 1.952 14.0 56.0 1.6071 0.0 1.474 0.0 0.28284 996.0 1.8841 14.0 56.0 2.7071 0.0 0.174 0.0 0.28284 995.0 1.7795 13.0 57.0 3.7071 0.0 0.0 -0.926 0.28284 994.0 1.7465 13.0 60.0 4.7071 0.0 0.0 -1.926 0.28284 992.0 1.7509 12.0 
0.09798 281.08844 47.0 149.0 1.0 90.0 0.0 -1.2929 4.474 0.0 0.64031 987.0 2.5 10.0 102.0 1.8071 0.0 1.774 0.0 0.64031 980.0 2.5 9.0 104.0 4.3071 0.0 0.0 -0.626 0.5 973.0 2.5 8.0 96.0 6.0071 0.0 0.0 -2.526 0.42426 975.0 2.4771 8.0 81.0 7.4071 0.0 0.0 -3.926 0.28284 981.0 2.0941 9.0 
0.13203 159.06755 65.0 14.0 1.0 63.0 0.0 -0.3929 1.874 0.0 0.22361 990.0 1.7625 11.0 63.0 0.4071 0.0 1.374 0.0 0.2 988.0 1.6215 10.0 70.0 1.4071 0.0 1.674 0.0 0.2 985.0 1.7874 10.0 80.0 2.6071 0.0 2.274 0.0 0.28284 980.0 1.9808 9.0 92.0 3.9071 0.0 3.274 0.0 0.28284 973.0 2.1612 7.0 
0.06512 267.20369 108.0 150.0 1.0 58.0 2.4071 0.0 0.774 0.0 0.2 990.0 1.4939 14.0 60.0 2.4071 0.0 0.0 -0.026 0.1 988.0 1.4708 13.0 63.0 2.5071 0.0 0.0 -0.626 0.1 986.0 1.5014 13.0 65.0 2.6071 0.0 0.0 -1.126 0.14142 984.0 1.488 12.0 68.0 2.8071 0.0 0.0 -1.526 0.14142 982.0 1.5235 11.0 
0.03601 297.33762 34.0 151.0 1.0 46.0 1.0071 0.0 3.074 0.0 0.36056 1000.0 1.6625 18.0 42.0 2.0071 0.0 1.774 0.0 0.28284 1000.0 1.3859 19.0 38.0 3.1071 0.0 0.874 0.0 0.22361 1001.0 1.2291 21.0 34.0 4.2071 0.0 0.274 0.0 0.14142 1002.0 1.0734 23.0 29.0 5.2071 0.0 0.0 -0.226 0.22361 1003.0 1.0 28.0 
0.03413 305.34255 59.0 152.0 1.0 48.0 0.5071 0.0 3.174 0.0 0.28284 998.0 1.5688 17.0 49.0 1.8071 0.0 2.074 0.0 0.36056 998.0 1.6349 16.0 50.0 3.1071 0.0 0.874 0.0 0.36056 998.0 1.7023 16.0 49.0 4.4071 0.0 0.0 -0.326 0.22361 998.0 1.6349 16.0 46.0 5.4071 0.0 0.0 -1.526 0.14142 998.0 1.4408 17.0 
0.0379 250.35032 48.0 153.0 1.0 50.0 0.6071 0.0 2.874 0.0 0.36056 999.0 1.8239 16.0 48.0 1.7071 0.0 1.474 0.0 0.28284 999.0 1.6809 17.0 42.0 2.8071 0.0 0.574 0.0 0.14142 1000.0 1.3859 18.0 38.0 3.6071 0.0 0.074 0.0 0.14142 1000.0 1.1345 18.0 35.0 4.3071 0.0 0.0 -0.226 0.2 1000.0 1.0 19.0 
0.0924 250.0243 67.0 154.0 1.0 71.0 0.0 -0.0929 3.174 0.0 0.36056 991.0 2.3403 11.0 73.0 1.5071 0.0 1.674 0.0 0.42426 988.0 2.1772 10.0 71.0 2.8071 0.0 0.574 0.0 0.22361 987.0 1.9803 10.0 71.0 3.9071 0.0 0.074 0.0 0.1 985.0 1.8388 9.0 71.0 4.8071 0.0 0.0 -0.026 0.1 984.0 1.7754 9.0 
0.03486 297.33762 66.0 155.0 1.0 101.0 0.3071 0.0 3.774 0.0 0.5 973.0 2.5 10.0 114.0 2.0071 0.0 1.774 0.0 0.42426 960.0 2.5 8.0 122.0 3.5071 0.0 0.074 0.0 0.28284 947.0 2.3034 7.0 140.0 4.5071 0.0 0.0 -1.126 0.22361 921.0 2.176 6.0 135.0 5.4071 0.0 0.0 -1.926 0.14142 925.0 2.1153 6.0 
0.03225 105.61733 30.0 156.0 1.0 66.0 0.0 -3.0929 3.974 0.0 0.9434 1000.0 2.5 12.0 63.0 0.0 -0.7929 0.0 -0.526 0.76158 999.0 2.5 11.0 63.0 1.1071 0.0 0.0 -4.526 0.63246 997.0 2.5 10.0 66.0 2.6071 0.0 0.0 -8.426 0.72801 997.0 2.5 13.0 68.0 4.3071 0.0 0.0 -12.026 0.5 994.0 2.4857 11.0 
0.04763 294.59924 104.0 157.0 1.0 44.0 1.4071 0.0 2.474 0.0 0.28284 999.0 1.4124 18.0 45.0 2.2071 0.0 1.474 0.0 0.14142 997.0 1.2927 16.0 47.0 2.8071 0.0 0.774 0.0 0.14142 996.0 1.3272 14.0 49.0 3.3071 0.0 0.274 0.0 0.1 994.0 1.2907 13.0 53.0 3.9071 0.0 0.0 -0.126 0.14142 993.0 1.4345 12.0 
0.05805 288.97303 57.0 158.0 1.0 74.0 0.0 -0.0929 3.674 0.0 0.5 991.0 2.5 11.0 76.0 1.8071 0.0 1.874 0.0 0.36056 989.0 2.4581 10.0 76.0 3.3071 0.0 0.274 0.0 0.36056 987.0 2.269 10.0 77.0 4.7071 0.0 0.0 -1.126 0.28284 985.0 2.1628 9.0 76.0 5.8071 0.0 0.0 -2.426 0.28284 985.0 2.1069 9.0 
0.04195 287.33753 48.0 159.0 1.0 119.0 0.3071 0.0 4.074 0.0 0.5831 965.0 2.5 9.0 115.0 2.3071 0.0 1.174 0.0 0.5 966.0 2.5 9.0 110.0 4.2071 0.0 0.0 -1.126 0.5 967.0 2.5 9.0 103.0 5.9071 0.0 0.0 -2.826 0.28284 968.0 2.4079 9.0 98.0 7.2071 0.0 0.0 -3.926 0.22361 968.0 2.1798 9.0 
0.0983 66.82775 93.0 15.0 1.0 29.0 0.0 -0.9929 0.0 -0.526 0.1 1000.0 1.0 12.0 34.0 0.0 -0.2929 0.0 -0.526 0.14142 1000.0 1.0 15.0 39.0 0.5071 0.0 0.0 -0.826 0.22361 998.0 1.0357 13.0 44.0 1.4071 0.0 0.0 -1.126 0.14142 996.0 1.1632 11.0 52.0 2.1071 0.0 0.0 -1.226 0.1 993.0 1.3809 12.0 
0.07864 296.78557 69.0 160.0 1.0 97.0 0.6071 0.0 3.074 0.0 0.28284 972.0 2.3439 9.0 100.0 1.9071 0.0 1.874 0.0 0.28284 967.0 2.2204 9.0 100.0 3.0071 0.0 0.874 0.0 0.14142 964.0 2.0844 8.0 100.0 3.8071 0.0 0.074 0.0 0.14142 962.0 2.0027 8.0 105.0 4.6071 0.0 0.0 -0.726 0.14142 957.0 2.0108 8.0 
0.07065 251.26993 40.0 161.0 1.0 65.0 0.0 -1.9929 3.274 0.0 0.63246 1000.0 2.5 19.0 57.0 0.9071 0.0 2.074 0.0 0.44721 1000.0 2.5 19.0 49.0 3.0071 0.0 0.674 0.0 0.36056 1001.0 2.0436 19.0 46.0 4.8071 0.0 0.0 -0.226 0.36056 1001.0 1.801 20.0 44.0 6.7071 0.0 0.0 -1.126 0.41231 1002.0 1.7976 23.0 
0.08215 151.31814 62.0 162.0 1.0 51.0 0.0 -2.3929 0.974 0.0 0.3 997.0 1.6604 16.0 61.0 0.0 -0.6929 1.174 0.0 0.22361 994.0 2.0003 13.0 69.0 1.0071 0.0 1.674 0.0 0.31623 991.0 2.2103 11.0 71.0 2.9071 0.0 2.374 0.0 0.31623 990.0 2.2386 11.0 67.0 4.7071 0.0 2.974 0.0 0.31623 992.0 2.1833 12.0 
0.06006 275.02849 104.0 163.0 1.0 32.0 2.4071 0.0 0.0 -0.826 0.14142 998.0 1.0 14.0 37.0 2.2071 0.0 0.0 -1.126 0.1 996.0 1.0 12.0 41.0 2.2071 0.0 0.0 -1.526 0.1 994.0 1.0 11.0 52.0 2.2071 0.0 0.0 -1.826 0.1 989.0 1.1507 11.0 56.0 2.3071 0.0 0.0 -2.026 0.0 988.0 1.2812 13.0 
0.10435 79.14903 75.0 164.0 1.0 38.0 0.0 -0.0929 1.574 0.0 0.22361 999.0 1.0535 11.0 40.0 0.6071 0.0 0.374 0.0 0.28284 998.0 1.0895 14.0 43.0 1.3071 0.0 0.0 -0.626 0.22361 996.0 1.1109 12.0 48.0 2.0071 0.0 0.0 -1.426 0.14142 993.0 1.1766 10.0 55.0 2.7071 0.0 0.0 -1.926 0.2 988.0 1.2359 9.0 
0.17588 116.57888 66.0 165.0 1.0 67.0 0.0 -1.9929 0.474 0.0 0.31623 988.0 1.834 11.0 81.0 0.0 -0.3929 0.974 0.0 0.31623 981.0 2.0941 11.0 97.0 1.1071 0.0 1.574 0.0 0.31623 969.0 2.1841 9.0 120.0 2.6071 0.0 2.374 0.0 0.22361 947.0 2.2284 7.0 124.0 4.1071 0.0 2.874 0.0 0.22361 943.0 2.2435 7.0 
0.08964 266.44177 82.0 166.0 1.0 48.0 0.0 -1.9929 0.0 -2.226 0.22361 995.0 1.3074 12.0 54.0 0.0 -0.5929 0.0 -2.326 0.22361 991.0 1.3538 10.0 64.0 0.6071 0.0 0.0 -2.426 0.2 986.0 1.5495 11.0 78.0 1.8071 0.0 0.0 -2.126 0.1 977.0 1.7261 11.0 93.0 2.9071 0.0 0.0 -1.626 0.22361 969.0 2.0077 12.0 
0.0644 319.01497 47.0 167.0 1.0 59.0 0.0 -2.1929 3.274 0.0 0.41231 994.0 1.8713 14.0 71.0 0.0071 0.0 2.874 0.0 0.4 992.0 2.4518 15.0 81.0 2.5071 0.0 2.274 0.0 0.41231 987.0 2.5 13.0 86.0 4.7071 0.0 1.474 0.0 0.44721 983.0 2.5 12.0 90.0 6.7071 0.0 0.274 0.0 0.36056 980.0 2.5 11.0 
0.05019 269.99085 63.0 168.0 1.0 49.0 1.2071 0.0 2.974 0.0 0.31623 998.0 1.6349 22.0 48.0 2.0071 0.0 1.374 0.0 0.36056 998.0 1.5688 21.0 48.0 3.0071 0.0 0.074 0.0 0.28284 997.0 1.4708 16.0 50.0 4.1071 0.0 0.0 -1.026 0.28284 996.0 1.502 15.0 52.0 5.2071 0.0 0.0 -2.026 0.28284 996.0 1.6246 15.0 
0.0332 296.78557 85.0 169.0 1.0 78.0 1.0071 0.0 2.774 0.0 0.22361 981.0 1.9419 9.0 76.0 1.9071 0.0 1.874 0.0 0.14142 982.0 1.903 9.0 74.0 2.7071 0.0 1.174 0.0 0.14142 982.0 1.8042 9.0 73.0 3.5071 0.0 0.674 0.0 0.14142 982.0 1.7558 9.0 73.0 4.1071 0.0 0.274 0.0 0.1 981.0 1.7009 9.0 
0.0711 271.75526 129.0 16.0 1.0 53.0 0.0071 0.0 2.874 0.0 0.14142 995.0 1.5939 13.0 55.0 0.9071 0.0 2.274 0.0 0.1 993.0 1.5448 12.0 59.0 1.8071 0.0 2.074 0.0 0.1 991.0 1.6161 11.0 63.0 2.6071 0.0 2.174 0.0 0.14142 988.0 1.6215 10.0 68.0 3.2071 0.0 2.674 0.0 0.14142 985.0 1.6867 9.0 
0.09933 116.7183 58.0 171.0 1.0 28.0 0.3071 0.0 1.474 0.0 0.14142 1001.0 1.0 18.0 35.0 0.8071 0.0 0.674 0.0 0.14142 1001.0 1.0427 20.0 41.0 1.6071 0.0 0.074 0.0 0.14142 999.0 1.2264 17.0 46.0 2.6071 0.0 0.0 -0.126 0.2 998.0 1.4408 16.0 50.0 3.9071 0.0 0.174 0.0 0.2 997.0 1.5959 15.0 
0.07831 163.24121 64.0 17.0 1.0 59.0 0.2071 0.0 2.174 0.0 0.28284 995.0 1.9752 17.0 61.0 1.3071 0.0 0.674 0.0 0.28284 993.0 1.9003 16.0 63.0 2.4071 0.0 0.0 -0.326 0.28284 991.0 1.8426 15.0 69.0 3.6071 0.0 0.0 -1.026 0.14142 987.0 1.8703 13.0 77.0 4.7071 0.0 0.0 -1.526 0.22361 981.0 1.8924 11.0 
0.06049 176.88004 67.0 172.0 1.0 81.0 0.0 -0.6929 2.474 0.0 0.36056 982.0 2.1617 9.0 91.0 0.8071 0.0 1.374 0.0 0.36056 974.0 2.1687 8.0 94.0 2.2071 0.0 0.474 0.0 0.22361 970.0 2.0988 7.0 98.0 3.4071 0.0 0.0 -0.126 0.2 965.0 2.0436 7.0 109.0 4.5071 0.0 0.0 -0.326 0.2 952.0 1.9893 6.0 
0.07458 152.12534 60.0 174.0 1.0 41.0 0.0 -0.4929 1.874 0.0 0.22361 999.0 1.2264 14.0 45.0 0.7071 0.0 1.174 0.0 0.22361 998.0 1.3789 13.0 48.0 2.0071 0.0 0.574 0.0 0.22361 997.0 1.4708 12.0 50.0 3.3071 0.0 0.174 0.0 0.22361 996.0 1.502 11.0 51.0 4.5071 0.0 0.0 -0.326 0.22361 996.0 1.5627 11.0 
0.04569 231.71968 46.0 177.0 1.0 52.0 0.8071 0.0 3.774 0.0 0.63246 1001.0 2.3015 13.0 50.0 2.0071 0.0 0.574 0.0 0.53852 1001.0 2.1279 17.0 50.0 3.3071 0.0 0.0 -2.126 0.36056 1000.0 1.9642 15.0 53.0 5.0071 0.0 0.0 -4.026 0.36056 998.0 1.9127 13.0 57.0 6.9071 0.0 0.0 -5.126 0.41231 997.0 2.074 15.0 
0.29271 57.41677 80.0 178.0 1.0 61.0 0.0 -2.2929 3.074 0.0 0.64031 1000.0 2.5 11.0 56.0 0.2071 0.0 0.474 0.0 0.42426 999.0 2.2879 10.0 51.0 2.1071 0.0 0.0 -1.226 0.36056 998.0 1.7711 10.0 51.0 3.7071 0.0 0.0 -2.626 0.28284 996.0 1.5627 9.0 54.0 4.8071 0.0 0.0 -3.726 0.14142 993.0 1.4892 10.0 
0.12542 299.43032 50.0 180.0 1.0 92.0 0.0 -1.9929 3.474 0.0 0.41231 981.0 2.5 12.0 113.0 0.8071 0.0 2.574 0.0 0.53852 963.0 2.5 9.0 136.0 3.3071 0.0 1.574 0.0 0.44721 936.0 2.4534 7.0 152.0 5.3071 0.0 0.874 0.0 0.22361 911.0 2.3135 6.0 155.0 6.7071 0.0 0.374 0.0 0.2 903.0 2.2308 5.0 
0.0992 116.36837 65.0 181.0 1.0 46.0 0.0 -0.7929 2.774 0.0 0.5 1000.0 1.6625 13.0 44.0 0.7071 0.0 0.774 0.0 0.28284 999.0 1.4124 12.0 45.0 2.1071 0.0 0.0 -0.826 0.28284 998.0 1.3789 11.0 49.0 3.5071 0.0 0.0 -2.426 0.36056 997.0 1.5327 9.0 52.0 4.7071 0.0 0.0 -4.026 0.28284 996.0 1.6246 12.0 
0.0807 124.78821 218.0 183.0 1.0 56.0 0.0 -0.3929 1.474 0.0 0.2 992.0 1.5252 11.0 67.0 0.7071 0.0 0.874 0.0 0.22361 987.0 1.7634 10.0 77.0 1.7071 0.0 0.374 0.0 0.22361 980.0 1.8351 9.0 90.0 2.6071 0.0 0.174 0.0 0.2 969.0 1.8803 7.0 102.0 3.6071 0.0 0.374 0.0 0.14142 959.0 1.9678 6.0 
0.05376 204.80106 64.0 184.0 1.0 50.0 0.0 -0.9929 1.874 0.0 0.3 997.0 1.5959 15.0 59.0 0.5071 0.0 1.774 0.0 0.3 994.0 1.8713 13.0 63.0 2.1071 0.0 1.674 0.0 0.22361 992.0 1.9304 12.0 65.0 3.5071 0.0 1.474 0.0 0.22361 990.0 1.8762 11.0 66.0 4.7071 0.0 1.074 0.0 0.2 989.0 1.8538 10.0 
0.07297 260.1241 41.0 185.0 1.0 65.0 0.0 -1.6929 3.474 0.0 0.63246 1000.0 2.5 19.0 61.0 1.4071 0.0 1.874 0.0 0.5831 1000.0 2.5 18.0 55.0 3.8071 0.0 0.374 0.0 0.44721 1000.0 2.3767 18.0 51.0 6.0071 0.0 0.0 -0.526 0.31623 1000.0 2.0435 19.0 47.0 8.0071 0.0 0.0 -1.226 0.31623 1001.0 1.8802 20.0 
0.0658 307.48335 57.0 186.0 1.0 74.0 0.3071 0.0 3.374 0.0 0.42426 993.0 2.5 12.0 69.0 2.2071 0.0 1.674 0.0 0.36056 992.0 2.3156 12.0 67.0 3.7071 0.0 0.174 0.0 0.28284 992.0 2.1833 11.0 65.0 4.9071 0.0 0.0 -1.026 0.28284 991.0 1.9615 11.0 59.0 5.9071 0.0 0.0 -1.926 0.22361 993.0 1.7777 12.0 
0.10872 116.7183 80.0 188.0 1.0 56.0 0.2071 0.0 1.774 0.0 0.22361 993.0 1.6015 12.0 57.0 0.8071 0.0 0.674 0.0 0.14142 992.0 1.5802 12.0 57.0 1.3071 0.0 0.0 -0.226 0.14142 992.0 1.5802 12.0 56.0 2.0071 0.0 0.0 -0.926 0.14142 992.0 1.5252 12.0 57.0 2.7071 0.0 0.0 -1.526 0.1 991.0 1.5084 11.0 
0.02857 291.93942 76.0 189.0 1.0 54.0 0.9071 0.0 3.274 0.0 0.36056 999.0 2.1274 17.0 51.0 2.1071 0.0 1.574 0.0 0.36056 998.0 1.7711 16.0 49.0 3.1071 0.0 0.174 0.0 0.22361 997.0 1.5327 15.0 49.0 3.9071 0.0 0.0 -0.726 0.14142 996.0 1.4425 14.0 49.0 4.6071 0.0 0.0 -1.226 0.2 995.0 1.3624 14.0 
0.09651 256.8341 51.0 190.0 1.0 91.0 0.0 -0.9929 3.474 0.0 0.5 979.0 2.4876 9.0 98.0 1.2071 0.0 1.974 0.0 0.36056 971.0 2.3355 8.0 105.0 2.9071 0.0 0.674 0.0 0.42426 963.0 2.2521 7.0 130.0 4.5071 0.0 0.0 -0.426 0.31623 937.0 2.2712 5.0 136.0 6.1071 0.0 0.0 -1.126 0.3 929.0 2.249 5.0 
0.09491 293.55348 49.0 191.0 1.0 74.0 0.0 -1.3929 3.074 0.0 0.3 987.0 2.1512 13.0 88.0 0.6071 0.0 2.574 0.0 0.3 979.0 2.3263 11.0 99.0 2.5071 0.0 2.074 0.0 0.31623 971.0 2.3834 9.0 108.0 4.5071 0.0 1.474 0.0 0.31623 964.0 2.4313 8.0 110.0 6.3071 0.0 0.574 0.0 0.31623 961.0 2.3767 8.0 
0.06306 216.33574 62.0 193.0 1.0 44.0 0.0 -0.4929 3.074 0.0 0.36056 1001.0 1.6478 21.0 45.0 0.8071 0.0 1.774 0.0 0.31623 999.0 1.4773 18.0 47.0 2.1071 0.0 1.174 0.0 0.31623 998.0 1.5041 16.0 50.0 3.5071 0.0 0.874 0.0 0.2 997.0 1.5959 15.0 50.0 4.7071 0.0 0.674 0.0 0.22361 997.0 1.5959 15.0 
0.04072 201.71074 56.0 194.0 1.0 51.0 0.0 -1.0929 2.374 0.0 0.31623 999.0 1.8976 13.0 54.0 0.7071 0.0 1.674 0.0 0.31623 997.0 1.8615 11.0 55.0 2.4071 0.0 0.974 0.0 0.36056 997.0 1.931 11.0 57.0 4.0071 0.0 0.0 -0.026 0.36056 996.0 1.952 11.0 56.0 5.5071 0.0 0.0 -1.126 0.28284 996.0 1.8841 10.0 
0.02345 305.74297 47.0 196.0 1.0 61.0 0.0071 0.0 3.874 0.0 0.42426 999.0 2.5 13.0 60.0 2.1071 0.0 1.774 0.0 0.5 998.0 2.4513 12.0 59.0 4.0071 0.0 0.0 -0.426 0.5 998.0 2.3703 12.0 57.0 5.7071 0.0 0.0 -2.526 0.42426 998.0 2.2123 12.0 51.0 7.2071 0.0 0.0 -4.226 0.28284 999.0 1.8976 13.0 
0.09554 116.36837 83.0 197.0 1.0 58.0 0.0 -0.3929 1.974 0.0 0.36056 995.0 1.9088 13.0 54.0 0.7071 0.0 0.774 0.0 0.14142 995.0 1.6546 13.0 51.0 1.7071 0.0 0.174 0.0 0.1 996.0 1.5627 14.0 48.0 2.6071 0.0 0.0 -0.026 0.14142 996.0 1.3843 14.0 46.0 3.4071 0.0 0.0 -0.226 0.1 997.0 1.3508 15.0 
0.05911 222.32905 53.0 19.0 1.0 64.0 0.0 -1.2929 2.674 0.0 0.36056 995.0 2.3242 14.0 68.0 0.7071 0.0 1.874 0.0 0.31623 992.0 2.249 12.0 71.0 2.5071 0.0 1.274 0.0 0.31623 989.0 2.1453 11.0 76.0 4.2071 0.0 1.074 0.0 0.31623 985.0 2.1069 9.0 80.0 5.7071 0.0 0.774 0.0 0.31623 981.0 2.0427 9.0 
0.03052 296.78557 65.0 1.0 1.0 63.0 0.7071 0.0 3.274 0.0 0.28284 993.0 2.0269 16.0 65.0 1.9071 0.0 1.874 0.0 0.22361 990.0 1.8762 15.0 67.0 3.0071 0.0 1.174 0.0 0.2 987.0 1.7634 13.0 74.0 4.0071 0.0 1.274 0.0 0.22361 982.0 1.8042 11.0 84.0 4.9071 0.0 1.674 0.0 0.2 974.0 1.8479 10.0 
0.09445 134.51288 52.0 200.0 1.0 51.0 0.0 -0.4929 2.874 0.0 0.44721 1001.0 2.2138 21.0 49.0 1.0071 0.0 0.674 0.0 0.36056 1001.0 2.0436 20.0 44.0 2.3071 0.0 0.0 -0.826 0.28284 1000.0 1.5211 19.0 43.0 3.6071 0.0 0.0 -1.726 0.3 1000.0 1.4527 19.0 45.0 5.1071 0.0 0.0 -2.126 0.3 1000.0 1.591 19.0 
0.0621 253.76665 58.0 201.0 1.0 39.0 0.8071 0.0 0.0 -2.426 0.14142 999.0 1.1096 18.0 48.0 1.6071 0.0 0.0 -1.626 0.22361 997.0 1.4708 15.0 52.0 2.6071 0.0 0.0 -0.726 0.28284 996.0 1.6246 14.0 51.0 3.6071 0.0 0.274 0.0 0.22361 997.0 1.6604 15.0 48.0 4.7071 0.0 1.074 0.0 0.28284 998.0 1.5688 16.0 
0.02368 281.67125 43.0 202.0 1.0 60.0 0.0071 0.0 4.574 0.0 0.67082 1000.0 2.5 19.0 58.0 1.9071 0.0 1.674 0.0 0.5 1000.0 2.5 18.0 55.0 3.8071 0.0 0.0 -0.426 0.36056 1000.0 2.3767 18.0 52.0 5.8071 0.0 0.0 -1.626 0.31623 1000.0 2.1245 18.0 51.0 7.8071 0.0 0.0 -2.126 0.3 999.0 1.8976 18.0 
0.15413 141.95101 57.0 203.0 1.0 65.0 0.0 -1.3929 1.974 0.0 0.41231 995.0 2.3974 13.0 63.0 0.5071 0.0 1.174 0.0 0.31623 994.0 2.1336 13.0 60.0 2.2071 0.0 0.274 0.0 0.22361 995.0 2.0427 13.0 58.0 3.7071 0.0 0.0 -0.526 0.31623 995.0 1.9088 13.0 53.0 5.1071 0.0 0.0 -1.126 0.31623 997.0 1.7931 14.0 
0.10733 127.3962 67.0 204.0 1.0 47.0 0.0 -0.2929 1.874 0.0 0.22361 998.0 1.5041 16.0 50.0 0.6071 0.0 0.974 0.0 0.22361 996.0 1.502 14.0 53.0 1.6071 0.0 0.674 0.0 0.22361 994.0 1.51 13.0 58.0 2.7071 0.0 0.974 0.0 0.22361 993.0 1.7179 12.0 61.0 3.8071 0.0 1.474 0.0 0.22361 992.0 1.8098 12.0 
0.08209 183.86527 62.0 205.0 1.0 56.0 0.0 -0.6929 3.174 0.0 0.56569 999.0 2.2879 11.0 53.0 1.4071 0.0 0.874 0.0 0.5 998.0 1.9127 10.0 53.0 3.2071 0.0 0.0 -1.126 0.42426 998.0 1.9127 13.0 55.0 4.5071 0.0 0.0 -2.826 0.36056 995.0 1.7165 11.0 60.0 5.6071 0.0 0.0 -4.226 0.22361 990.0 1.5987 9.0 
0.14517 124.12592 67.0 207.0 1.0 61.0 0.0 -0.2929 1.974 0.0 0.28284 993.0 1.9003 16.0 57.0 0.8071 0.0 0.774 0.0 0.28284 994.0 1.7465 17.0 54.0 1.9071 0.0 0.0 -0.026 0.22361 994.0 1.5675 17.0 53.0 3.0071 0.0 0.0 -0.826 0.14142 995.0 1.5939 18.0 53.0 4.0071 0.0 0.0 -1.726 0.22361 995.0 1.5939 18.0 
0.21204 97.07306 74.0 208.0 1.0 90.0 0.0 -0.5929 1.574 0.0 0.22361 971.0 1.9698 12.0 112.0 0.4071 0.0 0.774 0.0 0.22361 952.0 2.1003 9.0 112.0 1.4071 0.0 0.274 0.0 0.2 951.0 2.0665 9.0 115.0 2.5071 0.0 0.474 0.0 0.14142 949.0 2.1106 9.0 117.0 3.5071 0.0 1.274 0.0 0.28284 948.0 2.151 9.0 
0.09208 139.82063 84.0 209.0 1.0 43.0 0.4071 0.0 1.974 0.0 0.22361 1000.0 1.4527 18.0 41.0 0.9071 0.0 0.874 0.0 0.14142 999.0 1.2264 17.0 40.0 1.4071 0.0 0.374 0.0 0.1 998.0 1.0895 16.0 42.0 1.8071 0.0 0.174 0.0 0.1 997.0 1.1261 15.0 43.0 2.4071 0.0 0.174 0.0 0.1 997.0 1.1803 15.0 
0.13496 92.73958 61.0 20.0 1.0 42.0 0.0 -0.6929 1.774 0.0 0.28284 1000.0 1.3859 16.0 45.0 0.6071 0.0 0.574 0.0 0.36056 1000.0 1.591 17.0 50.0 2.1071 0.0 0.0 -0.526 0.28284 998.0 1.7023 16.0 54.0 3.5071 0.0 0.0 -1.226 0.2 996.0 1.752 14.0 56.0 4.9071 0.0 0.0 -1.226 0.2 995.0 1.7795 13.0 
0.03014 251.98434 63.0 210.0 1.0 80.0 0.6071 0.0 3.274 0.0 0.44721 986.0 2.421 9.0 75.0 1.8071 0.0 1.374 0.0 0.36056 987.0 2.2097 10.0 73.0 3.0071 0.0 0.0 -0.126 0.28284 988.0 2.1772 10.0 70.0 4.2071 0.0 0.0 -1.426 0.36056 989.0 2.0853 10.0 64.0 5.2071 0.0 0.0 -2.726 0.22361 991.0 1.9016 11.0 
0.25787 86.53063 53.0 211.0 1.0 60.0 0.0 -2.1929 0.674 0.0 0.3 994.0 1.9352 14.0 71.0 0.0 -0.0929 0.774 0.0 0.3 990.0 2.2386 15.0 82.0 2.0071 0.0 0.874 0.0 0.3 984.0 2.3682 12.0 85.0 4.0071 0.0 1.074 0.0 0.31623 981.0 2.3061 11.0 78.0 5.7071 0.0 1.374 0.0 0.31623 984.0 2.1428 12.0 
0.03758 234.34953 57.0 213.0 1.0 49.0 0.0 -0.2929 3.574 0.0 0.5 1001.0 2.0436 17.0 48.0 1.4071 0.0 1.574 0.0 0.42426 1000.0 1.8102 15.0 50.0 3.0071 0.0 0.0 -0.126 0.36056 999.0 1.8239 14.0 55.0 4.5071 0.0 0.0 -1.726 0.36056 997.0 1.931 15.0 58.0 5.7071 0.0 0.0 -3.226 0.28284 995.0 1.9088 13.0 
0.06583 219.05074 264.0 214.0 1.0 55.0 0.5071 0.0 2.674 0.0 0.36056 997.0 1.931 19.0 52.0 1.5071 0.0 1.274 0.0 0.28284 996.0 1.6246 19.0 49.0 2.3071 0.0 0.374 0.0 0.22361 996.0 1.4425 18.0 46.0 2.8071 0.0 0.0 -0.326 0.14142 996.0 1.2713 18.0 43.0 3.1071 0.0 0.0 -0.526 0.0 995.0 1.0492 18.0 
0.0559 185.98534 62.0 215.0 1.0 71.0 0.7071 0.0 2.274 0.0 0.44721 989.0 2.1453 11.0 69.0 1.6071 0.0 0.474 0.0 0.28284 988.0 1.9451 10.0 70.0 2.6071 0.0 0.0 -0.626 0.28284 986.0 1.8536 10.0 74.0 3.7071 0.0 0.0 -1.226 0.14142 983.0 1.8643 9.0 82.0 4.7071 0.0 0.0 -1.426 0.2 977.0 1.9077 8.0 
0.08922 163.24121 67.0 216.0 1.0 48.0 0.1071 0.0 2.474 0.0 0.44721 999.0 1.6809 19.0 48.0 1.3071 0.0 0.674 0.0 0.28284 998.0 1.5688 17.0 50.0 2.4071 0.0 0.0 -0.526 0.28284 996.0 1.502 15.0 57.0 3.4071 0.0 0.0 -1.526 0.22361 992.0 1.5802 13.0 69.0 4.5071 0.0 0.0 -2.326 0.14142 986.0 1.801 13.0 
0.10214 141.78947 56.0 217.0 1.0 45.0 0.0 -1.7929 0.974 0.0 0.31623 1000.0 1.591 20.0 50.0 0.0 -0.0929 1.274 0.0 0.3 999.0 1.8239 17.0 54.0 1.7071 0.0 1.374 0.0 0.3 998.0 1.9855 15.0 54.0 3.5071 0.0 1.474 0.0 0.2 997.0 1.8615 15.0 51.0 5.1071 0.0 1.474 0.0 0.22361 998.0 1.7711 15.0 
0.12304 92.42951 98.0 219.0 1.0 49.0 0.0 -0.8929 1.274 0.0 0.22361 995.0 1.3624 11.0 59.0 0.3071 0.0 0.774 0.0 0.2 992.0 1.693 12.0 67.0 1.5071 0.0 0.474 0.0 0.1 988.0 1.834 10.0 73.0 2.6071 0.0 0.574 0.0 0.22361 984.0 1.8769 9.0 81.0 3.8071 0.0 0.974 0.0 0.22361 979.0 1.9709 8.0 
0.0776 109.93408 61.0 21.0 1.0 53.0 0.0 -0.8929 3.474 0.0 0.67082 1001.0 2.3909 13.0 48.0 0.8071 0.0 0.574 0.0 0.44721 1000.0 1.8102 15.0 46.0 2.1071 0.0 0.0 -1.626 0.42426 1000.0 1.6625 16.0 45.0 3.4071 0.0 0.0 -3.126 0.28284 998.0 1.3789 14.0 47.0 4.5071 0.0 0.0 -4.026 0.22361 996.0 1.3272 12.0 
0.06942 201.65087 55.0 220.0 1.0 65.0 0.0 -0.8929 2.774 0.0 0.36056 994.0 2.2712 13.0 67.0 0.9071 0.0 1.574 0.0 0.31623 992.0 2.1833 12.0 69.0 2.6071 0.0 0.674 0.0 0.22361 990.0 2.1142 11.0 70.0 4.1071 0.0 0.174 0.0 0.22361 989.0 2.0853 10.0 65.0 5.4071 0.0 0.0 -0.126 0.2 991.0 1.9615 11.0 
0.06468 213.60353 89.0 221.0 1.0 67.0 0.3071 0.0 2.074 0.0 0.22361 986.0 1.6981 10.0 73.0 1.1071 0.0 1.574 0.0 0.1 981.0 1.7009 9.0 83.0 1.9071 0.0 1.474 0.0 0.1 975.0 1.8516 8.0 83.0 2.7071 0.0 1.674 0.0 0.14142 975.0 1.8516 8.0 79.0 3.5071 0.0 2.174 0.0 0.22361 979.0 1.8748 8.0 
0.17402 14.00819 52.0 222.0 1.0 40.0 0.0 -1.1929 1.174 0.0 0.28284 1000.0 1.2571 11.0 43.0 0.0071 0.0 0.0 -0.126 0.28284 998.0 1.259 10.0 51.0 1.5071 0.0 0.0 -1.526 0.42426 996.0 1.5627 9.0 61.0 3.4071 0.0 0.0 -3.126 0.36056 995.0 2.1114 11.0 69.0 5.3071 0.0 0.0 -4.526 0.42426 990.0 2.1142 9.0 
0.04026 267.74126 53.0 224.0 1.0 45.0 0.8071 0.0 3.074 0.0 0.36056 999.0 1.4773 12.0 46.0 2.1071 0.0 1.174 0.0 0.36056 999.0 1.5437 13.0 51.0 3.3071 0.0 0.0 -0.826 0.44721 998.0 1.7711 13.0 56.0 4.5071 0.0 0.0 -2.826 0.5 996.0 1.8841 12.0 62.0 5.8071 0.0 0.0 -4.626 0.36056 992.0 1.8696 11.0 
0.18727 85.49496 57.0 225.0 1.0 47.0 0.0 -1.6929 2.074 0.0 0.44721 1001.0 1.8802 18.0 51.0 0.6071 0.0 0.474 0.0 0.42426 1001.0 2.2138 16.0 51.0 2.5071 0.0 0.0 -1.426 0.36056 999.0 1.8976 14.0 52.0 4.2071 0.0 0.0 -2.826 0.36056 999.0 1.9727 17.0 55.0 5.6071 0.0 0.0 -3.926 0.22361 996.0 1.8174 14.0 
0.08003 247.43208 64.0 226.0 1.0 50.0 0.5071 0.0 2.674 0.0 0.22361 996.0 1.502 18.0 49.0 1.2071 0.0 1.874 0.0 0.1 996.0 1.4425 18.0 49.0 2.0071 0.0 1.474 0.0 0.1 996.0 1.4425 18.0 48.0 2.9071 0.0 1.474 0.0 0.2 996.0 1.3843 19.0 49.0 4.0071 0.0 1.574 0.0 0.2 997.0 1.5327 19.0 
0.08403 267.54699 78.0 227.0 1.0 88.0 0.3071 0.0 2.774 0.0 0.36056 981.0 2.4717 9.0 85.0 1.9071 0.0 1.474 0.0 0.36056 981.0 2.3061 9.0 83.0 3.2071 0.0 0.374 0.0 0.28284 980.0 2.1322 8.0 84.0 4.2071 0.0 0.0 -0.626 0.28284 977.0 2.0019 8.0 79.0 5.1071 0.0 0.0 -1.426 0.14142 979.0 1.8748 8.0 
0.07562 70.10126 82.0 228.0 1.0 30.0 0.2071 0.0 1.174 0.0 0.22361 1002.0 1.0 19.0 31.0 0.6071 0.0 0.174 0.0 0.14142 1001.0 1.0 18.0 31.0 1.1071 0.0 0.0 -0.526 0.14142 1000.0 1.0 16.0 33.0 1.6071 0.0 0.0 -0.926 0.0 999.0 1.0 14.0 38.0 2.0071 0.0 0.0 -1.026 0.1 998.0 1.0 16.0 
0.06633 167.47492 232.0 229.0 1.0 59.0 0.0 -3.1929 0.0 -0.126 0.5831 998.0 2.3703 14.0 60.0 0.0 -0.4929 0.0 -1.426 0.41231 996.0 2.1629 12.0 66.0 2.0071 0.0 0.0 -2.226 0.41231 994.0 2.3416 14.0 73.0 4.3071 0.0 0.0 -3.126 0.31623 990.0 2.3665 15.0 85.0 6.1071 0.0 0.0 -4.126 0.31623 981.0 2.3061 11.0 
0.05963 205.41978 60.0 22.0 1.0 56.0 0.0 -0.0929 3.874 0.0 0.53852 1000.0 2.4639 16.0 53.0 1.5071 0.0 1.074 0.0 0.5 999.0 2.0493 15.0 54.0 3.2071 0.0 0.0 -1.126 0.42426 998.0 1.9855 13.0 56.0 4.7071 0.0 0.0 -2.926 0.36056 996.0 1.8841 11.0 60.0 5.9071 0.0 0.0 -4.426 0.28284 991.0 1.6713 9.0 
0.02827 233.34002 98.0 231.0 1.0 76.0 1.0071 0.0 2.874 0.0 0.44721 986.0 2.185 13.0 75.0 1.8071 0.0 1.074 0.0 0.28284 985.0 2.0519 12.0 75.0 2.6071 0.0 0.0 -0.126 0.22361 983.0 1.9151 12.0 78.0 3.4071 0.0 0.0 -1.026 0.22361 980.0 1.883 11.0 77.0 4.1071 0.0 0.0 -1.726 0.14142 979.0 1.7811 11.0 
0.06551 171.21175 47.0 233.0 1.0 54.0 0.0 -1.0929 3.274 0.0 0.56569 1000.0 2.291 13.0 51.0 1.1071 0.0 1.074 0.0 0.5 1000.0 2.0435 12.0 55.0 3.1071 0.0 0.0 -1.226 0.56569 998.0 2.0598 10.0 59.0 5.1071 0.0 0.0 -3.726 0.5 998.0 2.3703 13.0 63.0 6.9071 0.0 0.0 -6.026 0.5 995.0 2.2521 11.0 
0.08198 229.08438 66.0 234.0 1.0 81.0 0.0 -0.3929 2.874 0.0 0.36056 986.0 2.4819 10.0 74.0 1.2071 0.0 1.674 0.0 0.22361 987.0 2.1512 10.0 72.0 2.7071 0.0 0.974 0.0 0.22361 987.0 2.0365 10.0 72.0 4.0071 0.0 0.0 -0.026 0.28284 987.0 2.0365 10.0 71.0 5.2071 0.0 0.0 -1.026 0.14142 986.0 1.9069 10.0 
0.11781 208.01549 52.0 236.0 1.0 63.0 0.0 -1.6929 1.874 0.0 0.3 991.0 1.8426 12.0 77.0 0.0071 0.0 1.874 0.0 0.3 985.0 2.1628 12.0 94.0 1.9071 0.0 1.774 0.0 0.4 974.0 2.3141 10.0 115.0 3.8071 0.0 1.874 0.0 0.31623 955.0 2.3289 8.0 135.0 5.6071 0.0 2.174 0.0 0.3 934.0 2.3563 6.0 
0.06582 185.81567 64.0 237.0 1.0 56.0 0.0 -1.2929 1.674 0.0 0.22361 993.0 1.6015 13.0 70.0 0.0071 0.0 1.674 0.0 0.2 987.0 1.9249 10.0 86.0 1.6071 0.0 1.574 0.0 0.3 978.0 2.1583 8.0 100.0 3.2071 0.0 1.474 0.0 0.2 966.0 2.1731 7.0 107.0 4.5071 0.0 1.374 0.0 0.2 958.0 2.1261 6.0 
0.15541 145.46449 50.0 238.0 1.0 70.0 0.0 -2.0929 1.174 0.0 0.41231 995.0 2.5 14.0 72.0 0.3071 0.0 1.274 0.0 0.41231 992.0 2.5 12.0 74.0 2.4071 0.0 0.374 0.0 0.31623 989.0 2.3304 11.0 78.0 4.3071 0.0 0.0 -0.126 0.3 986.0 2.3015 9.0 76.0 6.1071 0.0 0.0 -0.426 0.3 987.0 2.269 10.0 
0.12423 93.62417 67.0 239.0 1.0 35.0 0.0 -0.2929 1.274 0.0 0.14142 1001.0 1.0427 21.0 41.0 0.5071 0.0 0.674 0.0 0.28284 999.0 1.2264 18.0 46.0 1.5071 0.0 0.0 -0.126 0.14142 998.0 1.4408 16.0 49.0 2.5071 0.0 0.0 -0.926 0.28284 997.0 1.5327 15.0 52.0 3.7071 0.0 0.0 -1.826 0.22361 996.0 1.6246 14.0 
0.04924 173.18157 111.0 23.0 1.0 71.0 0.7071 0.0 2.174 0.0 0.36056 988.0 2.0595 10.0 65.0 1.4071 0.0 0.674 0.0 0.22361 988.0 1.7261 9.0 64.0 1.9071 0.0 0.0 -0.326 0.14142 985.0 1.4941 7.0 64.0 2.4071 0.0 0.0 -0.826 0.1 984.0 1.4426 7.0 65.0 2.9071 0.0 0.0 -1.026 0.14142 984.0 1.488 7.0 
0.07025 187.78321 52.0 240.0 1.0 58.0 0.0 -0.7929 4.074 0.0 0.64031 1000.0 2.5 12.0 55.0 1.3071 0.0 1.074 0.0 0.5831 999.0 2.2069 11.0 55.0 3.2071 0.0 0.0 -1.626 0.5 998.0 2.0598 10.0 56.0 4.9071 0.0 0.0 -3.926 0.44721 996.0 1.8841 9.0 59.0 6.3071 0.0 0.0 -6.026 0.36056 994.0 1.8713 11.0 
0.09226 266.36685 105.0 241.0 1.0 75.0 0.0 -0.5929 3.174 0.0 0.36056 989.0 2.3938 11.0 78.0 1.2071 0.0 2.074 0.0 0.31623 986.0 2.3015 10.0 80.0 2.9071 0.0 1.474 0.0 0.22361 982.0 2.1086 9.0 81.0 4.2071 0.0 1.074 0.0 0.22361 979.0 1.9709 8.0 81.0 5.2071 0.0 0.674 0.0 0.2 977.0 1.8615 8.0 
0.20112 13.18352 81.0 242.0 1.0 42.0 0.0 -0.7929 1.374 0.0 0.22361 998.0 1.2011 12.0 43.0 0.0 -0.0929 0.074 0.0 0.28284 997.0 1.1803 13.0 47.0 0.7071 0.0 0.0 -1.026 0.22361 995.0 1.2535 11.0 55.0 1.6071 0.0 0.0 -1.826 0.22361 991.0 1.4044 11.0 64.0 2.7071 0.0 0.0 -2.226 0.14142 987.0 1.6091 11.0 
0.05076 187.25955 62.0 244.0 1.0 44.0 0.0 -0.4929 2.474 0.0 0.22361 999.0 1.4124 19.0 50.0 0.6071 0.0 1.574 0.0 0.31623 997.0 1.5959 15.0 56.0 2.0071 0.0 0.874 0.0 0.22361 995.0 1.7795 14.0 58.0 3.3071 0.0 0.374 0.0 0.22361 994.0 1.8084 13.0 60.0 4.5071 0.0 0.0 -0.026 0.22361 992.0 1.7509 12.0 
0.04573 315.20182 49.0 245.0 1.0 60.0 0.0 -1.4929 3.174 0.0 0.3 996.0 2.1629 14.0 70.0 0.6071 0.0 2.774 0.0 0.41231 992.0 2.3832 12.0 76.0 2.8071 0.0 2.174 0.0 0.4 989.0 2.4581 11.0 75.0 4.8071 0.0 1.674 0.0 0.31623 988.0 2.2981 10.0 70.0 6.5071 0.0 1.174 0.0 0.36056 989.0 2.0853 11.0 
0.0531 256.42697 293.0 246.0 1.0 68.0 0.0 -1.2929 2.874 0.0 0.31623 991.0 2.1467 15.0 68.0 0.4071 0.0 2.274 0.0 0.3 991.0 2.1467 15.0 65.0 2.0071 0.0 2.174 0.0 0.3 991.0 1.9615 15.0 62.0 3.5071 0.0 2.274 0.0 0.2 992.0 1.8696 15.0 60.0 4.7071 0.0 2.374 0.0 0.2 992.0 1.7509 15.0 
0.07453 291.14152 66.0 247.0 1.0 80.0 0.0 -0.4929 3.574 0.0 0.42426 984.0 2.2541 7.0 86.0 1.3071 0.0 2.274 0.0 0.36056 980.0 2.2891 6.0 87.0 2.9071 0.0 1.274 0.0 0.36056 978.0 2.2088 6.0 88.0 4.3071 0.0 0.574 0.0 0.22361 974.0 2.0281 6.0 90.0 5.3071 0.0 0.174 0.0 0.14142 969.0 1.8803 5.0 
0.07881 230.44483 183.0 24.0 1.0 70.0 0.0 -1.2929 2.374 0.0 0.22361 987.0 1.9249 10.0 73.0 0.0 -0.0929 2.074 0.0 0.2 984.0 1.8769 9.0 78.0 1.2071 0.0 2.374 0.0 0.22361 982.0 2.0045 9.0 85.0 2.5071 0.0 3.074 0.0 0.28284 979.0 2.1704 8.0 86.0 3.8071 0.0 4.174 0.0 0.28284 978.0 2.1583 8.0 
0.05073 256.10436 71.0 252.0 1.0 55.0 2.3071 0.0 0.0 -0.726 0.1 991.0 1.4044 11.0 59.0 2.3071 0.0 0.0 -0.026 0.2 989.0 1.4814 11.0 65.0 2.5071 0.0 0.674 0.0 0.0 984.0 1.488 9.0 79.0 3.0071 0.0 0.874 0.0 0.1 976.0 1.7228 8.0 93.0 3.7071 0.0 0.774 0.0 0.14142 965.0 1.8404 7.0 
0.07466 178.25807 82.0 254.0 1.0 75.0 0.7071 0.0 2.174 0.0 0.31623 985.0 2.0519 12.0 69.0 1.4071 0.0 0.774 0.0 0.28284 987.0 1.8703 13.0 66.0 2.2071 0.0 0.0 -0.326 0.14142 989.0 1.8538 13.0 63.0 3.0071 0.0 0.0 -1.226 0.14142 989.0 1.6891 14.0 61.0 3.7071 0.0 0.0 -1.926 0.14142 990.0 1.6524 14.0 
0.1054 32.63974 89.0 255.0 1.0 28.0 0.0 -0.2929 0.0 -0.626 0.1 1001.0 1.0 22.0 32.0 0.0 -0.2929 0.0 -0.026 0.1 1000.0 1.0 19.0 34.0 0.0 -0.2929 0.474 0.0 0.0 1000.0 1.0 18.0 34.0 0.0 -0.1929 0.874 0.0 0.0 1000.0 1.0 18.0 33.0 0.0071 0.0 1.174 0.0 0.0 1000.0 1.0 18.0 
0.0758 152.12534 206.0 256.0 1.0 74.0 0.0 -1.0929 3.074 0.0 0.5 992.0 2.5 12.0 73.0 0.7071 0.0 1.174 0.0 0.36056 990.0 2.3665 11.0 72.0 2.5071 0.0 0.0 -0.026 0.36056 989.0 2.2062 11.0 69.0 4.1071 0.0 0.0 -0.626 0.2 989.0 2.0261 10.0 65.0 5.3071 0.0 0.0 -0.726 0.22361 988.0 1.7261 10.0 
0.06057 242.99435 171.0 257.0 1.0 41.0 1.6071 0.0 2.074 0.0 0.31623 998.0 1.1446 14.0 41.0 2.0071 0.0 0.874 0.0 0.14142 997.0 1.0731 12.0 45.0 2.4071 0.0 0.174 0.0 0.0 993.0 1.0341 10.0 51.0 2.6071 0.0 0.0 -0.126 0.1 990.0 1.155 12.0 56.0 2.8071 0.0 0.0 -0.426 0.0 987.0 1.2319 11.0 
0.10113 211.34081 48.0 258.0 1.0 104.0 0.0 -1.0929 2.774 0.0 0.36056 969.0 2.5 7.0 120.0 0.9071 0.0 1.674 0.0 0.31623 953.0 2.4513 6.0 115.0 2.8071 0.0 0.774 0.0 0.31623 958.0 2.4559 6.0 104.0 4.7071 0.0 0.0 -0.026 0.31623 968.0 2.4549 7.0 91.0 6.5071 0.0 0.0 -0.926 0.31623 977.0 2.3494 8.0 
0.15841 88.54199 55.0 259.0 1.0 58.0 0.0 -1.8929 0.974 0.0 0.31623 993.0 1.7179 13.0 69.0 0.0 -0.1929 0.774 0.0 0.31623 988.0 1.9451 11.0 76.0 1.7071 0.0 1.074 0.0 0.3 985.0 2.1069 10.0 79.0 3.5071 0.0 1.374 0.0 0.3 982.0 2.0563 9.0 79.0 5.1071 0.0 1.374 0.0 0.2 981.0 1.992 9.0 
0.06332 176.88004 61.0 260.0 1.0 44.0 0.0 -0.5929 2.774 0.0 0.42426 1001.0 1.6478 15.0 42.0 0.8071 0.0 1.374 0.0 0.22361 1001.0 1.5014 15.0 39.0 2.0071 0.0 0.474 0.0 0.22361 1001.0 1.2946 16.0 36.0 3.1071 0.0 0.0 -0.226 0.22361 1001.0 1.1031 16.0 33.0 3.9071 0.0 0.0 -0.826 0.22361 1002.0 1.0112 17.0 
0.14225 141.4162 68.0 261.0 1.0 86.0 0.0 -1.2929 1.174 0.0 0.2 975.0 1.9879 10.0 96.0 0.0071 0.0 1.274 0.0 0.31623 969.0 2.1393 9.0 99.0 1.3071 0.0 1.674 0.0 0.3 966.0 2.1299 9.0 98.0 2.5071 0.0 1.974 0.0 0.2 966.0 2.0871 9.0 97.0 3.6071 0.0 1.974 0.0 0.22361 966.0 2.0447 9.0 
0.03754 192.1136 55.0 262.0 1.0 49.0 0.0 -0.2929 2.274 0.0 0.22361 997.0 1.5327 11.0 53.0 0.9071 0.0 1.474 0.0 0.22361 996.0 1.6877 11.0 56.0 2.2071 0.0 0.674 0.0 0.31623 995.0 1.7795 10.0 58.0 3.7071 0.0 0.0 -0.026 0.31623 995.0 1.9088 10.0 58.0 5.3071 0.0 0.0 -0.526 0.22361 994.0 1.8084 10.0 
0.06726 281.38153 49.0 264.0 1.0 73.0 0.0 -0.3929 3.474 0.0 0.42426 990.0 2.3665 8.0 81.0 1.7071 0.0 1.874 0.0 0.44721 987.0 2.5 7.0 80.0 3.7071 0.0 0.674 0.0 0.36056 986.0 2.421 7.0 66.0 5.4071 0.0 0.0 -0.226 0.31623 992.0 2.1186 8.0 54.0 6.8071 0.0 0.0 -1.026 0.22361 996.0 1.752 10.0 
0.06468 205.91222 67.0 265.0 1.0 68.0 0.9071 0.0 0.0 -2.226 0.22361 988.0 1.8891 10.0 82.0 1.7071 0.0 0.0 -0.726 0.28284 980.0 2.0811 8.0 87.0 2.7071 0.0 0.574 0.0 0.28284 976.0 2.0894 8.0 84.0 3.8071 0.0 1.774 0.0 0.22361 978.0 2.0591 8.0 79.0 4.9071 0.0 2.674 0.0 0.22361 981.0 1.992 9.0 
0.11441 163.42753 41.0 266.0 1.0 37.0 0.8071 0.0 1.474 0.0 0.14142 998.0 1.0 16.0 36.0 1.0071 0.0 1.074 0.0 0.14142 999.0 1.0 17.0 34.0 1.4071 0.0 0.674 0.0 0.1 1000.0 1.0 19.0 32.0 1.8071 0.0 0.374 0.0 0.14142 1001.0 1.0 20.0 33.0 2.4071 0.0 0.0 -0.226 0.14142 1001.0 1.0 22.0 
0.08402 186.90786 59.0 267.0 1.0 80.0 0.0 -0.8929 3.774 0.0 0.56569 992.0 2.5 12.0 79.0 1.2071 0.0 1.174 0.0 0.5 989.0 2.5 11.0 77.0 2.8071 0.0 0.0 -0.626 0.36056 985.0 2.1628 10.0 80.0 4.1071 0.0 0.0 -1.426 0.22361 979.0 1.9226 8.0 89.0 5.2071 0.0 0.0 -1.626 0.2 971.0 1.9263 7.0 
0.17339 82.21395 80.0 268.0 1.0 55.0 0.0 -1.2929 1.174 0.0 0.31623 997.0 1.931 19.0 56.0 0.3071 0.0 0.674 0.0 0.3 996.0 1.8841 18.0 54.0 1.8071 0.0 0.074 0.0 0.22361 996.0 1.752 18.0 52.0 3.0071 0.0 0.0 -0.526 0.28284 996.0 1.6246 19.0 50.0 4.1071 0.0 0.0 -1.326 0.22361 997.0 1.5959 19.0 
0.10972 125.44014 80.0 269.0 1.0 48.0 0.0 -0.5929 2.574 0.0 0.5 998.0 1.5688 15.0 49.0 0.9071 0.0 0.674 0.0 0.44721 997.0 1.5327 14.0 51.0 2.1071 0.0 0.0 -1.126 0.31623 995.0 1.4759 14.0 54.0 3.1071 0.0 0.0 -2.626 0.22361 993.0 1.4892 14.0 61.0 4.1071 0.0 0.0 -3.426 0.28284 988.0 1.5202 13.0 
0.10986 157.02583 91.0 26.0 1.0 36.0 0.0 -1.0929 0.0 -1.226 0.1 998.0 1.0 14.0 41.0 0.0 -0.4929 0.0 -1.326 0.22361 995.0 1.0 12.0 48.0 0.2071 0.0 0.0 -1.426 0.1 993.0 1.1766 13.0 58.0 0.8071 0.0 0.0 -1.426 0.1 987.0 1.3215 11.0 76.0 1.4071 0.0 0.0 -1.426 0.22361 979.0 1.7351 11.0 
0.0234 276.41288 71.0 270.0 1.0 73.0 0.6071 0.0 3.274 0.0 0.42426 989.0 2.2679 11.0 75.0 2.0071 0.0 1.474 0.0 0.36056 987.0 2.2097 10.0 76.0 3.2071 0.0 0.074 0.0 0.28284 983.0 1.9665 9.0 85.0 4.1071 0.0 0.0 -0.826 0.22361 974.0 1.8922 8.0 101.0 4.9071 0.0 0.0 -1.426 0.14142 958.0 1.8944 6.0 
0.02039 251.98434 52.0 271.0 1.0 69.0 0.9071 0.0 2.774 0.0 0.31623 987.0 1.8703 7.0 73.0 1.8071 0.0 1.374 0.0 0.28284 986.0 2.0159 7.0 76.0 3.1071 0.0 0.074 0.0 0.36056 986.0 2.185 7.0 75.0 4.6071 0.0 0.0 -1.226 0.42426 988.0 2.2981 7.0 63.0 6.1071 0.0 0.0 -2.426 0.28284 993.0 2.0269 9.0 
0.05946 253.75742 51.0 273.0 1.0 75.0 0.0 -0.2929 2.574 0.0 0.14142 981.0 1.7954 9.0 82.0 0.7071 0.0 2.174 0.0 0.2 978.0 1.9622 8.0 85.0 2.0071 0.0 1.874 0.0 0.2 978.0 2.1084 8.0 87.0 3.6071 0.0 1.674 0.0 0.3 979.0 2.2738 8.0 87.0 5.4071 0.0 1.474 0.0 0.3 979.0 2.2738 8.0 
0.09074 146.70683 65.0 274.0 1.0 77.0 0.0 -1.1929 2.774 0.0 0.5 989.0 2.5 11.0 82.0 0.6071 0.0 1.174 0.0 0.36056 983.0 2.2892 9.0 84.0 2.1071 0.0 0.174 0.0 0.31623 979.0 2.1196 8.0 91.0 3.4071 0.0 0.0 -0.226 0.2 971.0 2.0138 7.0 101.0 4.5071 0.0 0.074 0.0 0.2 961.0 2.0037 6.0 
0.07181 220.17673 110.0 276.0 1.0 65.0 0.0 -0.6929 3.074 0.0 0.42426 996.0 2.5 14.0 64.0 1.2071 0.0 1.574 0.0 0.36056 995.0 2.3242 13.0 59.0 2.7071 0.0 0.474 0.0 0.22361 994.0 1.8713 13.0 57.0 3.8071 0.0 0.0 -0.126 0.14142 993.0 1.6592 12.0 55.0 4.6071 0.0 0.0 -0.426 0.2 993.0 1.5448 12.0 
0.02787 273.42719 46.0 277.0 1.0 54.0 0.1071 0.0 3.274 0.0 0.42426 999.0 2.1274 17.0 55.0 1.8071 0.0 1.674 0.0 0.42426 999.0 2.2069 17.0 55.0 3.7071 0.0 0.174 0.0 0.36056 999.0 2.2069 17.0 53.0 5.5071 0.0 0.0 -1.226 0.36056 999.0 2.0493 17.0 50.0 7.1071 0.0 0.0 -2.526 0.36056 1000.0 1.9642 18.0 
0.09001 198.15681 55.0 278.0 1.0 62.0 0.0 -1.5929 2.974 0.0 0.5 998.0 2.5 17.0 64.0 1.0071 0.0 1.474 0.0 0.44721 997.0 2.5 15.0 60.0 3.1071 0.0 0.274 0.0 0.31623 996.0 2.1629 14.0 57.0 4.7071 0.0 0.0 -0.226 0.22361 994.0 1.7465 13.0 55.0 5.9071 0.0 0.0 -0.426 0.2 993.0 1.5448 13.0 
0.0715 317.16735 61.0 279.0 1.0 84.0 0.1071 0.0 2.974 0.0 0.1 973.0 1.8017 7.0 96.0 1.0071 0.0 2.674 0.0 0.2 965.0 1.961 7.0 104.0 2.1071 0.0 2.274 0.0 0.22361 960.0 2.0844 6.0 113.0 3.4071 0.0 1.774 0.0 0.22361 952.0 2.138 6.0 119.0 4.6071 0.0 1.274 0.0 0.22361 944.0 2.0962 5.0 
0.02893 269.99085 145.0 27.0 1.0 59.0 0.9071 0.0 2.974 0.0 0.44721 996.0 2.0914 14.0 56.0 2.0071 0.0 1.374 0.0 0.28284 995.0 1.7795 14.0 54.0 2.9071 0.0 0.274 0.0 0.22361 994.0 1.5675 13.0 55.0 3.7071 0.0 0.0 -0.326 0.14142 992.0 1.4713 12.0 57.0 4.4071 0.0 0.0 -0.826 0.1 991.0 1.5084 11.0 
0.05433 315.7006 74.0 280.0 1.0 61.0 0.7071 0.0 0.0 -3.026 0.14142 985.0 1.3573 10.0 80.0 1.3071 0.0 0.0 -2.526 0.1 976.0 1.7667 10.0 95.0 2.0071 0.0 0.0 -2.126 0.14142 965.0 1.9204 9.0 101.0 2.7071 0.0 0.0 -1.626 0.14142 959.0 1.9294 8.0 94.0 3.5071 0.0 0.0 -1.126 0.14142 967.0 1.9619 9.0 
0.17209 87.40194 56.0 283.0 1.0 67.0 0.0 -1.5929 1.774 0.0 0.36056 993.0 2.2925 16.0 76.0 0.4071 0.0 0.674 0.0 0.36056 988.0 2.3598 13.0 82.0 2.2071 0.0 0.0 -0.326 0.36056 983.0 2.2892 12.0 90.0 3.9071 0.0 0.0 -0.926 0.2 974.0 2.1213 10.0 102.0 5.3071 0.0 0.0 -1.026 0.2 957.0 1.8976 6.0 
0.04959 260.90683 39.0 284.0 1.0 50.0 1.1071 0.0 2.274 0.0 0.28284 996.0 1.502 14.0 46.0 1.9071 0.0 1.374 0.0 0.14142 998.0 1.4408 15.0 43.0 2.7071 0.0 0.574 0.0 0.22361 999.0 1.3489 17.0 41.0 3.6071 0.0 0.0 -0.326 0.22361 1000.0 1.3207 19.0 36.0 4.4071 0.0 0.0 -1.226 0.28284 1001.0 1.1031 21.0 
0.03018 304.80217 122.0 286.0 1.0 55.0 1.2071 0.0 2.774 0.0 0.14142 995.0 1.7165 13.0 53.0 2.0071 0.0 1.874 0.0 0.14142 995.0 1.5939 13.0 51.0 2.8071 0.0 1.274 0.0 0.14142 995.0 1.4759 13.0 50.0 3.4071 0.0 0.674 0.0 0.1 995.0 1.4186 13.0 49.0 4.0071 0.0 0.174 0.0 0.1 995.0 1.3624 13.0 
0.05153 248.58317 64.0 287.0 1.0 45.0 0.7071 0.0 2.774 0.0 0.36056 999.0 1.4773 18.0 49.0 1.9071 0.0 1.174 0.0 0.36056 999.0 1.7517 18.0 50.0 3.3071 0.0 0.0 -0.526 0.28284 999.0 1.8239 17.0 48.0 4.5071 0.0 0.0 -1.926 0.28284 999.0 1.6809 17.0 47.0 5.6071 0.0 0.0 -3.026 0.22361 998.0 1.5041 17.0 
0.026 272.11954 57.0 288.0 1.0 74.0 0.0 -0.1929 3.674 0.0 0.36056 989.0 2.3304 10.0 79.0 1.3071 0.0 2.074 0.0 0.36056 985.0 2.2766 9.0 83.0 2.8071 0.0 0.874 0.0 0.28284 980.0 2.1322 9.0 93.0 4.1071 0.0 0.0 -0.126 0.28284 971.0 2.1033 7.0 104.0 5.3071 0.0 0.0 -1.026 0.22361 961.0 2.1245 6.0 
0.03774 291.24011 158.0 289.0 1.0 92.0 0.5071 0.0 3.174 0.0 0.28284 974.0 2.2166 10.0 88.0 1.6071 0.0 2.074 0.0 0.22361 975.0 2.0815 10.0 82.0 2.7071 0.0 1.074 0.0 0.22361 979.0 2.0199 11.0 76.0 3.6071 0.0 0.274 0.0 0.22361 982.0 1.903 11.0 70.0 4.4071 0.0 0.0 -0.326 0.14142 984.0 1.7258 12.0 
0.02234 221.26748 62.0 28.0 1.0 50.0 0.0 -3.3929 0.574 0.0 0.5 1000.0 1.9642 12.0 49.0 0.0 -1.3929 0.0 -1.426 0.42426 999.0 1.7517 11.0 49.0 0.4071 0.0 0.0 -3.126 0.36056 998.0 1.6349 10.0 50.0 2.1071 0.0 0.0 -4.126 0.36056 997.0 1.5959 13.0 55.0 3.6071 0.0 0.0 -4.926 0.31623 994.0 1.6261 11.0 
0.14284 163.93864 69.0 290.0 1.0 63.0 0.0 -1.0929 1.574 0.0 0.2 986.0 1.5014 11.0 82.0 0.0 -0.0929 1.474 0.0 0.2 971.0 1.6352 8.0 117.0 0.9071 0.0 1.574 0.0 0.2 944.0 2.0263 7.0 140.0 2.1071 0.0 1.774 0.0 0.2 921.0 2.176 6.0 142.0 3.3071 0.0 1.974 0.0 0.2 919.0 2.191 6.0 
0.07245 229.08438 47.0 292.0 1.0 66.0 0.0 -0.9929 3.974 0.0 0.56569 999.0 2.5 16.0 61.0 1.2071 0.0 1.674 0.0 0.5 998.0 2.5 16.0 58.0 3.3071 0.0 0.0 -0.026 0.36056 998.0 2.2906 16.0 55.0 5.2071 0.0 0.0 -1.026 0.31623 998.0 2.0598 16.0 50.0 6.9071 0.0 0.0 -1.526 0.22361 999.0 1.8239 16.0 
0.04508 188.05989 82.0 295.0 1.0 80.0 0.7071 0.0 2.174 0.0 0.31623 982.0 2.1086 9.0 80.0 1.5071 0.0 0.774 0.0 0.14142 979.0 1.9226 8.0 84.0 2.2071 0.0 0.0 -0.226 0.14142 974.0 1.8479 8.0 89.0 2.9071 0.0 0.0 -0.826 0.14142 969.0 1.8387 7.0 86.0 3.5071 0.0 0.0 -1.226 0.1 970.0 1.7568 7.0 
0.0814 203.01067 54.0 296.0 1.0 60.0 0.0 -1.1929 3.974 0.0 0.70711 1001.0 2.5 20.0 58.0 1.2071 0.0 1.374 0.0 0.56569 1000.0 2.5 19.0 51.0 3.1071 0.0 0.0 -0.526 0.36056 1000.0 2.0435 18.0 45.0 4.6071 0.0 0.0 -1.326 0.22361 1000.0 1.591 18.0 43.0 5.9071 0.0 0.0 -1.526 0.2 1000.0 1.4527 18.0 
0.14453 180.46314 59.0 297.0 1.0 66.0 0.0 -1.7929 2.574 0.0 0.44721 993.0 2.2245 12.0 76.0 0.4071 0.0 1.574 0.0 0.41231 989.0 2.4581 11.0 75.0 2.3071 0.0 0.674 0.0 0.22361 986.0 2.1279 10.0 76.0 3.6071 0.0 0.0 -0.026 0.22361 983.0 1.9665 9.0 80.0 4.7071 0.0 0.0 -0.726 0.28284 980.0 1.9808 8.0 
0.21596 131.83447 66.0 298.0 1.0 82.0 0.0 -1.2929 1.774 0.0 0.36056 982.0 2.2154 9.0 105.0 0.5071 0.0 1.074 0.0 0.41231 964.0 2.2981 7.0 118.0 2.3071 0.0 0.774 0.0 0.3 952.0 2.3314 6.0 109.0 3.9071 0.0 0.974 0.0 0.22361 958.0 2.2064 6.0 98.0 5.2071 0.0 1.774 0.0 0.28284 967.0 2.1324 7.0 
0.03918 242.05755 52.0 299.0 1.0 47.0 0.3071 0.0 2.574 0.0 0.28284 998.0 1.5041 12.0 50.0 1.6071 0.0 1.474 0.0 0.36056 999.0 1.8239 12.0 50.0 3.1071 0.0 0.374 0.0 0.36056 999.0 1.8239 13.0 48.0 4.7071 0.0 0.0 -0.726 0.28284 999.0 1.6809 13.0 46.0 6.1071 0.0 0.0 -1.826 0.28284 1000.0 1.6625 14.0 
0.10113 146.70683 70.0 29.0 1.0 54.0 0.0 -1.3929 2.574 0.0 0.42426 999.0 2.1274 18.0 57.0 0.6071 0.0 1.174 0.0 0.36056 997.0 2.074 15.0 58.0 2.3071 0.0 0.0 -0.026 0.22361 996.0 2.0211 14.0 58.0 3.7071 0.0 0.0 -0.526 0.2 994.0 1.8084 13.0 61.0 4.9071 0.0 0.0 -0.526 0.2 991.0 1.7275 11.0 
0.05053 244.59289 47.0 300.0 1.0 59.0 0.0 -1.1929 3.474 0.0 0.5831 1000.0 2.5 14.0 58.0 1.3071 0.0 1.774 0.0 0.44721 999.0 2.4542 13.0 52.0 3.5071 0.0 0.574 0.0 0.31623 999.0 1.9727 13.0 48.0 5.2071 0.0 0.0 -0.026 0.3 999.0 1.6809 13.0 45.0 6.8071 0.0 0.0 -0.226 0.2 1000.0 1.591 13.0 
0.04037 247.0314 50.0 302.0 1.0 61.0 0.0 -0.9929 2.974 0.0 0.31623 993.0 1.9003 13.0 72.0 0.8071 0.0 2.074 0.0 0.44721 990.0 2.3021 11.0 79.0 2.7071 0.0 1.174 0.0 0.31623 986.0 2.3609 10.0 85.0 4.5071 0.0 0.274 0.0 0.31623 982.0 2.3805 9.0 76.0 6.1071 0.0 0.0 -0.826 0.42426 988.0 2.3598 10.0 
0.05034 164.681 49.0 305.0 1.0 40.0 0.0 -0.5929 2.074 0.0 0.22361 1001.0 1.3618 16.0 44.0 0.9071 0.0 1.174 0.0 0.36056 1001.0 1.6478 15.0 46.0 2.7071 0.0 0.074 0.0 0.31623 1001.0 1.801 15.0 45.0 4.5071 0.0 0.0 -0.626 0.31623 1001.0 1.7236 15.0 42.0 6.2071 0.0 0.0 -1.126 0.31623 1001.0 1.5014 16.0 
0.06146 227.10248 199.0 306.0 1.0 71.0 0.0 -0.7929 3.074 0.0 0.36056 992.0 2.4518 12.0 75.0 1.3071 0.0 1.574 0.0 0.36056 989.0 2.3938 11.0 72.0 2.9071 0.0 0.374 0.0 0.22361 988.0 2.1179 10.0 71.0 4.1071 0.0 0.0 -0.326 0.14142 985.0 1.8388 9.0 73.0 4.9071 0.0 0.0 -0.726 0.14142 981.0 1.7009 9.0 
0.14508 117.17765 54.0 308.0 1.0 64.0 0.0 -1.5929 1.674 0.0 0.41231 994.0 2.2019 13.0 69.0 0.4071 0.0 0.974 0.0 0.41231 992.0 2.3156 12.0 70.0 2.5071 0.0 0.574 0.0 0.31623 991.0 2.2749 11.0 65.0 4.3071 0.0 0.474 0.0 0.3 992.0 2.0549 12.0 59.0 5.9071 0.0 0.574 0.0 0.2 994.0 1.8713 13.0 
0.03658 166.06974 45.0 309.0 1.0 63.0 0.0 -3.7929 0.0 -0.026 0.5831 997.0 2.5 12.0 75.0 0.0 -0.6929 0.0 -1.326 0.53852 992.0 2.5 10.0 84.0 2.3071 0.0 0.0 -2.126 0.41231 985.0 2.5 8.0 95.0 4.9071 0.0 0.0 -2.426 0.4 977.0 2.5 8.0 107.0 7.1071 0.0 0.0 -2.326 0.3 964.0 2.3865 7.0 
0.03694 135.31835 53.0 30.0 1.0 64.0 0.0 -3.1929 0.674 0.0 0.5 996.0 2.4609 12.0 67.0 0.0 -0.7929 0.0 -0.926 0.42426 994.0 2.4131 12.0 75.0 1.3071 0.0 0.0 -2.026 0.31623 989.0 2.3938 11.0 78.0 3.2071 0.0 0.0 -2.426 0.4 986.0 2.3015 10.0 83.0 5.2071 0.0 0.0 -1.926 0.41231 983.0 2.3454 9.0 
0.19275 102.71108 67.0 311.0 1.0 101.0 0.0 -0.5929 1.574 0.0 0.22361 963.0 2.0838 6.0 105.0 0.5071 0.0 0.774 0.0 0.22361 959.0 2.0853 6.0 106.0 1.7071 0.0 0.374 0.0 0.22361 959.0 2.1252 6.0 107.0 3.0071 0.0 0.074 0.0 0.3 959.0 2.1655 6.0 106.0 4.4071 0.0 0.0 -0.026 0.22361 960.0 2.1653 6.0 
0.04714 143.93094 74.0 313.0 1.0 50.0 0.0 -2.5929 0.674 0.0 0.42426 998.0 1.7023 11.0 50.0 0.0 -0.7929 0.0 -1.026 0.42426 998.0 1.7023 14.0 52.0 0.8071 0.0 0.0 -2.426 0.28284 996.0 1.6246 12.0 57.0 2.3071 0.0 0.0 -3.426 0.36056 992.0 1.5802 10.0 65.0 3.7071 0.0 0.0 -4.126 0.2 987.0 1.6597 11.0 
0.11914 21.89443 34.0 314.0 1.0 40.0 0.0 -0.2929 2.674 0.0 0.41231 1001.0 1.3618 13.0 43.0 0.0 -0.0929 0.174 0.0 0.5099 1000.0 1.4527 12.0 49.0 0.3071 0.0 0.0 -2.626 0.5099 999.0 1.7517 11.0 54.0 1.0071 0.0 0.0 -5.626 0.41231 997.0 1.8615 10.0 60.0 2.2071 0.0 0.0 -8.326 0.44721 996.0 2.1629 12.0 
0.03351 174.17829 69.0 315.0 1.0 31.0 0.0 -1.7929 0.0 -0.026 0.22361 1002.0 1.0 14.0 33.0 0.0 -1.0929 0.0 -1.126 0.22361 1001.0 1.0 12.0 36.0 0.0 -0.1929 0.0 -1.926 0.14142 1000.0 1.0182 11.0 41.0 0.9071 0.0 0.0 -2.526 0.2 999.0 1.2264 10.0 47.0 2.1071 0.0 0.0 -2.826 0.3 998.0 1.5041 12.0 
0.08243 207.37362 63.0 317.0 1.0 63.0 0.1071 0.0 3.574 0.0 0.5831 996.0 2.3846 14.0 61.0 1.8071 0.0 0.474 0.0 0.5 994.0 2.0003 12.0 60.0 3.2071 0.0 0.0 -1.926 0.36056 991.0 1.6713 10.0 64.0 4.3071 0.0 0.0 -3.426 0.28284 987.0 1.6091 11.0 78.0 5.3071 0.0 0.0 -4.526 0.14142 977.0 1.7261 11.0 
0.16316 92.42951 64.0 318.0 1.0 47.0 0.0 -1.3929 1.074 0.0 0.3 999.0 1.6116 17.0 51.0 0.3071 0.0 0.774 0.0 0.2 998.0 1.7711 16.0 52.0 2.0071 0.0 0.574 0.0 0.2 998.0 1.8412 16.0 50.0 3.5071 0.0 0.574 0.0 0.3 998.0 1.7023 16.0 47.0 4.9071 0.0 0.874 0.0 0.22361 998.0 1.5041 16.0 
0.02131 161.05662 38.0 319.0 1.0 47.0 0.0 -3.0929 1.574 0.0 0.5831 1001.0 1.8802 13.0 50.0 0.0 -1.1929 0.0 -0.826 0.56569 1000.0 1.9642 12.0 52.0 0.9071 0.0 0.0 -3.026 0.5 999.0 1.9727 11.0 56.0 2.8071 0.0 0.0 -5.326 0.56569 998.0 2.1353 10.0 59.0 4.7071 0.0 0.0 -7.526 0.44721 996.0 2.0914 12.0 
0.0598 285.772 37.0 320.0 1.0 80.0 0.0 -2.3929 4.274 0.0 0.67082 995.0 2.5 10.0 84.0 1.2071 0.0 2.274 0.0 0.67082 994.0 2.5 9.0 74.0 4.6071 0.0 0.774 0.0 0.53852 996.0 2.5 10.0 67.0 7.6071 0.0 0.0 -0.026 0.5099 997.0 2.5 11.0 62.0 10.3071 0.0 0.0 -0.826 0.53852 998.0 2.5 12.0 
0.05055 312.12968 41.0 321.0 1.0 57.0 0.0 -1.6929 4.074 0.0 0.5831 1001.0 2.5 22.0 59.0 1.5071 0.0 2.374 0.0 0.5831 1001.0 2.5 21.0 52.0 4.2071 0.0 0.974 0.0 0.44721 1001.0 2.3015 21.0 48.0 6.5071 0.0 0.274 0.0 0.31623 1001.0 1.961 21.0 47.0 8.6071 0.0 0.0 -0.126 0.31623 1001.0 1.8802 21.0 
0.19826 180.46314 46.0 323.0 1.0 56.0 0.0 -2.6929 2.674 0.0 0.5099 1000.0 2.4639 20.0 63.0 0.4071 0.0 1.574 0.0 0.53852 998.0 2.5 18.0 63.0 3.2071 0.0 0.174 0.0 0.44721 997.0 2.5 20.0 63.0 5.4071 0.0 0.0 -0.726 0.3 995.0 2.2521 17.0 62.0 7.2071 0.0 0.0 -1.026 0.3 993.0 1.9631 16.0 
0.20314 85.01661 52.0 324.0 1.0 56.0 0.0 -2.1929 1.274 0.0 0.41231 1001.0 2.5 15.0 56.0 0.5071 0.0 0.574 0.0 0.41231 1000.0 2.4639 14.0 54.0 3.0071 0.0 0.0 -0.026 0.31623 1000.0 2.291 13.0 49.0 4.9071 0.0 0.0 -0.226 0.31623 999.0 1.7517 13.0 44.0 6.4071 0.0 0.174 0.0 0.28284 1000.0 1.5211 14.0 
0.09186 201.65087 57.0 326.0 1.0 78.0 0.0 -1.5929 2.874 0.0 0.44721 989.0 2.5 11.0 89.0 0.9071 0.0 1.574 0.0 0.36056 983.0 2.5 9.0 90.0 2.9071 0.0 0.474 0.0 0.31623 978.0 2.3637 8.0 94.0 4.4071 0.0 0.0 -0.426 0.36056 973.0 2.2562 7.0 83.0 5.7071 0.0 0.0 -1.526 0.28284 980.0 2.1322 8.0 
0.08038 187.78321 47.0 327.0 1.0 58.0 0.0 -0.5929 2.974 0.0 0.5 998.0 2.2906 16.0 59.0 1.3071 0.0 1.074 0.0 0.5 998.0 2.3703 16.0 56.0 3.4071 0.0 0.0 -0.526 0.36056 999.0 2.2879 17.0 51.0 5.2071 0.0 0.0 -1.526 0.31623 999.0 1.8976 17.0 47.0 7.0071 0.0 0.0 -2.126 0.2 1000.0 1.7355 18.0 
0.03426 281.08844 86.0 328.0 1.0 66.0 0.4071 0.0 2.974 0.0 0.28284 991.0 2.0223 12.0 70.0 1.8071 0.0 1.774 0.0 0.28284 989.0 2.0853 11.0 69.0 3.0071 0.0 0.774 0.0 0.22361 987.0 1.8703 10.0 70.0 3.9071 0.0 0.074 0.0 0.14142 984.0 1.7258 9.0 73.0 4.5071 0.0 0.0 -0.426 0.14142 980.0 1.6494 9.0 
0.0662 218.30081 70.0 329.0 1.0 60.0 0.0071 0.0 2.774 0.0 0.36056 995.0 2.0427 14.0 61.0 1.4071 0.0 1.374 0.0 0.28284 993.0 1.9003 12.0 60.0 2.4071 0.0 0.574 0.0 0.22361 991.0 1.6713 11.0 62.0 3.3071 0.0 0.174 0.0 0.2 989.0 1.6359 11.0 68.0 4.1071 0.0 0.174 0.0 0.1 985.0 1.6867 9.0 
0.11233 176.02117 60.0 32.0 1.0 55.0 0.0 -1.2929 1.374 0.0 0.2 993.0 1.5448 13.0 57.0 0.0 -0.1929 1.574 0.0 0.22361 993.0 1.6592 12.0 59.0 1.0071 0.0 1.974 0.0 0.22361 992.0 1.693 12.0 60.0 2.3071 0.0 2.374 0.0 0.22361 992.0 1.7509 12.0 59.0 3.6071 0.0 2.574 0.0 0.31623 993.0 1.7777 13.0 
0.053 219.05074 77.0 330.0 1.0 46.0 0.8071 0.0 2.574 0.0 0.22361 999.0 1.5437 17.0 46.0 1.5071 0.0 1.274 0.0 0.28284 999.0 1.5437 17.0 45.0 2.3071 0.0 0.174 0.0 0.14142 998.0 1.3789 16.0 46.0 3.1071 0.0 0.0 -0.326 0.22361 997.0 1.3508 15.0 48.0 4.1071 0.0 0.0 -0.526 0.1 996.0 1.3843 14.0 
0.0819 289.68377 47.0 331.0 1.0 113.0 0.0 -0.2929 3.674 0.0 0.42426 961.0 2.5 8.0 117.0 1.7071 0.0 1.974 0.0 0.42426 959.0 2.5 8.0 115.0 3.6071 0.0 0.574 0.0 0.44721 960.0 2.5 8.0 111.0 5.5071 0.0 0.0 -0.526 0.28284 961.0 2.4201 8.0 106.0 7.1071 0.0 0.0 -1.526 0.28284 964.0 2.3421 8.0 
0.05362 300.00091 64.0 333.0 1.0 49.0 0.0 -2.4929 2.574 0.0 0.4 1000.0 1.8864 19.0 56.0 0.0 -0.3929 2.674 0.0 0.31623 997.0 2.0019 16.0 58.0 1.4071 0.0 3.374 0.0 0.22361 996.0 2.0211 14.0 57.0 2.8071 0.0 4.174 0.0 0.14142 994.0 1.7465 13.0 58.0 3.8071 0.0 4.874 0.0 0.14142 993.0 1.7179 12.0 
0.17449 134.69869 63.0 334.0 1.0 65.0 0.0 -2.3929 1.774 0.0 0.5099 998.0 2.5 18.0 59.0 0.3071 0.0 1.174 0.0 0.4 996.0 2.0914 15.0 60.0 2.1071 0.0 0.974 0.0 0.2 993.0 1.8385 16.0 65.0 3.4071 0.0 0.874 0.0 0.2 989.0 1.798 14.0 72.0 4.5071 0.0 0.774 0.0 0.1 984.0 1.8258 12.0 
0.06742 203.68141 52.0 335.0 1.0 34.0 0.0 -1.9929 1.074 0.0 0.2 1000.0 1.0 19.0 39.0 0.0 -1.0929 1.474 0.0 0.14142 999.0 1.1096 18.0 46.0 0.0 -0.2929 2.274 0.0 0.28284 998.0 1.4408 16.0 52.0 1.2071 0.0 3.174 0.0 0.31623 998.0 1.8412 16.0 60.0 3.5071 0.0 3.274 0.0 0.4 997.0 2.2981 16.0 
0.03326 171.42247 64.0 336.0 1.0 40.0 0.0 -1.9929 0.0 -0.826 0.22361 1000.0 1.2571 11.0 43.0 0.0 -0.5929 0.0 -1.426 0.22361 998.0 1.259 10.0 47.0 0.8071 0.0 0.0 -1.926 0.22361 996.0 1.3272 9.0 53.0 2.1071 0.0 0.0 -2.326 0.2 993.0 1.4345 9.0 63.0 3.4071 0.0 0.0 -2.326 0.2 988.0 1.6215 8.0 
0.04282 291.24011 69.0 337.0 1.0 84.0 0.1071 0.0 3.374 0.0 0.42426 982.0 2.3248 11.0 84.0 1.6071 0.0 2.074 0.0 0.36056 981.0 2.2521 11.0 82.0 3.1071 0.0 1.074 0.0 0.22361 981.0 2.1462 11.0 78.0 4.4071 0.0 0.374 0.0 0.22361 982.0 2.0045 11.0 72.0 5.5071 0.0 0.0 -0.226 0.22361 985.0 1.891 12.0 
0.05409 256.11062 50.0 338.0 1.0 60.0 0.0 -1.6929 0.0 -2.926 0.41231 997.0 2.2981 12.0 64.0 0.6071 0.0 0.0 -2.226 0.41231 993.0 2.0918 10.0 73.0 2.6071 0.0 0.0 -1.626 0.36056 988.0 2.1772 10.0 87.0 4.3071 0.0 0.0 -0.926 0.36056 979.0 2.2738 8.0 85.0 6.0071 0.0 0.0 -0.326 0.31623 981.0 2.3061 8.0 
0.08503 302.10412 77.0 339.0 1.0 85.0 0.0 -0.3929 2.974 0.0 0.1 973.0 1.8449 10.0 90.0 0.5071 0.0 2.674 0.0 0.2 971.0 1.9698 9.0 93.0 1.8071 0.0 2.374 0.0 0.2 971.0 2.1033 9.0 94.0 3.2071 0.0 2.374 0.0 0.3 971.0 2.1488 9.0 96.0 4.6071 0.0 2.574 0.0 0.2 968.0 2.0918 9.0 
0.14809 146.70683 44.0 33.0 1.0 55.0 0.0 -2.1929 2.574 0.0 0.5831 1001.0 2.5 13.0 52.0 0.6071 0.0 1.174 0.0 0.41231 1001.0 2.3015 17.0 51.0 2.9071 0.0 0.574 0.0 0.3 1000.0 2.0435 14.0 55.0 5.0071 0.0 0.274 0.0 0.31623 998.0 2.0598 12.0 59.0 7.3071 0.0 0.0 -0.426 0.41231 998.0 2.3703 12.0 
0.04658 186.90786 60.0 344.0 1.0 62.0 0.0 -0.0929 2.874 0.0 0.36056 995.0 2.1812 13.0 61.0 1.2071 0.0 1.174 0.0 0.28284 994.0 2.0003 13.0 59.0 2.5071 0.0 0.274 0.0 0.28284 994.0 1.8713 12.0 59.0 3.8071 0.0 0.0 -0.326 0.2 993.0 1.7777 12.0 60.0 5.0071 0.0 0.0 -0.626 0.2 992.0 1.7509 12.0 
0.06825 194.80947 75.0 346.0 1.0 43.0 0.6071 0.0 1.874 0.0 0.14142 998.0 1.259 16.0 44.0 1.2071 0.0 1.274 0.0 0.22361 998.0 1.3183 15.0 46.0 2.1071 0.0 0.974 0.0 0.2 997.0 1.3508 15.0 47.0 3.1071 0.0 0.874 0.0 0.2 997.0 1.4101 15.0 45.0 4.1071 0.0 0.974 0.0 0.1 998.0 1.3789 15.0 
0.0647 261.47761 64.0 347.0 1.0 67.0 0.0 -0.0929 2.774 0.0 0.22361 987.0 1.7634 10.0 74.0 0.9071 0.0 2.174 0.0 0.2 983.0 1.8643 9.0 79.0 2.1071 0.0 2.174 0.0 0.2 981.0 1.992 9.0 78.0 3.4071 0.0 2.774 0.0 0.28284 984.0 2.1428 9.0 74.0 4.8071 0.0 3.974 0.0 0.36056 988.0 2.2372 10.0 
0.0569 207.4164 127.0 34.0 1.0 65.0 0.0 -0.0929 2.274 0.0 0.22361 990.0 1.8762 11.0 67.0 1.0071 0.0 1.574 0.0 0.2 988.0 1.834 10.0 72.0 2.0071 0.0 1.374 0.0 0.2 983.0 1.7649 9.0 81.0 3.0071 0.0 1.474 0.0 0.1 976.0 1.8111 8.0 90.0 3.8071 0.0 1.974 0.0 0.14142 969.0 1.8803 7.0 
0.08756 253.61463 58.0 35.0 1.0 105.0 0.0 -0.4929 3.774 0.0 0.5 971.0 2.5 9.0 125.0 1.3071 0.0 1.874 0.0 0.36056 948.0 2.4552 7.0 135.0 2.9071 0.0 0.774 0.0 0.22361 932.0 2.2981 6.0 133.0 4.2071 0.0 0.174 0.0 0.31623 932.0 2.2305 6.0 128.0 5.5071 0.0 0.0 -0.226 0.22361 936.0 2.1733 6.0 
0.03821 161.73528 68.0 36.0 1.0 56.0 0.0 -0.3929 2.274 0.0 0.28284 995.0 1.7795 10.0 58.0 0.7071 0.0 1.274 0.0 0.22361 993.0 1.7179 9.0 60.0 1.9071 0.0 0.574 0.0 0.14142 992.0 1.7509 9.0 61.0 2.9071 0.0 0.174 0.0 0.22361 991.0 1.7275 8.0 61.0 3.9071 0.0 0.0 -0.126 0.2 990.0 1.6524 8.0 
0.10675 153.45992 56.0 37.0 1.0 76.0 0.0 -0.3929 2.674 0.0 0.5 988.0 2.3598 11.0 72.0 1.2071 0.0 0.674 0.0 0.42426 988.0 2.1179 11.0 69.0 2.7071 0.0 0.0 -0.626 0.36056 988.0 1.9451 11.0 84.0 4.1071 0.0 0.0 -1.426 0.22361 975.0 1.8965 8.0 106.0 5.4071 0.0 0.0 -1.926 0.22361 954.0 1.9451 6.0 
0.09415 284.57652 54.0 39.0 1.0 78.0 0.0 -0.1929 3.574 0.0 0.36056 983.0 2.0713 10.0 84.0 1.5071 0.0 2.074 0.0 0.36056 980.0 2.1839 9.0 87.0 3.3071 0.0 0.574 0.0 0.28284 979.0 2.2738 9.0 92.0 4.9071 0.0 0.0 -0.926 0.42426 976.0 2.3365 8.0 87.0 6.3071 0.0 0.0 -2.726 0.36056 979.0 2.2738 8.0 
0.04467 273.31587 113.0 40.0 1.0 56.0 1.2071 0.0 2.874 0.0 0.31623 996.0 1.8841 14.0 55.0 2.1071 0.0 1.274 0.0 0.36056 996.0 1.8174 14.0 53.0 3.0071 0.0 0.0 -0.026 0.22361 995.0 1.5939 14.0 51.0 3.7071 0.0 0.0 -0.926 0.14142 995.0 1.4759 13.0 51.0 4.2071 0.0 0.0 -1.426 0.0 994.0 1.3982 12.0 
0.07608 265.39138 59.0 41.0 1.0 108.0 0.0 -0.3929 3.774 0.0 0.56569 968.0 2.5 7.0 114.0 1.7071 0.0 1.674 0.0 0.42426 958.0 2.4134 6.0 128.0 3.5071 0.0 0.174 0.0 0.36056 941.0 2.3242 5.0 142.0 5.1071 0.0 0.0 -1.026 0.28284 923.0 2.2883 5.0 129.0 6.2071 0.0 0.0 -2.026 0.22361 934.0 2.1515 5.0 
0.15342 128.67033 73.0 42.0 1.0 66.0 0.0 -1.2929 2.874 0.0 0.56569 996.0 2.5 16.0 70.0 1.0071 0.0 0.574 0.0 0.42426 994.0 2.5 17.0 71.0 2.9071 0.0 0.0 -1.426 0.28284 991.0 2.3403 15.0 73.0 4.4071 0.0 0.0 -2.426 0.2 986.0 2.0159 13.0 80.0 5.6071 0.0 0.0 -2.526 0.1 978.0 1.8677 11.0 
0.0634 141.78947 67.0 43.0 1.0 52.0 0.0 -1.0929 1.174 0.0 0.1 994.0 1.4536 10.0 61.0 0.0 -0.0929 1.274 0.0 0.22361 991.0 1.7275 8.0 67.0 1.0071 0.0 1.574 0.0 0.2 988.0 1.834 8.0 65.0 2.3071 0.0 1.874 0.0 0.2 990.0 1.8762 8.0 55.0 3.6071 0.0 1.974 0.0 0.22361 995.0 1.7165 10.0 
0.08963 154.00971 81.0 44.0 1.0 60.0 0.0 -1.2929 1.674 0.0 0.22361 990.0 1.5987 9.0 66.0 0.0 -0.1929 1.374 0.0 0.22361 985.0 1.589 8.0 75.0 0.9071 0.0 1.774 0.0 0.14142 980.0 1.741 7.0 87.0 2.0071 0.0 2.474 0.0 0.22361 973.0 1.9327 6.0 90.0 3.1071 0.0 3.174 0.0 0.28284 972.0 2.0178 5.0 
0.05541 197.99881 80.0 45.0 1.0 56.0 1.0071 0.0 2.274 0.0 0.22361 996.0 1.8841 14.0 53.0 1.6071 0.0 0.774 0.0 0.22361 995.0 1.5939 14.0 51.0 2.2071 0.0 0.0 -0.226 0.1 995.0 1.4759 13.0 52.0 2.7071 0.0 0.0 -0.926 0.1 993.0 1.3809 12.0 53.0 3.1071 0.0 0.0 -1.326 0.14142 992.0 1.3662 12.0 
0.11075 295.62212 89.0 47.0 1.0 48.0 1.2071 0.0 2.574 0.0 0.1 993.0 1.1766 16.0 49.0 1.2071 0.0 2.374 0.0 0.1 992.0 1.1678 15.0 53.0 1.4071 0.0 2.374 0.0 0.1 990.0 1.2474 14.0 58.0 1.7071 0.0 2.374 0.0 0.1 988.0 1.3744 13.0 65.0 2.1071 0.0 2.374 0.0 0.1 985.0 1.5412 12.0 
0.08287 241.14112 234.0 49.0 1.0 68.0 0.0 -0.3929 2.974 0.0 0.22361 989.0 1.9678 11.0 70.0 0.9071 0.0 1.974 0.0 0.22361 987.0 1.9249 10.0 72.0 2.1071 0.0 1.274 0.0 0.22361 985.0 1.891 9.0 79.0 3.2071 0.0 0.874 0.0 0.22361 980.0 1.9316 8.0 89.0 4.4071 0.0 0.674 0.0 0.22361 972.0 1.9732 7.0 
0.13875 278.32653 56.0 4.0 1.0 86.0 0.0 -0.8929 2.974 0.0 0.31623 980.0 2.2891 11.0 90.0 0.8071 0.0 2.374 0.0 0.3 975.0 2.1771 10.0 98.0 2.4071 0.0 1.974 0.0 0.31623 965.0 2.0436 7.0 108.0 4.0071 0.0 1.574 0.0 0.31623 956.0 2.0901 6.0 122.0 5.5071 0.0 1.374 0.0 0.2 941.0 2.1114 5.0 
0.03166 227.86887 91.0 50.0 1.0 62.0 1.3071 0.0 2.374 0.0 0.22361 992.0 1.8696 11.0 61.0 1.8071 0.0 0.974 0.0 0.22361 992.0 1.8098 11.0 59.0 2.3071 0.0 0.0 -0.126 0.14142 991.0 1.6161 11.0 59.0 2.9071 0.0 0.0 -0.826 0.14142 990.0 1.5458 11.0 60.0 3.6071 0.0 0.0 -1.226 0.1 990.0 1.5987 11.0 
0.06512 163.42753 64.0 51.0 1.0 77.0 0.0 -0.0929 2.174 0.0 0.28284 985.0 2.1628 9.0 74.0 1.0071 0.0 1.074 0.0 0.22361 984.0 1.9286 9.0 72.0 2.0071 0.0 0.474 0.0 0.22361 984.0 1.8258 9.0 72.0 3.1071 0.0 0.174 0.0 0.2 985.0 1.891 9.0 73.0 4.3071 0.0 0.0 -0.126 0.2 985.0 1.9439 9.0 
0.14822 131.16548 69.0 53.0 1.0 39.0 0.0 -1.8929 0.174 0.0 0.22361 1000.0 1.195 19.0 42.0 0.0 -0.8929 0.774 0.0 0.22361 999.0 1.2869 17.0 43.0 0.0 -0.0929 1.874 0.0 0.28284 999.0 1.3489 17.0 45.0 0.8071 0.0 3.174 0.0 0.28284 999.0 1.4773 18.0 47.0 2.0071 0.0 4.574 0.0 0.36056 1000.0 1.7355 18.0 
0.1847 98.73925 58.0 55.0 1.0 54.0 0.0 -0.9929 2.874 0.0 0.56569 999.0 2.1274 11.0 55.0 0.8071 0.0 0.374 0.0 0.5 998.0 2.0598 10.0 57.0 2.5071 0.0 0.0 -1.726 0.44721 996.0 1.952 12.0 61.0 4.1071 0.0 0.0 -3.326 0.28284 992.0 1.8098 10.0 69.0 5.5071 0.0 0.0 -4.226 0.31623 987.0 1.8703 9.0 
0.08833 267.36042 52.0 56.0 1.0 85.0 0.0 -1.4929 2.974 0.0 0.44721 982.0 2.3805 9.0 92.0 0.4071 0.0 2.374 0.0 0.3 975.0 2.275 8.0 98.0 2.2071 0.0 2.274 0.0 0.3 969.0 2.2294 7.0 98.0 3.9071 0.0 2.474 0.0 0.22361 969.0 2.2294 7.0 99.0 5.5071 0.0 3.174 0.0 0.28284 969.0 2.2751 7.0 
0.09363 187.34835 45.0 57.0 1.0 79.0 0.0 -1.3929 3.474 0.0 0.64031 994.0 2.5 13.0 74.0 1.1071 0.0 1.274 0.0 0.5 993.0 2.5 12.0 72.0 3.3071 0.0 0.0 -0.126 0.44721 992.0 2.5 12.0 71.0 5.4071 0.0 0.0 -1.226 0.36056 991.0 2.3403 11.0 66.0 7.3071 0.0 0.0 -2.326 0.36056 993.0 2.2245 12.0 
0.04509 272.45394 57.0 58.0 1.0 82.0 0.7071 0.0 3.474 0.0 0.5 987.0 2.5 10.0 81.0 2.2071 0.0 1.074 0.0 0.42426 987.0 2.5 10.0 81.0 3.6071 0.0 0.0 -0.826 0.42426 985.0 2.3933 9.0 76.0 4.9071 0.0 0.0 -2.426 0.22361 985.0 2.1069 9.0 69.0 5.9071 0.0 0.0 -3.426 0.22361 987.0 1.8703 10.0 
0.04571 242.72191 55.0 59.0 1.0 41.0 0.0 -2.4929 1.674 0.0 0.31623 1002.0 1.5608 23.0 46.0 0.0 -0.6929 2.074 0.0 0.31623 1001.0 1.801 20.0 51.0 1.3071 0.0 2.574 0.0 0.4 1000.0 2.0435 19.0 50.0 3.5071 0.0 2.574 0.0 0.3 1000.0 1.9642 19.0 43.0 5.2071 0.0 2.674 0.0 0.3 1001.0 1.5738 20.0 
0.07945 310.03964 44.0 5.0 1.0 73.0 0.0 -1.6929 3.474 0.0 0.44721 993.0 2.5 13.0 79.0 0.8071 0.0 2.674 0.0 0.41231 988.0 2.5 10.0 88.0 3.1071 0.0 2.274 0.0 0.3 981.0 2.4717 9.0 96.0 5.3071 0.0 1.974 0.0 0.4 975.0 2.4771 8.0 99.0 7.5071 0.0 1.874 0.0 0.3 972.0 2.4416 7.0 
0.02647 243.24116 63.0 61.0 1.0 86.0 0.8071 0.0 2.774 0.0 0.28284 977.0 2.0984 8.0 92.0 1.7071 0.0 1.374 0.0 0.22361 972.0 2.1085 7.0 95.0 2.7071 0.0 0.374 0.0 0.22361 968.0 2.0484 7.0 95.0 3.5071 0.0 0.0 -0.426 0.22361 966.0 1.9613 7.0 98.0 4.4071 0.0 0.0 -0.826 0.1 962.0 1.9234 6.0 
0.07501 178.25807 59.0 62.0 1.0 67.0 0.0 -0.7929 3.774 0.0 0.72111 997.0 2.5 13.0 64.0 1.4071 0.0 0.774 0.0 0.5 995.0 2.3242 12.0 62.0 3.2071 0.0 0.0 -1.326 0.36056 992.0 1.8696 10.0 67.0 4.5071 0.0 0.0 -2.826 0.28284 988.0 1.834 11.0 81.0 5.6071 0.0 0.0 -4.026 0.14142 975.0 1.7635 8.0 
0.0589 149.94232 145.0 63.0 1.0 51.0 0.0 -0.6929 2.974 0.0 0.42426 1000.0 2.0435 16.0 51.0 1.1071 0.0 0.774 0.0 0.36056 999.0 1.8976 15.0 51.0 2.6071 0.0 0.0 -1.026 0.28284 999.0 1.8976 17.0 52.0 3.8071 0.0 0.0 -1.926 0.22361 996.0 1.6246 14.0 52.0 4.8071 0.0 0.0 -2.226 0.1 994.0 1.4536 13.0 
0.05249 222.77416 64.0 65.0 1.0 70.0 0.0 -0.4929 2.874 0.0 0.36056 991.0 2.2749 11.0 71.0 1.1071 0.0 1.674 0.0 0.36056 989.0 2.1453 11.0 72.0 2.6071 0.0 0.574 0.0 0.22361 987.0 2.0365 10.0 77.0 3.9071 0.0 0.0 -0.226 0.22361 983.0 2.0186 9.0 87.0 5.1071 0.0 0.0 -0.926 0.22361 975.0 2.0344 8.0 
0.02759 200.80162 79.0 66.0 1.0 40.0 0.0 -2.2929 0.0 -0.726 0.36056 1000.0 1.2571 12.0 41.0 0.0 -0.7929 0.0 -1.626 0.28284 999.0 1.2264 11.0 42.0 0.5071 0.0 0.0 -2.326 0.22361 998.0 1.2011 10.0 45.0 1.6071 0.0 0.0 -2.726 0.2 995.0 1.149 8.0 51.0 2.5071 0.0 0.0 -2.726 0.1 992.0 1.265 10.0 
0.03157 254.57763 55.0 69.0 1.0 48.0 0.6071 0.0 3.374 0.0 0.44721 1000.0 1.8102 16.0 49.0 1.9071 0.0 1.274 0.0 0.42426 1000.0 1.8864 19.0 52.0 3.4071 0.0 0.0 -0.326 0.28284 998.0 1.8412 17.0 56.0 4.8071 0.0 0.0 -1.526 0.31623 996.0 1.8841 14.0 57.0 6.1071 0.0 0.0 -2.226 0.22361 994.0 1.7465 13.0 
0.0643 172.47794 74.0 70.0 1.0 36.0 0.0 -1.6929 0.0 -1.226 0.31623 1001.0 1.1031 17.0 41.0 0.0 -0.2929 0.0 -1.526 0.31623 1000.0 1.3207 16.0 43.0 1.2071 0.0 0.0 -1.826 0.22361 999.0 1.3489 14.0 46.0 2.4071 0.0 0.0 -2.026 0.2 997.0 1.3508 16.0 51.0 3.4071 0.0 0.0 -1.826 0.1 995.0 1.4759 13.0 
0.05383 241.889 93.0 71.0 1.0 44.0 0.9071 0.0 2.474 0.0 0.22361 998.0 1.3183 17.0 44.0 1.5071 0.0 1.574 0.0 0.28284 998.0 1.3183 16.0 44.0 2.2071 0.0 0.974 0.0 0.22361 997.0 1.2359 15.0 46.0 3.0071 0.0 0.674 0.0 0.1 996.0 1.2713 15.0 48.0 3.8071 0.0 0.774 0.0 0.1 996.0 1.3843 14.0 
0.15247 124.78821 66.0 72.0 1.0 65.0 0.0 -1.0929 2.274 0.0 0.42426 994.0 2.2712 17.0 66.0 0.7071 0.0 0.874 0.0 0.42426 993.0 2.2245 16.0 67.0 2.3071 0.0 0.0 -0.426 0.28284 991.0 2.0841 15.0 68.0 3.7071 0.0 0.0 -1.326 0.22361 989.0 1.9678 14.0 72.0 4.9071 0.0 0.0 -1.826 0.22361 985.0 1.891 12.0 
0.13285 253.61463 49.0 73.0 1.0 98.0 0.0 -0.6929 3.574 0.0 0.42426 977.0 2.5 10.0 102.0 1.3071 0.0 1.874 0.0 0.36056 971.0 2.5 9.0 111.0 3.2071 0.0 0.774 0.0 0.36056 960.0 2.3744 8.0 132.0 5.0071 0.0 0.0 -0.026 0.3 938.0 2.3729 7.0 127.0 6.6071 0.0 0.0 -0.426 0.31623 941.0 2.288 7.0 
0.04126 250.35032 65.0 74.0 1.0 58.0 0.1071 0.0 3.274 0.0 0.36056 998.0 2.2906 16.0 61.0 1.7071 0.0 1.474 0.0 0.28284 995.0 2.1114 14.0 61.0 3.1071 0.0 0.274 0.0 0.31623 993.0 1.9003 12.0 61.0 4.4071 0.0 0.0 -0.126 0.1 991.0 1.7275 11.0 62.0 5.3071 0.0 0.0 -0.126 0.22361 989.0 1.6359 11.0 
0.04844 243.24116 52.0 75.0 1.0 87.0 0.0 -0.3929 4.674 0.0 0.67082 991.0 2.5 15.0 85.0 1.7071 0.0 1.374 0.0 0.56569 989.0 2.5 14.0 84.0 3.6071 0.0 0.0 -1.026 0.36056 985.0 2.5 12.0 88.0 5.2071 0.0 0.0 -2.426 0.36056 978.0 2.2599 11.0 91.0 6.6071 0.0 0.0 -3.226 0.14142 973.0 2.1145 10.0 
0.07225 176.88004 89.0 76.0 1.0 68.0 0.0 -0.5929 2.174 0.0 0.31623 991.0 2.1467 11.0 71.0 0.8071 0.0 1.374 0.0 0.22361 987.0 1.9803 10.0 73.0 2.0071 0.0 0.974 0.0 0.22361 984.0 1.8769 9.0 73.0 3.0071 0.0 0.874 0.0 0.14142 983.0 1.8143 9.0 66.0 3.8071 0.0 1.174 0.0 0.14142 987.0 1.7112 10.0 
0.15898 155.94083 92.0 77.0 1.0 44.0 0.0 -1.1929 1.274 0.0 0.2 997.0 1.2359 16.0 53.0 0.0 -0.2929 1.374 0.0 0.14142 993.0 1.4345 13.0 58.0 0.4071 0.0 1.974 0.0 0.2 991.0 1.5618 11.0 63.0 0.8071 0.0 2.874 0.0 0.14142 988.0 1.6215 10.0 69.0 1.2071 0.0 3.774 0.0 0.2 984.0 1.6768 9.0 
0.16031 159.06755 88.0 78.0 1.0 71.0 0.0 -1.3929 2.374 0.0 0.44721 991.0 2.3403 12.0 71.0 0.4071 0.0 1.374 0.0 0.3 989.0 2.1453 11.0 75.0 2.0071 0.0 1.174 0.0 0.3 985.0 2.0519 10.0 84.0 3.6071 0.0 1.174 0.0 0.3 979.0 2.1196 8.0 92.0 5.0071 0.0 1.074 0.0 0.2 971.0 2.0583 7.0 
0.06787 215.49518 61.0 7.0 1.0 48.0 0.0 -1.0929 2.474 0.0 0.31623 1000.0 1.8102 18.0 46.0 0.5071 0.0 1.874 0.0 0.2 1000.0 1.6625 18.0 44.0 1.9071 0.0 1.674 0.0 0.2 1000.0 1.5211 18.0 41.0 3.1071 0.0 1.574 0.0 0.22361 1000.0 1.3207 19.0 39.0 4.2071 0.0 1.274 0.0 0.2 1000.0 1.195 19.0 
0.09465 112.1609 70.0 80.0 1.0 45.0 0.0 -1.3929 2.174 0.0 0.36056 1001.0 1.7236 13.0 45.0 0.5071 0.0 0.874 0.0 0.36056 1000.0 1.591 12.0 45.0 2.2071 0.0 0.0 -0.426 0.36056 999.0 1.4773 11.0 46.0 3.6071 0.0 0.0 -1.726 0.28284 998.0 1.4408 10.0 48.0 4.7071 0.0 0.0 -2.926 0.28284 997.0 1.4708 12.0 
0.08079 131.83447 69.0 81.0 1.0 57.0 0.0 -1.2929 1.374 0.0 0.3 997.0 2.074 15.0 60.0 0.5071 0.0 1.074 0.0 0.36056 995.0 2.0427 13.0 60.0 2.0071 0.0 0.274 0.0 0.28284 994.0 1.9352 13.0 59.0 3.2071 0.0 0.0 -0.526 0.22361 993.0 1.7777 12.0 60.0 4.3071 0.0 0.0 -1.326 0.28284 993.0 1.8385 12.0 
0.15668 100.68908 52.0 82.0 1.0 68.0 0.0 -1.3929 2.274 0.0 0.36056 993.0 2.3614 12.0 72.0 0.6071 0.0 0.674 0.0 0.42426 992.0 2.5 12.0 70.0 2.5071 0.0 0.0 -1.026 0.42426 992.0 2.3832 12.0 71.0 4.3071 0.0 0.0 -2.526 0.36056 990.0 2.2386 11.0 79.0 5.9071 0.0 0.0 -3.726 0.36056 985.0 2.2766 9.0 
0.04703 138.42312 57.0 83.0 1.0 50.0 0.0 -0.3929 3.074 0.0 0.44721 1001.0 2.1279 17.0 49.0 1.1071 0.0 0.574 0.0 0.44721 1000.0 1.8864 16.0 50.0 2.6071 0.0 0.0 -1.626 0.36056 999.0 1.8239 14.0 52.0 4.0071 0.0 0.0 -3.426 0.36056 998.0 1.8412 13.0 55.0 5.4071 0.0 0.0 -4.726 0.22361 996.0 1.8174 14.0 
0.03551 267.74126 65.0 85.0 1.0 58.0 1.4071 0.0 2.374 0.0 0.22361 993.0 1.7179 12.0 61.0 2.1071 0.0 1.174 0.0 0.28284 991.0 1.7275 12.0 64.0 3.0071 0.0 0.074 0.0 0.22361 989.0 1.7431 11.0 69.0 3.9071 0.0 0.0 -0.926 0.14142 986.0 1.801 10.0 75.0 4.8071 0.0 0.0 -1.526 0.14142 981.0 1.7954 9.0 
0.11468 226.37542 55.0 86.0 1.0 79.0 0.0 -0.4929 3.274 0.0 0.5 987.0 2.4517 10.0 82.0 1.5071 0.0 1.374 0.0 0.36056 985.0 2.4528 10.0 82.0 3.2071 0.0 0.0 -0.126 0.28284 982.0 2.2154 9.0 88.0 4.6071 0.0 0.0 -1.326 0.28284 975.0 2.0815 8.0 89.0 5.8071 0.0 0.0 -2.126 0.22361 973.0 2.0226 7.0 
0.16999 194.1525 54.0 87.0 1.0 76.0 0.0 -2.3929 2.674 0.0 0.5099 992.0 2.5 12.0 87.0 0.5071 0.0 1.674 0.0 0.53852 986.0 2.5 10.0 88.0 2.9071 0.0 0.474 0.0 0.36056 981.0 2.4717 9.0 97.0 4.6071 0.0 0.0 -0.426 0.31623 970.0 2.2349 7.0 106.0 6.0071 0.0 0.0 -1.126 0.22361 959.0 2.1252 6.0 
0.05266 260.90683 86.0 90.0 1.0 41.0 1.5071 0.0 1.974 0.0 0.14142 998.0 1.1446 16.0 45.0 1.9071 0.0 1.374 0.0 0.14142 996.0 1.2166 14.0 47.0 2.3071 0.0 0.874 0.0 0.1 995.0 1.2535 13.0 51.0 2.7071 0.0 0.274 0.0 0.14142 994.0 1.3982 13.0 56.0 3.3071 0.0 0.0 -0.526 0.14142 993.0 1.6015 12.0 
0.07154 218.30081 80.0 91.0 1.0 46.0 0.8071 0.0 2.074 0.0 0.14142 996.0 1.2713 15.0 47.0 1.4071 0.0 1.374 0.0 0.14142 995.0 1.2535 14.0 51.0 2.0071 0.0 0.874 0.0 0.14142 994.0 1.3982 13.0 54.0 2.7071 0.0 0.274 0.0 0.14142 993.0 1.4892 12.0 57.0 3.5071 0.0 0.0 -0.226 0.14142 991.0 1.5084 12.0 
0.08362 220.91639 48.0 92.0 1.0 55.0 0.0 -0.0929 3.374 0.0 0.5 1001.0 2.5 20.0 49.0 1.6071 0.0 1.174 0.0 0.36056 1001.0 2.0436 20.0 42.0 2.8071 0.0 0.0 -0.426 0.28284 1001.0 1.5014 21.0 36.0 3.8071 0.0 0.0 -1.526 0.14142 1001.0 1.1031 21.0 32.0 4.6071 0.0 0.0 -2.026 0.1 1002.0 1.0 22.0 
0.13251 181.46604 83.0 93.0 1.0 70.0 0.0 -0.8929 2.574 0.0 0.36056 992.0 2.3832 19.0 66.0 0.7071 0.0 1.474 0.0 0.31623 991.0 2.0223 19.0 62.0 2.1071 0.0 0.974 0.0 0.2 991.0 1.7846 19.0 59.0 3.2071 0.0 0.774 0.0 0.1 991.0 1.6161 19.0 56.0 4.0071 0.0 0.574 0.0 0.2 992.0 1.5252 19.0 
0.15619 97.07306 55.0 94.0 1.0 63.0 0.0 -1.2929 2.274 0.0 0.42426 995.0 2.2521 14.0 66.0 0.4071 0.0 0.774 0.0 0.36056 993.0 2.2245 12.0 64.0 2.0071 0.0 0.0 -0.426 0.28284 993.0 2.0918 12.0 62.0 3.5071 0.0 0.0 -1.226 0.31623 994.0 2.0664 12.0 58.0 5.1071 0.0 0.0 -1.626 0.22361 995.0 1.9088 13.0 
0.04831 257.74158 48.0 95.0 1.0 72.0 0.0 -1.1929 5.374 0.0 0.84853 998.0 2.5 15.0 68.0 1.7071 0.0 1.574 0.0 0.70711 997.0 2.5 14.0 65.0 3.9071 0.0 0.0 -1.626 0.5831 995.0 2.3974 12.0 65.0 5.5071 0.0 0.0 -4.226 0.42426 991.0 1.9615 10.0 70.0 7.0071 0.0 0.0 -6.126 0.36056 986.0 1.8536 11.0 
0.03812 282.47671 68.0 96.0 1.0 48.0 1.2071 0.0 3.574 0.0 0.44721 1000.0 1.8102 16.0 48.0 2.3071 0.0 1.074 0.0 0.36056 999.0 1.6809 15.0 47.0 3.4071 0.0 0.0 -0.926 0.36056 998.0 1.5041 14.0 48.0 4.3071 0.0 0.0 -2.626 0.36056 997.0 1.4708 13.0 51.0 5.1071 0.0 0.0 -3.926 0.22361 994.0 1.3982 11.0 
0.0267 298.71472 60.0 97.0 1.0 68.0 0.4071 0.0 4.074 0.0 0.5831 995.0 2.5 10.0 66.0 2.1071 0.0 1.674 0.0 0.5 994.0 2.3416 10.0 64.0 3.5071 0.0 0.0 -0.426 0.36056 993.0 2.0918 9.0 65.0 4.7071 0.0 0.0 -2.026 0.36056 991.0 1.9615 9.0 68.0 5.8071 0.0 0.0 -3.126 0.22361 987.0 1.8165 8.0 
0.03176 158.48244 56.0 99.0 1.0 51.0 0.0 -3.3929 0.774 0.0 0.5 999.0 1.8976 16.0 56.0 0.0 -0.9929 0.0 -1.026 0.5 998.0 2.1353 14.0 59.0 1.2071 0.0 0.0 -3.026 0.5 996.0 2.0914 12.0 62.0 3.2071 0.0 0.0 -4.726 0.36056 994.0 2.0664 14.0 67.0 4.9071 0.0 0.0 -5.726 0.36056 989.0 1.9104 11.0 
0.0903 180.93975 47.0 9.0 1.0 55.0 0.0 -0.3929 3.974 0.0 0.5831 998.0 2.0598 11.0 59.0 1.3071 0.0 0.974 0.0 0.67082 997.0 2.2221 14.0 62.0 2.9071 0.0 0.0 -2.026 0.5831 995.0 2.1812 12.0 66.0 4.5071 0.0 0.0 -4.526 0.5 991.0 2.0223 10.0 75.0 6.0071 0.0 0.0 -6.526 0.42426 986.0 2.1279 11.0 
0.14668 183.55744 45.0 1000.0 1.0 58.0 0.0 -1.7929 1.974 0.0 0.41231 997.0 2.1474 16.0 64.0 0.5071 0.0 1.574 0.0 0.3 995.0 2.3242 18.0 71.0 2.6071 0.0 1.674 0.0 0.41231 991.0 2.3403 15.0 80.0 4.9071 0.0 1.474 0.0 0.41231 988.0 2.5 13.0 85.0 7.2071 0.0 0.674 0.0 0.31623 984.0 2.5 12.0 
0.06354 217.17587 71.0 1001.0 1.0 31.0 0.0 -2.1929 1.174 0.0 0.1 1001.0 1.0 12.0 37.0 0.0 -1.3929 1.374 0.0 0.14142 999.0 1.0 10.0 46.0 0.0 -0.5929 2.274 0.0 0.28284 998.0 1.4408 12.0 55.0 0.4071 0.0 3.574 0.0 0.28284 995.0 1.7165 10.0 59.0 1.5071 0.0 4.474 0.0 0.31623 993.0 1.7777 9.0 
0.02342 201.4785 63.0 1002.0 1.0 33.0 0.0 -1.8929 0.974 0.0 0.14142 1000.0 1.0 16.0 37.0 0.0 -1.2929 1.274 0.0 0.22361 999.0 1.0 16.0 49.0 0.0 -0.7929 2.674 0.0 0.3 997.0 1.5327 15.0 59.0 0.0 -0.5929 4.974 0.0 0.4 995.0 1.9752 14.0 64.0 0.0 -0.2929 7.474 0.0 0.41231 994.0 2.2019 12.0 
0.15345 87.40194 147.0 1003.0 1.0 62.0 0.0 -1.2929 2.174 0.0 0.5 996.0 2.3095 15.0 63.0 0.4071 0.0 0.674 0.0 0.36056 994.0 2.1336 13.0 63.0 1.9071 0.0 0.0 -0.326 0.22361 992.0 1.9304 12.0 63.0 3.1071 0.0 0.0 -1.126 0.22361 991.0 1.8426 11.0 63.0 4.0071 0.0 0.0 -1.726 0.2 989.0 1.6891 10.0 
0.07997 221.16333 73.0 1004.0 1.0 69.0 0.0 -0.5929 2.674 0.0 0.31623 991.0 2.2103 15.0 74.0 0.9071 0.0 1.774 0.0 0.22361 984.0 1.9286 12.0 81.0 2.0071 0.0 1.374 0.0 0.2 977.0 1.8615 10.0 93.0 2.9071 0.0 1.574 0.0 0.1 966.0 1.8795 9.0 108.0 3.7071 0.0 1.974 0.0 0.22361 953.0 1.9855 8.0 
0.07491 244.59289 73.0 1005.0 1.0 53.0 0.1071 0.0 2.674 0.0 0.22361 996.0 1.6877 14.0 56.0 1.3071 0.0 1.774 0.0 0.22361 994.0 1.6858 13.0 59.0 2.5071 0.0 1.074 0.0 0.22361 993.0 1.7777 12.0 61.0 3.7071 0.0 0.674 0.0 0.22361 991.0 1.7275 12.0 61.0 4.7071 0.0 0.374 0.0 0.14142 989.0 1.5836 11.0 
0.02617 239.20143 120.0 1006.0 1.0 64.0 1.4071 0.0 2.074 0.0 0.22361 989.0 1.7431 11.0 66.0 1.8071 0.0 1.174 0.0 0.14142 984.0 1.5342 9.0 79.0 2.1071 0.0 1.074 0.0 0.0 973.0 1.5936 7.0 101.0 2.3071 0.0 1.574 0.0 0.2 956.0 1.8279 6.0 108.0 2.4071 0.0 2.574 0.0 0.1 951.0 1.9215 6.0 
0.02885 135.31835 67.0 1008.0 1.0 45.0 0.0 -2.0929 1.174 0.0 0.44721 1000.0 1.591 12.0 46.0 0.0 -0.7929 0.0 -0.926 0.36056 999.0 1.5437 11.0 47.0 0.4071 0.0 0.0 -2.526 0.28284 997.0 1.4101 9.0 50.0 1.6071 0.0 0.0 -3.626 0.22361 996.0 1.502 11.0 56.0 2.7071 0.0 0.0 -4.126 0.2 991.0 1.4559 9.0 
0.02247 258.3804 55.0 1010.0 1.0 56.0 0.0 -0.0929 3.874 0.0 0.5 998.0 2.1353 14.0 58.0 1.5071 0.0 1.774 0.0 0.42426 997.0 2.1474 15.0 60.0 3.0071 0.0 0.274 0.0 0.28284 995.0 2.0427 13.0 61.0 4.2071 0.0 0.0 -0.826 0.28284 993.0 1.9003 12.0 64.0 5.5071 0.0 0.0 -1.626 0.22361 991.0 1.9016 11.0 
0.05609 214.55603 61.0 1011.0 1.0 61.0 0.0 -0.6929 4.174 0.0 0.64031 1000.0 2.5 17.0 55.0 1.6071 0.0 1.074 0.0 0.5 999.0 2.2069 16.0 51.0 3.2071 0.0 0.0 -1.326 0.44721 998.0 1.7711 14.0 50.0 4.5071 0.0 0.0 -3.326 0.22361 998.0 1.7023 17.0 53.0 5.5071 0.0 0.0 -4.726 0.22361 995.0 1.5939 14.0 
0.09283 140.98863 54.0 1012.0 1.0 55.0 0.0 -0.5929 3.274 0.0 0.5831 1000.0 2.3767 16.0 49.0 1.0071 0.0 0.774 0.0 0.36056 998.0 1.6349 15.0 49.0 2.4071 0.0 0.0 -0.826 0.36056 998.0 1.6349 17.0 53.0 3.9071 0.0 0.0 -1.726 0.31623 995.0 1.5939 15.0 61.0 5.3071 0.0 0.0 -2.226 0.31623 992.0 1.8098 16.0 
0.032 193.3831 107.0 1017.0 1.0 49.0 0.2071 0.0 2.874 0.0 0.44721 1000.0 1.8864 14.0 45.0 1.5071 0.0 0.874 0.0 0.36056 999.0 1.4773 11.0 42.0 2.5071 0.0 0.0 -0.526 0.28284 998.0 1.2011 10.0 43.0 3.2071 0.0 0.0 -1.626 0.14142 997.0 1.1803 12.0 48.0 3.6071 0.0 0.0 -2.426 0.14142 993.0 1.1766 10.0 
0.05252 245.98277 55.0 1018.0 1.0 75.0 0.0 -0.3929 2.974 0.0 0.28284 985.0 2.0519 10.0 82.0 1.0071 0.0 1.974 0.0 0.31623 981.0 2.1462 9.0 84.0 2.5071 0.0 0.874 0.0 0.36056 981.0 2.2521 8.0 84.0 4.0071 0.0 0.0 -0.126 0.36056 980.0 2.1839 8.0 79.0 5.4071 0.0 0.0 -0.926 0.31623 982.0 2.0563 9.0 
0.03053 263.87963 52.0 1019.0 1.0 55.0 0.0 -0.0929 3.174 0.0 0.5 1000.0 2.3767 19.0 53.0 2.0071 0.0 1.274 0.0 0.5 1000.0 2.207 19.0 51.0 3.9071 0.0 0.0 -0.626 0.42426 1001.0 2.2138 20.0 46.0 5.5071 0.0 0.0 -2.226 0.28284 1001.0 1.801 20.0 42.0 6.7071 0.0 0.0 -3.526 0.28284 1001.0 1.5014 21.0 
0.16471 108.43208 68.0 1020.0 1.0 82.0 0.0 -0.1929 1.974 0.0 0.31623 980.0 2.0811 11.0 89.0 0.7071 0.0 0.674 0.0 0.28284 973.0 2.0226 10.0 94.0 1.6071 0.0 0.0 -0.226 0.28284 967.0 1.9619 9.0 100.0 2.5071 0.0 0.0 -0.826 0.1 960.0 1.9271 8.0 109.0 3.4071 0.0 0.0 -1.026 0.1 952.0 1.9893 7.0 
0.19934 130.98783 69.0 1021.0 1.0 44.0 0.0 -1.3929 0.274 0.0 0.14142 995.0 1.0985 19.0 53.0 0.0 -0.7929 0.874 0.0 0.14142 993.0 1.4345 20.0 67.0 0.0 -0.0929 1.874 0.0 0.22361 987.0 1.7634 17.0 77.0 0.7071 0.0 2.974 0.0 0.22361 982.0 1.9535 14.0 89.0 1.7071 0.0 4.074 0.0 0.22361 974.0 2.0744 12.0 
0.07253 97.40378 67.0 1022.0 1.0 41.0 0.0 -2.1929 0.274 0.0 0.36056 1000.0 1.3207 12.0 43.0 0.0 -0.4929 0.0 -0.726 0.28284 1000.0 1.4527 13.0 47.0 1.1071 0.0 0.0 -1.626 0.31623 999.0 1.6116 14.0 51.0 2.7071 0.0 0.0 -2.426 0.31623 997.0 1.6604 12.0 56.0 4.1071 0.0 0.0 -3.126 0.31623 994.0 1.6858 12.0 
0.16386 155.94083 54.0 1023.0 1.0 67.0 0.0 -1.8929 1.374 0.0 0.31623 987.0 1.7634 11.0 83.0 0.0 -0.2929 1.374 0.0 0.31623 980.0 2.1322 11.0 100.0 1.2071 0.0 2.074 0.0 0.31623 966.0 2.1731 9.0 118.0 2.8071 0.0 2.574 0.0 0.3 950.0 2.2574 7.0 132.0 4.6071 0.0 2.474 0.0 0.3 938.0 2.3729 7.0 
0.06182 287.74031 44.0 1024.0 1.0 60.0 0.0 -2.7929 3.574 0.0 0.60828 1001.0 2.5 20.0 60.0 0.3071 0.0 2.574 0.0 0.5099 1000.0 2.5 19.0 57.0 3.2071 0.0 1.574 0.0 0.44721 1000.0 2.5 19.0 50.0 5.5071 0.0 0.474 0.0 0.41231 1001.0 2.1279 20.0 44.0 7.5071 0.0 0.0 -0.426 0.31623 1001.0 1.6478 22.0 
0.0269 274.47556 60.0 1027.0 1.0 68.0 1.0071 0.0 3.174 0.0 0.44721 992.0 2.249 12.0 63.0 1.9071 0.0 1.574 0.0 0.14142 991.0 1.8426 11.0 62.0 2.7071 0.0 0.774 0.0 0.14142 990.0 1.707 11.0 62.0 3.4071 0.0 0.274 0.0 0.22361 989.0 1.6359 10.0 63.0 4.3071 0.0 0.0 -0.126 0.22361 989.0 1.6891 11.0 
0.05172 278.30705 44.0 1028.0 1.0 53.0 0.0 -2.2929 3.274 0.0 0.44721 1001.0 2.3909 22.0 53.0 0.4071 0.0 2.474 0.0 0.5099 1001.0 2.3909 21.0 50.0 3.0071 0.0 1.874 0.0 0.5099 1001.0 2.1279 22.0 44.0 5.3071 0.0 1.574 0.0 0.4 1002.0 1.7976 23.0 40.0 7.4071 0.0 1.674 0.0 0.3 1002.0 1.4856 25.0 
0.12258 92.73958 54.0 1029.0 1.0 55.0 0.0 -0.5929 1.874 0.0 0.28284 997.0 1.931 15.0 52.0 0.6071 0.0 0.574 0.0 0.28284 997.0 1.7261 15.0 52.0 2.0071 0.0 0.0 -0.626 0.36056 998.0 1.8412 16.0 52.0 3.6071 0.0 0.0 -1.726 0.36056 999.0 1.9727 17.0 49.0 5.3071 0.0 0.0 -2.626 0.22361 999.0 1.7517 17.0 
0.08153 291.14152 121.0 1030.0 1.0 60.0 0.9071 0.0 2.774 0.0 0.1 989.0 1.5321 14.0 64.0 1.3071 0.0 2.274 0.0 0.1 986.0 1.5495 13.0 70.0 1.9071 0.0 2.174 0.0 0.1 982.0 1.6144 12.0 75.0 2.4071 0.0 2.174 0.0 0.14142 977.0 1.5959 9.0 87.0 2.8071 0.0 2.574 0.0 0.14142 966.0 1.6448 7.0 
0.09473 187.78321 55.0 1031.0 1.0 94.0 0.0 -0.2929 3.074 0.0 0.5 980.0 2.5 8.0 97.0 1.3071 0.0 1.074 0.0 0.42426 974.0 2.4641 7.0 96.0 2.7071 0.0 0.0 -0.526 0.42426 972.0 2.2958 7.0 97.0 4.0071 0.0 0.0 -1.926 0.28284 970.0 2.2349 7.0 100.0 5.3071 0.0 0.0 -2.926 0.28284 967.0 2.2204 7.0 
0.13573 108.43208 74.0 1032.0 1.0 65.0 0.0071 0.0 1.574 0.0 0.22361 989.0 1.798 11.0 67.0 0.7071 0.0 0.674 0.0 0.14142 986.0 1.6981 10.0 74.0 1.5071 0.0 0.274 0.0 0.22361 982.0 1.8042 9.0 82.0 2.6071 0.0 0.0 -0.226 0.1 978.0 1.9622 8.0 86.0 3.7071 0.0 0.0 -0.526 0.22361 975.0 1.9879 8.0 
0.12619 139.82063 59.0 1033.0 1.0 86.0 0.0 -0.5929 2.174 0.0 0.36056 979.0 2.2218 11.0 95.0 0.9071 0.0 0.874 0.0 0.31623 972.0 2.2483 9.0 102.0 2.4071 0.0 0.174 0.0 0.22361 965.0 2.2138 9.0 105.0 3.8071 0.0 0.074 0.0 0.2 961.0 2.1655 8.0 105.0 5.1071 0.0 0.574 0.0 0.22361 961.0 2.1655 8.0 
0.07731 218.65722 56.0 1034.0 1.0 73.0 0.0 -1.3929 2.974 0.0 0.44721 991.0 2.474 11.0 79.0 0.6071 0.0 1.874 0.0 0.31623 986.0 2.3609 10.0 82.0 2.4071 0.0 1.474 0.0 0.31623 981.0 2.1462 9.0 89.0 4.0071 0.0 1.374 0.0 0.2 974.0 2.0744 8.0 93.0 5.3071 0.0 1.374 0.0 0.2 970.0 2.0544 7.0 
0.06906 185.98534 110.0 1035.0 1.0 61.0 1.4071 0.0 1.274 0.0 0.1 989.0 1.5836 11.0 61.0 1.6071 0.0 0.474 0.0 0.22361 989.0 1.5836 10.0 62.0 2.0071 0.0 0.0 -0.226 0.1 988.0 1.5705 10.0 63.0 2.4071 0.0 0.0 -0.726 0.14142 987.0 1.5592 10.0 64.0 2.9071 0.0 0.0 -1.126 0.1 986.0 1.5495 10.0 
0.04515 205.90863 79.0 1036.0 1.0 41.0 0.0 -2.5929 0.0 -0.426 0.36056 1001.0 1.4308 18.0 43.0 0.0 -0.8929 0.0 -1.626 0.28284 1000.0 1.4527 16.0 43.0 0.5071 0.0 0.0 -2.426 0.2 1000.0 1.4527 19.0 48.0 1.7071 0.0 0.0 -2.426 0.2 997.0 1.4708 15.0 49.0 2.9071 0.0 0.0 -1.926 0.28284 997.0 1.5327 15.0 
0.13723 134.30846 75.0 1038.0 1.0 42.0 0.0 -1.2929 0.974 0.0 0.2 998.0 1.2011 13.0 48.0 0.0 -0.2929 1.174 0.0 0.14142 996.0 1.3843 14.0 58.0 0.6071 0.0 1.674 0.0 0.22361 992.0 1.6361 12.0 65.0 1.6071 0.0 2.474 0.0 0.28284 989.0 1.798 11.0 73.0 2.6071 0.0 3.674 0.0 0.22361 986.0 2.0159 10.0 
0.09451 163.67688 61.0 1040.0 1.0 58.0 0.0 -0.4929 2.874 0.0 0.5 997.0 2.1474 12.0 60.0 1.1071 0.0 0.974 0.0 0.42426 995.0 2.0427 14.0 60.0 2.5071 0.0 0.0 -0.326 0.28284 993.0 1.8385 13.0 61.0 3.7071 0.0 0.0 -1.426 0.28284 992.0 1.8098 12.0 67.0 4.8071 0.0 0.0 -2.626 0.28284 988.0 1.834 11.0 
0.07135 99.87449 61.0 1044.0 1.0 39.0 0.0 -1.6929 0.0 -0.626 0.22361 1000.0 1.195 20.0 46.0 0.0 -0.6929 0.574 0.0 0.31623 999.0 1.5437 17.0 52.0 0.0 -0.2929 2.674 0.0 0.4 998.0 1.8412 16.0 55.0 0.0 -0.3929 5.274 0.0 0.4 998.0 2.0598 16.0 58.0 0.0 -0.6929 7.774 0.0 0.4 997.0 2.1474 15.0 
0.01575 244.85519 70.0 1045.0 1.0 47.0 0.0 -3.4929 0.374 0.0 0.5 1000.0 1.7355 12.0 48.0 0.0 -1.5929 0.0 -1.526 0.42426 999.0 1.6809 11.0 48.0 0.1071 0.0 0.0 -3.026 0.28284 998.0 1.5688 10.0 48.0 1.5071 0.0 0.0 -4.126 0.22361 996.0 1.3843 9.0 54.0 2.8071 0.0 0.0 -4.626 0.22361 993.0 1.4892 10.0 
0.05606 180.26231 48.0 1047.0 1.0 51.0 0.0 -0.8929 2.274 0.0 0.36056 1000.0 2.0435 14.0 50.0 1.0071 0.0 1.274 0.0 0.31623 1000.0 1.9642 13.0 51.0 3.0071 0.0 0.574 0.0 0.41231 1000.0 2.0435 14.0 47.0 5.0071 0.0 0.174 0.0 0.31623 1000.0 1.7355 15.0 42.0 6.8071 0.0 0.0 -0.026 0.3 1001.0 1.5014 16.0 
0.07583 56.66943 77.0 1048.0 1.0 34.0 0.0 -1.0929 0.274 0.0 0.14142 1000.0 1.0 11.0 36.0 0.0 -0.3929 0.0 -0.326 0.14142 998.0 1.0 10.0 41.0 0.3071 0.0 0.0 -0.926 0.2 998.0 1.1446 13.0 49.0 1.2071 0.0 0.0 -1.326 0.22361 995.0 1.3624 11.0 59.0 2.2071 0.0 0.0 -1.526 0.22361 989.0 1.4814 9.0 
0.19821 45.6838 67.0 1049.0 1.0 44.0 0.0 -0.7929 0.974 0.0 0.22361 999.0 1.4124 13.0 51.0 0.3071 0.0 0.274 0.0 0.2 996.0 1.5627 11.0 56.0 1.4071 0.0 0.0 -0.126 0.22361 994.0 1.6858 9.0 59.0 2.6071 0.0 0.0 -0.426 0.22361 992.0 1.693 9.0 62.0 3.7071 0.0 0.0 -0.726 0.22361 991.0 1.7846 8.0 
0.11849 225.86704 63.0 1050.0 1.0 58.0 0.0 -2.5929 1.174 0.0 0.31623 996.0 2.0211 15.0 65.0 0.0 -0.7929 1.874 0.0 0.36056 992.0 2.0549 12.0 71.0 0.7071 0.0 3.174 0.0 0.22361 988.0 2.0595 10.0 72.0 2.0071 0.0 4.174 0.0 0.28284 987.0 2.0365 10.0 70.0 3.4071 0.0 5.074 0.0 0.22361 988.0 2.0019 10.0 
0.19984 61.36266 105.0 1051.0 1.0 41.0 0.0 -0.4929 2.074 0.0 0.31623 1001.0 1.4308 26.0 41.0 0.4071 0.0 0.374 0.0 0.36056 1000.0 1.3207 26.0 43.0 1.4071 0.0 0.0 -0.926 0.14142 999.0 1.3489 23.0 48.0 2.4071 0.0 0.0 -1.626 0.2 997.0 1.4708 24.0 48.0 3.4071 0.0 0.0 -1.926 0.2 996.0 1.3843 24.0 
0.0848 313.42725 53.0 1053.0 1.0 81.0 0.0 -0.3929 3.574 0.0 0.36056 977.0 1.8615 11.0 106.0 0.9071 0.0 2.674 0.0 0.31623 956.0 2.0134 8.0 133.0 2.4071 0.0 1.874 0.0 0.31623 932.0 2.2305 6.0 149.0 4.0071 0.0 1.274 0.0 0.22361 914.0 2.2905 6.0 151.0 5.5071 0.0 0.974 0.0 0.3 911.0 2.2832 5.0 
0.03403 232.85955 98.0 1054.0 1.0 64.0 1.6071 0.0 1.574 0.0 0.14142 986.0 1.5495 10.0 68.0 1.9071 0.0 0.874 0.0 0.14142 984.0 1.6286 9.0 71.0 2.4071 0.0 0.274 0.0 0.14142 982.0 1.6609 9.0 73.0 2.9071 0.0 0.0 -0.226 0.14142 981.0 1.7009 9.0 75.0 3.4071 0.0 0.0 -0.626 0.14142 979.0 1.6898 8.0 
0.08459 241.889 86.0 1055.0 1.0 64.0 0.0071 0.0 3.274 0.0 0.42426 995.0 2.3242 13.0 63.0 1.5071 0.0 1.574 0.0 0.28284 993.0 2.0269 12.0 64.0 2.8071 0.0 0.174 0.0 0.28284 992.0 1.9922 12.0 65.0 4.0071 0.0 0.0 -1.026 0.28284 990.0 1.8762 11.0 68.0 4.9071 0.0 0.0 -2.226 0.14142 987.0 1.8165 10.0 
0.01729 290.10581 59.0 1058.0 1.0 71.0 0.1071 0.0 4.274 0.0 0.5831 996.0 2.5 11.0 64.0 2.0071 0.0 1.674 0.0 0.42426 996.0 2.4609 11.0 59.0 3.5071 0.0 0.0 -0.326 0.42426 997.0 2.2221 11.0 56.0 4.8071 0.0 0.0 -1.926 0.28284 996.0 1.8841 11.0 53.0 5.9071 0.0 0.0 -3.026 0.28284 996.0 1.6877 10.0 
0.08138 204.62411 50.0 1059.0 1.0 61.0 0.0 -0.7929 2.774 0.0 0.44721 995.0 2.1114 19.0 67.0 1.1071 0.0 1.474 0.0 0.36056 992.0 2.1833 19.0 74.0 2.8071 0.0 0.174 0.0 0.28284 988.0 2.2372 17.0 85.0 4.4071 0.0 0.0 -1.126 0.36056 981.0 2.3061 14.0 96.0 6.1071 0.0 0.0 -2.326 0.22361 973.0 2.3532 12.0 
0.03641 306.81947 38.0 1060.0 1.0 60.0 0.0 -0.8929 4.274 0.0 0.5831 999.0 2.5 19.0 62.0 1.7071 0.0 2.174 0.0 0.5 998.0 2.5 22.0 68.0 4.4071 0.0 0.0 -0.026 0.56569 998.0 2.5 21.0 73.0 7.2071 0.0 0.0 -2.626 0.56569 995.0 2.5 15.0 71.0 9.8071 0.0 0.0 -4.926 0.5 994.0 2.5 14.0 
0.03869 277.97437 136.0 1061.0 1.0 44.0 1.8071 0.0 2.074 0.0 0.22361 999.0 1.4124 17.0 41.0 2.3071 0.0 0.974 0.0 0.22361 999.0 1.2264 17.0 39.0 2.7071 0.0 0.074 0.0 0.1 999.0 1.1096 17.0 38.0 3.0071 0.0 0.0 -0.426 0.1 999.0 1.0535 17.0 38.0 3.3071 0.0 0.0 -0.826 0.14142 998.0 1.0 16.0 
0.02202 237.31183 69.0 1062.0 1.0 40.0 0.0 -2.6929 0.0 -0.026 0.36056 999.0 1.1673 11.0 42.0 0.0 -1.5929 0.0 -1.426 0.22361 998.0 1.2011 10.0 45.0 0.0 -0.5929 0.0 -2.526 0.28284 996.0 1.2166 9.0 50.0 0.5071 0.0 0.0 -3.326 0.22361 995.0 1.4186 11.0 62.0 1.8071 0.0 0.0 -3.626 0.2 989.0 1.6359 9.0 
0.07022 116.7183 225.0 1064.0 1.0 78.0 0.0 -0.4929 2.274 0.0 0.42426 985.0 2.2193 9.0 83.0 0.8071 0.0 0.674 0.0 0.28284 981.0 2.1988 9.0 82.0 2.0071 0.0 0.0 -0.626 0.28284 980.0 2.0811 8.0 78.0 3.1071 0.0 0.0 -1.526 0.22361 981.0 1.9419 9.0 75.0 4.1071 0.0 0.0 -2.226 0.14142 982.0 1.8533 9.0 
0.07783 296.82916 46.0 1065.0 1.0 63.0 0.0 -1.2929 3.874 0.0 0.53852 1000.0 2.5 19.0 63.0 1.4071 0.0 2.274 0.0 0.44721 998.0 2.5 16.0 62.0 3.6071 0.0 0.774 0.0 0.36056 997.0 2.4538 15.0 60.0 5.6071 0.0 0.0 -0.326 0.36056 996.0 2.1629 14.0 57.0 7.2071 0.0 0.0 -1.126 0.22361 995.0 1.8436 14.0 
0.0342 251.26993 51.0 1066.0 1.0 55.0 0.0 -1.5929 3.574 0.0 0.5 1001.0 2.5 17.0 53.0 0.9071 0.0 2.074 0.0 0.44721 1000.0 2.207 18.0 53.0 2.9071 0.0 0.674 0.0 0.36056 999.0 2.0493 17.0 55.0 4.6071 0.0 0.0 -0.626 0.28284 997.0 1.931 15.0 57.0 6.1071 0.0 0.0 -1.726 0.22361 996.0 1.952 14.0 
0.03665 224.51946 72.0 1068.0 1.0 69.0 0.9071 0.0 2.974 0.0 0.41231 992.0 2.3156 12.0 63.0 1.9071 0.0 0.674 0.0 0.36056 993.0 2.0269 13.0 58.0 2.9071 0.0 0.0 -0.926 0.36056 992.0 1.6361 11.0 56.0 3.7071 0.0 0.0 -2.126 0.14142 990.0 1.3926 9.0 66.0 4.4071 0.0 0.0 -2.826 0.1 983.0 1.483 10.0 
0.05692 242.73765 43.0 1069.0 1.0 61.0 0.0 -1.2929 4.274 0.0 0.70711 1001.0 2.5 22.0 60.0 1.4071 0.0 1.674 0.0 0.56569 1000.0 2.5 19.0 58.0 3.8071 0.0 0.0 -0.226 0.5 1000.0 2.5 18.0 55.0 6.1071 0.0 0.0 -1.626 0.36056 999.0 2.2069 17.0 49.0 7.9071 0.0 0.0 -2.326 0.31623 999.0 1.7517 17.0 
0.08728 103.89543 83.0 1070.0 1.0 51.0 0.0 -0.5929 2.574 0.0 0.44721 1000.0 2.0435 15.0 48.0 0.8071 0.0 0.474 0.0 0.36056 999.0 1.6809 14.0 46.0 2.0071 0.0 0.0 -1.026 0.28284 998.0 1.4408 13.0 48.0 3.0071 0.0 0.0 -2.026 0.14142 996.0 1.3843 11.0 55.0 3.8071 0.0 0.0 -2.726 0.22361 991.0 1.4044 9.0 
0.21485 69.94114 55.0 1071.0 1.0 50.0 0.0 -1.4929 2.174 0.0 0.5 1000.0 1.9642 12.0 49.0 0.5071 0.0 0.374 0.0 0.36056 1000.0 1.8864 15.0 49.0 2.2071 0.0 0.0 -1.126 0.28284 998.0 1.6349 14.0 52.0 3.6071 0.0 0.0 -2.426 0.36056 996.0 1.6246 12.0 62.0 5.2071 0.0 0.0 -3.526 0.36056 994.0 2.0664 13.0 
0.06072 267.20369 77.0 1072.0 1.0 86.0 2.4071 0.0 0.0 -1.026 0.1 971.0 1.7986 7.0 93.0 2.4071 0.0 0.0 -0.026 0.2 966.0 1.8795 7.0 99.0 2.5071 0.0 1.074 0.0 0.14142 960.0 1.8888 6.0 109.0 2.8071 0.0 1.874 0.0 0.1 948.0 1.8669 6.0 113.0 3.2071 0.0 2.374 0.0 0.1 944.0 1.8901 5.0 
0.04837 248.34911 76.0 1073.0 1.0 33.0 0.0 -2.2929 0.0 -0.926 0.28284 1002.0 1.0112 19.0 34.0 0.0 -1.2929 0.0 -1.826 0.28284 1001.0 1.0 18.0 35.0 0.0 -0.2929 0.0 -2.426 0.14142 1001.0 1.0427 16.0 37.0 0.6071 0.0 0.0 -2.526 0.2 1000.0 1.0756 17.0 42.0 1.6071 0.0 0.0 -2.226 0.22361 999.0 1.2869 17.0 
0.12946 178.00283 58.0 1074.0 1.0 60.0 0.0 -2.3929 0.0 -0.526 0.36056 994.0 1.9352 11.0 63.0 0.0 -0.4929 0.0 -1.526 0.31623 991.0 1.8426 13.0 74.0 1.3071 0.0 0.0 -1.726 0.22361 982.0 1.8042 10.0 92.0 2.9071 0.0 0.0 -1.526 0.31623 967.0 1.8793 9.0 122.0 4.4071 0.0 0.0 -1.826 0.3 944.0 2.2032 9.0 
0.09967 208.59279 79.0 1076.0 1.0 77.0 0.3071 0.0 2.474 0.0 0.36056 987.0 2.3291 10.0 75.0 1.6071 0.0 0.974 0.0 0.28284 986.0 2.1279 10.0 75.0 2.6071 0.0 0.0 -0.226 0.28284 984.0 1.9811 9.0 80.0 3.6071 0.0 0.0 -1.326 0.14142 979.0 1.9226 8.0 89.0 4.5071 0.0 0.0 -2.126 0.14142 971.0 1.9263 7.0 
0.06569 137.42438 52.0 1077.0 1.0 59.0 0.0 -3.6929 0.374 0.0 0.67082 1000.0 2.5 17.0 55.0 0.0 -0.6929 0.0 -1.026 0.44721 999.0 2.2069 15.0 52.0 1.5071 0.0 0.0 -2.326 0.36056 997.0 1.7261 13.0 54.0 3.3071 0.0 0.0 -3.426 0.36056 995.0 1.6546 12.0 63.0 5.1071 0.0 0.0 -4.526 0.44721 993.0 2.0269 13.0 
0.05209 224.85451 73.0 1078.0 1.0 55.0 2.0071 0.0 0.874 0.0 0.1 991.0 1.4044 11.0 55.0 2.0071 0.0 0.274 0.0 0.14142 991.0 1.4044 11.0 54.0 2.2071 0.0 0.0 -0.226 0.0 991.0 1.3538 11.0 52.0 2.4071 0.0 0.0 -0.626 0.14142 992.0 1.3151 12.0 51.0 2.8071 0.0 0.0 -1.026 0.14142 994.0 1.3982 13.0 
0.03821 238.17627 43.0 1079.0 1.0 44.0 0.0 -0.6929 3.374 0.0 0.42426 1002.0 1.7976 22.0 47.0 1.2071 0.0 1.774 0.0 0.36056 1001.0 1.8802 22.0 51.0 3.2071 0.0 0.174 0.0 0.42426 1001.0 2.2138 20.0 56.0 5.3071 0.0 0.0 -1.526 0.5 1000.0 2.4639 18.0 56.0 7.6071 0.0 0.0 -3.326 0.44721 1000.0 2.4639 18.0 
0.09955 269.85254 50.0 1080.0 1.0 44.0 0.0 -0.8929 0.0 -2.626 0.3 997.0 1.2359 17.0 46.0 0.7071 0.0 0.0 -2.326 0.3 996.0 1.2713 18.0 50.0 2.1071 0.0 0.0 -1.826 0.22361 994.0 1.3439 17.0 60.0 3.6071 0.0 0.0 -1.426 0.3 992.0 1.7509 17.0 76.0 5.6071 0.0 0.0 -1.926 0.31623 987.0 2.269 17.0 
0.08383 165.42227 56.0 1081.0 1.0 41.0 0.0071 0.0 1.974 0.0 0.22361 1000.0 1.3207 22.0 42.0 1.2071 0.0 0.874 0.0 0.28284 999.0 1.2869 20.0 44.0 2.3071 0.0 0.0 -0.226 0.22361 998.0 1.3183 22.0 51.0 3.5071 0.0 0.0 -0.926 0.22361 996.0 1.5627 19.0 62.0 4.9071 0.0 0.0 -1.626 0.31623 993.0 1.9631 20.0 
0.05999 243.22596 53.0 1085.0 1.0 62.0 0.0 -1.3929 2.774 0.0 0.36056 996.0 2.3095 15.0 66.0 0.7071 0.0 2.074 0.0 0.31623 993.0 2.2245 12.0 68.0 2.4071 0.0 1.274 0.0 0.31623 991.0 2.1467 11.0 72.0 4.0071 0.0 0.274 0.0 0.22361 988.0 2.1179 10.0 76.0 5.5071 0.0 0.0 -0.526 0.22361 985.0 2.1069 9.0 
0.08398 161.73528 60.0 1086.0 1.0 70.0 0.0 -0.2929 1.974 0.0 0.14142 986.0 1.8536 13.0 79.0 0.7071 0.0 1.274 0.0 0.22361 980.0 1.9316 11.0 90.0 1.8071 0.0 0.574 0.0 0.14142 971.0 1.9698 9.0 100.0 2.9071 0.0 0.0 -0.126 0.22361 964.0 2.0844 9.0 116.0 4.1071 0.0 0.0 -0.926 0.31623 949.0 2.1474 7.0 
0.06323 226.48588 44.0 1087.0 1.0 53.0 0.0 -1.6929 3.174 0.0 0.44721 1002.0 2.5 23.0 52.0 0.8071 0.0 1.874 0.0 0.44721 1001.0 2.3015 21.0 51.0 3.2071 0.0 0.874 0.0 0.41231 1001.0 2.2138 20.0 49.0 5.5071 0.0 0.074 0.0 0.31623 1001.0 2.0436 21.0 45.0 7.5071 0.0 0.0 -0.326 0.31623 1001.0 1.7236 22.0 
0.01049 263.06172 31.0 1088.0 1.0 70.0 0.0 -5.4929 1.674 0.0 0.86023 999.0 2.5 17.0 64.0 0.0 -1.8929 0.0 -1.426 0.70711 999.0 2.5 21.0 59.0 0.7071 0.0 0.0 -4.226 0.5831 997.0 2.2221 19.0 57.0 2.5071 0.0 0.0 -6.826 0.42426 996.0 1.952 17.0 56.0 4.0071 0.0 0.0 -8.626 0.36056 994.0 1.6858 19.0 
0.08164 250.0243 45.0 1091.0 1.0 73.0 0.0 -0.8929 4.574 0.0 0.70711 996.0 2.5 16.0 71.0 1.5071 0.0 1.674 0.0 0.56569 994.0 2.5 14.0 69.0 3.4071 0.0 0.0 -0.726 0.42426 992.0 2.3156 13.0 74.0 5.3071 0.0 0.0 -2.626 0.42426 989.0 2.3304 11.0 76.0 7.2071 0.0 0.0 -4.226 0.36056 987.0 2.269 11.0 
0.09792 266.93657 63.0 1092.0 1.0 68.0 0.3071 0.0 2.874 0.0 0.36056 990.0 2.0534 14.0 73.0 1.5071 0.0 1.874 0.0 0.22361 985.0 1.9439 12.0 78.0 2.6071 0.0 1.174 0.0 0.14142 981.0 1.9419 11.0 81.0 3.5071 0.0 0.574 0.0 0.22361 975.0 1.7635 9.0 91.0 4.5071 0.0 0.074 0.0 0.14142 965.0 1.7621 7.0 
0.03491 226.37542 73.0 1093.0 1.0 65.0 1.1071 0.0 2.274 0.0 0.14142 989.0 1.798 10.0 63.0 1.5071 0.0 1.374 0.0 0.14142 988.0 1.6215 10.0 63.0 2.0071 0.0 0.974 0.0 0.1 986.0 1.5014 10.0 65.0 2.4071 0.0 0.874 0.0 0.14142 985.0 1.5412 9.0 68.0 2.9071 0.0 0.774 0.0 0.1 983.0 1.5743 9.0 
0.11118 137.92644 46.0 1094.0 1.0 52.0 0.0 -2.1929 2.274 0.0 0.53852 1001.0 2.3015 13.0 49.0 0.4071 0.0 1.174 0.0 0.44721 1000.0 1.8864 12.0 49.0 2.6071 0.0 0.0 -0.126 0.42426 999.0 1.7517 11.0 54.0 4.6071 0.0 0.0 -1.826 0.5 999.0 2.1274 14.0 57.0 6.7071 0.0 0.0 -3.426 0.5 997.0 2.074 12.0 
0.11487 292.49093 44.0 1095.0 1.0 62.0 0.0 -1.1929 3.574 0.0 0.44721 995.0 2.1812 20.0 71.0 0.9071 0.0 2.474 0.0 0.31623 991.0 2.3403 19.0 81.0 3.1071 0.0 1.574 0.0 0.42426 987.0 2.5 16.0 89.0 5.3071 0.0 0.374 0.0 0.44721 982.0 2.5 14.0 94.0 7.5071 0.0 0.0 -0.426 0.31623 976.0 2.4391 13.0 
0.03 204.62411 67.0 1096.0 1.0 58.0 0.0 -0.1929 2.574 0.0 0.28284 995.0 1.9088 10.0 59.0 1.1071 0.0 1.474 0.0 0.22361 994.0 1.8713 9.0 59.0 2.3071 0.0 0.574 0.0 0.14142 993.0 1.7777 9.0 59.0 3.3071 0.0 0.0 -0.226 0.22361 992.0 1.693 9.0 61.0 4.3071 0.0 0.0 -0.926 0.14142 991.0 1.7275 8.0 
0.06762 194.80947 115.0 1099.0 1.0 59.0 0.6071 0.0 2.074 0.0 0.14142 992.0 1.693 12.0 57.0 1.2071 0.0 1.274 0.0 0.28284 992.0 1.5802 12.0 54.0 1.9071 0.0 0.674 0.0 0.14142 992.0 1.4182 12.0 54.0 2.5071 0.0 0.374 0.0 0.1 992.0 1.4182 12.0 55.0 3.1071 0.0 0.474 0.0 0.1 992.0 1.4713 12.0 
0.1518 88.93632 55.0 1100.0 1.0 57.0 0.0 -1.8929 2.374 0.0 0.5 999.0 2.3703 18.0 58.0 0.2071 0.0 0.774 0.0 0.44721 998.0 2.2906 16.0 56.0 2.0071 0.0 0.0 -0.526 0.36056 997.0 2.0019 15.0 54.0 3.5071 0.0 0.0 -1.526 0.28284 997.0 1.8615 15.0 53.0 4.9071 0.0 0.0 -2.326 0.3 996.0 1.6877 14.0 
0.21326 108.11687 57.0 1102.0 1.0 51.0 0.0 -1.3929 0.974 0.0 0.2 995.0 1.4759 14.0 64.0 0.0071 0.0 0.974 0.0 0.3 991.0 1.9016 15.0 74.0 1.6071 0.0 1.074 0.0 0.3 986.0 2.0715 13.0 82.0 3.3071 0.0 0.674 0.0 0.22361 982.0 2.2154 11.0 88.0 4.8071 0.0 0.0 -0.126 0.36056 978.0 2.2599 10.0 
0.01055 99.91026 33.0 1103.0 1.0 74.0 0.0 -4.1929 3.274 0.0 0.92195 999.0 2.5 12.0 68.0 0.0 -0.7929 0.0 -0.426 0.78102 998.0 2.5 11.0 65.0 1.8071 0.0 0.0 -3.826 0.72111 996.0 2.5 9.0 67.0 3.8071 0.0 0.0 -7.026 0.5831 995.0 2.5 11.0 70.0 5.5071 0.0 0.0 -9.626 0.5 990.0 2.176 9.0 
0.09551 220.91639 59.0 1105.0 1.0 53.0 0.2071 0.0 2.674 0.0 0.36056 998.0 1.9127 16.0 54.0 1.6071 0.0 1.174 0.0 0.28284 998.0 1.9855 15.0 53.0 2.9071 0.0 0.0 -0.226 0.36056 997.0 1.7931 15.0 52.0 4.0071 0.0 0.0 -1.526 0.28284 997.0 1.7261 15.0 53.0 5.1071 0.0 0.0 -2.626 0.28284 996.0 1.6877 14.0 
0.14885 241.889 71.0 1107.0 1.0 88.0 0.2071 0.0 2.974 0.0 0.28284 979.0 2.3263 13.0 88.0 1.5071 0.0 1.574 0.0 0.28284 977.0 2.1971 13.0 87.0 2.6071 0.0 0.474 0.0 0.28284 976.0 2.0894 13.0 88.0 3.6071 0.0 0.0 -0.426 0.28284 974.0 2.0281 12.0 90.0 4.6071 0.0 0.0 -1.226 0.22361 972.0 2.0178 12.0 
0.04779 288.97303 105.0 1108.0 1.0 44.0 0.9071 0.0 2.874 0.0 0.28284 999.0 1.4124 18.0 48.0 1.8071 0.0 1.874 0.0 0.22361 997.0 1.4708 15.0 50.0 2.6071 0.0 1.374 0.0 0.22361 995.0 1.4186 14.0 52.0 3.4071 0.0 0.974 0.0 0.1 994.0 1.4536 13.0 54.0 4.2071 0.0 0.874 0.0 0.1 993.0 1.4892 12.0 
0.0507 179.1179 64.0 1109.0 1.0 64.0 0.1071 0.0 2.574 0.0 0.28284 992.0 1.9922 12.0 63.0 1.1071 0.0 1.174 0.0 0.28284 992.0 1.9304 12.0 62.0 2.2071 0.0 0.0 -0.026 0.28284 992.0 1.8696 12.0 61.0 3.3071 0.0 0.0 -1.126 0.28284 992.0 1.8098 12.0 61.0 4.4071 0.0 0.0 -2.026 0.14142 992.0 1.8098 12.0 
0.1045 198.15681 97.0 1110.0 1.0 77.0 0.0 -0.6929 3.174 0.0 0.42426 990.0 2.5 11.0 73.0 1.0071 0.0 1.474 0.0 0.36056 988.0 2.1772 10.0 70.0 2.4071 0.0 0.374 0.0 0.31623 988.0 2.0019 10.0 68.0 3.6071 0.0 0.0 -0.426 0.28284 988.0 1.8891 10.0 69.0 4.6071 0.0 0.0 -1.226 0.14142 986.0 1.801 10.0 
0.05896 250.0243 179.0 1113.0 1.0 98.0 0.6071 0.0 2.674 0.0 0.22361 965.0 2.0436 7.0 110.0 1.5071 0.0 1.674 0.0 0.22361 953.0 2.0598 6.0 120.0 2.6071 0.0 0.874 0.0 0.22361 943.0 2.1011 5.0 120.0 3.8071 0.0 0.174 0.0 0.22361 944.0 2.1316 5.0 111.0 4.9071 0.0 0.0 -0.326 0.22361 953.0 2.0974 6.0 
0.03178 266.44177 66.0 1114.0 1.0 42.0 0.0 -2.1929 0.0 -2.026 0.31623 999.0 1.2869 12.0 43.0 0.0 -0.5929 0.0 -2.326 0.31623 998.0 1.259 10.0 45.0 0.8071 0.0 0.0 -2.426 0.2 996.0 1.2166 9.0 46.0 2.0071 0.0 0.0 -2.426 0.22361 995.0 1.2007 10.0 53.0 3.1071 0.0 0.0 -2.326 0.2 993.0 1.4345 10.0 
0.06756 269.46416 60.0 1115.0 1.0 46.0 0.3071 0.0 0.0 -2.826 0.36056 999.0 1.5437 23.0 53.0 1.7071 0.0 0.0 -1.726 0.36056 997.0 1.7931 20.0 57.0 3.1071 0.0 0.0 -0.726 0.22361 995.0 1.8436 18.0 56.0 4.5071 0.0 0.0 -0.426 0.2 994.0 1.6858 17.0 55.0 5.6071 0.0 0.0 -0.326 0.2 993.0 1.5448 16.0 
0.11616 116.7183 234.0 1116.0 1.0 59.0 0.6071 0.0 1.174 0.0 0.1 989.0 1.4814 10.0 58.0 0.8071 0.0 0.674 0.0 0.1 989.0 1.4316 10.0 57.0 1.1071 0.0 0.574 0.0 0.0 989.0 1.3827 10.0 58.0 1.4071 0.0 0.774 0.0 0.1 989.0 1.4316 10.0 60.0 1.9071 0.0 1.074 0.0 0.1 988.0 1.4708 10.0 
0.08853 231.79836 49.0 1119.0 1.0 59.0 0.0 -1.3929 0.0 -2.326 0.4 997.0 2.2221 16.0 62.0 0.8071 0.0 0.0 -1.926 0.31623 994.0 2.0664 14.0 71.0 2.8071 0.0 0.0 -1.326 0.3 990.0 2.2386 14.0 84.0 4.7071 0.0 0.0 -1.626 0.31623 983.0 2.4023 12.0 90.0 6.5071 0.0 0.0 -2.326 0.22361 976.0 2.236 10.0 
0.04619 262.51785 49.0 1120.0 1.0 62.0 0.3071 0.0 4.174 0.0 0.5831 997.0 2.4538 14.0 59.0 2.1071 0.0 1.074 0.0 0.5 996.0 2.0914 13.0 59.0 3.7071 0.0 0.0 -1.526 0.42426 995.0 1.9752 12.0 62.0 5.3071 0.0 0.0 -3.526 0.36056 993.0 1.9631 14.0 65.0 6.7071 0.0 0.0 -5.126 0.36056 988.0 1.7261 12.0 
0.04287 285.43508 126.0 1121.0 1.0 51.0 1.6071 0.0 2.474 0.0 0.14142 995.0 1.4759 14.0 49.0 2.1071 0.0 1.474 0.0 0.14142 995.0 1.3624 14.0 47.0 2.5071 0.0 0.674 0.0 0.14142 995.0 1.2535 14.0 46.0 2.9071 0.0 0.074 0.0 0.14142 995.0 1.2007 14.0 46.0 3.3071 0.0 0.0 -0.426 0.1 995.0 1.2007 14.0 
0.03153 281.38153 42.0 1122.0 1.0 51.0 0.1071 0.0 3.374 0.0 0.36056 1000.0 2.0435 18.0 50.0 1.7071 0.0 1.874 0.0 0.36056 1000.0 1.9642 18.0 52.0 3.6071 0.0 0.374 0.0 0.5 1000.0 2.1245 19.0 54.0 5.9071 0.0 0.0 -1.426 0.5 1001.0 2.4819 20.0 48.0 8.1071 0.0 0.0 -3.226 0.36056 1002.0 2.1393 22.0 
0.00852 150.97414 33.0 1124.0 1.0 64.0 0.0 -3.7929 2.374 0.0 0.78102 1000.0 2.5 13.0 59.0 0.0 -0.8929 0.0 -1.026 0.64031 1000.0 2.5 12.0 56.0 1.3071 0.0 0.0 -3.926 0.5831 999.0 2.2879 15.0 56.0 3.0071 0.0 0.0 -6.626 0.5 998.0 2.1353 13.0 55.0 4.6071 0.0 0.0 -8.526 0.28284 995.0 1.7165 12.0 
0.0706 245.50847 53.0 1125.0 1.0 73.0 0.0 -1.3929 2.774 0.0 0.31623 990.0 2.3665 14.0 75.0 0.4071 0.0 2.174 0.0 0.3 987.0 2.2097 13.0 78.0 2.1071 0.0 1.874 0.0 0.31623 985.0 2.2193 12.0 79.0 3.9071 0.0 1.174 0.0 0.31623 985.0 2.2766 12.0 77.0 5.6071 0.0 0.374 0.0 0.31623 986.0 2.2429 12.0 
0.06735 296.49524 65.0 1126.0 1.0 53.0 0.0 -0.2929 2.974 0.0 0.2 996.0 1.6877 19.0 54.0 1.0071 0.0 2.474 0.0 0.2 995.0 1.6546 18.0 54.0 2.0071 0.0 1.874 0.0 0.22361 994.0 1.5675 17.0 56.0 2.9071 0.0 1.074 0.0 0.22361 994.0 1.6858 16.0 58.0 3.9071 0.0 0.174 0.0 0.22361 993.0 1.7179 16.0 
0.09542 93.62417 59.0 1127.0 1.0 41.0 0.0 -0.5929 2.074 0.0 0.36056 999.0 1.2264 16.0 43.0 0.5071 0.0 0.674 0.0 0.28284 998.0 1.259 14.0 47.0 1.7071 0.0 0.0 -0.426 0.28284 997.0 1.4101 15.0 53.0 3.0071 0.0 0.0 -1.326 0.36056 995.0 1.5939 14.0 64.0 4.5071 0.0 0.0 -2.226 0.22361 991.0 1.9016 15.0 
0.01125 96.56275 37.0 1128.0 1.0 68.0 0.0 -4.0929 2.874 0.0 0.84853 1000.0 2.5 12.0 65.0 0.0 -0.6929 0.0 -0.526 0.70711 999.0 2.5 11.0 61.0 2.0071 0.0 0.0 -3.426 0.64031 998.0 2.5 10.0 62.0 4.1071 0.0 0.0 -6.126 0.56569 997.0 2.4538 12.0 66.0 6.2071 0.0 0.0 -8.226 0.5 994.0 2.3416 10.0 
0.09046 281.38153 43.0 1129.0 1.0 98.0 0.0 -0.3929 3.674 0.0 0.5 978.0 2.5 8.0 105.0 1.7071 0.0 1.874 0.0 0.36056 969.0 2.5 7.0 115.0 3.8071 0.0 0.574 0.0 0.5 961.0 2.5 6.0 123.0 5.9071 0.0 0.0 -0.826 0.5 954.0 2.5 6.0 116.0 7.9071 0.0 0.0 -2.126 0.31623 958.0 2.4988 6.0 
0.05781 158.48244 66.0 1130.0 1.0 49.0 0.0 -3.1929 0.674 0.0 0.5 1000.0 1.8864 18.0 47.0 0.0 -0.9929 0.0 -1.026 0.42426 999.0 1.6116 17.0 46.0 0.6071 0.0 0.0 -2.626 0.36056 998.0 1.4408 15.0 45.0 2.0071 0.0 0.0 -3.826 0.28284 997.0 1.2927 18.0 48.0 3.3071 0.0 0.0 -4.426 0.22361 995.0 1.3074 16.0 
0.03167 161.05662 58.0 1132.0 1.0 56.0 0.0 -3.0929 2.374 0.0 0.67082 1000.0 2.4639 12.0 55.0 0.0 -1.1929 0.0 -0.826 0.5831 999.0 2.2069 11.0 53.0 0.5071 0.0 0.0 -3.226 0.42426 998.0 1.9127 14.0 55.0 2.4071 0.0 0.0 -4.626 0.36056 996.0 1.8174 12.0 61.0 4.1071 0.0 0.0 -5.526 0.31623 992.0 1.8098 10.0 
0.08773 269.99085 71.0 1133.0 1.0 72.0 1.0071 0.0 2.474 0.0 0.22361 986.0 1.961 13.0 79.0 2.0071 0.0 1.374 0.0 0.28284 982.0 2.0563 11.0 84.0 3.0071 0.0 0.174 0.0 0.28284 978.0 2.0591 10.0 88.0 3.9071 0.0 0.0 -0.826 0.22361 973.0 1.9774 10.0 94.0 4.7071 0.0 0.0 -1.726 0.14142 968.0 2.0055 9.0 
0.06469 179.01056 78.0 1134.0 1.0 61.0 1.2071 0.0 1.374 0.0 0.14142 988.0 1.5202 10.0 64.0 1.5071 0.0 0.574 0.0 0.22361 988.0 1.6734 10.0 66.0 2.1071 0.0 0.0 -0.326 0.22361 987.0 1.7112 10.0 68.0 2.7071 0.0 0.0 -1.226 0.14142 986.0 1.7492 10.0 70.0 3.4071 0.0 0.0 -1.826 0.14142 984.0 1.7258 9.0 
0.07996 132.36053 74.0 1135.0 1.0 42.0 0.0 -0.3929 2.574 0.0 0.42426 1000.0 1.3859 12.0 43.0 0.9071 0.0 0.774 0.0 0.36056 999.0 1.3489 11.0 45.0 2.2071 0.0 0.0 -0.826 0.28284 997.0 1.2927 10.0 47.0 3.3071 0.0 0.0 -2.126 0.28284 997.0 1.4101 13.0 50.0 4.3071 0.0 0.0 -3.326 0.22361 994.0 1.3439 11.0 
0.08726 186.90786 65.0 1136.0 1.0 32.0 0.6071 0.0 1.774 0.0 0.14142 1000.0 1.0 28.0 37.0 1.2071 0.0 1.174 0.0 0.22361 999.0 1.0 25.0 42.0 2.1071 0.0 0.474 0.0 0.22361 999.0 1.2869 28.0 48.0 3.1071 0.0 0.0 -0.226 0.14142 997.0 1.4708 24.0 54.0 4.1071 0.0 0.0 -0.926 0.14142 994.0 1.5675 21.0 
0.03889 321.24762 65.0 340.0 1.0 53.0 0.0 -0.3929 3.174 0.0 0.22361 997.0 1.7931 15.0 54.0 1.1071 0.0 2.674 0.0 0.31623 997.0 1.8615 15.0 52.0 2.5071 0.0 2.174 0.0 0.22361 997.0 1.7261 15.0 49.0 3.7071 0.0 1.774 0.0 0.2 997.0 1.5327 15.0 48.0 4.7071 0.0 1.674 0.0 0.2 997.0 1.4708 15.0 
0.06739 167.40355 125.0 341.0 1.0 51.0 0.0 -0.5929 2.674 0.0 0.36056 999.0 1.8976 17.0 50.0 0.8071 0.0 1.274 0.0 0.36056 999.0 1.8239 17.0 46.0 2.0071 0.0 0.174 0.0 0.14142 998.0 1.4408 16.0 43.0 2.8071 0.0 0.0 -0.526 0.14142 998.0 1.259 16.0 41.0 3.5071 0.0 0.0 -1.126 0.1 998.0 1.1446 16.0 
0.04523 236.7213 47.0 342.0 1.0 56.0 0.0 -1.5929 2.874 0.0 0.41231 999.0 2.2879 17.0 58.0 0.8071 0.0 1.974 0.0 0.41231 999.0 2.4542 17.0 53.0 3.0071 0.0 1.374 0.0 0.3 999.0 2.0493 17.0 48.0 5.0071 0.0 1.174 0.0 0.3 1000.0 1.8102 19.0 44.0 6.7071 0.0 1.174 0.0 0.3 1001.0 1.6478 20.0 
0.03342 296.57626 58.0 343.0 1.0 49.0 0.0 -2.2929 0.0 -2.226 0.31623 997.0 1.5327 11.0 54.0 0.0 -0.4929 0.0 -2.626 0.31623 995.0 1.6546 11.0 62.0 1.2071 0.0 0.0 -2.826 0.3 990.0 1.707 9.0 76.0 2.8071 0.0 0.0 -2.626 0.22361 982.0 1.903 9.0 91.0 4.2071 0.0 0.0 -1.926 0.36056 970.0 1.967 8.0 
0.30001 37.19517 248.0 348.0 1.0 61.0 0.0 -1.5929 0.0 -0.826 0.22361 990.0 1.6524 10.0 81.0 0.0 -0.1929 0.274 0.0 0.36056 982.0 2.1617 9.0 94.0 1.4071 0.0 1.274 0.0 0.22361 973.0 2.2562 7.0 90.0 2.9071 0.0 1.874 0.0 0.22361 975.0 2.1771 8.0 79.0 4.2071 0.0 2.174 0.0 0.2 981.0 1.992 9.0 
0.11968 121.88924 72.0 349.0 1.0 74.0 0.0 -0.6929 1.674 0.0 0.28284 985.0 1.9975 9.0 74.0 0.5071 0.0 0.974 0.0 0.22361 985.0 1.9975 9.0 69.0 1.8071 0.0 0.474 0.0 0.22361 987.0 1.8703 10.0 66.0 2.9071 0.0 0.174 0.0 0.2 986.0 1.6478 8.0 66.0 4.0071 0.0 0.0 -0.126 0.2 986.0 1.6478 7.0 
0.29012 32.65484 57.0 351.0 1.0 51.0 0.0 -1.2929 1.374 0.0 0.36056 998.0 1.7711 11.0 56.0 0.1071 0.0 0.274 0.0 0.28284 995.0 1.7795 10.0 64.0 1.6071 0.0 0.0 -0.226 0.22361 991.0 1.9016 8.0 72.0 3.1071 0.0 0.0 -0.126 0.3 987.0 2.0365 7.0 79.0 4.7071 0.0 0.274 0.0 0.2 982.0 2.0563 7.0 
0.00794 265.39138 58.0 352.0 1.0 77.0 0.4071 0.0 3.674 0.0 0.44721 987.0 2.3291 7.0 79.0 1.7071 0.0 1.674 0.0 0.36056 986.0 2.3609 7.0 75.0 3.1071 0.0 0.374 0.0 0.22361 985.0 2.0519 7.0 74.0 4.3071 0.0 0.0 -0.426 0.22361 984.0 1.9286 7.0 77.0 5.4071 0.0 0.0 -0.826 0.22361 981.0 1.8924 6.0 
0.07728 253.27433 75.0 353.0 1.0 52.0 0.0 -2.0929 1.674 0.0 0.22361 996.0 1.6246 15.0 60.0 0.0 -0.6929 2.174 0.0 0.22361 993.0 1.8385 12.0 67.0 0.6071 0.0 2.874 0.0 0.31623 990.0 1.9935 11.0 73.0 2.1071 0.0 3.474 0.0 0.22361 986.0 2.0159 10.0 77.0 3.4071 0.0 3.974 0.0 0.22361 982.0 1.9535 9.0 
0.07428 190.86341 52.0 354.0 1.0 43.0 0.0 -2.2929 1.074 0.0 0.31623 1001.0 1.5738 22.0 48.0 0.0 -0.3929 1.674 0.0 0.44721 1000.0 1.8102 20.0 52.0 1.8071 0.0 2.574 0.0 0.44721 1000.0 2.1245 19.0 51.0 3.9071 0.0 3.774 0.0 0.36056 1000.0 2.0435 19.0 47.0 5.6071 0.0 4.774 0.0 0.31623 1000.0 1.7355 19.0 
0.04644 218.65722 54.0 355.0 1.0 64.0 0.0 -0.7929 2.774 0.0 0.28284 992.0 1.9922 12.0 69.0 0.6071 0.0 1.874 0.0 0.31623 989.0 2.0261 11.0 76.0 2.1071 0.0 1.574 0.0 0.3 985.0 2.1069 9.0 83.0 3.7071 0.0 1.574 0.0 0.2 980.0 2.1322 8.0 80.0 5.2071 0.0 1.374 0.0 0.31623 983.0 2.1789 9.0 
0.15767 139.82063 63.0 356.0 1.0 72.0 0.0 -0.5929 1.974 0.0 0.22361 984.0 1.8258 13.0 77.0 0.9071 0.0 0.874 0.0 0.36056 983.0 2.0186 13.0 73.0 2.4071 0.0 0.0 -0.226 0.28284 984.0 1.8769 13.0 77.0 3.7071 0.0 0.0 -1.126 0.22361 978.0 1.7302 10.0 105.0 4.9071 0.0 0.0 -1.826 0.22361 954.0 1.9086 9.0 
0.03575 275.57449 57.0 357.0 1.0 55.0 0.0 -1.5929 2.874 0.0 0.31623 997.0 1.931 15.0 59.0 0.2071 0.0 2.474 0.0 0.3 995.0 1.9752 13.0 61.0 1.9071 0.0 2.474 0.0 0.2 994.0 2.0003 13.0 62.0 3.4071 0.0 2.774 0.0 0.22361 993.0 1.9631 12.0 63.0 4.8071 0.0 3.274 0.0 0.31623 992.0 1.9304 12.0 
0.07387 297.05198 57.0 358.0 1.0 58.0 0.0 -1.8929 3.374 0.0 0.36056 998.0 2.2906 16.0 62.0 0.1071 0.0 2.674 0.0 0.4 995.0 2.1812 13.0 64.0 2.0071 0.0 2.774 0.0 0.31623 993.0 2.0918 12.0 66.0 3.6071 0.0 3.174 0.0 0.2 990.0 1.9344 11.0 69.0 5.0071 0.0 3.274 0.0 0.22361 988.0 1.9451 10.0 
0.11397 61.36266 86.0 359.0 1.0 32.0 0.0071 0.0 1.174 0.0 0.14142 1001.0 1.0 17.0 32.0 0.4071 0.0 0.374 0.0 0.14142 1000.0 1.0 16.0 35.0 0.9071 0.0 0.0 -0.026 0.1 999.0 1.0 18.0 41.0 1.4071 0.0 0.0 -0.126 0.1 998.0 1.1446 16.0 46.0 2.1071 0.0 0.074 0.0 0.1 996.0 1.2713 14.0 
0.21487 52.72984 66.0 360.0 1.0 59.0 0.0 -1.4929 0.0 -1.026 0.28284 993.0 1.7777 10.0 69.0 0.0 -0.2929 0.374 0.0 0.28284 988.0 1.9451 9.0 75.0 1.0071 0.0 1.574 0.0 0.28284 983.0 1.9151 7.0 79.0 2.4071 0.0 2.674 0.0 0.31623 982.0 2.0563 7.0 76.0 3.9071 0.0 3.474 0.0 0.36056 984.0 2.0343 7.0 
0.06856 122.12656 79.0 361.0 1.0 30.0 0.0 -1.5929 0.0 -0.526 0.22361 1002.0 1.0 19.0 33.0 0.0 -0.9929 0.474 0.0 0.22361 1001.0 1.0 16.0 38.0 0.0 -0.5929 1.574 0.0 0.3 1000.0 1.1345 14.0 43.0 0.0 -0.2929 3.174 0.0 0.3 1000.0 1.4527 13.0 47.0 0.0071 0.0 4.974 0.0 0.31623 999.0 1.6116 13.0 
0.11666 186.09991 61.0 362.0 1.0 59.0 0.0 -1.9929 1.274 0.0 0.3 997.0 2.2221 15.0 63.0 0.0 -0.0929 1.674 0.0 0.31623 994.0 2.1336 13.0 66.0 1.6071 0.0 2.174 0.0 0.22361 991.0 2.0223 11.0 70.0 3.1071 0.0 2.774 0.0 0.22361 988.0 2.0019 10.0 73.0 4.5071 0.0 3.274 0.0 0.2 986.0 2.0159 10.0 
0.05093 221.74973 58.0 363.0 1.0 56.0 0.0 -0.7929 2.174 0.0 0.2 993.0 1.6015 12.0 62.0 0.3071 0.0 1.974 0.0 0.2 991.0 1.7846 11.0 66.0 1.8071 0.0 2.074 0.0 0.2 991.0 2.0223 11.0 63.0 3.4071 0.0 2.374 0.0 0.22361 993.0 2.0269 12.0 57.0 4.9071 0.0 2.974 0.0 0.22361 995.0 1.8436 13.0 
0.05808 179.34545 68.0 364.0 1.0 68.0 0.0 -0.0929 2.774 0.0 0.36056 991.0 2.1467 11.0 66.0 1.2071 0.0 1.074 0.0 0.28284 992.0 2.1186 12.0 61.0 2.4071 0.0 0.0 -0.226 0.28284 993.0 1.9003 12.0 58.0 3.5071 0.0 0.0 -1.126 0.28284 994.0 1.8084 13.0 55.0 4.5071 0.0 0.0 -2.026 0.22361 994.0 1.6261 13.0 
0.06 285.772 80.0 365.0 1.0 44.0 0.6071 0.0 2.974 0.0 0.22361 998.0 1.3183 16.0 43.0 1.2071 0.0 2.274 0.0 0.1 998.0 1.259 15.0 43.0 1.8071 0.0 2.074 0.0 0.1 997.0 1.1803 15.0 45.0 2.6071 0.0 2.274 0.0 0.1 997.0 1.2927 15.0 46.0 3.5071 0.0 2.674 0.0 0.14142 997.0 1.3508 15.0 
0.09231 131.83447 74.0 366.0 1.0 61.0 0.0 -0.6929 1.674 0.0 0.22361 992.0 1.8098 12.0 65.0 0.5071 0.0 1.074 0.0 0.2 989.0 1.798 11.0 71.0 1.8071 0.0 0.774 0.0 0.3 986.0 1.9069 10.0 75.0 3.2071 0.0 0.574 0.0 0.2 983.0 1.9151 9.0 76.0 4.4071 0.0 0.374 0.0 0.14142 982.0 1.903 9.0 
0.08015 226.19519 57.0 367.0 1.0 77.0 0.1071 0.0 2.774 0.0 0.28284 986.0 2.2429 13.0 82.0 1.4071 0.0 1.474 0.0 0.22361 980.0 2.0811 11.0 89.0 2.7071 0.0 0.974 0.0 0.2 974.0 2.0744 10.0 93.0 4.0071 0.0 1.374 0.0 0.22361 971.0 2.1033 9.0 96.0 5.3071 0.0 2.474 0.0 0.28284 971.0 2.2412 9.0 
0.13253 242.26208 57.0 368.0 1.0 61.0 0.0 -2.9929 2.374 0.0 0.53852 1000.0 2.5 19.0 59.0 0.0 -0.1929 2.174 0.0 0.41231 998.0 2.3703 16.0 55.0 1.8071 0.0 2.774 0.0 0.31623 997.0 1.931 15.0 54.0 3.2071 0.0 3.674 0.0 0.22361 997.0 1.8615 14.0 54.0 4.4071 0.0 4.674 0.0 0.28284 996.0 1.752 14.0 
0.0553 132.36053 70.0 369.0 1.0 58.0 0.0 -0.1929 2.174 0.0 0.36056 994.0 1.8084 13.0 60.0 0.9071 0.0 0.774 0.0 0.28284 993.0 1.8385 12.0 61.0 2.0071 0.0 0.0 -0.026 0.22361 992.0 1.8098 12.0 61.0 3.2071 0.0 0.0 -0.226 0.22361 991.0 1.7275 11.0 62.0 4.3071 0.0 0.0 -0.226 0.22361 991.0 1.7846 11.0 
0.11794 112.1609 54.0 370.0 1.0 51.0 0.0 -1.7929 2.474 0.0 0.44721 1001.0 2.2138 17.0 51.0 0.5071 0.0 0.874 0.0 0.5 1000.0 2.0435 16.0 51.0 2.6071 0.0 0.0 -0.526 0.31623 1000.0 2.0435 18.0 52.0 4.3071 0.0 0.0 -1.226 0.22361 998.0 1.8412 16.0 51.0 5.7071 0.0 0.0 -1.626 0.22361 997.0 1.6604 15.0 
0.09854 197.18382 55.0 371.0 1.0 58.0 0.0 -1.5929 1.774 0.0 0.3 994.0 1.8084 13.0 67.0 0.0 -0.0929 1.774 0.0 0.2 989.0 1.9104 11.0 80.0 1.5071 0.0 2.074 0.0 0.3 983.0 2.1789 9.0 94.0 3.3071 0.0 2.574 0.0 0.31623 974.0 2.3141 8.0 100.0 5.1071 0.0 3.074 0.0 0.31623 968.0 2.2697 7.0 
0.06748 234.60701 80.0 372.0 1.0 51.0 0.0 -0.9929 2.374 0.0 0.31623 998.0 1.7711 16.0 54.0 0.4071 0.0 2.074 0.0 0.2 995.0 1.6546 13.0 55.0 1.5071 0.0 2.074 0.0 0.1 993.0 1.5448 12.0 58.0 2.4071 0.0 2.074 0.0 0.1 991.0 1.5618 11.0 61.0 3.2071 0.0 2.174 0.0 0.1 989.0 1.5836 11.0 
0.05951 248.58317 158.0 373.0 1.0 48.0 1.2071 0.0 2.074 0.0 0.22361 997.0 1.4708 15.0 46.0 1.9071 0.0 1.174 0.0 0.22361 997.0 1.3508 15.0 44.0 2.6071 0.0 0.674 0.0 0.14142 997.0 1.2359 15.0 43.0 3.2071 0.0 0.274 0.0 0.0 997.0 1.1803 15.0 43.0 3.6071 0.0 0.174 0.0 0.0 996.0 1.1109 14.0 
0.05237 274.80754 61.0 374.0 1.0 62.0 0.0 -1.4929 2.474 0.0 0.3 991.0 1.7846 12.0 70.0 0.0 -0.0929 2.474 0.0 0.31623 988.0 2.0019 10.0 76.0 1.4071 0.0 2.574 0.0 0.3 985.0 2.1069 9.0 75.0 3.0071 0.0 2.474 0.0 0.2 986.0 2.1279 10.0 72.0 4.5071 0.0 2.274 0.0 0.3 987.0 2.0365 10.0 
0.07881 226.43256 142.0 375.0 1.0 45.0 0.5071 0.0 2.574 0.0 0.14142 998.0 1.3789 16.0 45.0 1.0071 0.0 1.774 0.0 0.1 996.0 1.2166 15.0 49.0 1.8071 0.0 1.574 0.0 0.2 995.0 1.3624 14.0 54.0 2.9071 0.0 1.974 0.0 0.22361 994.0 1.5675 13.0 57.0 4.0071 0.0 2.974 0.0 0.22361 994.0 1.7465 13.0 
0.08738 222.77416 56.0 378.0 1.0 85.0 0.0 -0.9929 3.174 0.0 0.44721 986.0 2.5 10.0 89.0 1.1071 0.0 1.674 0.0 0.44721 981.0 2.5 9.0 87.0 2.9071 0.0 0.374 0.0 0.36056 980.0 2.3427 8.0 86.0 4.5071 0.0 0.0 -0.526 0.28284 976.0 2.0416 7.0 91.0 5.9071 0.0 0.0 -1.226 0.28284 970.0 1.967 5.0 
0.02444 192.11039 58.0 379.0 1.0 57.0 0.0 -3.6929 0.0 -0.526 0.67082 1001.0 2.5 13.0 52.0 0.0 -0.5929 0.0 -1.626 0.44721 1001.0 2.3015 12.0 47.0 1.6071 0.0 0.0 -2.526 0.31623 1000.0 1.7355 11.0 45.0 3.3071 0.0 0.0 -2.926 0.2 998.0 1.3789 10.0 48.0 4.7071 0.0 0.0 -2.926 0.22361 996.0 1.3843 8.0 
0.25383 52.72984 93.0 380.0 1.0 44.0 0.0 -1.6929 0.074 0.0 0.3 1000.0 1.5211 15.0 45.0 0.0 -0.2929 0.374 0.0 0.14142 998.0 1.3789 17.0 51.0 0.7071 0.0 1.074 0.0 0.14142 996.0 1.5627 14.0 54.0 1.6071 0.0 1.974 0.0 0.14142 994.0 1.5675 13.0 55.0 2.2071 0.0 2.874 0.0 0.22361 993.0 1.5448 12.0 
0.14409 78.1117 62.0 381.0 1.0 47.0 0.0 -1.0929 1.274 0.0 0.31623 999.0 1.6116 18.0 52.0 0.4071 0.0 0.574 0.0 0.3 997.0 1.7261 15.0 54.0 1.8071 0.0 0.074 0.0 0.3 996.0 1.752 14.0 55.0 3.2071 0.0 0.0 -0.126 0.22361 995.0 1.7165 13.0 53.0 4.4071 0.0 0.0 -0.326 0.2 996.0 1.6877 14.0 
0.1582 102.31686 67.0 382.0 1.0 42.0 0.0 -1.9929 0.674 0.0 0.31623 1002.0 1.6379 23.0 43.0 0.0 -0.2929 0.874 0.0 0.22361 1001.0 1.5738 20.0 44.0 1.1071 0.0 1.274 0.0 0.2 1000.0 1.5211 18.0 45.0 2.5071 0.0 1.674 0.0 0.2 999.0 1.4773 18.0 45.0 3.8071 0.0 2.074 0.0 0.31623 999.0 1.4773 18.0 
0.16467 121.41017 51.0 383.0 1.0 71.0 0.0 -2.5929 1.574 0.0 0.5099 995.0 2.5 12.0 77.0 0.2071 0.0 1.074 0.0 0.4 990.0 2.5 11.0 81.0 2.4071 0.0 0.974 0.0 0.3 984.0 2.3108 9.0 88.0 4.2071 0.0 1.074 0.0 0.3 978.0 2.2599 8.0 94.0 5.8071 0.0 1.174 0.0 0.3 971.0 2.1488 7.0 
0.12182 163.42753 58.0 384.0 1.0 83.0 0.0 -0.1929 2.074 0.0 0.28284 980.0 2.1322 14.0 84.0 1.0071 0.0 1.074 0.0 0.22361 978.0 2.0591 13.0 86.0 2.3071 0.0 0.774 0.0 0.2 976.0 2.0416 13.0 86.0 3.6071 0.0 0.974 0.0 0.2 976.0 2.0416 13.0 81.0 4.9071 0.0 1.174 0.0 0.22361 980.0 2.0307 14.0 
0.1095 172.47794 56.0 387.0 1.0 52.0 0.0 -1.8929 0.0 -1.026 0.31623 996.0 1.6246 12.0 61.0 0.0 -0.2929 0.0 -1.526 0.31623 991.0 1.7275 9.0 75.0 1.3071 0.0 0.0 -1.626 0.31623 982.0 1.8533 7.0 98.0 3.0071 0.0 0.0 -1.026 0.31623 970.0 2.2812 7.0 112.0 4.7071 0.0 0.074 0.0 0.36056 960.0 2.4174 6.0 
0.05225 278.05547 71.0 388.0 1.0 56.0 0.0 -1.9929 2.174 0.0 0.3 996.0 1.8841 14.0 60.0 0.0 -0.3929 2.474 0.0 0.22361 994.0 1.9352 13.0 63.0 1.1071 0.0 2.974 0.0 0.22361 992.0 1.9304 12.0 62.0 2.3071 0.0 3.674 0.0 0.22361 992.0 1.8696 11.0 62.0 3.3071 0.0 4.674 0.0 0.14142 991.0 1.7846 11.0 
0.09862 174.71578 73.0 389.0 1.0 48.0 0.0 -0.8929 1.674 0.0 0.14142 997.0 1.4708 15.0 51.0 0.0071 0.0 1.574 0.0 0.1 995.0 1.4759 13.0 56.0 1.0071 0.0 1.674 0.0 0.22361 994.0 1.6858 13.0 58.0 2.2071 0.0 1.974 0.0 0.22361 994.0 1.8084 12.0 56.0 3.5071 0.0 2.574 0.0 0.22361 995.0 1.7795 13.0 
0.07147 197.27253 51.0 390.0 1.0 48.0 0.0 -1.8929 1.774 0.0 0.3 1000.0 1.8102 19.0 52.0 0.1071 0.0 1.774 0.0 0.3 999.0 1.9727 17.0 53.0 2.3071 0.0 2.074 0.0 0.31623 999.0 2.0493 18.0 51.0 4.3071 0.0 3.074 0.0 0.42426 1000.0 2.0435 19.0 49.0 6.1071 0.0 4.674 0.0 0.44721 1001.0 2.0436 20.0 
0.06319 202.60424 51.0 391.0 1.0 62.0 0.0 -0.0929 2.774 0.0 0.28284 992.0 1.8696 9.0 67.0 1.3071 0.0 1.274 0.0 0.36056 992.0 2.1833 9.0 67.0 2.9071 0.0 0.174 0.0 0.36056 992.0 2.1833 8.0 67.0 4.5071 0.0 0.0 -0.726 0.22361 990.0 1.9935 8.0 70.0 6.0071 0.0 0.0 -1.426 0.22361 989.0 2.0853 8.0 
0.0813 258.3804 58.0 393.0 1.0 71.0 0.0 -0.0929 2.974 0.0 0.36056 988.0 2.0595 10.0 81.0 1.5071 0.0 1.774 0.0 0.36056 983.0 2.2337 9.0 84.0 3.0071 0.0 0.874 0.0 0.22361 978.0 2.0591 8.0 89.0 4.2071 0.0 0.274 0.0 0.22361 973.0 2.0226 7.0 91.0 5.4071 0.0 0.0 -0.126 0.22361 971.0 2.0138 7.0 
0.14877 92.42951 65.0 395.0 1.0 49.0 0.0 -0.6929 1.574 0.0 0.22361 997.0 1.5327 15.0 51.0 0.3071 0.0 0.774 0.0 0.22361 996.0 1.5627 14.0 54.0 1.3071 0.0 0.174 0.0 0.14142 994.0 1.5675 13.0 56.0 2.3071 0.0 0.0 -0.126 0.1 993.0 1.6015 12.0 59.0 3.2071 0.0 0.0 -0.026 0.22361 991.0 1.6161 11.0 
0.12373 92.42951 63.0 397.0 1.0 55.0 0.0 -1.9929 2.174 0.0 0.5 999.0 2.2069 11.0 52.0 0.3071 0.0 0.774 0.0 0.36056 998.0 1.8412 14.0 52.0 2.0071 0.0 0.0 -0.426 0.28284 995.0 1.5343 12.0 56.0 3.2071 0.0 0.0 -1.526 0.22361 991.0 1.4559 10.0 57.0 4.3071 0.0 0.0 -2.326 0.22361 990.0 1.4428 9.0 
0.1423 110.21391 82.0 398.0 1.0 53.0 0.0 -0.9929 0.774 0.0 0.1 992.0 1.3662 13.0 64.0 0.0 -0.1929 0.974 0.0 0.14142 986.0 1.5495 12.0 82.0 0.7071 0.0 1.074 0.0 0.1 976.0 1.8561 10.0 95.0 1.7071 0.0 0.874 0.0 0.2 966.0 1.9613 9.0 111.0 2.8071 0.0 0.874 0.0 0.2 951.0 2.0297 7.0 
0.04495 80.01448 67.0 400.0 1.0 49.0 0.0 -1.9929 0.674 0.0 0.28284 998.0 1.6349 10.0 54.0 0.0 -0.4929 0.0 -0.526 0.28284 995.0 1.6546 8.0 61.0 0.9071 0.0 0.0 -1.626 0.31623 991.0 1.7275 9.0 78.0 2.2071 0.0 0.0 -2.226 0.22361 981.0 1.9419 9.0 86.0 3.4071 0.0 0.0 -2.226 0.2 968.0 1.6787 6.0 
0.09738 167.22534 105.0 401.0 1.0 35.0 0.0 -1.7929 0.0 -0.326 0.22361 999.0 1.0 15.0 40.0 0.0 -1.3929 0.574 0.0 0.1 998.0 1.0895 16.0 48.0 0.0 -0.9929 1.274 0.0 0.22361 995.0 1.3074 14.0 54.0 0.0 -0.3929 1.974 0.0 0.22361 994.0 1.5675 12.0 57.0 0.4071 0.0 2.774 0.0 0.22361 993.0 1.6592 12.0 
0.11008 285.96122 78.0 403.0 1.0 60.0 0.0 -0.5929 2.974 0.0 0.14142 990.0 1.5987 14.0 61.0 0.1071 0.0 2.574 0.0 0.1 989.0 1.5836 14.0 64.0 0.9071 0.0 2.674 0.0 0.2 988.0 1.6734 13.0 66.0 1.9071 0.0 2.974 0.0 0.22361 988.0 1.7796 13.0 67.0 3.0071 0.0 3.674 0.0 0.22361 989.0 1.9104 13.0 
0.05635 214.6123 57.0 404.0 1.0 51.0 0.2071 0.0 0.0 -2.526 0.28284 997.0 1.6604 11.0 59.0 1.4071 0.0 0.0 -1.326 0.28284 994.0 1.8713 10.0 60.0 2.8071 0.0 0.0 -0.226 0.28284 994.0 1.9352 9.0 56.0 4.2071 0.0 0.374 0.0 0.2 995.0 1.7795 10.0 51.0 5.5071 0.0 0.374 0.0 0.1 996.0 1.5627 10.0 
0.14842 97.07306 49.0 405.0 1.0 54.0 0.0 -1.1929 1.674 0.0 0.28284 996.0 1.752 15.0 64.0 0.4071 0.0 0.774 0.0 0.36056 993.0 2.0918 12.0 69.0 2.1071 0.0 0.0 -0.126 0.31623 991.0 2.2103 11.0 72.0 3.9071 0.0 0.0 -0.826 0.3 989.0 2.2062 11.0 75.0 5.9071 0.0 0.0 -1.226 0.4 988.0 2.2981 10.0 
0.07805 247.08726 61.0 407.0 1.0 55.0 0.0 -2.2929 0.0 -2.226 0.41231 997.0 1.931 13.0 59.0 0.0071 0.0 0.0 -2.226 0.4 996.0 2.0914 15.0 63.0 2.1071 0.0 0.0 -1.926 0.3 992.0 1.9304 13.0 72.0 3.7071 0.0 0.0 -1.226 0.31623 987.0 2.0365 13.0 80.0 5.1071 0.0 0.0 -0.326 0.28284 981.0 2.0427 11.0 
0.04065 258.10129 76.0 408.0 1.0 61.0 0.1071 0.0 3.374 0.0 0.56569 999.0 2.5 17.0 56.0 2.0071 0.0 1.174 0.0 0.42426 999.0 2.2879 17.0 51.0 3.5071 0.0 0.0 -0.726 0.28284 999.0 1.8976 17.0 44.0 4.5071 0.0 0.0 -2.026 0.28284 1000.0 1.5211 18.0 39.0 5.3071 0.0 0.0 -2.926 0.22361 1000.0 1.195 19.0 
0.18159 75.90537 206.0 409.0 1.0 33.0 0.0 -0.9929 0.174 0.0 0.1 1000.0 1.0 19.0 40.0 0.0 -0.4929 0.474 0.0 0.1 998.0 1.0895 16.0 45.0 0.0 -0.0929 1.074 0.0 0.2 996.0 1.2166 14.0 50.0 0.3071 0.0 1.874 0.0 0.1 994.0 1.3439 13.0 57.0 0.8071 0.0 2.774 0.0 0.14142 992.0 1.5802 12.0 
0.05796 164.60991 115.0 410.0 1.0 33.0 0.0 -0.3929 0.0 -1.726 0.22361 999.0 1.0 11.0 36.0 0.4071 0.0 0.0 -1.426 0.1 998.0 1.0 10.0 41.0 1.1071 0.0 0.0 -1.426 0.2 997.0 1.0731 12.0 49.0 1.9071 0.0 0.0 -1.426 0.1 993.0 1.2262 10.0 59.0 2.6071 0.0 0.0 -1.426 0.1 989.0 1.4814 11.0 
0.04131 291.93942 280.0 411.0 1.0 78.0 0.7071 0.0 3.074 0.0 0.36056 986.0 2.3015 13.0 79.0 2.1071 0.0 1.574 0.0 0.22361 984.0 2.1981 12.0 79.0 3.4071 0.0 0.574 0.0 0.22361 981.0 1.992 11.0 81.0 4.4071 0.0 0.074 0.0 0.22361 977.0 1.8615 10.0 87.0 5.4071 0.0 0.0 -0.126 0.1 972.0 1.8856 9.0 
0.08054 256.10436 53.0 412.0 1.0 62.0 2.0071 0.0 0.0 -2.226 0.3 993.0 1.9631 12.0 72.0 2.3071 0.0 0.0 -0.026 0.5099 990.0 2.3021 11.0 75.0 3.2071 0.0 2.374 0.0 0.42426 989.0 2.3938 10.0 71.0 4.9071 0.0 3.674 0.0 0.28284 990.0 2.2386 11.0 65.0 6.5071 0.0 4.274 0.0 0.22361 991.0 1.9615 11.0 
0.07225 238.17627 116.0 415.0 1.0 63.0 0.6071 0.0 2.274 0.0 0.14142 987.0 1.5592 10.0 65.0 1.2071 0.0 1.774 0.0 0.1 986.0 1.5983 10.0 66.0 1.8071 0.0 1.374 0.0 0.14142 986.0 1.6478 10.0 66.0 2.4071 0.0 0.874 0.0 0.14142 986.0 1.6478 10.0 65.0 3.0071 0.0 0.374 0.0 0.14142 986.0 1.5983 10.0 
0.10984 165.22105 66.0 416.0 1.0 45.0 0.0 -0.9929 1.874 0.0 0.22361 998.0 1.3789 12.0 50.0 0.2071 0.0 1.474 0.0 0.1 995.0 1.4186 11.0 55.0 1.3071 0.0 1.474 0.0 0.14142 993.0 1.5448 13.0 61.0 2.3071 0.0 1.874 0.0 0.1 988.0 1.5202 8.0 68.0 3.3071 0.0 2.274 0.0 0.2 984.0 1.6286 7.0 
0.05057 262.51785 78.0 417.0 1.0 52.0 1.2071 0.0 3.074 0.0 0.41231 998.0 1.8412 17.0 48.0 2.1071 0.0 1.074 0.0 0.28284 998.0 1.5688 17.0 46.0 3.0071 0.0 0.0 -0.326 0.22361 996.0 1.2713 12.0 49.0 3.7071 0.0 0.0 -1.426 0.28284 994.0 1.2907 11.0 57.0 4.5071 0.0 0.0 -2.426 0.14142 990.0 1.4428 12.0 
0.02478 250.57414 168.0 418.0 1.0 69.0 2.6071 0.0 0.0 -1.326 0.31623 987.0 1.8703 10.0 80.0 2.2071 0.0 0.474 0.0 0.4 982.0 2.1086 9.0 86.0 2.3071 0.0 2.274 0.0 0.31623 976.0 2.0416 8.0 89.0 2.7071 0.0 3.574 0.0 0.22361 971.0 1.9263 7.0 90.0 3.2071 0.0 4.474 0.0 0.22361 969.0 1.8803 7.0 
0.0681 189.09548 51.0 419.0 1.0 47.0 0.0 -0.7929 2.874 0.0 0.42426 1001.0 1.8802 17.0 47.0 1.0071 0.0 1.374 0.0 0.36056 1000.0 1.7355 20.0 51.0 2.8071 0.0 0.274 0.0 0.28284 999.0 1.8976 17.0 54.0 4.4071 0.0 0.0 -0.426 0.31623 997.0 1.8615 15.0 55.0 6.1071 0.0 0.0 -0.626 0.3 996.0 1.8174 14.0 
0.10903 166.56534 63.0 420.0 1.0 51.0 0.0 -1.7929 0.974 0.0 0.2 994.0 1.3982 12.0 64.0 0.0 -0.7929 1.274 0.0 0.14142 988.0 1.6734 11.0 75.0 0.2071 0.0 1.774 0.0 0.14142 982.0 1.8533 9.0 86.0 1.3071 0.0 2.274 0.0 0.22361 976.0 2.0416 8.0 92.0 2.8071 0.0 2.574 0.0 0.22361 973.0 2.1612 7.0 
0.02624 306.81947 70.0 421.0 1.0 57.0 0.5071 0.0 3.474 0.0 0.28284 996.0 1.952 14.0 57.0 1.7071 0.0 2.174 0.0 0.22361 995.0 1.8436 13.0 55.0 2.8071 0.0 1.474 0.0 0.22361 994.0 1.6261 13.0 54.0 3.7071 0.0 1.074 0.0 0.1 993.0 1.4892 12.0 54.0 4.4071 0.0 1.174 0.0 0.14142 993.0 1.4892 12.0 
0.04039 222.32905 54.0 422.0 1.0 62.0 0.0 -0.7929 2.474 0.0 0.22361 993.0 1.9631 12.0 67.0 0.7071 0.0 1.874 0.0 0.31623 990.0 1.9935 11.0 72.0 2.3071 0.0 1.274 0.0 0.22361 988.0 2.1179 10.0 77.0 3.8071 0.0 0.474 0.0 0.31623 985.0 2.1628 9.0 82.0 5.3071 0.0 0.0 -0.426 0.31623 982.0 2.2154 9.0 
0.03573 296.78557 158.0 423.0 1.0 46.0 0.7071 0.0 3.474 0.0 0.36056 1000.0 1.6625 20.0 44.0 1.9071 0.0 1.874 0.0 0.28284 1000.0 1.5211 20.0 41.0 3.0071 0.0 0.674 0.0 0.14142 1000.0 1.3207 19.0 40.0 3.8071 0.0 0.0 -0.226 0.22361 1000.0 1.2571 19.0 40.0 4.6071 0.0 0.0 -1.126 0.14142 1000.0 1.2571 18.0 
0.059 203.06164 191.0 424.0 1.0 48.0 0.5071 0.0 2.674 0.0 0.44721 999.0 1.6809 20.0 44.0 1.6071 0.0 0.874 0.0 0.28284 999.0 1.4124 20.0 42.0 2.7071 0.0 0.0 -0.526 0.22361 998.0 1.2011 14.0 44.0 3.6071 0.0 0.0 -1.726 0.14142 997.0 1.2359 13.0 47.0 4.4071 0.0 0.0 -2.526 0.22361 994.0 1.1875 11.0 
0.09956 186.09991 59.0 427.0 1.0 40.0 0.0 -1.3929 1.774 0.0 0.2 1001.0 1.3618 22.0 42.0 0.0 -0.0929 1.674 0.0 0.2 1000.0 1.3859 19.0 46.0 1.3071 0.0 1.674 0.0 0.22361 999.0 1.5437 17.0 48.0 2.7071 0.0 1.774 0.0 0.2 998.0 1.5688 16.0 48.0 4.0071 0.0 1.674 0.0 0.3 998.0 1.5688 16.0 
0.08326 251.22187 65.0 428.0 1.0 53.0 0.0 -0.1929 2.974 0.0 0.28284 997.0 1.7931 18.0 56.0 1.1071 0.0 1.974 0.0 0.22361 994.0 1.6858 17.0 59.0 2.2071 0.0 1.674 0.0 0.22361 991.0 1.6161 15.0 65.0 3.2071 0.0 1.674 0.0 0.14142 987.0 1.6597 13.0 74.0 4.1071 0.0 2.074 0.0 0.14142 981.0 1.7478 11.0 
0.04665 137.42438 58.0 429.0 1.0 61.0 0.0 -3.5929 0.574 0.0 0.5831 1000.0 2.5 12.0 57.0 0.0 -0.6929 0.0 -1.026 0.44721 999.0 2.3703 12.0 54.0 1.6071 0.0 0.0 -2.026 0.36056 997.0 1.8615 13.0 54.0 3.4071 0.0 0.0 -2.726 0.31623 996.0 1.752 11.0 60.0 5.0071 0.0 0.0 -2.926 0.3 992.0 1.7509 11.0 
0.07228 309.0876 52.0 430.0 1.0 62.0 0.0071 0.0 3.174 0.0 0.31623 994.0 2.0664 13.0 64.0 1.6071 0.0 2.274 0.0 0.31623 992.0 1.9922 12.0 67.0 3.0071 0.0 1.174 0.0 0.42426 990.0 1.9935 11.0 70.0 4.5071 0.0 0.0 -0.026 0.22361 989.0 2.0853 11.0 73.0 5.9071 0.0 0.0 -0.726 0.31623 986.0 2.0159 10.0 
0.0569 226.19519 65.0 431.0 1.0 70.0 0.0071 0.0 3.074 0.0 0.42426 991.0 2.2749 11.0 70.0 1.4071 0.0 1.474 0.0 0.28284 989.0 2.0853 11.0 70.0 2.7071 0.0 0.274 0.0 0.28284 988.0 2.0019 10.0 73.0 3.8071 0.0 0.0 -0.626 0.22361 985.0 1.9439 9.0 79.0 4.9071 0.0 0.0 -1.426 0.22361 980.0 1.9316 8.0 
0.07187 302.9366 99.0 432.0 1.0 59.0 0.3071 0.0 2.974 0.0 0.14142 990.0 1.5458 11.0 59.0 0.9071 0.0 2.574 0.0 0.1 989.0 1.4814 11.0 63.0 1.5071 0.0 2.574 0.0 0.1 987.0 1.5592 10.0 68.0 2.2071 0.0 2.774 0.0 0.1 984.0 1.6286 9.0 75.0 2.8071 0.0 3.074 0.0 0.14142 979.0 1.6898 8.0 
0.10672 121.88924 54.0 433.0 1.0 45.0 0.0 -1.2929 2.074 0.0 0.36056 1000.0 1.591 16.0 46.0 0.5071 0.0 0.974 0.0 0.36056 999.0 1.5437 15.0 51.0 2.2071 0.0 0.0 -0.226 0.28284 998.0 1.7711 17.0 55.0 3.7071 0.0 0.0 -1.326 0.36056 997.0 1.931 15.0 56.0 5.2071 0.0 0.0 -2.126 0.22361 995.0 1.7795 14.0 
0.08143 226.19519 68.0 434.0 1.0 82.0 0.0 -0.1929 3.374 0.0 0.42426 986.0 2.5 10.0 80.0 1.4071 0.0 1.474 0.0 0.42426 985.0 2.3346 9.0 79.0 2.8071 0.0 0.0 -0.126 0.28284 984.0 2.1981 9.0 78.0 4.0071 0.0 0.0 -1.326 0.22361 982.0 2.0045 9.0 76.0 4.8071 0.0 0.0 -2.326 0.22361 981.0 1.8436 9.0 
0.03186 214.55603 60.0 435.0 1.0 55.0 0.0 -0.1929 3.674 0.0 0.5831 1001.0 2.5 17.0 49.0 1.6071 0.0 1.074 0.0 0.5 1001.0 2.0436 16.0 45.0 3.0071 0.0 0.0 -1.026 0.36056 1000.0 1.591 16.0 44.0 4.2071 0.0 0.0 -2.626 0.22361 1000.0 1.5211 19.0 48.0 5.2071 0.0 0.0 -3.826 0.22361 998.0 1.5688 16.0 
0.10169 148.01451 62.0 437.0 1.0 57.0 0.0 -0.3929 2.574 0.0 0.44721 998.0 2.2123 16.0 55.0 1.0071 0.0 0.874 0.0 0.36056 997.0 1.931 15.0 53.0 2.4071 0.0 0.074 0.0 0.22361 996.0 1.6877 14.0 52.0 3.6071 0.0 0.0 -0.126 0.22361 996.0 1.6246 14.0 49.0 4.7071 0.0 0.0 -0.226 0.14142 997.0 1.5327 14.0 
0.02347 285.73967 57.0 438.0 1.0 56.0 0.0 -3.5929 0.0 -0.426 0.56569 1000.0 2.4639 12.0 53.0 0.0 -1.2929 0.0 -2.226 0.44721 998.0 1.9127 10.0 53.0 0.8071 0.0 0.0 -3.326 0.41231 996.0 1.6877 9.0 58.0 2.7071 0.0 0.0 -4.126 0.3 994.0 1.8084 11.0 66.0 4.5071 0.0 0.0 -4.426 0.3 989.0 1.8538 8.0 
0.0419 274.02945 74.0 439.0 1.0 54.0 0.8071 0.0 2.874 0.0 0.22361 995.0 1.6546 13.0 55.0 1.6071 0.0 1.874 0.0 0.22361 994.0 1.6261 13.0 56.0 2.5071 0.0 1.274 0.0 0.14142 992.0 1.5252 12.0 58.0 3.3071 0.0 0.774 0.0 0.2 991.0 1.5618 11.0 63.0 4.2071 0.0 0.374 0.0 0.1 989.0 1.6891 11.0 
0.06719 171.69251 54.0 440.0 1.0 63.0 0.0 -0.3929 2.474 0.0 0.42426 994.0 2.1336 13.0 62.0 1.0071 0.0 1.174 0.0 0.31623 993.0 1.9631 12.0 61.0 2.4071 0.0 0.474 0.0 0.22361 992.0 1.8098 12.0 62.0 3.8071 0.0 0.0 -0.326 0.22361 992.0 1.8696 12.0 64.0 5.2071 0.0 0.0 -1.226 0.22361 992.0 1.9922 12.0 
0.10671 187.25955 84.0 441.0 1.0 44.0 0.0 -0.1929 2.074 0.0 0.22361 998.0 1.3183 17.0 45.0 0.6071 0.0 1.574 0.0 0.2 996.0 1.2166 15.0 48.0 1.3071 0.0 1.474 0.0 0.1 993.0 1.1766 13.0 53.0 1.8071 0.0 1.574 0.0 0.1 990.0 1.2474 12.0 59.0 2.4071 0.0 1.774 0.0 0.1 987.0 1.3675 10.0 
0.13534 53.71602 53.0 442.0 1.0 39.0 0.0 -1.2929 1.274 0.0 0.31623 1001.0 1.2946 13.0 41.0 0.3071 0.0 0.374 0.0 0.28284 1001.0 1.4308 17.0 45.0 1.6071 0.0 0.0 -0.726 0.31623 1000.0 1.591 14.0 48.0 3.0071 0.0 0.0 -1.726 0.36056 999.0 1.6809 13.0 51.0 4.6071 0.0 0.0 -2.626 0.31623 998.0 1.7711 12.0 
0.0362 273.278 72.0 443.0 1.0 72.0 0.6071 0.0 2.974 0.0 0.28284 988.0 2.1179 10.0 70.0 1.7071 0.0 1.774 0.0 0.28284 987.0 1.9249 10.0 70.0 2.8071 0.0 0.774 0.0 0.14142 987.0 1.9249 10.0 70.0 3.7071 0.0 0.0 -0.026 0.22361 986.0 1.8536 10.0 71.0 4.6071 0.0 0.0 -0.826 0.22361 985.0 1.8388 9.0 
0.03637 279.22064 60.0 444.0 1.0 78.0 0.7071 0.0 3.174 0.0 0.36056 988.0 2.4856 10.0 78.0 2.1071 0.0 1.374 0.0 0.36056 986.0 2.3015 10.0 77.0 3.4071 0.0 0.0 -0.226 0.28284 985.0 2.1628 9.0 76.0 4.6071 0.0 0.0 -1.626 0.28284 985.0 2.1069 9.0 73.0 5.7071 0.0 0.0 -2.826 0.22361 986.0 2.0159 10.0 
0.17774 97.07306 95.0 445.0 1.0 49.0 0.0 -0.3929 1.274 0.0 0.14142 996.0 1.4425 14.0 51.0 0.4071 0.0 0.774 0.0 0.1 994.0 1.3982 13.0 53.0 1.1071 0.0 0.674 0.0 0.1 993.0 1.4345 12.0 55.0 1.8071 0.0 0.774 0.0 0.1 992.0 1.4713 12.0 58.0 2.4071 0.0 0.774 0.0 0.1 990.0 1.4939 11.0 
0.07113 163.67688 73.0 447.0 1.0 59.0 0.0071 0.0 2.574 0.0 0.36056 995.0 1.9752 18.0 59.0 1.1071 0.0 0.974 0.0 0.28284 994.0 1.8713 17.0 59.0 2.2071 0.0 0.0 -0.126 0.22361 993.0 1.7777 16.0 61.0 3.2071 0.0 0.0 -0.926 0.14142 991.0 1.7275 15.0 65.0 4.2071 0.0 0.0 -1.426 0.1 986.0 1.5983 10.0 
0.02962 226.37542 71.0 448.0 1.0 60.0 0.2071 0.0 3.174 0.0 0.44721 997.0 2.2981 15.0 58.0 1.5071 0.0 1.374 0.0 0.42426 996.0 2.0211 14.0 55.0 2.7071 0.0 0.074 0.0 0.22361 995.0 1.7165 14.0 54.0 3.6071 0.0 0.0 -0.826 0.22361 994.0 1.5675 13.0 57.0 4.5071 0.0 0.0 -1.326 0.14142 992.0 1.5802 12.0 
0.07368 257.5833 64.0 449.0 1.0 46.0 0.5071 0.0 2.674 0.0 0.28284 999.0 1.5437 17.0 42.0 1.6071 0.0 1.674 0.0 0.22361 1000.0 1.3859 18.0 38.0 2.6071 0.0 0.974 0.0 0.14142 1000.0 1.1345 19.0 33.0 3.3071 0.0 0.474 0.0 0.0 1001.0 1.0 20.0 29.0 3.6071 0.0 0.274 0.0 0.14142 1001.0 1.0 21.0 
0.04007 216.84885 51.0 450.0 1.0 49.0 0.0 -0.4929 2.874 0.0 0.36056 998.0 1.6349 13.0 55.0 1.0071 0.0 1.674 0.0 0.31623 996.0 1.8174 15.0 63.0 2.7071 0.0 1.074 0.0 0.31623 993.0 2.0269 12.0 70.0 4.3071 0.0 0.474 0.0 0.31623 990.0 2.176 11.0 77.0 6.0071 0.0 0.0 -0.626 0.28284 986.0 2.2429 10.0 
0.05197 260.1241 93.0 451.0 1.0 58.0 0.9071 0.0 2.474 0.0 0.14142 991.0 1.5618 11.0 60.0 1.4071 0.0 1.874 0.0 0.1 989.0 1.5321 11.0 63.0 2.0071 0.0 1.474 0.0 0.14142 987.0 1.5592 10.0 67.0 2.6071 0.0 0.974 0.0 0.14142 986.0 1.6981 10.0 69.0 3.3071 0.0 0.374 0.0 0.14142 984.0 1.6768 9.0 
0.10461 156.56692 85.0 453.0 1.0 67.0 0.0 -0.2929 2.774 0.0 0.44721 993.0 2.2925 16.0 67.0 1.1071 0.0 0.874 0.0 0.28284 991.0 2.0841 15.0 66.0 2.3071 0.0 0.0 -0.326 0.14142 989.0 1.8538 14.0 69.0 3.2071 0.0 0.0 -0.926 0.14142 985.0 1.7367 12.0 76.0 4.0071 0.0 0.0 -1.226 0.1 979.0 1.7351 11.0 
0.05604 266.93657 50.0 454.0 1.0 45.0 0.7071 0.0 2.574 0.0 0.22361 999.0 1.4773 16.0 41.0 1.5071 0.0 1.874 0.0 0.1 999.0 1.2264 17.0 37.0 2.1071 0.0 1.574 0.0 0.1 1000.0 1.0756 18.0 32.0 2.5071 0.0 1.474 0.0 0.14142 1000.0 1.0 19.0 30.0 2.8071 0.0 1.774 0.0 0.1 1001.0 1.0 20.0 
0.07278 255.92004 60.0 455.0 1.0 61.0 0.0 -0.0929 2.674 0.0 0.14142 992.0 1.8098 15.0 68.0 1.0071 0.0 2.074 0.0 0.22361 987.0 1.8165 13.0 78.0 2.1071 0.0 1.874 0.0 0.2 980.0 1.883 11.0 90.0 3.2071 0.0 2.074 0.0 0.2 970.0 1.924 9.0 109.0 4.3071 0.0 2.374 0.0 0.2 953.0 2.0225 8.0 
0.05827 245.0051 89.0 457.0 1.0 48.0 2.3071 0.0 0.0 -1.426 0.2 997.0 1.4708 15.0 51.0 2.2071 0.0 0.0 -0.026 0.2 996.0 1.5627 14.0 51.0 2.3071 0.0 1.274 0.0 0.31623 996.0 1.5627 14.0 50.0 2.7071 0.0 2.574 0.0 0.22361 996.0 1.502 14.0 49.0 3.4071 0.0 3.574 0.0 0.22361 996.0 1.4425 14.0 
0.1368 93.62417 110.0 458.0 1.0 47.0 0.0 -1.0929 1.874 0.0 0.42426 1000.0 1.7355 19.0 48.0 0.5071 0.0 0.674 0.0 0.28284 999.0 1.6809 18.0 48.0 1.8071 0.0 0.0 -0.426 0.22361 999.0 1.6809 17.0 46.0 3.1071 0.0 0.0 -1.326 0.28284 999.0 1.5437 17.0 43.0 4.2071 0.0 0.0 -2.126 0.14142 999.0 1.3489 17.0 
0.03454 220.91639 65.0 459.0 1.0 52.0 0.3071 0.0 3.074 0.0 0.44721 999.0 1.9727 18.0 51.0 1.6071 0.0 1.174 0.0 0.28284 999.0 1.8976 17.0 50.0 2.9071 0.0 0.0 -0.126 0.28284 998.0 1.7023 16.0 49.0 4.1071 0.0 0.0 -1.226 0.22361 998.0 1.6349 16.0 49.0 5.3071 0.0 0.0 -2.126 0.28284 998.0 1.6349 16.0 
0.16398 97.07306 106.0 460.0 1.0 46.0 0.0 -0.3929 1.274 0.0 0.14142 997.0 1.3508 15.0 47.0 0.4071 0.0 0.774 0.0 0.22361 996.0 1.3272 14.0 48.0 1.1071 0.0 0.374 0.0 0.1 995.0 1.3074 14.0 47.0 1.6071 0.0 0.174 0.0 0.0 994.0 1.1875 13.0 48.0 1.9071 0.0 0.274 0.0 0.1 994.0 1.2385 12.0 
0.00579 209.0866 33.0 461.0 1.0 59.0 0.0 -3.8929 2.874 0.0 0.80623 1000.0 2.5 13.0 57.0 0.0 -1.6929 0.0 -0.826 0.5831 1000.0 2.5 12.0 54.0 0.2071 0.0 0.0 -3.726 0.5 998.0 1.9855 10.0 55.0 2.1071 0.0 0.0 -5.726 0.42426 997.0 1.931 9.0 60.0 4.0071 0.0 0.0 -7.326 0.5 995.0 2.0427 11.0 
0.07749 293.6286 96.0 462.0 1.0 75.0 0.6071 0.0 2.874 0.0 0.22361 983.0 1.9151 9.0 72.0 1.5071 0.0 2.174 0.0 0.22361 984.0 1.8258 9.0 71.0 2.4071 0.0 1.374 0.0 0.14142 985.0 1.8388 9.0 72.0 3.2071 0.0 0.674 0.0 0.22361 984.0 1.8258 9.0 72.0 4.0071 0.0 0.074 0.0 0.1 982.0 1.708 9.0 
0.11943 102.71108 78.0 466.0 1.0 58.0 0.0 -0.9929 2.274 0.0 0.36056 997.0 2.1474 12.0 59.0 0.5071 0.0 0.774 0.0 0.36056 995.0 1.9752 10.0 59.0 1.9071 0.0 0.0 -0.126 0.31623 993.0 1.7777 9.0 60.0 3.1071 0.0 0.0 -0.626 0.22361 991.0 1.6713 9.0 63.0 4.2071 0.0 0.0 -1.026 0.1 989.0 1.6891 8.0 
0.05071 289.11412 91.0 467.0 1.0 50.0 1.1071 0.0 2.574 0.0 0.22361 996.0 1.502 14.0 50.0 1.9071 0.0 1.774 0.0 0.22361 995.0 1.4186 14.0 50.0 2.6071 0.0 1.174 0.0 0.14142 995.0 1.4186 13.0 51.0 3.3071 0.0 0.674 0.0 0.1 994.0 1.3982 13.0 53.0 3.9071 0.0 0.274 0.0 0.1 993.0 1.4345 12.0 
0.0399 256.10436 94.0 468.0 1.0 57.0 2.4071 0.0 0.0 -1.026 0.2 991.0 1.5084 11.0 60.0 2.3071 0.0 0.0 -0.026 0.1 989.0 1.5321 11.0 58.0 2.3071 0.0 0.774 0.0 0.1 990.0 1.4939 11.0 56.0 2.3071 0.0 1.474 0.0 0.22361 991.0 1.4559 11.0 55.0 2.5071 0.0 2.374 0.0 0.1 992.0 1.4713 12.0 
0.1084 121.88924 42.0 469.0 1.0 46.0 0.0 -1.1929 1.974 0.0 0.36056 1001.0 1.801 20.0 46.0 0.5071 0.0 0.974 0.0 0.31623 1001.0 1.801 20.0 45.0 2.3071 0.0 0.174 0.0 0.31623 1001.0 1.7236 20.0 45.0 4.2071 0.0 0.0 -0.526 0.3 1001.0 1.7236 21.0 41.0 6.0071 0.0 0.0 -0.726 0.4 1002.0 1.5608 23.0 
0.06409 97.40378 271.0 471.0 1.0 38.0 0.0 -1.7929 0.674 0.0 0.36056 1000.0 1.1345 13.0 41.0 0.0 -0.4929 0.0 -0.726 0.28284 999.0 1.2264 12.0 44.0 1.0071 0.0 0.0 -1.826 0.36056 999.0 1.4124 15.0 48.0 2.7071 0.0 0.0 -2.626 0.22361 997.0 1.4708 13.0 53.0 4.3071 0.0 0.0 -3.526 0.28284 995.0 1.5939 12.0 
0.07145 229.08438 241.0 472.0 1.0 64.0 0.0 -0.0929 2.874 0.0 0.28284 992.0 1.9922 12.0 62.0 1.2071 0.0 1.674 0.0 0.22361 992.0 1.8696 12.0 60.0 2.4071 0.0 0.774 0.0 0.14142 993.0 1.8385 12.0 57.0 3.4071 0.0 0.0 -0.026 0.14142 993.0 1.6592 12.0 55.0 4.2071 0.0 0.0 -0.626 0.1 993.0 1.5448 12.0 
0.08966 123.55085 47.0 473.0 1.0 53.0 0.0 -1.2929 3.274 0.0 0.56569 1001.0 2.3909 13.0 55.0 1.0071 0.0 0.474 0.0 0.56569 1000.0 2.3767 12.0 55.0 3.1071 0.0 0.0 -2.126 0.56569 999.0 2.2069 11.0 54.0 5.2071 0.0 0.0 -4.226 0.42426 998.0 1.9855 12.0 55.0 6.9071 0.0 0.0 -5.726 0.42426 996.0 1.8174 12.0 
0.02592 275.67418 59.0 474.0 1.0 61.0 0.3071 0.0 3.374 0.0 0.36056 994.0 2.0003 13.0 60.0 1.5071 0.0 1.974 0.0 0.22361 993.0 1.8385 12.0 60.0 2.6071 0.0 1.074 0.0 0.22361 992.0 1.7509 12.0 62.0 3.6071 0.0 0.374 0.0 0.22361 990.0 1.707 11.0 67.0 4.7071 0.0 0.0 -0.226 0.2 988.0 1.834 10.0 
0.08544 269.08301 51.0 476.0 1.0 67.0 0.0 -0.9929 4.274 0.0 0.56569 997.0 2.5 15.0 71.0 1.4071 0.0 1.974 0.0 0.5 995.0 2.5 13.0 70.0 3.5071 0.0 0.0 -0.126 0.42426 994.0 2.5 13.0 67.0 5.2071 0.0 0.0 -1.826 0.28284 993.0 2.2925 12.0 63.0 6.5071 0.0 0.0 -3.026 0.22361 992.0 1.9304 12.0 
0.04049 253.45864 56.0 477.0 1.0 48.0 0.0 -1.5929 3.074 0.0 0.36056 1000.0 1.8102 14.0 52.0 0.2071 0.0 2.274 0.0 0.2 998.0 1.8412 12.0 53.0 1.9071 0.0 2.074 0.0 0.2 997.0 1.7931 11.0 53.0 3.5071 0.0 2.174 0.0 0.2 997.0 1.7931 11.0 51.0 5.0071 0.0 2.274 0.0 0.3 998.0 1.7711 11.0 
0.05102 310.03964 56.0 478.0 1.0 47.0 0.0 -0.4929 3.074 0.0 0.31623 998.0 1.5041 16.0 49.0 0.8071 0.0 2.674 0.0 0.2 998.0 1.6349 15.0 50.0 2.2071 0.0 2.574 0.0 0.2 997.0 1.5959 15.0 51.0 3.6071 0.0 2.574 0.0 0.2 998.0 1.7711 15.0 49.0 5.0071 0.0 2.474 0.0 0.2 998.0 1.6349 16.0 
0.03703 167.47492 64.0 479.0 1.0 47.0 0.0 -2.1929 0.0 -0.026 0.42426 1001.0 1.8802 12.0 45.0 0.0 -0.4929 0.0 -1.426 0.36056 1000.0 1.591 11.0 46.0 1.2071 0.0 0.0 -1.926 0.2 998.0 1.4408 10.0 47.0 2.6071 0.0 0.0 -2.026 0.2 997.0 1.4101 9.0 53.0 3.9071 0.0 0.0 -2.026 0.2 996.0 1.6877 10.0 
0.0562 238.77972 95.0 481.0 1.0 54.0 1.6071 0.0 1.974 0.0 0.3 994.0 1.5675 17.0 53.0 2.0071 0.0 0.774 0.0 0.22361 994.0 1.51 17.0 53.0 2.5071 0.0 0.0 -0.126 0.14142 993.0 1.4345 16.0 54.0 3.0071 0.0 0.0 -0.626 0.1 992.0 1.4182 15.0 56.0 3.4071 0.0 0.0 -0.726 0.1 990.0 1.3926 14.0 
0.09738 117.17765 84.0 482.0 1.0 43.0 0.0 -0.1929 1.374 0.0 0.14142 997.0 1.1803 11.0 43.0 0.4071 0.0 0.974 0.0 0.1 998.0 1.259 11.0 41.0 1.0071 0.0 0.774 0.0 0.14142 998.0 1.1446 12.0 40.0 1.6071 0.0 0.474 0.0 0.1 998.0 1.0895 12.0 38.0 2.2071 0.0 0.374 0.0 0.14142 999.0 1.0535 13.0 
0.12101 147.73872 70.0 483.0 1.0 58.0 0.0 -0.1929 1.974 0.0 0.28284 994.0 1.8084 17.0 59.0 0.9071 0.0 0.974 0.0 0.22361 993.0 1.7777 16.0 61.0 2.0071 0.0 0.474 0.0 0.2 990.0 1.6524 15.0 66.0 3.0071 0.0 0.474 0.0 0.1 987.0 1.7112 13.0 74.0 3.9071 0.0 0.574 0.0 0.1 981.0 1.7478 11.0 
0.04243 265.39138 110.0 484.0 1.0 79.0 0.3071 0.0 3.074 0.0 0.36056 986.0 2.3609 10.0 79.0 1.7071 0.0 1.674 0.0 0.28284 983.0 2.1248 9.0 85.0 2.8071 0.0 0.674 0.0 0.22361 977.0 2.0498 8.0 92.0 3.9071 0.0 0.0 -0.026 0.14142 970.0 2.0104 7.0 100.0 4.9071 0.0 0.0 -0.626 0.28284 963.0 2.0427 6.0 
0.08305 293.55348 60.0 485.0 1.0 78.0 0.0 -0.8929 2.874 0.0 0.3 982.0 2.0045 9.0 94.0 0.6071 0.0 2.574 0.0 0.2 970.0 2.0988 7.0 104.0 2.1071 0.0 2.274 0.0 0.22361 961.0 2.1245 6.0 116.0 3.6071 0.0 1.774 0.0 0.22361 950.0 2.1815 6.0 125.0 5.0071 0.0 1.074 0.0 0.22361 940.0 2.1862 5.0 
0.08855 119.15354 67.0 486.0 1.0 55.0 0.0 -0.5929 2.274 0.0 0.36056 998.0 2.0598 13.0 55.0 0.9071 0.0 0.574 0.0 0.36056 997.0 1.931 15.0 57.0 2.3071 0.0 0.0 -0.426 0.2 994.0 1.7465 13.0 60.0 3.5071 0.0 0.0 -0.726 0.1 991.0 1.6713 12.0 66.0 4.4071 0.0 0.0 -0.826 0.22361 987.0 1.7112 10.0 
0.14416 8.25172 114.0 487.0 1.0 31.0 0.0 -0.4929 0.974 0.0 0.2 1001.0 1.0 18.0 32.0 0.0071 0.0 0.074 0.0 0.14142 1000.0 1.0 17.0 34.0 0.6071 0.0 0.0 -0.626 0.14142 999.0 1.0 15.0 38.0 1.2071 0.0 0.0 -1.226 0.1 998.0 1.0 13.0 44.0 1.8071 0.0 0.0 -1.626 0.2 996.0 1.1632 15.0 
0.03213 296.78557 54.0 488.0 1.0 53.0 0.7071 0.0 4.074 0.0 0.53852 1000.0 2.207 18.0 50.0 1.9071 0.0 1.874 0.0 0.28284 999.0 1.8239 18.0 48.0 3.1071 0.0 0.474 0.0 0.22361 999.0 1.6809 17.0 47.0 4.4071 0.0 0.0 -0.426 0.22361 999.0 1.6116 17.0 48.0 5.7071 0.0 0.0 -1.026 0.22361 998.0 1.5688 16.0 
0.08465 197.65626 39.0 490.0 1.0 63.0 0.0 -2.5929 3.974 0.0 0.64031 1000.0 2.5 16.0 63.0 0.6071 0.0 1.674 0.0 0.67082 999.0 2.5 15.0 65.0 3.8071 0.0 0.0 -0.226 0.5831 999.0 2.5 17.0 70.0 6.7071 0.0 0.0 -1.926 0.5 996.0 2.5 14.0 69.0 9.3071 0.0 0.0 -3.326 0.44721 994.0 2.5 13.0 
0.13927 152.2047 71.0 491.0 1.0 60.0 0.0 -1.5929 1.874 0.0 0.41231 997.0 2.2981 16.0 62.0 0.5071 0.0 1.274 0.0 0.31623 995.0 2.1812 13.0 60.0 2.2071 0.0 0.774 0.0 0.22361 994.0 1.9352 13.0 58.0 3.5071 0.0 0.474 0.0 0.22361 993.0 1.7179 12.0 57.0 4.6071 0.0 0.274 0.0 0.2 992.0 1.5802 12.0 
0.09615 298.16812 43.0 492.0 1.0 90.0 0.0 -1.0929 4.574 0.0 0.64031 989.0 2.5 14.0 94.0 1.7071 0.0 2.074 0.0 0.64031 984.0 2.5 12.0 95.0 4.1071 0.0 0.0 -0.126 0.5 980.0 2.5 11.0 99.0 6.2071 0.0 0.0 -1.826 0.42426 974.0 2.5 10.0 102.0 7.9071 0.0 0.0 -3.026 0.31623 968.0 2.3614 9.0 
0.05973 312.59985 49.0 493.0 1.0 53.0 0.0 -1.3929 0.0 -2.726 0.3 998.0 1.9127 13.0 61.0 0.7071 0.0 0.0 -2.726 0.4 995.0 2.1114 12.0 70.0 3.0071 0.0 0.0 -2.026 0.31623 992.0 2.3832 12.0 72.0 5.0071 0.0 0.0 -1.626 0.31623 990.0 2.3021 11.0 71.0 6.7071 0.0 0.0 -0.926 0.31623 989.0 2.1453 11.0 
0.0627 319.84119 76.0 496.0 1.0 72.0 0.0 -1.4929 3.274 0.0 0.31623 989.0 2.2062 14.0 77.0 0.2071 0.0 2.874 0.0 0.3 985.0 2.1628 12.0 78.0 1.8071 0.0 2.774 0.0 0.3 983.0 2.0713 12.0 78.0 3.2071 0.0 2.974 0.0 0.22361 982.0 2.0045 11.0 75.0 4.2071 0.0 3.374 0.0 0.2 982.0 1.8533 11.0 
0.05228 251.26993 45.0 497.0 1.0 44.0 0.0 -1.6929 3.374 0.0 0.41231 1002.0 1.7976 19.0 53.0 0.9071 0.0 2.074 0.0 0.44721 1002.0 2.5 23.0 54.0 3.4071 0.0 0.574 0.0 0.44721 1000.0 2.291 20.0 55.0 5.6071 0.0 0.0 -0.926 0.5 1000.0 2.3767 18.0 49.0 7.4071 0.0 0.0 -2.426 0.36056 1000.0 1.8864 18.0 
0.07228 235.74859 140.0 498.0 1.0 50.0 0.8071 0.0 2.474 0.0 0.22361 995.0 1.4186 13.0 51.0 1.3071 0.0 1.674 0.0 0.22361 995.0 1.4759 13.0 51.0 2.1071 0.0 0.974 0.0 0.14142 995.0 1.4759 13.0 48.0 2.8071 0.0 0.474 0.0 0.1 996.0 1.3843 14.0 44.0 3.5071 0.0 0.374 0.0 0.0 996.0 1.1632 14.0 
0.21299 67.73423 70.0 499.0 1.0 49.0 0.0 -1.5929 1.774 0.0 0.36056 1000.0 1.8864 19.0 52.0 0.2071 0.0 0.574 0.0 0.36056 998.0 1.8412 17.0 52.0 1.8071 0.0 0.0 -0.626 0.28284 998.0 1.8412 16.0 51.0 3.2071 0.0 0.0 -1.826 0.22361 997.0 1.6604 16.0 53.0 4.3071 0.0 0.0 -2.726 0.22361 995.0 1.5939 14.0 
0.1135 302.817 44.0 500.0 1.0 82.0 0.0 -1.5929 4.174 0.0 0.67082 993.0 2.5 16.0 84.0 1.5071 0.0 2.274 0.0 0.64031 990.0 2.5 14.0 84.0 4.0071 0.0 0.174 0.0 0.42426 987.0 2.5 13.0 87.0 6.0071 0.0 0.0 -1.626 0.42426 983.0 2.5 12.0 88.0 7.7071 0.0 0.0 -2.826 0.36056 979.0 2.3263 11.0 
0.25457 159.06755 52.0 501.0 1.0 77.0 0.0 -1.4929 2.274 0.0 0.36056 986.0 2.2429 13.0 84.0 0.4071 0.0 1.374 0.0 0.31623 982.0 2.3248 11.0 90.0 2.2071 0.0 0.474 0.0 0.31623 978.0 2.3637 11.0 96.0 4.0071 0.0 0.0 -0.426 0.31623 973.0 2.3532 10.0 101.0 5.7071 0.0 0.0 -1.126 0.31623 968.0 2.3153 9.0 
0.0731 186.90786 71.0 503.0 1.0 32.0 0.7071 0.0 1.874 0.0 0.22361 1000.0 1.0 16.0 34.0 1.2071 0.0 1.174 0.0 0.14142 1000.0 1.0 15.0 37.0 1.8071 0.0 0.574 0.0 0.14142 998.0 1.0 13.0 43.0 2.3071 0.0 0.074 0.0 0.14142 997.0 1.1803 15.0 52.0 2.9071 0.0 0.0 -0.426 0.14142 994.0 1.4536 13.0 
0.02694 124.72204 44.0 504.0 1.0 58.0 0.0 -3.2929 2.874 0.0 0.72111 1000.0 2.5 17.0 59.0 0.0 -0.9929 0.0 -0.526 0.72111 999.0 2.5 16.0 57.0 1.2071 0.0 0.0 -3.326 0.5 997.0 2.074 14.0 55.0 3.0071 0.0 0.0 -5.226 0.42426 995.0 1.7165 12.0 57.0 4.7071 0.0 0.0 -6.526 0.28284 993.0 1.6592 14.0 
0.07978 306.81947 38.0 506.0 1.0 92.0 0.0 -2.0929 4.674 0.0 0.80623 993.0 2.5 12.0 89.0 1.7071 0.0 2.174 0.0 0.64031 991.0 2.5 11.0 86.0 4.8071 0.0 0.0 -0.126 0.5831 990.0 2.5 11.0 82.0 7.5071 0.0 0.0 -2.126 0.5 989.0 2.5 11.0 76.0 9.6071 0.0 0.0 -3.926 0.36056 990.0 2.5 11.0 
0.01575 304.48347 98.0 507.0 1.0 60.0 0.0 -3.2929 0.0 -1.626 0.44721 997.0 2.2981 9.0 61.0 0.0 -0.7929 0.0 -2.626 0.41231 996.0 2.2356 12.0 63.0 1.3071 0.0 0.0 -3.126 0.2 992.0 1.9304 9.0 70.0 2.8071 0.0 0.0 -3.026 0.22361 986.0 1.8536 10.0 88.0 3.9071 0.0 0.0 -2.626 0.2 972.0 1.9291 7.0 
0.03926 216.84885 56.0 509.0 1.0 48.0 0.0 -0.5929 2.474 0.0 0.22361 997.0 1.4708 13.0 55.0 1.0071 0.0 1.674 0.0 0.22361 996.0 1.8174 15.0 62.0 2.6071 0.0 0.774 0.0 0.28284 993.0 1.9631 13.0 66.0 4.0071 0.0 0.0 -0.226 0.36056 990.0 1.9344 11.0 70.0 5.4071 0.0 0.0 -0.926 0.2 987.0 1.9249 10.0 
0.11158 227.10248 59.0 510.0 1.0 96.0 0.0 -0.9929 3.774 0.0 0.56569 982.0 2.5 11.0 99.0 1.3071 0.0 1.574 0.0 0.42426 976.0 2.5 10.0 98.0 3.0071 0.0 0.0 -0.226 0.36056 973.0 2.4523 10.0 98.0 4.4071 0.0 0.0 -1.526 0.28284 969.0 2.2294 9.0 95.0 5.6071 0.0 0.0 -2.526 0.22361 969.0 2.095 9.0 
0.07124 172.16692 51.0 511.0 1.0 68.0 0.0 -1.0929 3.274 0.0 0.56569 997.0 2.5 11.0 64.0 1.2071 0.0 0.974 0.0 0.5 997.0 2.5 11.0 58.0 3.2071 0.0 0.0 -0.926 0.5 998.0 2.2906 12.0 54.0 5.0071 0.0 0.0 -2.626 0.28284 999.0 2.1274 12.0 51.0 6.4071 0.0 0.0 -4.226 0.36056 999.0 1.8976 13.0 
0.23201 146.70683 47.0 512.0 1.0 71.0 0.0 -2.5929 2.474 0.0 0.53852 998.0 2.5 16.0 72.0 0.6071 0.0 1.174 0.0 0.53852 996.0 2.5 14.0 67.0 3.2071 0.0 0.0 -0.126 0.44721 996.0 2.5 14.0 63.0 5.3071 0.0 0.0 -1.326 0.36056 995.0 2.2521 13.0 59.0 7.0071 0.0 0.0 -2.326 0.22361 996.0 2.0914 14.0 
0.0446 250.35032 55.0 513.0 1.0 62.0 1.0071 0.0 2.774 0.0 0.22361 991.0 1.7846 15.0 63.0 1.7071 0.0 1.474 0.0 0.28284 991.0 1.8426 15.0 64.0 2.7071 0.0 0.374 0.0 0.28284 990.0 1.8189 14.0 66.0 4.0071 0.0 0.0 -0.526 0.28284 990.0 1.9344 14.0 68.0 5.3071 0.0 0.0 -1.326 0.22361 989.0 1.9678 14.0 
0.05168 171.69251 63.0 515.0 1.0 70.0 0.0 -0.2929 1.974 0.0 0.22361 988.0 2.0019 10.0 77.0 1.0071 0.0 1.174 0.0 0.22361 982.0 1.9535 9.0 88.0 2.2071 0.0 0.774 0.0 0.22361 974.0 2.0281 8.0 97.0 3.4071 0.0 0.474 0.0 0.22361 965.0 2.0021 7.0 107.0 4.6071 0.0 0.174 0.0 0.22361 957.0 2.0882 6.0 
0.07961 170.03035 113.0 516.0 1.0 43.0 1.3071 0.0 1.174 0.0 0.14142 998.0 1.259 16.0 42.0 1.5071 0.0 0.274 0.0 0.22361 998.0 1.2011 16.0 41.0 1.8071 0.0 0.0 -0.526 0.1 998.0 1.1446 16.0 39.0 2.1071 0.0 0.0 -1.126 0.14142 998.0 1.0357 16.0 37.0 2.5071 0.0 0.0 -1.426 0.1 999.0 1.0 17.0 
0.01099 209.0866 34.0 517.0 1.0 58.0 0.0 -3.7929 2.874 0.0 0.76158 1000.0 2.5 13.0 57.0 0.0 -1.6929 0.0 -0.826 0.5831 999.0 2.3703 12.0 55.0 0.3071 0.0 0.0 -3.626 0.42426 998.0 2.0598 15.0 56.0 2.2071 0.0 0.0 -5.726 0.42426 996.0 1.8841 13.0 60.0 4.1071 0.0 0.0 -7.526 0.42426 994.0 1.9352 11.0 
0.08751 137.76019 42.0 518.0 1.0 75.0 0.0 -4.0929 0.574 0.0 0.67082 998.0 2.5 13.0 76.0 0.0 -0.1929 0.0 -1.226 0.63246 996.0 2.5 11.0 76.0 3.2071 0.0 0.0 -2.126 0.5099 993.0 2.5 13.0 81.0 6.0071 0.0 0.0 -2.826 0.5099 988.0 2.5 10.0 83.0 8.3071 0.0 0.0 -3.226 0.3 983.0 2.3454 9.0 
0.11182 215.49518 40.0 519.0 1.0 55.0 0.0 -2.4929 3.074 0.0 0.53852 1002.0 2.5 23.0 57.0 0.5071 0.0 1.874 0.0 0.53852 1001.0 2.5 21.0 57.0 3.5071 0.0 1.074 0.0 0.5 1001.0 2.5 21.0 53.0 6.4071 0.0 0.974 0.0 0.41231 1001.0 2.3909 21.0 47.0 8.7071 0.0 1.474 0.0 0.36056 1001.0 1.8802 21.0 
0.08088 147.66532 53.0 520.0 1.0 38.0 0.0 -1.4929 0.0 -1.126 0.31623 1001.0 1.2291 18.0 41.0 0.1071 0.0 0.0 -1.326 0.2 1000.0 1.3207 16.0 43.0 1.5071 0.0 0.0 -1.126 0.31623 999.0 1.3489 14.0 51.0 3.1071 0.0 0.0 -0.826 0.3 998.0 1.7711 16.0 59.0 4.9071 0.0 0.0 -0.926 0.3 995.0 1.9752 14.0 
0.15847 64.54308 96.0 521.0 1.0 49.0 0.0 -1.4929 0.774 0.0 0.3 999.0 1.7517 13.0 45.0 0.0 -0.0929 0.574 0.0 0.2 998.0 1.3789 12.0 43.0 0.9071 0.0 0.474 0.0 0.14142 999.0 1.3489 12.0 40.0 1.8071 0.0 0.174 0.0 0.1 999.0 1.1673 13.0 38.0 2.6071 0.0 0.0 -0.026 0.1 1000.0 1.1345 14.0 
0.10691 229.24245 58.0 522.0 1.0 60.0 0.0 -1.4929 2.074 0.0 0.4 996.0 2.1629 19.0 65.0 0.6071 0.0 1.974 0.0 0.3 994.0 2.2712 16.0 66.0 2.5071 0.0 1.574 0.0 0.31623 992.0 2.1186 15.0 67.0 4.1071 0.0 1.074 0.0 0.22361 990.0 1.9935 14.0 68.0 5.4071 0.0 0.674 0.0 0.2 987.0 1.8165 13.0 
0.10846 304.02263 43.0 523.0 1.0 59.0 0.0 -3.8929 1.874 0.0 0.63246 1001.0 2.5 19.0 62.0 0.0 -0.5929 2.674 0.0 0.60828 1000.0 2.5 19.0 64.0 2.6071 0.0 2.874 0.0 0.5 998.0 2.5 17.0 61.0 5.4071 0.0 2.674 0.0 0.4 998.0 2.5 16.0 59.0 7.7071 0.0 2.574 0.0 0.4 997.0 2.2221 15.0 
0.10104 140.98863 58.0 525.0 1.0 65.0 0.0 -1.5929 3.474 0.0 0.64031 999.0 2.5 14.0 62.0 1.0071 0.0 0.774 0.0 0.56569 998.0 2.5 14.0 55.0 3.1071 0.0 0.0 -1.326 0.42426 998.0 2.0598 13.0 52.0 4.7071 0.0 0.0 -2.826 0.28284 997.0 1.7261 12.0 56.0 5.9071 0.0 0.0 -4.026 0.22361 995.0 1.7795 13.0 
0.08089 146.67239 74.0 526.0 1.0 42.0 0.0 -1.9929 0.0 -0.826 0.22361 1000.0 1.3859 15.0 46.0 0.0 -0.4929 0.0 -1.226 0.31623 998.0 1.4408 13.0 48.0 0.8071 0.0 0.0 -1.526 0.22361 996.0 1.3843 12.0 54.0 1.9071 0.0 0.0 -1.726 0.14142 993.0 1.4892 13.0 60.0 2.8071 0.0 0.0 -1.926 0.22361 990.0 1.5987 11.0 
0.06089 247.79184 69.0 527.0 1.0 62.0 0.0 -1.1929 2.474 0.0 0.31623 994.0 2.0664 13.0 67.0 0.5071 0.0 2.174 0.0 0.3 991.0 2.0841 11.0 70.0 2.0071 0.0 1.874 0.0 0.3 988.0 2.0019 10.0 72.0 3.4071 0.0 1.574 0.0 0.2 986.0 1.961 10.0 71.0 4.7071 0.0 1.474 0.0 0.22361 986.0 1.9069 10.0 
0.10073 234.34953 49.0 528.0 1.0 87.0 0.0 -1.2929 3.974 0.0 0.64031 990.0 2.5 11.0 91.0 1.4071 0.0 1.574 0.0 0.5 984.0 2.5 9.0 88.0 3.5071 0.0 0.0 -0.126 0.42426 982.0 2.5 9.0 87.0 5.3071 0.0 0.0 -1.326 0.28284 980.0 2.3427 8.0 83.0 6.8071 0.0 0.0 -2.226 0.22361 980.0 2.1322 8.0 
0.03778 226.19519 55.0 529.0 1.0 55.0 0.2071 0.0 3.574 0.0 0.44721 999.0 2.2069 16.0 52.0 1.4071 0.0 1.474 0.0 0.42426 999.0 1.9727 17.0 50.0 2.8071 0.0 0.0 -0.126 0.36056 999.0 1.8239 18.0 48.0 4.2071 0.0 0.0 -1.526 0.36056 1000.0 1.8102 18.0 47.0 5.5071 0.0 0.0 -2.926 0.36056 1000.0 1.7355 18.0 
0.17491 156.04509 47.0 530.0 1.0 68.0 0.0 -2.1929 2.374 0.0 0.53852 998.0 2.5 12.0 72.0 0.9071 0.0 1.074 0.0 0.53852 996.0 2.5 10.0 70.0 3.4071 0.0 0.0 -0.726 0.5 995.0 2.5 10.0 65.0 5.4071 0.0 0.0 -2.226 0.36056 994.0 2.2712 10.0 57.0 7.0071 0.0 0.0 -3.226 0.31623 996.0 1.952 10.0 
0.08916 308.08662 42.0 531.0 1.0 60.0 0.0 -3.3929 2.974 0.0 0.6 1000.0 2.5 19.0 67.0 0.0 -0.0929 2.774 0.0 0.5 998.0 2.5 16.0 69.0 3.1071 0.0 2.174 0.0 0.53852 998.0 2.5 15.0 66.0 6.0071 0.0 0.774 0.0 0.5 998.0 2.5 15.0 60.0 8.2071 0.0 0.0 -0.826 0.36056 998.0 2.4513 16.0 
0.08085 312.12968 36.0 532.0 1.0 68.0 0.0 -2.1929 4.674 0.0 0.72111 1001.0 2.5 21.0 67.0 1.5071 0.0 2.374 0.0 0.5831 1000.0 2.5 19.0 66.0 4.9071 0.0 0.274 0.0 0.64031 1000.0 2.5 19.0 62.0 7.9071 0.0 0.0 -1.726 0.5831 1000.0 2.5 19.0 57.0 10.5071 0.0 0.0 -3.426 0.44721 1000.0 2.5 19.0 
0.12835 130.72136 105.0 534.0 1.0 47.0 0.0 -1.6929 1.174 0.0 0.3 1000.0 1.7355 19.0 43.0 0.0 -0.0929 1.174 0.0 0.2 1000.0 1.4527 18.0 38.0 0.9071 0.0 1.274 0.0 0.1 1000.0 1.1345 18.0 35.0 1.4071 0.0 1.474 0.0 0.1 1000.0 1.0 18.0 33.0 1.8071 0.0 1.674 0.0 0.1 1000.0 1.0 19.0 
0.10288 300.81587 69.0 535.0 1.0 62.0 0.0 -0.0929 3.174 0.0 0.31623 995.0 2.1812 13.0 59.0 1.3071 0.0 2.374 0.0 0.22361 994.0 1.8713 12.0 54.0 2.4071 0.0 1.874 0.0 0.22361 994.0 1.5675 13.0 48.0 3.2071 0.0 1.674 0.0 0.1 996.0 1.3843 14.0 41.0 3.8071 0.0 1.674 0.0 0.1 998.0 1.1446 15.0 
0.16264 93.62417 57.0 536.0 1.0 58.0 0.0 -1.4929 2.474 0.0 0.42426 998.0 2.2906 16.0 59.0 0.5071 0.0 0.674 0.0 0.36056 998.0 2.3703 16.0 56.0 2.3071 0.0 0.0 -0.726 0.36056 998.0 2.1353 16.0 52.0 3.8071 0.0 0.0 -2.026 0.31623 998.0 1.8412 16.0 50.0 5.1071 0.0 0.0 -2.926 0.36056 998.0 1.7023 15.0 
0.09978 163.6159 65.0 537.0 1.0 62.0 0.0 -1.4929 1.674 0.0 0.3 990.0 1.707 10.0 79.0 0.0071 0.0 1.474 0.0 0.2 981.0 1.992 9.0 93.0 1.4071 0.0 1.774 0.0 0.22361 971.0 2.1033 7.0 101.0 2.7071 0.0 2.274 0.0 0.2 963.0 2.0838 6.0 101.0 4.0071 0.0 2.274 0.0 0.2 963.0 2.0838 6.0 
0.03993 146.7547 91.0 538.0 1.0 51.0 0.0 -2.1929 0.174 0.0 0.36056 997.0 1.6604 9.0 53.0 0.0 -0.6929 0.0 -1.126 0.28284 995.0 1.5939 9.0 60.0 0.6071 0.0 0.0 -1.926 0.14142 991.0 1.6713 9.0 70.0 1.6071 0.0 0.0 -2.226 0.22361 982.0 1.6144 7.0 75.0 2.5071 0.0 0.0 -2.126 0.1 978.0 1.6415 6.0 
0.05767 264.38248 49.0 539.0 1.0 50.0 0.0 -2.6929 2.574 0.0 0.41231 1001.0 2.1279 22.0 51.0 0.0 -0.1929 2.374 0.0 0.4 1001.0 2.2138 20.0 51.0 2.1071 0.0 2.674 0.0 0.41231 1001.0 2.2138 20.0 48.0 4.3071 0.0 2.574 0.0 0.41231 1001.0 1.961 20.0 44.0 6.3071 0.0 1.974 0.0 0.31623 1001.0 1.6478 21.0 
0.14754 102.71108 62.0 540.0 1.0 53.0 0.0 -1.0929 2.274 0.0 0.36056 999.0 2.0493 18.0 58.0 0.5071 0.0 0.774 0.0 0.36056 996.0 2.0211 14.0 58.0 2.0071 0.0 0.0 -0.226 0.36056 995.0 1.9088 13.0 60.0 3.4071 0.0 0.0 -1.026 0.22361 993.0 1.8385 12.0 63.0 4.7071 0.0 0.0 -1.726 0.22361 991.0 1.8426 11.0 
0.02708 226.37542 115.0 541.0 1.0 73.0 0.4071 0.0 2.874 0.0 0.36056 988.0 2.1772 10.0 71.0 1.5071 0.0 1.374 0.0 0.28284 985.0 1.8388 7.0 69.0 2.4071 0.0 0.374 0.0 0.22361 983.0 1.6209 7.0 73.0 3.1071 0.0 0.0 -0.326 0.22361 980.0 1.6494 6.0 85.0 3.8071 0.0 0.0 -1.026 0.14142 971.0 1.757 5.0 
0.04852 192.11039 57.0 542.0 1.0 48.0 0.0 -2.4929 0.0 -0.726 0.36056 998.0 1.5688 11.0 50.0 0.0 -0.5929 0.0 -1.626 0.31623 997.0 1.5959 9.0 54.0 1.1071 0.0 0.0 -2.226 0.3 994.0 1.5675 8.0 59.0 2.7071 0.0 0.0 -2.226 0.3 991.0 1.6161 10.0 72.0 4.2071 0.0 0.0 -2.126 0.3 986.0 1.961 10.0 
0.20913 119.2166 43.0 544.0 1.0 63.0 0.0 -2.6929 2.074 0.0 0.5099 997.0 2.5 16.0 72.0 0.0071 0.0 1.074 0.0 0.5099 994.0 2.5 13.0 78.0 2.7071 0.0 0.474 0.0 0.5099 991.0 2.5 11.0 81.0 5.4071 0.0 0.0 -0.426 0.44721 989.0 2.5 11.0 78.0 7.7071 0.0 0.0 -1.426 0.44721 988.0 2.4856 10.0 
0.09196 310.98718 49.0 545.0 1.0 86.0 0.0 -2.6929 3.074 0.0 0.4 981.0 2.3606 9.0 97.0 0.0 -0.3929 2.774 0.0 0.41231 974.0 2.4641 8.0 123.0 2.0071 0.0 3.074 0.0 0.4 950.0 2.4528 6.0 142.0 4.3071 0.0 3.074 0.0 0.4 930.0 2.4813 5.0 123.0 6.4071 0.0 2.874 0.0 0.31623 948.0 2.3773 5.0 
0.08324 287.44942 50.0 546.0 1.0 82.0 0.0 -1.6929 4.474 0.0 0.72111 994.0 2.5 13.0 84.0 1.4071 0.0 2.174 0.0 0.5831 991.0 2.5 11.0 80.0 3.7071 0.0 0.074 0.0 0.42426 988.0 2.5 10.0 80.0 5.3071 0.0 0.0 -1.526 0.36056 984.0 2.2541 9.0 84.0 6.7071 0.0 0.0 -2.526 0.22361 978.0 2.0591 8.0 
0.09928 226.43256 46.0 550.0 1.0 81.0 0.0 -2.0929 3.774 0.0 0.67082 992.0 2.5 13.0 85.0 1.0071 0.0 1.774 0.0 0.5831 988.0 2.5 11.0 84.0 3.5071 0.0 0.0 -0.126 0.5 985.0 2.5 10.0 85.0 5.5071 0.0 0.0 -1.826 0.5 983.0 2.4598 9.0 80.0 7.3071 0.0 0.0 -3.226 0.28284 984.0 2.2541 9.0 
0.10164 116.36837 54.0 551.0 1.0 60.0 0.0 -0.6929 1.874 0.0 0.28284 994.0 1.9352 13.0 62.0 0.7071 0.0 0.774 0.0 0.31623 993.0 1.9631 12.0 62.0 2.2071 0.0 0.0 -0.126 0.22361 993.0 1.9631 12.0 62.0 3.5071 0.0 0.0 -0.826 0.31623 992.0 1.8696 12.0 64.0 4.9071 0.0 0.0 -1.426 0.31623 991.0 1.9016 12.0 
0.07598 218.1286 47.0 552.0 1.0 54.0 0.5071 0.0 3.574 0.0 0.63246 1000.0 2.291 17.0 52.0 1.9071 0.0 0.474 0.0 0.53852 999.0 1.9727 16.0 53.0 3.3071 0.0 0.0 -2.226 0.36056 998.0 1.9127 14.0 54.0 4.6071 0.0 0.0 -4.426 0.36056 996.0 1.752 12.0 60.0 5.8071 0.0 0.0 -6.326 0.42426 994.0 1.9352 14.0 
0.05212 198.15681 45.0 553.0 1.0 49.0 0.0 -1.0929 2.074 0.0 0.4 1000.0 1.8864 18.0 54.0 1.0071 0.0 1.474 0.0 0.41231 999.0 2.1274 17.0 58.0 3.1071 0.0 0.374 0.0 0.5 998.0 2.2906 16.0 64.0 5.3071 0.0 0.0 -1.526 0.5 998.0 2.5 16.0 63.0 7.2071 0.0 0.0 -4.026 0.5831 998.0 2.5 16.0 
0.05857 188.05989 94.0 554.0 1.0 36.0 1.2071 0.0 1.474 0.0 0.22361 1000.0 1.0182 19.0 36.0 1.5071 0.0 0.774 0.0 0.14142 999.0 1.0 18.0 38.0 1.8071 0.0 0.274 0.0 0.1 998.0 1.0 17.0 41.0 2.1071 0.0 0.0 -0.326 0.14142 998.0 1.1446 16.0 45.0 2.7071 0.0 0.0 -0.826 0.14142 997.0 1.2927 15.0 
0.04859 245.98277 47.0 555.0 1.0 53.0 0.0 -1.6929 3.174 0.0 0.44721 1002.0 2.5 24.0 53.0 1.0071 0.0 1.974 0.0 0.44721 1001.0 2.3909 21.0 53.0 3.2071 0.0 0.474 0.0 0.5 1000.0 2.207 19.0 52.0 5.1071 0.0 0.0 -1.126 0.36056 1000.0 2.1245 18.0 49.0 6.8071 0.0 0.0 -2.226 0.36056 1000.0 1.8864 18.0 
0.11206 245.50847 38.0 556.0 1.0 87.0 0.0 -2.9929 3.474 0.0 0.63246 990.0 2.5 11.0 95.0 0.4071 0.0 2.174 0.0 0.63246 985.0 2.5 10.0 109.0 3.8071 0.0 0.774 0.0 0.53852 975.0 2.5 8.0 118.0 7.0071 0.0 0.0 -0.626 0.5831 967.0 2.5 7.0 113.0 9.8071 0.0 0.0 -2.026 0.53852 968.0 2.5 7.0 
0.07891 265.94929 64.0 557.0 1.0 63.0 0.0 -0.8929 2.874 0.0 0.41231 996.0 2.3846 11.0 59.0 1.0071 0.0 2.174 0.0 0.31623 995.0 1.9752 10.0 54.0 2.4071 0.0 1.774 0.0 0.2 995.0 1.6546 10.0 48.0 3.4071 0.0 1.774 0.0 0.2 997.0 1.4708 11.0 41.0 4.1071 0.0 1.874 0.0 0.14142 998.0 1.1446 12.0 
0.11585 119.80528 49.0 558.0 1.0 49.0 0.0 -2.3929 2.374 0.0 0.5 1001.0 2.0436 19.0 49.0 0.1071 0.0 1.074 0.0 0.41231 1001.0 2.0436 17.0 48.0 2.3071 0.0 0.174 0.0 0.31623 1000.0 1.8102 15.0 51.0 4.2071 0.0 0.0 -0.826 0.36056 999.0 1.8976 16.0 57.0 6.1071 0.0 0.0 -2.026 0.28284 997.0 2.074 15.0 
0.26995 64.81358 74.0 559.0 1.0 70.0 0.0 -1.6929 1.374 0.0 0.41231 991.0 2.2749 11.0 79.0 0.1071 0.0 0.574 0.0 0.31623 984.0 2.1981 9.0 85.0 1.6071 0.0 0.0 -0.126 0.31623 978.0 2.1084 8.0 89.0 3.0071 0.0 0.0 -0.626 0.2 974.0 2.0744 8.0 89.0 4.1071 0.0 0.0 -1.026 0.2 972.0 1.9732 7.0 
0.11128 216.33574 40.0 560.0 1.0 86.0 0.0 -2.4929 4.174 0.0 0.78102 992.0 2.5 12.0 87.0 0.8071 0.0 1.774 0.0 0.5831 989.0 2.5 11.0 90.0 3.6071 0.0 0.0 -0.026 0.64031 985.0 2.5 10.0 105.0 6.3071 0.0 0.0 -1.926 0.5 974.0 2.5 8.0 112.0 8.8071 0.0 0.0 -3.426 0.44721 964.0 2.5 7.0 
0.0262 258.85349 97.0 562.0 1.0 49.0 0.9071 0.0 3.074 0.0 0.36056 999.0 1.7517 13.0 45.0 1.8071 0.0 1.474 0.0 0.28284 999.0 1.4773 13.0 41.0 2.7071 0.0 0.474 0.0 0.14142 1000.0 1.3207 13.0 38.0 3.4071 0.0 0.0 -0.126 0.1 1000.0 1.1345 13.0 37.0 4.2071 0.0 0.0 -0.526 0.14142 1000.0 1.0756 14.0 
0.03459 261.47761 59.0 564.0 1.0 52.0 0.0 -0.2929 2.874 0.0 0.22361 996.0 1.6246 14.0 59.0 0.9071 0.0 2.174 0.0 0.31623 994.0 1.8713 12.0 63.0 2.3071 0.0 1.474 0.0 0.28284 992.0 1.9304 12.0 66.0 3.6071 0.0 0.574 0.0 0.36056 991.0 2.0223 11.0 69.0 5.0071 0.0 0.0 -0.426 0.28284 989.0 2.0261 10.0 
0.04808 128.67033 60.0 565.0 1.0 43.0 0.0 -0.1929 2.474 0.0 0.36056 1001.0 1.5738 13.0 43.0 1.0071 0.0 0.574 0.0 0.36056 1000.0 1.4527 11.0 44.0 2.2071 0.0 0.0 -0.826 0.28284 999.0 1.4124 10.0 47.0 3.4071 0.0 0.0 -1.826 0.22361 998.0 1.5041 12.0 54.0 4.8071 0.0 0.0 -2.526 0.2 996.0 1.752 11.0 
0.07228 122.04986 50.0 567.0 1.0 58.0 0.0 -3.4929 0.274 0.0 0.53852 1000.0 2.5 12.0 56.0 0.0 -0.5929 0.0 -0.926 0.53852 1000.0 2.4639 15.0 55.0 1.9071 0.0 0.0 -2.026 0.36056 998.0 2.0598 13.0 58.0 3.9071 0.0 0.0 -3.026 0.36056 995.0 1.9088 11.0 66.0 5.7071 0.0 0.0 -3.926 0.31623 992.0 2.1186 12.0 
0.08518 155.51597 52.0 568.0 1.0 50.0 0.0 -0.3929 2.774 0.0 0.36056 998.0 1.7023 14.0 51.0 1.0071 0.0 0.974 0.0 0.28284 996.0 1.5627 12.0 55.0 2.2071 0.0 0.0 -0.326 0.36056 994.0 1.6261 14.0 65.0 3.6071 0.0 0.0 -1.326 0.31623 989.0 1.798 11.0 83.0 5.2071 0.0 0.0 -2.126 0.31623 982.0 2.2698 11.0 
0.0504 126.3464 208.0 570.0 1.0 47.0 0.0 -2.5929 0.174 0.0 0.44721 1000.0 1.7355 13.0 46.0 0.0 -0.4929 0.0 -1.026 0.36056 1000.0 1.6625 12.0 45.0 1.2071 0.0 0.0 -2.226 0.31623 998.0 1.3789 10.0 46.0 2.6071 0.0 0.0 -3.226 0.22361 997.0 1.3508 9.0 49.0 3.8071 0.0 0.0 -4.026 0.14142 995.0 1.3624 11.0 
0.08892 225.1223 55.0 571.0 1.0 43.0 0.0 -1.4929 0.0 -1.826 0.22361 999.0 1.3489 14.0 48.0 0.0 -0.0929 0.0 -2.026 0.3 998.0 1.5688 14.0 58.0 1.5071 0.0 0.0 -1.726 0.22361 995.0 1.9088 13.0 65.0 3.0071 0.0 0.0 -1.126 0.31623 992.0 2.0549 12.0 67.0 4.7071 0.0 0.0 -0.926 0.3 991.0 2.0841 11.0 
0.08183 227.10248 40.0 572.0 1.0 73.0 0.0 -1.6929 4.474 0.0 0.84853 998.0 2.5 15.0 73.0 1.3071 0.0 1.574 0.0 0.64031 996.0 2.5 15.0 74.0 3.9071 0.0 0.0 -0.726 0.5831 994.0 2.5 13.0 80.0 6.4071 0.0 0.0 -2.726 0.5 990.0 2.5 11.0 83.0 8.7071 0.0 0.0 -4.126 0.36056 986.0 2.5 10.0 
0.08992 257.74158 47.0 573.0 1.0 73.0 0.0 -0.9929 3.774 0.0 0.64031 996.0 2.5 14.0 71.0 1.7071 0.0 1.574 0.0 0.5 995.0 2.5 13.0 67.0 3.8071 0.0 0.0 -0.426 0.42426 995.0 2.5 13.0 63.0 5.6071 0.0 0.0 -2.126 0.42426 995.0 2.2521 13.0 58.0 7.2071 0.0 0.0 -3.526 0.36056 996.0 2.0211 14.0 
0.07729 192.1136 57.0 574.0 1.0 44.0 0.2071 0.0 2.174 0.0 0.14142 997.0 1.2359 15.0 50.0 0.9071 0.0 1.474 0.0 0.22361 995.0 1.4186 14.0 57.0 2.1071 0.0 0.674 0.0 0.22361 994.0 1.7465 13.0 60.0 3.4071 0.0 0.0 -0.226 0.22361 993.0 1.8385 12.0 62.0 4.6071 0.0 0.0 -1.026 0.22361 991.0 1.7846 12.0 
0.08766 305.55795 49.0 576.0 1.0 73.0 0.0 -1.6929 3.674 0.0 0.53852 995.0 2.5 14.0 80.0 1.2071 0.0 2.474 0.0 0.44721 990.0 2.5 11.0 81.0 3.4071 0.0 1.074 0.0 0.36056 986.0 2.4819 10.0 88.0 5.1071 0.0 0.0 -0.326 0.36056 979.0 2.3263 8.0 97.0 6.6071 0.0 0.0 -1.626 0.36056 971.0 2.2881 7.0 
0.06662 245.42515 65.0 578.0 1.0 82.0 0.8071 0.0 3.274 0.0 0.31623 984.0 2.3682 15.0 83.0 1.8071 0.0 1.274 0.0 0.28284 981.0 2.1988 14.0 87.0 2.7071 0.0 0.0 -0.226 0.28284 977.0 2.1474 13.0 94.0 3.7071 0.0 0.0 -1.526 0.28284 971.0 2.1488 12.0 104.0 4.8071 0.0 0.0 -2.626 0.28284 962.0 2.1661 10.0 
0.03154 226.37542 54.0 579.0 1.0 52.0 0.0 -0.3929 3.874 0.0 0.5831 1001.0 2.3015 13.0 49.0 1.5071 0.0 1.374 0.0 0.42426 1001.0 2.0436 17.0 49.0 3.1071 0.0 0.0 -0.726 0.36056 999.0 1.7517 15.0 51.0 4.5071 0.0 0.0 -2.426 0.36056 998.0 1.7711 13.0 54.0 5.9071 0.0 0.0 -3.726 0.28284 996.0 1.752 15.0 
0.09884 285.90003 165.0 580.0 1.0 72.0 0.0 -1.1929 2.874 0.0 0.22361 985.0 1.891 12.0 77.0 0.0 -0.0929 2.574 0.0 0.2 981.0 1.8924 11.0 76.0 0.9071 0.0 2.574 0.0 0.1 982.0 1.903 11.0 72.0 1.8071 0.0 2.574 0.0 0.2 983.0 1.7649 12.0 68.0 2.6071 0.0 2.574 0.0 0.14142 985.0 1.6867 12.0 
0.06084 287.44942 74.0 581.0 1.0 48.0 0.7071 0.0 2.774 0.0 0.14142 996.0 1.3843 14.0 50.0 1.4071 0.0 2.174 0.0 0.1 995.0 1.4186 13.0 54.0 2.2071 0.0 1.874 0.0 0.2 994.0 1.5675 13.0 56.0 3.2071 0.0 1.674 0.0 0.22361 993.0 1.6015 12.0 57.0 4.2071 0.0 1.374 0.0 0.22361 992.0 1.5802 12.0 
0.36077 67.73423 52.0 582.0 1.0 73.0 0.0 -2.3929 2.474 0.0 0.5 993.0 2.5 13.0 81.0 0.2071 0.0 0.574 0.0 0.44721 987.0 2.5 11.0 91.0 2.4071 0.0 0.0 -0.926 0.36056 980.0 2.5 11.0 98.0 4.3071 0.0 0.0 -2.226 0.36056 972.0 2.3925 10.0 109.0 5.9071 0.0 0.0 -3.126 0.31623 955.0 2.0922 6.0 
0.02177 260.97246 59.0 583.0 1.0 53.0 0.0 -3.3929 0.0 -0.326 0.5 999.0 2.0493 11.0 54.0 0.0 -1.1929 0.0 -2.026 0.44721 997.0 1.8615 10.0 55.0 0.9071 0.0 0.0 -2.726 0.31623 996.0 1.8174 12.0 61.0 2.7071 0.0 0.0 -2.926 0.3 991.0 1.7275 9.0 73.0 4.3071 0.0 0.0 -2.826 0.31623 986.0 2.0159 10.0 
0.03064 189.42489 72.0 584.0 1.0 49.0 0.6071 0.0 3.274 0.0 0.53852 1000.0 1.8864 13.0 46.0 1.6071 0.0 0.574 0.0 0.44721 1000.0 1.6625 12.0 44.0 2.5071 0.0 0.0 -1.426 0.36056 999.0 1.4124 11.0 45.0 3.4071 0.0 0.0 -3.026 0.22361 998.0 1.3789 13.0 49.0 4.4071 0.0 0.0 -4.026 0.22361 995.0 1.3624 11.0 
0.07262 142.73178 74.0 585.0 1.0 70.0 0.0 -0.7929 2.574 0.0 0.28284 991.0 2.2749 11.0 73.0 0.7071 0.0 1.074 0.0 0.36056 988.0 2.1772 10.0 75.0 2.1071 0.0 0.0 -0.126 0.22361 985.0 2.0519 9.0 78.0 3.2071 0.0 0.0 -0.926 0.22361 981.0 1.9419 9.0 76.0 4.1071 0.0 0.0 -1.426 0.1 981.0 1.8436 8.0 
0.10745 94.49135 53.0 586.0 1.0 44.0 0.0 -0.7929 2.574 0.0 0.5 1000.0 1.5211 13.0 45.0 0.7071 0.0 0.474 0.0 0.44721 999.0 1.4773 12.0 46.0 2.1071 0.0 0.0 -1.626 0.44721 998.0 1.4408 11.0 48.0 3.4071 0.0 0.0 -3.626 0.44721 998.0 1.5688 14.0 52.0 4.8071 0.0 0.0 -5.426 0.42426 996.0 1.6246 13.0 
0.03435 279.22064 60.0 587.0 1.0 51.0 1.0071 0.0 3.374 0.0 0.44721 999.0 1.8976 18.0 49.0 2.1071 0.0 1.374 0.0 0.36056 999.0 1.7517 18.0 48.0 3.2071 0.0 0.0 -0.226 0.28284 999.0 1.6809 17.0 49.0 4.3071 0.0 0.0 -1.426 0.28284 998.0 1.6349 16.0 50.0 5.4071 0.0 0.0 -2.326 0.22361 997.0 1.5959 15.0 
0.1724 116.7183 48.0 588.0 1.0 60.0 0.0 -1.4929 2.574 0.0 0.56569 999.0 2.5 14.0 62.0 0.8071 0.0 0.674 0.0 0.44721 996.0 2.3095 12.0 66.0 3.0071 0.0 0.0 -0.626 0.41231 994.0 2.3416 13.0 73.0 5.0071 0.0 0.0 -1.226 0.31623 989.0 2.2679 10.0 80.0 6.7071 0.0 0.0 -1.726 0.22361 983.0 2.1789 9.0 
0.09776 262.79555 255.0 589.0 1.0 67.0 0.0 -0.1929 3.274 0.0 0.28284 991.0 2.0841 12.0 75.0 1.3071 0.0 1.974 0.0 0.36056 985.0 2.0519 10.0 80.0 2.7071 0.0 0.974 0.0 0.22361 981.0 2.0427 9.0 85.0 4.0071 0.0 0.174 0.0 0.14142 975.0 1.942 8.0 93.0 5.0071 0.0 0.0 -0.226 0.22361 968.0 1.9631 7.0 
0.20492 53.94034 63.0 590.0 1.0 36.0 0.0 -1.0929 1.274 0.0 0.28284 1000.0 1.0182 17.0 42.0 0.1071 0.0 0.474 0.0 0.31623 999.0 1.2869 15.0 48.0 1.7071 0.0 0.174 0.0 0.31623 997.0 1.4708 13.0 53.0 3.4071 0.0 0.0 -0.126 0.22361 996.0 1.6877 15.0 58.0 4.8071 0.0 0.0 -0.526 0.22361 993.0 1.7179 13.0 
0.06988 210.69561 72.0 591.0 1.0 61.0 0.4071 0.0 2.274 0.0 0.22361 992.0 1.8098 12.0 64.0 1.4071 0.0 1.274 0.0 0.28284 990.0 1.8189 11.0 66.0 2.5071 0.0 0.374 0.0 0.14142 988.0 1.7796 10.0 69.0 3.4071 0.0 0.0 -0.426 0.22361 986.0 1.801 10.0 73.0 4.1071 0.0 0.0 -1.226 0.22361 983.0 1.8143 9.0 
0.1513 92.42951 58.0 592.0 1.0 50.0 0.0 -1.3929 2.274 0.0 0.36056 998.0 1.7023 14.0 56.0 0.3071 0.0 0.774 0.0 0.36056 997.0 2.0019 16.0 62.0 2.1071 0.0 0.0 -0.226 0.36056 994.0 2.0664 13.0 65.0 3.8071 0.0 0.0 -1.026 0.31623 991.0 1.9615 12.0 71.0 5.3071 0.0 0.0 -1.526 0.2 986.0 1.9069 10.0 
0.03839 112.86066 55.0 593.0 1.0 55.0 0.0 -2.9929 1.274 0.0 0.56569 1000.0 2.3767 11.0 55.0 0.0 -0.5929 0.0 -0.826 0.42426 999.0 2.2069 14.0 56.0 1.5071 0.0 0.0 -2.426 0.36056 997.0 2.0019 12.0 59.0 3.4071 0.0 0.0 -3.426 0.31623 994.0 1.8713 10.0 67.0 5.1071 0.0 0.0 -3.926 0.2 990.0 1.9935 11.0 
0.02533 227.10248 48.0 594.0 1.0 54.0 0.0 -0.5929 3.774 0.0 0.5 1001.0 2.4819 20.0 54.0 1.3071 0.0 1.574 0.0 0.42426 1000.0 2.291 18.0 53.0 3.2071 0.0 0.0 -0.026 0.44721 1000.0 2.207 18.0 50.0 5.1071 0.0 0.0 -1.126 0.31623 1000.0 1.9642 18.0 46.0 6.8071 0.0 0.0 -1.926 0.36056 1000.0 1.6625 19.0 
0.03603 302.817 54.0 595.0 1.0 63.0 0.0 -0.0929 3.774 0.0 0.36056 993.0 2.0269 17.0 71.0 1.5071 0.0 2.274 0.0 0.36056 990.0 2.2386 18.0 81.0 3.1071 0.0 1.174 0.0 0.22361 982.0 2.1617 15.0 95.0 4.5071 0.0 0.374 0.0 0.22361 970.0 2.1437 12.0 115.0 5.8071 0.0 0.0 -0.426 0.22361 951.0 2.1787 9.0 
0.08172 133.67766 200.0 596.0 1.0 38.0 0.8071 0.0 1.574 0.0 0.2 1000.0 1.1345 19.0 40.0 1.1071 0.0 0.474 0.0 0.22361 999.0 1.1673 18.0 43.0 1.5071 0.0 0.0 -0.426 0.14142 997.0 1.1803 16.0 44.0 1.9071 0.0 0.0 -0.826 0.1 996.0 1.1632 14.0 49.0 2.5071 0.0 0.0 -0.726 0.14142 995.0 1.3624 13.0 
0.0712 209.28038 71.0 597.0 1.0 50.0 0.0 -1.7929 2.474 0.0 0.41231 1000.0 1.9642 20.0 51.0 0.2071 0.0 1.874 0.0 0.3 999.0 1.8976 17.0 51.0 1.8071 0.0 1.674 0.0 0.3 998.0 1.7711 16.0 49.0 3.2071 0.0 1.474 0.0 0.2 998.0 1.6349 15.0 46.0 4.3071 0.0 1.374 0.0 0.2 998.0 1.4408 15.0 
0.17226 119.24761 97.0 599.0 1.0 45.0 0.9071 0.0 0.674 0.0 0.14142 995.0 1.149 13.0 46.0 1.0071 0.0 0.374 0.0 0.1 994.0 1.1375 13.0 49.0 1.2071 0.0 0.174 0.0 0.1 993.0 1.2262 12.0 50.0 1.5071 0.0 0.074 0.0 0.0 992.0 1.2159 12.0 52.0 1.8071 0.0 0.074 0.0 0.1 992.0 1.3151 12.0 
0.05644 176.88004 54.0 600.0 1.0 56.0 0.0 -0.8929 2.874 0.0 0.42426 996.0 1.8841 13.0 58.0 0.8071 0.0 1.374 0.0 0.36056 994.0 1.8084 14.0 64.0 2.3071 0.0 0.374 0.0 0.31623 991.0 1.9016 15.0 76.0 3.8071 0.0 0.0 -0.326 0.3 984.0 2.0343 12.0 91.0 5.4071 0.0 0.0 -0.726 0.22361 974.0 2.1687 10.0 
0.03474 279.34593 157.0 601.0 1.0 40.0 0.0 -2.8929 0.0 -0.826 0.36056 1000.0 1.2571 12.0 42.0 0.0 -1.4929 0.0 -2.026 0.28284 999.0 1.2869 11.0 44.0 0.0 -0.0929 0.0 -2.726 0.22361 998.0 1.3183 10.0 48.0 1.3071 0.0 0.0 -2.926 0.2 997.0 1.4708 12.0 56.0 2.6071 0.0 0.0 -2.726 0.22361 992.0 1.5252 10.0 
0.10343 285.18115 56.0 602.0 1.0 68.0 0.0 -2.9929 2.574 0.0 0.4 993.0 2.3614 12.0 81.0 0.0 -0.6929 2.474 0.0 0.41231 987.0 2.5 10.0 80.0 1.4071 0.0 2.874 0.0 0.31623 986.0 2.421 10.0 70.0 3.2071 0.0 3.174 0.0 0.31623 990.0 2.176 11.0 63.0 4.8071 0.0 2.774 0.0 0.31623 993.0 2.0269 12.0 
0.03818 308.14341 57.0 603.0 1.0 49.0 0.0 -1.7929 2.974 0.0 0.3 1000.0 1.8864 18.0 50.0 0.1071 0.0 2.774 0.0 0.3 999.0 1.8239 17.0 50.0 1.8071 0.0 3.074 0.0 0.31623 999.0 1.8239 17.0 48.0 3.5071 0.0 3.574 0.0 0.22361 999.0 1.6809 17.0 45.0 4.9071 0.0 4.174 0.0 0.22361 999.0 1.4773 18.0 
0.0804 195.01871 69.0 605.0 1.0 51.0 0.2071 0.0 2.274 0.0 0.28284 998.0 1.7711 16.0 49.0 1.3071 0.0 1.174 0.0 0.14142 997.0 1.5327 15.0 47.0 2.1071 0.0 0.574 0.0 0.2 997.0 1.4101 15.0 47.0 2.9071 0.0 0.174 0.0 0.1 997.0 1.4101 15.0 48.0 3.8071 0.0 0.0 -0.126 0.14142 997.0 1.4708 15.0 
0.09964 189.09548 66.0 606.0 1.0 72.0 0.0 -0.4929 2.774 0.0 0.36056 990.0 2.3021 18.0 74.0 1.0071 0.0 1.374 0.0 0.36056 988.0 2.2372 17.0 77.0 2.4071 0.0 0.074 0.0 0.36056 985.0 2.1628 15.0 82.0 3.6071 0.0 0.0 -1.126 0.28284 980.0 2.0811 14.0 90.0 4.7071 0.0 0.0 -2.026 0.22361 973.0 2.0683 12.0 
0.17834 116.36837 56.0 608.0 1.0 59.0 0.0 -0.8929 2.874 0.0 0.5 996.0 2.0914 16.0 64.0 0.7071 0.0 0.774 0.0 0.5 993.0 2.0918 15.0 71.0 2.3071 0.0 0.0 -0.826 0.42426 989.0 2.1453 14.0 79.0 3.9071 0.0 0.0 -1.926 0.31623 983.0 2.1248 12.0 90.0 5.4071 0.0 0.0 -2.326 0.2 973.0 2.0683 10.0 
0.18574 67.73423 56.0 609.0 1.0 50.0 0.0 -1.2929 1.674 0.0 0.36056 998.0 1.7023 13.0 53.0 0.2071 0.0 0.574 0.0 0.22361 997.0 1.7931 15.0 60.0 1.6071 0.0 0.0 -0.026 0.31623 993.0 1.8385 12.0 67.0 3.1071 0.0 0.0 -0.526 0.3 990.0 1.9935 11.0 77.0 4.7071 0.0 0.0 -0.726 0.2 984.0 2.0882 9.0 
0.05647 257.5833 58.0 610.0 1.0 65.0 0.6071 0.0 2.574 0.0 0.28284 988.0 1.7261 10.0 72.0 1.6071 0.0 1.674 0.0 0.22361 985.0 1.891 9.0 79.0 2.7071 0.0 1.074 0.0 0.22361 980.0 1.9316 8.0 89.0 3.9071 0.0 0.674 0.0 0.2 972.0 1.9732 7.0 97.0 5.0071 0.0 0.574 0.0 0.2 965.0 2.0021 7.0 
0.18757 36.84572 67.0 611.0 1.0 47.0 0.0 -0.6929 2.374 0.0 0.41231 1000.0 1.7355 12.0 46.0 0.3071 0.0 0.0 -0.126 0.36056 999.0 1.5437 11.0 46.0 1.5071 0.0 0.0 -1.826 0.36056 998.0 1.4408 10.0 49.0 2.7071 0.0 0.0 -3.126 0.28284 997.0 1.5327 12.0 56.0 4.0071 0.0 0.0 -3.926 0.22361 993.0 1.6015 10.0 
0.12755 98.73925 80.0 612.0 1.0 51.0 0.2071 0.0 1.274 0.0 0.22361 996.0 1.5627 14.0 49.0 0.8071 0.0 0.374 0.0 0.14142 996.0 1.4425 14.0 49.0 1.4071 0.0 0.0 -0.126 0.22361 996.0 1.4425 14.0 47.0 2.2071 0.0 0.0 -0.626 0.14142 996.0 1.3272 14.0 45.0 2.8071 0.0 0.0 -1.226 0.14142 997.0 1.2927 15.0 
0.0761 212.87897 91.0 613.0 1.0 59.0 1.0071 0.0 2.374 0.0 0.31623 994.0 1.8713 21.0 59.0 1.7071 0.0 0.874 0.0 0.28284 993.0 1.7777 20.0 59.0 2.6071 0.0 0.0 -0.226 0.14142 992.0 1.693 19.0 61.0 3.5071 0.0 0.0 -0.826 0.14142 991.0 1.7275 18.0 63.0 4.3071 0.0 0.0 -1.326 0.22361 989.0 1.6891 17.0 
0.05473 232.11335 102.0 614.0 1.0 52.0 0.2071 0.0 2.674 0.0 0.28284 996.0 1.6246 14.0 53.0 1.1071 0.0 1.774 0.0 0.22361 995.0 1.5939 13.0 54.0 2.2071 0.0 1.474 0.0 0.14142 994.0 1.5675 13.0 54.0 3.1071 0.0 1.474 0.0 0.22361 994.0 1.5675 13.0 52.0 4.0071 0.0 1.874 0.0 0.14142 994.0 1.4536 13.0 
0.11033 247.0314 130.0 615.0 1.0 43.0 0.4071 0.0 2.374 0.0 0.14142 997.0 1.1803 15.0 43.0 0.8071 0.0 2.074 0.0 0.1 996.0 1.1109 14.0 44.0 1.1071 0.0 2.074 0.0 0.1 995.0 1.0985 14.0 45.0 1.3071 0.0 1.974 0.0 0.0 995.0 1.149 13.0 45.0 1.4071 0.0 1.874 0.0 0.1 994.0 1.0886 13.0 
0.08774 197.65626 49.0 616.0 1.0 60.0 0.0 -1.8929 2.974 0.0 0.44721 998.0 2.4513 13.0 64.0 0.6071 0.0 1.674 0.0 0.44721 996.0 2.4609 15.0 70.0 2.9071 0.0 0.874 0.0 0.41231 993.0 2.5 12.0 73.0 4.9071 0.0 0.374 0.0 0.31623 989.0 2.2679 10.0 75.0 6.5071 0.0 0.074 0.0 0.3 986.0 2.1279 9.0 
0.04306 289.11412 52.0 617.0 1.0 91.0 0.3071 0.0 3.574 0.0 0.42426 979.0 2.4876 11.0 95.0 1.9071 0.0 1.774 0.0 0.36056 974.0 2.3636 10.0 101.0 3.3071 0.0 0.474 0.0 0.36056 966.0 2.2168 9.0 117.0 4.7071 0.0 0.0 -0.326 0.22361 949.0 2.1846 7.0 133.0 6.1071 0.0 0.0 -0.726 0.22361 931.0 2.2033 6.0 
0.08241 305.55795 60.0 619.0 1.0 65.0 0.0 -0.1929 3.174 0.0 0.31623 991.0 1.9615 12.0 71.0 1.2071 0.0 2.474 0.0 0.22361 987.0 1.9803 10.0 80.0 2.5071 0.0 1.774 0.0 0.22361 981.0 2.0427 9.0 89.0 3.8071 0.0 1.174 0.0 0.22361 974.0 2.0744 8.0 92.0 4.9071 0.0 0.574 0.0 0.22361 970.0 2.0104 7.0 
0.09696 163.93864 69.0 620.0 1.0 62.0 0.0 -1.3929 2.274 0.0 0.28284 993.0 1.9631 12.0 72.0 0.0 -0.0929 1.474 0.0 0.3 986.0 1.961 10.0 82.0 1.3071 0.0 1.474 0.0 0.31623 980.0 2.0811 8.0 84.0 2.8071 0.0 1.874 0.0 0.22361 979.0 2.1196 8.0 77.0 4.1071 0.0 2.374 0.0 0.22361 983.0 2.0186 9.0 
0.02335 279.22064 56.0 623.0 1.0 66.0 0.8071 0.0 3.474 0.0 0.44721 994.0 2.3416 13.0 66.0 2.1071 0.0 1.374 0.0 0.36056 993.0 2.2245 12.0 68.0 3.4071 0.0 0.0 -0.326 0.28284 990.0 2.0534 11.0 74.0 4.6071 0.0 0.0 -1.426 0.28284 985.0 1.9975 10.0 85.0 5.8071 0.0 0.0 -2.226 0.22361 976.0 1.9944 8.0 
0.18297 242.72191 81.0 624.0 1.0 63.0 0.0 -2.3929 1.974 0.0 0.3 990.0 1.7625 9.0 80.0 0.0 -0.6929 2.074 0.0 0.31623 982.0 2.1086 9.0 98.0 0.9071 0.0 2.674 0.0 0.36056 969.0 2.2294 7.0 104.0 2.2071 0.0 3.674 0.0 0.22361 962.0 2.1661 6.0 92.0 3.0071 0.0 4.774 0.0 0.14142 970.0 2.0104 7.0 
0.02902 297.06318 59.0 626.0 1.0 55.0 0.6071 0.0 3.274 0.0 0.28284 996.0 1.8174 15.0 54.0 1.8071 0.0 1.974 0.0 0.28284 995.0 1.6546 14.0 53.0 3.0071 0.0 0.974 0.0 0.22361 995.0 1.5939 14.0 52.0 4.2071 0.0 0.274 0.0 0.14142 995.0 1.5343 14.0 51.0 5.3071 0.0 0.0 -0.026 0.1 995.0 1.4759 14.0 
0.18789 110.53094 65.0 627.0 1.0 72.0 0.0 -1.9929 2.174 0.0 0.44721 992.0 2.5 10.0 77.0 0.2071 0.0 0.974 0.0 0.31623 987.0 2.3291 10.0 88.0 1.9071 0.0 0.274 0.0 0.31623 976.0 2.1377 8.0 94.0 3.3071 0.0 0.0 -0.226 0.22361 968.0 2.0055 7.0 109.0 4.4071 0.0 0.0 -0.726 0.22361 953.0 2.0225 6.0 
0.20776 64.54308 98.0 628.0 1.0 39.0 0.0 -0.6929 0.374 0.0 0.1 998.0 1.0357 16.0 45.0 0.0 -0.0929 0.574 0.0 0.14142 996.0 1.2166 14.0 50.0 0.5071 0.0 0.974 0.0 0.1 994.0 1.3439 13.0 56.0 1.2071 0.0 1.374 0.0 0.22361 992.0 1.5252 12.0 60.0 2.1071 0.0 1.874 0.0 0.22361 991.0 1.6713 11.0 
0.05137 270.80238 85.0 629.0 1.0 57.0 0.1071 0.0 2.774 0.0 0.22361 993.0 1.6592 12.0 60.0 1.1071 0.0 2.174 0.0 0.22361 991.0 1.6713 11.0 63.0 2.1071 0.0 1.674 0.0 0.14142 990.0 1.7625 11.0 62.0 2.9071 0.0 1.174 0.0 0.22361 989.0 1.6359 11.0 59.0 3.7071 0.0 0.774 0.0 0.1 990.0 1.5458 11.0 
0.03602 214.9989 56.0 630.0 1.0 54.0 0.0 -3.4929 0.574 0.0 0.56569 999.0 2.1274 13.0 57.0 0.0 -1.1929 0.0 -1.526 0.42426 997.0 2.074 14.0 58.0 0.9071 0.0 0.0 -2.826 0.41231 995.0 1.9088 12.0 62.0 2.9071 0.0 0.0 -3.626 0.36056 992.0 1.8696 11.0 72.0 4.6071 0.0 0.0 -4.326 0.31623 985.0 1.891 10.0 
0.08867 219.05074 60.0 632.0 1.0 76.0 0.0 -0.2929 3.174 0.0 0.5 989.0 2.4581 11.0 70.0 1.5071 0.0 1.274 0.0 0.28284 989.0 2.0853 12.0 67.0 2.9071 0.0 0.0 -0.326 0.28284 989.0 1.9104 11.0 81.0 4.1071 0.0 0.0 -1.626 0.22361 977.0 1.8615 9.0 105.0 5.2071 0.0 0.0 -2.526 0.22361 958.0 2.0474 8.0 
0.08495 242.41105 49.0 633.0 1.0 54.0 0.8071 0.0 3.674 0.0 0.63246 1000.0 2.291 16.0 53.0 2.1071 0.0 0.574 0.0 0.53852 999.0 2.0493 15.0 54.0 3.5071 0.0 0.0 -1.926 0.44721 998.0 1.9855 13.0 57.0 5.1071 0.0 0.0 -3.826 0.28284 995.0 1.8436 11.0 61.0 6.6071 0.0 0.0 -5.026 0.36056 994.0 2.0003 13.0 
0.07414 155.51597 161.0 634.0 1.0 73.0 0.0 -0.2929 2.174 0.0 0.36056 987.0 2.0934 10.0 69.0 1.0071 0.0 0.974 0.0 0.22361 987.0 1.8703 10.0 65.0 2.0071 0.0 0.074 0.0 0.28284 988.0 1.7261 11.0 61.0 2.9071 0.0 0.0 -0.826 0.14142 989.0 1.5836 11.0 61.0 3.7071 0.0 0.0 -1.426 0.14142 986.0 1.4076 8.0 
0.06436 247.43208 66.0 635.0 1.0 51.0 0.0 -0.2929 3.274 0.0 0.36056 999.0 1.8976 23.0 51.0 1.2071 0.0 1.874 0.0 0.22361 998.0 1.7711 21.0 51.0 2.6071 0.0 1.174 0.0 0.31623 998.0 1.7711 20.0 50.0 4.0071 0.0 0.774 0.0 0.22361 997.0 1.5959 20.0 48.0 5.2071 0.0 0.574 0.0 0.2 997.0 1.4708 20.0 
0.06595 293.6286 51.0 636.0 1.0 61.0 0.0 -1.4929 3.874 0.0 0.5831 1001.0 2.5 21.0 60.0 1.5071 0.0 2.174 0.0 0.53852 1000.0 2.5 19.0 54.0 3.8071 0.0 0.774 0.0 0.42426 1000.0 2.291 18.0 49.0 5.5071 0.0 0.0 -0.426 0.28284 999.0 1.7517 18.0 45.0 6.8071 0.0 0.0 -1.226 0.22361 999.0 1.4773 17.0 
0.12335 229.08438 317.0 637.0 1.0 83.0 0.0 -0.9929 3.074 0.0 0.5 988.0 2.5 17.0 87.0 1.2071 0.0 1.674 0.0 0.44721 982.0 2.4938 14.0 94.0 3.1071 0.0 0.674 0.0 0.31623 974.0 2.3141 12.0 103.0 4.7071 0.0 0.074 0.0 0.3 965.0 2.2574 11.0 107.0 6.2071 0.0 0.074 0.0 0.2 956.0 2.0515 9.0 
0.29863 61.36266 60.0 639.0 1.0 59.0 0.0 -1.7929 1.674 0.0 0.5 997.0 2.2221 12.0 64.0 0.4071 0.0 0.374 0.0 0.36056 993.0 2.0918 10.0 70.0 2.3071 0.0 0.0 -0.526 0.31623 990.0 2.176 11.0 80.0 4.0071 0.0 0.0 -0.926 0.22361 980.0 1.9808 9.0 97.0 5.2071 0.0 0.0 -1.026 0.2 964.0 1.9612 7.0 
0.04089 127.09216 58.0 640.0 1.0 47.0 0.0 -2.4929 1.274 0.0 0.5 1000.0 1.7355 12.0 48.0 0.0 -0.7929 0.0 -0.826 0.36056 999.0 1.6809 11.0 49.0 0.8071 0.0 0.0 -2.426 0.36056 998.0 1.6349 14.0 53.0 2.4071 0.0 0.0 -3.426 0.31623 996.0 1.6877 11.0 60.0 4.0071 0.0 0.0 -3.826 0.3 992.0 1.7509 9.0 
0.10669 236.14911 110.0 641.0 1.0 78.0 0.0 -0.3929 2.474 0.0 0.22361 984.0 2.1428 15.0 78.0 1.0071 0.0 1.874 0.0 0.22361 983.0 2.0713 15.0 74.0 2.2071 0.0 1.274 0.0 0.22361 984.0 1.9286 15.0 67.0 3.1071 0.0 0.674 0.0 0.14142 986.0 1.6981 16.0 60.0 3.7071 0.0 0.174 0.0 0.14142 989.0 1.5321 17.0 
0.08175 287.44942 54.0 642.0 1.0 56.0 0.0071 0.0 3.374 0.0 0.36056 997.0 2.0019 15.0 55.0 1.4071 0.0 2.174 0.0 0.31623 997.0 1.931 15.0 53.0 2.8071 0.0 1.174 0.0 0.22361 997.0 1.7931 14.0 53.0 4.1071 0.0 0.474 0.0 0.22361 997.0 1.7931 14.0 51.0 5.4071 0.0 0.0 -0.026 0.3 997.0 1.6604 15.0 
0.13101 107.02187 74.0 643.0 1.0 36.0 0.0 -0.0929 1.574 0.0 0.1 999.0 1.0 14.0 41.0 0.4071 0.0 0.874 0.0 0.22361 998.0 1.1446 17.0 49.0 1.2071 0.0 0.574 0.0 0.2 995.0 1.3624 14.0 55.0 2.2071 0.0 0.574 0.0 0.2 993.0 1.5448 12.0 61.0 3.3071 0.0 0.874 0.0 0.22361 991.0 1.7275 11.0 
0.02314 183.87599 55.0 644.0 1.0 62.0 0.0 -3.5929 1.374 0.0 0.64031 998.0 2.5 14.0 65.0 0.0 -0.9929 0.0 -1.326 0.5 996.0 2.5 12.0 67.0 1.4071 0.0 0.0 -3.226 0.44721 992.0 2.1833 10.0 73.0 3.6071 0.0 0.0 -4.326 0.31623 988.0 2.1772 11.0 85.0 5.5071 0.0 0.0 -4.726 0.3 980.0 2.2362 11.0 
0.08069 226.22841 65.0 646.0 1.0 61.0 0.0 -0.8929 2.474 0.0 0.22361 993.0 1.9003 16.0 61.0 0.5071 0.0 1.974 0.0 0.2 992.0 1.8098 15.0 60.0 1.8071 0.0 1.874 0.0 0.3 992.0 1.7509 15.0 59.0 3.1071 0.0 2.074 0.0 0.2 993.0 1.7777 16.0 57.0 4.3071 0.0 2.374 0.0 0.2 993.0 1.6592 16.0 
0.18775 61.36266 56.0 647.0 1.0 52.0 0.0 -1.2929 2.374 0.0 0.5 998.0 1.8412 10.0 54.0 0.4071 0.0 0.374 0.0 0.36056 997.0 1.8615 13.0 57.0 2.1071 0.0 0.0 -0.826 0.31623 994.0 1.7465 11.0 65.0 3.8071 0.0 0.0 -1.426 0.22361 991.0 1.9615 12.0 77.0 5.3071 0.0 0.0 -1.726 0.2 983.0 2.0186 9.0 
0.19117 61.36266 53.0 648.0 1.0 49.0 0.0 -1.2929 2.974 0.0 0.5831 1002.0 2.2294 19.0 48.0 0.4071 0.0 0.374 0.0 0.42426 1001.0 1.961 17.0 47.0 2.2071 0.0 0.0 -1.326 0.42426 1000.0 1.7355 16.0 49.0 4.0071 0.0 0.0 -2.626 0.31623 999.0 1.7517 19.0 50.0 5.7071 0.0 0.0 -3.426 0.22361 998.0 1.7023 17.0 
0.02501 270.5962 67.0 650.0 1.0 59.0 0.0 -3.7929 0.0 -0.326 0.56569 998.0 2.3703 13.0 58.0 0.0 -1.1929 0.0 -2.126 0.5 997.0 2.1474 13.0 56.0 0.9071 0.0 0.0 -3.026 0.31623 994.0 1.6858 11.0 60.0 2.6071 0.0 0.0 -3.326 0.3 991.0 1.6713 11.0 72.0 4.1071 0.0 0.0 -3.226 0.31623 983.0 1.7649 10.0 
0.07696 180.14334 85.0 651.0 1.0 32.0 1.3071 0.0 0.0 -1.226 0.14142 1001.0 1.0 16.0 38.0 1.6071 0.0 0.0 -0.226 0.14142 1000.0 1.1345 14.0 41.0 2.0071 0.0 0.874 0.0 0.22361 999.0 1.2264 13.0 42.0 2.3071 0.0 2.274 0.0 0.2 999.0 1.2869 13.0 41.0 2.5071 0.0 3.574 0.0 0.2 999.0 1.2264 13.0 
0.09304 147.73872 59.0 652.0 1.0 54.0 0.0 -0.7929 3.774 0.0 0.5831 1000.0 2.291 12.0 50.0 0.9071 0.0 0.974 0.0 0.5 999.0 1.8239 11.0 48.0 2.4071 0.0 0.0 -1.126 0.36056 998.0 1.5688 10.0 47.0 3.6071 0.0 0.0 -2.726 0.28284 998.0 1.5041 13.0 51.0 4.9071 0.0 0.0 -3.726 0.28284 995.0 1.4759 11.0 
0.06946 207.4164 58.0 653.0 1.0 66.0 0.0 -0.9929 2.674 0.0 0.44721 992.0 2.1186 17.0 74.0 1.0071 0.0 1.574 0.0 0.31623 988.0 2.2372 17.0 82.0 2.6071 0.0 0.574 0.0 0.31623 981.0 2.1462 14.0 93.0 4.1071 0.0 0.0 -0.226 0.22361 971.0 2.1033 12.0 115.0 5.3071 0.0 0.0 -0.926 0.22361 951.0 2.1787 9.0 
0.05049 304.66834 74.0 654.0 1.0 87.0 0.0071 0.0 3.874 0.0 0.5 985.0 2.5 12.0 97.0 1.9071 0.0 1.974 0.0 0.42426 975.0 2.5 10.0 105.0 3.5071 0.0 0.474 0.0 0.28284 964.0 2.2981 9.0 116.0 4.7071 0.0 0.0 -0.726 0.22361 950.0 2.1815 7.0 122.0 5.5071 0.0 0.0 -1.726 0.28284 941.0 2.1114 7.0 
0.04428 242.05755 52.0 659.0 1.0 82.0 0.0 -0.0929 3.674 0.0 0.5 988.0 2.5 14.0 82.0 1.6071 0.0 1.474 0.0 0.42426 985.0 2.4528 12.0 84.0 3.3071 0.0 0.0 -0.026 0.28284 981.0 2.2521 11.0 91.0 4.8071 0.0 0.0 -0.926 0.31623 974.0 2.1687 10.0 101.0 6.2071 0.0 0.0 -1.526 0.22361 964.0 2.1263 9.0 
0.10577 116.36837 72.0 660.0 1.0 61.0 0.0 -0.3929 2.474 0.0 0.36056 995.0 2.1114 13.0 60.0 0.7071 0.0 0.774 0.0 0.28284 994.0 1.9352 13.0 60.0 1.7071 0.0 0.0 -0.226 0.14142 992.0 1.7509 12.0 62.0 2.6071 0.0 0.0 -0.726 0.1 989.0 1.6359 11.0 69.0 3.5071 0.0 0.0 -0.626 0.1 985.0 1.7367 9.0 
0.0768 203.01067 60.0 661.0 1.0 53.0 0.3071 0.0 2.574 0.0 0.22361 997.0 1.7931 15.0 48.0 1.2071 0.0 1.374 0.0 0.22361 998.0 1.5688 15.0 44.0 2.2071 0.0 0.874 0.0 0.14142 998.0 1.3183 16.0 43.0 3.1071 0.0 1.274 0.0 0.22361 999.0 1.3489 17.0 45.0 4.2071 0.0 2.274 0.0 0.28284 1000.0 1.591 18.0 
0.06383 126.5958 74.0 662.0 1.0 44.0 0.7071 0.0 2.174 0.0 0.31623 999.0 1.4124 11.0 42.0 1.1071 0.0 0.274 0.0 0.31623 999.0 1.2869 10.0 43.0 1.8071 0.0 0.0 -1.126 0.22361 998.0 1.259 13.0 46.0 2.8071 0.0 0.0 -2.026 0.14142 996.0 1.2713 8.0 52.0 3.8071 0.0 0.0 -2.526 0.22361 994.0 1.4536 10.0 
0.08143 203.41205 260.0 663.0 1.0 62.0 0.8071 0.0 2.174 0.0 0.22361 991.0 1.7846 15.0 61.0 1.4071 0.0 1.174 0.0 0.22361 989.0 1.5836 14.0 64.0 2.1071 0.0 0.774 0.0 0.1 987.0 1.6091 13.0 70.0 2.8071 0.0 0.674 0.0 0.1 983.0 1.6682 12.0 77.0 3.5071 0.0 0.774 0.0 0.1 974.0 1.5527 8.0 
0.06571 161.61106 83.0 664.0 1.0 52.0 0.7071 0.0 2.474 0.0 0.41231 1000.0 2.1245 18.0 45.0 1.4071 0.0 0.374 0.0 0.31623 1000.0 1.591 18.0 40.0 1.9071 0.0 0.0 -1.026 0.22361 1000.0 1.2571 19.0 35.0 2.4071 0.0 0.0 -1.926 0.14142 1000.0 1.0 19.0 32.0 2.8071 0.0 0.0 -2.326 0.1 1001.0 1.0 20.0 
0.03791 298.71472 58.0 665.0 1.0 53.0 0.7071 0.0 3.174 0.0 0.36056 998.0 1.9127 21.0 52.0 2.1071 0.0 1.674 0.0 0.36056 998.0 1.8412 21.0 49.0 3.6071 0.0 0.574 0.0 0.36056 999.0 1.7517 22.0 46.0 4.9071 0.0 0.0 -0.526 0.28284 999.0 1.5437 23.0 41.0 6.0071 0.0 0.0 -1.626 0.22361 1000.0 1.3207 24.0 
0.07331 171.42247 74.0 666.0 1.0 40.0 0.0 -1.9929 0.0 -0.426 0.28284 1002.0 1.4856 18.0 39.0 0.0 -0.5929 0.0 -1.426 0.31623 1001.0 1.2946 22.0 43.0 0.9071 0.0 0.0 -1.826 0.22361 1000.0 1.4527 19.0 44.0 2.2071 0.0 0.0 -1.926 0.2 999.0 1.4124 17.0 44.0 3.3071 0.0 0.0 -1.826 0.22361 999.0 1.4124 17.0 
0.07738 155.97797 80.0 667.0 1.0 56.0 0.0 -2.1929 0.674 0.0 0.31623 997.0 2.0019 11.0 58.0 0.0 -0.5929 1.274 0.0 0.28284 994.0 1.8084 9.0 57.0 0.4071 0.0 1.974 0.0 0.22361 993.0 1.6592 9.0 56.0 1.3071 0.0 2.474 0.0 0.14142 993.0 1.6015 9.0 53.0 2.0071 0.0 2.874 0.0 0.1 993.0 1.4345 9.0 
0.0528 202.60424 52.0 668.0 1.0 72.0 0.0 -0.0929 3.074 0.0 0.36056 991.0 2.4067 15.0 72.0 1.3071 0.0 1.274 0.0 0.36056 989.0 2.2062 14.0 75.0 2.8071 0.0 0.174 0.0 0.31623 983.0 1.9151 10.0 87.0 4.3071 0.0 0.0 -0.226 0.3 974.0 1.9822 8.0 98.0 5.8071 0.0 0.0 -0.126 0.3 965.0 2.0436 7.0 
0.03542 272.11954 50.0 670.0 1.0 54.0 0.0 -0.4929 2.874 0.0 0.31623 997.0 1.8615 16.0 57.0 1.3071 0.0 2.074 0.0 0.31623 996.0 1.952 14.0 58.0 3.0071 0.0 1.474 0.0 0.31623 995.0 1.9088 14.0 59.0 4.7071 0.0 0.874 0.0 0.2 995.0 1.9752 13.0 59.0 6.2071 0.0 0.474 0.0 0.31623 994.0 1.8713 13.0 
0.02469 305.34255 45.0 671.0 1.0 57.0 0.0 -0.1929 3.874 0.0 0.5 999.0 2.3703 17.0 57.0 1.8071 0.0 2.074 0.0 0.36056 998.0 2.2123 17.0 57.0 3.8071 0.0 0.674 0.0 0.42426 998.0 2.2123 16.0 57.0 5.7071 0.0 0.0 -0.726 0.36056 998.0 2.2123 16.0 55.0 7.5071 0.0 0.0 -1.926 0.28284 997.0 1.931 15.0 
0.07845 179.1179 45.0 672.0 1.0 62.0 0.0 -1.8929 3.574 0.0 0.64031 1000.0 2.5 16.0 62.0 1.1071 0.0 1.174 0.0 0.5831 999.0 2.5 14.0 61.0 3.7071 0.0 0.0 -0.726 0.5 997.0 2.3753 14.0 64.0 5.8071 0.0 0.0 -2.026 0.36056 995.0 2.3242 13.0 64.0 7.5071 0.0 0.0 -2.826 0.22361 992.0 1.9922 12.0 
0.12745 140.27196 119.0 674.0 1.0 46.0 1.1071 0.0 0.774 0.0 0.14142 995.0 1.2007 13.0 45.0 1.2071 0.0 0.374 0.0 0.1 993.0 1.0341 10.0 44.0 1.4071 0.0 0.274 0.0 0.1 993.0 1.0 10.0 46.0 1.6071 0.0 0.374 0.0 0.1 993.0 1.0806 9.0 48.0 1.9071 0.0 0.574 0.0 0.0 993.0 1.1766 9.0 
0.03412 190.88665 62.0 675.0 1.0 60.0 0.0 -2.8929 0.374 0.0 0.56569 996.0 2.1629 12.0 63.0 0.0 -0.7929 0.0 -1.526 0.42426 994.0 2.1336 14.0 69.0 1.2071 0.0 0.0 -2.326 0.41231 989.0 2.0261 12.0 78.0 3.0071 0.0 0.0 -2.426 0.3 983.0 2.0713 12.0 92.0 4.5071 0.0 0.0 -2.526 0.2 971.0 2.0583 9.0 
0.04683 196.48588 49.0 677.0 1.0 87.0 0.0 -0.3929 3.974 0.0 0.67082 988.0 2.5 14.0 86.0 1.4071 0.0 1.074 0.0 0.5 985.0 2.5 12.0 91.0 3.2071 0.0 0.0 -0.626 0.36056 978.0 2.4166 11.0 101.0 5.0071 0.0 0.0 -1.726 0.36056 970.0 2.423 9.0 103.0 6.6071 0.0 0.0 -3.026 0.36056 967.0 2.3556 9.0 
0.19255 14.4498 74.0 678.0 1.0 44.0 0.0 -0.2929 1.574 0.0 0.31623 999.0 1.4124 12.0 44.0 0.1071 0.0 0.074 0.0 0.14142 998.0 1.3183 12.0 51.0 0.7071 0.0 0.0 -0.726 0.14142 995.0 1.4759 10.0 55.0 1.5071 0.0 0.0 -1.226 0.1 993.0 1.5448 9.0 59.0 2.4071 0.0 0.0 -1.526 0.2 992.0 1.693 9.0 
0.03907 218.21274 59.0 679.0 1.0 49.0 1.2071 0.0 2.474 0.0 0.31623 999.0 1.7517 17.0 46.0 1.8071 0.0 0.774 0.0 0.22361 999.0 1.5437 17.0 43.0 2.5071 0.0 0.0 -0.326 0.22361 999.0 1.3489 17.0 41.0 3.2071 0.0 0.0 -1.026 0.14142 999.0 1.2264 17.0 39.0 4.0071 0.0 0.0 -1.326 0.1 999.0 1.1096 17.0 
0.23727 72.25976 56.0 680.0 1.0 78.0 0.0 -1.1929 2.474 0.0 0.44721 988.0 2.4856 10.0 80.0 0.3071 0.0 0.574 0.0 0.36056 985.0 2.3346 9.0 81.0 2.1071 0.0 0.0 -0.526 0.36056 984.0 2.3108 9.0 77.0 3.8071 0.0 0.0 -1.126 0.22361 984.0 2.0882 9.0 75.0 5.2071 0.0 0.0 -1.826 0.22361 985.0 2.0519 9.0 
0.08626 149.12413 163.0 682.0 1.0 59.0 0.0 -0.4929 3.074 0.0 0.5 998.0 2.3703 16.0 57.0 0.8071 0.0 1.074 0.0 0.42426 996.0 1.952 14.0 57.0 2.1071 0.0 0.074 0.0 0.22361 994.0 1.7465 13.0 58.0 3.3071 0.0 0.0 -0.126 0.2 993.0 1.7179 12.0 59.0 4.3071 0.0 0.0 -0.026 0.2 991.0 1.6161 11.0 
0.02238 283.12456 74.0 683.0 1.0 64.0 1.3071 0.0 3.174 0.0 0.31623 992.0 1.9922 12.0 60.0 2.0071 0.0 1.574 0.0 0.28284 992.0 1.7509 12.0 57.0 2.8071 0.0 0.474 0.0 0.14142 992.0 1.5802 12.0 56.0 3.4071 0.0 0.0 -0.226 0.22361 992.0 1.5252 12.0 57.0 4.1071 0.0 0.0 -0.926 0.14142 991.0 1.5084 12.0 
0.09421 161.73528 57.0 684.0 1.0 45.0 0.0 -0.5929 2.674 0.0 0.36056 1000.0 1.591 20.0 46.0 0.7071 0.0 1.274 0.0 0.22361 999.0 1.5437 18.0 48.0 2.0071 0.0 0.674 0.0 0.2 998.0 1.5688 16.0 50.0 3.4071 0.0 0.574 0.0 0.22361 997.0 1.5959 15.0 51.0 4.6071 0.0 0.674 0.0 0.3 996.0 1.5627 14.0 
0.02179 282.87292 73.0 685.0 1.0 73.0 1.0071 0.0 3.374 0.0 0.44721 991.0 2.474 12.0 67.0 2.2071 0.0 1.274 0.0 0.28284 991.0 2.0841 12.0 64.0 3.4071 0.0 0.0 -0.026 0.22361 991.0 1.9016 11.0 63.0 4.4071 0.0 0.0 -0.926 0.22361 990.0 1.7625 11.0 61.0 5.2071 0.0 0.0 -1.626 0.22361 990.0 1.6524 11.0 
0.02527 212.05435 58.0 687.0 1.0 78.0 0.7071 0.0 2.774 0.0 0.31623 985.0 2.2193 9.0 74.0 1.5071 0.0 1.174 0.0 0.28284 986.0 2.0715 10.0 71.0 2.6071 0.0 0.0 -0.026 0.22361 987.0 1.9803 10.0 71.0 3.8071 0.0 0.0 -0.826 0.22361 987.0 1.9803 10.0 65.0 5.1071 0.0 0.0 -1.526 0.22361 991.0 1.9615 11.0 
0.06907 146.70683 85.0 688.0 1.0 63.0 0.0 -0.4929 2.074 0.0 0.28284 991.0 1.8426 11.0 65.0 0.6071 0.0 1.174 0.0 0.22361 989.0 1.798 11.0 69.0 1.7071 0.0 0.774 0.0 0.22361 987.0 1.8703 10.0 72.0 2.8071 0.0 0.574 0.0 0.22361 984.0 1.8258 9.0 78.0 3.7071 0.0 0.474 0.0 0.2 979.0 1.8277 8.0 
0.03404 221.63969 68.0 689.0 1.0 53.0 0.0 -3.1929 1.674 0.0 0.5831 1001.0 2.3909 18.0 51.0 0.0 -1.4929 0.0 -1.326 0.44721 1000.0 2.0435 16.0 50.0 0.2071 0.0 0.0 -3.526 0.36056 999.0 1.8239 15.0 49.0 1.9071 0.0 0.0 -4.626 0.31623 997.0 1.5327 13.0 52.0 3.6071 0.0 0.0 -4.726 0.2 996.0 1.6246 15.0 
0.08067 98.73925 79.0 690.0 1.0 34.0 0.1071 0.0 1.674 0.0 0.22361 1001.0 1.0 18.0 36.0 0.8071 0.0 0.374 0.0 0.22361 1000.0 1.0182 16.0 36.0 1.4071 0.0 0.0 -0.526 0.14142 999.0 1.0 15.0 38.0 2.1071 0.0 0.0 -0.926 0.14142 998.0 1.0 13.0 47.0 2.8071 0.0 0.0 -1.026 0.1 996.0 1.3272 14.0 
0.08477 260.22118 86.0 691.0 1.0 50.0 0.0 -1.8929 1.674 0.0 0.14142 994.0 1.3439 10.0 59.0 0.0 -1.0929 2.074 0.0 0.14142 990.0 1.5458 11.0 65.0 0.0 -0.2929 2.674 0.0 0.14142 987.0 1.6597 10.0 74.0 0.6071 0.0 3.374 0.0 0.14142 983.0 1.8643 9.0 81.0 1.6071 0.0 4.174 0.0 0.22361 975.0 1.7635 6.0 
0.03993 248.58317 124.0 692.0 1.0 66.0 1.2071 0.0 2.474 0.0 0.31623 989.0 1.8538 14.0 66.0 1.9071 0.0 1.174 0.0 0.14142 989.0 1.8538 14.0 64.0 2.7071 0.0 0.174 0.0 0.14142 989.0 1.7431 14.0 62.0 3.5071 0.0 0.0 -0.526 0.14142 989.0 1.6359 14.0 60.0 4.1071 0.0 0.0 -0.926 0.14142 989.0 1.5321 14.0 
0.06977 277.46595 59.0 693.0 1.0 46.0 0.7071 0.0 0.0 -2.626 0.22361 998.0 1.4408 17.0 52.0 1.7071 0.0 0.0 -1.826 0.28284 996.0 1.6246 14.0 58.0 2.6071 0.0 0.0 -0.826 0.28284 993.0 1.7179 12.0 60.0 3.6071 0.0 0.174 0.0 0.22361 993.0 1.8385 12.0 58.0 4.7071 0.0 0.774 0.0 0.22361 993.0 1.7179 12.0 
0.09492 152.2047 53.0 694.0 1.0 77.0 0.0 -0.6929 1.674 0.0 0.22361 982.0 1.9535 9.0 86.0 0.5071 0.0 1.274 0.0 0.3 976.0 2.0416 8.0 94.0 2.1071 0.0 1.374 0.0 0.22361 973.0 2.2562 7.0 98.0 3.7071 0.0 2.074 0.0 0.31623 971.0 2.3355 7.0 91.0 5.4071 0.0 2.874 0.0 0.22361 976.0 2.2859 8.0 
0.0111 285.73967 80.0 695.0 1.0 47.0 0.0 -2.9929 0.0 -0.926 0.36056 1000.0 1.7355 11.0 48.0 0.0 -1.2929 0.0 -2.226 0.36056 999.0 1.6809 10.0 52.0 0.5071 0.0 0.0 -2.926 0.22361 996.0 1.6246 8.0 57.0 2.0071 0.0 0.0 -3.126 0.31623 992.0 1.5802 7.0 70.0 3.3071 0.0 0.0 -2.926 0.22361 985.0 1.7874 7.0 
0.08188 241.889 53.0 696.0 1.0 63.0 0.0 -0.7929 3.874 0.0 0.64031 1000.0 2.5 25.0 61.0 1.5071 0.0 1.574 0.0 0.5 998.0 2.5 21.0 58.0 3.4071 0.0 0.374 0.0 0.36056 996.0 2.0211 19.0 57.0 5.0071 0.0 0.0 -0.326 0.3 995.0 1.8436 17.0 57.0 6.3071 0.0 0.0 -0.426 0.22361 994.0 1.7465 16.0 
0.13366 107.02187 49.0 697.0 1.0 52.0 0.0 -1.7929 2.774 0.0 0.56569 1001.0 2.3015 17.0 51.0 0.4071 0.0 0.874 0.0 0.44721 1000.0 2.0435 15.0 52.0 2.4071 0.0 0.0 -0.326 0.36056 999.0 1.9727 18.0 57.0 4.3071 0.0 0.0 -1.426 0.36056 997.0 2.074 15.0 60.0 6.1071 0.0 0.0 -2.526 0.31623 995.0 2.0427 14.0 
0.10783 93.62417 97.0 698.0 1.0 66.0 0.0 -0.2929 2.174 0.0 0.31623 992.0 2.1186 11.0 63.0 0.5071 0.0 0.674 0.0 0.28284 991.0 1.8426 11.0 62.0 1.5071 0.0 0.0 -0.026 0.22361 990.0 1.707 11.0 63.0 2.6071 0.0 0.0 -0.226 0.1 990.0 1.7625 11.0 61.0 3.4071 0.0 0.0 -0.226 0.2 989.0 1.5836 11.0 
0.06217 270.39396 93.0 699.0 1.0 50.0 2.6071 0.0 0.0 -0.426 0.14142 995.0 1.4186 13.0 49.0 2.4071 0.0 0.374 0.0 0.2 995.0 1.3624 13.0 49.0 2.4071 0.0 1.274 0.0 0.1 995.0 1.3624 13.0 51.0 2.4071 0.0 2.374 0.0 0.22361 995.0 1.4759 14.0 52.0 2.6071 0.0 3.674 0.0 0.22361 995.0 1.5343 14.0 
0.0604 139.82063 82.0 700.0 1.0 39.0 0.1071 0.0 2.174 0.0 0.28284 1000.0 1.195 16.0 40.0 0.9071 0.0 0.874 0.0 0.28284 999.0 1.1673 15.0 42.0 1.7071 0.0 0.0 -0.026 0.22361 999.0 1.2869 17.0 47.0 2.5071 0.0 0.0 -0.526 0.14142 996.0 1.3272 14.0 52.0 3.3071 0.0 0.0 -0.826 0.1 994.0 1.4536 13.0 
0.05304 213.65889 96.0 701.0 1.0 41.0 0.0 -2.1929 0.0 -0.226 0.28284 999.0 1.2264 11.0 42.0 0.0 -1.2929 0.0 -1.426 0.28284 997.0 1.1261 10.0 46.0 0.0 -0.2929 0.0 -2.126 0.22361 996.0 1.2713 12.0 54.0 0.8071 0.0 0.0 -2.426 0.1 992.0 1.4182 10.0 67.0 1.8071 0.0 0.0 -2.326 0.22361 983.0 1.5283 7.0 
0.0524 211.34081 55.0 702.0 1.0 47.0 0.0 -0.7929 2.974 0.0 0.36056 1001.0 1.8802 21.0 49.0 0.9071 0.0 1.674 0.0 0.36056 1000.0 1.8864 18.0 50.0 2.5071 0.0 0.874 0.0 0.31623 999.0 1.8239 17.0 50.0 4.0071 0.0 0.274 0.0 0.3 998.0 1.7023 16.0 49.0 5.4071 0.0 0.074 0.0 0.2 998.0 1.6349 15.0 
0.07311 179.1179 54.0 704.0 1.0 45.0 0.0 -0.0929 2.174 0.0 0.28284 998.0 1.3789 13.0 48.0 1.1071 0.0 1.174 0.0 0.22361 996.0 1.3843 12.0 57.0 2.4071 0.0 0.674 0.0 0.2 994.0 1.7465 13.0 64.0 3.8071 0.0 0.574 0.0 0.2 991.0 1.9016 11.0 71.0 5.2071 0.0 0.774 0.0 0.2 987.0 1.9803 10.0 
0.09 210.57687 87.0 706.0 1.0 35.0 0.0 -1.9929 1.774 0.0 0.4 1001.0 1.0427 14.0 35.0 0.0 -1.8929 0.0 -0.126 0.3 1001.0 1.0427 13.0 35.0 0.0 -1.5929 0.0 -1.626 0.22361 1000.0 1.0 12.0 36.0 0.0 -1.0929 0.0 -2.726 0.1 1000.0 1.0182 15.0 39.0 0.0 -0.5929 0.0 -3.326 0.22361 998.0 1.0357 13.0 
0.01321 296.78557 55.0 707.0 1.0 81.0 0.6071 0.0 3.474 0.0 0.36056 985.0 2.3933 9.0 84.0 1.9071 0.0 1.874 0.0 0.28284 981.0 2.2521 9.0 85.0 3.2071 0.0 0.974 0.0 0.22361 977.0 2.0498 8.0 85.0 4.5071 0.0 0.774 0.0 0.2 977.0 2.0498 8.0 84.0 5.7071 0.0 0.974 0.0 0.2 977.0 2.0019 8.0 
0.09209 285.61028 54.0 708.0 1.0 71.0 0.0 -0.7929 3.574 0.0 0.36056 990.0 2.2386 11.0 74.0 0.7071 0.0 2.474 0.0 0.31623 987.0 2.1512 10.0 76.0 2.2071 0.0 2.174 0.0 0.3 985.0 2.1069 9.0 78.0 3.7071 0.0 2.374 0.0 0.3 984.0 2.1428 9.0 80.0 5.2071 0.0 2.974 0.0 0.31623 982.0 2.1086 9.0 
0.04912 228.45802 74.0 709.0 1.0 43.0 1.5071 0.0 1.874 0.0 0.22361 999.0 1.3489 17.0 40.0 1.9071 0.0 0.774 0.0 0.22361 999.0 1.1673 17.0 38.0 2.3071 0.0 0.0 -0.126 0.14142 1000.0 1.1345 18.0 35.0 2.7071 0.0 0.0 -0.726 0.1 1000.0 1.0 18.0 34.0 3.0071 0.0 0.0 -1.226 0.0 1000.0 1.0 19.0 
0.03339 242.9482 105.0 710.0 1.0 56.0 0.7071 0.0 3.874 0.0 0.63246 1000.0 2.4639 21.0 47.0 1.9071 0.0 1.074 0.0 0.36056 1000.0 1.7355 21.0 40.0 2.9071 0.0 0.0 -0.526 0.22361 1000.0 1.2571 15.0 36.0 3.7071 0.0 0.0 -1.426 0.14142 999.0 1.0 15.0 36.0 4.2071 0.0 0.0 -2.026 0.14142 999.0 1.0 14.0 
0.04386 226.19519 221.0 712.0 1.0 84.0 0.2071 0.0 2.974 0.0 0.36056 983.0 2.4023 12.0 80.0 1.4071 0.0 1.474 0.0 0.22361 982.0 2.1086 11.0 78.0 2.6071 0.0 0.774 0.0 0.1 981.0 1.9419 11.0 78.0 3.5071 0.0 0.574 0.0 0.2 979.0 1.8277 11.0 78.0 4.2071 0.0 0.474 0.0 0.14142 977.0 1.7261 10.0 
0.14468 108.43208 57.0 713.0 1.0 78.0 0.0 -0.6929 2.874 0.0 0.44721 988.0 2.4856 10.0 80.0 0.7071 0.0 0.674 0.0 0.42426 986.0 2.421 10.0 80.0 2.3071 0.0 0.0 -0.826 0.36056 985.0 2.3346 9.0 77.0 3.9071 0.0 0.0 -1.826 0.36056 985.0 2.1628 9.0 75.0 5.3071 0.0 0.0 -2.826 0.28284 985.0 2.0519 9.0 
0.17396 78.26613 51.0 714.0 1.0 63.0 0.0 -1.4929 2.574 0.0 0.5 996.0 2.3846 15.0 66.0 0.2071 0.0 0.674 0.0 0.31623 993.0 2.2245 12.0 71.0 2.0071 0.0 0.0 -0.126 0.3 989.0 2.1453 11.0 82.0 3.9071 0.0 0.0 -0.226 0.3 982.0 2.2154 9.0 95.0 5.6071 0.0 0.0 -0.226 0.3 972.0 2.2483 7.0 
0.24934 52.6199 72.0 715.0 1.0 54.0 0.0 -1.1929 0.674 0.0 0.22361 994.0 1.5675 10.0 63.0 0.0071 0.0 0.474 0.0 0.2 990.0 1.7625 11.0 72.0 1.1071 0.0 0.574 0.0 0.2 983.0 1.7649 9.0 83.0 2.0071 0.0 0.674 0.0 0.2 975.0 1.8516 8.0 92.0 3.0071 0.0 0.874 0.0 0.1 968.0 1.9211 7.0 
0.06656 146.67239 73.0 716.0 1.0 46.0 0.0 -2.2929 0.0 -0.426 0.44721 1000.0 1.6625 15.0 48.0 0.0 -0.4929 0.0 -1.226 0.31623 998.0 1.5688 13.0 49.0 1.0071 0.0 0.0 -1.726 0.2 996.0 1.4425 12.0 57.0 2.3071 0.0 0.0 -1.826 0.2 993.0 1.6592 13.0 66.0 3.4071 0.0 0.0 -1.826 0.2 988.0 1.7796 10.0 
0.22949 67.21565 61.0 717.0 1.0 50.0 0.0 -1.3929 0.374 0.0 0.2 995.0 1.4186 11.0 60.0 0.0 -0.1929 0.574 0.0 0.28284 992.0 1.7509 12.0 70.0 1.1071 0.0 1.374 0.0 0.28284 987.0 1.9249 10.0 80.0 2.5071 0.0 2.374 0.0 0.31623 982.0 2.1086 9.0 88.0 4.0071 0.0 3.374 0.0 0.36056 977.0 2.1971 8.0 
0.04208 254.57763 46.0 718.0 1.0 43.0 1.3071 0.0 2.374 0.0 0.22361 1000.0 1.4527 18.0 39.0 1.9071 0.0 1.274 0.0 0.14142 1000.0 1.195 19.0 36.0 2.5071 0.0 0.474 0.0 0.22361 1001.0 1.1031 20.0 34.0 3.1071 0.0 0.0 -0.426 0.1 1001.0 1.0 21.0 32.0 3.5071 0.0 0.0 -1.126 0.14142 1002.0 1.0 22.0 
0.08433 156.56692 67.0 720.0 1.0 42.0 0.5071 0.0 2.074 0.0 0.31623 999.0 1.2869 16.0 44.0 1.1071 0.0 0.874 0.0 0.14142 998.0 1.3183 16.0 47.0 1.7071 0.0 0.174 0.0 0.1 995.0 1.2535 14.0 52.0 2.3071 0.0 0.074 0.0 0.14142 993.0 1.3809 12.0 61.0 3.1071 0.0 0.474 0.0 0.14142 990.0 1.6524 11.0 
0.20784 241.53423 58.0 721.0 1.0 83.0 0.0 -2.0929 1.874 0.0 0.4 986.0 2.5 10.0 86.0 0.0 -0.0929 2.174 0.0 0.31623 979.0 2.2218 8.0 86.0 1.6071 0.0 2.374 0.0 0.2 978.0 2.1583 8.0 90.0 3.0071 0.0 2.474 0.0 0.3 970.0 1.924 6.0 97.0 4.4071 0.0 2.574 0.0 0.3 966.0 2.0447 5.0 
0.0261 297.06318 53.0 722.0 1.0 75.0 0.4071 0.0 3.774 0.0 0.44721 989.0 2.3938 14.0 75.0 1.8071 0.0 1.974 0.0 0.36056 988.0 2.2981 13.0 76.0 3.3071 0.0 0.974 0.0 0.31623 986.0 2.185 12.0 78.0 4.8071 0.0 0.274 0.0 0.31623 984.0 2.1428 12.0 78.0 6.2071 0.0 0.0 -0.426 0.28284 983.0 2.0713 12.0 
0.05925 305.55795 59.0 723.0 1.0 55.0 0.1071 0.0 3.074 0.0 0.14142 993.0 1.5448 12.0 62.0 1.2071 0.0 2.474 0.0 0.22361 991.0 1.7846 11.0 70.0 2.5071 0.0 2.074 0.0 0.22361 987.0 1.9249 10.0 76.0 3.9071 0.0 1.774 0.0 0.2 983.0 1.9665 9.0 80.0 5.1071 0.0 1.574 0.0 0.2 980.0 1.9808 8.0 
0.13109 115.5129 45.0 724.0 1.0 49.0 0.0 -2.4929 0.0 -0.626 0.36056 1001.0 2.0436 22.0 44.0 0.0 -0.7929 0.674 0.0 0.28284 1001.0 1.6478 20.0 40.0 0.2071 0.0 1.874 0.0 0.28284 1001.0 1.3618 20.0 35.0 1.1071 0.0 2.774 0.0 0.14142 1001.0 1.0427 21.0 32.0 1.8071 0.0 3.274 0.0 0.14142 1002.0 1.0 22.0 
0.14141 133.60022 59.0 725.0 1.0 48.0 0.0 -0.5929 2.074 0.0 0.36056 998.0 1.5688 18.0 49.0 0.7071 0.0 0.974 0.0 0.22361 996.0 1.4425 16.0 54.0 2.0071 0.0 0.674 0.0 0.2 995.0 1.6546 17.0 61.0 3.2071 0.0 0.774 0.0 0.22361 991.0 1.7275 15.0 67.0 4.4071 0.0 1.274 0.0 0.22361 988.0 1.834 13.0 
0.07461 172.16692 56.0 727.0 1.0 88.0 0.0 -0.5929 3.674 0.0 0.5831 986.0 2.5 10.0 84.0 1.2071 0.0 0.974 0.0 0.5 986.0 2.5 10.0 78.0 3.0071 0.0 0.0 -0.626 0.36056 987.0 2.39 10.0 73.0 4.6071 0.0 0.0 -1.826 0.28284 988.0 2.1772 10.0 69.0 5.8071 0.0 0.0 -2.926 0.22361 988.0 1.9451 10.0 
0.03171 233.99754 61.0 728.0 1.0 79.0 0.6071 0.0 2.374 0.0 0.28284 979.0 1.8748 6.0 84.0 1.5071 0.0 1.474 0.0 0.14142 974.0 1.8479 6.0 90.0 2.4071 0.0 1.074 0.0 0.22361 969.0 1.8803 5.0 90.0 3.5071 0.0 0.974 0.0 0.1 971.0 1.9698 5.0 85.0 4.5071 0.0 1.174 0.0 0.22361 975.0 1.942 6.0 
0.16867 136.94208 47.0 729.0 1.0 64.0 0.0 -1.6929 2.274 0.0 0.44721 997.0 2.5 11.0 65.0 0.6071 0.0 1.074 0.0 0.44721 995.0 2.3974 10.0 65.0 2.8071 0.0 0.0 -0.026 0.41231 995.0 2.3974 10.0 67.0 5.0071 0.0 0.0 -0.926 0.44721 994.0 2.4131 10.0 60.0 7.0071 0.0 0.0 -1.726 0.31623 996.0 2.1629 10.0 
0.08944 156.64953 66.0 733.0 1.0 35.0 0.0 -0.0929 1.874 0.0 0.14142 1000.0 1.0 15.0 38.0 0.6071 0.0 1.274 0.0 0.1 998.0 1.0 13.0 42.0 1.3071 0.0 1.174 0.0 0.1 996.0 1.0598 12.0 51.0 2.1071 0.0 1.374 0.0 0.14142 994.0 1.3982 13.0 61.0 3.0071 0.0 2.174 0.0 0.14142 991.0 1.7275 11.0 
0.1177 140.98863 55.0 735.0 1.0 62.0 0.0 -1.2929 2.674 0.0 0.5 997.0 2.4538 15.0 66.0 1.0071 0.0 0.774 0.0 0.5 997.0 2.5 15.0 61.0 3.2071 0.0 0.0 -0.826 0.36056 997.0 2.3753 15.0 51.0 4.9071 0.0 0.0 -1.626 0.22361 998.0 1.7711 15.0 46.0 6.1071 0.0 0.0 -2.026 0.14142 998.0 1.4408 16.0 
0.07959 234.60701 61.0 736.0 1.0 67.0 0.0 -0.8929 2.374 0.0 0.2 990.0 1.9935 14.0 70.0 0.4071 0.0 2.074 0.0 0.2 987.0 1.9249 13.0 77.0 1.7071 0.0 1.774 0.0 0.2 982.0 1.9535 12.0 86.0 3.0071 0.0 1.474 0.0 0.22361 976.0 2.0416 10.0 96.0 4.3071 0.0 1.174 0.0 0.22361 963.0 1.8826 7.0 
0.06942 212.86566 107.0 737.0 1.0 58.0 0.0 -0.5929 2.174 0.0 0.14142 992.0 1.6361 12.0 61.0 0.4071 0.0 1.874 0.0 0.1 990.0 1.6524 11.0 64.0 1.3071 0.0 1.774 0.0 0.22361 988.0 1.6734 10.0 67.0 2.2071 0.0 1.974 0.0 0.14142 986.0 1.6981 10.0 70.0 3.0071 0.0 2.374 0.0 0.14142 985.0 1.7874 9.0 
0.10481 148.01451 91.0 738.0 1.0 48.0 0.0 -0.5929 2.074 0.0 0.28284 999.0 1.6809 24.0 55.0 1.0071 0.0 0.874 0.0 0.36056 997.0 1.931 20.0 55.0 2.6071 0.0 0.0 -0.226 0.36056 996.0 1.8174 19.0 54.0 3.9071 0.0 0.0 -1.126 0.22361 995.0 1.6546 18.0 54.0 4.9071 0.0 0.0 -1.726 0.14142 994.0 1.5675 16.0 
0.05273 253.27433 52.0 741.0 1.0 47.0 0.0 -2.6929 1.774 0.0 0.31623 1000.0 1.7355 15.0 52.0 0.0 -0.6929 2.174 0.0 0.36056 999.0 1.9727 17.0 60.0 1.3071 0.0 2.974 0.0 0.31623 996.0 2.1629 14.0 62.0 3.3071 0.0 3.474 0.0 0.3 995.0 2.1812 13.0 63.0 5.3071 0.0 3.374 0.0 0.3 994.0 2.1336 13.0 
0.02657 296.78557 51.0 742.0 1.0 93.0 0.3071 0.0 3.374 0.0 0.42426 977.0 2.4538 8.0 92.0 1.9071 0.0 1.874 0.0 0.36056 977.0 2.4014 8.0 87.0 3.6071 0.0 0.874 0.0 0.36056 979.0 2.2738 8.0 81.0 5.1071 0.0 0.174 0.0 0.3 981.0 2.0941 9.0 76.0 6.5071 0.0 0.0 -0.126 0.22361 983.0 1.9665 9.0 
0.09713 169.73952 72.0 743.0 1.0 53.0 0.0 -0.4929 1.774 0.0 0.22361 994.0 1.51 13.0 55.0 0.4071 0.0 1.474 0.0 0.2 993.0 1.5448 12.0 58.0 1.4071 0.0 1.474 0.0 0.2 992.0 1.6361 12.0 59.0 2.4071 0.0 1.674 0.0 0.2 991.0 1.6161 11.0 61.0 3.3071 0.0 1.974 0.0 0.14142 989.0 1.5836 11.0 
0.09921 152.12534 56.0 744.0 1.0 37.0 0.0 -0.3929 1.874 0.0 0.22361 1001.0 1.1652 21.0 42.0 0.7071 0.0 1.174 0.0 0.22361 1000.0 1.3859 18.0 46.0 2.0071 0.0 0.874 0.0 0.3 999.0 1.5437 17.0 49.0 3.6071 0.0 0.874 0.0 0.2 999.0 1.7517 17.0 49.0 5.1071 0.0 1.174 0.0 0.3 999.0 1.7517 17.0 
0.08099 250.0243 47.0 745.0 1.0 97.0 0.0 -0.0929 3.174 0.0 0.28284 970.0 2.2349 7.0 104.0 1.5071 0.0 1.674 0.0 0.42426 968.0 2.4549 7.0 113.0 3.4071 0.0 0.0 -0.026 0.5 962.0 2.5 6.0 125.0 5.4071 0.0 0.0 -1.226 0.36056 946.0 2.3819 5.0 121.0 7.0071 0.0 0.0 -1.926 0.31623 948.0 2.3006 5.0 
0.09518 116.36837 57.0 750.0 1.0 41.0 0.0 -0.5929 2.474 0.0 0.36056 1001.0 1.4308 17.0 44.0 0.7071 0.0 0.774 0.0 0.28284 1000.0 1.5211 15.0 47.0 2.1071 0.0 0.0 -0.426 0.36056 999.0 1.6116 13.0 53.0 3.6071 0.0 0.0 -1.226 0.31623 997.0 1.7931 15.0 58.0 5.0071 0.0 0.0 -1.726 0.22361 994.0 1.8084 13.0 
0.19691 92.73958 67.0 751.0 1.0 80.0 0.0071 0.0 1.274 0.0 0.22361 977.0 1.8158 10.0 82.0 0.6071 0.0 0.574 0.0 0.14142 975.0 1.8073 10.0 85.0 1.3071 0.0 0.074 0.0 0.2 973.0 1.8449 10.0 91.0 2.3071 0.0 0.0 -0.126 0.2 970.0 1.967 9.0 98.0 3.5071 0.0 0.0 -0.226 0.2 966.0 2.0871 9.0 
0.10417 210.50196 69.0 752.0 1.0 49.0 0.7071 0.0 2.074 0.0 0.14142 995.0 1.3624 18.0 51.0 1.3071 0.0 1.374 0.0 0.14142 994.0 1.3982 17.0 55.0 2.0071 0.0 0.874 0.0 0.1 992.0 1.4713 16.0 59.0 2.8071 0.0 0.774 0.0 0.2 991.0 1.6161 14.0 64.0 3.7071 0.0 1.074 0.0 0.2 988.0 1.6734 13.0 
0.04091 235.74859 94.0 753.0 1.0 65.0 0.2071 0.0 3.074 0.0 0.36056 992.0 2.0549 12.0 61.0 1.3071 0.0 1.674 0.0 0.22361 992.0 1.8098 12.0 59.0 2.4071 0.0 0.874 0.0 0.22361 992.0 1.693 12.0 57.0 3.4071 0.0 0.174 0.0 0.14142 992.0 1.5802 12.0 55.0 4.1071 0.0 0.0 -0.426 0.14142 992.0 1.4713 12.0 
0.02427 181.10923 64.0 754.0 1.0 55.0 0.0 -3.0929 0.0 -0.226 0.5 997.0 1.931 10.0 59.0 0.0 -0.7929 0.0 -1.426 0.44721 996.0 2.0914 12.0 66.0 1.5071 0.0 0.0 -2.226 0.31623 992.0 2.1186 10.0 76.0 3.5071 0.0 0.0 -2.826 0.31623 983.0 1.9665 7.0 95.0 4.9071 0.0 0.0 -3.126 0.1 966.0 1.9613 7.0 
0.08101 156.04509 63.0 757.0 1.0 67.0 0.0 -0.5929 2.874 0.0 0.36056 993.0 2.2925 12.0 68.0 0.9071 0.0 1.074 0.0 0.36056 992.0 2.249 12.0 65.0 2.4071 0.0 0.074 0.0 0.22361 991.0 1.9615 11.0 64.0 3.6071 0.0 0.0 -0.126 0.1 989.0 1.7431 11.0 68.0 4.6071 0.0 0.074 0.0 0.2 986.0 1.7492 10.0 
0.07084 163.67688 71.0 758.0 1.0 51.0 0.1071 0.0 2.174 0.0 0.28284 997.0 1.6604 15.0 49.0 1.1071 0.0 0.974 0.0 0.28284 998.0 1.6349 16.0 48.0 2.1071 0.0 0.0 -0.226 0.28284 998.0 1.5688 16.0 45.0 3.1071 0.0 0.0 -1.226 0.28284 999.0 1.4773 17.0 41.0 4.0071 0.0 0.0 -2.126 0.14142 999.0 1.2264 18.0 
0.07652 141.91281 58.0 760.0 1.0 60.0 0.0 -0.8929 1.974 0.0 0.28284 992.0 1.7509 9.0 57.0 0.1071 0.0 1.274 0.0 0.2 993.0 1.6592 9.0 56.0 1.4071 0.0 0.874 0.0 0.22361 995.0 1.7795 10.0 54.0 2.9071 0.0 0.374 0.0 0.3 997.0 1.8615 11.0 49.0 4.5071 0.0 0.074 0.0 0.22361 998.0 1.6349 12.0 
0.11037 256.8341 52.0 761.0 1.0 97.0 0.0 -0.1929 2.874 0.0 0.22361 969.0 2.1841 11.0 117.0 1.2071 0.0 1.974 0.0 0.22361 952.0 2.2921 9.0 132.0 2.8071 0.0 1.074 0.0 0.36056 940.0 2.4379 8.0 136.0 4.6071 0.0 0.474 0.0 0.31623 935.0 2.422 8.0 130.0 6.3071 0.0 0.574 0.0 0.22361 937.0 2.2712 8.0 
0.034 273.278 60.0 762.0 1.0 55.0 0.1071 0.0 4.274 0.0 0.5831 1000.0 2.3767 20.0 50.0 1.7071 0.0 1.774 0.0 0.42426 1000.0 1.9642 20.0 50.0 3.2071 0.0 0.0 -0.126 0.28284 999.0 1.8239 14.0 53.0 4.5071 0.0 0.0 -1.626 0.28284 997.0 1.7931 15.0 57.0 5.7071 0.0 0.0 -2.726 0.22361 994.0 1.7465 13.0 
0.08598 140.40892 65.0 763.0 1.0 56.0 0.0 -0.6929 2.174 0.0 0.36056 998.0 2.1353 16.0 53.0 0.8071 0.0 0.974 0.0 0.36056 997.0 1.7931 15.0 52.0 2.2071 0.0 0.074 0.0 0.28284 997.0 1.7261 15.0 52.0 3.4071 0.0 0.0 -0.826 0.22361 996.0 1.6246 14.0 53.0 4.5071 0.0 0.0 -1.526 0.22361 996.0 1.6877 14.0 
0.03751 293.47246 63.0 764.0 1.0 46.0 0.0 -1.8929 0.0 -2.826 0.3 1000.0 1.6625 16.0 50.0 0.3071 0.0 0.0 -2.626 0.3 999.0 1.8239 14.0 54.0 2.3071 0.0 0.0 -2.326 0.41231 998.0 1.9855 16.0 56.0 4.0071 0.0 0.0 -2.026 0.31623 996.0 1.8841 14.0 56.0 5.3071 0.0 0.0 -1.626 0.2 994.0 1.6858 13.0 
0.2419 42.77555 59.0 765.0 1.0 46.0 0.0 -1.1929 0.574 0.0 0.2 997.0 1.3508 15.0 51.0 0.0 -0.0929 0.374 0.0 0.3 996.0 1.5627 14.0 53.0 1.4071 0.0 0.274 0.0 0.3 997.0 1.7931 15.0 54.0 3.2071 0.0 0.174 0.0 0.31623 998.0 1.9855 15.0 51.0 4.9071 0.0 0.374 0.0 0.31623 998.0 1.7711 16.0 
0.05497 175.30996 204.0 766.0 1.0 61.0 0.0 -1.3929 0.0 -1.926 0.3 993.0 1.9003 11.0 74.0 0.4071 0.0 0.0 -1.526 0.31623 987.0 2.1512 10.0 85.0 2.3071 0.0 0.0 -1.026 0.31623 981.0 2.3061 9.0 89.0 4.0071 0.0 0.0 -0.526 0.2 976.0 2.1866 8.0 87.0 5.4071 0.0 0.0 -0.026 0.31623 976.0 2.0894 8.0 
0.10935 273.278 57.0 767.0 1.0 76.0 0.0 -0.4929 3.274 0.0 0.44721 990.0 2.5 15.0 85.0 1.7071 0.0 1.774 0.0 0.44721 984.0 2.5 12.0 94.0 3.6071 0.0 0.174 0.0 0.28284 975.0 2.375 10.0 107.0 5.0071 0.0 0.0 -1.126 0.28284 961.0 2.2488 8.0 119.0 6.2071 0.0 0.0 -2.226 0.22361 947.0 2.1915 7.0 
0.06417 290.75955 79.0 768.0 1.0 65.0 0.0 -0.0929 2.974 0.0 0.22361 989.0 1.798 8.0 65.0 1.1071 0.0 2.374 0.0 0.2 988.0 1.7261 8.0 65.0 2.2071 0.0 2.174 0.0 0.2 988.0 1.7261 8.0 67.0 3.2071 0.0 2.174 0.0 0.1 986.0 1.6981 7.0 69.0 4.1071 0.0 2.174 0.0 0.1 984.0 1.6768 7.0 
0.06422 186.90786 61.0 769.0 1.0 62.0 0.0 -0.4929 3.374 0.0 0.5 997.0 2.4538 15.0 63.0 1.2071 0.0 1.174 0.0 0.42426 995.0 2.2521 14.0 62.0 2.8071 0.0 0.0 -0.326 0.31623 994.0 2.0664 13.0 61.0 4.1071 0.0 0.0 -1.126 0.22361 992.0 1.8098 12.0 63.0 5.1071 0.0 0.0 -1.626 0.22361 989.0 1.6891 11.0 
0.10727 228.16607 64.0 771.0 1.0 56.0 0.0 -2.7929 0.874 0.0 0.31623 995.0 1.7795 11.0 62.0 0.0 -1.1929 1.674 0.0 0.28284 992.0 1.8696 12.0 76.0 0.3071 0.0 2.774 0.0 0.36056 985.0 2.1069 10.0 90.0 2.0071 0.0 3.674 0.0 0.31623 976.0 2.236 8.0 99.0 3.7071 0.0 4.174 0.0 0.3 968.0 2.2245 7.0 
0.03075 275.0137 261.0 772.0 1.0 65.0 0.0 -4.7929 2.374 0.0 0.89443 999.0 2.5 12.0 63.0 0.0 -2.0929 0.0 -1.326 0.64031 999.0 2.5 15.0 63.0 0.7071 0.0 0.0 -3.526 0.5831 997.0 2.5 13.0 62.0 3.3071 0.0 0.0 -4.826 0.44721 994.0 2.0664 11.0 62.0 5.1071 0.0 0.0 -5.726 0.36056 992.0 1.8696 13.0 
0.05219 243.24116 76.0 774.0 1.0 41.0 1.4071 0.0 1.974 0.0 0.14142 998.0 1.1446 16.0 40.0 1.7071 0.0 1.374 0.0 0.1 998.0 1.0895 16.0 40.0 2.1071 0.0 1.274 0.0 0.0 997.0 1.0214 15.0 42.0 2.4071 0.0 1.474 0.0 0.1 997.0 1.1261 15.0 44.0 2.9071 0.0 1.774 0.0 0.14142 997.0 1.2359 15.0 
0.05072 173.18157 115.0 775.0 1.0 50.0 0.1071 0.0 2.674 0.0 0.36056 998.0 1.7023 16.0 57.0 1.4071 0.0 0.674 0.0 0.42426 998.0 2.2123 16.0 55.0 3.0071 0.0 0.0 -1.026 0.28284 997.0 1.931 15.0 47.0 4.1071 0.0 0.0 -2.026 0.1 997.0 1.4101 15.0 42.0 4.5071 0.0 0.0 -2.426 0.14142 997.0 1.1261 15.0 
0.12847 62.69156 61.0 776.0 1.0 40.0 0.0 -1.3929 0.874 0.0 0.31623 1001.0 1.3618 13.0 41.0 0.3071 0.0 0.474 0.0 0.3 1001.0 1.4308 12.0 42.0 1.9071 0.0 0.474 0.0 0.3 1000.0 1.3859 15.0 46.0 3.3071 0.0 0.574 0.0 0.31623 999.0 1.5437 13.0 49.0 4.6071 0.0 0.874 0.0 0.3 997.0 1.5327 11.0 
0.1006 156.04509 50.0 777.0 1.0 54.0 0.0 -1.1929 2.974 0.0 0.42426 1000.0 2.291 24.0 56.0 0.9071 0.0 1.074 0.0 0.5 999.0 2.2879 24.0 55.0 3.1071 0.0 0.0 -0.626 0.36056 999.0 2.2069 23.0 50.0 4.9071 0.0 0.0 -1.926 0.36056 999.0 1.8239 23.0 48.0 6.5071 0.0 0.0 -2.926 0.28284 999.0 1.6809 23.0 
0.08629 296.82916 60.0 778.0 1.0 88.0 0.0071 0.0 3.174 0.0 0.28284 976.0 2.1377 10.0 98.0 1.4071 0.0 2.274 0.0 0.22361 968.0 2.1798 9.0 103.0 2.8071 0.0 1.774 0.0 0.31623 964.0 2.2114 8.0 105.0 4.2071 0.0 1.374 0.0 0.2 960.0 2.1246 8.0 110.0 5.3071 0.0 1.274 0.0 0.2 952.0 2.026 7.0 
0.1272 186.69812 58.0 779.0 1.0 55.0 0.0 -2.0929 1.174 0.0 0.2 994.0 1.6261 14.0 63.0 0.0 -0.5929 1.574 0.0 0.22361 990.0 1.7625 13.0 76.0 0.8071 0.0 2.274 0.0 0.31623 983.0 1.9665 12.0 91.0 2.4071 0.0 2.874 0.0 0.22361 974.0 2.1687 10.0 101.0 4.0071 0.0 3.274 0.0 0.3 966.0 2.2168 9.0 
0.06986 186.90786 88.0 780.0 1.0 47.0 0.8071 0.0 2.274 0.0 0.22361 997.0 1.4101 14.0 47.0 1.2071 0.0 1.174 0.0 0.14142 997.0 1.4101 15.0 49.0 2.0071 0.0 0.174 0.0 0.28284 997.0 1.5327 15.0 49.0 3.1071 0.0 0.0 -0.826 0.22361 998.0 1.6349 16.0 45.0 4.1071 0.0 0.0 -1.626 0.14142 998.0 1.3789 16.0 
0.1493 97.07306 262.0 781.0 1.0 35.0 0.0 -0.1929 1.174 0.0 0.14142 1000.0 1.0 19.0 39.0 0.4071 0.0 0.774 0.0 0.1 998.0 1.0357 17.0 42.0 1.1071 0.0 0.574 0.0 0.1 997.0 1.1261 16.0 43.0 1.6071 0.0 0.574 0.0 0.0 996.0 1.1109 14.0 44.0 1.9071 0.0 0.674 0.0 0.1 995.0 1.0985 14.0 
0.01617 281.38153 54.0 782.0 1.0 71.0 0.2071 0.0 4.074 0.0 0.5 994.0 2.5 13.0 68.0 1.7071 0.0 1.874 0.0 0.36056 992.0 2.249 12.0 67.0 3.1071 0.0 0.474 0.0 0.28284 991.0 2.0841 11.0 69.0 4.5071 0.0 0.0 -0.426 0.22361 988.0 1.9451 10.0 74.0 5.8071 0.0 0.0 -0.926 0.31623 985.0 1.9975 9.0 
0.05177 218.30081 46.0 783.0 1.0 45.0 0.2071 0.0 2.474 0.0 0.22361 999.0 1.4773 17.0 50.0 1.4071 0.0 1.374 0.0 0.36056 999.0 1.8239 17.0 57.0 3.2071 0.0 0.0 -0.226 0.36056 999.0 2.3703 17.0 56.0 5.3071 0.0 0.0 -1.626 0.36056 999.0 2.2879 17.0 49.0 7.2071 0.0 0.0 -2.326 0.22361 999.0 1.7517 17.0 
0.04593 257.40721 58.0 784.0 1.0 73.0 0.0 -0.9929 2.474 0.0 0.3 987.0 2.0934 10.0 83.0 0.8071 0.0 2.174 0.0 0.3 981.0 2.1988 9.0 94.0 2.5071 0.0 1.574 0.0 0.22361 974.0 2.3141 7.0 96.0 4.1071 0.0 0.874 0.0 0.22361 971.0 2.2412 7.0 89.0 5.5071 0.0 0.374 0.0 0.31623 975.0 2.129 8.0 
0.12534 271.99409 291.0 789.0 1.0 87.0 0.0 -0.7929 2.374 0.0 0.22361 975.0 2.0344 13.0 94.0 0.6071 0.0 2.374 0.0 0.2 971.0 2.1488 12.0 102.0 2.1071 0.0 1.874 0.0 0.31623 967.0 2.3101 11.0 111.0 3.8071 0.0 0.974 0.0 0.31623 961.0 2.4201 10.0 120.0 5.6071 0.0 0.374 0.0 0.2 951.0 2.3722 9.0 
0.1833 291.24011 107.0 790.0 1.0 38.0 1.9071 0.0 1.974 0.0 0.1 997.0 1.0 20.0 41.0 1.6071 0.0 2.074 0.0 0.1 996.0 1.01 19.0 45.0 1.4071 0.0 2.374 0.0 0.0 994.0 1.0886 17.0 49.0 1.3071 0.0 2.674 0.0 0.1 992.0 1.1678 16.0 56.0 1.3071 0.0 3.274 0.0 0.1 990.0 1.3926 14.0 
0.17801 241.53423 60.0 791.0 1.0 78.0 0.0 -1.5929 2.074 0.0 0.3 983.0 2.0713 12.0 86.0 0.0 -0.0929 2.174 0.0 0.31623 978.0 2.1583 10.0 88.0 1.4071 0.0 2.274 0.0 0.3 977.0 2.1971 10.0 87.0 2.9071 0.0 1.974 0.0 0.22361 977.0 2.1474 10.0 88.0 4.3071 0.0 1.374 0.0 0.31623 976.0 2.1377 10.0 
0.0725 245.42515 85.0 792.0 1.0 44.0 1.3071 0.0 2.374 0.0 0.22361 998.0 1.3183 21.0 43.0 1.8071 0.0 1.274 0.0 0.14142 998.0 1.259 21.0 42.0 2.3071 0.0 0.474 0.0 0.22361 998.0 1.2011 21.0 42.0 2.7071 0.0 0.0 -0.326 0.14142 996.0 1.0598 16.0 48.0 3.1071 0.0 0.0 -0.926 0.1 993.0 1.1766 13.0 
0.19905 52.72984 100.0 793.0 1.0 60.0 0.0 -0.8929 0.374 0.0 0.14142 988.0 1.4708 11.0 77.0 0.0 -0.2929 0.374 0.0 0.14142 976.0 1.6367 8.0 88.0 0.3071 0.0 0.974 0.0 0.14142 970.0 1.8394 7.0 102.0 1.0071 0.0 1.974 0.0 0.28284 962.0 2.0836 6.0 99.0 1.9071 0.0 3.174 0.0 0.31623 965.0 2.0855 7.0 
0.11632 130.31638 68.0 794.0 1.0 53.0 0.0 -0.8929 0.974 0.0 0.1 994.0 1.51 12.0 55.0 0.0071 0.0 1.174 0.0 0.22361 994.0 1.6261 12.0 57.0 1.2071 0.0 1.474 0.0 0.2 994.0 1.7465 13.0 56.0 2.5071 0.0 1.774 0.0 0.2 995.0 1.7795 13.0 53.0 3.8071 0.0 2.074 0.0 0.22361 996.0 1.6877 14.0 
0.0468 249.69441 63.0 795.0 1.0 53.0 0.0 -0.0929 3.774 0.0 0.5 1000.0 2.207 20.0 50.0 1.6071 0.0 1.574 0.0 0.42426 1000.0 1.9642 20.0 46.0 3.1071 0.0 0.0 -0.326 0.36056 999.0 1.5437 15.0 45.0 4.3071 0.0 0.0 -2.026 0.31623 998.0 1.3789 14.0 47.0 5.3071 0.0 0.0 -3.526 0.28284 998.0 1.5041 17.0 
0.06275 290.75955 61.0 796.0 1.0 47.0 0.3071 0.0 3.174 0.0 0.28284 998.0 1.5041 16.0 45.0 1.1071 0.0 2.374 0.0 0.22361 998.0 1.3789 16.0 47.0 2.1071 0.0 2.174 0.0 0.2 998.0 1.5041 15.0 50.0 3.3071 0.0 2.274 0.0 0.31623 997.0 1.5959 15.0 52.0 4.7071 0.0 2.774 0.0 0.22361 997.0 1.7261 15.0 
0.05658 272.45394 66.0 797.0 1.0 58.0 1.2071 0.0 3.074 0.0 0.36056 997.0 2.1474 19.0 55.0 2.2071 0.0 1.074 0.0 0.36056 996.0 1.8174 19.0 54.0 3.2071 0.0 0.0 -0.426 0.22361 996.0 1.752 18.0 54.0 4.1071 0.0 0.0 -1.426 0.28284 995.0 1.6546 17.0 55.0 5.0071 0.0 0.0 -2.226 0.22361 993.0 1.5448 16.0 
0.03818 312.12968 67.0 798.0 1.0 68.0 0.0071 0.0 3.474 0.0 0.36056 991.0 2.1467 15.0 71.0 1.5071 0.0 2.374 0.0 0.22361 988.0 2.0595 13.0 73.0 2.7071 0.0 1.674 0.0 0.22361 985.0 1.9439 12.0 76.0 3.8071 0.0 1.174 0.0 0.1 982.0 1.903 11.0 77.0 4.7071 0.0 0.874 0.0 0.22361 981.0 1.8924 11.0 
0.0351 278.19635 294.0 799.0 1.0 87.0 0.3071 0.0 3.274 0.0 0.28284 978.0 2.2088 8.0 91.0 1.4071 0.0 2.074 0.0 0.22361 972.0 2.0629 7.0 92.0 2.5071 0.0 1.474 0.0 0.22361 970.0 2.0104 7.0 86.0 3.6071 0.0 1.174 0.0 0.22361 974.0 1.9369 8.0 80.0 4.6071 0.0 0.974 0.0 0.2 978.0 1.8677 8.0 
0.05927 179.1179 58.0 800.0 1.0 50.0 0.0 -0.4929 2.774 0.0 0.42426 999.0 1.8239 13.0 51.0 1.1071 0.0 1.174 0.0 0.42426 999.0 1.8976 13.0 52.0 2.7071 0.0 0.0 -0.626 0.42426 999.0 1.9727 13.0 56.0 4.3071 0.0 0.0 -2.426 0.36056 997.0 2.0019 12.0 63.0 5.8071 0.0 0.0 -3.926 0.28284 993.0 2.0269 9.0 
0.11589 228.78407 70.0 801.0 1.0 57.0 0.0 -2.4929 1.774 0.0 0.4 996.0 1.952 12.0 61.0 0.0 -0.5929 1.974 0.0 0.31623 993.0 1.9003 13.0 68.0 1.0071 0.0 2.274 0.0 0.2 988.0 1.8891 10.0 75.0 2.3071 0.0 2.374 0.0 0.2 983.0 1.9151 9.0 85.0 3.6071 0.0 2.374 0.0 0.2 976.0 1.9944 8.0 
0.06995 251.33612 43.0 802.0 1.0 84.0 0.0 -0.3929 3.174 0.0 0.28284 981.0 2.2521 11.0 96.0 1.4071 0.0 1.774 0.0 0.5 977.0 2.5 10.0 108.0 3.7071 0.0 0.0 -0.026 0.44721 971.0 2.5 9.0 116.0 6.0071 0.0 0.0 -1.126 0.3 958.0 2.4988 8.0 127.0 7.9071 0.0 0.0 -1.226 0.2 933.0 2.0592 5.0 
0.04795 225.7077 102.0 804.0 1.0 56.0 1.9071 0.0 0.0 -2.026 0.2 995.0 1.7795 13.0 59.0 2.0071 0.0 0.0 -0.326 0.31623 993.0 1.7777 12.0 59.0 2.4071 0.0 1.274 0.0 0.31623 993.0 1.7777 12.0 59.0 3.0071 0.0 2.774 0.0 0.31623 993.0 1.7777 12.0 58.0 3.6071 0.0 4.174 0.0 0.22361 992.0 1.6361 12.0 
0.08696 139.82063 70.0 806.0 1.0 59.0 0.4071 0.0 1.574 0.0 0.14142 990.0 1.5458 11.0 61.0 0.9071 0.0 0.874 0.0 0.14142 989.0 1.5836 11.0 65.0 1.6071 0.0 0.374 0.0 0.14142 987.0 1.6597 10.0 69.0 2.3071 0.0 0.0 -0.126 0.14142 984.0 1.6768 9.0 77.0 3.2071 0.0 0.0 -0.426 0.14142 979.0 1.7811 8.0 
0.0242 279.22064 67.0 807.0 1.0 71.0 1.4071 0.0 2.374 0.0 0.14142 985.0 1.8388 9.0 73.0 2.1071 0.0 1.374 0.0 0.14142 983.0 1.8143 9.0 77.0 2.8071 0.0 0.374 0.0 0.14142 981.0 1.8924 9.0 81.0 3.6071 0.0 0.0 -0.326 0.14142 978.0 1.9146 8.0 86.0 4.4071 0.0 0.0 -0.826 0.2 973.0 1.8885 7.0 
0.05754 216.84885 77.0 808.0 1.0 55.0 0.0 -0.0929 2.774 0.0 0.28284 995.0 1.7165 14.0 56.0 1.0071 0.0 1.674 0.0 0.22361 995.0 1.7795 13.0 57.0 2.2071 0.0 1.074 0.0 0.22361 994.0 1.7465 13.0 56.0 3.5071 0.0 0.874 0.0 0.22361 994.0 1.6858 13.0 53.0 4.6071 0.0 1.274 0.0 0.14142 995.0 1.5939 13.0 
0.05964 269.08301 111.0 809.0 1.0 42.0 0.7071 0.0 2.474 0.0 0.14142 999.0 1.2869 17.0 40.0 1.4071 0.0 1.974 0.0 0.1 998.0 1.0895 16.0 38.0 1.9071 0.0 1.874 0.0 0.0 998.0 1.0 16.0 37.0 2.2071 0.0 1.974 0.0 0.0 998.0 1.0 16.0 38.0 2.4071 0.0 2.074 0.0 0.1 998.0 1.0 16.0 
0.04886 319.84119 60.0 810.0 1.0 47.0 0.0 -1.3929 3.074 0.0 0.3 999.0 1.6116 18.0 52.0 0.2071 0.0 2.874 0.0 0.3 998.0 1.8412 16.0 53.0 1.8071 0.0 2.874 0.0 0.3 997.0 1.7931 15.0 53.0 3.4071 0.0 2.974 0.0 0.3 997.0 1.7931 15.0 51.0 4.9071 0.0 3.274 0.0 0.22361 997.0 1.6604 15.0 
0.06715 230.44483 67.0 812.0 1.0 37.0 0.0 -1.5929 2.174 0.0 0.31623 1001.0 1.1652 17.0 43.0 0.0 -0.0929 2.074 0.0 0.22361 1000.0 1.4527 20.0 48.0 1.4071 0.0 2.374 0.0 0.3 998.0 1.5688 17.0 50.0 2.8071 0.0 2.474 0.0 0.3 997.0 1.5959 15.0 50.0 4.2071 0.0 2.574 0.0 0.2 997.0 1.5959 15.0 
0.07438 194.80947 66.0 815.0 1.0 88.0 0.1071 0.0 2.174 0.0 0.28284 976.0 2.1377 10.0 90.0 1.2071 0.0 1.274 0.0 0.22361 974.0 2.1213 10.0 93.0 2.4071 0.0 0.674 0.0 0.2 970.0 2.0544 9.0 97.0 3.6071 0.0 0.474 0.0 0.22361 966.0 2.0447 9.0 101.0 4.8071 0.0 0.774 0.0 0.1 962.0 2.0429 8.0 
0.06397 251.33612 116.0 816.0 1.0 51.0 0.6071 0.0 2.674 0.0 0.22361 996.0 1.5627 18.0 50.0 1.4071 0.0 1.774 0.0 0.22361 996.0 1.502 18.0 49.0 2.3071 0.0 1.074 0.0 0.14142 996.0 1.4425 18.0 48.0 2.9071 0.0 0.574 0.0 0.14142 996.0 1.3843 18.0 47.0 3.5071 0.0 0.074 0.0 0.14142 995.0 1.2535 18.0 
0.10048 174.91031 76.0 817.0 1.0 52.0 0.0 -2.0929 0.0 -0.926 0.36056 997.0 1.7261 16.0 57.0 0.0 -0.3929 0.0 -1.526 0.22361 994.0 1.7465 14.0 65.0 1.1071 0.0 0.0 -1.626 0.2 990.0 1.8762 14.0 75.0 2.3071 0.0 0.0 -1.526 0.22361 983.0 1.9151 12.0 78.0 3.4071 0.0 0.0 -1.026 0.22361 980.0 1.883 11.0 
0.02754 152.86463 50.0 819.0 1.0 51.0 0.0 -3.5929 0.674 0.0 0.56569 1002.0 2.4151 19.0 56.0 0.0 -0.7929 0.0 -1.126 0.5831 1001.0 2.5 17.0 56.0 2.0071 0.0 0.0 -2.326 0.5099 1000.0 2.4639 14.0 52.0 4.4071 0.0 0.0 -2.626 0.3 999.0 1.9727 14.0 50.0 6.2071 0.0 0.0 -2.326 0.31623 998.0 1.7023 13.0 
0.09578 219.05074 52.0 820.0 1.0 77.0 0.0 -0.4929 3.074 0.0 0.5 988.0 2.4223 10.0 89.0 1.5071 0.0 1.274 0.0 0.5 982.0 2.5 9.0 92.0 3.6071 0.0 0.0 -0.026 0.31623 978.0 2.47 8.0 94.0 5.3071 0.0 0.0 -0.526 0.2 971.0 2.1488 7.0 96.0 6.5071 0.0 0.0 -0.626 0.2 967.0 2.0463 7.0 
0.03205 156.31647 53.0 821.0 1.0 50.0 0.0 -3.0929 0.0 -0.326 0.41231 1001.0 2.1279 12.0 53.0 0.0 -0.6929 0.0 -1.226 0.44721 999.0 2.0493 10.0 55.0 1.6071 0.0 0.0 -2.226 0.36056 997.0 1.931 9.0 56.0 3.6071 0.0 0.0 -2.926 0.31623 995.0 1.7795 8.0 64.0 5.4071 0.0 0.0 -3.126 0.3 992.0 1.9922 9.0 
0.04388 183.55744 70.0 822.0 1.0 62.0 0.0 -0.4929 1.674 0.0 0.2 989.0 1.6359 8.0 67.0 0.5071 0.0 1.574 0.0 0.2 986.0 1.6981 7.0 72.0 1.5071 0.0 1.274 0.0 0.22361 984.0 1.8258 7.0 75.0 2.6071 0.0 1.074 0.0 0.14142 982.0 1.8533 6.0 78.0 3.6071 0.0 0.874 0.0 0.2 980.0 1.883 6.0 
0.06018 187.34835 85.0 824.0 1.0 74.0 0.1071 0.0 2.674 0.0 0.36056 984.0 1.9286 10.0 75.0 1.1071 0.0 1.274 0.0 0.28284 982.0 1.8533 9.0 76.0 2.2071 0.0 0.374 0.0 0.22361 981.0 1.8436 9.0 79.0 3.3071 0.0 0.0 -0.126 0.2 979.0 1.8748 8.0 85.0 4.3071 0.0 0.0 -0.026 0.22361 972.0 1.7999 7.0 
0.05867 242.05755 52.0 825.0 1.0 94.0 0.0 -0.3929 3.874 0.0 0.56569 980.0 2.5 8.0 92.0 1.6071 0.0 1.474 0.0 0.5 982.0 2.5 9.0 86.0 3.4071 0.0 0.0 -0.426 0.42426 983.0 2.5 9.0 84.0 5.0071 0.0 0.0 -1.926 0.28284 982.0 2.3248 9.0 79.0 6.3071 0.0 0.0 -2.926 0.22361 982.0 2.0563 9.0 
0.07412 153.45992 63.0 826.0 1.0 55.0 0.0 -0.0929 2.874 0.0 0.44721 997.0 1.931 13.0 54.0 1.2071 0.0 0.674 0.0 0.36056 996.0 1.752 12.0 56.0 2.5071 0.0 0.0 -1.026 0.36056 994.0 1.6858 11.0 63.0 3.8071 0.0 0.0 -2.426 0.28284 989.0 1.6891 9.0 77.0 5.0071 0.0 0.0 -3.426 0.22361 981.0 1.8924 9.0 
0.05003 250.35032 93.0 827.0 1.0 46.0 0.8071 0.0 2.474 0.0 0.28284 999.0 1.5437 17.0 43.0 1.7071 0.0 1.474 0.0 0.14142 999.0 1.3489 17.0 41.0 2.5071 0.0 0.974 0.0 0.14142 999.0 1.2264 17.0 39.0 3.1071 0.0 0.674 0.0 0.14142 999.0 1.1096 17.0 36.0 3.5071 0.0 0.474 0.0 0.14142 999.0 1.0 17.0 
0.04427 164.81188 327.0 828.0 1.0 75.0 0.3071 0.0 2.474 0.0 0.36056 989.0 2.3938 11.0 69.0 1.4071 0.0 0.474 0.0 0.28284 990.0 2.1142 11.0 65.0 2.6071 0.0 0.0 -0.826 0.22361 990.0 1.8762 11.0 63.0 3.5071 0.0 0.0 -1.726 0.22361 989.0 1.6891 11.0 65.0 4.4071 0.0 0.0 -2.426 0.22361 987.0 1.6597 10.0 
0.06986 218.67807 37.0 829.0 1.0 65.0 0.0 -1.6929 3.574 0.0 0.64031 999.0 2.5 13.0 74.0 1.3071 0.0 1.474 0.0 0.67082 996.0 2.5 10.0 78.0 4.5071 0.0 0.0 -0.326 0.5831 994.0 2.5 10.0 77.0 7.5071 0.0 0.0 -1.826 0.44721 993.0 2.5 9.0 70.0 10.1071 0.0 0.0 -3.126 0.41231 995.0 2.5 10.0 
0.09609 234.34953 47.0 831.0 1.0 80.0 0.0 -0.9929 3.974 0.0 0.56569 992.0 2.5 12.0 84.0 1.4071 0.0 1.574 0.0 0.5 988.0 2.5 10.0 85.0 3.6071 0.0 0.0 -0.226 0.44721 985.0 2.5 9.0 91.0 5.6071 0.0 0.0 -1.226 0.31623 977.0 2.3494 8.0 97.0 7.2071 0.0 0.0 -1.826 0.22361 969.0 2.1841 7.0 
0.04517 239.87422 73.0 832.0 1.0 54.0 0.0 -0.7929 2.674 0.0 0.31623 996.0 1.752 14.0 56.0 0.6071 0.0 2.074 0.0 0.31623 995.0 1.7795 13.0 54.0 1.9071 0.0 1.574 0.0 0.2 995.0 1.6546 13.0 51.0 2.9071 0.0 1.574 0.0 0.2 995.0 1.4759 13.0 51.0 3.9071 0.0 1.974 0.0 0.14142 995.0 1.4759 13.0 
0.04509 223.86987 63.0 833.0 1.0 98.0 0.4071 0.0 3.274 0.0 0.44721 976.0 2.5 8.0 96.0 1.7071 0.0 1.074 0.0 0.36056 974.0 2.4136 8.0 91.0 3.0071 0.0 0.0 -0.626 0.28284 976.0 2.2859 8.0 90.0 4.3071 0.0 0.0 -1.726 0.28284 975.0 2.1771 8.0 91.0 5.4071 0.0 0.0 -2.626 0.22361 972.0 2.0629 7.0 
0.0385 196.48588 150.0 834.0 1.0 74.0 0.5071 0.0 3.074 0.0 0.41231 990.0 2.4318 11.0 68.0 1.4071 0.0 1.074 0.0 0.36056 990.0 2.0534 11.0 64.0 2.3071 0.0 0.0 -0.226 0.22361 990.0 1.8189 11.0 63.0 3.1071 0.0 0.0 -1.226 0.14142 990.0 1.7625 11.0 63.0 3.8071 0.0 0.0 -1.826 0.14142 989.0 1.6891 10.0 
0.02142 265.39138 57.0 835.0 1.0 62.0 0.2071 0.0 4.074 0.0 0.5 998.0 2.5 15.0 58.0 1.7071 0.0 1.674 0.0 0.42426 998.0 2.2906 16.0 54.0 3.3071 0.0 0.0 -0.226 0.28284 998.0 1.9855 16.0 51.0 4.7071 0.0 0.0 -1.626 0.28284 999.0 1.8976 16.0 47.0 5.9071 0.0 0.0 -2.726 0.28284 999.0 1.6116 17.0 
0.13229 176.94829 56.0 837.0 1.0 66.0 0.0 -1.1929 1.874 0.0 0.3 992.0 2.1186 12.0 75.0 0.6071 0.0 1.474 0.0 0.31623 987.0 2.2097 10.0 83.0 2.3071 0.0 0.974 0.0 0.3 981.0 2.1988 9.0 93.0 3.9071 0.0 0.974 0.0 0.3 973.0 2.2085 7.0 96.0 5.4071 0.0 1.274 0.0 0.31623 969.0 2.1393 7.0 
0.08846 155.51597 158.0 838.0 1.0 58.0 0.2071 0.0 2.074 0.0 0.28284 994.0 1.8084 13.0 55.0 1.0071 0.0 0.974 0.0 0.14142 993.0 1.5448 13.0 54.0 1.7071 0.0 0.274 0.0 0.14142 993.0 1.4892 12.0 54.0 2.4071 0.0 0.0 -0.226 0.22361 993.0 1.4892 12.0 53.0 3.1071 0.0 0.0 -0.426 0.14142 992.0 1.3662 12.0 
0.09115 152.06216 292.0 839.0 1.0 43.0 0.0 -1.9929 0.474 0.0 0.28284 997.0 1.1803 14.0 45.0 0.0 -1.0929 0.0 -0.826 0.22361 996.0 1.2166 17.0 48.0 0.0 -0.2929 0.0 -1.726 0.14142 993.0 1.1766 14.0 56.0 0.5071 0.0 0.0 -2.126 0.22361 990.0 1.3926 15.0 70.0 1.4071 0.0 0.0 -2.226 0.2 984.0 1.7258 15.0 
0.05752 285.772 75.0 841.0 1.0 116.0 0.0 -0.1929 2.974 0.0 0.31623 951.0 2.2167 7.0 117.0 1.2071 0.0 2.274 0.0 0.22361 951.0 2.2551 7.0 111.0 2.4071 0.0 1.874 0.0 0.22361 954.0 2.1329 7.0 108.0 3.5071 0.0 1.674 0.0 0.1 955.0 2.054 8.0 107.0 4.4071 0.0 1.774 0.0 0.1 954.0 1.982 8.0 
0.17772 118.12228 78.0 843.0 1.0 60.0 0.0 -0.1929 2.074 0.0 0.22361 992.0 1.7509 19.0 65.0 0.6071 0.0 0.874 0.0 0.22361 989.0 1.798 17.0 72.0 1.5071 0.0 0.074 0.0 0.22361 984.0 1.8258 15.0 81.0 2.4071 0.0 0.0 -0.526 0.2 978.0 1.9146 13.0 91.0 3.4071 0.0 0.0 -0.926 0.2 970.0 1.967 12.0 
0.0677 300.09125 54.0 844.0 1.0 88.0 0.2071 0.0 3.174 0.0 0.31623 976.0 2.1377 8.0 98.0 1.6071 0.0 2.174 0.0 0.22361 969.0 2.2294 7.0 95.0 3.0071 0.0 1.474 0.0 0.22361 970.0 2.1437 7.0 95.0 4.4071 0.0 0.874 0.0 0.2 970.0 2.1437 7.0 96.0 5.8071 0.0 0.474 0.0 0.2 970.0 2.1891 7.0 
0.04869 237.69831 64.0 845.0 1.0 50.0 0.7071 0.0 3.674 0.0 0.53852 1000.0 1.9642 17.0 48.0 1.9071 0.0 0.974 0.0 0.44721 999.0 1.6809 11.0 49.0 3.1071 0.0 0.0 -1.226 0.36056 998.0 1.6349 10.0 51.0 4.3071 0.0 0.0 -3.026 0.36056 997.0 1.6604 13.0 54.0 5.4071 0.0 0.0 -4.426 0.28284 994.0 1.5675 10.0 
0.0931 226.19519 53.0 846.0 1.0 69.0 0.0 -0.0929 2.974 0.0 0.28284 990.0 2.1142 11.0 76.0 1.4071 0.0 1.474 0.0 0.28284 986.0 2.185 10.0 81.0 3.0071 0.0 0.274 0.0 0.28284 983.0 2.2337 9.0 86.0 4.5071 0.0 0.0 -0.626 0.28284 978.0 2.1583 8.0 93.0 5.9071 0.0 0.0 -1.226 0.22361 970.0 2.0544 7.0 
0.13482 108.60466 47.0 847.0 1.0 62.0 0.0 -2.4929 1.174 0.0 0.5099 997.0 2.4538 12.0 66.0 0.0 -0.0929 0.974 0.0 0.4 994.0 2.3416 13.0 71.0 2.1071 0.0 1.374 0.0 0.41231 991.0 2.3403 11.0 78.0 4.2071 0.0 1.974 0.0 0.41231 987.0 2.39 10.0 82.0 6.4071 0.0 2.274 0.0 0.4 985.0 2.4528 9.0 
0.23589 52.6199 45.0 848.0 1.0 39.0 0.0 -1.0929 0.574 0.0 0.1 1000.0 1.195 19.0 43.0 0.0071 0.0 0.474 0.0 0.2 1000.0 1.4527 18.0 46.0 1.4071 0.0 0.474 0.0 0.22361 999.0 1.5437 17.0 48.0 2.9071 0.0 0.274 0.0 0.31623 999.0 1.6809 17.0 49.0 4.7071 0.0 0.0 -0.226 0.31623 1000.0 1.8864 18.0 
0.22165 53.94034 286.0 849.0 1.0 65.0 0.0 -1.3929 0.074 0.0 0.31623 990.0 1.8762 11.0 81.0 0.1071 0.0 0.474 0.0 0.22361 980.0 2.0307 9.0 88.0 1.4071 0.0 0.674 0.0 0.2 974.0 2.0281 8.0 87.0 2.6071 0.0 0.874 0.0 0.22361 974.0 1.9822 8.0 84.0 3.5071 0.0 1.474 0.0 0.28284 975.0 1.8965 8.0 
0.03912 191.53424 62.0 851.0 1.0 59.0 0.0 -0.0929 2.274 0.0 0.14142 990.0 1.5458 11.0 66.0 0.7071 0.0 1.574 0.0 0.22361 988.0 1.7796 10.0 74.0 1.9071 0.0 0.774 0.0 0.22361 985.0 1.9975 9.0 79.0 3.2071 0.0 0.0 -0.026 0.31623 983.0 2.1248 9.0 79.0 4.6071 0.0 0.0 -0.726 0.22361 982.0 2.0563 9.0 
0.04436 220.17673 77.0 852.0 1.0 75.0 0.0 -0.4929 2.774 0.0 0.36056 988.0 2.2981 10.0 80.0 1.2071 0.0 1.574 0.0 0.36056 984.0 2.2541 9.0 81.0 2.6071 0.0 0.674 0.0 0.22361 980.0 2.0307 9.0 84.0 3.7071 0.0 0.174 0.0 0.22361 975.0 1.8965 8.0 89.0 4.7071 0.0 0.0 -0.126 0.14142 970.0 1.8815 7.0 
0.02778 222.81675 112.0 853.0 1.0 74.0 1.0071 0.0 2.374 0.0 0.28284 987.0 2.1512 10.0 71.0 1.8071 0.0 0.874 0.0 0.22361 986.0 1.9069 10.0 69.0 2.4071 0.0 0.0 -0.226 0.22361 986.0 1.801 10.0 69.0 3.0071 0.0 0.0 -1.026 0.14142 984.0 1.6768 9.0 72.0 3.5071 0.0 0.0 -1.426 0.14142 981.0 1.6546 9.0 
0.07777 208.59279 42.0 854.0 1.0 65.0 0.0 -0.5929 3.174 0.0 0.42426 998.0 2.5 11.0 65.0 1.6071 0.0 0.974 0.0 0.5 997.0 2.5 11.0 63.0 3.8071 0.0 0.0 -0.826 0.36056 997.0 2.5 11.0 62.0 5.9071 0.0 0.0 -2.026 0.44721 996.0 2.3095 11.0 58.0 8.0071 0.0 0.0 -2.826 0.31623 997.0 2.1474 11.0 
0.02362 245.42515 73.0 855.0 1.0 76.0 0.6071 0.0 2.874 0.0 0.36056 988.0 2.3598 10.0 71.0 1.8071 0.0 1.274 0.0 0.22361 987.0 1.9803 10.0 69.0 2.8071 0.0 0.474 0.0 0.14142 986.0 1.801 10.0 69.0 3.6071 0.0 0.074 0.0 0.1 984.0 1.6768 9.0 72.0 4.4071 0.0 0.0 -0.126 0.2 982.0 1.708 9.0 
0.08342 202.03239 82.0 856.0 1.0 50.0 0.0 -0.5929 2.174 0.0 0.22361 996.0 1.502 14.0 54.0 0.4071 0.0 1.774 0.0 0.2 994.0 1.5675 13.0 56.0 1.5071 0.0 1.574 0.0 0.22361 994.0 1.6858 12.0 57.0 2.5071 0.0 1.374 0.0 0.2 993.0 1.6592 12.0 56.0 3.5071 0.0 1.474 0.0 0.22361 993.0 1.6015 12.0 
0.06376 124.12592 134.0 857.0 1.0 55.0 0.0 -0.2929 2.574 0.0 0.36056 998.0 2.0598 12.0 55.0 0.8071 0.0 0.774 0.0 0.28284 997.0 1.931 11.0 54.0 2.0071 0.0 0.0 -0.426 0.22361 996.0 1.752 10.0 52.0 3.0071 0.0 0.0 -1.326 0.14142 995.0 1.5343 10.0 51.0 3.8071 0.0 0.0 -1.926 0.14142 995.0 1.4759 10.0 
0.06334 119.24761 78.0 859.0 1.0 34.0 0.6071 0.0 1.174 0.0 0.1 1000.0 1.0 15.0 38.0 1.0071 0.0 0.374 0.0 0.14142 998.0 1.0 14.0 42.0 1.7071 0.0 0.0 -0.526 0.14142 997.0 1.1261 12.0 48.0 2.4071 0.0 0.0 -1.326 0.22361 994.0 1.2385 11.0 56.0 3.2071 0.0 0.0 -1.826 0.14142 989.0 1.3346 9.0 
0.10474 250.0243 47.0 860.0 1.0 73.0 0.0 -0.2929 3.474 0.0 0.5 989.0 2.2679 14.0 85.0 1.5071 0.0 1.674 0.0 0.42426 984.0 2.5 12.0 97.0 3.5071 0.0 0.074 0.0 0.36056 976.0 2.5 10.0 108.0 5.4071 0.0 0.0 -0.926 0.36056 963.0 2.3827 8.0 125.0 7.0071 0.0 0.0 -1.526 0.31623 943.0 2.2798 7.0 
0.3738 132.36053 39.0 866.0 1.0 83.0 0.0 -2.7929 3.874 0.0 0.92195 998.0 2.5 17.0 79.0 0.9071 0.0 0.774 0.0 0.72111 996.0 2.5 14.0 78.0 4.2071 0.0 0.0 -1.426 0.64031 995.0 2.5 13.0 74.0 7.0071 0.0 0.0 -3.526 0.56569 994.0 2.5 13.0 72.0 9.4071 0.0 0.0 -5.626 0.5 994.0 2.5 13.0 
0.09951 281.57238 48.0 867.0 1.0 60.0 0.0 -0.9929 3.874 0.0 0.5 1000.0 2.5 19.0 55.0 1.3071 0.0 2.174 0.0 0.31623 999.0 2.2069 18.0 50.0 3.2071 0.0 1.374 0.0 0.31623 999.0 1.8239 18.0 47.0 4.9071 0.0 0.874 0.0 0.22361 1000.0 1.7355 18.0 46.0 6.5071 0.0 0.274 0.0 0.22361 1000.0 1.6625 19.0 
0.13089 179.34545 70.0 868.0 1.0 78.0 0.0 -0.4929 2.874 0.0 0.42426 988.0 2.4856 17.0 81.0 1.2071 0.0 1.074 0.0 0.28284 985.0 2.3933 15.0 82.0 2.6071 0.0 0.0 -0.326 0.42426 983.0 2.2892 15.0 82.0 3.9071 0.0 0.0 -1.526 0.28284 980.0 2.0811 14.0 85.0 4.9071 0.0 0.0 -2.426 0.22361 977.0 2.0498 13.0 
0.078 253.61463 39.0 869.0 1.0 96.0 0.0 -2.2929 5.174 0.0 0.92195 991.0 2.5 12.0 98.0 1.3071 0.0 1.874 0.0 0.64031 987.0 2.5 10.0 95.0 4.4071 0.0 0.0 -0.326 0.5 984.0 2.5 9.0 94.0 7.0071 0.0 0.0 -1.626 0.41231 979.0 2.5 8.0 94.0 9.2071 0.0 0.0 -2.226 0.31623 976.0 2.4391 8.0 
0.02473 312.74644 81.0 870.0 1.0 75.0 0.3071 0.0 3.474 0.0 0.42426 990.0 2.4979 11.0 72.0 1.9071 0.0 2.074 0.0 0.36056 989.0 2.2062 10.0 69.0 3.3071 0.0 1.274 0.0 0.22361 988.0 1.9451 10.0 66.0 4.4071 0.0 0.974 0.0 0.1 987.0 1.7112 10.0 65.0 5.2071 0.0 1.074 0.0 0.1 987.0 1.6597 10.0 
0.06993 269.99085 52.0 873.0 1.0 135.0 0.0071 0.0 4.174 0.0 0.72111 951.0 2.5 9.0 144.0 2.0071 0.0 1.374 0.0 0.5 935.0 2.5 8.0 147.0 3.8071 0.0 0.0 -0.526 0.42426 925.0 2.5 8.0 152.0 5.4071 0.0 0.0 -2.026 0.28284 916.0 2.4328 7.0 137.0 6.6071 0.0 0.0 -3.126 0.22361 928.0 2.2553 8.0 
0.06637 298.16812 42.0 874.0 1.0 70.0 0.0 -1.1929 4.374 0.0 0.64031 998.0 2.5 16.0 74.0 1.7071 0.0 2.074 0.0 0.64031 995.0 2.5 14.0 74.0 4.3071 0.0 0.0 -0.126 0.5 994.0 2.5 13.0 73.0 6.4071 0.0 0.0 -1.826 0.42426 991.0 2.474 11.0 72.0 8.1071 0.0 0.0 -3.126 0.28284 989.0 2.2062 10.0 
0.06548 216.33574 64.0 875.0 1.0 65.0 0.0 -0.4929 2.374 0.0 0.22361 990.0 1.8762 14.0 76.0 0.8071 0.0 1.774 0.0 0.22361 983.0 1.9665 12.0 86.0 2.1071 0.0 1.374 0.0 0.2 975.0 1.9879 10.0 97.0 3.2071 0.0 1.474 0.0 0.22361 965.0 2.0021 9.0 112.0 4.3071 0.0 1.874 0.0 0.22361 951.0 2.0665 7.0 
0.02487 313.85545 44.0 876.0 1.0 48.0 0.0 -2.5929 0.0 -2.126 0.44721 1001.0 1.961 18.0 50.0 0.0 -0.0929 0.0 -2.826 0.41231 1001.0 2.1279 22.0 55.0 2.4071 0.0 0.0 -3.026 0.4 1000.0 2.3767 18.0 61.0 5.0071 0.0 0.0 -2.826 0.5099 998.0 2.5 16.0 60.0 7.5071 0.0 0.0 -2.126 0.41231 998.0 2.4513 16.0 
0.22693 38.12432 39.0 877.0 1.0 56.0 0.0 -1.6929 3.674 0.0 0.72111 999.0 2.2879 12.0 55.0 0.2071 0.0 0.274 0.0 0.5831 998.0 2.0598 11.0 53.0 1.8071 0.0 0.0 -2.526 0.44721 997.0 1.7931 10.0 55.0 3.1071 0.0 0.0 -4.926 0.44721 996.0 1.8174 13.0 61.0 4.2071 0.0 0.0 -7.426 0.53852 993.0 1.9003 11.0 
0.07163 275.67418 45.0 878.0 1.0 62.0 0.0 -1.4929 3.974 0.0 0.5831 1000.0 2.5 14.0 63.0 1.5071 0.0 1.974 0.0 0.5 1000.0 2.5 13.0 53.0 3.9071 0.0 0.574 0.0 0.36056 1000.0 2.207 14.0 46.0 5.8071 0.0 0.0 -0.126 0.31623 1001.0 1.801 15.0 41.0 7.4071 0.0 0.0 -0.426 0.2 1001.0 1.4308 16.0 
0.02483 221.63969 60.0 879.0 1.0 48.0 0.0 -3.1929 0.874 0.0 0.5 1001.0 1.961 13.0 45.0 0.0 -1.4929 0.0 -1.326 0.36056 1001.0 1.7236 17.0 45.0 0.0071 0.0 0.0 -2.726 0.28284 999.0 1.4773 15.0 48.0 1.6071 0.0 0.0 -3.426 0.2 998.0 1.5688 13.0 54.0 3.2071 0.0 0.0 -3.426 0.3 997.0 1.8615 15.0 
0.0428 242.05755 56.0 880.0 1.0 106.0 0.0071 0.0 3.474 0.0 0.5 967.0 2.4948 9.0 117.0 1.6071 0.0 1.474 0.0 0.28284 953.0 2.3303 8.0 133.0 3.0071 0.0 0.074 0.0 0.36056 934.0 2.287 6.0 145.0 4.5071 0.0 0.0 -0.926 0.22361 920.0 2.3091 6.0 150.0 5.8071 0.0 0.0 -1.826 0.31623 913.0 2.2981 6.0 
0.03955 183.86527 64.0 883.0 1.0 50.0 0.0071 0.0 3.374 0.0 0.44721 1000.0 1.9642 12.0 48.0 1.4071 0.0 0.874 0.0 0.44721 999.0 1.6809 11.0 51.0 2.9071 0.0 0.0 -1.126 0.42426 999.0 1.8976 14.0 51.0 4.4071 0.0 0.0 -2.726 0.28284 997.0 1.6604 12.0 53.0 5.5071 0.0 0.0 -3.726 0.22361 994.0 1.51 10.0 
0.08685 302.817 57.0 884.0 1.0 65.0 0.0 -0.0929 3.374 0.0 0.36056 993.0 2.1576 12.0 71.0 1.5071 0.0 2.274 0.0 0.31623 989.0 2.1453 11.0 78.0 3.0071 0.0 1.374 0.0 0.31623 985.0 2.2193 9.0 82.0 4.5071 0.0 0.474 0.0 0.28284 981.0 2.1462 9.0 78.0 5.7071 0.0 0.0 -0.626 0.28284 984.0 2.1428 9.0 
0.13547 140.98863 61.0 886.0 1.0 122.0 0.0 -0.5929 2.674 0.0 0.36056 954.0 2.5 10.0 133.0 1.0071 0.0 0.774 0.0 0.42426 942.0 2.5 8.0 131.0 2.7071 0.0 0.0 -0.526 0.28284 940.0 2.4011 8.0 130.0 4.1071 0.0 0.0 -1.326 0.22361 938.0 2.3015 8.0 128.0 5.4071 0.0 0.0 -1.926 0.2 936.0 2.1733 8.0 
0.11605 309.79514 107.0 887.0 1.0 65.0 0.0 -0.2929 3.174 0.0 0.14142 986.0 1.5983 12.0 71.0 0.3071 0.0 2.774 0.0 0.1 982.0 1.6609 11.0 76.0 0.9071 0.0 2.774 0.0 0.2 979.0 1.7351 11.0 79.0 1.6071 0.0 2.674 0.0 0.1 977.0 1.7707 10.0 80.0 2.3071 0.0 2.574 0.0 0.1 976.0 1.7667 10.0 
0.04819 194.80947 64.0 888.0 1.0 69.0 0.0 -0.3929 2.674 0.0 0.36056 991.0 2.2103 8.0 72.0 1.2071 0.0 1.274 0.0 0.22361 988.0 2.1179 8.0 71.0 2.5071 0.0 0.274 0.0 0.28284 987.0 1.9803 7.0 70.0 3.7071 0.0 0.0 -0.626 0.22361 986.0 1.8536 7.0 73.0 4.8071 0.0 0.0 -1.226 0.14142 983.0 1.8143 7.0 
0.02122 285.43508 77.0 889.0 1.0 85.0 0.4071 0.0 4.074 0.0 0.5831 988.0 2.5 13.0 81.0 2.1071 0.0 1.474 0.0 0.5 987.0 2.5 13.0 76.0 3.5071 0.0 0.0 -0.426 0.22361 986.0 2.185 13.0 78.0 4.5071 0.0 0.0 -1.626 0.22361 981.0 1.9419 11.0 86.0 5.3071 0.0 0.0 -2.426 0.14142 973.0 1.8885 10.0 
0.12157 127.3962 69.0 891.0 1.0 57.0 0.0 -0.2929 1.774 0.0 0.28284 993.0 1.6592 16.0 59.0 0.6071 0.0 0.974 0.0 0.22361 992.0 1.693 15.0 61.0 1.5071 0.0 0.274 0.0 0.22361 990.0 1.6524 14.0 63.0 2.5071 0.0 0.0 -0.226 0.1 989.0 1.6891 14.0 66.0 3.4071 0.0 0.0 -0.326 0.2 987.0 1.7112 13.0 
0.08177 232.72405 84.0 894.0 1.0 69.0 0.0 -0.9929 2.174 0.0 0.2 986.0 1.801 10.0 86.0 0.3071 0.0 2.074 0.0 0.2 977.0 2.0984 8.0 96.0 1.8071 0.0 1.774 0.0 0.3 970.0 2.1891 7.0 90.0 3.4071 0.0 1.874 0.0 0.2 975.0 2.1771 8.0 79.0 4.7071 0.0 2.474 0.0 0.28284 981.0 1.992 9.0 
0.11731 222.77416 51.0 896.0 1.0 72.0 0.0 -0.6929 3.474 0.0 0.42426 990.0 2.3021 14.0 78.0 1.1071 0.0 1.674 0.0 0.44721 988.0 2.4856 13.0 79.0 3.0071 0.0 0.174 0.0 0.44721 987.0 2.4517 13.0 78.0 4.8071 0.0 0.0 -1.026 0.28284 985.0 2.2193 12.0 79.0 6.2071 0.0 0.0 -1.826 0.22361 979.0 1.8748 9.0 
0.07136 242.60615 68.0 899.0 1.0 60.0 0.0 -0.8929 0.0 -2.326 0.3 990.0 1.5987 15.0 74.0 0.5071 0.0 0.0 -2.126 0.2 982.0 1.8042 12.0 92.0 1.9071 0.0 0.0 -1.926 0.2 972.0 2.1085 12.0 97.0 3.2071 0.0 0.0 -1.826 0.2 967.0 2.0892 11.0 100.0 4.3071 0.0 0.0 -1.826 0.2 962.0 2.0027 10.0 
0.01636 288.58221 117.0 900.0 1.0 69.0 1.4071 0.0 2.474 0.0 0.22361 987.0 1.8703 7.0 67.0 2.2071 0.0 1.374 0.0 0.22361 988.0 1.834 8.0 65.0 3.1071 0.0 0.574 0.0 0.22361 988.0 1.7261 8.0 65.0 4.0071 0.0 0.0 -0.226 0.14142 988.0 1.7261 8.0 62.0 4.8071 0.0 0.0 -0.926 0.22361 990.0 1.707 8.0 
0.0471 293.6286 55.0 901.0 1.0 50.0 0.0 -0.0929 3.374 0.0 0.36056 998.0 1.7023 22.0 51.0 1.5071 0.0 2.174 0.0 0.36056 998.0 1.7711 22.0 50.0 3.2071 0.0 1.174 0.0 0.28284 999.0 1.8239 22.0 47.0 4.7071 0.0 0.174 0.0 0.22361 999.0 1.6116 23.0 45.0 6.0071 0.0 0.0 -0.726 0.28284 999.0 1.4773 23.0 
0.05764 255.92004 72.0 902.0 1.0 52.0 0.0 -0.4929 2.774 0.0 0.31623 997.0 1.7261 19.0 53.0 1.0071 0.0 2.074 0.0 0.31623 997.0 1.7931 19.0 50.0 2.5071 0.0 1.274 0.0 0.28284 997.0 1.5959 20.0 46.0 3.7071 0.0 0.474 0.0 0.28284 998.0 1.4408 22.0 44.0 4.8071 0.0 0.0 -0.526 0.14142 999.0 1.4124 23.0 
0.03532 279.22064 59.0 903.0 1.0 52.0 0.5071 0.0 3.774 0.0 0.5831 999.0 1.9727 12.0 50.0 2.1071 0.0 1.374 0.0 0.42426 998.0 1.7023 11.0 50.0 3.5071 0.0 0.0 -0.626 0.36056 998.0 1.7023 13.0 51.0 4.6071 0.0 0.0 -2.326 0.36056 996.0 1.5627 12.0 54.0 5.7071 0.0 0.0 -3.826 0.22361 994.0 1.5675 12.0 
0.04908 192.1136 70.0 905.0 1.0 50.0 0.0 -0.5929 2.674 0.0 0.28284 999.0 1.8239 17.0 56.0 0.9071 0.0 1.474 0.0 0.36056 996.0 1.8841 15.0 57.0 2.4071 0.0 0.574 0.0 0.28284 995.0 1.8436 13.0 57.0 3.6071 0.0 0.0 -0.226 0.22361 994.0 1.7465 13.0 58.0 4.7071 0.0 0.0 -0.826 0.22361 992.0 1.6361 12.0 
0.13404 130.72136 62.0 907.0 1.0 42.0 0.0 -1.9929 1.274 0.0 0.31623 1001.0 1.5014 23.0 48.0 0.0 -0.0929 1.174 0.0 0.3 1000.0 1.8102 19.0 50.0 1.8071 0.0 1.374 0.0 0.31623 999.0 1.8239 17.0 47.0 3.4071 0.0 1.774 0.0 0.22361 999.0 1.6116 17.0 45.0 4.7071 0.0 1.974 0.0 0.22361 999.0 1.4773 17.0 
0.03236 258.10129 65.0 908.0 1.0 40.0 1.2071 0.0 2.674 0.0 0.31623 1000.0 1.2571 16.0 42.0 2.0071 0.0 1.174 0.0 0.28284 999.0 1.2869 15.0 44.0 3.0071 0.0 0.0 -0.026 0.22361 998.0 1.3183 13.0 50.0 3.9071 0.0 0.0 -0.926 0.28284 996.0 1.502 13.0 60.0 5.0071 0.0 0.0 -1.726 0.22361 992.0 1.7509 12.0 
0.07798 286.6373 66.0 911.0 1.0 67.0 0.0 -0.8929 2.774 0.0 0.2 987.0 1.7634 13.0 75.0 0.2071 0.0 2.574 0.0 0.2 982.0 1.8533 12.0 88.0 1.5071 0.0 2.374 0.0 0.2 973.0 1.9774 10.0 104.0 2.8071 0.0 2.074 0.0 0.22361 960.0 2.0844 8.0 129.0 4.1071 0.0 1.574 0.0 0.22361 934.0 2.1515 6.0 
0.051 282.5478 56.0 912.0 1.0 51.0 0.7071 0.0 2.974 0.0 0.28284 996.0 1.5627 14.0 51.0 1.6071 0.0 1.974 0.0 0.22361 996.0 1.5627 14.0 50.0 2.7071 0.0 1.174 0.0 0.22361 997.0 1.5959 15.0 49.0 3.8071 0.0 0.474 0.0 0.22361 998.0 1.6349 15.0 48.0 5.0071 0.0 0.0 -0.226 0.22361 998.0 1.5688 16.0 
0.02793 183.20941 50.0 913.0 1.0 49.0 0.0 -2.9929 1.174 0.0 0.5831 1000.0 1.8864 16.0 51.0 0.0 -1.2929 0.0 -1.026 0.42426 998.0 1.7711 14.0 56.0 0.7071 0.0 0.0 -2.326 0.31623 996.0 1.8841 12.0 61.0 2.9071 0.0 0.0 -2.726 0.4 995.0 2.1114 15.0 67.0 5.1071 0.0 0.0 -2.526 0.41231 991.0 2.0841 14.0 
0.07099 186.90786 56.0 915.0 1.0 77.0 0.0 -0.5929 2.974 0.0 0.5 990.0 2.5 11.0 73.0 1.2071 0.0 1.174 0.0 0.36056 990.0 2.3665 11.0 70.0 2.9071 0.0 0.0 -0.126 0.36056 990.0 2.176 11.0 66.0 4.4071 0.0 0.0 -1.126 0.22361 990.0 1.9344 11.0 65.0 5.6071 0.0 0.0 -1.826 0.22361 990.0 1.8762 11.0 
0.03243 308.14341 47.0 917.0 1.0 41.0 0.0 -1.6929 3.474 0.0 0.36056 1001.0 1.4308 17.0 45.0 0.1071 0.0 2.774 0.0 0.3 1000.0 1.591 15.0 50.0 2.1071 0.0 2.774 0.0 0.31623 999.0 1.8239 16.0 57.0 4.2071 0.0 2.974 0.0 0.4 997.0 2.074 16.0 62.0 6.3071 0.0 2.874 0.0 0.41231 995.0 2.1812 14.0 
0.07895 175.01805 53.0 918.0 1.0 47.0 0.0 -1.5929 1.374 0.0 0.2 996.0 1.3272 12.0 60.0 0.0 -0.0929 1.574 0.0 0.31623 994.0 1.9352 13.0 71.0 1.7071 0.0 1.974 0.0 0.3 989.0 2.1453 11.0 76.0 3.5071 0.0 2.274 0.0 0.31623 986.0 2.185 10.0 79.0 5.2071 0.0 2.474 0.0 0.31623 983.0 2.1248 9.0 
0.04205 281.38153 62.0 919.0 1.0 48.0 0.8071 0.0 3.174 0.0 0.28284 998.0 1.5688 16.0 49.0 1.7071 0.0 1.874 0.0 0.28284 998.0 1.6349 15.0 49.0 2.7071 0.0 0.774 0.0 0.22361 997.0 1.5327 15.0 49.0 3.7071 0.0 0.0 -0.026 0.14142 997.0 1.5327 15.0 50.0 4.6071 0.0 0.0 -0.826 0.22361 997.0 1.5959 14.0 
0.03667 320.44196 50.0 920.0 1.0 50.0 0.0 -0.2929 3.074 0.0 0.31623 998.0 1.7023 16.0 53.0 1.3071 0.0 2.574 0.0 0.31623 998.0 1.9127 15.0 52.0 2.9071 0.0 1.874 0.0 0.28284 998.0 1.8412 16.0 51.0 4.4071 0.0 0.874 0.0 0.36056 999.0 1.8976 16.0 50.0 6.0071 0.0 0.0 -0.326 0.36056 1000.0 1.9642 18.0 
0.03209 258.7797 71.0 921.0 1.0 41.0 0.0 -2.2929 0.0 -1.226 0.36056 1001.0 1.4308 18.0 41.0 0.0 -0.6929 0.0 -2.226 0.22361 1000.0 1.3207 16.0 44.0 0.8071 0.0 0.0 -2.626 0.31623 999.0 1.4124 14.0 47.0 2.3071 0.0 0.0 -2.726 0.22361 997.0 1.4101 12.0 54.0 3.6071 0.0 0.0 -2.326 0.22361 996.0 1.752 14.0 
0.11211 250.0243 51.0 922.0 1.0 103.0 0.0 -0.9929 3.674 0.0 0.64031 976.0 2.5 8.0 111.0 1.5071 0.0 1.674 0.0 0.56569 967.0 2.5 7.0 117.0 3.6071 0.0 0.0 -0.326 0.42426 957.0 2.4967 6.0 131.0 5.2071 0.0 0.0 -1.826 0.36056 939.0 2.3686 5.0 120.0 6.5071 0.0 0.0 -3.326 0.28284 948.0 2.2627 6.0 
0.08454 194.80947 73.0 923.0 1.0 42.0 0.6071 0.0 1.874 0.0 0.14142 997.0 1.1261 16.0 46.0 1.2071 0.0 1.274 0.0 0.1 996.0 1.2713 14.0 49.0 1.8071 0.0 0.874 0.0 0.14142 995.0 1.3624 13.0 51.0 2.4071 0.0 0.474 0.0 0.14142 993.0 1.3283 13.0 55.0 3.0071 0.0 0.074 0.0 0.22361 992.0 1.4713 12.0 
0.11383 118.12228 49.0 925.0 1.0 53.0 0.0 -1.2929 2.574 0.0 0.5 1000.0 2.207 15.0 52.0 0.6071 0.0 0.874 0.0 0.36056 998.0 1.8412 13.0 54.0 2.4071 0.0 0.074 0.0 0.31623 997.0 1.8615 15.0 62.0 4.1071 0.0 0.0 -0.126 0.3 993.0 1.9631 13.0 68.0 6.0071 0.0 0.0 -0.426 0.3 991.0 2.1467 12.0 
0.06004 212.70063 69.0 928.0 1.0 45.0 0.0 -2.0929 0.974 0.0 0.22361 996.0 1.2166 12.0 54.0 0.0 -1.0929 1.574 0.0 0.28284 994.0 1.5675 13.0 62.0 0.0 -0.0929 2.574 0.0 0.22361 991.0 1.7846 11.0 73.0 1.0071 0.0 3.674 0.0 0.22361 986.0 2.0159 10.0 84.0 2.4071 0.0 4.474 0.0 0.31623 979.0 2.1196 8.0 
0.09413 125.44014 63.0 929.0 1.0 41.0 0.2071 0.0 1.674 0.0 0.28284 999.0 1.2264 14.0 43.0 0.9071 0.0 0.674 0.0 0.22361 998.0 1.259 16.0 49.0 1.6071 0.0 0.174 0.0 0.2 995.0 1.3624 14.0 54.0 2.4071 0.0 0.0 -0.026 0.2 993.0 1.4892 12.0 60.0 3.4071 0.0 0.0 -0.126 0.22361 992.0 1.7509 11.0 
0.06774 125.5501 44.0 930.0 1.0 49.0 0.0 -1.8929 0.0 -0.726 0.31623 997.0 1.5327 10.0 57.0 0.1071 0.0 0.0 -1.126 0.4 996.0 1.952 11.0 64.0 2.3071 0.0 0.0 -1.126 0.41231 992.0 1.9922 10.0 79.0 4.6071 0.0 0.0 -1.026 0.41231 987.0 2.4517 10.0 95.0 7.1071 0.0 0.0 -1.726 0.44721 978.0 2.5 8.0 
0.07844 181.94408 60.0 933.0 1.0 57.0 0.0 -1.6929 0.0 -1.726 0.3 995.0 1.8436 11.0 65.0 0.2071 0.0 0.0 -1.626 0.3 991.0 1.9615 10.0 77.0 1.9071 0.0 0.0 -1.226 0.31623 985.0 2.1628 10.0 90.0 3.5071 0.0 0.0 -0.626 0.22361 973.0 2.0683 8.0 103.0 4.8071 0.0 0.0 -0.226 0.22361 962.0 2.1247 6.0 
0.09679 269.08301 48.0 934.0 1.0 65.0 0.0 -0.5929 3.274 0.0 0.42426 995.0 2.3974 13.0 69.0 1.4071 0.0 1.974 0.0 0.5 992.0 2.3156 12.0 72.0 3.4071 0.0 0.774 0.0 0.36056 990.0 2.3021 11.0 74.0 5.2071 0.0 0.0 -0.426 0.28284 988.0 2.2372 10.0 76.0 6.7071 0.0 0.0 -1.626 0.31623 986.0 2.185 10.0 
0.06579 204.37347 60.0 935.0 1.0 39.0 0.0 -1.9929 1.274 0.0 0.22361 1001.0 1.2946 21.0 46.0 0.0 -0.4929 1.774 0.0 0.22361 1000.0 1.6625 18.0 51.0 1.1071 0.0 2.174 0.0 0.31623 998.0 1.7711 16.0 52.0 2.7071 0.0 2.474 0.0 0.3 998.0 1.8412 15.0 51.0 4.3071 0.0 2.274 0.0 0.2 998.0 1.7711 15.0 
0.05387 208.05517 87.0 936.0 1.0 34.0 1.6071 0.0 1.674 0.0 0.1 1000.0 1.0 21.0 35.0 1.7071 0.0 0.774 0.0 0.14142 1000.0 1.0 19.0 37.0 2.1071 0.0 0.174 0.0 0.1 999.0 1.0 17.0 41.0 2.5071 0.0 0.0 -0.226 0.14142 997.0 1.0731 16.0 46.0 3.0071 0.0 0.0 -0.626 0.14142 996.0 1.2713 14.0 
0.1099 124.12592 73.0 939.0 1.0 53.0 0.0 -0.5929 2.274 0.0 0.28284 996.0 1.6877 12.0 54.0 0.8071 0.0 0.774 0.0 0.28284 995.0 1.6546 11.0 55.0 2.1071 0.0 0.0 -0.326 0.28284 994.0 1.6261 10.0 58.0 3.3071 0.0 0.0 -1.326 0.14142 991.0 1.5618 9.0 69.0 4.3071 0.0 0.0 -2.026 0.22361 984.0 1.6768 9.0 
0.08535 159.72767 67.0 944.0 1.0 60.0 0.0 -1.8929 0.0 -0.726 0.36056 993.0 1.8385 10.0 68.0 0.0 -0.1929 0.0 -1.426 0.31623 987.0 1.8165 8.0 84.0 1.3071 0.0 0.0 -1.626 0.2 977.0 2.0019 8.0 96.0 2.6071 0.0 0.0 -1.326 0.22361 967.0 2.0463 7.0 98.0 3.7071 0.0 0.0 -0.926 0.22361 964.0 2.0019 7.0 
0.06817 142.90345 54.0 945.0 1.0 56.0 0.0 -2.7929 0.474 0.0 0.56569 999.0 2.2879 15.0 58.0 0.0 -0.3929 0.0 -1.226 0.44721 998.0 2.2906 17.0 62.0 1.8071 0.0 0.0 -2.326 0.4 996.0 2.3095 18.0 59.0 3.8071 0.0 0.0 -2.526 0.31623 995.0 1.9752 18.0 65.0 5.5071 0.0 0.0 -2.326 0.22361 991.0 1.9615 15.0 
0.08046 132.36053 43.0 946.0 1.0 51.0 0.0 -1.2929 3.474 0.0 0.64031 1001.0 2.2138 13.0 53.0 0.9071 0.0 0.774 0.0 0.5 1001.0 2.3909 17.0 56.0 3.1071 0.0 0.0 -1.626 0.56569 1000.0 2.4639 15.0 59.0 5.4071 0.0 0.0 -3.926 0.5 999.0 2.5 14.0 62.0 7.6071 0.0 0.0 -6.026 0.56569 997.0 2.4538 12.0 
0.04568 262.51785 100.0 947.0 1.0 66.0 1.6071 0.0 2.174 0.0 0.22361 988.0 1.7796 10.0 63.0 2.1071 0.0 1.074 0.0 0.14142 988.0 1.6215 10.0 61.0 2.5071 0.0 0.374 0.0 0.22361 988.0 1.5202 10.0 61.0 2.8071 0.0 0.0 -0.326 0.14142 987.0 1.4617 10.0 67.0 3.1071 0.0 0.0 -0.826 0.1 984.0 1.581 9.0 
0.3081 61.84866 74.0 948.0 1.0 67.0 0.0 -1.5929 0.0 -0.326 0.22361 990.0 1.9935 14.0 81.0 0.0 -0.2929 0.474 0.0 0.22361 980.0 2.0307 11.0 90.0 1.0071 0.0 1.174 0.0 0.22361 974.0 2.1213 10.0 100.0 2.3071 0.0 1.774 0.0 0.22361 964.0 2.0844 9.0 117.0 3.4071 0.0 2.174 0.0 0.22361 946.0 2.0868 7.0 
0.06187 121.95089 95.0 949.0 1.0 43.0 0.0 -1.3929 0.0 -0.426 0.22361 997.0 1.1803 13.0 50.0 0.0 -0.3929 0.0 -1.026 0.22361 994.0 1.3439 11.0 59.0 0.6071 0.0 0.0 -1.326 0.22361 990.0 1.5458 10.0 76.0 1.7071 0.0 0.0 -1.426 0.1 980.0 1.7877 9.0 86.0 2.6071 0.0 0.0 -1.526 0.2 973.0 1.8885 7.0 
0.04152 324.94966 55.0 950.0 1.0 53.0 0.0 -2.1929 0.0 -2.526 0.31623 998.0 1.9127 13.0 58.0 0.0 -0.0929 0.0 -2.926 0.3 996.0 2.0211 11.0 72.0 1.8071 0.0 0.0 -2.626 0.36056 989.0 2.2062 11.0 71.0 3.5071 0.0 0.0 -1.826 0.36056 989.0 2.1453 11.0 78.0 5.2071 0.0 0.0 -1.326 0.2 984.0 2.1428 9.0 
0.2588 52.6199 64.0 951.0 1.0 49.0 0.0 -1.6929 0.674 0.0 0.31623 997.0 1.5327 12.0 59.0 0.0071 0.0 0.474 0.0 0.3 995.0 1.9752 14.0 68.0 1.8071 0.0 0.574 0.0 0.31623 990.0 2.0534 11.0 72.0 3.3071 0.0 1.074 0.0 0.31623 987.0 2.0365 10.0 72.0 4.7071 0.0 1.574 0.0 0.22361 986.0 1.961 10.0 
0.20424 83.98134 43.0 952.0 1.0 45.0 0.0 -2.4929 0.0 -0.226 0.31623 1001.0 1.7236 16.0 51.0 0.0 -0.4929 0.574 0.0 0.44721 1000.0 2.0435 19.0 59.0 1.8071 0.0 1.374 0.0 0.41231 998.0 2.3703 16.0 68.0 4.6071 0.0 1.074 0.0 0.5099 996.0 2.5 15.0 72.0 7.5071 0.0 0.0 -0.326 0.5831 996.0 2.5 14.0 
0.23969 69.94114 42.0 953.0 1.0 54.0 0.0 -1.7929 3.374 0.0 0.5831 1001.0 2.4819 18.0 56.0 0.5071 0.0 0.374 0.0 0.56569 1001.0 2.5 17.0 56.0 2.8071 0.0 0.0 -2.126 0.5 1000.0 2.4639 20.0 63.0 5.4071 0.0 0.0 -4.226 0.5 999.0 2.5 17.0 65.0 8.1071 0.0 0.0 -6.126 0.5 998.0 2.5 16.0 
0.08326 156.64953 61.0 954.0 1.0 53.0 0.0 -0.7929 1.974 0.0 0.22361 997.0 1.7931 15.0 55.0 0.6071 0.0 1.274 0.0 0.22361 995.0 1.7165 14.0 58.0 2.0071 0.0 0.974 0.0 0.22361 994.0 1.8084 13.0 60.0 3.3071 0.0 0.674 0.0 0.2 993.0 1.8385 12.0 63.0 4.6071 0.0 0.274 0.0 0.31623 992.0 1.9304 11.0 
0.17231 91.85989 54.0 956.0 1.0 45.0 0.0 -1.7929 0.574 0.0 0.3 998.0 1.3789 13.0 55.0 0.0 -0.2929 0.774 0.0 0.31623 996.0 1.8174 14.0 64.0 1.4071 0.0 1.374 0.0 0.31623 993.0 2.0918 12.0 68.0 3.1071 0.0 2.174 0.0 0.22361 991.0 2.1467 11.0 72.0 4.8071 0.0 2.674 0.0 0.3 989.0 2.2062 10.0 
0.05543 151.10139 102.0 957.0 1.0 37.0 0.0 -1.4929 1.374 0.0 0.3 1001.0 1.1652 18.0 37.0 0.0 -1.2929 0.0 -0.426 0.2 1000.0 1.0756 16.0 38.0 0.0 -0.8929 0.0 -1.726 0.28284 999.0 1.0535 15.0 40.0 0.0 -0.0929 0.0 -2.426 0.14142 997.0 1.0214 15.0 45.0 0.6071 0.0 0.0 -2.626 0.2 995.0 1.149 15.0 
0.06328 185.81567 57.0 958.0 1.0 49.0 0.0 -1.6929 1.374 0.0 0.2 998.0 1.6349 15.0 58.0 0.0071 0.0 1.674 0.0 0.31623 995.0 1.9088 14.0 65.0 1.8071 0.0 2.174 0.0 0.31623 993.0 2.1576 12.0 66.0 3.5071 0.0 2.574 0.0 0.2 991.0 2.0223 11.0 65.0 5.0071 0.0 2.674 0.0 0.2 991.0 1.9615 11.0 
0.10537 126.56952 66.0 960.0 1.0 31.0 0.0 -1.4929 0.774 0.0 0.1 1001.0 1.0 12.0 38.0 0.0 -0.5929 0.974 0.0 0.22361 1000.0 1.1345 15.0 45.0 0.5071 0.0 1.474 0.0 0.14142 998.0 1.3789 12.0 49.0 1.6071 0.0 1.774 0.0 0.14142 997.0 1.5327 11.0 51.0 2.7071 0.0 1.974 0.0 0.2 996.0 1.5627 10.0 
0.07655 197.65626 60.0 961.0 1.0 54.0 0.0 -0.8929 2.274 0.0 0.31623 995.0 1.6546 17.0 61.0 0.6071 0.0 1.674 0.0 0.3 993.0 1.9003 16.0 67.0 2.1071 0.0 1.374 0.0 0.2 989.0 1.9104 14.0 74.0 3.4071 0.0 0.974 0.0 0.22361 984.0 1.9286 12.0 88.0 4.7071 0.0 0.274 0.0 0.22361 976.0 2.1377 10.0 
0.04977 139.80301 51.0 963.0 1.0 46.0 0.0 -2.8929 1.774 0.0 0.5 1001.0 1.801 18.0 49.0 0.0 -1.0929 0.0 -0.626 0.5 1000.0 1.8864 17.0 52.0 1.0071 0.0 0.0 -2.626 0.42426 999.0 1.9727 15.0 54.0 3.2071 0.0 0.0 -4.026 0.41231 998.0 1.9855 18.0 57.0 5.4071 0.0 0.0 -4.826 0.31623 996.0 1.952 16.0 
0.0396 293.47246 47.0 964.0 1.0 42.0 0.0 -1.4929 0.0 -3.026 0.31623 1002.0 1.6379 23.0 44.0 0.3071 0.0 0.0 -2.626 0.3 1001.0 1.6478 21.0 45.0 2.1071 0.0 0.0 -2.526 0.31623 1001.0 1.7236 20.0 48.0 4.1071 0.0 0.0 -2.326 0.31623 1000.0 1.8102 20.0 50.0 6.2071 0.0 0.0 -1.826 0.41231 1001.0 2.1279 20.0 
0.1137 97.07306 73.0 965.0 1.0 42.0 0.0 -0.6929 1.874 0.0 0.22361 999.0 1.2869 15.0 45.0 0.4071 0.0 0.774 0.0 0.22361 998.0 1.3789 17.0 50.0 1.5071 0.0 0.174 0.0 0.22361 996.0 1.502 14.0 53.0 2.5071 0.0 0.0 -0.226 0.2 994.0 1.51 13.0 55.0 3.4071 0.0 0.0 -0.526 0.22361 993.0 1.5448 12.0 
0.05238 261.25463 60.0 966.0 1.0 65.0 0.0 -0.8929 2.774 0.0 0.22361 991.0 1.9615 12.0 71.0 0.6071 0.0 2.274 0.0 0.31623 987.0 1.9803 10.0 78.0 2.1071 0.0 1.974 0.0 0.2 982.0 2.0045 9.0 88.0 3.4071 0.0 1.574 0.0 0.31623 975.0 2.0815 8.0 96.0 4.7071 0.0 0.974 0.0 0.31623 969.0 2.1393 7.0 
0.12958 162.56959 56.0 967.0 1.0 60.0 0.0 -1.1929 1.674 0.0 0.3 995.0 2.0427 14.0 64.0 0.5071 0.0 1.374 0.0 0.3 992.0 1.9922 12.0 68.0 2.1071 0.0 1.374 0.0 0.3 989.0 1.9678 11.0 74.0 3.5071 0.0 1.374 0.0 0.31623 984.0 1.9286 9.0 88.0 5.0071 0.0 0.974 0.0 0.22361 975.0 2.0815 8.0 
0.09943 165.00912 72.0 969.0 1.0 46.0 0.0 -2.1929 1.974 0.0 0.31623 1000.0 1.6625 16.0 49.0 0.0 -0.1929 1.474 0.0 0.4 999.0 1.7517 14.0 52.0 1.8071 0.0 1.974 0.0 0.31623 998.0 1.8412 16.0 54.0 3.3071 0.0 2.674 0.0 0.22361 996.0 1.752 14.0 54.0 4.5071 0.0 3.074 0.0 0.22361 995.0 1.6546 13.0 
0.06838 193.7809 72.0 970.0 1.0 50.0 0.1071 0.0 0.0 -1.926 0.22361 996.0 1.502 14.0 56.0 1.0071 0.0 0.0 -1.426 0.22361 993.0 1.6015 12.0 53.0 1.8071 0.0 0.0 -0.726 0.14142 994.0 1.51 13.0 51.0 2.4071 0.0 0.0 -0.026 0.22361 995.0 1.4759 13.0 48.0 3.0071 0.0 0.574 0.0 0.22361 996.0 1.3843 14.0 
0.0259 298.71472 148.0 971.0 1.0 54.0 1.1071 0.0 2.974 0.0 0.36056 997.0 1.8615 15.0 53.0 2.1071 0.0 1.674 0.0 0.28284 996.0 1.6877 14.0 52.0 3.1071 0.0 0.874 0.0 0.22361 995.0 1.5343 13.0 53.0 4.0071 0.0 0.374 0.0 0.14142 994.0 1.51 13.0 53.0 4.8071 0.0 0.0 -0.026 0.1 994.0 1.51 12.0 
0.07467 218.65722 117.0 972.0 1.0 74.0 0.0 -1.2929 2.674 0.0 0.36056 988.0 2.2372 10.0 85.0 0.6071 0.0 1.874 0.0 0.41231 982.0 2.3805 9.0 96.0 2.7071 0.0 1.374 0.0 0.31623 974.0 2.4136 8.0 103.0 4.5071 0.0 0.874 0.0 0.3 966.0 2.3055 7.0 96.0 6.0071 0.0 0.474 0.0 0.2 969.0 2.1393 7.0 
0.06723 241.889 81.0 973.0 1.0 35.0 0.8071 0.0 2.174 0.0 0.14142 1000.0 1.0 21.0 38.0 1.5071 0.0 1.574 0.0 0.22361 998.0 1.0 18.0 42.0 2.3071 0.0 1.274 0.0 0.14142 997.0 1.1261 19.0 49.0 3.1071 0.0 1.174 0.0 0.1 995.0 1.3624 17.0 54.0 3.9071 0.0 1.274 0.0 0.1 992.0 1.4182 16.0 
0.29794 71.5297 71.0 974.0 1.0 59.0 0.0 -1.9929 0.674 0.0 0.31623 993.0 1.7777 13.0 69.0 0.0 -0.2929 0.574 0.0 0.22361 987.0 1.8703 12.0 83.0 1.2071 0.0 0.674 0.0 0.2 979.0 2.0695 11.0 93.0 2.5071 0.0 0.474 0.0 0.22361 971.0 2.1033 9.0 98.0 3.7071 0.0 0.174 0.0 0.22361 965.0 2.0436 9.0 
0.10078 109.93408 45.0 976.0 1.0 51.0 0.0 -1.2929 2.874 0.0 0.56569 1001.0 2.2138 17.0 52.0 0.8071 0.0 0.574 0.0 0.5 1000.0 2.1245 15.0 55.0 2.8071 0.0 0.0 -1.326 0.5 999.0 2.2069 16.0 56.0 4.9071 0.0 0.0 -2.726 0.44721 998.0 2.1353 17.0 63.0 7.1071 0.0 0.0 -3.526 0.41231 996.0 2.3846 14.0 
0.16704 85.01661 57.0 977.0 1.0 56.0 0.0 -1.2929 2.174 0.0 0.42426 998.0 2.1353 13.0 60.0 0.5071 0.0 0.574 0.0 0.36056 996.0 2.1629 14.0 62.0 2.2071 0.0 0.0 -0.626 0.28284 994.0 2.0664 13.0 64.0 3.7071 0.0 0.0 -1.426 0.2 991.0 1.9016 11.0 68.0 5.0071 0.0 0.0 -1.726 0.2 988.0 1.8891 10.0 
0.0512 183.87599 69.0 978.0 1.0 50.0 0.0 -2.9929 0.0 -0.026 0.5 999.0 1.8239 11.0 50.0 0.0 -0.9929 0.0 -1.326 0.36056 999.0 1.8239 14.0 52.0 0.8071 0.0 0.0 -2.026 0.2 996.0 1.6246 12.0 56.0 2.3071 0.0 0.0 -1.726 0.28284 994.0 1.6858 13.0 67.0 3.5071 0.0 0.0 -0.626 0.14142 989.0 1.9104 11.0 
0.05093 250.35032 65.0 979.0 1.0 69.0 0.8071 0.0 2.574 0.0 0.22361 987.0 1.8703 13.0 70.0 1.7071 0.0 1.474 0.0 0.22361 987.0 1.9249 13.0 70.0 2.7071 0.0 0.674 0.0 0.28284 986.0 1.8536 13.0 71.0 3.8071 0.0 0.0 -0.026 0.22361 985.0 1.8388 12.0 72.0 4.8071 0.0 0.0 -0.526 0.1 983.0 1.7649 12.0 
0.05098 210.50196 56.0 980.0 1.0 55.0 0.2071 0.0 2.474 0.0 0.22361 995.0 1.7165 14.0 61.0 1.3071 0.0 1.374 0.0 0.28284 993.0 1.9003 12.0 65.0 2.6071 0.0 0.474 0.0 0.28284 991.0 1.9615 11.0 68.0 4.0071 0.0 0.0 -0.326 0.22361 989.0 1.9678 11.0 71.0 5.3071 0.0 0.0 -1.126 0.22361 987.0 1.9803 10.0 
0.15598 91.60065 70.0 982.0 1.0 47.0 0.0 -1.4929 0.074 0.0 0.22361 995.0 1.2535 11.0 56.0 0.0 -0.5929 0.574 0.0 0.22361 990.0 1.3926 9.0 70.0 0.1071 0.0 1.674 0.0 0.28284 986.0 1.8536 10.0 85.0 0.9071 0.0 2.974 0.0 0.28284 976.0 1.9944 8.0 102.0 1.8071 0.0 4.474 0.0 0.36056 964.0 2.1686 7.0 
0.05333 164.681 63.0 984.0 1.0 55.0 0.0 -0.4929 1.974 0.0 0.31623 997.0 1.931 11.0 53.0 0.9071 0.0 1.174 0.0 0.31623 997.0 1.7931 11.0 49.0 2.3071 0.0 0.774 0.0 0.2 998.0 1.6349 12.0 46.0 3.6071 0.0 0.874 0.0 0.22361 999.0 1.5437 12.0 46.0 4.9071 0.0 1.674 0.0 0.36056 1000.0 1.6625 13.0 
0.03317 300.90555 41.0 985.0 1.0 58.0 0.1071 0.0 3.874 0.0 0.56569 1001.0 2.5 20.0 51.0 2.2071 0.0 1.574 0.0 0.42426 1001.0 2.2138 21.0 44.0 3.8071 0.0 0.0 -0.126 0.42426 1002.0 1.7976 23.0 37.0 5.1071 0.0 0.0 -1.526 0.28284 1002.0 1.2711 24.0 33.0 6.1071 0.0 0.0 -2.726 0.22361 1003.0 1.1123 26.0 
0.15763 267.31802 70.0 987.0 1.0 51.0 0.0 -2.0929 2.574 0.0 0.31623 997.0 1.6604 25.0 53.0 0.0 -0.7929 2.274 0.0 0.14142 995.0 1.5939 22.0 54.0 0.2071 0.0 2.674 0.0 0.22361 994.0 1.5675 21.0 56.0 1.2071 0.0 3.374 0.0 0.22361 994.0 1.6858 21.0 57.0 2.2071 0.0 4.474 0.0 0.31623 994.0 1.7465 21.0 
0.14862 133.60022 47.0 990.0 1.0 58.0 0.0 -1.7929 3.074 0.0 0.56569 1000.0 2.5 15.0 58.0 0.7071 0.0 0.974 0.0 0.5 999.0 2.4542 16.0 62.0 3.0071 0.0 0.0 -0.626 0.5 997.0 2.4538 15.0 65.0 5.1071 0.0 0.0 -2.226 0.42426 995.0 2.3974 14.0 64.0 6.9071 0.0 0.0 -3.726 0.36056 994.0 2.2019 13.0 
0.03796 188.59636 65.0 991.0 1.0 44.0 0.0 -2.3929 0.0 -0.626 0.36056 1000.0 1.5211 12.0 46.0 0.0 -0.4929 0.0 -1.626 0.44721 1000.0 1.6625 14.0 48.0 1.4071 0.0 0.0 -2.426 0.31623 999.0 1.6809 14.0 50.0 3.1071 0.0 0.0 -3.126 0.22361 997.0 1.5959 12.0 54.0 4.5071 0.0 0.0 -3.826 0.22361 995.0 1.6546 12.0 
0.06869 301.81442 85.0 994.0 1.0 56.0 0.0 -1.6929 2.674 0.0 0.22361 992.0 1.5252 10.0 65.0 0.0 -0.4929 2.674 0.0 0.14142 988.0 1.7261 10.0 76.0 0.4071 0.0 3.174 0.0 0.22361 980.0 1.7877 9.0 91.0 1.3071 0.0 3.974 0.0 0.14142 970.0 1.967 7.0 89.0 2.2071 0.0 4.774 0.0 0.22361 973.0 2.0226 7.0 
0.06602 147.73872 49.0 1137.0 1.0 54.0 0.0 -1.1929 2.974 0.0 0.5 1000.0 2.291 11.0 52.0 0.9071 0.0 0.974 0.0 0.5 999.0 1.9727 10.0 53.0 2.8071 0.0 0.0 -0.826 0.42426 998.0 1.9127 9.0 59.0 4.5071 0.0 0.0 -2.626 0.42426 997.0 2.2221 11.0 67.0 6.2071 0.0 0.0 -4.226 0.42426 993.0 2.2925 9.0 
0.16311 72.25976 48.0 1138.0 1.0 46.0 0.0 -1.4929 0.974 0.0 0.3 999.0 1.5437 14.0 52.0 0.3071 0.0 0.574 0.0 0.41231 997.0 1.7261 13.0 59.0 2.2071 0.0 0.0 -0.026 0.31623 995.0 1.9752 14.0 68.0 4.2071 0.0 0.0 -0.726 0.36056 992.0 2.249 12.0 78.0 6.2071 0.0 0.0 -1.926 0.36056 988.0 2.4856 10.0 
0.03876 302.817 50.0 1139.0 1.0 62.0 0.0 -0.7929 4.074 0.0 0.5 999.0 2.5 18.0 57.0 1.5071 0.0 2.274 0.0 0.36056 999.0 2.3703 17.0 54.0 3.4071 0.0 0.874 0.0 0.36056 999.0 2.1274 17.0 52.0 4.9071 0.0 0.0 -0.526 0.28284 998.0 1.8412 16.0 51.0 6.3071 0.0 0.0 -1.526 0.31623 998.0 1.7711 16.0 
0.11103 226.19519 48.0 1140.0 1.0 53.0 0.0071 0.0 2.774 0.0 0.28284 999.0 2.0493 17.0 46.0 1.4071 0.0 1.474 0.0 0.28284 1000.0 1.6625 18.0 40.0 2.4071 0.0 0.574 0.0 0.14142 1000.0 1.2571 19.0 36.0 3.2071 0.0 0.0 -0.026 0.1 1001.0 1.1031 20.0 33.0 3.8071 0.0 0.0 -0.326 0.2 1001.0 1.0 21.0 
0.07775 139.82063 80.0 1141.0 1.0 46.0 0.0 -0.5929 3.074 0.0 0.5 1001.0 1.801 17.0 46.0 0.9071 0.0 0.874 0.0 0.42426 1001.0 1.801 17.0 44.0 2.3071 0.0 0.0 -0.826 0.36056 1000.0 1.5211 15.0 45.0 3.5071 0.0 0.0 -2.226 0.28284 999.0 1.4773 13.0 48.0 4.5071 0.0 0.0 -3.226 0.28284 996.0 1.3843 12.0 
0.06391 156.64953 63.0 1142.0 1.0 65.0 0.0 -0.5929 2.074 0.0 0.28284 990.0 1.8762 11.0 65.0 0.6071 0.0 1.274 0.0 0.2 989.0 1.798 11.0 68.0 1.7071 0.0 0.874 0.0 0.1 987.0 1.8165 10.0 73.0 2.8071 0.0 0.674 0.0 0.1 984.0 1.8769 9.0 80.0 3.9071 0.0 0.574 0.0 0.2 979.0 1.9226 8.0 
0.09488 123.99184 58.0 1143.0 1.0 67.0 0.0 -0.8929 1.474 0.0 0.22361 988.0 1.834 11.0 73.0 0.3071 0.0 1.074 0.0 0.2 984.0 1.8769 9.0 82.0 1.5071 0.0 0.774 0.0 0.2 977.0 1.9077 8.0 98.0 2.7071 0.0 0.574 0.0 0.2 965.0 2.0436 7.0 122.0 4.1071 0.0 0.474 0.0 0.3 944.0 2.2032 5.0 
0.04621 253.07091 71.0 1144.0 1.0 37.0 0.0 -1.6929 0.0 -2.126 0.2 1000.0 1.0756 16.0 41.0 0.0 -0.4929 0.0 -2.226 0.22361 999.0 1.2264 14.0 47.0 0.7071 0.0 0.0 -2.326 0.2 998.0 1.5041 16.0 54.0 1.9071 0.0 0.0 -2.126 0.22361 995.0 1.6546 13.0 57.0 3.0071 0.0 0.0 -1.726 0.14142 993.0 1.6592 12.0 
0.02873 289.68377 206.0 1145.0 1.0 74.0 1.5071 0.0 2.374 0.0 0.1 978.0 1.598 8.0 85.0 1.7071 0.0 1.974 0.0 0.1 969.0 1.6771 7.0 93.0 2.1071 0.0 1.874 0.0 0.14142 962.0 1.7321 6.0 95.0 2.6071 0.0 1.874 0.0 0.1 962.0 1.8074 6.0 95.0 3.1071 0.0 1.974 0.0 0.1 961.0 1.7727 6.0 
0.09845 173.59727 116.0 1146.0 1.0 81.0 0.4071 0.0 1.774 0.0 0.14142 976.0 1.8111 10.0 79.0 0.9071 0.0 1.274 0.0 0.1 976.0 1.7228 10.0 87.0 1.5071 0.0 1.074 0.0 0.2 970.0 1.7979 9.0 108.0 2.3071 0.0 0.974 0.0 0.14142 952.0 1.953 7.0 119.0 3.1071 0.0 1.174 0.0 0.2 941.0 2.0088 7.0 
0.20506 162.56959 47.0 1147.0 1.0 86.0 0.0 -2.1929 3.474 0.0 0.64031 989.0 2.5 14.0 88.0 0.5071 0.0 1.374 0.0 0.44721 985.0 2.5 12.0 93.0 2.9071 0.0 0.0 -0.226 0.36056 980.0 2.5 11.0 97.0 5.0071 0.0 0.0 -1.726 0.44721 976.0 2.5 10.0 83.0 6.9071 0.0 0.0 -3.226 0.36056 984.0 2.4263 12.0 
0.03585 266.00859 63.0 1148.0 1.0 59.0 0.8071 0.0 2.674 0.0 0.28284 994.0 1.8713 13.0 55.0 1.8071 0.0 1.574 0.0 0.22361 995.0 1.7165 13.0 51.0 2.8071 0.0 0.874 0.0 0.14142 996.0 1.5627 14.0 49.0 3.7071 0.0 0.374 0.0 0.14142 996.0 1.4425 14.0 48.0 4.6071 0.0 0.0 -0.026 0.2 997.0 1.4708 15.0 
0.10605 244.59289 54.0 1149.0 1.0 124.0 0.0 -0.8929 3.874 0.0 0.56569 958.0 2.5 6.0 130.0 1.3071 0.0 1.774 0.0 0.5 948.0 2.5 5.0 120.0 3.3071 0.0 0.0 -0.026 0.42426 956.0 2.5 6.0 102.0 4.9071 0.0 0.0 -1.626 0.42426 969.0 2.4151 7.0 85.0 6.2071 0.0 0.0 -3.226 0.28284 980.0 2.2362 8.0 
0.0279 205.90863 63.0 1150.0 1.0 50.0 0.0 -2.8929 0.0 -0.826 0.44721 997.0 1.5959 10.0 54.0 0.0 -0.8929 0.0 -1.626 0.36056 996.0 1.752 12.0 60.0 0.9071 0.0 0.0 -2.426 0.36056 992.0 1.7509 10.0 69.0 2.6071 0.0 0.0 -3.126 0.3 985.0 1.7367 8.0 88.0 4.2071 0.0 0.0 -3.326 0.2 973.0 1.9774 8.0 
0.09203 142.73178 147.0 1151.0 1.0 67.0 0.0 -1.2929 2.674 0.0 0.5 996.0 2.5 11.0 65.0 0.7071 0.0 1.074 0.0 0.36056 994.0 2.2712 10.0 63.0 2.3071 0.0 0.174 0.0 0.31623 992.0 1.9304 9.0 62.0 3.7071 0.0 0.0 -0.326 0.14142 991.0 1.7846 8.0 60.0 4.6071 0.0 0.0 -0.626 0.2 990.0 1.5987 8.0 
0.06996 267.36042 42.0 1153.0 1.0 43.0 0.0 -0.1929 2.774 0.0 0.1 998.0 1.259 16.0 40.0 0.4071 0.0 2.374 0.0 0.2 999.0 1.1673 17.0 36.0 1.1071 0.0 2.174 0.0 0.1 1000.0 1.0182 18.0 32.0 1.6071 0.0 2.174 0.0 0.0 1001.0 1.0 20.0 27.0 1.9071 0.0 2.374 0.0 0.0 1002.0 1.0 22.0 
0.11743 194.87713 94.0 1154.0 1.0 56.0 0.0 -1.6929 1.074 0.0 0.14142 991.0 1.4559 11.0 71.0 0.0 -1.0929 1.374 0.0 0.14142 982.0 1.6609 9.0 71.0 0.0 -0.5929 1.774 0.0 0.14142 982.0 1.6609 9.0 69.0 0.0071 0.0 2.174 0.0 0.14142 983.0 1.6209 9.0 71.0 0.6071 0.0 2.674 0.0 0.2 982.0 1.6609 9.0 
0.13201 92.42951 64.0 1155.0 1.0 35.0 0.0 -0.8929 1.274 0.0 0.22361 1001.0 1.0427 20.0 39.0 0.3071 0.0 0.774 0.0 0.22361 1001.0 1.2946 21.0 42.0 1.5071 0.0 0.174 0.0 0.22361 1000.0 1.3859 19.0 43.0 2.6071 0.0 0.0 -0.326 0.1 999.0 1.3489 17.0 45.0 3.7071 0.0 0.0 -0.426 0.2 998.0 1.3789 16.0 
0.03702 269.08301 71.0 1156.0 1.0 90.0 0.1071 0.0 3.474 0.0 0.28284 978.0 2.3637 10.0 91.0 1.4071 0.0 1.974 0.0 0.36056 975.0 2.2258 10.0 93.0 2.7071 0.0 0.874 0.0 0.28284 972.0 2.1546 10.0 98.0 3.9071 0.0 0.0 -0.026 0.28284 965.0 2.0436 9.0 118.0 4.9071 0.0 0.0 -0.726 0.14142 944.0 2.0611 7.0 
0.13643 69.35559 80.0 1157.0 1.0 56.0 0.0 -0.5929 1.574 0.0 0.22361 995.0 1.7795 13.0 55.0 0.4071 0.0 0.474 0.0 0.22361 995.0 1.7165 13.0 52.0 1.4071 0.0 0.0 -0.226 0.22361 996.0 1.6246 14.0 50.0 2.5071 0.0 0.0 -0.526 0.2 997.0 1.5959 14.0 48.0 3.6071 0.0 0.0 -0.426 0.2 997.0 1.4708 15.0 
0.0972 219.43626 56.0 1158.0 1.0 57.0 0.0 -1.7929 2.274 0.0 0.31623 998.0 2.2123 16.0 55.0 0.1071 0.0 1.974 0.0 0.31623 997.0 1.931 15.0 56.0 1.9071 0.0 2.074 0.0 0.2 997.0 2.0019 14.0 57.0 3.5071 0.0 1.774 0.0 0.31623 996.0 1.952 14.0 54.0 5.1071 0.0 0.974 0.0 0.28284 997.0 1.8615 15.0 
0.02783 223.86987 74.0 1159.0 1.0 72.0 0.5071 0.0 2.674 0.0 0.36056 989.0 2.2062 10.0 72.0 1.7071 0.0 1.074 0.0 0.28284 988.0 2.1179 10.0 73.0 3.0071 0.0 0.0 -0.226 0.28284 987.0 2.0934 10.0 75.0 4.1071 0.0 0.0 -1.326 0.28284 984.0 1.9811 9.0 77.0 5.0071 0.0 0.0 -2.426 0.14142 981.0 1.8924 9.0 
0.23395 158.13844 47.0 1160.0 1.0 72.0 0.0 -1.3929 2.374 0.0 0.44721 991.0 2.4067 12.0 78.0 0.8071 0.0 1.174 0.0 0.36056 987.0 2.39 13.0 91.0 2.8071 0.0 0.074 0.0 0.31623 978.0 2.4166 11.0 117.0 4.8071 0.0 0.0 -0.926 0.36056 957.0 2.4967 8.0 145.0 6.7071 0.0 0.0 -2.226 0.36056 926.0 2.4683 6.0 
0.07113 220.67588 67.0 1161.0 1.0 57.0 0.0 -2.1929 0.0 -1.726 0.3 995.0 1.8436 15.0 64.0 0.0 -0.4929 0.0 -1.926 0.31623 990.0 1.8189 12.0 76.0 1.1071 0.0 0.0 -2.226 0.2 983.0 1.9665 12.0 88.0 2.4071 0.0 0.0 -2.126 0.22361 975.0 2.0815 10.0 93.0 3.7071 0.0 0.0 -1.726 0.22361 971.0 2.1033 9.0 
0.09322 166.10757 66.0 1162.0 1.0 66.0 0.0 -1.4929 0.974 0.0 0.14142 987.0 1.7112 10.0 76.0 0.0 -0.5929 1.374 0.0 0.14142 980.0 1.7877 9.0 82.0 0.3071 0.0 1.774 0.0 0.1 976.0 1.8561 8.0 95.0 1.3071 0.0 1.774 0.0 0.22361 967.0 2.0039 7.0 108.0 2.6071 0.0 1.274 0.0 0.22361 958.0 2.1661 6.0 
0.07575 112.1609 91.0 1163.0 1.0 61.0 0.0 -0.7929 1.574 0.0 0.22361 992.0 1.8098 12.0 66.0 0.5071 0.0 0.874 0.0 0.22361 989.0 1.8538 11.0 68.0 1.7071 0.0 0.274 0.0 0.22361 988.0 1.8891 10.0 68.0 2.8071 0.0 0.0 -0.126 0.22361 986.0 1.7492 10.0 70.0 3.8071 0.0 0.0 -0.326 0.14142 984.0 1.7258 9.0 
0.13523 211.97996 57.0 1164.0 1.0 74.0 0.0 -1.0929 2.274 0.0 0.31623 989.0 2.3304 10.0 74.0 0.7071 0.0 1.774 0.0 0.3 987.0 2.1512 10.0 72.0 2.4071 0.0 1.274 0.0 0.31623 989.0 2.2062 10.0 68.0 4.2071 0.0 0.674 0.0 0.36056 992.0 2.249 11.0 60.0 5.7071 0.0 0.0 -0.026 0.22361 994.0 1.9352 12.0 
0.04095 202.68753 105.0 1166.0 1.0 57.0 0.0 -1.7929 0.0 -1.726 0.3 995.0 1.8436 11.0 63.0 0.0071 0.0 0.0 -1.826 0.31623 991.0 1.8426 9.0 74.0 1.5071 0.0 0.0 -1.926 0.2 984.0 1.9286 9.0 87.0 2.6071 0.0 0.0 -1.926 0.2 973.0 1.9327 7.0 95.0 3.6071 0.0 0.0 -1.726 0.2 966.0 1.9613 7.0 
0.32927 28.83574 70.0 1168.0 1.0 78.0 0.0 -1.4929 0.0 -0.426 0.31623 983.0 2.0713 9.0 93.0 0.0 -0.1929 0.174 0.0 0.22361 970.0 2.0544 7.0 98.0 1.0071 0.0 0.774 0.0 0.22361 966.0 2.0871 7.0 102.0 2.3071 0.0 1.374 0.0 0.2 963.0 2.1253 6.0 103.0 3.8071 0.0 1.674 0.0 0.22361 964.0 2.2114 6.0 
0.14231 78.1117 60.0 1172.0 1.0 52.0 0.0 -1.3929 2.774 0.0 0.5 999.0 1.9727 11.0 52.0 0.4071 0.0 0.574 0.0 0.42426 998.0 1.8412 10.0 53.0 2.1071 0.0 0.0 -1.026 0.36056 997.0 1.7931 12.0 58.0 3.6071 0.0 0.0 -2.226 0.36056 993.0 1.7179 10.0 68.0 5.0071 0.0 0.0 -3.226 0.22361 988.0 1.8891 9.0 
0.11356 110.53094 68.0 1173.0 1.0 55.0 0.0 -1.2929 1.674 0.0 0.31623 996.0 1.8174 19.0 60.0 0.2071 0.0 0.974 0.0 0.31623 993.0 1.8385 16.0 62.0 1.5071 0.0 0.274 0.0 0.22361 991.0 1.7846 15.0 66.0 2.7071 0.0 0.0 -0.326 0.22361 989.0 1.8538 14.0 72.0 3.9071 0.0 0.0 -0.826 0.2 985.0 1.891 12.0 
0.05534 280.73887 58.0 1174.0 1.0 73.0 0.0 -0.7929 3.274 0.0 0.36056 990.0 2.3665 11.0 74.0 1.1071 0.0 2.274 0.0 0.31623 989.0 2.3304 10.0 73.0 2.7071 0.0 1.474 0.0 0.31623 988.0 2.1772 10.0 72.0 4.3071 0.0 0.974 0.0 0.22361 987.0 2.0365 10.0 71.0 5.7071 0.0 0.974 0.0 0.2 987.0 1.9803 10.0 
0.04042 302.817 72.0 1175.0 1.0 49.0 0.3071 0.0 3.074 0.0 0.22361 998.0 1.6349 16.0 49.0 1.5071 0.0 2.274 0.0 0.22361 998.0 1.6349 16.0 49.0 2.7071 0.0 1.474 0.0 0.22361 997.0 1.5327 15.0 50.0 3.7071 0.0 0.574 0.0 0.22361 997.0 1.5959 15.0 50.0 4.7071 0.0 0.0 -0.226 0.14142 996.0 1.502 14.0 
0.08733 134.51288 83.0 1177.0 1.0 50.0 0.2071 0.0 2.074 0.0 0.22361 999.0 1.8239 16.0 46.0 1.0071 0.0 0.674 0.0 0.28284 999.0 1.5437 17.0 44.0 1.8071 0.0 0.0 -0.426 0.22361 999.0 1.4124 17.0 41.0 2.5071 0.0 0.0 -1.326 0.14142 999.0 1.2264 17.0 37.0 3.0071 0.0 0.0 -1.926 0.14142 1000.0 1.0756 18.0 
0.06141 219.35651 62.0 1179.0 1.0 57.0 0.0 -1.0929 2.174 0.0 0.1 993.0 1.6592 13.0 59.0 0.0 -0.0929 1.974 0.0 0.2 992.0 1.693 12.0 63.0 1.0071 0.0 1.974 0.0 0.2 989.0 1.6891 11.0 71.0 2.2071 0.0 1.874 0.0 0.22361 986.0 1.9069 10.0 78.0 3.5071 0.0 1.474 0.0 0.22361 982.0 2.0045 9.0 
0.06242 291.24011 47.0 1180.0 1.0 116.0 0.0 -0.6929 4.474 0.0 0.56569 962.0 2.5 7.0 112.0 1.6071 0.0 2.074 0.0 0.5 966.0 2.5 7.0 101.0 3.8071 0.0 0.0 -0.026 0.42426 974.0 2.5 8.0 92.0 5.6071 0.0 0.0 -2.126 0.36056 979.0 2.5 8.0 82.0 7.0071 0.0 0.0 -4.326 0.5 984.0 2.3682 10.0 
0.09523 204.62411 95.0 1181.0 1.0 57.0 0.0 -0.3929 2.774 0.0 0.42426 998.0 2.2123 15.0 53.0 1.1071 0.0 1.474 0.0 0.36056 997.0 1.7931 15.0 50.0 2.4071 0.0 0.574 0.0 0.22361 997.0 1.5959 15.0 49.0 3.5071 0.0 0.0 -0.026 0.14142 997.0 1.5327 15.0 49.0 4.5071 0.0 0.0 -0.426 0.22361 997.0 1.5327 15.0 
0.05542 222.77416 63.0 1182.0 1.0 65.0 0.0 -0.3929 2.774 0.0 0.36056 993.0 2.1576 12.0 63.0 1.1071 0.0 1.674 0.0 0.36056 993.0 2.0269 12.0 60.0 2.6071 0.0 0.674 0.0 0.28284 994.0 1.9352 13.0 57.0 3.9071 0.0 0.0 -0.326 0.28284 996.0 1.952 14.0 53.0 5.1071 0.0 0.0 -1.426 0.22361 997.0 1.7931 14.0 
0.10775 306.32393 52.0 1183.0 1.0 119.0 0.0 -1.0929 3.974 0.0 0.5831 962.0 2.5 6.0 128.0 1.4071 0.0 2.374 0.0 0.44721 950.0 2.5 6.0 115.0 3.5071 0.0 1.374 0.0 0.31623 958.0 2.4559 6.0 97.0 5.3071 0.0 1.174 0.0 0.2 970.0 2.2349 7.0 93.0 6.7071 0.0 2.074 0.0 0.36056 974.0 2.2651 7.0 
0.03973 274.95456 42.0 1186.0 1.0 49.0 0.0 -1.1929 3.074 0.0 0.41231 1000.0 1.8864 19.0 47.0 0.7071 0.0 2.374 0.0 0.31623 1000.0 1.7355 19.0 45.0 2.5071 0.0 1.774 0.0 0.36056 1001.0 1.7236 20.0 44.0 4.4071 0.0 0.874 0.0 0.31623 1002.0 1.7976 22.0 43.0 6.3071 0.0 0.0 -0.126 0.36056 1002.0 1.7168 24.0 
0.17209 130.85513 85.0 1188.0 1.0 88.0 0.0 -0.9929 1.974 0.0 0.28284 975.0 2.0815 10.0 88.0 0.1071 0.0 1.174 0.0 0.2 974.0 2.0281 10.0 88.0 1.3071 0.0 0.774 0.0 0.1 974.0 2.0281 10.0 89.0 2.3071 0.0 0.574 0.0 0.2 972.0 1.9732 9.0 92.0 3.4071 0.0 0.674 0.0 0.22361 970.0 2.0104 9.0 
0.09345 280.73887 105.0 1189.0 1.0 47.0 0.6071 0.0 2.774 0.0 0.14142 995.0 1.2535 13.0 50.0 1.1071 0.0 2.274 0.0 0.1 995.0 1.4186 13.0 52.0 1.8071 0.0 1.974 0.0 0.1 994.0 1.4536 13.0 53.0 2.5071 0.0 1.874 0.0 0.1 993.0 1.4345 12.0 55.0 3.2071 0.0 1.874 0.0 0.2 992.0 1.4713 12.0 
0.22862 97.73967 110.0 1190.0 1.0 62.0 0.0 -0.0929 0.974 0.0 0.0 986.0 1.4541 10.0 60.0 0.1071 0.0 0.874 0.0 0.1 986.0 1.3618 10.0 59.0 0.3071 0.0 0.874 0.0 0.1 987.0 1.3675 10.0 56.0 0.3071 0.0 1.074 0.0 0.0 988.0 1.2812 10.0 56.0 0.3071 0.0 1.274 0.0 0.0 989.0 1.3346 10.0 
0.07367 266.36685 58.0 1191.0 1.0 67.0 0.0 -0.8929 3.274 0.0 0.36056 995.0 2.5 14.0 61.0 1.2071 0.0 2.074 0.0 0.31623 996.0 2.2356 14.0 57.0 2.9071 0.0 1.274 0.0 0.36056 996.0 1.952 14.0 55.0 4.4071 0.0 0.574 0.0 0.22361 996.0 1.8174 14.0 52.0 5.7071 0.0 0.0 -0.026 0.22361 996.0 1.6246 14.0 
0.03633 265.70967 68.0 1192.0 1.0 44.0 0.0 -1.1929 2.674 0.0 0.3 1001.0 1.6478 15.0 45.0 0.3071 0.0 2.374 0.0 0.3 999.0 1.4773 13.0 46.0 1.7071 0.0 2.274 0.0 0.2 998.0 1.4408 12.0 47.0 2.9071 0.0 2.174 0.0 0.3 998.0 1.5041 12.0 47.0 4.2071 0.0 2.074 0.0 0.2 998.0 1.5041 12.0 
0.08831 136.08828 76.0 1193.0 1.0 38.0 0.0 -1.3929 0.0 -1.126 0.2 1000.0 1.1345 17.0 41.0 0.0071 0.0 0.0 -1.226 0.3 999.0 1.2264 15.0 43.0 1.3071 0.0 0.0 -1.326 0.3 998.0 1.259 13.0 46.0 2.5071 0.0 0.0 -1.526 0.1 996.0 1.2713 12.0 53.0 3.5071 0.0 0.0 -1.726 0.2 993.0 1.4345 13.0 
0.10561 155.97797 55.0 1194.0 1.0 54.0 0.0 -1.9929 0.974 0.0 0.22361 996.0 1.752 15.0 60.0 0.0 -0.5929 1.274 0.0 0.22361 992.0 1.7509 12.0 67.0 0.6071 0.0 1.874 0.0 0.22361 988.0 1.834 11.0 81.0 2.1071 0.0 2.374 0.0 0.31623 981.0 2.0941 9.0 99.0 3.9071 0.0 2.374 0.0 0.31623 971.0 2.3834 7.0 
0.09258 278.19635 52.0 1195.0 1.0 82.0 0.0 -0.2929 3.174 0.0 0.36056 985.0 2.4528 9.0 81.0 1.4071 0.0 2.074 0.0 0.36056 984.0 2.3108 9.0 72.0 3.0071 0.0 1.274 0.0 0.22361 988.0 2.1179 10.0 65.0 4.5071 0.0 0.574 0.0 0.31623 992.0 2.0549 12.0 59.0 6.0071 0.0 0.0 -0.226 0.36056 995.0 1.9752 13.0 
0.07898 171.69251 78.0 1197.0 1.0 28.0 0.8071 0.0 1.374 0.0 0.14142 1000.0 1.0 11.0 30.0 1.0071 0.0 1.174 0.0 0.1 999.0 1.0 10.0 34.0 1.2071 0.0 1.174 0.0 0.0 999.0 1.0 13.0 42.0 1.4071 0.0 1.374 0.0 0.14142 996.0 1.0598 11.0 50.0 1.7071 0.0 1.874 0.0 0.14142 993.0 1.2767 9.0 
0.11795 175.11799 63.0 1198.0 1.0 69.0 0.0 -1.3929 1.874 0.0 0.3 989.0 2.0261 14.0 74.0 0.1071 0.0 1.574 0.0 0.2 985.0 1.9975 12.0 80.0 1.4071 0.0 1.574 0.0 0.2 980.0 1.9808 11.0 89.0 2.6071 0.0 1.574 0.0 0.2 974.0 2.0744 10.0 95.0 3.9071 0.0 1.574 0.0 0.22361 969.0 2.095 9.0 
0.04994 212.87897 149.0 1199.0 1.0 54.0 0.7071 0.0 2.374 0.0 0.36056 997.0 1.8615 15.0 51.0 1.7071 0.0 0.874 0.0 0.28284 997.0 1.6604 15.0 49.0 2.5071 0.0 0.0 -0.326 0.28284 997.0 1.5327 15.0 48.0 3.2071 0.0 0.0 -1.326 0.14142 996.0 1.3843 14.0 48.0 3.8071 0.0 0.0 -2.026 0.14142 995.0 1.3074 14.0 
0.06635 315.62409 74.0 1200.0 1.0 57.0 0.8071 0.0 2.874 0.0 0.14142 993.0 1.6592 16.0 58.0 1.7071 0.0 2.274 0.0 0.22361 992.0 1.6361 15.0 60.0 2.6071 0.0 1.874 0.0 0.22361 990.0 1.5987 14.0 64.0 3.5071 0.0 1.674 0.0 0.2 988.0 1.6734 13.0 67.0 4.3071 0.0 1.774 0.0 0.2 985.0 1.6375 12.0 
0.10921 192.1136 65.0 1201.0 1.0 92.0 0.0 -0.7929 2.774 0.0 0.42426 979.0 2.5 11.0 95.0 0.9071 0.0 1.474 0.0 0.36056 973.0 2.3045 10.0 97.0 2.3071 0.0 0.474 0.0 0.28284 968.0 2.1356 9.0 106.0 3.5071 0.0 0.0 -0.126 0.31623 959.0 2.1252 8.0 128.0 4.8071 0.0 0.0 -0.426 0.22361 936.0 2.1733 6.0 
0.15138 123.5678 104.0 1202.0 1.0 53.0 0.0 -1.1929 0.874 0.0 0.2 994.0 1.51 13.0 56.0 0.0 -0.2929 1.074 0.0 0.14142 992.0 1.5252 12.0 59.0 0.4071 0.0 1.674 0.0 0.14142 990.0 1.5458 11.0 64.0 1.0071 0.0 2.274 0.0 0.14142 987.0 1.6091 10.0 69.0 1.7071 0.0 2.674 0.0 0.1 984.0 1.6768 9.0 
0.06811 256.8341 74.0 1203.0 1.0 89.0 0.3071 0.0 3.074 0.0 0.22361 972.0 1.9732 10.0 92.0 1.2071 0.0 1.974 0.0 0.22361 970.0 2.0104 9.0 93.0 2.2071 0.0 1.174 0.0 0.2 968.0 1.9631 9.0 95.0 3.2071 0.0 0.774 0.0 0.1 965.0 1.9204 9.0 109.0 4.1071 0.0 0.674 0.0 0.1 951.0 1.9572 7.0 
0.04221 170.73396 54.0 1204.0 1.0 62.0 0.0 -2.7929 0.0 -0.926 0.41231 997.0 2.4538 13.0 63.0 0.0 -0.1929 0.0 -1.526 0.41231 994.0 2.1336 11.0 69.0 1.9071 0.0 0.0 -2.026 0.41231 991.0 2.2103 12.0 75.0 3.8071 0.0 0.0 -2.326 0.2 986.0 2.1279 10.0 85.0 5.4071 0.0 0.0 -2.426 0.2 978.0 2.1084 8.0 
0.08036 229.08438 55.0 1206.0 1.0 88.0 0.0 -0.0929 2.574 0.0 0.28284 973.0 1.9774 10.0 116.0 1.2071 0.0 1.674 0.0 0.2 946.0 2.0513 7.0 136.0 2.5071 0.0 1.374 0.0 0.31623 927.0 2.1967 6.0 153.0 4.0071 0.0 1.074 0.0 0.2 907.0 2.2556 5.0 154.0 5.4071 0.0 0.774 0.0 0.2 907.0 2.2852 5.0 
0.05206 219.05074 128.0 1207.0 1.0 72.0 0.4071 0.0 2.674 0.0 0.36056 989.0 2.2062 11.0 65.0 1.5071 0.0 1.274 0.0 0.28284 990.0 1.8762 11.0 61.0 2.4071 0.0 0.374 0.0 0.22361 990.0 1.6524 11.0 59.0 3.2071 0.0 0.0 -0.226 0.1 990.0 1.5458 11.0 57.0 3.8071 0.0 0.0 -0.626 0.1 990.0 1.4428 11.0 
0.03254 263.83573 88.0 1209.0 1.0 40.0 0.0 -2.5929 0.0 -0.826 0.28284 1000.0 1.2571 16.0 41.0 0.0 -1.3929 0.0 -1.926 0.28284 998.0 1.1446 15.0 43.0 0.0 -0.2929 0.0 -2.726 0.22361 997.0 1.1803 13.0 47.0 0.8071 0.0 0.0 -3.126 0.1 995.0 1.2535 15.0 54.0 1.7071 0.0 0.0 -3.126 0.22361 992.0 1.4182 13.0 
0.0219 162.06633 46.0 1211.0 1.0 56.0 0.0 -3.2929 0.874 0.0 0.64031 999.0 2.2879 12.0 54.0 0.0 -0.7929 0.0 -1.226 0.5 998.0 1.9855 11.0 54.0 1.4071 0.0 0.0 -2.926 0.36056 997.0 1.8615 14.0 58.0 3.4071 0.0 0.0 -4.426 0.42426 995.0 1.9088 12.0 65.0 5.1071 0.0 0.0 -6.126 0.42426 991.0 1.9615 10.0 
0.06262 194.80947 228.0 1212.0 1.0 61.0 0.5071 0.0 2.274 0.0 0.22361 992.0 1.8098 12.0 58.0 1.2071 0.0 1.274 0.0 0.14142 991.0 1.5618 11.0 57.0 1.8071 0.0 0.774 0.0 0.14142 990.0 1.4428 11.0 57.0 2.3071 0.0 0.674 0.0 0.0 989.0 1.3827 11.0 60.0 2.8071 0.0 0.774 0.0 0.0 988.0 1.4708 10.0 
0.09129 64.32701 81.0 1214.0 1.0 31.0 0.0 -0.9929 0.274 0.0 0.14142 1001.0 1.0 12.0 35.0 0.0 -0.3929 0.0 -0.426 0.14142 1000.0 1.0 11.0 40.0 0.4071 0.0 0.0 -0.926 0.2 999.0 1.1673 13.0 47.0 1.4071 0.0 0.0 -1.026 0.22361 997.0 1.4101 11.0 50.0 2.4071 0.0 0.0 -1.126 0.2 995.0 1.4186 10.0 
0.05089 222.77416 45.0 1215.0 1.0 54.0 0.0 -1.2929 3.874 0.0 0.56569 1001.0 2.4819 17.0 54.0 1.1071 0.0 1.674 0.0 0.64031 1000.0 2.291 16.0 55.0 3.5071 0.0 0.0 -0.426 0.56569 999.0 2.2069 15.0 56.0 5.6071 0.0 0.0 -2.626 0.56569 999.0 2.2879 14.0 56.0 7.4071 0.0 0.0 -4.826 0.44721 998.0 2.1353 13.0 
0.04441 218.21274 110.0 1216.0 1.0 49.0 1.4071 0.0 1.774 0.0 0.14142 996.0 1.4425 10.0 48.0 1.8071 0.0 0.774 0.0 0.22361 996.0 1.3843 11.0 47.0 2.2071 0.0 0.0 -0.226 0.22361 996.0 1.3272 11.0 45.0 2.5071 0.0 0.0 -1.026 0.1 996.0 1.2166 10.0 42.0 2.7071 0.0 0.0 -1.426 0.1 996.0 1.0598 10.0 
0.12123 280.32338 64.0 1217.0 1.0 94.0 0.0 -0.9929 2.974 0.0 0.22361 973.0 2.2562 12.0 101.0 0.5071 0.0 2.474 0.0 0.3 966.0 2.2168 11.0 112.0 1.9071 0.0 2.274 0.0 0.2 953.0 2.1353 10.0 126.0 3.1071 0.0 2.374 0.0 0.22361 937.0 2.1336 8.0 145.0 4.3071 0.0 2.874 0.0 0.22361 916.0 2.2139 7.0 
0.0556 267.8411 61.0 1218.0 1.0 103.0 0.0 -0.6929 3.174 0.0 0.36056 961.0 2.0838 7.0 124.0 0.8071 0.0 2.274 0.0 0.3 941.0 2.1812 5.0 135.0 2.4071 0.0 1.874 0.0 0.2 929.0 2.216 5.0 134.0 3.8071 0.0 1.674 0.0 0.2 930.0 2.2096 5.0 120.0 5.1071 0.0 1.574 0.0 0.22361 945.0 2.1629 5.0 
0.1451 107.02187 53.0 1219.0 1.0 58.0 0.0 -1.5929 1.774 0.0 0.31623 995.0 1.9088 11.0 65.0 0.4071 0.0 0.874 0.0 0.36056 993.0 2.1576 13.0 73.0 2.3071 0.0 0.0 -0.226 0.36056 988.0 2.1772 11.0 81.0 4.0071 0.0 0.0 -1.626 0.36056 984.0 2.3108 9.0 86.0 5.6071 0.0 0.0 -3.126 0.36056 980.0 2.2891 9.0 
0.18772 92.73958 77.0 1221.0 1.0 39.0 0.1071 0.0 1.374 0.0 0.22361 1000.0 1.195 18.0 35.0 0.6071 0.0 0.574 0.0 0.1 1000.0 1.0 19.0 31.0 1.0071 0.0 0.374 0.0 0.0 1000.0 1.0 19.0 30.0 1.1071 0.0 0.574 0.0 0.0 1001.0 1.0 20.0 33.0 1.0071 0.0 1.174 0.0 0.1 1001.0 1.0 20.0 
0.05041 158.13844 45.0 1222.0 1.0 50.0 0.0 -1.0929 3.174 0.0 0.42426 1001.0 2.1279 20.0 53.0 0.8071 0.0 1.174 0.0 0.36056 1000.0 2.207 19.0 52.0 2.8071 0.0 0.0 -0.226 0.42426 1000.0 2.1245 19.0 52.0 4.9071 0.0 0.0 -1.626 0.36056 1000.0 2.1245 19.0 50.0 7.0071 0.0 0.0 -2.826 0.44721 1001.0 2.1279 20.0 
0.18798 121.41017 165.0 1223.0 1.0 66.0 0.0 -1.6929 2.374 0.0 0.42426 994.0 2.3416 12.0 71.0 0.2071 0.0 1.074 0.0 0.31623 990.0 2.2386 11.0 77.0 2.0071 0.0 0.374 0.0 0.31623 985.0 2.1628 10.0 83.0 3.8071 0.0 0.0 -0.126 0.22361 979.0 2.0695 7.0 91.0 5.4071 0.0 0.0 -0.526 0.2 971.0 2.0138 6.0 
0.09276 147.73872 51.0 1226.0 1.0 60.0 0.0 -0.8929 3.674 0.0 0.5831 1000.0 2.5 14.0 54.0 0.9071 0.0 0.974 0.0 0.42426 1000.0 2.291 14.0 50.0 2.7071 0.0 0.0 -0.826 0.42426 1000.0 1.9642 14.0 47.0 4.4071 0.0 0.0 -2.226 0.36056 1000.0 1.7355 15.0 46.0 6.1071 0.0 0.0 -3.526 0.28284 1001.0 1.801 15.0 
0.26582 37.19517 93.0 1227.0 1.0 40.0 0.0 -0.5929 0.0 -0.326 0.1 997.0 1.0214 16.0 47.0 0.0 -0.1929 0.274 0.0 0.14142 995.0 1.2535 18.0 58.0 0.4071 0.0 0.874 0.0 0.14142 990.0 1.4939 15.0 66.0 1.1071 0.0 1.374 0.0 0.1 986.0 1.6478 13.0 76.0 1.8071 0.0 1.574 0.0 0.1 978.0 1.6856 11.0 
0.11777 109.93408 61.0 1228.0 1.0 47.0 0.0 -0.0929 1.874 0.0 0.22361 999.0 1.6116 17.0 46.0 0.8071 0.0 0.574 0.0 0.22361 998.0 1.4408 16.0 46.0 1.8071 0.0 0.0 -0.426 0.14142 998.0 1.4408 16.0 47.0 2.8071 0.0 0.0 -1.326 0.22361 998.0 1.5041 16.0 49.0 3.9071 0.0 0.0 -2.026 0.22361 997.0 1.5327 15.0 
0.10904 110.53094 71.0 1229.0 1.0 67.0 0.0 -0.3929 1.474 0.0 0.14142 986.0 1.6981 10.0 65.0 0.2071 0.0 0.974 0.0 0.2 987.0 1.6597 10.0 62.0 1.0071 0.0 0.674 0.0 0.1 989.0 1.6359 10.0 57.0 1.8071 0.0 0.374 0.0 0.1 992.0 1.5802 12.0 52.0 2.6071 0.0 0.074 0.0 0.14142 995.0 1.5343 13.0 
0.02794 289.11412 49.0 1230.0 1.0 70.0 0.2071 0.0 3.774 0.0 0.42426 993.0 2.5 9.0 70.0 1.9071 0.0 1.774 0.0 0.42426 992.0 2.3832 9.0 68.0 3.5071 0.0 0.0 -0.126 0.36056 993.0 2.3614 9.0 64.0 5.1071 0.0 0.0 -1.626 0.42426 994.0 2.2019 9.0 57.0 6.6071 0.0 0.0 -2.926 0.36056 996.0 1.952 10.0 
0.22868 64.54308 94.0 1231.0 1.0 52.0 0.0 -1.4929 0.674 0.0 0.2 997.0 1.7261 15.0 55.0 0.0 -0.0929 0.574 0.0 0.2 995.0 1.7165 13.0 58.0 1.2071 0.0 0.774 0.0 0.2 994.0 1.8084 13.0 59.0 2.5071 0.0 1.174 0.0 0.2 993.0 1.7777 12.0 58.0 3.6071 0.0 1.574 0.0 0.2 993.0 1.7179 12.0 
0.05428 192.1136 58.0 1232.0 1.0 66.0 0.1071 0.0 2.174 0.0 0.22361 987.0 1.7112 10.0 71.0 0.9071 0.0 1.474 0.0 0.22361 984.0 1.7754 9.0 78.0 1.9071 0.0 0.874 0.0 0.2 979.0 1.8277 8.0 89.0 3.0071 0.0 0.574 0.0 0.22361 972.0 1.9732 7.0 100.0 4.2071 0.0 0.274 0.0 0.22361 963.0 2.0427 6.0 
0.05035 307.01618 54.0 1234.0 1.0 52.0 0.0 -0.7929 2.974 0.0 0.2 996.0 1.6246 15.0 56.0 0.7071 0.0 2.674 0.0 0.3 995.0 1.7795 14.0 58.0 2.3071 0.0 2.374 0.0 0.31623 995.0 1.9088 13.0 58.0 3.8071 0.0 1.674 0.0 0.31623 994.0 1.8084 13.0 58.0 5.3071 0.0 0.974 0.0 0.31623 994.0 1.8084 13.0 
0.10738 253.32054 59.0 1235.0 1.0 87.0 0.0 -1.5929 2.274 0.0 0.2 974.0 1.9822 8.0 104.0 0.0 -0.1929 2.274 0.0 0.22361 960.0 2.0844 6.0 119.0 1.3071 0.0 2.574 0.0 0.31623 948.0 2.2252 6.0 122.0 2.9071 0.0 2.974 0.0 0.3 946.0 2.269 5.0 108.0 4.5071 0.0 3.074 0.0 0.3 961.0 2.291 6.0 
0.06024 208.59279 72.0 1236.0 1.0 41.0 1.0071 0.0 1.974 0.0 0.22361 999.0 1.2264 18.0 41.0 1.6071 0.0 0.974 0.0 0.14142 998.0 1.1446 17.0 42.0 2.2071 0.0 0.274 0.0 0.14142 998.0 1.2011 16.0 45.0 2.8071 0.0 0.0 -0.326 0.14142 996.0 1.2166 15.0 50.0 3.4071 0.0 0.0 -0.726 0.22361 994.0 1.3439 13.0 
0.01872 297.06318 44.0 1237.0 1.0 66.0 0.0 -0.1929 4.974 0.0 0.72111 999.0 2.5 18.0 60.0 1.8071 0.0 1.974 0.0 0.56569 999.0 2.5 17.0 56.0 3.8071 0.0 0.0 -0.226 0.42426 1000.0 2.4639 18.0 52.0 5.7071 0.0 0.0 -1.926 0.36056 1000.0 2.1245 19.0 47.0 7.6071 0.0 0.0 -2.926 0.31623 1001.0 1.8802 20.0 
0.03495 251.22187 58.0 1238.0 1.0 41.0 0.0 -0.2929 2.974 0.0 0.28284 1000.0 1.3207 16.0 44.0 1.1071 0.0 1.974 0.0 0.31623 999.0 1.4124 14.0 47.0 2.5071 0.0 1.174 0.0 0.28284 998.0 1.5041 13.0 50.0 3.7071 0.0 0.174 0.0 0.22361 997.0 1.5959 12.0 53.0 4.9071 0.0 0.0 -0.726 0.28284 995.0 1.5939 10.0 
0.16556 141.87113 98.0 1239.0 1.0 52.0 0.0 -1.4929 0.874 0.0 0.1 994.0 1.4536 13.0 60.0 0.0 -0.6929 1.074 0.0 0.14142 990.0 1.5987 11.0 64.0 0.0071 0.0 1.474 0.0 0.14142 987.0 1.6091 10.0 67.0 0.6071 0.0 1.974 0.0 0.1 985.0 1.6375 9.0 69.0 0.9071 0.0 2.774 0.0 0.14142 984.0 1.6768 9.0 
0.04338 221.26748 81.0 1241.0 1.0 37.0 0.0 -2.2929 0.0 -0.426 0.22361 1000.0 1.0756 12.0 37.0 0.0 -1.3929 0.0 -1.426 0.22361 999.0 1.0 15.0 40.0 0.0 -0.5929 0.0 -2.226 0.14142 998.0 1.0895 14.0 44.0 0.3071 0.0 0.0 -2.826 0.22361 996.0 1.1632 12.0 52.0 1.3071 0.0 0.0 -3.126 0.22361 993.0 1.3809 13.0 
0.14864 247.0314 46.0 1242.0 1.0 74.0 0.0 -2.3929 2.874 0.0 0.60828 994.0 2.5 14.0 81.0 0.8071 0.0 2.074 0.0 0.41231 990.0 2.5 14.0 85.0 3.1071 0.0 1.074 0.0 0.41231 984.0 2.5 12.0 94.0 5.1071 0.0 0.074 0.0 0.36056 975.0 2.375 10.0 102.0 6.9071 0.0 0.0 -0.926 0.31623 968.0 2.3614 9.0 
0.09024 179.34545 49.0 1243.0 1.0 81.0 0.0 -0.3929 2.574 0.0 0.36056 985.0 2.3933 12.0 84.0 1.2071 0.0 1.074 0.0 0.36056 980.0 2.1839 10.0 92.0 2.9071 0.0 0.0 -0.426 0.42426 974.0 2.2166 8.0 102.0 4.7071 0.0 0.0 -2.126 0.42426 968.0 2.3614 7.0 107.0 6.4071 0.0 0.0 -3.926 0.42426 964.0 2.3865 7.0 
0.05365 221.16333 66.0 1244.0 1.0 63.0 0.0 -0.1929 2.674 0.0 0.22361 990.0 1.7625 11.0 65.0 0.9071 0.0 1.774 0.0 0.22361 988.0 1.7261 11.0 67.0 2.0071 0.0 1.174 0.0 0.22361 987.0 1.7634 10.0 68.0 3.2071 0.0 0.574 0.0 0.22361 987.0 1.8165 10.0 67.0 4.3071 0.0 0.0 -0.126 0.22361 988.0 1.834 10.0 
0.12785 102.71108 95.0 1246.0 1.0 62.0 0.0071 0.0 1.174 0.0 0.14142 988.0 1.5705 10.0 66.0 0.5071 0.0 0.774 0.0 0.1 985.0 1.589 9.0 67.0 1.1071 0.0 0.574 0.0 0.1 984.0 1.581 9.0 66.0 1.7071 0.0 0.374 0.0 0.0 985.0 1.589 9.0 64.0 2.2071 0.0 0.274 0.0 0.1 986.0 1.5495 10.0 
0.14375 86.73259 70.0 1249.0 1.0 65.0 0.0 -1.3929 1.574 0.0 0.28284 993.0 2.1576 12.0 69.0 0.1071 0.0 0.774 0.0 0.31623 989.0 2.0261 11.0 71.0 1.6071 0.0 0.374 0.0 0.22361 987.0 1.9803 10.0 73.0 2.7071 0.0 0.0 -0.026 0.2 984.0 1.8769 9.0 77.0 3.7071 0.0 0.0 -0.426 0.22361 981.0 1.8924 9.0 
0.09927 116.36837 53.0 1250.0 1.0 44.0 0.0 -0.5929 2.674 0.0 0.44721 1001.0 1.6478 16.0 44.0 0.7071 0.0 0.774 0.0 0.28284 1001.0 1.6478 16.0 44.0 2.1071 0.0 0.0 -0.626 0.28284 1000.0 1.5211 16.0 44.0 3.5071 0.0 0.0 -1.826 0.36056 1000.0 1.5211 15.0 47.0 5.1071 0.0 0.0 -3.026 0.28284 999.0 1.6116 14.0 
0.03122 248.48055 134.0 1251.0 1.0 65.0 1.9071 0.0 1.874 0.0 0.22361 990.0 1.8762 8.0 61.0 2.2071 0.0 0.374 0.0 0.22361 991.0 1.7275 8.0 57.0 2.5071 0.0 0.0 -0.826 0.2 991.0 1.5084 9.0 54.0 2.6071 0.0 0.0 -1.726 0.1 991.0 1.3538 9.0 52.0 2.7071 0.0 0.0 -2.126 0.0 990.0 1.2008 8.0 
0.11536 137.92644 67.0 1252.0 1.0 40.0 0.0 -0.8929 1.674 0.0 0.22361 1000.0 1.2571 16.0 44.0 0.4071 0.0 1.174 0.0 0.2 999.0 1.4124 18.0 49.0 1.7071 0.0 0.874 0.0 0.2 997.0 1.5327 15.0 51.0 2.8071 0.0 0.674 0.0 0.22361 996.0 1.5627 14.0 53.0 3.9071 0.0 0.374 0.0 0.2 995.0 1.5939 13.0 
0.11036 121.41017 64.0 1253.0 1.0 54.0 0.0 -0.9929 1.474 0.0 0.22361 995.0 1.6546 14.0 59.0 0.2071 0.0 1.074 0.0 0.2 992.0 1.693 12.0 64.0 1.4071 0.0 0.974 0.0 0.22361 990.0 1.8189 11.0 70.0 2.6071 0.0 0.874 0.0 0.2 986.0 1.8536 10.0 79.0 3.9071 0.0 0.774 0.0 0.22361 981.0 1.992 9.0 
0.07527 276.06051 49.0 1254.0 1.0 68.0 0.0 -1.2929 3.874 0.0 0.5 995.0 2.5 10.0 72.0 1.0071 0.0 2.274 0.0 0.44721 993.0 2.5 9.0 71.0 3.1071 0.0 0.974 0.0 0.36056 991.0 2.3403 8.0 71.0 4.9071 0.0 0.0 -0.226 0.36056 990.0 2.2386 8.0 68.0 6.6071 0.0 0.0 -1.126 0.28284 990.0 2.0534 8.0 
0.06013 182.75288 52.0 1256.0 1.0 58.0 0.0 -0.9929 2.974 0.0 0.42426 997.0 2.1474 14.0 64.0 0.9071 0.0 1.374 0.0 0.36056 994.0 2.2019 13.0 68.0 2.6071 0.0 0.074 0.0 0.36056 991.0 2.1467 12.0 74.0 4.1071 0.0 0.0 -1.026 0.28284 986.0 2.0715 10.0 86.0 5.6071 0.0 0.0 -1.826 0.22361 978.0 2.1583 8.0 
0.08185 247.43208 66.0 1257.0 1.0 53.0 0.3071 0.0 2.574 0.0 0.14142 995.0 1.5939 13.0 55.0 1.2071 0.0 1.874 0.0 0.22361 994.0 1.6261 13.0 56.0 2.3071 0.0 1.274 0.0 0.22361 994.0 1.6858 13.0 55.0 3.5071 0.0 0.674 0.0 0.14142 995.0 1.7165 13.0 53.0 4.6071 0.0 0.174 0.0 0.1 995.0 1.5939 13.0 
0.08121 274.02945 57.0 1259.0 1.0 61.0 0.0 -0.2929 3.674 0.0 0.5 997.0 2.3753 16.0 60.0 1.6071 0.0 1.874 0.0 0.36056 996.0 2.1629 15.0 58.0 3.1071 0.0 0.374 0.0 0.42426 995.0 1.9088 14.0 59.0 4.4071 0.0 0.0 -0.926 0.28284 994.0 1.8713 13.0 62.0 5.6071 0.0 0.0 -1.926 0.28284 992.0 1.8696 12.0 
0.0622 208.05517 69.0 1260.0 1.0 66.0 1.0071 0.0 2.274 0.0 0.31623 988.0 1.7796 11.0 66.0 1.7071 0.0 0.774 0.0 0.22361 988.0 1.7796 11.0 66.0 2.5071 0.0 0.0 -0.526 0.22361 988.0 1.7796 11.0 68.0 3.4071 0.0 0.0 -1.626 0.28284 986.0 1.7492 10.0 72.0 4.3071 0.0 0.0 -2.426 0.22361 983.0 1.7649 9.0 
0.13399 92.73958 74.0 1262.0 1.0 43.0 0.0 -0.1929 2.074 0.0 0.31623 1000.0 1.4527 20.0 44.0 0.6071 0.0 0.574 0.0 0.28284 999.0 1.4124 18.0 45.0 1.7071 0.0 0.0 -0.426 0.22361 999.0 1.4773 17.0 46.0 3.0071 0.0 0.0 -0.926 0.2 999.0 1.5437 17.0 46.0 4.3071 0.0 0.0 -1.026 0.2 998.0 1.4408 16.0 
0.0592 302.10412 76.0 1264.0 1.0 71.0 0.0 -0.4929 3.274 0.0 0.28284 984.0 1.7754 7.0 79.0 0.5071 0.0 2.674 0.0 0.2 979.0 1.8748 6.0 88.0 1.6071 0.0 2.574 0.0 0.22361 972.0 1.9291 5.0 93.0 2.7071 0.0 2.974 0.0 0.22361 969.0 2.0077 5.0 92.0 3.9071 0.0 3.774 0.0 0.28284 972.0 2.1085 5.0 
0.04464 165.42227 68.0 1266.0 1.0 67.0 0.0 -0.0929 3.174 0.0 0.44721 994.0 2.4131 13.0 66.0 1.2071 0.0 0.874 0.0 0.36056 993.0 2.2245 12.0 65.0 2.4071 0.0 0.0 -0.626 0.28284 991.0 1.9615 11.0 67.0 3.5071 0.0 0.0 -1.526 0.22361 988.0 1.834 10.0 70.0 4.5071 0.0 0.0 -1.926 0.22361 985.0 1.7874 9.0 
0.06648 260.95971 61.0 1267.0 1.0 57.0 0.0 -0.7929 3.074 0.0 0.36056 997.0 2.074 15.0 59.0 1.1071 0.0 2.074 0.0 0.31623 996.0 2.0914 14.0 58.0 2.8071 0.0 1.374 0.0 0.31623 995.0 1.9088 14.0 56.0 4.2071 0.0 0.874 0.0 0.22361 995.0 1.7795 13.0 54.0 5.4071 0.0 0.474 0.0 0.1 994.0 1.5675 13.0 
0.0584 262.79555 52.0 1268.0 1.0 55.0 0.0071 0.0 3.074 0.0 0.28284 997.0 1.931 15.0 56.0 1.3071 0.0 1.974 0.0 0.22361 995.0 1.7795 14.0 58.0 2.6071 0.0 1.174 0.0 0.22361 994.0 1.8084 13.0 62.0 3.9071 0.0 0.674 0.0 0.31623 992.0 1.8696 12.0 67.0 5.5071 0.0 0.174 0.0 0.31623 991.0 2.0841 11.0 
0.02413 288.58221 44.0 1270.0 1.0 67.0 0.3071 0.0 3.974 0.0 0.5 997.0 2.5 15.0 66.0 2.2071 0.0 1.374 0.0 0.5 997.0 2.5 15.0 64.0 4.1071 0.0 0.0 -0.926 0.5 996.0 2.4609 15.0 62.0 6.0071 0.0 0.0 -2.926 0.28284 996.0 2.3095 14.0 58.0 7.6071 0.0 0.0 -4.426 0.36056 997.0 2.1474 15.0 
0.12139 101.0933 162.0 1271.0 1.0 66.0 0.0 -0.1929 2.174 0.0 0.36056 991.0 2.0223 15.0 63.0 0.7071 0.0 0.574 0.0 0.28284 992.0 1.9304 15.0 60.0 1.6071 0.0 0.0 -0.626 0.14142 992.0 1.7509 15.0 58.0 2.4071 0.0 0.0 -1.426 0.1 992.0 1.6361 15.0 56.0 3.1071 0.0 0.0 -1.726 0.22361 992.0 1.5252 15.0 
0.09317 242.05755 63.0 1272.0 1.0 82.0 0.4071 0.0 2.874 0.0 0.28284 982.0 2.2154 11.0 90.0 1.6071 0.0 1.474 0.0 0.28284 975.0 2.1771 10.0 99.0 2.9071 0.0 0.074 0.0 0.28284 968.0 2.2245 9.0 119.0 4.1071 0.0 0.0 -1.226 0.28284 949.0 2.2599 7.0 133.0 5.2071 0.0 0.0 -2.526 0.28284 931.0 2.2033 6.0 
0.24888 152.12534 61.0 1273.0 1.0 85.0 0.0 -1.0929 1.974 0.0 0.31623 982.0 2.3805 9.0 93.0 0.7071 0.0 1.174 0.0 0.36056 974.0 2.2651 8.0 97.0 2.1071 0.0 0.074 0.0 0.28284 969.0 2.1841 7.0 101.0 3.3071 0.0 0.0 -0.826 0.28284 963.0 2.0838 6.0 104.0 4.5071 0.0 0.0 -1.526 0.1 959.0 2.0458 6.0 
0.11217 77.34927 90.0 1274.0 1.0 45.0 0.0 -1.3929 0.0 -2.126 0.44721 1000.0 1.591 14.0 50.0 0.0 -0.6929 0.074 0.0 0.3 999.0 1.8239 12.0 48.0 0.0 -0.2929 1.974 0.0 0.31623 998.0 1.5688 12.0 44.0 0.2071 0.0 3.474 0.0 0.2 999.0 1.4124 13.0 40.0 0.6071 0.0 4.574 0.0 0.2 999.0 1.1673 13.0 
0.14154 211.34081 64.0 1275.0 1.0 78.0 0.0 -1.0929 2.374 0.0 0.31623 987.0 2.39 10.0 84.0 0.9071 0.0 1.674 0.0 0.36056 982.0 2.3248 9.0 88.0 2.6071 0.0 0.574 0.0 0.28284 978.0 2.2599 8.0 92.0 4.0071 0.0 0.0 -0.526 0.22361 973.0 2.1612 7.0 95.0 5.2071 0.0 0.0 -1.426 0.28284 969.0 2.095 7.0 
0.08591 148.01451 46.0 1276.0 1.0 59.0 0.0 -0.9929 2.974 0.0 0.5 999.0 2.5 19.0 56.0 1.0071 0.0 0.874 0.0 0.36056 999.0 2.2879 17.0 54.0 2.8071 0.0 0.0 -0.526 0.36056 998.0 1.9855 17.0 55.0 4.6071 0.0 0.0 -1.926 0.42426 998.0 2.0598 16.0 58.0 6.5071 0.0 0.0 -3.626 0.5 998.0 2.2906 17.0 
0.10689 162.03059 69.0 1277.0 1.0 63.0 0.0 -2.5929 0.974 0.0 0.3 993.0 2.0269 10.0 73.0 0.0 -0.4929 1.374 0.0 0.36056 989.0 2.2679 11.0 76.0 1.2071 0.0 1.774 0.0 0.3 984.0 2.0343 9.0 85.0 2.7071 0.0 1.374 0.0 0.2 977.0 2.0498 8.0 96.0 4.0071 0.0 0.974 0.0 0.22361 967.0 2.0463 7.0 
0.14633 81.57302 46.0 1279.0 1.0 59.0 0.0 -2.7929 0.274 0.0 0.4 997.0 2.2221 15.0 71.0 0.0 -0.2929 0.674 0.0 0.44721 993.0 2.5 12.0 76.0 2.1071 0.0 1.574 0.0 0.36056 990.0 2.5 11.0 79.0 4.3071 0.0 2.674 0.0 0.41231 988.0 2.5 10.0 76.0 6.6071 0.0 2.974 0.0 0.41231 990.0 2.5 11.0 
0.08818 146.70683 90.0 1280.0 1.0 61.0 0.0 -0.4929 2.074 0.0 0.22361 993.0 1.9003 12.0 59.0 0.6071 0.0 1.174 0.0 0.22361 992.0 1.693 12.0 59.0 1.6071 0.0 0.574 0.0 0.22361 992.0 1.693 12.0 59.0 2.5071 0.0 0.0 -0.026 0.14142 991.0 1.6161 11.0 60.0 3.2071 0.0 0.0 -0.526 0.2 990.0 1.5987 11.0 
0.03074 285.98017 59.0 1281.0 1.0 49.0 0.0 -1.1929 0.0 -3.026 0.31623 998.0 1.6349 13.0 53.0 0.5071 0.0 0.0 -2.526 0.3 997.0 1.7931 15.0 55.0 2.1071 0.0 0.0 -2.426 0.3 995.0 1.7165 12.0 61.0 3.6071 0.0 0.0 -2.626 0.22361 991.0 1.7275 10.0 75.0 4.9071 0.0 0.0 -3.026 0.2 983.0 1.9151 9.0 
0.03434 244.99102 63.0 1282.0 1.0 39.0 0.0 -2.1929 0.0 -1.926 0.22361 1001.0 1.2946 12.0 44.0 0.0 -0.5929 0.0 -2.126 0.31623 1000.0 1.5211 11.0 48.0 1.2071 0.0 0.0 -2.326 0.3 998.0 1.5688 9.0 51.0 2.8071 0.0 0.0 -2.526 0.31623 996.0 1.5627 10.0 59.0 4.1071 0.0 0.0 -2.726 0.3 992.0 1.693 9.0 
0.05109 219.35651 53.0 1283.0 1.0 41.0 0.0 -1.9929 2.274 0.0 0.41231 1001.0 1.4308 13.0 43.0 0.0 -0.0929 1.974 0.0 0.4 1001.0 1.5738 17.0 47.0 1.8071 0.0 1.774 0.0 0.4 1000.0 1.7355 15.0 52.0 3.8071 0.0 1.474 0.0 0.31623 999.0 1.9727 13.0 52.0 5.7071 0.0 0.974 0.0 0.22361 998.0 1.8412 12.0 
0.13573 256.01534 75.0 1284.0 1.0 37.0 0.0 -2.0929 1.374 0.0 0.14142 1000.0 1.0756 21.0 39.0 0.0 -1.1929 1.974 0.0 0.14142 999.0 1.1096 19.0 44.0 0.0 -0.2929 2.374 0.0 0.2 997.0 1.2359 16.0 52.0 0.8071 0.0 2.574 0.0 0.2 995.0 1.5343 17.0 59.0 1.9071 0.0 2.774 0.0 0.2 992.0 1.693 16.0 
0.03904 291.20584 47.0 1286.0 1.0 49.0 0.0 -1.1929 3.074 0.0 0.31623 997.0 1.5327 13.0 58.0 0.5071 0.0 2.574 0.0 0.3 995.0 1.9088 14.0 65.0 2.3071 0.0 2.374 0.0 0.3 993.0 2.1576 12.0 70.0 4.2071 0.0 2.174 0.0 0.4 991.0 2.2749 11.0 72.0 6.3071 0.0 1.774 0.0 0.41231 991.0 2.4067 11.0 
0.09201 165.22105 85.0 1287.0 1.0 69.0 0.0 -1.0929 1.674 0.0 0.22361 987.0 1.8703 10.0 78.0 0.2071 0.0 1.474 0.0 0.2 981.0 1.9419 9.0 87.0 1.3071 0.0 1.574 0.0 0.2 973.0 1.9327 7.0 98.0 2.5071 0.0 1.774 0.0 0.2 965.0 2.0436 7.0 96.0 3.6071 0.0 1.974 0.0 0.22361 966.0 2.0028 7.0 
0.06137 182.75288 55.0 1289.0 1.0 64.0 0.0 -0.4929 2.074 0.0 0.31623 990.0 1.8189 8.0 70.0 0.9071 0.0 1.374 0.0 0.36056 987.0 1.9249 8.0 75.0 2.3071 0.0 0.174 0.0 0.36056 985.0 2.0519 7.0 79.0 3.7071 0.0 0.0 -1.326 0.28284 983.0 2.1248 7.0 87.0 5.1071 0.0 0.0 -2.626 0.36056 978.0 2.2088 6.0 
0.05457 272.11954 51.0 1290.0 1.0 77.0 0.0 -0.1929 3.674 0.0 0.42426 987.0 2.3291 10.0 83.0 1.3071 0.0 2.074 0.0 0.36056 982.0 2.2698 9.0 86.0 2.9071 0.0 0.774 0.0 0.28284 980.0 2.2891 8.0 90.0 4.5071 0.0 0.0 -0.426 0.36056 977.0 2.2981 8.0 92.0 6.1071 0.0 0.0 -1.726 0.28284 977.0 2.4014 8.0 
0.05547 253.75742 55.0 1292.0 1.0 50.0 0.0 -0.4929 2.674 0.0 0.22361 996.0 1.502 14.0 56.0 0.7071 0.0 2.174 0.0 0.3 995.0 1.7795 13.0 61.0 2.1071 0.0 1.774 0.0 0.31623 993.0 1.9003 12.0 63.0 3.6071 0.0 1.174 0.0 0.31623 993.0 2.0269 12.0 63.0 5.1071 0.0 0.374 0.0 0.36056 993.0 2.0269 12.0 
0.07773 224.15533 53.0 1293.0 1.0 57.0 0.0 -1.5929 0.0 -2.826 0.44721 996.0 1.952 12.0 64.0 0.6071 0.0 0.0 -1.926 0.31623 993.0 2.0918 10.0 72.0 2.6071 0.0 0.0 -1.726 0.3 989.0 2.2062 11.0 82.0 4.4071 0.0 0.0 -2.126 0.31623 982.0 2.2154 9.0 95.0 6.0071 0.0 0.0 -2.826 0.22361 972.0 2.2483 7.0 
0.03547 270.80238 39.0 1294.0 1.0 64.0 0.0 -2.0929 4.474 0.0 0.64031 1001.0 2.5 16.0 63.0 1.1071 0.0 2.174 0.0 0.5831 1001.0 2.5 15.0 62.0 4.2071 0.0 0.174 0.0 0.5831 1000.0 2.5 14.0 58.0 7.0071 0.0 0.0 -1.326 0.44721 1000.0 2.5 14.0 52.0 9.4071 0.0 0.0 -2.326 0.31623 1000.0 2.1245 14.0 
0.21639 21.89443 50.0 1296.0 1.0 31.0 0.0 -1.1929 0.074 0.0 0.2 1002.0 1.0 19.0 35.0 0.0 -0.0929 0.174 0.0 0.3 1001.0 1.0427 17.0 41.0 1.3071 0.0 0.374 0.0 0.2 1001.0 1.4308 20.0 50.0 2.9071 0.0 0.874 0.0 0.31623 999.0 1.8239 17.0 58.0 5.2071 0.0 1.674 0.0 0.41231 999.0 2.4542 17.0 
0.07772 241.14112 85.0 1297.0 1.0 91.0 0.0 -0.2929 2.474 0.0 0.22361 973.0 2.1145 7.0 88.0 0.9071 0.0 1.974 0.0 0.1 973.0 1.9774 7.0 85.0 1.8071 0.0 1.674 0.0 0.14142 974.0 1.8922 7.0 83.0 2.5071 0.0 1.374 0.0 0.14142 975.0 1.8516 8.0 81.0 3.2071 0.0 1.074 0.0 0.2 976.0 1.8111 8.0 
0.16039 231.3589 52.0 1298.0 1.0 82.0 0.0 -1.9929 2.574 0.0 0.41231 985.0 2.4528 10.0 95.0 0.2071 0.0 2.074 0.0 0.4 975.0 2.4258 8.0 106.0 2.2071 0.0 1.974 0.0 0.2 962.0 2.2502 6.0 119.0 3.7071 0.0 2.074 0.0 0.31623 948.0 2.2252 5.0 108.0 5.3071 0.0 2.474 0.0 0.31623 961.0 2.291 6.0 
0.17646 230.44483 89.0 1299.0 1.0 75.0 0.0 -1.7929 2.274 0.0 0.31623 987.0 2.2097 10.0 79.0 0.0 -0.0929 2.074 0.0 0.2 983.0 2.1248 9.0 77.0 1.2071 0.0 2.174 0.0 0.2 982.0 1.9535 9.0 73.0 2.2071 0.0 2.274 0.0 0.1 983.0 1.8143 9.0 65.0 3.0071 0.0 2.474 0.0 0.2 987.0 1.6597 10.0 
0.0071 140.60184 31.0 1302.0 1.0 78.0 0.0 -5.2929 4.574 0.0 1.06301 1002.0 2.5 19.0 77.0 0.0 -1.1929 0.0 -0.426 1.0 1001.0 2.5 17.0 76.0 2.3071 0.0 0.0 -4.926 0.86023 1000.0 2.5 15.0 74.0 5.6071 0.0 0.0 -8.726 0.64031 998.0 2.5 13.0 72.0 8.6071 0.0 0.0 -11.126 0.5 996.0 2.5 14.0 
0.10172 127.49095 69.0 1303.0 1.0 59.0 0.0 -0.3929 1.374 0.0 0.1 988.0 1.4222 11.0 67.0 0.4071 0.0 1.074 0.0 0.1 985.0 1.6375 10.0 76.0 1.3071 0.0 0.774 0.0 0.22361 981.0 1.8436 9.0 87.0 2.6071 0.0 0.274 0.0 0.22361 975.0 2.0344 8.0 100.0 3.9071 0.0 0.0 -0.526 0.22361 965.0 2.1279 7.0 
0.20077 66.32251 73.0 1304.0 1.0 68.0 0.0 -2.0929 0.0 -2.526 0.5 991.0 2.1467 12.0 82.0 0.0 -0.5929 0.074 0.0 0.44721 986.0 2.5 13.0 91.0 0.8071 0.0 1.974 0.0 0.28284 976.0 2.2859 10.0 102.0 2.2071 0.0 2.974 0.0 0.22361 964.0 2.1686 9.0 112.0 3.4071 0.0 3.274 0.0 0.2 952.0 2.1003 7.0 
0.14606 127.3962 54.0 1305.0 1.0 62.0 0.0 -1.3929 2.674 0.0 0.56569 997.0 2.4538 16.0 60.0 0.6071 0.0 0.974 0.0 0.44721 997.0 2.2981 15.0 59.0 2.5071 0.0 0.0 -0.026 0.36056 996.0 2.0914 14.0 59.0 4.2071 0.0 0.0 -1.026 0.36056 996.0 2.0914 14.0 56.0 5.7071 0.0 0.0 -2.126 0.36056 996.0 1.8841 14.0 
0.07424 311.02086 54.0 1306.0 1.0 56.0 0.0 -0.6929 3.874 0.0 0.36056 997.0 2.0019 13.0 58.0 1.1071 0.0 2.574 0.0 0.31623 995.0 1.9088 11.0 66.0 2.9071 0.0 2.174 0.0 0.22361 991.0 2.0223 12.0 70.0 4.4071 0.0 1.874 0.0 0.22361 988.0 2.0019 10.0 77.0 5.7071 0.0 1.274 0.0 0.28284 983.0 2.0186 9.0 
0.08647 107.80531 85.0 1307.0 1.0 38.0 0.0 -1.6929 0.0 -0.726 0.2 1000.0 1.1345 16.0 42.0 0.0 -0.2929 0.0 -0.926 0.22361 999.0 1.2869 14.0 47.0 1.1071 0.0 0.0 -1.226 0.2 997.0 1.4101 13.0 52.0 2.5071 0.0 0.0 -1.526 0.22361 996.0 1.6246 14.0 55.0 3.6071 0.0 0.0 -2.026 0.14142 994.0 1.6261 13.0 
0.03741 207.38194 73.0 1309.0 1.0 63.0 0.3071 0.0 0.0 -2.226 0.22361 991.0 1.8426 11.0 66.0 1.2071 0.0 0.0 -1.426 0.22361 988.0 1.7796 10.0 58.0 2.0071 0.0 0.0 -0.726 0.14142 992.0 1.6361 11.0 52.0 2.7071 0.0 0.0 -0.126 0.1 994.0 1.4536 13.0 47.0 3.2071 0.0 0.474 0.0 0.1 996.0 1.3272 14.0 
0.08604 164.04532 58.0 1310.0 1.0 53.0 0.0 -1.6929 1.774 0.0 0.31623 998.0 1.9127 16.0 60.0 0.1071 0.0 1.474 0.0 0.3 995.0 2.0427 13.0 62.0 1.7071 0.0 1.374 0.0 0.3 993.0 1.9631 12.0 64.0 3.2071 0.0 1.274 0.0 0.31623 991.0 1.9016 11.0 65.0 4.6071 0.0 0.974 0.0 0.22361 990.0 1.8762 11.0 
0.02992 244.59289 45.0 1312.0 1.0 53.0 0.0 -0.8929 3.374 0.0 0.42426 1000.0 2.207 15.0 55.0 1.3071 0.0 1.774 0.0 0.36056 999.0 2.2069 18.0 61.0 3.4071 0.0 0.574 0.0 0.44721 997.0 2.3753 15.0 66.0 5.5071 0.0 0.0 -0.726 0.44721 994.0 2.3416 13.0 65.0 7.5071 0.0 0.0 -1.526 0.22361 992.0 2.0549 12.0 
0.04811 169.38783 129.0 1313.0 1.0 56.0 0.0 -0.9929 0.0 -1.526 0.2 990.0 1.3926 9.0 70.0 0.0071 0.0 0.0 -1.526 0.1 984.0 1.7258 9.0 89.0 0.9071 0.0 0.0 -1.426 0.14142 969.0 1.8387 7.0 91.0 1.7071 0.0 0.0 -1.026 0.14142 968.0 1.8796 7.0 88.0 2.3071 0.0 0.0 -0.426 0.14142 969.0 1.7976 7.0 
0.08593 145.46449 60.0 1314.0 1.0 52.0 0.0 -1.3929 2.074 0.0 0.22361 996.0 1.6246 12.0 61.0 0.3071 0.0 1.274 0.0 0.31623 994.0 2.0003 13.0 69.0 2.1071 0.0 0.274 0.0 0.36056 991.0 2.2103 12.0 72.0 3.7071 0.0 0.0 -1.126 0.36056 989.0 2.2062 11.0 77.0 5.1071 0.0 0.0 -2.226 0.22361 984.0 2.0882 9.0 
0.02139 300.93994 65.0 1315.0 1.0 56.0 0.0 -3.9929 0.0 -0.726 0.5 998.0 2.1353 11.0 57.0 0.0 -1.3929 0.0 -2.326 0.44721 998.0 2.2123 14.0 58.0 1.1071 0.0 0.0 -3.426 0.41231 996.0 2.0211 12.0 60.0 3.1071 0.0 0.0 -4.526 0.36056 992.0 1.7509 10.0 66.0 4.7071 0.0 0.0 -5.426 0.22361 988.0 1.7796 11.0 
0.04871 234.34953 53.0 1316.0 1.0 76.0 0.1071 0.0 2.874 0.0 0.28284 986.0 2.185 9.0 70.0 1.4071 0.0 1.574 0.0 0.22361 989.0 2.0853 10.0 63.0 2.6071 0.0 0.574 0.0 0.28284 993.0 2.0269 12.0 58.0 3.9071 0.0 0.0 -0.426 0.31623 995.0 1.9088 13.0 54.0 5.4071 0.0 0.0 -1.226 0.31623 997.0 1.8615 15.0 
0.12995 93.62417 64.0 1317.0 1.0 57.0 0.0 -0.9929 2.074 0.0 0.42426 997.0 2.074 12.0 58.0 0.5071 0.0 0.674 0.0 0.36056 995.0 1.9088 10.0 60.0 1.9071 0.0 0.0 -0.226 0.28284 993.0 1.8385 9.0 65.0 3.2071 0.0 0.0 -0.826 0.2 990.0 1.8762 8.0 76.0 4.6071 0.0 0.0 -0.826 0.3 984.0 2.0343 7.0 
0.08589 258.3804 42.0 1318.0 1.0 77.0 0.0 -0.9929 3.974 0.0 0.5 993.0 2.5 12.0 78.0 1.5071 0.0 1.774 0.0 0.5 992.0 2.5 11.0 77.0 3.8071 0.0 0.0 -0.126 0.5 991.0 2.5 11.0 74.0 6.0071 0.0 0.0 -2.126 0.5 993.0 2.5 12.0 68.0 8.1071 0.0 0.0 -4.126 0.42426 995.0 2.5 13.0 
0.21424 57.41677 68.0 1319.0 1.0 63.0 0.0 -1.1929 0.874 0.0 0.22361 991.0 1.8426 11.0 70.0 0.2071 0.0 0.474 0.0 0.2 987.0 1.9249 10.0 72.0 1.5071 0.0 0.274 0.0 0.22361 985.0 1.891 10.0 74.0 2.6071 0.0 0.0 -0.026 0.2 983.0 1.8643 9.0 79.0 3.7071 0.0 0.0 -0.226 0.2 979.0 1.8748 8.0 
0.10033 131.83447 63.0 1320.0 1.0 51.0 0.0 -0.3929 1.574 0.0 0.2 995.0 1.4759 13.0 52.0 0.5071 0.0 1.074 0.0 0.22361 996.0 1.6246 14.0 51.0 1.6071 0.0 0.374 0.0 0.22361 996.0 1.5627 14.0 50.0 2.6071 0.0 0.0 -0.526 0.28284 997.0 1.5959 15.0 50.0 3.7071 0.0 0.0 -1.626 0.28284 998.0 1.7023 16.0 
0.06163 281.38153 45.0 1321.0 1.0 73.0 0.0 -0.6929 4.274 0.0 0.64031 996.0 2.5 14.0 67.0 1.7071 0.0 1.874 0.0 0.5 997.0 2.5 14.0 57.0 3.8071 0.0 0.474 0.0 0.44721 998.0 2.2123 16.0 52.0 5.7071 0.0 0.0 -0.526 0.31623 999.0 1.9727 17.0 48.0 7.5071 0.0 0.0 -0.926 0.22361 1000.0 1.8102 18.0 
0.19203 137.92644 60.0 1322.0 1.0 70.0 0.0 -1.3929 2.074 0.0 0.31623 991.0 2.2749 11.0 76.0 0.4071 0.0 1.174 0.0 0.31623 987.0 2.269 10.0 79.0 2.1071 0.0 0.274 0.0 0.31623 984.0 2.1981 9.0 81.0 3.6071 0.0 0.0 -0.226 0.22361 980.0 2.0307 8.0 88.0 4.8071 0.0 0.0 -0.426 0.2 973.0 1.9774 7.0 
0.07862 125.44014 63.0 1323.0 1.0 44.0 0.0 -0.2929 3.174 0.0 0.44721 1001.0 1.6478 13.0 45.0 0.9071 0.0 0.674 0.0 0.44721 1000.0 1.591 12.0 45.0 2.0071 0.0 0.0 -1.526 0.36056 999.0 1.4773 11.0 46.0 3.1071 0.0 0.0 -3.326 0.28284 998.0 1.4408 10.0 49.0 4.2071 0.0 0.0 -4.726 0.28284 996.0 1.4425 10.0 
0.0391 245.98277 87.0 1325.0 1.0 86.0 0.0 -0.8929 2.574 0.0 0.31623 977.0 2.0984 6.0 90.0 1.0071 0.0 1.974 0.0 0.31623 974.0 2.1213 6.0 89.0 2.4071 0.0 1.174 0.0 0.28284 974.0 2.0744 6.0 83.0 3.5071 0.0 0.374 0.0 0.22361 976.0 1.9017 6.0 78.0 4.4071 0.0 0.0 -0.326 0.14142 979.0 1.8277 6.0 
0.05646 210.46392 68.0 1326.0 1.0 52.0 1.3071 0.0 1.774 0.0 0.31623 995.0 1.5343 14.0 52.0 1.8071 0.0 0.574 0.0 0.22361 994.0 1.4536 13.0 54.0 2.4071 0.0 0.0 -0.326 0.14142 993.0 1.4892 12.0 58.0 3.0071 0.0 0.0 -1.026 0.22361 991.0 1.5618 11.0 64.0 3.9071 0.0 0.0 -1.526 0.1 988.0 1.6734 10.0 
0.08653 195.01871 74.0 1328.0 1.0 75.0 0.0 -0.4929 2.474 0.0 0.5 991.0 2.5 11.0 69.0 1.3071 0.0 1.174 0.0 0.36056 990.0 2.1142 11.0 65.0 2.5071 0.0 0.174 0.0 0.22361 989.0 1.798 11.0 64.0 3.4071 0.0 0.0 -0.326 0.2 988.0 1.6734 10.0 68.0 4.2071 0.0 0.0 -0.426 0.2 985.0 1.6867 9.0 
0.06894 169.69959 57.0 1329.0 1.0 61.0 0.0 -2.5929 0.0 -1.426 0.5 996.0 2.2356 12.0 68.0 0.0 -0.0929 0.0 -1.526 0.4 991.0 2.1467 9.0 76.0 2.0071 0.0 0.0 -1.626 0.31623 986.0 2.185 10.0 87.0 3.7071 0.0 0.0 -2.226 0.31623 978.0 2.2088 8.0 107.0 5.3071 0.0 0.0 -2.826 0.31623 959.0 2.1655 6.0 
0.11842 127.49095 63.0 1330.0 1.0 51.0 0.0 -0.4929 1.574 0.0 0.22361 996.0 1.5627 14.0 53.0 0.4071 0.0 1.074 0.0 0.2 994.0 1.51 13.0 57.0 1.4071 0.0 0.974 0.0 0.1 992.0 1.5802 12.0 62.0 2.5071 0.0 1.074 0.0 0.22361 991.0 1.7846 11.0 67.0 3.9071 0.0 1.274 0.0 0.3 990.0 1.9935 11.0 
0.10838 163.93864 62.0 1331.0 1.0 65.0 0.0 -1.9929 1.274 0.0 0.3 993.0 2.1576 12.0 71.0 0.0 -0.0929 1.474 0.0 0.3 990.0 2.2386 11.0 68.0 1.5071 0.0 1.374 0.0 0.2 990.0 2.0534 11.0 62.0 2.7071 0.0 1.074 0.0 0.2 991.0 1.7846 11.0 55.0 3.9071 0.0 0.974 0.0 0.2 995.0 1.7165 13.0 
0.03958 240.32426 121.0 1333.0 1.0 61.0 0.1071 0.0 0.0 -2.226 0.3 992.0 1.8098 12.0 72.0 1.3071 0.0 0.0 -1.726 0.22361 985.0 1.891 9.0 73.0 2.2071 0.0 0.0 -1.126 0.22361 983.0 1.8143 9.0 69.0 2.9071 0.0 0.0 -0.426 0.14142 985.0 1.7367 9.0 69.0 3.6071 0.0 0.0 -0.026 0.14142 984.0 1.6768 9.0 
0.03054 289.68377 46.0 1334.0 1.0 54.0 0.0 -0.4929 3.974 0.0 0.5 999.0 2.1274 15.0 57.0 1.7071 0.0 1.974 0.0 0.5 998.0 2.2123 13.0 60.0 3.7071 0.0 0.0 -0.026 0.5 997.0 2.2981 14.0 66.0 5.6071 0.0 0.0 -1.726 0.42426 994.0 2.3416 13.0 68.0 7.2071 0.0 0.0 -3.126 0.31623 990.0 2.0534 11.0 
0.03285 274.61513 56.0 1336.0 1.0 49.0 0.0 -1.7929 2.374 0.0 0.31623 998.0 1.6349 15.0 58.0 0.0071 0.0 2.474 0.0 0.3 996.0 2.0211 14.0 63.0 1.8071 0.0 2.274 0.0 0.31623 994.0 2.1336 13.0 65.0 3.6071 0.0 1.574 0.0 0.31623 993.0 2.1576 12.0 65.0 5.2071 0.0 0.774 0.0 0.31623 992.0 2.0549 12.0 
0.08282 116.36837 66.0 1337.0 1.0 52.0 0.0 -0.5929 2.174 0.0 0.36056 999.0 1.9727 12.0 48.0 0.7071 0.0 0.774 0.0 0.28284 999.0 1.6809 13.0 42.0 1.9071 0.0 0.0 -0.026 0.14142 1000.0 1.3859 13.0 37.0 2.7071 0.0 0.0 -0.526 0.14142 1000.0 1.0756 14.0 33.0 3.3071 0.0 0.0 -0.826 0.0 1001.0 1.0 15.0 
0.06813 287.44942 46.0 1338.0 1.0 70.0 0.0 -1.0929 4.174 0.0 0.64031 996.0 2.5 14.0 71.0 1.4071 0.0 2.174 0.0 0.36056 994.0 2.5 13.0 70.0 3.4071 0.0 0.874 0.0 0.36056 992.0 2.3832 12.0 72.0 5.3071 0.0 0.0 -0.226 0.31623 990.0 2.3021 11.0 73.0 7.0071 0.0 0.0 -0.726 0.31623 988.0 2.1772 10.0 
0.03238 304.80217 60.0 1339.0 1.0 97.0 0.1071 0.0 3.874 0.0 0.5 980.0 2.5 8.0 92.0 2.0071 0.0 1.874 0.0 0.28284 978.0 2.47 8.0 84.0 3.3071 0.0 0.774 0.0 0.28284 979.0 2.1196 8.0 81.0 4.4071 0.0 0.174 0.0 0.1 978.0 1.9146 8.0 81.0 5.4071 0.0 0.074 0.0 0.14142 978.0 1.9146 8.0 
0.02135 298.16812 45.0 1340.0 1.0 64.0 0.0 -0.9929 5.074 0.0 0.78102 1000.0 2.5 16.0 61.0 1.7071 0.0 2.074 0.0 0.56569 999.0 2.5 14.0 59.0 3.9071 0.0 0.0 -0.226 0.42426 998.0 2.3703 15.0 62.0 5.8071 0.0 0.0 -1.926 0.36056 995.0 2.1812 14.0 64.0 7.5071 0.0 0.0 -2.826 0.22361 992.0 1.9922 12.0 
0.10117 119.15354 64.0 1341.0 1.0 49.0 0.0 -0.7929 2.974 0.0 0.5 1000.0 1.8864 13.0 48.0 0.9071 0.0 0.574 0.0 0.42426 999.0 1.6809 12.0 46.0 2.4071 0.0 0.0 -1.326 0.36056 998.0 1.4408 11.0 47.0 3.6071 0.0 0.0 -2.926 0.36056 997.0 1.4101 13.0 50.0 4.6071 0.0 0.0 -4.326 0.28284 995.0 1.4186 12.0 
0.09027 124.78821 73.0 1342.0 1.0 52.0 0.0 -0.4929 2.174 0.0 0.28284 998.0 1.8412 16.0 51.0 0.7071 0.0 0.874 0.0 0.36056 998.0 1.7711 16.0 48.0 1.9071 0.0 0.0 -0.226 0.22361 998.0 1.5688 16.0 44.0 3.0071 0.0 0.0 -1.026 0.14142 999.0 1.4124 17.0 39.0 3.8071 0.0 0.0 -1.426 0.14142 999.0 1.1096 17.0 
0.08309 163.42753 269.0 1343.0 1.0 82.0 0.0 -0.2929 2.774 0.0 0.36056 983.0 2.2892 9.0 90.0 1.0071 0.0 1.074 0.0 0.28284 976.0 2.236 8.0 92.0 2.1071 0.0 0.0 -0.126 0.22361 971.0 2.0583 7.0 92.0 3.0071 0.0 0.0 -0.926 0.14142 969.0 1.9647 7.0 89.0 3.8071 0.0 0.0 -1.226 0.14142 970.0 1.8815 7.0 
0.13647 220.1577 55.0 1344.0 1.0 62.0 0.0 -2.2929 1.874 0.0 0.4 994.0 2.0664 10.0 74.0 0.0 -0.1929 1.974 0.0 0.4 989.0 2.3304 8.0 81.0 1.9071 0.0 2.474 0.0 0.31623 985.0 2.3933 7.0 80.0 3.8071 0.0 3.274 0.0 0.31623 984.0 2.2541 7.0 74.0 5.5071 0.0 3.774 0.0 0.22361 987.0 2.1512 7.0 
0.09844 187.25955 60.0 1345.0 1.0 76.0 0.0 -1.7929 3.674 0.0 0.56569 991.0 2.5 9.0 87.0 0.6071 0.0 1.574 0.0 0.44721 985.0 2.5 7.0 81.0 2.6071 0.0 0.374 0.0 0.31623 984.0 2.3108 7.0 77.0 4.1071 0.0 0.0 -0.026 0.2 983.0 2.0186 7.0 79.0 5.3071 0.0 0.174 0.0 0.2 980.0 1.9316 6.0 
0.02901 291.93942 77.0 1346.0 1.0 55.0 1.6071 0.0 2.774 0.0 0.22361 994.0 1.6261 13.0 51.0 2.1071 0.0 1.574 0.0 0.14142 995.0 1.4759 13.0 47.0 2.6071 0.0 0.674 0.0 0.14142 997.0 1.4101 14.0 44.0 3.2071 0.0 0.074 0.0 0.14142 997.0 1.2359 15.0 41.0 3.8071 0.0 0.0 -0.226 0.1 998.0 1.1446 15.0 
0.07394 186.05687 84.0 1347.0 1.0 57.0 0.0 -1.2929 0.0 -1.926 0.3 995.0 1.8436 14.0 65.0 0.4071 0.0 0.0 -1.626 0.2 991.0 1.9615 15.0 74.0 1.8071 0.0 0.0 -1.326 0.22361 985.0 1.9975 12.0 75.0 3.0071 0.0 0.0 -0.826 0.14142 983.0 1.9151 12.0 78.0 3.7071 0.0 0.0 -0.126 0.14142 979.0 1.8277 11.0 
0.04615 260.90683 273.0 1348.0 1.0 144.0 0.0 -0.0929 4.274 0.0 0.67082 939.0 2.5 7.0 147.0 1.9071 0.0 1.374 0.0 0.56569 932.0 2.5 6.0 162.0 3.8071 0.0 0.0 -0.626 0.36056 903.0 2.4368 5.0 165.0 5.2071 0.0 0.0 -1.926 0.28284 894.0 2.3367 5.0 144.0 6.3071 0.0 0.0 -3.126 0.28284 918.0 2.2294 6.0 
0.11959 97.07306 115.0 1349.0 1.0 57.0 0.0 -0.8929 1.374 0.0 0.31623 995.0 1.8436 13.0 58.0 0.4071 0.0 0.774 0.0 0.22361 993.0 1.7179 12.0 55.0 1.4071 0.0 0.374 0.0 0.14142 993.0 1.5448 12.0 50.0 2.0071 0.0 0.074 0.0 0.1 994.0 1.3439 13.0 46.0 2.4071 0.0 0.074 0.0 0.1 995.0 1.2007 13.0 
0.00509 237.31183 37.0 1351.0 1.0 60.0 0.0 -4.4929 1.274 0.0 0.70711 1000.0 2.5 13.0 58.0 0.0 -1.5929 0.0 -1.426 0.56569 999.0 2.4542 11.0 56.0 0.8071 0.0 0.0 -3.726 0.56569 998.0 2.1353 10.0 55.0 2.8071 0.0 0.0 -5.626 0.42426 996.0 1.8174 9.0 60.0 4.4071 0.0 0.0 -7.426 0.42426 994.0 1.9352 11.0 
0.10001 179.1179 54.0 1352.0 1.0 63.0 0.0 -0.5929 2.974 0.0 0.42426 996.0 2.3846 15.0 64.0 1.1071 0.0 1.174 0.0 0.42426 994.0 2.2019 13.0 65.0 2.7071 0.0 0.0 -0.126 0.22361 992.0 2.0549 12.0 67.0 4.1071 0.0 0.0 -1.026 0.22361 990.0 1.9935 11.0 71.0 5.4071 0.0 0.0 -1.726 0.28284 988.0 2.0595 10.0 
0.09242 118.12228 57.0 1353.0 1.0 64.0 0.0 -1.5929 3.374 0.0 0.64031 996.0 2.4609 13.0 65.0 0.6071 0.0 0.874 0.0 0.5 993.0 2.1576 11.0 70.0 2.5071 0.0 0.0 -0.826 0.36056 987.0 1.9249 9.0 82.0 4.1071 0.0 0.0 -2.026 0.28284 979.0 2.0199 9.0 90.0 5.4071 0.0 0.0 -3.026 0.22361 971.0 1.9698 9.0 
0.12338 187.78321 55.0 1354.0 1.0 119.0 0.0 -0.5929 3.074 0.0 0.42426 959.0 2.5 8.0 132.0 1.3071 0.0 1.074 0.0 0.42426 944.0 2.5 7.0 132.0 3.0071 0.0 0.0 -0.526 0.36056 941.0 2.4717 7.0 121.0 4.6071 0.0 0.0 -1.726 0.28284 949.0 2.3365 7.0 109.0 6.0071 0.0 0.0 -2.726 0.28284 954.0 2.0568 6.0 
0.02696 288.97303 49.0 1355.0 1.0 66.0 0.0 -0.4929 4.274 0.0 0.56569 999.0 2.5 13.0 58.0 1.8071 0.0 1.874 0.0 0.56569 1000.0 2.5 13.0 52.0 3.6071 0.0 0.0 -0.126 0.42426 1000.0 2.1245 14.0 50.0 5.2071 0.0 0.0 -1.826 0.42426 1000.0 1.9642 14.0 47.0 6.7071 0.0 0.0 -3.226 0.28284 1000.0 1.7355 14.0 
0.03372 277.12471 77.0 1356.0 1.0 44.0 0.0071 0.0 0.0 -2.726 0.14142 997.0 1.2359 12.0 50.0 0.9071 0.0 0.0 -2.326 0.2 994.0 1.3439 10.0 61.0 1.8071 0.0 0.0 -2.026 0.14142 989.0 1.5836 11.0 70.0 2.5071 0.0 0.0 -1.526 0.14142 984.0 1.7258 9.0 75.0 3.1071 0.0 0.0 -0.626 0.14142 981.0 1.7954 9.0 
0.03778 288.23275 198.0 1357.0 1.0 106.0 0.9071 0.0 3.374 0.0 0.5 971.0 2.5 9.0 113.0 2.4071 0.0 0.974 0.0 0.42426 961.0 2.5 8.0 130.0 3.8071 0.0 0.0 -0.826 0.42426 941.0 2.3974 7.0 147.0 5.2071 0.0 0.0 -2.326 0.28284 918.0 2.3232 6.0 152.0 6.4071 0.0 0.0 -3.526 0.22361 909.0 2.269 5.0 
0.10324 185.81567 73.0 1359.0 1.0 51.0 0.0 -1.3929 1.874 0.0 0.22361 997.0 1.6604 15.0 52.0 0.0071 0.0 1.674 0.0 0.2 996.0 1.6246 14.0 51.0 1.2071 0.0 1.774 0.0 0.22361 996.0 1.5627 14.0 48.0 2.3071 0.0 2.174 0.0 0.2 997.0 1.4708 15.0 46.0 3.3071 0.0 2.474 0.0 0.14142 997.0 1.3508 15.0 
0.10281 118.12228 99.0 1360.0 1.0 58.0 0.0 -1.2929 2.874 0.0 0.56569 999.0 2.4542 18.0 52.0 0.6071 0.0 0.874 0.0 0.42426 999.0 1.9727 18.0 46.0 2.1071 0.0 0.0 -0.526 0.28284 999.0 1.5437 18.0 43.0 3.2071 0.0 0.0 -1.526 0.14142 998.0 1.259 13.0 44.0 4.0071 0.0 0.0 -2.226 0.14142 997.0 1.2359 12.0 
0.04634 90.28514 67.0 1361.0 1.0 42.0 0.0 -1.8929 1.374 0.0 0.36056 1000.0 1.3859 12.0 43.0 0.0 -0.6929 0.0 -0.426 0.36056 999.0 1.3489 11.0 46.0 0.6071 0.0 0.0 -2.026 0.36056 998.0 1.4408 10.0 49.0 2.1071 0.0 0.0 -3.226 0.22361 996.0 1.4425 9.0 54.0 3.5071 0.0 0.0 -4.026 0.22361 994.0 1.5675 10.0 
0.01835 214.42909 79.0 1362.0 1.0 50.0 0.0 -3.0929 1.174 0.0 0.44721 999.0 1.8239 11.0 51.0 0.0 -1.4929 0.0 -1.226 0.42426 998.0 1.7711 10.0 51.0 0.0071 0.0 0.0 -3.026 0.28284 997.0 1.6604 13.0 54.0 1.3071 0.0 0.0 -4.026 0.3 994.0 1.5675 10.0 61.0 2.5071 0.0 0.0 -4.026 0.2 988.0 1.5202 8.0 
0.03296 219.05074 48.0 1363.0 1.0 48.0 0.0 -0.3929 3.174 0.0 0.5 1001.0 1.961 13.0 48.0 1.5071 0.0 1.274 0.0 0.5 1000.0 1.8102 11.0 48.0 3.3071 0.0 0.0 -0.226 0.36056 999.0 1.6809 10.0 52.0 4.9071 0.0 0.0 -1.426 0.36056 998.0 1.8412 12.0 56.0 6.5071 0.0 0.0 -2.226 0.22361 996.0 1.8841 10.0 
0.04175 226.37542 86.0 1364.0 1.0 56.0 0.0 -0.1929 3.574 0.0 0.5 1001.0 2.5 21.0 46.0 1.5071 0.0 1.374 0.0 0.36056 1001.0 1.801 21.0 39.0 2.8071 0.0 0.0 -0.026 0.22361 1001.0 1.2946 22.0 35.0 3.8071 0.0 0.0 -0.926 0.14142 1001.0 1.0427 22.0 33.0 4.6071 0.0 0.0 -1.626 0.14142 1002.0 1.0112 22.0 
0.15771 173.18157 37.0 1365.0 1.0 64.0 0.0 -0.6929 4.774 0.0 0.76158 1000.0 2.5 12.0 63.0 1.4071 0.0 0.674 0.0 0.67082 999.0 2.5 15.0 63.0 3.2071 0.0 0.0 -2.826 0.67082 998.0 2.5 13.0 68.0 4.9071 0.0 0.0 -6.226 0.53852 995.0 2.5 11.0 71.0 6.6071 0.0 0.0 -9.026 0.42426 992.0 2.4518 13.0 
0.05799 263.87169 169.0 1366.0 1.0 60.0 0.0 -1.5929 2.074 0.0 0.1 990.0 1.5987 11.0 75.0 0.0 -0.6929 2.274 0.0 0.22361 982.0 1.8533 9.0 81.0 0.5071 0.0 2.574 0.0 0.1 979.0 1.9709 8.0 78.0 1.5071 0.0 2.774 0.0 0.2 980.0 1.883 8.0 72.0 2.4071 0.0 2.874 0.0 0.1 983.0 1.7649 9.0 
0.06935 285.772 52.0 1368.0 1.0 70.0 0.0 -1.0929 3.574 0.0 0.5 995.0 2.5 14.0 70.0 1.2071 0.0 2.274 0.0 0.44721 993.0 2.5 12.0 68.0 3.1071 0.0 1.174 0.0 0.31623 991.0 2.1467 11.0 70.0 4.6071 0.0 0.374 0.0 0.31623 989.0 2.0853 11.0 71.0 6.0071 0.0 0.0 -0.426 0.31623 988.0 2.0595 10.0 
0.02871 174.35293 57.0 1369.0 1.0 54.0 0.0 -4.0929 2.174 0.0 0.64031 1001.0 2.4819 13.0 58.0 0.0 -1.3929 0.0 -0.726 0.64031 1000.0 2.5 12.0 54.0 0.9071 0.0 0.0 -3.426 0.5 999.0 2.1274 11.0 52.0 2.8071 0.0 0.0 -5.326 0.42426 998.0 1.8412 12.0 55.0 4.5071 0.0 0.0 -6.726 0.36056 996.0 1.8174 12.0 
0.05128 108.43208 59.0 1372.0 1.0 38.0 0.0 -0.3929 1.974 0.0 0.28284 1000.0 1.1345 12.0 42.0 0.7071 0.0 0.674 0.0 0.22361 999.0 1.2869 11.0 44.0 1.9071 0.0 0.0 -0.326 0.22361 998.0 1.3183 9.0 47.0 3.1071 0.0 0.0 -1.226 0.22361 996.0 1.3272 8.0 54.0 4.2071 0.0 0.0 -2.126 0.22361 993.0 1.4892 7.0 
0.11377 201.71074 64.0 1373.0 1.0 46.0 0.0 -0.2929 2.174 0.0 0.22361 998.0 1.4408 21.0 44.0 0.7071 0.0 1.674 0.0 0.2 998.0 1.3183 21.0 43.0 1.6071 0.0 1.574 0.0 0.2 998.0 1.259 21.0 43.0 2.5071 0.0 1.574 0.0 0.2 998.0 1.259 21.0 44.0 3.6071 0.0 1.574 0.0 0.2 998.0 1.3183 22.0 
0.04462 231.19375 72.0 1375.0 1.0 47.0 0.0 -2.8929 0.0 -0.726 0.5 1001.0 1.8802 18.0 45.0 0.0 -0.7929 0.0 -1.926 0.28284 1001.0 1.7236 21.0 44.0 0.7071 0.0 0.0 -2.626 0.2 1000.0 1.5211 19.0 45.0 2.0071 0.0 0.0 -2.326 0.22361 999.0 1.4773 17.0 46.0 3.3071 0.0 0.0 -1.426 0.22361 999.0 1.5437 17.0 
0.0523 288.97303 63.0 1376.0 1.0 63.0 0.2071 0.0 3.474 0.0 0.42426 995.0 2.2521 14.0 59.0 1.8071 0.0 1.874 0.0 0.36056 996.0 2.0914 14.0 54.0 3.2071 0.0 0.774 0.0 0.28284 996.0 1.752 14.0 51.0 4.3071 0.0 0.0 -0.026 0.22361 996.0 1.5627 14.0 48.0 5.2071 0.0 0.0 -0.626 0.22361 997.0 1.4708 15.0 
0.01552 281.67125 46.0 1378.0 1.0 73.0 0.1071 0.0 3.774 0.0 0.5 991.0 2.474 15.0 77.0 1.9071 0.0 1.674 0.0 0.36056 988.0 2.4223 14.0 82.0 3.6071 0.0 0.174 0.0 0.36056 983.0 2.2892 12.0 95.0 5.3071 0.0 0.0 -1.326 0.36056 975.0 2.4258 10.0 108.0 7.0071 0.0 0.0 -2.726 0.36056 963.0 2.3827 8.0 
0.09275 203.41205 163.0 1379.0 1.0 108.0 0.0 -1.5929 4.974 0.0 0.86023 981.0 2.5 9.0 116.0 1.4071 0.0 1.174 0.0 0.70711 972.0 2.5 7.0 118.0 4.0071 0.0 0.0 -1.126 0.5 961.0 2.5 6.0 115.0 5.8071 0.0 0.0 -2.626 0.36056 956.0 2.3698 6.0 106.0 7.2071 0.0 0.0 -3.926 0.22361 962.0 2.2502 6.0 
0.13204 102.71108 64.0 1381.0 1.0 68.0 0.0 -0.6929 1.574 0.0 0.28284 990.0 2.0534 11.0 68.0 0.5071 0.0 0.774 0.0 0.22361 988.0 1.8891 10.0 70.0 1.5071 0.0 0.574 0.0 0.1 985.0 1.7874 9.0 72.0 2.5071 0.0 0.774 0.0 0.14142 984.0 1.8258 9.0 73.0 3.5071 0.0 1.374 0.0 0.28284 985.0 1.9439 9.0 
0.04046 211.34081 61.0 1382.0 1.0 51.0 0.0 -0.8929 2.974 0.0 0.36056 999.0 1.8976 18.0 53.0 0.9071 0.0 1.674 0.0 0.31623 999.0 2.0493 17.0 52.0 2.5071 0.0 0.674 0.0 0.36056 998.0 1.8412 16.0 51.0 4.0071 0.0 0.0 -0.326 0.22361 998.0 1.7711 16.0 50.0 5.1071 0.0 0.0 -1.126 0.22361 997.0 1.5959 15.0 
0.20918 131.83447 64.0 1383.0 1.0 76.0 0.0 -0.9929 2.074 0.0 0.36056 986.0 2.185 10.0 78.0 0.5071 0.0 1.074 0.0 0.36056 984.0 2.1428 9.0 76.0 1.9071 0.0 0.274 0.0 0.22361 984.0 2.0343 9.0 72.0 3.0071 0.0 0.0 -0.326 0.22361 984.0 1.8258 9.0 70.0 3.9071 0.0 0.0 -0.826 0.22361 985.0 1.7874 9.0 
0.0909 145.10322 64.0 1384.0 1.0 62.0 0.0 -1.3929 0.774 0.0 0.22361 991.0 1.7846 11.0 71.0 0.0 -0.2929 1.274 0.0 0.22361 985.0 1.8388 9.0 73.0 0.7071 0.0 1.774 0.0 0.22361 983.0 1.8143 9.0 71.0 1.7071 0.0 1.974 0.0 0.2 984.0 1.7754 9.0 72.0 2.8071 0.0 1.774 0.0 0.14142 984.0 1.8258 9.0 
0.06599 201.65087 64.0 1385.0 1.0 86.0 0.0 -1.2929 3.574 0.0 0.56569 988.0 2.5 10.0 86.0 0.9071 0.0 1.574 0.0 0.5 985.0 2.5 9.0 80.0 2.9071 0.0 0.374 0.0 0.36056 985.0 2.3346 9.0 75.0 4.4071 0.0 0.0 -0.326 0.22361 985.0 2.0519 9.0 70.0 5.5071 0.0 0.0 -0.826 0.1 985.0 1.7874 9.0 
0.07331 196.48713 290.0 1386.0 1.0 37.0 0.0 -1.4929 0.0 -1.426 0.22361 1000.0 1.0756 16.0 39.0 0.0 -0.3929 0.0 -1.726 0.22361 999.0 1.1096 14.0 42.0 0.5071 0.0 0.0 -1.826 0.2 997.0 1.1261 12.0 48.0 1.3071 0.0 0.0 -1.726 0.14142 995.0 1.3074 14.0 57.0 1.7071 0.0 0.0 -1.326 0.14142 990.0 1.4428 11.0 
0.20812 62.69156 84.0 1389.0 1.0 50.0 0.0 -1.1929 1.274 0.0 0.22361 998.0 1.7023 16.0 57.0 0.3071 0.0 0.474 0.0 0.22361 995.0 1.8436 14.0 57.0 1.6071 0.0 0.0 -0.226 0.22361 994.0 1.7465 13.0 59.0 2.7071 0.0 0.0 -0.926 0.14142 992.0 1.693 12.0 62.0 3.7071 0.0 0.0 -1.726 0.14142 991.0 1.7846 11.0 
0.04096 253.21011 47.0 1390.0 1.0 58.0 0.4071 0.0 3.774 0.0 0.5831 1000.0 2.5 14.0 56.0 2.1071 0.0 0.874 0.0 0.5 999.0 2.2879 14.0 55.0 3.7071 0.0 0.0 -1.626 0.36056 998.0 2.0598 9.0 58.0 5.3071 0.0 0.0 -3.526 0.42426 996.0 2.0211 8.0 62.0 7.0071 0.0 0.0 -5.426 0.36056 995.0 2.1812 10.0 
0.04515 229.97278 53.0 1391.0 1.0 79.0 0.2071 0.0 3.774 0.0 0.53852 991.0 2.5 11.0 74.0 1.7071 0.0 1.174 0.0 0.5 990.0 2.4318 11.0 73.0 3.2071 0.0 0.0 -0.826 0.42426 990.0 2.3665 11.0 74.0 4.8071 0.0 0.0 -2.526 0.28284 989.0 2.3304 11.0 74.0 6.3071 0.0 0.0 -4.026 0.28284 988.0 2.2372 10.0 
0.06388 300.856 70.0 1393.0 1.0 51.0 0.0 -0.1929 3.074 0.0 0.31623 997.0 1.6604 15.0 49.0 1.1071 0.0 2.474 0.0 0.2 997.0 1.5327 15.0 48.0 2.2071 0.0 2.274 0.0 0.1 997.0 1.4708 15.0 48.0 3.2071 0.0 2.174 0.0 0.2 997.0 1.4708 15.0 47.0 4.3071 0.0 2.074 0.0 0.2 997.0 1.4101 15.0 
0.02729 257.74158 117.0 1394.0 1.0 66.0 0.0 -0.6929 4.874 0.0 0.72111 1001.0 2.5 15.0 60.0 1.7071 0.0 1.574 0.0 0.64031 1001.0 2.5 15.0 50.0 3.7071 0.0 0.0 -0.626 0.42426 1001.0 2.1279 15.0 42.0 5.2071 0.0 0.0 -2.126 0.28284 1001.0 1.5014 16.0 37.0 6.3071 0.0 0.0 -3.226 0.22361 1001.0 1.1652 16.0 
0.07996 187.34835 47.0 1395.0 1.0 101.0 0.0 -1.6929 4.474 0.0 0.72111 981.0 2.5 9.0 106.0 1.1071 0.0 1.274 0.0 0.64031 978.0 2.5 8.0 93.0 3.7071 0.0 0.0 -0.926 0.5 981.0 2.5 9.0 82.0 5.7071 0.0 0.0 -2.626 0.42426 986.0 2.5 10.0 73.0 7.2071 0.0 0.0 -4.426 0.36056 989.0 2.2679 11.0 
0.06839 203.41205 50.0 1398.0 1.0 72.0 0.0 -0.8929 4.174 0.0 0.78102 995.0 2.5 12.0 72.0 1.4071 0.0 1.174 0.0 0.5831 991.0 2.4067 10.0 80.0 3.2071 0.0 0.0 -1.126 0.42426 985.0 2.3346 11.0 83.0 4.9071 0.0 0.0 -2.726 0.36056 981.0 2.1988 10.0 96.0 6.4071 0.0 0.0 -3.626 0.31623 970.0 2.1891 9.0 
0.06173 313.79616 49.0 1399.0 1.0 118.0 0.0 -0.7929 4.474 0.0 0.64031 962.0 2.5 7.0 137.0 1.8071 0.0 2.174 0.0 0.5 942.0 2.5 5.0 145.0 4.0071 0.0 0.874 0.0 0.31623 925.0 2.4403 5.0 132.0 5.7071 0.0 0.174 0.0 0.31623 935.0 2.2816 5.0 110.0 7.1071 0.0 0.0 -0.426 0.22361 956.0 2.1682 6.0 
0.03388 289.11412 51.0 1401.0 1.0 80.0 0.0 -0.3929 4.974 0.0 0.72111 992.0 2.5 12.0 80.0 1.9071 0.0 1.774 0.0 0.64031 992.0 2.5 12.0 70.0 4.0071 0.0 0.0 -0.626 0.42426 993.0 2.5 12.0 62.0 5.6071 0.0 0.0 -2.626 0.36056 994.0 2.0664 12.0 58.0 6.8071 0.0 0.0 -4.526 0.36056 995.0 1.9088 11.0 
0.25211 57.41677 86.0 1402.0 1.0 56.0 0.0 -0.8929 0.974 0.0 0.22361 994.0 1.6858 13.0 59.0 0.2071 0.0 0.474 0.0 0.22361 992.0 1.693 12.0 60.0 1.1071 0.0 0.074 0.0 0.14142 990.0 1.5987 11.0 60.0 1.8071 0.0 0.0 -0.126 0.0 989.0 1.5321 11.0 62.0 2.3071 0.0 0.0 -0.226 0.1 987.0 1.5101 10.0 
0.09118 232.72405 41.0 1403.0 1.0 57.0 0.0 -2.5929 3.274 0.0 0.53852 1001.0 2.5 20.0 61.0 0.3071 0.0 2.074 0.0 0.5099 999.0 2.5 18.0 67.0 3.3071 0.0 0.974 0.0 0.44721 998.0 2.5 15.0 69.0 6.1071 0.0 0.0 -0.626 0.5 997.0 2.5 14.0 69.0 8.6071 0.0 0.0 -2.426 0.56569 996.0 2.5 14.0 
0.14808 208.12563 56.0 1404.0 1.0 73.0 0.0 -1.5929 2.674 0.0 0.44721 992.0 2.5 10.0 78.0 0.6071 0.0 1.774 0.0 0.31623 986.0 2.3015 10.0 89.0 2.5071 0.0 1.374 0.0 0.3 977.0 2.2473 8.0 103.0 4.0071 0.0 1.174 0.0 0.31623 962.0 2.1247 6.0 113.0 5.4071 0.0 0.774 0.0 0.2 952.0 2.138 6.0 
0.0341 269.99085 71.0 1405.0 1.0 60.0 1.6071 0.0 2.274 0.0 0.2 990.0 1.5987 11.0 62.0 2.0071 0.0 1.374 0.0 0.14142 989.0 1.6359 10.0 62.0 2.6071 0.0 0.774 0.0 0.14142 988.0 1.5705 10.0 60.0 3.2071 0.0 0.374 0.0 0.1 989.0 1.5321 10.0 59.0 3.9071 0.0 0.274 0.0 0.1 990.0 1.5458 11.0 
0.1049 221.74973 53.0 1406.0 1.0 90.0 0.0 -1.9929 2.974 0.0 0.44721 981.0 2.5 9.0 110.0 0.3071 0.0 1.974 0.0 0.41231 965.0 2.5 7.0 116.0 2.5071 0.0 1.774 0.0 0.3 956.0 2.4112 6.0 107.0 4.3071 0.0 1.974 0.0 0.3 961.0 2.2488 6.0 96.0 5.8071 0.0 1.974 0.0 0.2 969.0 2.1393 7.0 
0.15976 97.07306 57.0 1408.0 1.0 59.0 0.0 -1.1929 1.374 0.0 0.36056 995.0 1.9752 14.0 64.0 0.4071 0.0 0.774 0.0 0.3 992.0 1.9922 12.0 67.0 1.9071 0.0 0.774 0.0 0.22361 989.0 1.9104 11.0 71.0 3.3071 0.0 1.474 0.0 0.28284 988.0 2.0595 10.0 74.0 4.8071 0.0 2.674 0.0 0.28284 987.0 2.1512 10.0 
0.03032 282.47671 50.0 1411.0 1.0 93.0 0.8071 0.0 3.674 0.0 0.5831 982.0 2.5 11.0 86.0 2.3071 0.0 1.074 0.0 0.5 984.0 2.5 12.0 81.0 3.7071 0.0 0.0 -0.826 0.36056 984.0 2.3108 12.0 80.0 5.1071 0.0 0.0 -2.226 0.28284 984.0 2.2541 12.0 81.0 6.5071 0.0 0.0 -3.426 0.22361 982.0 2.1617 11.0 
0.02367 285.43508 58.0 1413.0 1.0 53.0 0.8071 0.0 3.274 0.0 0.36056 999.0 2.0493 12.0 51.0 2.1071 0.0 1.474 0.0 0.36056 999.0 1.8976 13.0 50.0 3.4071 0.0 0.0 -0.126 0.28284 999.0 1.8239 13.0 51.0 4.6071 0.0 0.0 -1.626 0.28284 998.0 1.7711 12.0 54.0 5.8071 0.0 0.0 -3.226 0.36056 997.0 1.8615 11.0 
0.0805 182.29858 51.0 1414.0 1.0 29.0 0.0 -0.0929 0.0 -1.826 0.1 1001.0 1.0 16.0 36.0 0.6071 0.0 0.0 -1.526 0.1 1000.0 1.0182 19.0 44.0 1.5071 0.0 0.0 -1.526 0.2 998.0 1.3183 16.0 49.0 2.7071 0.0 0.0 -1.626 0.3 998.0 1.6349 16.0 55.0 4.4071 0.0 0.0 -1.826 0.41231 998.0 2.0598 16.0 
0.06709 195.01871 50.0 1416.0 1.0 46.0 0.0 -0.2929 3.174 0.0 0.44721 1001.0 1.801 22.0 47.0 1.3071 0.0 1.174 0.0 0.5 1001.0 1.8802 21.0 48.0 2.9071 0.0 0.0 -0.726 0.36056 1000.0 1.8102 20.0 51.0 4.7071 0.0 0.0 -2.326 0.42426 1000.0 2.0435 19.0 50.0 6.4071 0.0 0.0 -4.026 0.36056 1000.0 1.9642 19.0 
0.07583 231.46964 78.0 1417.0 1.0 44.0 0.0 -0.2929 0.0 -2.326 0.2 999.0 1.4124 23.0 51.0 1.0071 0.0 0.0 -1.826 0.22361 997.0 1.6604 19.0 54.0 2.2071 0.0 0.0 -1.126 0.22361 995.0 1.6546 17.0 52.0 3.1071 0.0 0.0 -0.226 0.14142 995.0 1.5343 17.0 51.0 3.8071 0.0 0.674 0.0 0.22361 995.0 1.4759 18.0 
0.04549 207.4164 48.0 1418.0 1.0 63.0 0.0 -0.4929 2.674 0.0 0.28284 991.0 1.8426 9.0 65.0 1.0071 0.0 1.574 0.0 0.31623 990.0 1.8762 9.0 68.0 2.6071 0.0 0.874 0.0 0.31623 989.0 1.9678 8.0 73.0 4.4071 0.0 0.174 0.0 0.41231 988.0 2.1772 8.0 74.0 6.4071 0.0 0.0 -0.626 0.31623 988.0 2.2372 8.0 
0.06143 236.43955 46.0 1419.0 1.0 86.0 0.0 -0.2929 4.074 0.0 0.64031 987.0 2.5 13.0 83.0 1.7071 0.0 1.274 0.0 0.5 988.0 2.5 13.0 79.0 3.7071 0.0 0.0 -0.926 0.42426 989.0 2.5 14.0 73.0 5.6071 0.0 0.0 -2.826 0.42426 991.0 2.474 15.0 63.0 7.2071 0.0 0.0 -4.526 0.36056 994.0 2.1336 17.0 
0.08239 187.34835 48.0 1422.0 1.0 61.0 0.0 -0.5929 2.874 0.0 0.42426 997.0 2.3753 15.0 61.0 1.1071 0.0 1.274 0.0 0.36056 996.0 2.2356 14.0 62.0 2.8071 0.0 0.0 -0.126 0.36056 995.0 2.1812 14.0 64.0 4.6071 0.0 0.0 -1.526 0.36056 994.0 2.2019 13.0 65.0 6.3071 0.0 0.0 -2.926 0.36056 994.0 2.2712 13.0 
0.05832 258.45955 69.0 1423.0 1.0 42.0 0.0 -1.3929 0.0 -2.126 0.22361 1000.0 1.3859 16.0 44.0 0.1071 0.0 0.0 -2.326 0.2 1000.0 1.5211 19.0 52.0 1.5071 0.0 0.0 -2.426 0.3 997.0 1.7261 15.0 53.0 2.9071 0.0 0.0 -2.326 0.22361 996.0 1.6877 14.0 51.0 4.1071 0.0 0.0 -1.826 0.22361 996.0 1.5627 14.0 
0.08232 189.9562 43.0 1425.0 1.0 60.0 0.0 -0.4929 3.074 0.0 0.42426 998.0 2.4513 16.0 60.0 1.4071 0.0 0.974 0.0 0.42426 998.0 2.4513 16.0 61.0 3.6071 0.0 0.0 -0.826 0.5 998.0 2.5 16.0 59.0 5.8071 0.0 0.0 -2.726 0.42426 999.0 2.5 17.0 55.0 7.8071 0.0 0.0 -4.526 0.42426 1000.0 2.3767 18.0 
0.20262 196.91558 66.0 1426.0 1.0 81.0 0.0 -2.4929 2.074 0.0 0.5099 989.0 2.5 10.0 88.0 0.0071 0.0 1.774 0.0 0.31623 980.0 2.3968 9.0 99.0 1.8071 0.0 2.074 0.0 0.3 969.0 2.2751 7.0 103.0 3.4071 0.0 2.474 0.0 0.3 964.0 2.2114 6.0 95.0 4.8071 0.0 2.874 0.0 0.2 969.0 2.095 7.0 
0.35444 47.45382 47.0 1427.0 1.0 71.0 0.0 -2.0929 0.874 0.0 0.4 992.0 2.4518 12.0 77.0 0.2071 0.0 0.374 0.0 0.31623 988.0 2.4223 10.0 76.0 2.3071 0.0 0.0 -0.326 0.31623 988.0 2.3598 10.0 75.0 4.3071 0.0 0.0 -1.226 0.36056 990.0 2.4979 11.0 74.0 6.4071 0.0 0.0 -2.526 0.42426 991.0 2.5 11.0 
0.06594 124.78821 66.0 1428.0 1.0 45.0 0.0 -0.1929 2.074 0.0 0.22361 999.0 1.4773 13.0 45.0 0.7071 0.0 0.874 0.0 0.28284 999.0 1.4773 13.0 44.0 1.6071 0.0 0.0 -0.126 0.14142 999.0 1.4124 12.0 43.0 2.4071 0.0 0.0 -0.726 0.22361 998.0 1.259 12.0 44.0 3.4071 0.0 0.0 -1.026 0.22361 999.0 1.4124 12.0 
0.14957 99.34881 45.0 1429.0 1.0 56.0 0.0 -2.6929 0.774 0.0 0.4 1000.0 2.4639 19.0 57.0 0.0 -0.1929 0.874 0.0 0.5 999.0 2.3703 17.0 54.0 2.2071 0.0 0.574 0.0 0.41231 999.0 2.1274 18.0 53.0 4.5071 0.0 0.0 -0.126 0.41231 1000.0 2.207 18.0 52.0 6.8071 0.0 0.0 -0.926 0.44721 1001.0 2.3015 20.0 
0.08227 123.55085 51.0 1430.0 1.0 56.0 0.0 -0.8929 3.474 0.0 0.67082 999.0 2.2879 12.0 55.0 1.0071 0.0 0.474 0.0 0.5 998.0 2.0598 11.0 55.0 2.7071 0.0 0.0 -2.026 0.42426 997.0 1.931 9.0 58.0 4.5071 0.0 0.0 -4.026 0.42426 995.0 1.9088 10.0 65.0 6.1071 0.0 0.0 -5.826 0.28284 991.0 1.9615 9.0 
0.04942 251.98434 48.0 1431.0 1.0 51.0 0.7071 0.0 3.674 0.0 0.44721 999.0 1.8976 18.0 49.0 1.8071 0.0 1.374 0.0 0.42426 1000.0 1.8864 19.0 50.0 3.3071 0.0 0.0 -0.626 0.42426 1000.0 1.9642 19.0 55.0 5.1071 0.0 0.0 -2.726 0.5 999.0 2.2069 14.0 56.0 6.8071 0.0 0.0 -5.026 0.5 998.0 2.1353 13.0 
0.18021 152.51604 65.0 1432.0 1.0 70.0 0.0 -2.3929 1.974 0.0 0.5099 994.0 2.5 13.0 75.0 0.0071 0.0 1.374 0.0 0.4 989.0 2.3938 11.0 80.0 1.9071 0.0 1.274 0.0 0.3 984.0 2.2541 9.0 85.0 3.5071 0.0 1.374 0.0 0.2 977.0 2.0498 8.0 89.0 4.7071 0.0 1.474 0.0 0.22361 973.0 2.0226 7.0 
0.03435 304.80217 65.0 1433.0 1.0 71.0 0.3071 0.0 3.674 0.0 0.42426 994.0 2.5 13.0 67.0 2.0071 0.0 1.874 0.0 0.28284 992.0 2.1833 12.0 65.0 3.3071 0.0 0.674 0.0 0.22361 991.0 1.9615 11.0 65.0 4.4071 0.0 0.0 -0.026 0.2 989.0 1.798 11.0 66.0 5.3071 0.0 0.0 -0.326 0.22361 987.0 1.7112 10.0 
0.17211 161.73528 43.0 1434.0 1.0 59.0 0.0 -2.0929 2.974 0.0 0.64031 1001.0 2.5 21.0 56.0 0.7071 0.0 1.274 0.0 0.5831 1001.0 2.5 20.0 52.0 3.3071 0.0 0.074 0.0 0.44721 1001.0 2.3015 21.0 46.0 5.5071 0.0 0.0 -0.726 0.31623 1001.0 1.801 22.0 41.0 7.4071 0.0 0.0 -1.526 0.31623 1002.0 1.5608 24.0 
0.08355 137.92644 51.0 1435.0 1.0 52.0 0.0 -1.2929 1.574 0.0 0.31623 996.0 1.6246 12.0 61.0 0.4071 0.0 1.174 0.0 0.3 993.0 1.9003 13.0 71.0 2.1071 0.0 0.974 0.0 0.2 988.0 2.0595 10.0 81.0 3.7071 0.0 0.874 0.0 0.3 982.0 2.1617 9.0 94.0 5.4071 0.0 0.574 0.0 0.22361 973.0 2.2562 7.0 
0.02572 285.43508 58.0 1436.0 1.0 63.0 1.5071 0.0 2.474 0.0 0.14142 989.0 1.6891 11.0 67.0 2.1071 0.0 1.474 0.0 0.22361 987.0 1.7634 10.0 71.0 3.0071 0.0 0.474 0.0 0.22361 986.0 1.9069 10.0 76.0 3.9071 0.0 0.0 -0.526 0.22361 982.0 1.903 9.0 84.0 4.9071 0.0 0.0 -1.326 0.28284 977.0 2.0019 8.0 
0.03397 226.37542 51.0 1437.0 1.0 71.0 0.2071 0.0 3.774 0.0 0.5831 993.0 2.5 12.0 68.0 1.5071 0.0 1.374 0.0 0.42426 992.0 2.249 12.0 68.0 2.9071 0.0 0.0 -0.426 0.36056 991.0 2.1467 11.0 73.0 4.4071 0.0 0.0 -1.826 0.36056 988.0 2.1772 10.0 79.0 5.9071 0.0 0.0 -3.026 0.31623 984.0 2.1981 9.0 
0.0686 251.26993 62.0 1439.0 1.0 79.0 0.0 -0.9929 3.274 0.0 0.44721 988.0 2.5 10.0 79.0 0.9071 0.0 2.074 0.0 0.31623 986.0 2.3609 10.0 76.0 2.6071 0.0 1.274 0.0 0.22361 986.0 2.185 10.0 72.0 4.0071 0.0 0.574 0.0 0.31623 987.0 2.0365 10.0 63.0 5.3071 0.0 0.074 0.0 0.22361 991.0 1.8426 11.0 
0.04798 280.73887 47.0 1442.0 1.0 43.0 0.2071 0.0 3.074 0.0 0.22361 999.0 1.3489 17.0 42.0 1.1071 0.0 2.274 0.0 0.22361 1000.0 1.3859 18.0 41.0 2.1071 0.0 1.674 0.0 0.2 1000.0 1.3207 18.0 39.0 3.1071 0.0 1.374 0.0 0.22361 1001.0 1.2946 19.0 36.0 4.2071 0.0 1.174 0.0 0.2 1001.0 1.1031 21.0 
0.06848 260.95971 50.0 1446.0 1.0 55.0 0.0 -0.3929 2.974 0.0 0.28284 996.0 1.8174 14.0 56.0 1.1071 0.0 2.074 0.0 0.22361 996.0 1.8841 14.0 56.0 2.7071 0.0 1.274 0.0 0.36056 997.0 2.0019 15.0 55.0 4.5071 0.0 0.274 0.0 0.31623 998.0 2.0598 16.0 51.0 6.3071 0.0 0.0 -0.626 0.36056 999.0 1.8976 17.0 
0.03933 266.00859 51.0 1447.0 1.0 81.0 0.1071 0.0 3.474 0.0 0.5 987.0 2.5 10.0 78.0 1.8071 0.0 1.574 0.0 0.42426 984.0 2.1428 7.0 79.0 3.4071 0.0 0.174 0.0 0.36056 982.0 2.0563 7.0 83.0 5.0071 0.0 0.0 -0.726 0.31623 979.0 2.0695 6.0 85.0 6.5071 0.0 0.0 -1.526 0.22361 978.0 2.1084 6.0 
0.07063 211.34081 45.0 1448.0 1.0 70.0 0.0 -0.7929 3.574 0.0 0.42426 991.0 2.2749 11.0 68.0 0.9071 0.0 1.674 0.0 0.36056 992.0 2.249 11.0 69.0 2.9071 0.0 0.374 0.0 0.44721 992.0 2.3156 9.0 70.0 5.2071 0.0 0.0 -1.026 0.44721 993.0 2.5 9.0 65.0 7.3071 0.0 0.0 -2.526 0.44721 994.0 2.2712 10.0 
0.0731 179.1179 148.0 1451.0 1.0 49.0 0.5071 0.0 2.074 0.0 0.22361 997.0 1.5327 15.0 47.0 1.1071 0.0 1.174 0.0 0.14142 996.0 1.3272 14.0 45.0 1.7071 0.0 0.674 0.0 0.0 996.0 1.2166 14.0 44.0 2.1071 0.0 0.674 0.0 0.1 996.0 1.1632 14.0 47.0 2.4071 0.0 1.174 0.0 0.1 995.0 1.2535 13.0 
0.09914 226.48588 40.0 1452.0 1.0 74.0 0.0 -1.6929 3.074 0.0 0.44721 992.0 2.5 12.0 80.0 0.8071 0.0 1.874 0.0 0.5099 989.0 2.5 10.0 88.0 3.4071 0.0 1.074 0.0 0.41231 984.0 2.5 9.0 96.0 6.1071 0.0 0.074 0.0 0.44721 980.0 2.5 8.0 87.0 8.7071 0.0 0.0 -1.226 0.44721 986.0 2.5 10.0 
0.08421 171.52522 39.0 1453.0 1.0 53.0 0.0 -1.7929 3.374 0.0 0.56569 1001.0 2.3909 22.0 54.0 0.7071 0.0 1.374 0.0 0.5831 1001.0 2.4819 21.0 58.0 3.6071 0.0 0.0 -0.026 0.53852 1001.0 2.5 20.0 55.0 6.6071 0.0 0.0 -0.926 0.5099 1001.0 2.5 21.0 45.0 9.0071 0.0 0.0 -1.726 0.36056 1002.0 1.8803 22.0 
0.05488 207.4164 26.0 1454.0 1.0 45.0 0.0 -0.7929 2.774 0.0 0.42426 1001.0 1.7236 21.0 43.0 1.0071 0.0 1.574 0.0 0.31623 1002.0 1.7168 23.0 41.0 2.9071 0.0 0.774 0.0 0.36056 1002.0 1.5608 25.0 38.0 4.7071 0.0 0.0 -0.126 0.36056 1003.0 1.4749 28.0 32.0 6.5071 0.0 0.0 -1.126 0.22361 1004.0 1.1621 34.0 
0.05034 278.05547 65.0 1455.0 1.0 64.0 0.0 -1.8929 2.574 0.0 0.2 992.0 1.9922 12.0 66.0 0.0 -0.3929 2.474 0.0 0.22361 991.0 2.0223 11.0 62.0 1.1071 0.0 2.674 0.0 0.22361 993.0 1.9631 12.0 57.0 2.6071 0.0 2.774 0.0 0.2 995.0 1.8436 13.0 52.0 3.9071 0.0 2.674 0.0 0.31623 997.0 1.7261 14.0 
0.01911 227.20012 60.0 1456.0 1.0 51.0 0.0 -2.6929 0.0 -0.926 0.36056 997.0 1.6604 10.0 56.0 0.0 -0.6929 0.0 -1.926 0.31623 996.0 1.8841 12.0 62.0 1.2071 0.0 0.0 -2.426 0.31623 992.0 1.8696 10.0 71.0 3.0071 0.0 0.0 -2.526 0.3 988.0 2.0595 10.0 88.0 4.6071 0.0 0.0 -2.326 0.31623 976.0 2.1377 8.0 
0.05024 185.78384 46.0 1457.0 1.0 45.0 0.0 -2.4929 0.0 -0.426 0.53852 1002.0 1.8803 23.0 48.0 0.0 -0.7929 1.474 0.0 0.36056 1001.0 1.961 21.0 50.0 1.5071 0.0 2.074 0.0 0.41231 1001.0 2.1279 20.0 49.0 3.8071 0.0 1.974 0.0 0.31623 1001.0 2.0436 21.0 53.0 6.3071 0.0 1.174 0.0 0.5831 1002.0 2.5 22.0 
0.07912 140.40892 72.0 1458.0 1.0 52.0 0.0 -0.3929 2.474 0.0 0.28284 998.0 1.8412 16.0 49.0 0.8071 0.0 0.974 0.0 0.28284 999.0 1.7517 17.0 47.0 2.0071 0.0 0.0 -0.326 0.28284 999.0 1.6116 17.0 47.0 3.2071 0.0 0.0 -1.426 0.28284 998.0 1.5041 13.0 47.0 4.4071 0.0 0.0 -2.426 0.28284 998.0 1.5041 12.0 
0.32928 180.46314 63.0 1459.0 1.0 99.0 0.0 -2.0929 2.574 0.0 0.44721 973.0 2.5 8.0 121.0 0.4071 0.0 1.574 0.0 0.41231 951.0 2.4119 6.0 138.0 2.5071 0.0 1.274 0.0 0.31623 929.0 2.3156 5.0 143.0 4.2071 0.0 1.674 0.0 0.22361 920.0 2.2458 4.0 125.0 5.3071 0.0 2.274 0.0 0.22361 937.0 2.0999 5.0 
0.05216 242.73765 50.0 1460.0 1.0 75.0 0.0 -0.0929 3.574 0.0 0.44721 989.0 2.3938 14.0 73.0 1.4071 0.0 1.674 0.0 0.42426 990.0 2.3665 14.0 70.0 3.0071 0.0 0.0 -0.026 0.36056 991.0 2.2749 15.0 69.0 4.6071 0.0 0.0 -1.426 0.42426 991.0 2.2103 15.0 66.0 6.2071 0.0 0.0 -2.826 0.28284 993.0 2.2245 16.0 
0.09257 197.18382 225.0 1461.0 1.0 57.0 0.0 -1.5929 1.774 0.0 0.3 995.0 1.8436 13.0 58.0 0.0 -0.0929 1.774 0.0 0.22361 994.0 1.8084 13.0 57.0 1.3071 0.0 1.974 0.0 0.3 995.0 1.8436 13.0 56.0 2.8071 0.0 1.974 0.0 0.31623 996.0 1.8841 14.0 52.0 4.3071 0.0 2.174 0.0 0.3 997.0 1.7261 15.0 
0.18786 170.80972 86.0 1463.0 1.0 49.0 0.0 -1.5929 1.274 0.0 0.1 995.0 1.3624 14.0 57.0 0.0 -0.6929 1.374 0.0 0.14142 991.0 1.5084 15.0 64.0 0.0071 0.0 1.874 0.0 0.14142 987.0 1.6091 13.0 67.0 0.5071 0.0 2.374 0.0 0.14142 985.0 1.6375 12.0 73.0 0.9071 0.0 3.374 0.0 0.22361 984.0 1.8769 12.0 
0.05494 292.49093 45.0 1466.0 1.0 57.0 0.0 -1.3929 3.574 0.0 0.44721 999.0 2.3703 13.0 61.0 0.9071 0.0 2.474 0.0 0.41231 997.0 2.3753 15.0 65.0 3.0071 0.0 1.674 0.0 0.41231 994.0 2.2712 13.0 70.0 5.1071 0.0 0.774 0.0 0.44721 993.0 2.5 12.0 71.0 7.2071 0.0 0.0 -0.426 0.36056 992.0 2.4518 12.0 
0.18038 67.73423 48.0 1467.0 1.0 52.0 0.0 -1.4929 1.074 0.0 0.31623 998.0 1.8412 16.0 56.0 0.2071 0.0 0.574 0.0 0.3 996.0 1.8841 14.0 58.0 1.9071 0.0 0.474 0.0 0.3 995.0 1.9088 14.0 63.0 3.8071 0.0 0.574 0.0 0.3 994.0 2.1336 13.0 68.0 5.8071 0.0 0.574 0.0 0.41231 993.0 2.3614 12.0 
0.09462 281.57238 45.0 1468.0 1.0 68.0 0.0 -0.5929 3.274 0.0 0.36056 992.0 2.249 12.0 73.0 1.3071 0.0 2.174 0.0 0.31623 990.0 2.3665 11.0 71.0 3.3071 0.0 1.374 0.0 0.41231 991.0 2.3403 11.0 65.0 5.3071 0.0 0.674 0.0 0.36056 994.0 2.2712 12.0 61.0 7.2071 0.0 0.074 0.0 0.3 995.0 2.1114 13.0 
0.12577 121.88924 52.0 1469.0 1.0 60.0 0.0 -1.3929 2.874 0.0 0.42426 997.0 2.2981 16.0 63.0 0.5071 0.0 0.974 0.0 0.36056 995.0 2.2521 14.0 64.0 2.3071 0.0 0.0 -0.626 0.36056 994.0 2.2019 13.0 73.0 3.9071 0.0 0.0 -2.026 0.36056 988.0 2.1772 10.0 85.0 5.4071 0.0 0.0 -3.126 0.31623 979.0 2.1704 8.0 
0.04572 87.97802 102.0 1470.0 1.0 40.0 0.0 -1.7929 1.174 0.0 0.36056 1001.0 1.3618 13.0 41.0 0.0 -0.5929 0.0 -0.526 0.36056 1000.0 1.3207 12.0 43.0 0.8071 0.0 0.0 -1.926 0.36056 999.0 1.3489 11.0 45.0 2.3071 0.0 0.0 -2.726 0.22361 998.0 1.3789 14.0 47.0 3.5071 0.0 0.0 -3.126 0.22361 996.0 1.3272 12.0 
0.04591 175.11728 73.0 1471.0 1.0 48.0 0.0 -2.0929 0.0 -0.126 0.28284 997.0 1.4708 12.0 54.0 0.0 -0.9929 0.0 -1.226 0.28284 993.0 1.4892 10.0 64.0 0.3071 0.0 0.0 -1.926 0.2 988.0 1.6734 10.0 81.0 1.5071 0.0 0.0 -2.026 0.2 978.0 1.9146 8.0 87.0 2.6071 0.0 0.0 -1.926 0.2 973.0 1.9327 7.0 
0.01699 300.90555 57.0 1472.0 1.0 83.0 0.7071 0.0 3.674 0.0 0.42426 984.0 2.4263 9.0 89.0 2.2071 0.0 1.574 0.0 0.28284 979.0 2.3795 8.0 93.0 3.6071 0.0 0.074 0.0 0.28284 974.0 2.2651 8.0 96.0 4.8071 0.0 0.0 -1.126 0.22361 968.0 2.0918 7.0 98.0 5.8071 0.0 0.0 -1.926 0.22361 965.0 2.0436 7.0 
0.03062 150.97414 68.0 1473.0 1.0 50.0 0.0 -2.7929 0.674 0.0 0.42426 1000.0 1.9642 12.0 48.0 0.0 -0.8929 0.0 -1.026 0.36056 999.0 1.6809 11.0 48.0 0.7071 0.0 0.0 -2.126 0.31623 997.0 1.4708 9.0 51.0 2.3071 0.0 0.0 -2.626 0.2 995.0 1.4759 11.0 57.0 3.6071 0.0 0.0 -2.826 0.2 991.0 1.5084 9.0 
0.05991 245.83196 62.0 1474.0 1.0 51.0 1.1071 0.0 0.0 -2.826 0.36056 997.0 1.6604 10.0 57.0 1.9071 0.0 0.0 -1.126 0.28284 994.0 1.7465 10.0 64.0 2.7071 0.0 0.174 0.0 0.22361 990.0 1.8189 8.0 67.0 3.6071 0.0 0.774 0.0 0.22361 987.0 1.7634 7.0 65.0 4.6071 0.0 0.774 0.0 0.2 988.0 1.7261 8.0 
0.06003 286.6373 69.0 1475.0 1.0 48.0 0.0 -0.7929 3.074 0.0 0.22361 997.0 1.4708 15.0 49.0 0.2071 0.0 2.574 0.0 0.2 997.0 1.5327 15.0 50.0 1.4071 0.0 2.574 0.0 0.2 997.0 1.5959 14.0 51.0 2.6071 0.0 2.574 0.0 0.3 997.0 1.6604 15.0 48.0 3.9071 0.0 2.574 0.0 0.2 998.0 1.5688 15.0 
0.04953 218.65722 44.0 1476.0 1.0 51.0 0.0 -1.7929 2.974 0.0 0.53852 1001.0 2.2138 17.0 50.0 0.6071 0.0 1.874 0.0 0.41231 1001.0 2.1279 21.0 49.0 2.8071 0.0 0.874 0.0 0.36056 1000.0 1.8864 20.0 52.0 5.0071 0.0 0.0 -0.226 0.44721 1001.0 2.3015 20.0 54.0 7.5071 0.0 0.0 -1.726 0.5 1000.0 2.291 15.0 
0.05928 236.21119 58.0 1478.0 1.0 45.0 0.0 -1.7929 0.0 -2.026 0.2 1000.0 1.591 19.0 52.0 0.0 -0.0929 0.0 -2.126 0.3 998.0 1.8412 16.0 56.0 1.7071 0.0 0.0 -2.126 0.3 997.0 2.0019 14.0 52.0 3.2071 0.0 0.0 -2.126 0.3 997.0 1.7261 15.0 48.0 4.6071 0.0 0.0 -2.126 0.2 998.0 1.5688 16.0 
0.03183 105.61733 66.0 1481.0 1.0 45.0 0.0 -2.0929 1.874 0.0 0.44721 1000.0 1.591 13.0 46.0 0.0 -0.7929 0.0 -0.526 0.36056 999.0 1.5437 11.0 47.0 0.7071 0.0 0.0 -2.226 0.36056 998.0 1.5041 10.0 51.0 2.5071 0.0 0.0 -3.226 0.31623 997.0 1.6604 13.0 54.0 4.1071 0.0 0.0 -3.926 0.22361 994.0 1.5675 11.0 
0.06381 260.1241 44.0 1482.0 1.0 74.0 0.0 -0.6929 3.774 0.0 0.42426 994.0 2.5 9.0 73.0 1.4071 0.0 1.874 0.0 0.5 992.0 2.5 9.0 72.0 3.5071 0.0 0.374 0.0 0.36056 991.0 2.4067 8.0 72.0 5.6071 0.0 0.0 -0.726 0.36056 991.0 2.4067 8.0 68.0 7.6071 0.0 0.0 -1.626 0.36056 993.0 2.3614 9.0 
0.08688 116.7183 60.0 1483.0 1.0 72.0 0.0 -0.2929 2.274 0.0 0.36056 988.0 2.1179 10.0 73.0 0.8071 0.0 0.674 0.0 0.36056 987.0 2.0934 10.0 75.0 2.0071 0.0 0.0 -0.626 0.28284 985.0 2.0519 9.0 78.0 3.2071 0.0 0.0 -1.726 0.28284 982.0 2.0045 9.0 87.0 4.5071 0.0 0.0 -2.626 0.28284 976.0 2.0894 8.0 
0.03816 227.64058 48.0 1484.0 1.0 62.0 0.3071 0.0 3.574 0.0 0.44721 996.0 2.3095 14.0 59.0 1.6071 0.0 1.274 0.0 0.36056 997.0 2.2221 15.0 57.0 3.0071 0.0 0.0 -0.626 0.36056 997.0 2.074 15.0 56.0 4.5071 0.0 0.0 -2.326 0.42426 998.0 2.1353 16.0 55.0 6.4071 0.0 0.0 -3.926 0.36056 999.0 2.2069 17.0 
0.01507 294.59924 144.0 1485.0 1.0 79.0 0.9071 0.0 3.374 0.0 0.36056 987.0 2.4517 10.0 75.0 2.2071 0.0 1.474 0.0 0.36056 987.0 2.2097 10.0 74.0 3.5071 0.0 0.0 -0.026 0.28284 986.0 2.0715 10.0 75.0 4.6071 0.0 0.0 -1.226 0.28284 984.0 1.9811 9.0 76.0 5.5071 0.0 0.0 -2.126 0.14142 981.0 1.8436 9.0 
0.18213 97.0172 44.0 1487.0 1.0 77.0 0.0 -2.1929 1.574 0.0 0.41231 989.0 2.5 11.0 82.0 0.0071 0.0 0.874 0.0 0.41231 986.0 2.5 10.0 81.0 2.2071 0.0 0.174 0.0 0.44721 986.0 2.4819 10.0 83.0 4.5071 0.0 0.0 -0.626 0.44721 987.0 2.5 10.0 82.0 7.1071 0.0 0.0 -1.826 0.44721 989.0 2.5 10.0 
0.07283 220.17673 53.0 1488.0 1.0 83.0 0.0 -1.0929 3.974 0.0 0.56569 992.0 2.5 12.0 83.0 1.2071 0.0 1.574 0.0 0.5 987.0 2.5 10.0 81.0 3.2071 0.0 0.0 -0.026 0.36056 985.0 2.3933 9.0 89.0 4.8071 0.0 0.0 -1.126 0.28284 976.0 2.1866 8.0 105.0 6.2071 0.0 0.0 -2.026 0.22361 961.0 2.1655 6.0 
0.0492 305.94158 69.0 1489.0 1.0 70.0 0.0 -1.8929 0.0 -3.126 0.41231 990.0 2.176 9.0 86.0 0.4071 0.0 0.0 -2.726 0.3 982.0 2.4368 9.0 95.0 2.3071 0.0 0.0 -2.326 0.31623 972.0 2.2483 7.0 98.0 3.7071 0.0 0.0 -1.726 0.22361 967.0 2.1324 7.0 91.0 4.8071 0.0 0.0 -0.826 0.28284 973.0 2.1145 7.0 
0.13609 94.49135 47.0 1490.0 1.0 51.0 0.0 -0.8929 2.474 0.0 0.42426 998.0 1.7711 10.0 55.0 0.7071 0.0 0.474 0.0 0.42426 996.0 1.8174 11.0 63.0 2.5071 0.0 0.0 -1.326 0.42426 994.0 2.1336 10.0 73.0 4.6071 0.0 0.0 -2.826 0.36056 989.0 2.2679 10.0 89.0 6.6071 0.0 0.0 -3.826 0.36056 979.0 2.3795 8.0 
0.13599 101.0933 57.0 1492.0 1.0 60.0 0.0 -0.1929 1.774 0.0 0.22361 992.0 1.7509 12.0 67.0 0.7071 0.0 0.574 0.0 0.28284 989.0 1.9104 11.0 76.0 1.9071 0.0 0.0 -0.526 0.28284 984.0 2.0343 9.0 86.0 3.2071 0.0 0.0 -1.426 0.31623 977.0 2.0984 8.0 95.0 4.6071 0.0 0.0 -2.326 0.28284 971.0 2.1947 7.0 
0.16219 269.13383 59.0 1494.0 1.0 70.0 0.0 -3.4929 1.674 0.0 0.6 996.0 2.5 13.0 76.0 0.0 -0.4929 2.374 0.0 0.53852 992.0 2.5 12.0 79.0 1.9071 0.0 3.174 0.0 0.41231 987.0 2.4517 10.0 78.0 3.8071 0.0 3.374 0.0 0.2 984.0 2.1428 9.0 74.0 5.1071 0.0 3.074 0.0 0.3 985.0 1.9975 9.0 
0.10507 131.83447 57.0 1496.0 1.0 64.0 0.0 -0.8929 1.974 0.0 0.31623 992.0 1.9922 12.0 66.0 0.5071 0.0 1.074 0.0 0.31623 991.0 2.0223 11.0 69.0 2.0071 0.0 0.374 0.0 0.31623 989.0 2.0261 11.0 72.0 3.6071 0.0 0.0 -0.026 0.31623 987.0 2.0365 10.0 74.0 5.1071 0.0 0.0 -0.426 0.2 985.0 1.9975 9.0 
0.03032 274.8712 46.0 1497.0 1.0 44.0 0.0 -1.5929 2.474 0.0 0.3 1000.0 1.5211 19.0 54.0 0.1071 0.0 2.474 0.0 0.4 997.0 1.8615 16.0 61.0 2.1071 0.0 2.274 0.0 0.4 996.0 2.2356 14.0 64.0 4.2071 0.0 2.074 0.0 0.4 995.0 2.3242 13.0 67.0 6.4071 0.0 1.574 0.0 0.44721 995.0 2.5 13.0 
0.04514 244.59289 82.0 1499.0 1.0 55.0 0.3071 0.0 3.074 0.0 0.31623 997.0 1.931 15.0 53.0 1.3071 0.0 1.774 0.0 0.22361 996.0 1.6877 14.0 52.0 2.3071 0.0 1.174 0.0 0.2 995.0 1.5343 13.0 52.0 3.3071 0.0 1.174 0.0 0.22361 994.0 1.4536 13.0 54.0 4.2071 0.0 1.774 0.0 0.14142 994.0 1.5675 13.0 
0.18684 121.88924 124.0 1500.0 1.0 80.0 0.0 -0.8929 2.074 0.0 0.28284 984.0 2.2541 9.0 80.0 0.5071 0.0 0.974 0.0 0.22361 982.0 2.1086 9.0 77.0 1.6071 0.0 0.174 0.0 0.22361 983.0 2.0186 9.0 73.0 2.7071 0.0 0.0 -0.426 0.14142 984.0 1.8769 9.0 67.0 3.5071 0.0 0.0 -0.926 0.2 986.0 1.6981 10.0 
0.07855 257.40721 36.0 1501.0 1.0 63.0 0.0 -2.3929 4.274 0.0 0.64031 1001.0 2.5 21.0 64.0 0.8071 0.0 2.174 0.0 0.67082 1000.0 2.5 20.0 69.0 4.6071 0.0 0.274 0.0 0.67082 1000.0 2.5 19.0 64.0 8.2071 0.0 0.0 -1.426 0.53852 1001.0 2.5 20.0 58.0 11.3071 0.0 0.0 -2.826 0.44721 1001.0 2.5 20.0 
0.09204 287.44942 45.0 1503.0 1.0 55.0 0.0 -0.8929 3.874 0.0 0.5 1000.0 2.3767 19.0 57.0 1.4071 0.0 2.174 0.0 0.44721 1000.0 2.5 18.0 56.0 3.7071 0.0 0.474 0.0 0.44721 1000.0 2.4639 18.0 50.0 5.8071 0.0 0.0 -1.026 0.36056 1000.0 1.9642 19.0 43.0 7.4071 0.0 0.0 -2.026 0.31623 1001.0 1.5738 21.0 
0.04597 291.14152 59.0 1504.0 1.0 54.0 0.0 -0.1929 3.374 0.0 0.36056 997.0 1.8615 16.0 57.0 1.3071 0.0 2.274 0.0 0.22361 995.0 1.8436 14.0 58.0 2.7071 0.0 1.874 0.0 0.2 994.0 1.8084 13.0 58.0 3.9071 0.0 2.174 0.0 0.22361 994.0 1.8084 12.0 59.0 5.0071 0.0 3.074 0.0 0.14142 993.0 1.7777 12.0 
0.08842 123.55085 53.0 1506.0 1.0 47.0 0.0 -0.1929 2.474 0.0 0.44721 1001.0 1.8802 21.0 48.0 1.0071 0.0 0.474 0.0 0.36056 1000.0 1.8102 18.0 47.0 2.5071 0.0 0.0 -0.726 0.22361 1000.0 1.7355 18.0 46.0 4.0071 0.0 0.0 -1.426 0.2 1000.0 1.6625 18.0 45.0 5.5071 0.0 0.0 -1.726 0.2 1000.0 1.591 18.0 
0.13661 88.79073 98.0 1507.0 1.0 46.0 0.0 -0.1929 1.574 0.0 0.28284 998.0 1.4408 13.0 50.0 0.7071 0.0 0.374 0.0 0.14142 996.0 1.502 14.0 56.0 1.5071 0.0 0.0 -0.226 0.1 992.0 1.5252 12.0 62.0 2.3071 0.0 0.0 -0.026 0.14142 989.0 1.6359 10.0 69.0 3.0071 0.0 0.774 0.0 0.22361 986.0 1.801 10.0 
0.07328 70.10126 185.0 1508.0 1.0 38.0 0.0071 0.0 1.774 0.0 0.31623 1000.0 1.1345 12.0 38.0 0.6071 0.0 0.174 0.0 0.22361 999.0 1.0535 11.0 38.0 1.2071 0.0 0.0 -0.926 0.14142 998.0 1.0 14.0 41.0 1.7071 0.0 0.0 -1.526 0.14142 996.0 1.01 12.0 46.0 2.2071 0.0 0.0 -1.726 0.1 993.0 1.0806 10.0 
0.06726 174.53445 62.0 1509.0 1.0 65.0 0.0 -0.3929 2.874 0.0 0.5 997.0 2.5 15.0 57.0 1.3071 0.0 0.874 0.0 0.36056 998.0 2.2123 15.0 48.0 2.4071 0.0 0.0 -0.526 0.28284 998.0 1.5688 16.0 41.0 3.2071 0.0 0.0 -1.326 0.1 999.0 1.2264 17.0 36.0 3.8071 0.0 0.0 -1.526 0.0 1000.0 1.0182 18.0 
0.09421 226.43256 73.0 1510.0 1.0 75.0 0.0 -0.1929 2.974 0.0 0.36056 986.0 2.1279 13.0 80.0 1.0071 0.0 1.774 0.0 0.22361 980.0 1.9808 11.0 88.0 2.0071 0.0 1.274 0.0 0.14142 971.0 1.8832 9.0 96.0 2.8071 0.0 1.174 0.0 0.22361 964.0 1.921 8.0 102.0 3.8071 0.0 1.674 0.0 0.14142 961.0 2.0435 8.0 
0.09813 149.12413 51.0 1512.0 1.0 52.0 0.0 -1.0929 2.474 0.0 0.42426 1001.0 2.3015 21.0 48.0 0.8071 0.0 1.074 0.0 0.36056 1000.0 1.8102 19.0 46.0 2.5071 0.0 0.374 0.0 0.3 1000.0 1.6625 19.0 45.0 4.2071 0.0 0.474 0.0 0.22361 1000.0 1.591 19.0 45.0 5.8071 0.0 0.974 0.0 0.22361 1000.0 1.591 19.0 
0.09721 188.63686 58.0 1513.0 1.0 38.0 0.0 -1.3929 1.674 0.0 0.1 1000.0 1.1345 20.0 44.0 0.0 -0.2929 1.674 0.0 0.22361 999.0 1.4124 17.0 47.0 1.0071 0.0 2.074 0.0 0.31623 999.0 1.6116 17.0 49.0 2.5071 0.0 2.874 0.0 0.31623 999.0 1.7517 17.0 49.0 4.1071 0.0 3.674 0.0 0.31623 999.0 1.7517 17.0 
0.07901 262.79555 41.0 1514.0 1.0 65.0 0.0 -1.5929 4.274 0.0 0.70711 999.0 2.5 17.0 65.0 1.3071 0.0 1.974 0.0 0.5 999.0 2.5 16.0 61.0 3.9071 0.0 0.574 0.0 0.44721 998.0 2.5 16.0 59.0 6.3071 0.0 0.0 -0.126 0.4 998.0 2.3703 16.0 57.0 8.5071 0.0 0.0 -0.526 0.4 998.0 2.2123 16.0 
0.07069 227.10248 99.0 1515.0 1.0 64.0 0.4071 0.0 2.574 0.0 0.28284 991.0 1.9016 8.0 57.0 1.3071 0.0 1.574 0.0 0.22361 993.0 1.6592 9.0 53.0 2.1071 0.0 0.874 0.0 0.14142 994.0 1.51 9.0 50.0 2.8071 0.0 0.374 0.0 0.22361 995.0 1.4186 10.0 48.0 3.6071 0.0 0.0 -0.126 0.22361 996.0 1.3843 10.0 
0.095 194.80947 39.0 1517.0 1.0 81.0 0.0 -2.5929 5.274 0.0 0.98995 1001.0 2.5 21.0 76.0 1.2071 0.0 1.274 0.0 0.78102 999.0 2.5 18.0 71.0 4.5071 0.0 0.0 -1.426 0.5831 998.0 2.5 16.0 63.0 7.1071 0.0 0.0 -2.926 0.41231 997.0 2.5 15.0 55.0 9.0071 0.0 0.0 -3.726 0.36056 998.0 2.0598 15.0 
0.04819 307.49257 75.0 1519.0 1.0 36.0 0.0 -1.3929 0.0 -2.626 0.2 999.0 1.0 14.0 43.0 0.0 -0.4929 0.0 -2.726 0.22361 997.0 1.1803 12.0 50.0 0.5071 0.0 0.0 -2.826 0.2 994.0 1.3439 10.0 62.0 1.6071 0.0 0.0 -2.526 0.2 990.0 1.707 11.0 73.0 2.5071 0.0 0.0 -2.026 0.22361 983.0 1.8143 9.0 
0.02507 247.43208 45.0 1520.0 1.0 50.0 0.0 -0.7929 3.674 0.0 0.42426 1001.0 2.1279 16.0 50.0 1.2071 0.0 1.874 0.0 0.44721 1001.0 2.1279 16.0 47.0 3.2071 0.0 0.574 0.0 0.31623 1001.0 1.8802 16.0 45.0 5.1071 0.0 0.0 -0.226 0.41231 1001.0 1.7236 16.0 44.0 7.1071 0.0 0.0 -0.726 0.4 1002.0 1.7976 17.0 
0.04739 278.32653 61.0 1522.0 1.0 83.0 0.0 -0.6929 3.074 0.0 0.22361 981.0 2.1988 9.0 86.0 0.8071 0.0 2.374 0.0 0.31623 978.0 2.1583 8.0 81.0 2.2071 0.0 1.974 0.0 0.2 980.0 2.0307 8.0 79.0 3.4071 0.0 1.974 0.0 0.22361 981.0 1.992 9.0 78.0 4.6071 0.0 2.374 0.0 0.22361 982.0 2.0045 9.0 
0.03426 200.34766 58.0 1523.0 1.0 51.0 0.0 -2.5929 2.174 0.0 0.5099 998.0 1.7711 15.0 54.0 0.0 -1.6929 0.0 -0.626 0.44721 996.0 1.752 13.0 58.0 0.0 -0.2929 0.0 -2.726 0.36056 993.0 1.7179 11.0 67.0 1.4071 0.0 0.0 -4.026 0.36056 990.0 1.9935 12.0 83.0 3.3071 0.0 0.0 -4.726 0.4 980.0 2.1322 9.0 
0.05993 165.42227 50.0 1524.0 1.0 46.0 0.1071 0.0 2.874 0.0 0.41231 1001.0 1.801 20.0 48.0 1.2071 0.0 0.874 0.0 0.36056 999.0 1.6809 14.0 54.0 2.7071 0.0 0.0 -0.726 0.36056 998.0 1.9855 16.0 59.0 4.4071 0.0 0.0 -1.626 0.31623 995.0 1.9752 13.0 62.0 6.0071 0.0 0.0 -1.726 0.3 993.0 1.9631 12.0 
0.02607 199.42677 57.0 1526.0 1.0 49.0 0.0 -3.1929 0.274 0.0 0.5 1000.0 1.8864 17.0 51.0 0.0 -1.0929 0.0 -1.426 0.42426 999.0 1.8976 15.0 53.0 0.9071 0.0 0.0 -2.826 0.36056 998.0 1.9127 13.0 56.0 2.8071 0.0 0.0 -3.526 0.3 996.0 1.8841 15.0 64.0 4.6071 0.0 0.0 -3.526 0.3 992.0 1.9922 12.0 
0.22778 169.73952 48.0 1527.0 1.0 73.0 0.0 -2.4929 2.374 0.0 0.53852 996.0 2.5 14.0 77.0 0.4071 0.0 1.474 0.0 0.5099 991.0 2.5 11.0 79.0 2.9071 0.0 1.274 0.0 0.3 988.0 2.5 10.0 79.0 5.0071 0.0 1.474 0.0 0.3 986.0 2.3609 10.0 81.0 6.7071 0.0 1.974 0.0 0.31623 983.0 2.2337 9.0 
0.09823 233.99754 226.0 1530.0 1.0 73.0 0.0 -1.0929 4.074 0.0 0.64031 997.0 2.5 15.0 69.0 1.5071 0.0 1.474 0.0 0.56569 997.0 2.5 15.0 63.0 3.7071 0.0 0.0 -0.726 0.5 997.0 2.5 15.0 57.0 5.5071 0.0 0.0 -2.626 0.36056 998.0 2.2123 16.0 54.0 6.9071 0.0 0.0 -4.526 0.36056 998.0 1.9855 17.0 
0.02648 185.66045 87.0 1531.0 1.0 46.0 0.0 -2.7929 1.274 0.0 0.44721 999.0 1.5437 16.0 49.0 0.0 -1.3929 0.0 -0.926 0.44721 998.0 1.6349 15.0 50.0 0.0071 0.0 0.0 -2.726 0.28284 996.0 1.502 13.0 52.0 1.3071 0.0 0.0 -3.626 0.22361 995.0 1.5343 15.0 57.0 2.5071 0.0 0.0 -3.826 0.2 991.0 1.5084 12.0 
0.10644 124.72204 301.0 1532.0 1.0 41.0 0.0 -1.4929 0.874 0.0 0.22361 999.0 1.2264 15.0 42.0 0.0 -0.9929 0.0 -0.526 0.22361 997.0 1.1261 13.0 45.0 0.0 -0.2929 0.0 -1.426 0.22361 994.0 1.0886 11.0 53.0 0.4071 0.0 0.0 -2.026 0.22361 992.0 1.3662 13.0 66.0 1.3071 0.0 0.0 -2.126 0.1 983.0 1.483 10.0 
0.07824 208.59279 80.0 1534.0 1.0 56.0 0.5071 0.0 3.174 0.0 0.44721 995.0 1.7795 12.0 54.0 1.6071 0.0 0.974 0.0 0.36056 995.0 1.6546 12.0 53.0 2.5071 0.0 0.0 -0.726 0.28284 994.0 1.51 11.0 57.0 3.4071 0.0 0.0 -1.926 0.22361 990.0 1.4428 11.0 71.0 4.2071 0.0 0.0 -2.926 0.14142 982.0 1.6609 9.0 
0.02747 294.59924 105.0 1535.0 1.0 50.0 1.2071 0.0 3.174 0.0 0.36056 999.0 1.8239 17.0 49.0 2.2071 0.0 1.474 0.0 0.36056 999.0 1.7517 17.0 46.0 3.2071 0.0 0.174 0.0 0.22361 998.0 1.4408 16.0 44.0 4.0071 0.0 0.0 -0.726 0.22361 998.0 1.3183 16.0 44.0 4.8071 0.0 0.0 -1.026 0.1 997.0 1.2359 15.0 
0.05751 242.73765 54.0 1536.0 1.0 56.0 0.0 -0.3929 3.574 0.0 0.5 1000.0 2.4639 19.0 51.0 1.4071 0.0 1.674 0.0 0.36056 1000.0 2.0435 18.0 47.0 3.1071 0.0 0.874 0.0 0.31623 999.0 1.6116 18.0 45.0 4.6071 0.0 0.674 0.0 0.2 999.0 1.4773 18.0 43.0 5.9071 0.0 0.874 0.0 0.2 999.0 1.3489 17.0 
0.074 198.15681 43.0 1537.0 1.0 64.0 0.0 -1.8929 3.874 0.0 0.70711 1000.0 2.5 14.0 64.0 1.0071 0.0 1.474 0.0 0.5 999.0 2.5 13.0 60.0 3.6071 0.0 0.0 -0.226 0.5 999.0 2.5 13.0 54.0 5.9071 0.0 0.0 -1.426 0.31623 999.0 2.1274 13.0 49.0 7.9071 0.0 0.0 -2.026 0.31623 1000.0 1.8864 14.0 
0.24897 62.69156 64.0 1538.0 1.0 64.0 0.0 -1.2929 1.274 0.0 0.22361 992.0 1.9922 11.0 69.0 0.3071 0.0 0.474 0.0 0.22361 990.0 2.1142 11.0 69.0 1.8071 0.0 0.0 -0.426 0.22361 990.0 2.1142 11.0 67.0 3.2071 0.0 0.0 -1.126 0.22361 990.0 1.9935 11.0 61.0 4.5071 0.0 0.0 -1.726 0.22361 993.0 1.9003 12.0 
0.10156 119.15354 263.0 1540.0 1.0 43.0 0.0 -0.0929 2.074 0.0 0.28284 1000.0 1.4527 16.0 42.0 0.9071 0.0 0.574 0.0 0.14142 1000.0 1.3859 19.0 45.0 1.8071 0.0 0.0 -0.226 0.2 998.0 1.3789 16.0 48.0 2.8071 0.0 0.0 -0.226 0.22361 997.0 1.4708 15.0 51.0 3.8071 0.0 0.474 0.0 0.22361 996.0 1.5627 14.0 
0.0582 285.772 49.0 1541.0 1.0 60.0 0.0 -0.8929 3.374 0.0 0.44721 999.0 2.5 17.0 54.0 1.2071 0.0 2.274 0.0 0.22361 998.0 1.9855 16.0 51.0 2.8071 0.0 1.674 0.0 0.22361 998.0 1.7711 16.0 51.0 4.3071 0.0 1.174 0.0 0.3 998.0 1.7711 16.0 53.0 6.0071 0.0 0.874 0.0 0.3 998.0 1.9127 16.0 
0.17121 57.41677 82.0 1542.0 1.0 57.0 0.0 -1.5929 1.574 0.0 0.36056 999.0 2.3703 13.0 57.0 0.2071 0.0 0.474 0.0 0.36056 996.0 1.952 11.0 55.0 1.6071 0.0 0.0 -0.326 0.14142 995.0 1.7165 10.0 52.0 2.6071 0.0 0.0 -0.826 0.1 995.0 1.5343 10.0 49.0 3.4071 0.0 0.0 -0.826 0.1 995.0 1.3624 10.0 
0.10112 143.87015 81.0 1543.0 1.0 50.0 0.5071 0.0 1.474 0.0 0.22361 995.0 1.4186 13.0 48.0 1.1071 0.0 0.674 0.0 0.14142 996.0 1.3843 14.0 46.0 1.7071 0.0 0.074 0.0 0.14142 997.0 1.3508 15.0 44.0 2.3071 0.0 0.0 -0.526 0.22361 998.0 1.3183 15.0 41.0 3.0071 0.0 0.0 -1.026 0.14142 999.0 1.2264 16.0 
0.03422 218.16136 74.0 1544.0 1.0 81.0 0.8071 0.0 2.774 0.0 0.36056 984.0 2.3108 9.0 82.0 1.7071 0.0 0.974 0.0 0.36056 981.0 2.1462 9.0 82.0 2.6071 0.0 0.0 -0.426 0.28284 979.0 2.0199 8.0 84.0 3.5071 0.0 0.0 -1.426 0.22361 976.0 1.9478 8.0 84.0 4.4071 0.0 0.0 -2.126 0.14142 975.0 1.8965 8.0 
0.10084 308.08662 73.0 1546.0 1.0 84.0 0.0 -1.9929 2.974 0.0 0.41231 982.0 2.3248 15.0 97.0 0.0 -0.0929 2.774 0.0 0.3 972.0 2.3439 12.0 101.0 1.5071 0.0 3.174 0.0 0.31623 966.0 2.2168 11.0 97.0 2.9071 0.0 3.774 0.0 0.22361 969.0 2.1841 11.0 88.0 4.2071 0.0 4.674 0.0 0.28284 976.0 2.1377 13.0 
0.09947 280.73887 41.0 1547.0 1.0 81.0 0.0 -1.5929 3.374 0.0 0.53852 987.0 2.5 10.0 99.0 1.1071 0.0 2.274 0.0 0.44721 974.0 2.5 6.0 113.0 3.9071 0.0 1.374 0.0 0.41231 962.0 2.5 5.0 117.0 6.5071 0.0 1.374 0.0 0.31623 958.0 2.5 5.0 113.0 8.5071 0.0 2.074 0.0 0.36056 957.0 2.3289 5.0 
0.04643 258.3804 49.0 1549.0 1.0 58.0 0.0 -0.8929 3.874 0.0 0.70711 1001.0 2.5 22.0 55.0 1.5071 0.0 1.774 0.0 0.36056 1000.0 2.3767 19.0 52.0 3.4071 0.0 0.674 0.0 0.36056 999.0 1.9727 17.0 50.0 5.1071 0.0 0.074 0.0 0.2 998.0 1.7023 16.0 49.0 6.6071 0.0 0.0 -0.026 0.2 998.0 1.6349 16.0 
0.08876 229.97278 89.0 1550.0 1.0 66.0 0.1071 0.0 2.874 0.0 0.42426 994.0 2.3416 9.0 64.0 1.7071 0.0 1.174 0.0 0.36056 994.0 2.2019 9.0 63.0 3.1071 0.0 0.0 -0.326 0.28284 993.0 2.0269 9.0 60.0 4.2071 0.0 0.0 -1.526 0.28284 994.0 1.9352 9.0 53.0 5.1071 0.0 0.0 -2.626 0.22361 995.0 1.5939 10.0 
0.0587 300.85928 56.0 1551.0 1.0 41.0 0.7071 0.0 0.0 -3.326 0.28284 1001.0 1.4308 21.0 45.0 1.9071 0.0 0.0 -1.926 0.28284 1000.0 1.591 19.0 45.0 3.0071 0.0 0.0 -0.526 0.28284 1000.0 1.591 18.0 43.0 4.1071 0.0 0.674 0.0 0.22361 1000.0 1.4527 19.0 42.0 5.2071 0.0 1.774 0.0 0.28284 1001.0 1.5014 20.0 
0.02513 182.30737 76.0 1552.0 1.0 47.0 0.0 -3.0929 0.874 0.0 0.56569 1002.0 2.0511 19.0 46.0 0.0 -1.0929 0.0 -1.226 0.36056 1001.0 1.801 17.0 45.0 0.5071 0.0 0.0 -2.926 0.36056 1000.0 1.591 16.0 46.0 2.1071 0.0 0.0 -3.826 0.31623 999.0 1.5437 14.0 48.0 3.6071 0.0 0.0 -3.826 0.22361 998.0 1.5688 16.0 
0.10758 156.56692 64.0 1553.0 1.0 67.0 0.0 -1.0929 2.474 0.0 0.44721 996.0 2.5 14.0 68.0 1.1071 0.0 0.874 0.0 0.42426 994.0 2.4857 13.0 66.0 2.8071 0.0 0.0 -0.626 0.31623 993.0 2.2245 12.0 64.0 4.3071 0.0 0.0 -1.626 0.31623 992.0 1.9922 12.0 59.0 5.7071 0.0 0.0 -2.226 0.14142 993.0 1.7777 12.0 
0.06829 297.06318 91.0 1554.0 1.0 73.0 1.3071 0.0 2.574 0.0 0.14142 982.0 1.7558 14.0 75.0 1.8071 0.0 1.974 0.0 0.1 975.0 1.5119 11.0 84.0 2.3071 0.0 1.874 0.0 0.1 969.0 1.6379 9.0 96.0 2.9071 0.0 1.874 0.0 0.1 960.0 1.776 8.0 110.0 3.7071 0.0 2.174 0.0 0.1 948.0 1.9013 7.0 
0.04165 205.41978 73.0 1555.0 1.0 73.0 0.5071 0.0 2.474 0.0 0.36056 987.0 2.0934 10.0 75.0 1.5071 0.0 1.074 0.0 0.28284 985.0 2.0519 9.0 72.0 2.5071 0.0 0.074 0.0 0.14142 985.0 1.891 9.0 69.0 3.3071 0.0 0.0 -0.326 0.1 985.0 1.7367 9.0 67.0 4.1071 0.0 0.0 -0.326 0.2 986.0 1.6981 10.0 
0.04759 199.1832 66.0 1556.0 1.0 56.0 0.0071 0.0 3.574 0.0 0.5831 998.0 2.1353 14.0 53.0 1.5071 0.0 0.974 0.0 0.36056 998.0 1.9127 14.0 51.0 2.8071 0.0 0.0 -1.026 0.36056 997.0 1.6604 13.0 52.0 4.0071 0.0 0.0 -2.526 0.22361 994.0 1.4536 11.0 58.0 5.0071 0.0 0.0 -3.726 0.22361 991.0 1.5618 12.0 
0.03586 251.26993 73.0 1557.0 1.0 59.0 0.0 -0.3929 2.674 0.0 0.22361 993.0 1.7777 9.0 67.0 0.9071 0.0 2.074 0.0 0.2 989.0 1.9104 8.0 72.0 2.2071 0.0 2.174 0.0 0.22361 985.0 1.891 7.0 75.0 3.3071 0.0 2.974 0.0 0.28284 984.0 1.9811 7.0 76.0 4.2071 0.0 4.274 0.0 0.36056 984.0 2.0343 7.0 
0.0931 262.79555 51.0 1558.0 1.0 83.0 0.0 -0.5929 3.774 0.0 0.42426 986.0 2.5 10.0 92.0 1.3071 0.0 1.974 0.0 0.36056 978.0 2.47 8.0 100.0 3.1071 0.0 0.574 0.0 0.36056 970.0 2.3753 7.0 104.0 4.7071 0.0 0.0 -0.426 0.31623 965.0 2.3015 7.0 101.0 6.2071 0.0 0.0 -0.926 0.22361 965.0 2.1706 7.0 
0.0435 298.16812 41.0 1559.0 1.0 49.0 0.6071 0.0 3.074 0.0 0.28284 999.0 1.7517 17.0 43.0 1.7071 0.0 2.074 0.0 0.22361 1000.0 1.4527 18.0 38.0 2.7071 0.0 1.674 0.0 0.1 1000.0 1.1345 19.0 34.0 3.4071 0.0 1.674 0.0 0.1 1001.0 1.0 20.0 30.0 4.1071 0.0 1.874 0.0 0.2 1002.0 1.0 23.0 
0.05114 207.4164 46.0 1560.0 1.0 54.0 0.0 -1.2929 2.874 0.0 0.44721 1000.0 2.291 19.0 55.0 1.0071 0.0 1.574 0.0 0.44721 1000.0 2.3767 18.0 53.0 3.2071 0.0 0.374 0.0 0.36056 1000.0 2.207 18.0 50.0 5.2071 0.0 0.0 -0.526 0.36056 1000.0 1.9642 18.0 47.0 7.1071 0.0 0.0 -1.226 0.22361 1000.0 1.7355 19.0 
0.05573 167.40355 54.0 1561.0 1.0 48.0 0.0 -0.8929 2.974 0.0 0.42426 1001.0 1.961 22.0 47.0 0.8071 0.0 1.274 0.0 0.36056 1000.0 1.7355 20.0 48.0 2.5071 0.0 0.174 0.0 0.31623 1000.0 1.8102 19.0 48.0 4.2071 0.0 0.0 -0.526 0.31623 1000.0 1.8102 18.0 47.0 5.8071 0.0 0.0 -1.126 0.22361 999.0 1.6116 18.0 
0.04875 249.16833 89.0 1563.0 1.0 47.0 1.9071 0.0 1.774 0.0 0.2 996.0 1.3272 15.0 47.0 2.1071 0.0 0.774 0.0 0.22361 996.0 1.3272 14.0 48.0 2.5071 0.0 0.0 -0.026 0.1 994.0 1.2385 13.0 51.0 2.9071 0.0 0.0 -0.426 0.1 993.0 1.3283 12.0 56.0 3.4071 0.0 0.0 -0.626 0.1 990.0 1.3926 11.0 
0.09062 300.856 43.0 1565.0 1.0 87.0 0.0 -1.1929 4.174 0.0 0.5 983.0 2.5 9.0 103.0 1.1071 0.0 2.474 0.0 0.44721 973.0 2.5 7.0 114.0 3.5071 0.0 1.174 0.0 0.41231 962.0 2.5 6.0 113.0 5.7071 0.0 0.674 0.0 0.31623 960.0 2.4607 6.0 116.0 7.7071 0.0 0.774 0.0 0.4 956.0 2.4112 6.0 
0.09897 139.82063 56.0 1566.0 1.0 41.0 0.0 -0.2929 2.174 0.0 0.28284 1000.0 1.3207 16.0 44.0 0.9071 0.0 0.874 0.0 0.28284 999.0 1.4124 14.0 51.0 2.3071 0.0 0.0 -0.426 0.36056 998.0 1.7711 17.0 58.0 3.9071 0.0 0.0 -1.626 0.36056 996.0 2.0211 14.0 61.0 5.6071 0.0 0.0 -2.526 0.22361 994.0 2.0003 13.0 
0.11039 117.17765 101.0 1567.0 1.0 74.0 0.0 -0.8929 1.474 0.0 0.31623 984.0 1.9286 9.0 80.0 0.4071 0.0 0.974 0.0 0.22361 980.0 1.9808 8.0 84.0 1.5071 0.0 0.574 0.0 0.2 976.0 1.9478 8.0 86.0 2.4071 0.0 0.374 0.0 0.2 973.0 1.8885 7.0 89.0 3.2071 0.0 0.274 0.0 0.14142 969.0 1.8387 7.0 
0.09076 196.48588 82.0 1569.0 1.0 54.0 0.6071 0.0 1.974 0.0 0.22361 995.0 1.6546 17.0 54.0 1.4071 0.0 1.074 0.0 0.22361 994.0 1.5675 17.0 53.0 2.2071 0.0 0.474 0.0 0.22361 994.0 1.51 16.0 52.0 2.9071 0.0 0.074 0.0 0.1 994.0 1.4536 16.0 51.0 3.5071 0.0 0.0 -0.226 0.0 993.0 1.3283 16.0 
0.07607 143.87015 50.0 1570.0 1.0 57.0 0.0 -0.4929 3.274 0.0 0.5831 998.0 2.2123 10.0 56.0 1.1071 0.0 0.674 0.0 0.42426 997.0 2.0019 13.0 60.0 2.7071 0.0 0.0 -1.226 0.42426 994.0 1.9352 10.0 69.0 4.4071 0.0 0.0 -2.626 0.22361 991.0 2.2103 11.0 82.0 6.1071 0.0 0.0 -3.326 0.31623 982.0 2.2154 9.0 
0.0597 242.9482 296.0 1571.0 1.0 60.0 0.9071 0.0 2.474 0.0 0.28284 993.0 1.8385 16.0 57.0 1.9071 0.0 1.074 0.0 0.28284 993.0 1.6592 13.0 56.0 2.8071 0.0 0.0 -0.126 0.28284 993.0 1.6015 13.0 55.0 3.6071 0.0 0.0 -1.226 0.22361 993.0 1.5448 13.0 53.0 4.2071 0.0 0.0 -2.126 0.1 992.0 1.3662 12.0 
0.03112 214.55603 47.0 1572.0 1.0 62.0 0.0 -0.0929 3.474 0.0 0.5 998.0 2.5 17.0 59.0 1.6071 0.0 1.074 0.0 0.36056 997.0 2.2221 15.0 58.0 3.2071 0.0 0.0 -0.526 0.36056 996.0 2.0211 15.0 60.0 4.9071 0.0 0.0 -1.326 0.31623 995.0 2.0427 13.0 62.0 6.7071 0.0 0.0 -1.526 0.3 994.0 2.0664 13.0 
0.07305 183.25513 115.0 1573.0 1.0 47.0 1.2071 0.0 1.874 0.0 0.22361 998.0 1.5041 16.0 44.0 1.5071 0.0 0.674 0.0 0.22361 998.0 1.3183 16.0 44.0 2.0071 0.0 0.0 -0.226 0.14142 997.0 1.2359 15.0 44.0 2.6071 0.0 0.0 -0.726 0.1 996.0 1.1632 14.0 45.0 3.0071 0.0 0.0 -0.826 0.1 995.0 1.149 14.0 
0.12905 108.76564 56.0 1574.0 1.0 61.0 0.0 -1.6929 2.074 0.0 0.42426 995.0 2.1114 11.0 67.0 0.1071 0.0 0.974 0.0 0.41231 991.0 2.0841 9.0 74.0 2.0071 0.0 0.574 0.0 0.31623 986.0 2.0715 7.0 74.0 3.7071 0.0 0.574 0.0 0.31623 986.0 2.0715 7.0 67.0 5.2071 0.0 0.874 0.0 0.22361 988.0 1.834 8.0 
0.02661 233.99754 52.0 1576.0 1.0 50.0 0.0 -0.2929 2.974 0.0 0.5 1001.0 2.1279 15.0 47.0 1.5071 0.0 1.474 0.0 0.36056 1001.0 1.8802 15.0 46.0 3.2071 0.0 0.274 0.0 0.28284 1000.0 1.6625 15.0 44.0 4.7071 0.0 0.0 -0.726 0.22361 1000.0 1.5211 15.0 42.0 6.1071 0.0 0.0 -1.626 0.22361 1001.0 1.5014 15.0 
0.02046 323.35629 71.0 1577.0 1.0 48.0 0.0 -0.6929 0.0 -3.126 0.22361 998.0 1.5688 12.0 56.0 0.7071 0.0 0.0 -2.826 0.3 995.0 1.7795 10.0 64.0 2.1071 0.0 0.0 -2.526 0.2 991.0 1.9016 8.0 64.0 3.5071 0.0 0.0 -2.226 0.2 991.0 1.9016 8.0 60.0 4.8071 0.0 0.0 -1.826 0.2 993.0 1.8385 9.0 
0.14044 148.36538 111.0 1578.0 1.0 59.0 0.8071 0.0 1.974 0.0 0.31623 993.0 1.7777 20.0 57.0 1.2071 0.0 0.574 0.0 0.22361 993.0 1.6592 20.0 57.0 1.7071 0.0 0.0 -0.626 0.14142 992.0 1.5802 19.0 58.0 2.4071 0.0 0.0 -1.426 0.14142 992.0 1.6361 19.0 57.0 3.1071 0.0 0.0 -1.926 0.14142 991.0 1.5084 18.0 
0.17505 130.85513 62.0 1579.0 1.0 50.0 0.0 -1.4929 1.474 0.0 0.31623 997.0 1.5959 17.0 54.0 0.1071 0.0 1.174 0.0 0.2 994.0 1.5675 14.0 61.0 1.4071 0.0 1.274 0.0 0.2 991.0 1.7275 15.0 70.0 2.5071 0.0 1.174 0.0 0.22361 985.0 1.7874 12.0 84.0 3.8071 0.0 0.274 0.0 0.36056 980.0 2.1839 11.0 
0.08276 232.11335 58.0 1580.0 1.0 85.0 0.0 -0.7929 3.274 0.0 0.42426 985.0 2.5 10.0 91.0 1.1071 0.0 1.774 0.0 0.36056 977.0 2.3494 8.0 97.0 2.7071 0.0 0.674 0.0 0.22361 969.0 2.1841 7.0 107.0 4.1071 0.0 0.0 -0.326 0.22361 960.0 2.2064 6.0 106.0 5.3071 0.0 0.0 -1.126 0.22361 959.0 2.1252 6.0 
0.26633 142.73178 49.0 1581.0 1.0 74.0 0.0 -1.5929 2.774 0.0 0.56569 992.0 2.5 13.0 79.0 0.7071 0.0 1.074 0.0 0.36056 988.0 2.5 13.0 91.0 2.6071 0.0 0.0 -0.226 0.36056 979.0 2.4876 11.0 103.0 4.5071 0.0 0.0 -1.926 0.5 972.0 2.5 9.0 96.0 6.3071 0.0 0.0 -3.326 0.36056 973.0 2.3532 10.0 
0.28821 72.25976 64.0 1586.0 1.0 93.0 0.0 -1.5929 2.274 0.0 0.42426 978.0 2.5 8.0 101.0 0.3071 0.0 0.574 0.0 0.36056 971.0 2.4807 7.0 103.0 2.1071 0.0 0.0 -0.626 0.28284 967.0 2.3556 7.0 97.0 3.6071 0.0 0.0 -1.626 0.22361 970.0 2.2349 7.0 81.0 4.8071 0.0 0.0 -2.426 0.22361 980.0 2.0307 8.0 
0.07401 199.1832 48.0 1587.0 1.0 41.0 0.8071 0.0 1.774 0.0 0.14142 999.0 1.2264 17.0 40.0 1.5071 0.0 0.974 0.0 0.14142 1000.0 1.2571 18.0 38.0 2.1071 0.0 0.174 0.0 0.14142 1000.0 1.1345 18.0 35.0 2.6071 0.0 0.0 -0.426 0.14142 1000.0 1.0 19.0 33.0 3.1071 0.0 0.0 -0.926 0.1 1001.0 1.0 20.0 
0.09415 262.79555 66.0 1590.0 1.0 94.0 0.0 -0.0929 2.974 0.0 0.36056 973.0 2.2562 10.0 95.0 1.3071 0.0 1.974 0.0 0.22361 971.0 2.1947 9.0 100.0 2.7071 0.0 1.374 0.0 0.22361 966.0 2.1731 9.0 107.0 4.0071 0.0 0.674 0.0 0.22361 958.0 2.1261 8.0 119.0 5.1071 0.0 0.0 -0.026 0.22361 946.0 2.1588 7.0 
0.04139 266.93657 54.0 1591.0 1.0 41.0 1.1071 0.0 2.274 0.0 0.1 998.0 1.1446 12.0 37.0 1.5071 0.0 1.874 0.0 0.1 999.0 1.0 13.0 35.0 2.0071 0.0 1.774 0.0 0.14142 1000.0 1.0 14.0 34.0 2.6071 0.0 1.674 0.0 0.14142 1001.0 1.0 15.0 34.0 3.4071 0.0 1.474 0.0 0.1 1001.0 1.0 16.0 
0.16437 101.0933 60.0 1592.0 1.0 58.0 0.0 -1.1929 3.974 0.0 0.76158 1000.0 2.5 16.0 57.0 0.7071 0.0 0.574 0.0 0.5831 999.0 2.3703 15.0 55.0 2.6071 0.0 0.0 -1.826 0.36056 998.0 2.0598 13.0 55.0 4.2071 0.0 0.0 -3.326 0.28284 995.0 1.7165 11.0 59.0 5.5071 0.0 0.0 -4.326 0.22361 993.0 1.7777 12.0 
0.24264 62.69156 61.0 1593.0 1.0 59.0 0.0 -1.3929 1.474 0.0 0.36056 995.0 1.9752 11.0 63.0 0.3071 0.0 0.474 0.0 0.36056 992.0 1.9304 12.0 70.0 1.8071 0.0 0.0 -0.226 0.22361 988.0 2.0019 10.0 75.0 3.2071 0.0 0.0 -1.226 0.28284 985.0 2.0519 10.0 87.0 4.6071 0.0 0.0 -2.726 0.42426 977.0 2.1474 7.0 
0.08865 180.26231 55.0 1594.0 1.0 64.0 0.0 -0.9929 3.174 0.0 0.5 996.0 2.4609 18.0 63.0 1.0071 0.0 1.274 0.0 0.5 996.0 2.3846 19.0 58.0 2.9071 0.0 0.0 -0.426 0.42426 997.0 2.1474 20.0 53.0 4.5071 0.0 0.0 -2.026 0.36056 997.0 1.7931 16.0 48.0 5.8071 0.0 0.0 -3.426 0.36056 998.0 1.5688 17.0 
0.1229 155.51597 67.0 1596.0 1.0 107.0 0.0 -0.9929 2.974 0.0 0.42426 972.0 2.5 12.0 110.0 1.0071 0.0 0.974 0.0 0.42426 965.0 2.5 11.0 114.0 2.7071 0.0 0.0 -0.626 0.28284 953.0 2.2123 8.0 97.0 4.0071 0.0 0.0 -1.926 0.36056 966.0 2.0447 9.0 122.0 5.1071 0.0 0.0 -3.126 0.28284 939.0 2.0543 7.0 
0.05898 219.43626 43.0 1598.0 1.0 38.0 0.0 -1.4929 2.174 0.0 0.31623 1002.0 1.3408 24.0 41.0 0.1071 0.0 1.974 0.0 0.3 1001.0 1.4308 22.0 48.0 2.2071 0.0 1.774 0.0 0.4 1001.0 1.961 21.0 53.0 4.8071 0.0 1.074 0.0 0.53852 1001.0 2.3909 21.0 54.0 7.7071 0.0 0.374 0.0 0.5099 1001.0 2.4819 22.0 
0.02732 219.72916 71.0 1600.0 1.0 44.0 0.0 -2.7929 0.874 0.0 0.41231 998.0 1.3183 11.0 48.0 0.0 -1.6929 0.0 -1.026 0.36056 997.0 1.4708 13.0 53.0 0.0 -0.2929 0.0 -2.326 0.31623 995.0 1.5939 11.0 59.0 1.2071 0.0 0.0 -2.926 0.2 990.0 1.5458 9.0 72.0 2.6071 0.0 0.0 -3.126 0.2 984.0 1.8258 10.0 
0.07891 155.51597 58.0 1601.0 1.0 61.0 0.0 -1.1929 2.874 0.0 0.5 998.0 2.5 17.0 63.0 1.0071 0.0 0.974 0.0 0.42426 997.0 2.5 14.0 60.0 2.7071 0.0 0.0 -0.526 0.28284 995.0 2.0427 14.0 58.0 4.1071 0.0 0.0 -1.626 0.28284 995.0 1.9088 13.0 55.0 5.3071 0.0 0.0 -2.626 0.28284 995.0 1.7165 13.0 
0.18829 116.36837 60.0 1602.0 1.0 64.0 0.0 -1.1929 2.574 0.0 0.42426 995.0 2.3242 11.0 67.0 0.7071 0.0 0.774 0.0 0.42426 993.0 2.2925 13.0 67.0 2.4071 0.0 0.0 -0.626 0.42426 992.0 2.1833 12.0 71.0 3.9071 0.0 0.0 -2.126 0.36056 986.0 1.9069 8.0 90.0 5.2071 0.0 0.0 -3.526 0.28284 975.0 2.1771 8.0 
0.02888 245.69359 221.0 1604.0 1.0 49.0 0.0 -3.3929 0.574 0.0 0.5 998.0 1.6349 11.0 50.0 0.0 -1.6929 0.0 -1.426 0.36056 997.0 1.5959 12.0 52.0 0.0 -0.0929 0.0 -2.826 0.31623 995.0 1.5343 12.0 56.0 1.4071 0.0 0.0 -3.526 0.22361 992.0 1.5252 10.0 65.0 2.8071 0.0 0.0 -3.926 0.22361 987.0 1.6597 11.0 
0.10305 146.70683 60.0 1605.0 1.0 73.0 0.0 -1.0929 2.574 0.0 0.44721 991.0 2.474 11.0 74.0 0.6071 0.0 1.174 0.0 0.36056 987.0 2.1512 10.0 80.0 2.1071 0.0 0.074 0.0 0.22361 982.0 2.1086 9.0 96.0 3.4071 0.0 0.0 -0.926 0.36056 970.0 2.1891 7.0 103.0 4.6071 0.0 0.0 -2.326 0.28284 965.0 2.2574 7.0 
0.0732 253.75742 96.0 1606.0 1.0 72.0 0.0071 0.0 2.674 0.0 0.14142 983.0 1.7649 9.0 74.0 0.7071 0.0 2.174 0.0 0.2 981.0 1.7478 9.0 77.0 1.4071 0.0 1.874 0.0 0.2 978.0 1.7302 8.0 80.0 2.1071 0.0 1.874 0.0 0.1 976.0 1.7667 8.0 80.0 2.8071 0.0 1.974 0.0 0.1 976.0 1.7667 8.0 
0.07529 149.94232 44.0 1607.0 1.0 45.0 0.2071 0.0 2.774 0.0 0.31623 1001.0 1.7236 21.0 42.0 1.1071 0.0 0.774 0.0 0.36056 1001.0 1.5014 22.0 38.0 2.2071 0.0 0.0 -0.726 0.22361 1002.0 1.3408 23.0 35.0 3.3071 0.0 0.0 -1.726 0.14142 1002.0 1.1374 23.0 32.0 4.3071 0.0 0.0 -2.226 0.1 1002.0 1.0 24.0 
0.03191 179.75306 96.0 1608.0 1.0 37.0 0.0 -1.9929 0.574 0.0 0.2 1000.0 1.0756 12.0 38.0 0.0 -1.3929 0.0 -0.826 0.22361 999.0 1.0535 11.0 41.0 0.0 -0.4929 0.0 -1.826 0.14142 998.0 1.1446 10.0 46.0 0.5071 0.0 0.0 -2.426 0.2 996.0 1.2713 12.0 53.0 1.6071 0.0 0.0 -2.726 0.2 993.0 1.4345 10.0 
0.09262 274.95456 71.0 1611.0 1.0 113.0 0.0 -0.3929 3.074 0.0 0.22361 952.0 2.138 7.0 107.0 0.7071 0.0 2.374 0.0 0.1 957.0 2.0882 8.0 99.0 1.6071 0.0 2.374 0.0 0.2 963.0 2.0021 8.0 93.0 2.4071 0.0 2.574 0.0 0.22361 966.0 1.8795 9.0 91.0 3.2071 0.0 2.774 0.0 0.1 968.0 1.8796 9.0 
0.02955 269.99085 85.0 1613.0 1.0 71.0 1.3071 0.0 2.474 0.0 0.22361 985.0 1.8388 9.0 71.0 2.0071 0.0 1.374 0.0 0.28284 983.0 1.7162 7.0 71.0 2.9071 0.0 0.374 0.0 0.14142 983.0 1.7162 7.0 72.0 3.8071 0.0 0.0 -0.426 0.14142 982.0 1.708 7.0 75.0 4.5071 0.0 0.0 -1.126 0.14142 979.0 1.6898 6.0 
0.02734 306.81947 51.0 1614.0 1.0 51.0 0.4071 0.0 3.574 0.0 0.36056 999.0 1.8976 12.0 47.0 1.7071 0.0 2.174 0.0 0.22361 999.0 1.6116 13.0 42.0 2.8071 0.0 1.274 0.0 0.22361 1000.0 1.3859 14.0 37.0 3.7071 0.0 0.574 0.0 0.22361 1000.0 1.0756 14.0 34.0 4.5071 0.0 0.074 0.0 0.14142 1001.0 1.0 15.0 
0.07971 156.56692 92.0 1616.0 1.0 82.0 0.0 -0.3929 2.674 0.0 0.5 986.0 2.5 10.0 84.0 1.1071 0.0 0.874 0.0 0.28284 980.0 2.1839 9.0 94.0 2.3071 0.0 0.0 -0.326 0.22361 969.0 2.0511 7.0 111.0 3.2071 0.0 0.0 -1.226 0.14142 950.0 1.9975 6.0 124.0 3.8071 0.0 0.0 -1.826 0.22361 934.0 1.9879 5.0 
0.08113 172.16692 59.0 1617.0 1.0 64.0 0.0 -0.9929 3.374 0.0 0.64031 997.0 2.5 11.0 62.0 1.2071 0.0 0.974 0.0 0.56569 996.0 2.3095 12.0 64.0 3.2071 0.0 0.0 -1.026 0.5 994.0 2.2019 10.0 71.0 4.8071 0.0 0.0 -2.926 0.36056 987.0 1.9803 8.0 87.0 5.9071 0.0 0.0 -4.526 0.28284 971.0 1.8407 6.0 
0.05589 179.34545 90.0 1618.0 1.0 86.0 0.1071 0.0 2.674 0.0 0.31623 979.0 2.2218 8.0 91.0 1.2071 0.0 1.074 0.0 0.28284 974.0 2.1687 8.0 92.0 2.3071 0.0 0.0 -0.026 0.22361 970.0 2.0104 7.0 99.0 3.1071 0.0 0.0 -0.926 0.14142 962.0 1.9628 6.0 95.0 3.7071 0.0 0.0 -1.526 0.14142 964.0 1.8812 7.0 
0.10511 97.07306 51.0 1619.0 1.0 64.0 0.0 -1.4929 2.974 0.0 0.5 997.0 2.5 12.0 61.0 0.4071 0.0 0.774 0.0 0.5 997.0 2.3753 11.0 58.0 2.3071 0.0 0.0 -0.926 0.42426 997.0 2.1474 11.0 63.0 4.1071 0.0 0.0 -2.726 0.36056 995.0 2.2521 10.0 72.0 5.8071 0.0 0.0 -4.326 0.28284 990.0 2.3021 8.0 
0.04764 126.3464 75.0 1620.0 1.0 48.0 0.0 -2.4929 0.174 0.0 0.44721 1000.0 1.8102 12.0 47.0 0.0 -0.4929 0.0 -1.026 0.36056 999.0 1.6116 11.0 46.0 1.2071 0.0 0.0 -1.826 0.22361 997.0 1.3508 10.0 47.0 2.5071 0.0 0.0 -2.226 0.22361 996.0 1.3272 10.0 52.0 3.6071 0.0 0.0 -2.726 0.14142 992.0 1.3151 10.0 
0.1404 92.42951 55.0 1621.0 1.0 61.0 0.0 -1.3929 2.274 0.0 0.42426 996.0 2.2356 14.0 64.0 0.3071 0.0 0.774 0.0 0.36056 994.0 2.2019 13.0 66.0 2.0071 0.0 0.0 -0.326 0.31623 992.0 2.1186 12.0 68.0 3.7071 0.0 0.0 -1.426 0.36056 992.0 2.249 12.0 64.0 5.2071 0.0 0.0 -2.826 0.36056 993.0 2.0918 12.0 
0.09379 156.40394 64.0 1622.0 1.0 54.0 0.3071 0.0 2.974 0.0 0.53852 998.0 1.9855 11.0 52.0 1.4071 0.0 0.074 0.0 0.44721 998.0 1.8412 14.0 53.0 2.6071 0.0 0.0 -2.126 0.36056 996.0 1.6877 12.0 55.0 3.8071 0.0 0.0 -3.726 0.28284 993.0 1.5448 10.0 62.0 4.9071 0.0 0.0 -4.726 0.22361 989.0 1.6359 11.0 
0.05328 156.56692 62.0 1624.0 1.0 54.0 0.0 -0.4929 2.674 0.0 0.44721 999.0 2.1274 14.0 49.0 1.1071 0.0 0.874 0.0 0.42426 999.0 1.7517 14.0 48.0 2.5071 0.0 0.0 -0.626 0.36056 999.0 1.6809 14.0 49.0 3.9071 0.0 0.0 -2.026 0.36056 998.0 1.6349 13.0 54.0 5.1071 0.0 0.0 -3.526 0.28284 997.0 1.8615 15.0 
0.06714 226.37542 103.0 1625.0 1.0 74.0 0.7071 0.0 2.174 0.0 0.22361 983.0 1.8643 9.0 74.0 1.5071 0.0 1.374 0.0 0.14142 982.0 1.8042 9.0 71.0 2.1071 0.0 0.574 0.0 0.14142 984.0 1.7754 9.0 68.0 2.8071 0.0 0.0 -0.126 0.14142 985.0 1.6867 9.0 66.0 3.4071 0.0 0.0 -0.626 0.14142 986.0 1.6478 10.0 
0.26215 52.6199 100.0 1626.0 1.0 52.0 0.0 -0.3929 0.674 0.0 0.14142 992.0 1.3151 12.0 57.0 0.0071 0.0 0.474 0.0 0.1 989.0 1.3827 11.0 65.0 0.5071 0.0 0.674 0.0 0.14142 985.0 1.5412 9.0 71.0 1.0071 0.0 1.174 0.0 0.0 982.0 1.6609 9.0 74.0 1.4071 0.0 1.674 0.0 0.1 979.0 1.645 8.0 
0.07496 148.01451 73.0 1629.0 1.0 54.0 0.0071 0.0 2.374 0.0 0.31623 998.0 1.9855 16.0 52.0 1.0071 0.0 0.874 0.0 0.28284 997.0 1.7261 15.0 52.0 2.1071 0.0 0.0 -0.126 0.28284 996.0 1.6246 14.0 53.0 3.1071 0.0 0.0 -0.826 0.22361 995.0 1.5939 13.0 55.0 4.1071 0.0 0.0 -1.126 0.14142 993.0 1.5448 12.0 
0.05045 235.74859 71.0 1630.0 1.0 53.0 0.0071 0.0 3.374 0.0 0.36056 997.0 1.7931 13.0 49.0 1.3071 0.0 1.674 0.0 0.36056 997.0 1.5327 13.0 48.0 2.6071 0.0 0.374 0.0 0.22361 997.0 1.4708 13.0 50.0 3.7071 0.0 0.0 -0.926 0.28284 996.0 1.502 12.0 55.0 4.7071 0.0 0.0 -2.326 0.36056 994.0 1.6261 10.0 
0.08828 153.51129 82.0 1631.0 1.0 75.0 0.0 -2.5929 0.0 -1.226 0.4 985.0 2.0519 10.0 99.0 0.0 -0.3929 0.0 -1.326 0.41231 968.0 2.2245 7.0 132.0 1.6071 0.0 0.0 -1.526 0.2 937.0 2.3416 7.0 141.0 2.9071 0.0 0.0 -1.626 0.2 919.0 2.1602 6.0 141.0 3.9071 0.0 0.0 -1.826 0.1 908.0 1.9339 5.0 
0.29526 47.45382 58.0 1632.0 1.0 71.0 0.0 -1.5929 1.974 0.0 0.42426 991.0 2.3403 9.0 80.0 0.2071 0.0 0.374 0.0 0.36056 985.0 2.3346 7.0 88.0 1.8071 0.0 0.0 -0.426 0.22361 976.0 2.1377 6.0 90.0 3.2071 0.0 0.0 -0.526 0.22361 973.0 2.0683 5.0 88.0 4.4071 0.0 0.074 0.0 0.22361 975.0 2.0815 6.0 
0.2186 108.43208 66.0 1633.0 1.0 69.0 0.0 -1.3929 2.374 0.0 0.5 994.0 2.5 14.0 69.0 0.7071 0.0 0.674 0.0 0.36056 991.0 2.2103 12.0 68.0 2.3071 0.0 0.0 -0.526 0.36056 988.0 1.8891 11.0 68.0 3.7071 0.0 0.0 -1.726 0.28284 988.0 1.8891 11.0 81.0 4.9071 0.0 0.0 -3.026 0.28284 979.0 1.9709 9.0 
0.07867 285.96122 67.0 1634.0 1.0 78.0 0.0 -2.2929 2.974 0.0 0.4 988.0 2.4856 10.0 92.0 0.1071 0.0 2.574 0.0 0.3 979.0 2.5 8.0 92.0 2.1071 0.0 2.274 0.0 0.22361 977.0 2.4014 8.0 81.0 3.8071 0.0 1.574 0.0 0.22361 984.0 2.3108 9.0 70.0 5.1071 0.0 0.874 0.0 0.22361 988.0 2.0019 10.0 
0.04593 225.1223 87.0 1635.0 1.0 55.0 0.0 -1.9929 0.0 -1.326 0.36056 995.0 1.7165 16.0 61.0 0.0 -0.0929 0.0 -2.026 0.31623 991.0 1.7275 13.0 67.0 1.5071 0.0 0.0 -2.326 0.2 987.0 1.7634 14.0 82.0 2.8071 0.0 0.0 -2.426 0.1 974.0 1.761 10.0 111.0 3.7071 0.0 0.0 -2.426 0.14142 949.0 1.9663 9.0 
0.10731 311.02086 46.0 1636.0 1.0 96.0 0.0 -1.7929 4.674 0.0 0.72111 984.0 2.5 11.0 106.0 1.1071 0.0 2.574 0.0 0.44721 972.0 2.5 10.0 122.0 3.4071 0.0 1.074 0.0 0.42426 955.0 2.5 8.0 126.0 5.4071 0.0 0.0 -0.526 0.36056 950.0 2.5 7.0 118.0 7.1071 0.0 0.0 -1.626 0.31623 953.0 2.3703 7.0 
0.15904 141.95101 59.0 1640.0 1.0 94.0 0.0 -0.6929 1.774 0.0 0.28284 968.0 2.0055 9.0 114.0 0.5071 0.0 1.174 0.0 0.22361 950.0 2.1069 7.0 128.0 1.7071 0.0 0.874 0.0 0.22361 937.0 2.2019 6.0 124.0 3.0071 0.0 0.674 0.0 0.2 940.0 2.1513 7.0 124.0 4.2071 0.0 0.874 0.0 0.2 940.0 2.1513 7.0 
0.06216 212.87897 92.0 1641.0 1.0 58.0 0.8071 0.0 2.374 0.0 0.36056 995.0 1.9088 14.0 53.0 1.7071 0.0 0.874 0.0 0.22361 996.0 1.6877 14.0 48.0 2.4071 0.0 0.0 -0.326 0.14142 997.0 1.4708 15.0 43.0 3.1071 0.0 0.0 -1.126 0.22361 998.0 1.259 16.0 42.0 3.6071 0.0 0.0 -1.926 0.14142 997.0 1.1261 12.0 
0.053 249.69441 85.0 1644.0 1.0 51.0 0.6071 0.0 2.674 0.0 0.28284 996.0 1.5627 15.0 51.0 1.6071 0.0 1.574 0.0 0.14142 996.0 1.5627 14.0 50.0 2.5071 0.0 0.674 0.0 0.22361 996.0 1.502 14.0 51.0 3.3071 0.0 0.0 -0.426 0.28284 994.0 1.3982 11.0 52.0 4.2071 0.0 0.0 -1.526 0.31623 994.0 1.4536 11.0 
0.16156 190.86341 104.0 1645.0 1.0 48.0 0.0 -1.0929 2.074 0.0 0.14142 996.0 1.3843 14.0 49.0 0.0 -0.3929 1.674 0.0 0.14142 995.0 1.3624 13.0 51.0 0.1071 0.0 2.174 0.0 0.14142 994.0 1.3982 13.0 54.0 0.5071 0.0 3.274 0.0 0.31623 995.0 1.6546 13.0 56.0 1.0071 0.0 4.874 0.0 0.31623 995.0 1.7795 13.0 
0.09267 317.16735 48.0 1646.0 1.0 73.0 0.0 -1.8929 4.074 0.0 0.5831 996.0 2.5 14.0 72.0 1.0071 0.0 2.674 0.0 0.41231 994.0 2.5 13.0 68.0 3.3071 0.0 1.674 0.0 0.36056 994.0 2.4857 13.0 59.0 5.2071 0.0 0.474 0.0 0.36056 996.0 2.0914 14.0 50.0 6.8071 0.0 0.0 -0.226 0.22361 998.0 1.7023 16.0 
0.07177 288.58221 44.0 1647.0 1.0 99.0 0.0 -0.0929 4.174 0.0 0.64031 980.0 2.5 9.0 109.0 2.2071 0.0 1.374 0.0 0.5 970.0 2.5 7.0 114.0 4.4071 0.0 0.0 -1.426 0.5 968.0 2.5 7.0 94.0 6.4071 0.0 0.0 -4.026 0.44721 980.0 2.5 9.0 79.0 7.8071 0.0 0.0 -6.226 0.36056 982.0 2.0563 7.0 
0.03079 302.817 99.0 1648.0 1.0 73.0 0.1071 0.0 3.574 0.0 0.28284 988.0 2.1772 14.0 75.0 1.5071 0.0 2.274 0.0 0.36056 987.0 2.2097 13.0 77.0 2.9071 0.0 1.274 0.0 0.31623 984.0 2.0882 12.0 81.0 4.2071 0.0 0.374 0.0 0.22361 980.0 2.0307 11.0 88.0 5.2071 0.0 0.0 -0.526 0.14142 974.0 2.0281 10.0 
0.06868 218.16136 80.0 1649.0 1.0 110.0 0.4071 0.0 3.174 0.0 0.5 966.0 2.5 13.0 108.0 1.7071 0.0 0.974 0.0 0.42426 964.0 2.4313 13.0 108.0 3.0071 0.0 0.0 -0.626 0.28284 961.0 2.291 13.0 111.0 4.0071 0.0 0.0 -1.826 0.28284 956.0 2.2078 12.0 114.0 4.9071 0.0 0.0 -2.726 0.14142 948.0 2.0421 11.0 
0.04364 228.45802 128.0 1652.0 1.0 60.0 1.7071 0.0 1.674 0.0 0.2 991.0 1.6713 11.0 57.0 1.9071 0.0 0.774 0.0 0.14142 991.0 1.5084 11.0 56.0 2.2071 0.0 0.374 0.0 0.0 989.0 1.3346 11.0 57.0 2.3071 0.0 0.474 0.0 0.0 988.0 1.3274 10.0 63.0 2.2071 0.0 0.974 0.0 0.2 987.0 1.5592 10.0 
0.04473 242.9482 110.0 1655.0 1.0 62.0 0.6071 0.0 3.974 0.0 0.53852 998.0 2.5 17.0 55.0 1.9071 0.0 1.074 0.0 0.36056 998.0 2.0598 18.0 50.0 3.0071 0.0 0.0 -0.926 0.28284 997.0 1.5959 17.0 49.0 4.1071 0.0 0.0 -2.126 0.28284 995.0 1.3624 12.0 53.0 5.0071 0.0 0.0 -2.926 0.22361 992.0 1.3662 13.0 
0.05606 285.772 78.0 1656.0 1.0 44.0 1.2071 0.0 2.474 0.0 0.1 996.0 1.1632 10.0 39.0 1.2071 0.0 2.274 0.0 0.1 997.0 1.0 11.0 36.0 1.3071 0.0 2.274 0.0 0.0 998.0 1.0 12.0 34.0 1.4071 0.0 2.274 0.0 0.0 999.0 1.0 12.0 31.0 1.5071 0.0 2.374 0.0 0.0 1000.0 1.0 13.0 
0.10679 300.856 61.0 1657.0 1.0 81.0 0.0 -0.9929 3.674 0.0 0.44721 990.0 2.5 11.0 81.0 1.1071 0.0 2.474 0.0 0.31623 985.0 2.3933 9.0 86.0 2.7071 0.0 1.674 0.0 0.31623 978.0 2.1583 8.0 86.0 4.1071 0.0 0.774 0.0 0.22361 978.0 2.1583 8.0 72.0 5.4071 0.0 0.074 0.0 0.14142 986.0 1.961 9.0 
0.03555 272.45394 67.0 1658.0 1.0 107.0 1.1071 0.0 3.574 0.0 0.44721 970.0 2.5 9.0 106.0 2.2071 0.0 1.074 0.0 0.36056 966.0 2.4417 9.0 113.0 3.2071 0.0 0.0 -0.726 0.28284 955.0 2.2486 8.0 119.0 4.1071 0.0 0.0 -1.826 0.22361 945.0 2.127 7.0 125.0 5.0071 0.0 0.0 -2.426 0.14142 936.0 2.0726 6.0 
0.0729 216.84885 62.0 1659.0 1.0 68.0 0.0 -0.5929 3.174 0.0 0.42426 993.0 2.3614 9.0 64.0 1.0071 0.0 1.674 0.0 0.36056 993.0 2.0918 9.0 59.0 2.5071 0.0 0.774 0.0 0.22361 994.0 1.8713 10.0 54.0 3.8071 0.0 0.274 0.0 0.22361 995.0 1.6546 10.0 51.0 4.9071 0.0 0.0 -0.126 0.22361 996.0 1.5627 11.0 
0.15087 166.81296 61.0 1660.0 1.0 45.0 0.9071 0.0 1.974 0.0 0.22361 995.0 1.149 13.0 48.0 0.0 -0.2929 1.474 0.0 0.2 993.0 1.1766 11.0 49.0 0.0 -0.9929 1.474 0.0 0.1 988.0 1.0 9.0 63.0 0.0 -0.8929 1.974 0.0 0.14142 981.0 1.2668 10.0 85.0 0.1071 0.0 2.474 0.0 0.31623 976.0 1.9944 13.0 
0.13435 220.1577 57.0 1661.0 1.0 55.0 0.0 -2.5929 2.074 0.0 0.4 999.0 2.2069 18.0 60.0 0.0 -0.1929 1.974 0.0 0.4 998.0 2.4513 15.0 61.0 2.1071 0.0 1.774 0.0 0.4 997.0 2.3753 15.0 57.0 4.2071 0.0 1.574 0.0 0.31623 997.0 2.074 15.0 51.0 5.8071 0.0 1.274 0.0 0.31623 998.0 1.7711 16.0 
0.22449 62.69156 62.0 1664.0 1.0 52.0 0.0 -0.9929 1.274 0.0 0.22361 996.0 1.6246 13.0 61.0 0.3071 0.0 0.474 0.0 0.22361 992.0 1.8098 12.0 68.0 1.6071 0.0 0.274 0.0 0.2 988.0 1.8891 10.0 75.0 3.0071 0.0 0.674 0.0 0.22361 985.0 2.0519 9.0 77.0 4.3071 0.0 1.474 0.0 0.28284 984.0 2.0882 9.0 
0.15213 108.76564 51.0 1665.0 1.0 51.0 0.0 -2.4929 1.274 0.0 0.4 1001.0 2.2138 21.0 52.0 0.1071 0.0 0.974 0.0 0.41231 1001.0 2.3015 20.0 49.0 2.4071 0.0 0.674 0.0 0.4 1001.0 2.0436 21.0 45.0 4.5071 0.0 0.674 0.0 0.3 1001.0 1.7236 21.0 41.0 6.2071 0.0 0.774 0.0 0.22361 1001.0 1.4308 21.0 
0.06384 210.69561 86.0 1666.0 1.0 55.0 0.3071 0.0 2.374 0.0 0.28284 997.0 1.931 15.0 50.0 1.4071 0.0 1.274 0.0 0.22361 997.0 1.5959 15.0 47.0 2.5071 0.0 0.774 0.0 0.14142 997.0 1.4101 15.0 45.0 3.4071 0.0 0.574 0.0 0.2 998.0 1.3789 15.0 43.0 4.3071 0.0 0.774 0.0 0.14142 998.0 1.259 16.0 
0.18727 123.99184 48.0 1667.0 1.0 62.0 0.0 -2.1929 1.874 0.0 0.41231 997.0 2.4538 15.0 66.0 0.3071 0.0 1.074 0.0 0.44721 996.0 2.5 14.0 66.0 2.8071 0.0 0.0 -0.126 0.53852 997.0 2.5 14.0 60.0 5.0071 0.0 0.0 -1.326 0.44721 997.0 2.2981 15.0 55.0 6.8071 0.0 0.0 -2.526 0.28284 998.0 2.0598 15.0 
0.13652 82.21395 57.0 1668.0 1.0 56.0 0.0 -1.9929 1.474 0.0 0.5099 999.0 2.2879 18.0 54.0 0.3071 0.0 0.674 0.0 0.41231 999.0 2.1274 17.0 50.0 2.2071 0.0 0.0 -0.026 0.31623 999.0 1.8239 17.0 47.0 3.8071 0.0 0.0 -0.526 0.2 999.0 1.6116 17.0 43.0 5.1071 0.0 0.0 -0.626 0.2 1000.0 1.4527 18.0 
0.09384 226.37542 53.0 1669.0 1.0 62.0 0.0 -0.7929 3.574 0.0 0.56569 999.0 2.5 18.0 58.0 1.5071 0.0 1.374 0.0 0.42426 999.0 2.4542 18.0 54.0 3.3071 0.0 0.0 -0.626 0.42426 999.0 2.1274 18.0 51.0 4.8071 0.0 0.0 -2.426 0.36056 999.0 1.8976 18.0 48.0 6.1071 0.0 0.0 -4.026 0.42426 999.0 1.6809 18.0 
0.06113 245.42515 134.0 1670.0 1.0 45.0 1.4071 0.0 1.874 0.0 0.14142 996.0 1.2166 14.0 45.0 1.8071 0.0 1.274 0.0 0.14142 996.0 1.2166 14.0 45.0 2.3071 0.0 0.674 0.0 0.0 996.0 1.2166 14.0 44.0 2.7071 0.0 0.374 0.0 0.1 996.0 1.1632 14.0 43.0 3.1071 0.0 0.274 0.0 0.0 996.0 1.1109 14.0 
0.09498 276.06051 272.0 1671.0 1.0 102.0 0.0 -1.6929 3.774 0.0 0.53852 974.0 2.5 8.0 110.0 1.0071 0.0 2.274 0.0 0.44721 964.0 2.5 7.0 124.0 3.3071 0.0 1.374 0.0 0.31623 947.0 2.3795 6.0 142.0 5.2071 0.0 0.874 0.0 0.3 924.0 2.314 5.0 145.0 7.0071 0.0 0.974 0.0 0.31623 920.0 2.3091 4.0 
0.06356 146.67239 139.0 1672.0 1.0 39.0 0.0 -1.7929 0.0 -0.526 0.22361 1001.0 1.2946 18.0 38.0 0.0 -0.4929 0.0 -1.226 0.31623 1001.0 1.2291 17.0 38.0 0.7071 0.0 0.0 -1.726 0.1 1000.0 1.1345 20.0 40.0 1.5071 0.0 0.0 -1.826 0.1 998.0 1.0895 17.0 44.0 2.2071 0.0 0.0 -1.526 0.14142 997.0 1.2359 15.0 
0.22399 28.83574 64.0 1673.0 1.0 36.0 0.0 -1.0929 0.0 -0.126 0.2 1000.0 1.0182 12.0 44.0 0.0 -0.1929 0.174 0.0 0.22361 998.0 1.3183 12.0 52.0 0.9071 0.0 0.674 0.0 0.22361 996.0 1.6246 10.0 58.0 2.2071 0.0 1.374 0.0 0.22361 994.0 1.8084 9.0 61.0 3.5071 0.0 2.574 0.0 0.36056 994.0 2.0003 9.0 
0.01364 291.93942 67.0 1674.0 1.0 90.0 1.1071 0.0 3.274 0.0 0.36056 977.0 2.2981 8.0 89.0 2.1071 0.0 1.574 0.0 0.36056 976.0 2.1866 8.0 86.0 3.2071 0.0 0.174 0.0 0.22361 976.0 2.0416 8.0 89.0 4.2071 0.0 0.0 -0.826 0.14142 968.0 1.7978 5.0 95.0 5.1071 0.0 0.0 -1.626 0.22361 963.0 1.8436 5.0 
0.126 54.46995 102.0 1675.0 1.0 36.0 0.0 -0.0929 1.274 0.0 0.22361 1001.0 1.1031 21.0 36.0 0.4071 0.0 0.274 0.0 0.22361 1000.0 1.0182 15.0 35.0 0.9071 0.0 0.0 -0.526 0.14142 999.0 1.0 14.0 38.0 1.4071 0.0 0.0 -1.026 0.1 998.0 1.0 13.0 45.0 1.8071 0.0 0.0 -1.426 0.14142 996.0 1.2166 14.0 
0.1095 300.81587 49.0 1676.0 1.0 83.0 0.0 -0.9929 3.174 0.0 0.41231 986.0 2.5 13.0 93.0 1.3071 0.0 2.374 0.0 0.41231 979.0 2.5 11.0 100.0 3.3071 0.0 1.374 0.0 0.36056 972.0 2.4912 9.0 103.0 5.1071 0.0 0.274 0.0 0.36056 968.0 2.4079 9.0 101.0 6.7071 0.0 0.0 -0.826 0.22361 968.0 2.3153 9.0 
0.05788 298.82318 187.0 1677.0 1.0 49.0 0.0 -1.8929 0.0 -2.126 0.22361 996.0 1.4425 12.0 57.0 0.0 -0.5929 0.0 -2.626 0.22361 992.0 1.5802 10.0 70.0 0.8071 0.0 0.0 -2.826 0.2 987.0 1.9249 10.0 86.0 2.2071 0.0 0.0 -2.526 0.22361 976.0 2.0416 8.0 89.0 3.4071 0.0 0.0 -1.726 0.22361 973.0 2.0226 7.0 
0.10463 168.61724 91.0 1678.0 1.0 38.0 1.3071 0.0 0.874 0.0 0.0 998.0 1.0 16.0 38.0 1.3071 0.0 0.774 0.0 0.1 997.0 1.0 15.0 43.0 1.5071 0.0 0.974 0.0 0.1 996.0 1.1109 14.0 48.0 1.9071 0.0 1.374 0.0 0.0 994.0 1.2385 13.0 53.0 2.3071 0.0 1.974 0.0 0.1 993.0 1.4345 12.0 
0.10145 282.3899 40.0 1680.0 1.0 52.0 0.0 -3.1929 2.074 0.0 0.41231 999.0 1.9727 19.0 64.0 0.0 -0.5929 2.474 0.0 0.5099 997.0 2.5 15.0 71.0 2.3071 0.0 2.574 0.0 0.6 995.0 2.5 13.0 77.0 5.6071 0.0 2.274 0.0 0.60828 994.0 2.5 13.0 77.0 9.0071 0.0 1.074 0.0 0.63246 995.0 2.5 13.0 
0.03229 245.42515 117.0 1683.0 1.0 60.0 1.0071 0.0 2.274 0.0 0.22361 993.0 1.8385 12.0 56.0 1.8071 0.0 1.274 0.0 0.22361 993.0 1.6015 12.0 53.0 2.6071 0.0 0.774 0.0 0.14142 994.0 1.51 12.0 51.0 3.3071 0.0 0.574 0.0 0.14142 994.0 1.3982 13.0 50.0 3.9071 0.0 0.474 0.0 0.1 995.0 1.4186 13.0 
0.02265 266.00859 72.0 1684.0 1.0 72.0 0.5071 0.0 3.274 0.0 0.42426 989.0 2.2062 11.0 73.0 1.8071 0.0 1.574 0.0 0.28284 987.0 2.0934 10.0 72.0 3.0071 0.0 0.174 0.0 0.22361 986.0 1.961 10.0 73.0 3.9071 0.0 0.0 -0.926 0.14142 983.0 1.8143 9.0 84.0 4.6071 0.0 0.0 -1.526 0.2 972.0 1.7578 7.0 
0.15137 117.17765 42.0 1685.0 1.0 59.0 0.0 -2.4929 0.674 0.0 0.5099 999.0 2.5 17.0 64.0 0.4071 0.0 0.974 0.0 0.5099 998.0 2.5 16.0 65.0 3.4071 0.0 0.074 0.0 0.5831 999.0 2.5 16.0 58.0 6.0071 0.0 0.0 -1.226 0.41231 999.0 2.4542 17.0 51.0 8.1071 0.0 0.0 -2.226 0.44721 1000.0 2.0435 19.0 
0.11392 265.94929 50.0 1688.0 1.0 89.0 0.0 -1.3929 3.874 0.0 0.5 986.0 2.5 10.0 95.0 1.0071 0.0 2.174 0.0 0.44721 979.0 2.5 8.0 98.0 3.1071 0.0 0.974 0.0 0.31623 973.0 2.4523 7.0 96.0 4.9071 0.0 0.274 0.0 0.2 972.0 2.2958 7.0 87.0 6.4071 0.0 0.174 0.0 0.3 977.0 2.1474 8.0 
0.06305 229.08438 57.0 1689.0 1.0 56.0 0.0 -0.2929 2.874 0.0 0.36056 996.0 1.8841 19.0 59.0 1.2071 0.0 1.674 0.0 0.22361 994.0 1.8713 17.0 62.0 2.6071 0.0 0.874 0.0 0.36056 993.0 1.9631 16.0 63.0 4.0071 0.0 0.074 0.0 0.31623 992.0 1.9304 15.0 63.0 5.3071 0.0 0.0 -0.426 0.22361 991.0 1.8426 15.0 
0.05022 258.10129 77.0 1690.0 1.0 110.0 0.7071 0.0 3.374 0.0 0.5831 966.0 2.5 11.0 105.0 2.0071 0.0 1.174 0.0 0.44721 963.0 2.2521 10.0 119.0 3.1071 0.0 0.0 -0.526 0.28284 942.0 2.0371 7.0 124.0 4.1071 0.0 0.0 -1.726 0.22361 936.0 2.0396 7.0 120.0 4.9071 0.0 0.0 -2.626 0.14142 940.0 2.0148 7.0 
0.09784 310.58559 47.0 1691.0 1.0 75.0 0.0 -1.0929 3.774 0.0 0.44721 992.0 2.5 12.0 78.0 1.3071 0.0 2.474 0.0 0.44721 989.0 2.5 11.0 78.0 3.4071 0.0 1.274 0.0 0.36056 988.0 2.4856 10.0 76.0 5.3071 0.0 0.174 0.0 0.31623 987.0 2.269 10.0 73.0 7.0071 0.0 0.0 -0.726 0.36056 988.0 2.1772 10.0 
0.06609 143.94806 85.0 1692.0 1.0 51.0 0.2071 0.0 3.174 0.0 0.53852 1000.0 2.0435 16.0 46.0 1.2071 0.0 0.474 0.0 0.41231 1000.0 1.6625 16.0 44.0 2.2071 0.0 0.0 -1.426 0.22361 999.0 1.4124 14.0 44.0 3.2071 0.0 0.0 -2.426 0.22361 997.0 1.2359 13.0 47.0 4.1071 0.0 0.0 -2.926 0.2 996.0 1.3272 15.0 
0.18725 78.26613 70.0 1694.0 1.0 39.0 0.0 -0.6929 1.274 0.0 0.14142 999.0 1.1096 18.0 47.0 0.2071 0.0 0.674 0.0 0.1 997.0 1.4101 15.0 52.0 1.2071 0.0 0.574 0.0 0.22361 995.0 1.5343 13.0 57.0 2.2071 0.0 1.074 0.0 0.22361 994.0 1.7465 13.0 59.0 3.3071 0.0 1.974 0.0 0.22361 993.0 1.7777 12.0 
0.22584 87.40194 90.0 1695.0 1.0 48.0 0.0 -0.1929 1.774 0.0 0.2 996.0 1.3843 19.0 51.0 0.4071 0.0 0.674 0.0 0.22361 995.0 1.4759 18.0 53.0 1.3071 0.0 0.0 -0.026 0.14142 994.0 1.51 17.0 54.0 2.1071 0.0 0.0 -0.526 0.14142 993.0 1.4892 16.0 55.0 2.8071 0.0 0.0 -0.826 0.1 991.0 1.4044 15.0 
0.01959 171.4929 74.0 1696.0 1.0 53.0 0.0 -2.4929 0.0 -0.026 0.36056 998.0 1.9127 13.0 59.0 0.0 -0.7929 0.0 -1.326 0.36056 996.0 2.0914 14.0 66.0 1.0071 0.0 0.0 -2.126 0.31623 991.0 2.0223 11.0 67.0 2.5071 0.0 0.0 -2.326 0.2 990.0 1.9935 11.0 66.0 3.7071 0.0 0.0 -2.426 0.22361 988.0 1.7796 10.0 
0.01792 296.57626 45.0 1697.0 1.0 48.0 0.0 -2.9929 0.0 -1.926 0.41231 999.0 1.6809 15.0 58.0 0.0 -0.4929 0.0 -2.626 0.41231 998.0 2.2906 15.0 65.0 2.2071 0.0 0.0 -2.926 0.41231 996.0 2.5 14.0 71.0 4.7071 0.0 0.0 -2.626 0.4 993.0 2.5 12.0 72.0 7.0071 0.0 0.0 -2.826 0.31623 991.0 2.4067 11.0 
0.07671 218.16136 107.0 1698.0 1.0 48.0 1.5071 0.0 1.474 0.0 0.14142 995.0 1.3074 13.0 47.0 1.7071 0.0 0.974 0.0 0.14142 994.0 1.1875 13.0 47.0 1.9071 0.0 0.674 0.0 0.0 994.0 1.1875 12.0 47.0 1.9071 0.0 0.574 0.0 0.0 993.0 1.1281 12.0 48.0 2.0071 0.0 0.474 0.0 0.0 993.0 1.1766 12.0 
0.0553 210.50196 102.0 1700.0 1.0 58.0 0.5071 0.0 2.574 0.0 0.31623 994.0 1.8084 13.0 55.0 1.3071 0.0 1.374 0.0 0.14142 994.0 1.6261 13.0 53.0 2.1071 0.0 0.774 0.0 0.1 994.0 1.51 12.0 53.0 2.7071 0.0 0.674 0.0 0.1 993.0 1.4345 12.0 56.0 3.4071 0.0 0.974 0.0 0.14142 992.0 1.5252 12.0 
0.09884 132.36053 116.0 1702.0 1.0 51.0 0.0 -0.3929 2.174 0.0 0.36056 999.0 1.8976 17.0 51.0 0.9071 0.0 0.774 0.0 0.28284 998.0 1.7711 16.0 49.0 2.1071 0.0 0.0 -0.126 0.22361 998.0 1.6349 15.0 46.0 3.0071 0.0 0.0 -0.626 0.14142 997.0 1.3508 15.0 43.0 3.7071 0.0 0.0 -1.026 0.1 997.0 1.1803 15.0 
0.04668 218.67807 57.0 1704.0 1.0 52.0 0.2071 0.0 2.874 0.0 0.28284 998.0 1.8412 16.0 48.0 1.3071 0.0 1.474 0.0 0.28284 999.0 1.6809 17.0 44.0 2.4071 0.0 0.574 0.0 0.22361 999.0 1.4124 17.0 41.0 3.5071 0.0 0.0 -0.026 0.22361 1000.0 1.3207 18.0 38.0 4.5071 0.0 0.0 -0.426 0.14142 1000.0 1.1345 19.0 
0.02133 234.69733 63.0 1707.0 1.0 72.0 0.3071 0.0 3.574 0.0 0.5 991.0 2.4067 9.0 69.0 1.6071 0.0 1.374 0.0 0.42426 992.0 2.3156 9.0 65.0 3.0071 0.0 0.0 -0.326 0.36056 992.0 2.0549 9.0 61.0 4.2071 0.0 0.0 -1.426 0.28284 993.0 1.9003 9.0 56.0 5.4071 0.0 0.0 -2.226 0.22361 994.0 1.6858 9.0 
0.07393 251.33612 167.0 1708.0 1.0 41.0 1.2071 0.0 1.974 0.0 0.0 996.0 1.01 15.0 42.0 1.4071 0.0 1.774 0.0 0.1 996.0 1.0598 14.0 45.0 1.8071 0.0 1.674 0.0 0.1 995.0 1.149 14.0 47.0 2.4071 0.0 1.674 0.0 0.1 995.0 1.2535 14.0 47.0 3.0071 0.0 1.874 0.0 0.1 995.0 1.2535 14.0 
0.04762 226.37542 55.0 1709.0 1.0 62.0 0.0 -0.2929 3.374 0.0 0.5 997.0 2.4538 15.0 60.0 1.5071 0.0 1.374 0.0 0.36056 997.0 2.2981 15.0 56.0 3.2071 0.0 0.174 0.0 0.36056 997.0 2.0019 15.0 51.0 4.6071 0.0 0.0 -0.526 0.31623 997.0 1.6604 15.0 47.0 5.8071 0.0 0.0 -1.226 0.22361 999.0 1.6116 16.0 
0.15194 62.69156 90.0 1710.0 1.0 65.0 0.0 -0.6929 1.374 0.0 0.28284 988.0 1.7261 8.0 63.0 0.3071 0.0 0.474 0.0 0.22361 989.0 1.6891 8.0 62.0 1.3071 0.0 0.074 0.0 0.22361 989.0 1.6359 8.0 63.0 2.4071 0.0 0.074 0.0 0.22361 989.0 1.6891 8.0 67.0 3.4071 0.0 0.574 0.0 0.22361 987.0 1.7634 7.0 
0.05456 193.3831 63.0 1711.0 1.0 53.0 0.4071 0.0 2.874 0.0 0.36056 999.0 2.0493 17.0 52.0 1.5071 0.0 0.874 0.0 0.36056 999.0 1.9727 17.0 48.0 2.6071 0.0 0.0 -0.626 0.28284 999.0 1.6809 17.0 46.0 3.7071 0.0 0.0 -1.626 0.22361 999.0 1.5437 17.0 45.0 4.8071 0.0 0.0 -2.126 0.22361 999.0 1.4773 16.0 
0.17912 173.0257 46.0 1712.0 1.0 66.0 0.0 -2.6929 1.674 0.0 0.5 998.0 2.5 16.0 69.0 0.5071 0.0 1.474 0.0 0.53852 997.0 2.5 15.0 66.0 3.3071 0.0 0.274 0.0 0.5 997.0 2.5 15.0 60.0 5.5071 0.0 0.0 -1.026 0.36056 997.0 2.2981 15.0 53.0 7.2071 0.0 0.0 -2.026 0.31623 998.0 1.9127 15.0 
0.02155 305.34255 65.0 1715.0 1.0 74.0 0.7071 0.0 3.274 0.0 0.36056 986.0 2.0715 10.0 69.0 1.8071 0.0 2.074 0.0 0.22361 988.0 1.9451 10.0 66.0 2.9071 0.0 1.474 0.0 0.1 988.0 1.7796 10.0 63.0 3.9071 0.0 1.374 0.0 0.2 989.0 1.6891 11.0 61.0 5.0071 0.0 1.474 0.0 0.1 990.0 1.6524 11.0 
0.02309 273.31587 73.0 1718.0 1.0 64.0 1.0071 0.0 2.974 0.0 0.36056 994.0 2.2019 13.0 58.0 2.1071 0.0 1.274 0.0 0.28284 995.0 1.9088 13.0 52.0 3.0071 0.0 0.174 0.0 0.22361 996.0 1.6246 14.0 48.0 3.8071 0.0 0.0 -0.426 0.14142 996.0 1.3843 14.0 43.0 4.4071 0.0 0.0 -0.826 0.1 997.0 1.1803 15.0 
0.04835 260.1241 53.0 1719.0 1.0 49.0 0.4071 0.0 3.074 0.0 0.36056 999.0 1.7517 17.0 45.0 1.4071 0.0 1.874 0.0 0.22361 999.0 1.4773 17.0 41.0 2.4071 0.0 1.274 0.0 0.22361 999.0 1.2264 18.0 38.0 3.3071 0.0 0.874 0.0 0.14142 1000.0 1.1345 18.0 36.0 4.0071 0.0 0.574 0.0 0.14142 1001.0 1.1031 19.0 
0.03984 310.58559 59.0 1720.0 1.0 67.0 0.1071 0.0 3.374 0.0 0.28284 990.0 1.9935 11.0 70.0 1.3071 0.0 2.474 0.0 0.2 987.0 1.9249 10.0 76.0 2.6071 0.0 2.374 0.0 0.3 983.0 1.9665 9.0 82.0 4.0071 0.0 2.474 0.0 0.22361 979.0 2.0199 8.0 84.0 5.2071 0.0 2.774 0.0 0.22361 977.0 2.0019 8.0 
0.17245 72.25976 60.0 1722.0 1.0 44.0 0.0 -1.6929 1.974 0.0 0.36056 1001.0 1.6478 13.0 46.0 0.3071 0.0 0.574 0.0 0.31623 1001.0 1.801 17.0 49.0 2.3071 0.0 0.0 -0.226 0.31623 1000.0 1.8864 14.0 49.0 4.1071 0.0 0.0 -0.626 0.3 999.0 1.7517 13.0 47.0 5.5071 0.0 0.0 -0.426 0.22361 998.0 1.5041 12.0 
0.04367 199.1832 65.0 1723.0 1.0 63.0 0.4071 0.0 2.474 0.0 0.36056 993.0 2.0269 13.0 62.0 1.5071 0.0 0.974 0.0 0.28284 992.0 1.8696 12.0 63.0 2.7071 0.0 0.0 -0.126 0.22361 991.0 1.8426 11.0 65.0 3.8071 0.0 0.0 -0.626 0.1 989.0 1.798 11.0 70.0 4.8071 0.0 0.0 -0.626 0.1 985.0 1.7874 9.0 
0.04108 262.51785 75.0 1724.0 1.0 45.0 1.3071 0.0 2.474 0.0 0.28284 1000.0 1.591 19.0 40.0 2.1071 0.0 1.074 0.0 0.22361 1001.0 1.3618 20.0 36.0 2.8071 0.0 0.074 0.0 0.22361 1001.0 1.1031 20.0 33.0 3.4071 0.0 0.0 -0.726 0.14142 1001.0 1.0 21.0 31.0 3.8071 0.0 0.0 -1.326 0.1 1001.0 1.0 22.0 
0.08942 139.82063 244.0 1725.0 1.0 48.0 0.0071 0.0 1.874 0.0 0.22361 998.0 1.5688 16.0 51.0 0.9071 0.0 0.874 0.0 0.22361 996.0 1.5627 14.0 53.0 1.9071 0.0 0.274 0.0 0.22361 995.0 1.5939 13.0 53.0 2.9071 0.0 0.0 -0.126 0.2 994.0 1.51 13.0 53.0 3.8071 0.0 0.0 -0.226 0.1 994.0 1.51 12.0 
0.02518 273.31587 65.0 1726.0 1.0 73.0 1.1071 0.0 3.374 0.0 0.5099 990.0 2.3665 14.0 70.0 2.1071 0.0 1.274 0.0 0.36056 990.0 2.176 14.0 67.0 3.3071 0.0 0.0 -0.026 0.22361 989.0 1.9104 14.0 66.0 4.4071 0.0 0.0 -0.826 0.22361 988.0 1.7796 13.0 68.0 5.2071 0.0 0.0 -1.626 0.28284 987.0 1.8165 13.0 
0.10973 174.71578 75.0 1727.0 1.0 58.0 0.0 -1.6929 2.174 0.0 0.31623 996.0 2.0211 11.0 56.0 0.0071 0.0 1.574 0.0 0.3 996.0 1.8841 10.0 52.0 1.6071 0.0 1.474 0.0 0.2 997.0 1.7261 11.0 47.0 2.8071 0.0 1.574 0.0 0.22361 998.0 1.5041 12.0 43.0 3.9071 0.0 1.674 0.0 0.1 999.0 1.3489 12.0 
0.20158 132.05205 71.0 1729.0 1.0 79.0 0.0 -0.6929 1.974 0.0 0.36056 985.0 2.2766 9.0 74.0 0.8071 0.0 0.874 0.0 0.31623 986.0 2.0715 10.0 71.0 2.2071 0.0 0.274 0.0 0.22361 987.0 1.9803 10.0 71.0 3.4071 0.0 0.0 -0.126 0.1 985.0 1.8388 10.0 72.0 4.4071 0.0 0.0 -0.426 0.2 984.0 1.8258 9.0 
0.05434 193.3831 46.0 1730.0 1.0 49.0 0.6071 0.0 2.574 0.0 0.36056 999.0 1.7517 17.0 45.0 1.5071 0.0 0.874 0.0 0.22361 1000.0 1.591 18.0 42.0 2.4071 0.0 0.0 -0.426 0.22361 1000.0 1.3859 19.0 39.0 3.3071 0.0 0.0 -1.326 0.28284 1001.0 1.2946 20.0 36.0 4.2071 0.0 0.0 -2.126 0.22361 1001.0 1.1031 21.0 
0.03343 306.81947 111.0 1732.0 1.0 55.0 0.8071 0.0 3.274 0.0 0.22361 996.0 1.8174 14.0 52.0 1.7071 0.0 2.174 0.0 0.22361 996.0 1.6246 14.0 50.0 2.8071 0.0 1.574 0.0 0.14142 996.0 1.502 14.0 48.0 3.8071 0.0 1.374 0.0 0.2 997.0 1.4708 15.0 46.0 4.7071 0.0 1.474 0.0 0.1 997.0 1.3508 15.0 
0.09355 124.12592 97.0 1733.0 1.0 52.0 0.0 -0.1929 1.674 0.0 0.14142 996.0 1.6246 14.0 56.0 0.8071 0.0 0.774 0.0 0.22361 994.0 1.6858 13.0 59.0 2.0071 0.0 0.174 0.0 0.2 992.0 1.693 12.0 62.0 3.2071 0.0 0.0 -0.026 0.1 990.0 1.707 11.0 65.0 4.2071 0.0 0.0 -0.026 0.14142 987.0 1.6597 10.0 
0.1163 149.12413 48.0 1735.0 1.0 66.0 0.0 -1.4929 2.874 0.0 0.5831 998.0 2.5 16.0 61.0 0.8071 0.0 1.074 0.0 0.5 997.0 2.3753 15.0 59.0 2.8071 0.0 0.0 -0.226 0.31623 997.0 2.2221 15.0 57.0 4.7071 0.0 0.0 -1.026 0.31623 997.0 2.074 15.0 55.0 6.4071 0.0 0.0 -1.426 0.3 997.0 1.931 15.0 
0.05739 187.78321 74.0 1736.0 1.0 70.0 0.3071 0.0 2.474 0.0 0.36056 989.0 2.0853 11.0 66.0 1.3071 0.0 1.074 0.0 0.28284 990.0 1.9344 11.0 65.0 2.4071 0.0 0.074 0.0 0.22361 990.0 1.8762 11.0 64.0 3.6071 0.0 0.0 -0.526 0.1 990.0 1.8189 11.0 63.0 4.6071 0.0 0.0 -0.826 0.1 989.0 1.6891 11.0 
0.02573 250.35032 67.0 1737.0 1.0 64.0 0.5071 0.0 3.174 0.0 0.36056 994.0 2.2019 13.0 63.0 1.7071 0.0 1.474 0.0 0.28284 993.0 2.0269 12.0 62.0 3.0071 0.0 0.474 0.0 0.22361 992.0 1.8696 12.0 62.0 4.2071 0.0 0.074 0.0 0.1 991.0 1.7846 11.0 62.0 5.2071 0.0 0.074 0.0 0.1 989.0 1.6359 11.0 
0.06523 216.90509 83.0 1738.0 1.0 58.0 1.5071 0.0 0.0 -1.726 0.22361 993.0 1.7179 12.0 62.0 1.9071 0.0 0.0 -0.426 0.22361 990.0 1.707 11.0 61.0 2.4071 0.0 0.774 0.0 0.22361 991.0 1.7275 11.0 60.0 2.9071 0.0 2.074 0.0 0.31623 993.0 1.8385 12.0 59.0 3.6071 0.0 3.674 0.0 0.22361 994.0 1.8713 12.0 
0.03136 196.48588 73.0 1739.0 1.0 79.0 0.1071 0.0 2.974 0.0 0.44721 987.0 2.4517 10.0 73.0 1.4071 0.0 1.074 0.0 0.28284 988.0 2.1772 10.0 69.0 2.5071 0.0 0.0 -0.226 0.28284 989.0 2.0261 10.0 64.0 3.5071 0.0 0.0 -1.226 0.14142 989.0 1.7431 11.0 61.0 4.4071 0.0 0.0 -1.826 0.14142 990.0 1.6524 11.0 
0.06986 189.09548 80.0 1740.0 1.0 54.0 0.7071 0.0 1.774 0.0 0.1 991.0 1.3538 8.0 55.0 1.0071 0.0 1.374 0.0 0.1 990.0 1.3433 8.0 57.0 1.4071 0.0 1.274 0.0 0.1 989.0 1.3827 8.0 59.0 1.9071 0.0 1.274 0.0 0.0 988.0 1.4222 8.0 60.0 2.4071 0.0 1.574 0.0 0.0 988.0 1.4708 8.0 
0.0737 282.5478 105.0 1741.0 1.0 48.0 1.0071 0.0 2.474 0.0 0.14142 995.0 1.3074 14.0 47.0 1.6071 0.0 1.974 0.0 0.1 996.0 1.3272 14.0 44.0 2.2071 0.0 1.674 0.0 0.14142 997.0 1.2359 14.0 42.0 2.7071 0.0 1.574 0.0 0.1 997.0 1.1261 15.0 41.0 3.2071 0.0 1.774 0.0 0.14142 998.0 1.1446 16.0 
0.0372 152.86463 293.0 1743.0 1.0 40.0 0.0 -1.9929 0.174 0.0 0.36056 1000.0 1.2571 12.0 41.0 0.0 -0.7929 0.0 -1.126 0.22361 999.0 1.2264 11.0 43.0 0.2071 0.0 0.0 -2.026 0.22361 997.0 1.1803 9.0 46.0 1.3071 0.0 0.0 -2.326 0.1 994.0 1.1375 8.0 48.0 2.2071 0.0 0.0 -2.426 0.1 992.0 1.1206 7.0 
0.1678 112.21142 113.0 1744.0 1.0 38.0 0.0 -1.6929 0.0 -0.026 0.14142 999.0 1.0535 18.0 45.0 0.0 -0.8929 0.474 0.0 0.22361 997.0 1.2927 15.0 50.0 0.0 -0.2929 1.374 0.0 0.22361 996.0 1.502 14.0 52.0 0.3071 0.0 2.474 0.0 0.22361 995.0 1.5343 13.0 53.0 0.8071 0.0 3.574 0.0 0.22361 995.0 1.5939 13.0 
0.12197 242.39428 254.0 1745.0 1.0 63.0 0.7071 0.0 0.0 -3.026 0.28284 993.0 2.0269 16.0 70.0 1.8071 0.0 0.0 -1.226 0.36056 990.0 2.176 14.0 74.0 2.8071 0.0 0.874 0.0 0.44721 990.0 2.4318 14.0 76.0 4.1071 0.0 3.574 0.0 0.53852 991.0 2.5 14.0 74.0 5.2071 0.0 6.374 0.0 0.44721 991.0 2.5 15.0 
0.08786 226.19519 85.0 1746.0 1.0 54.0 0.9071 0.0 2.074 0.0 0.1 992.0 1.4182 12.0 55.0 1.4071 0.0 1.474 0.0 0.14142 992.0 1.4713 12.0 56.0 2.0071 0.0 0.974 0.0 0.14142 992.0 1.5252 12.0 56.0 2.7071 0.0 0.374 0.0 0.14142 992.0 1.5252 12.0 56.0 3.4071 0.0 0.0 -0.126 0.1 992.0 1.5252 12.0 
0.10869 88.79073 288.0 1748.0 1.0 33.0 0.6071 0.0 0.874 0.0 0.1 1000.0 1.0 19.0 34.0 0.7071 0.0 0.374 0.0 0.14142 999.0 1.0 18.0 35.0 0.9071 0.0 0.0 -0.126 0.14142 999.0 1.0 17.0 37.0 1.2071 0.0 0.0 -0.526 0.1 998.0 1.0 17.0 40.0 1.6071 0.0 0.0 -0.826 0.1 998.0 1.0895 16.0 
0.07914 258.85349 70.0 1749.0 1.0 47.0 0.3071 0.0 2.974 0.0 0.36056 999.0 1.6116 11.0 44.0 1.8071 0.0 1.474 0.0 0.28284 999.0 1.4124 11.0 43.0 3.0071 0.0 0.0 -0.026 0.22361 999.0 1.3489 11.0 43.0 3.9071 0.0 0.0 -1.426 0.22361 998.0 1.259 10.0 46.0 4.6071 0.0 0.0 -2.926 0.28284 996.0 1.2713 9.0 
0.0714 204.83896 128.0 1752.0 1.0 52.0 1.6071 0.0 1.174 0.0 0.14142 994.0 1.4536 13.0 50.0 1.8071 0.0 0.374 0.0 0.14142 994.0 1.3439 13.0 48.0 2.0071 0.0 0.0 -0.126 0.1 993.0 1.1766 12.0 48.0 2.2071 0.0 0.0 -0.226 0.0 993.0 1.1766 12.0 50.0 2.4071 0.0 0.0 -0.126 0.1 992.0 1.2159 12.0 
0.09772 137.02573 85.0 1753.0 1.0 44.0 0.0 -2.0929 0.0 -0.526 0.22361 999.0 1.4124 18.0 50.0 0.0 -1.0929 0.574 0.0 0.22361 997.0 1.5959 15.0 55.0 0.0 -0.1929 1.974 0.0 0.31623 995.0 1.7165 14.0 59.0 0.7071 0.0 3.674 0.0 0.36056 995.0 1.9752 13.0 59.0 1.8071 0.0 5.474 0.0 0.28284 995.0 1.9752 13.0 
0.06824 260.22118 65.0 1754.0 1.0 39.0 0.0 -2.0929 1.674 0.0 0.2 1000.0 1.195 19.0 45.0 0.0 -1.0929 2.074 0.0 0.14142 998.0 1.3789 16.0 49.0 0.0071 0.0 2.574 0.0 0.22361 997.0 1.5327 15.0 52.0 1.3071 0.0 2.874 0.0 0.2 997.0 1.7261 15.0 52.0 2.8071 0.0 3.174 0.0 0.2 997.0 1.7261 15.0 
0.16094 139.74219 76.0 1755.0 1.0 39.0 0.0 -2.2929 0.274 0.0 0.31623 1001.0 1.2946 20.0 43.0 0.0 -0.9929 0.774 0.0 0.22361 999.0 1.3489 18.0 46.0 0.0071 0.0 1.774 0.0 0.22361 999.0 1.5437 17.0 45.0 0.9071 0.0 2.874 0.0 0.14142 999.0 1.4773 16.0 44.0 1.8071 0.0 3.674 0.0 0.28284 999.0 1.4124 17.0 
0.05383 229.97278 123.0 1756.0 1.0 81.0 0.8071 0.0 2.474 0.0 0.31623 980.0 2.0307 11.0 81.0 1.7071 0.0 1.174 0.0 0.28284 980.0 2.0307 11.0 82.0 2.7071 0.0 0.274 0.0 0.22361 978.0 1.9622 10.0 85.0 3.7071 0.0 0.0 -0.326 0.14142 975.0 1.942 10.0 86.0 4.6071 0.0 0.0 -0.626 0.1 973.0 1.8885 10.0 
0.08289 307.01618 273.0 1758.0 1.0 60.0 0.0 -0.1929 3.174 0.0 0.14142 992.0 1.7509 12.0 62.0 0.7071 0.0 2.674 0.0 0.1 990.0 1.707 11.0 63.0 1.6071 0.0 2.774 0.0 0.2 989.0 1.6891 11.0 64.0 2.6071 0.0 3.074 0.0 0.22361 990.0 1.8189 11.0 65.0 3.9071 0.0 3.574 0.0 0.2 990.0 1.8762 11.0 
0.13796 146.82772 231.0 1759.0 1.0 31.0 0.0 -1.4929 0.374 0.0 0.1 1001.0 1.0 21.0 36.0 0.0 -0.9929 0.874 0.0 0.1 999.0 1.0 18.0 40.0 0.0 -0.6929 1.574 0.0 0.14142 998.0 1.0895 16.0 42.0 0.0 -0.1929 2.174 0.0 0.1 997.0 1.1261 15.0 45.0 0.3071 0.0 2.874 0.0 0.22361 997.0 1.2927 15.0 
0.08564 221.16333 69.0 1760.0 1.0 64.0 0.2071 0.0 2.474 0.0 0.14142 987.0 1.6091 13.0 72.0 0.9071 0.0 1.774 0.0 0.1 982.0 1.708 12.0 83.0 1.7071 0.0 1.374 0.0 0.1 975.0 1.8516 10.0 94.0 2.6071 0.0 1.374 0.0 0.1 966.0 1.9202 9.0 104.0 3.6071 0.0 1.474 0.0 0.1 958.0 2.0086 8.0 
0.10466 156.27706 89.0 1761.0 1.0 42.0 0.0 -0.3929 1.874 0.0 0.14142 998.0 1.2011 16.0 42.0 0.3071 0.0 1.374 0.0 0.1 998.0 1.2011 16.0 42.0 1.1071 0.0 1.174 0.0 0.1 998.0 1.2011 16.0 40.0 1.9071 0.0 1.074 0.0 0.1 999.0 1.1673 17.0 37.0 2.7071 0.0 0.874 0.0 0.1 1000.0 1.0756 19.0 
0.08213 225.38977 60.0 1762.0 1.0 38.0 1.5071 0.0 0.0 -1.926 0.22361 999.0 1.0535 13.0 45.0 1.8071 0.0 0.0 -0.926 0.22361 997.0 1.2927 11.0 51.0 2.3071 0.0 0.474 0.0 0.3 997.0 1.6604 11.0 56.0 2.9071 0.0 2.474 0.0 0.41231 997.0 2.0019 11.0 57.0 3.5071 0.0 4.974 0.0 0.41231 997.0 2.074 11.0 
0.12897 158.13844 43.0 1765.0 1.0 53.0 0.0 -1.4929 2.474 0.0 0.36056 1000.0 2.207 14.0 61.0 0.8071 0.0 1.174 0.0 0.44721 997.0 2.3753 12.0 67.0 3.3071 0.0 0.0 -0.126 0.44721 996.0 2.5 10.0 70.0 5.7071 0.0 0.0 -1.426 0.42426 993.0 2.5 9.0 73.0 7.8071 0.0 0.0 -2.726 0.44721 991.0 2.474 8.0 
0.15271 256.86288 62.0 1766.0 1.0 63.0 0.0 -2.1929 1.774 0.0 0.3 989.0 1.6891 13.0 79.0 0.0 -0.7929 2.174 0.0 0.28284 981.0 1.992 11.0 93.0 0.4071 0.0 3.274 0.0 0.42426 973.0 2.2085 10.0 100.0 1.9071 0.0 4.574 0.0 0.28284 969.0 2.3213 9.0 96.0 3.4071 0.0 5.574 0.0 0.36056 972.0 2.2958 9.0 
0.01524 265.34123 68.0 1767.0 1.0 39.0 0.0 -2.4929 0.0 -1.226 0.28284 1000.0 1.195 12.0 43.0 0.0 -1.0929 0.0 -2.126 0.36056 999.0 1.3489 10.0 47.0 0.4071 0.0 0.0 -2.826 0.22361 998.0 1.5041 9.0 53.0 1.8071 0.0 0.0 -3.326 0.3 994.0 1.51 8.0 64.0 3.3071 0.0 0.0 -3.526 0.2 990.0 1.8189 8.0 
0.05677 320.25888 62.0 1768.0 1.0 51.0 0.0 -0.4929 0.0 -3.626 0.44721 1001.0 2.2138 21.0 53.0 1.7071 0.0 0.0 -2.326 0.5 1000.0 2.207 19.0 54.0 3.6071 0.0 0.0 -0.726 0.5 999.0 2.1274 18.0 51.0 5.0071 0.0 1.274 0.0 0.36056 1000.0 2.0435 18.0 49.0 6.2071 0.0 3.174 0.0 0.36056 1000.0 1.8864 18.0 
0.02462 257.5833 53.0 1769.0 1.0 52.0 0.1071 0.0 3.374 0.0 0.42426 1000.0 2.1245 14.0 48.0 1.6071 0.0 1.674 0.0 0.28284 1000.0 1.8102 14.0 47.0 2.8071 0.0 0.174 0.0 0.28284 999.0 1.6116 13.0 49.0 4.1071 0.0 0.0 -1.026 0.36056 999.0 1.7517 13.0 49.0 5.7071 0.0 0.0 -2.126 0.28284 999.0 1.7517 13.0 
0.04997 293.6286 65.0 1770.0 1.0 70.0 0.1071 0.0 3.174 0.0 0.28284 987.0 1.9249 10.0 79.0 1.5071 0.0 2.174 0.0 0.22361 982.0 2.0563 9.0 86.0 2.8071 0.0 1.174 0.0 0.22361 976.0 2.0416 8.0 97.0 4.0071 0.0 0.074 0.0 0.28284 968.0 2.1356 7.0 119.0 5.1071 0.0 0.0 -1.426 0.28284 948.0 2.2252 6.0 
0.15404 72.25976 76.0 1772.0 1.0 41.0 0.0 -0.9929 1.374 0.0 0.22361 1000.0 1.3207 16.0 43.0 0.3071 0.0 0.574 0.0 0.22361 1000.0 1.4527 19.0 48.0 1.6071 0.0 0.0 -0.126 0.22361 998.0 1.5688 16.0 52.0 2.9071 0.0 0.0 -0.626 0.22361 997.0 1.7261 15.0 52.0 4.2071 0.0 0.0 -1.126 0.22361 996.0 1.6246 14.0 
0.1875 132.05205 94.0 1773.0 1.0 43.0 0.7071 0.0 1.274 0.0 0.14142 996.0 1.1109 14.0 44.0 0.8071 0.0 0.874 0.0 0.1 995.0 1.0985 13.0 47.0 1.0071 0.0 0.774 0.0 0.1 993.0 1.1281 12.0 50.0 1.2071 0.0 0.674 0.0 0.1 992.0 1.2159 12.0 55.0 1.5071 0.0 0.874 0.0 0.1 990.0 1.3433 11.0 
0.12053 183.55744 76.0 1774.0 1.0 50.0 0.0 -0.0929 1.874 0.0 0.14142 994.0 1.3439 13.0 54.0 0.5071 0.0 1.574 0.0 0.14142 992.0 1.4182 12.0 59.0 1.1071 0.0 1.874 0.0 0.14142 990.0 1.5458 11.0 63.0 1.9071 0.0 2.374 0.0 0.14142 989.0 1.6891 10.0 63.0 2.7071 0.0 2.774 0.0 0.22361 989.0 1.6891 10.0 
0.10168 166.10757 60.0 1775.0 1.0 58.0 0.0 -2.4929 0.774 0.0 0.31623 997.0 2.1474 15.0 60.0 0.0 -0.5929 1.374 0.0 0.36056 996.0 2.1629 14.0 57.0 1.0071 0.0 2.374 0.0 0.31623 997.0 2.074 14.0 56.0 2.8071 0.0 3.174 0.0 0.31623 997.0 2.0019 15.0 53.0 4.6071 0.0 4.074 0.0 0.36056 999.0 2.0493 16.0 
0.24129 59.5095 114.0 1776.0 1.0 36.0 0.7071 0.0 0.0 -0.526 0.1 999.0 1.0 18.0 38.0 0.5071 0.0 0.174 0.0 0.1 998.0 1.0 17.0 40.0 0.4071 0.0 0.774 0.0 0.14142 998.0 1.0895 16.0 41.0 0.3071 0.0 1.374 0.0 0.1 997.0 1.0731 15.0 43.0 0.3071 0.0 1.974 0.0 0.22361 997.0 1.1803 15.0 
0.06624 179.1179 56.0 1777.0 1.0 77.0 0.0 -0.3929 2.674 0.0 0.42426 986.0 2.2429 10.0 75.0 1.1071 0.0 1.174 0.0 0.28284 987.0 2.2097 10.0 72.0 2.4071 0.0 0.0 -0.026 0.22361 987.0 2.0365 10.0 72.0 3.6071 0.0 0.0 -0.926 0.31623 987.0 2.0365 10.0 70.0 5.1071 0.0 0.0 -1.626 0.22361 988.0 2.0019 10.0 
0.05634 222.81675 69.0 1779.0 1.0 43.0 1.2071 0.0 2.274 0.0 0.31623 1000.0 1.4527 18.0 42.0 1.8071 0.0 0.874 0.0 0.22361 1000.0 1.3859 18.0 40.0 2.3071 0.0 0.0 -0.426 0.14142 1000.0 1.2571 19.0 36.0 2.7071 0.0 0.0 -1.326 0.22361 1000.0 1.0182 19.0 32.0 3.1071 0.0 0.0 -1.926 0.1 1001.0 1.0 20.0 
0.23304 53.71602 111.0 1780.0 1.0 62.0 0.0 -0.9929 0.874 0.0 0.22361 992.0 1.8696 12.0 66.0 0.3071 0.0 0.374 0.0 0.2 989.0 1.8538 11.0 71.0 1.5071 0.0 0.074 0.0 0.22361 986.0 1.9069 10.0 72.0 2.7071 0.0 0.0 -0.226 0.22361 985.0 1.891 9.0 70.0 3.7071 0.0 0.0 -0.526 0.2 985.0 1.7874 9.0 
0.09232 244.59289 58.0 1781.0 1.0 81.0 0.0 -0.3929 3.174 0.0 0.42426 986.0 2.4819 10.0 72.0 1.3071 0.0 1.774 0.0 0.36056 989.0 2.2062 11.0 68.0 2.8071 0.0 0.774 0.0 0.28284 988.0 1.8891 8.0 69.0 4.1071 0.0 0.0 -0.126 0.22361 986.0 1.801 8.0 70.0 5.2071 0.0 0.0 -0.826 0.22361 985.0 1.7874 7.0 
0.12872 162.35344 102.0 1783.0 1.0 49.0 0.0 -1.6929 0.674 0.0 0.1 993.0 1.2262 13.0 60.0 0.0 -0.9929 1.074 0.0 0.14142 987.0 1.4142 11.0 78.0 0.0 -0.3929 1.874 0.0 0.14142 978.0 1.7754 11.0 88.0 0.1071 0.0 2.674 0.0 0.14142 970.0 1.8394 9.0 94.0 0.6071 0.0 3.474 0.0 0.14142 965.0 1.8802 9.0 
0.06308 198.15681 270.0 1785.0 1.0 54.0 0.2071 0.0 2.174 0.0 0.22361 994.0 1.5675 13.0 55.0 1.0071 0.0 1.474 0.0 0.22361 993.0 1.5448 12.0 55.0 1.9071 0.0 0.974 0.0 0.22361 993.0 1.5448 12.0 54.0 2.9071 0.0 0.674 0.0 0.2 994.0 1.5675 13.0 53.0 3.8071 0.0 0.774 0.0 0.22361 994.0 1.51 13.0 
0.19821 208.01549 99.0 1786.0 1.0 42.0 0.0071 0.0 1.874 0.0 0.0 996.0 1.0598 14.0 41.0 0.0071 0.0 1.874 0.0 0.1 996.0 1.01 14.0 42.0 0.0071 0.0 2.074 0.0 0.0 996.0 1.0598 14.0 42.0 0.1071 0.0 2.374 0.0 0.0 996.0 1.0598 14.0 41.0 0.2071 0.0 2.674 0.0 0.1 997.0 1.0731 14.0 
0.0691 126.3464 76.0 1787.0 1.0 42.0 0.0 -2.1929 0.0 -0.226 0.31623 999.0 1.2869 12.0 46.0 0.0 -0.4929 0.0 -1.026 0.31623 998.0 1.4408 10.0 48.0 1.1071 0.0 0.0 -2.026 0.31623 997.0 1.4708 13.0 51.0 2.5071 0.0 0.0 -2.826 0.22361 994.0 1.3982 11.0 55.0 3.6071 0.0 0.0 -3.426 0.14142 990.0 1.3433 9.0 
0.02858 227.86887 63.0 1788.0 1.0 76.0 0.6071 0.0 3.074 0.0 0.36056 989.0 2.4581 11.0 69.0 1.8071 0.0 0.974 0.0 0.36056 991.0 2.2103 11.0 64.0 3.1071 0.0 0.0 -0.726 0.22361 992.0 1.9922 12.0 64.0 4.2071 0.0 0.0 -2.126 0.28284 989.0 1.7431 9.0 79.0 5.2071 0.0 0.0 -3.326 0.22361 981.0 1.992 9.0 
0.1578 163.24121 205.0 1789.0 1.0 62.0 1.1071 0.0 1.074 0.0 0.1 986.0 1.4541 13.0 74.0 1.3071 0.0 0.674 0.0 0.1 978.0 1.598 11.0 82.0 1.6071 0.0 0.374 0.0 0.1 971.0 1.6352 9.0 87.0 1.8071 0.0 0.0 -0.026 0.0 967.0 1.6806 9.0 93.0 2.0071 0.0 0.0 -0.426 0.1 963.0 1.7668 8.0 
0.07074 186.90786 187.0 1792.0 1.0 44.0 0.4071 0.0 2.274 0.0 0.28284 999.0 1.4124 17.0 44.0 1.2071 0.0 1.174 0.0 0.22361 999.0 1.4124 17.0 42.0 2.0071 0.0 0.474 0.0 0.14142 999.0 1.2869 17.0 41.0 2.8071 0.0 0.074 0.0 0.14142 999.0 1.2264 17.0 40.0 3.5071 0.0 0.0 -0.126 0.1 999.0 1.1673 17.0 
0.09329 179.1179 116.0 1794.0 1.0 62.0 0.6071 0.0 1.574 0.0 0.14142 988.0 1.5705 10.0 63.0 1.1071 0.0 1.174 0.0 0.1 986.0 1.5014 10.0 65.0 1.6071 0.0 1.074 0.0 0.1 985.0 1.5412 9.0 67.0 2.0071 0.0 1.174 0.0 0.1 983.0 1.5283 9.0 68.0 2.4071 0.0 1.574 0.0 0.1 983.0 1.5743 9.0 
0.06919 214.72078 62.0 1795.0 1.0 49.0 0.3071 0.0 0.0 -2.026 0.2 997.0 1.5327 15.0 57.0 1.3071 0.0 0.0 -1.426 0.22361 993.0 1.6592 12.0 62.0 2.2071 0.0 0.0 -0.426 0.22361 991.0 1.7846 11.0 62.0 2.9071 0.0 0.674 0.0 0.14142 990.0 1.707 11.0 59.0 3.7071 0.0 1.474 0.0 0.22361 992.0 1.693 12.0 
0.02688 246.26911 106.0 1796.0 1.0 61.0 2.0071 0.0 0.0 -1.426 0.22361 990.0 1.6524 8.0 71.0 2.2071 0.0 0.0 -0.226 0.31623 984.0 1.7754 7.0 70.0 2.4071 0.0 1.274 0.0 0.2 986.0 1.8536 7.0 66.0 2.6071 0.0 2.774 0.0 0.3 989.0 1.8538 8.0 62.0 2.8071 0.0 4.274 0.0 0.22361 991.0 1.7846 8.0 
0.15049 258.27547 60.0 1797.0 1.0 68.0 0.0 -2.6929 2.574 0.0 0.41231 993.0 2.3614 16.0 78.0 0.0 -0.4929 2.274 0.0 0.31623 987.0 2.39 13.0 78.0 1.4071 0.0 2.374 0.0 0.31623 985.0 2.2193 12.0 76.0 2.9071 0.0 2.574 0.0 0.2 984.0 2.0343 12.0 73.0 4.1071 0.0 2.974 0.0 0.22361 985.0 1.9439 12.0 
0.13988 75.90537 55.0 1798.0 1.0 64.0 0.0 -2.6929 0.0 -0.526 0.41231 995.0 2.3242 14.0 73.0 0.0 -0.4929 0.474 0.0 0.42426 991.0 2.474 11.0 76.0 1.3071 0.0 2.274 0.0 0.42426 989.0 2.4581 11.0 73.0 3.0071 0.0 3.974 0.0 0.36056 990.0 2.3665 11.0 69.0 4.7071 0.0 4.974 0.0 0.31623 991.0 2.2103 11.0 
0.08708 205.8817 217.0 1799.0 1.0 55.0 1.1071 0.0 0.0 -1.526 0.1 991.0 1.4044 12.0 71.0 1.6071 0.0 0.0 -0.926 0.14142 982.0 1.6609 9.0 79.0 2.2071 0.0 0.0 -0.326 0.22361 977.0 1.7707 8.0 80.0 2.8071 0.0 0.574 0.0 0.22361 978.0 1.8677 8.0 75.0 3.4071 0.0 1.774 0.0 0.28284 983.0 1.9151 9.0 
0.18074 85.01661 113.0 1800.0 1.0 46.0 0.2071 0.0 1.374 0.0 0.22361 996.0 1.2713 14.0 47.0 0.5071 0.0 0.574 0.0 0.1 995.0 1.2535 14.0 49.0 0.9071 0.0 0.374 0.0 0.1 994.0 1.2907 13.0 52.0 1.4071 0.0 0.574 0.0 0.14142 992.0 1.3151 12.0 58.0 1.8071 0.0 1.274 0.0 0.2 991.0 1.5618 11.0 
0.14074 148.65326 285.0 1802.0 1.0 45.0 0.0 -1.8929 0.0 -0.026 0.14142 996.0 1.2166 18.0 56.0 0.0 -1.0929 0.774 0.0 0.22361 993.0 1.6015 16.0 65.0 0.0 -0.3929 2.074 0.0 0.28284 990.0 1.8762 14.0 68.0 0.4071 0.0 3.474 0.0 0.22361 988.0 1.8891 13.0 68.0 1.3071 0.0 4.874 0.0 0.31623 989.0 1.9678 14.0 
0.06564 156.56692 45.0 1804.0 1.0 54.0 0.0 -0.7929 3.674 0.0 0.64031 1001.0 2.4819 13.0 51.0 1.1071 0.0 0.874 0.0 0.5 1000.0 2.0435 12.0 50.0 2.7071 0.0 0.0 -1.526 0.5 999.0 1.8239 11.0 53.0 4.1071 0.0 0.0 -3.826 0.44721 998.0 1.9127 11.0 58.0 5.4071 0.0 0.0 -6.126 0.44721 996.0 2.0211 11.0 
0.07735 156.04509 60.0 1805.0 1.0 53.0 0.0071 0.0 1.774 0.0 0.28284 995.0 1.5939 13.0 55.0 0.9071 0.0 1.074 0.0 0.2 993.0 1.5448 12.0 59.0 1.8071 0.0 0.774 0.0 0.22361 991.0 1.6161 11.0 65.0 2.8071 0.0 0.774 0.0 0.2 989.0 1.798 11.0 69.0 4.1071 0.0 1.274 0.0 0.22361 988.0 1.9451 10.0 
0.05728 304.36772 76.0 1806.0 1.0 65.0 0.0 -0.4929 2.874 0.0 0.22361 987.0 1.6597 10.0 82.0 0.6071 0.0 2.674 0.0 0.2 976.0 1.8561 8.0 98.0 1.7071 0.0 2.774 0.0 0.2 963.0 1.9619 7.0 115.0 2.8071 0.0 2.774 0.0 0.2 947.0 2.0466 5.0 120.0 3.8071 0.0 2.574 0.0 0.22361 942.0 2.0715 5.0 
0.03008 205.97145 172.0 1807.0 1.0 38.0 0.0 -2.3929 0.374 0.0 0.31623 1000.0 1.1345 12.0 40.0 0.0 -1.3929 0.0 -1.226 0.28284 999.0 1.1673 11.0 42.0 0.0 -0.1929 0.0 -2.426 0.22361 999.0 1.2869 14.0 45.0 0.9071 0.0 0.0 -3.226 0.22361 997.0 1.2927 12.0 50.0 2.1071 0.0 0.0 -3.526 0.1 994.0 1.3439 11.0 
0.10252 199.57993 89.0 1808.0 1.0 57.0 0.0 -0.8929 1.774 0.0 0.1 989.0 1.3827 11.0 66.0 0.0 -0.2929 1.774 0.0 0.14142 985.0 1.589 10.0 72.0 0.4071 0.0 1.974 0.0 0.2 983.0 1.7649 9.0 72.0 1.2071 0.0 2.074 0.0 0.2 983.0 1.7649 9.0 69.0 2.1071 0.0 1.974 0.0 0.1 985.0 1.7367 9.0 
0.05615 218.67807 73.0 1809.0 1.0 46.0 0.5071 0.0 2.374 0.0 0.22361 998.0 1.4408 16.0 44.0 1.3071 0.0 1.474 0.0 0.22361 998.0 1.3183 16.0 42.0 2.0071 0.0 0.674 0.0 0.14142 999.0 1.2869 17.0 39.0 2.6071 0.0 0.0 -0.026 0.14142 999.0 1.1096 17.0 37.0 3.1071 0.0 0.0 -0.626 0.1 1000.0 1.0756 18.0 
0.07245 216.90509 223.0 1810.0 1.0 55.0 1.6071 0.0 0.0 -1.626 0.2 993.0 1.5448 12.0 59.0 1.9071 0.0 0.0 -0.426 0.22361 991.0 1.6161 11.0 61.0 2.3071 0.0 0.774 0.0 0.3 991.0 1.7275 11.0 61.0 2.8071 0.0 2.274 0.0 0.22361 992.0 1.8098 12.0 59.0 3.5071 0.0 3.474 0.0 0.22361 992.0 1.693 12.0 
0.12992 221.16333 159.0 1811.0 1.0 53.0 0.9071 0.0 1.974 0.0 0.0 990.0 1.2474 11.0 56.0 0.9071 0.0 1.774 0.0 0.1 988.0 1.2812 10.0 59.0 1.0071 0.0 1.774 0.0 0.0 986.0 1.3168 10.0 62.0 1.2071 0.0 1.974 0.0 0.1 986.0 1.4541 10.0 62.0 1.5071 0.0 2.374 0.0 0.1 987.0 1.5101 10.0 
0.11739 194.1525 203.0 1812.0 1.0 47.0 0.0 -0.0929 1.974 0.0 0.14142 995.0 1.2535 14.0 49.0 0.5071 0.0 1.674 0.0 0.1 994.0 1.2907 13.0 50.0 1.1071 0.0 1.574 0.0 0.1 994.0 1.3439 13.0 50.0 1.7071 0.0 1.374 0.0 0.1 994.0 1.3439 13.0 50.0 2.1071 0.0 1.174 0.0 0.1 993.0 1.2767 12.0 
0.04915 265.70178 100.0 1813.0 1.0 58.0 1.3071 0.0 2.074 0.0 0.14142 989.0 1.4316 11.0 59.0 1.6071 0.0 1.774 0.0 0.1 988.0 1.4222 10.0 62.0 2.0071 0.0 1.774 0.0 0.1 986.0 1.4541 10.0 67.0 2.4071 0.0 1.974 0.0 0.1 984.0 1.581 9.0 73.0 2.9071 0.0 2.274 0.0 0.1 981.0 1.7009 9.0 
0.04246 246.5886 315.0 1814.0 1.0 50.0 0.0 -0.2929 0.0 -2.626 0.31623 997.0 1.5959 12.0 57.0 1.1071 0.0 0.0 -1.926 0.22361 994.0 1.7465 13.0 63.0 2.3071 0.0 0.0 -1.226 0.14142 990.0 1.7625 11.0 64.0 3.1071 0.0 0.0 -0.726 0.14142 987.0 1.6091 10.0 66.0 3.6071 0.0 0.0 -0.426 0.1 985.0 1.589 9.0 
0.2339 46.71062 78.0 1815.0 1.0 57.0 0.0 -1.3929 0.474 0.0 0.2 993.0 1.6592 13.0 63.0 0.0 -0.1929 0.374 0.0 0.22361 990.0 1.7625 11.0 63.0 0.8071 0.0 0.474 0.0 0.2 989.0 1.6891 11.0 65.0 1.8071 0.0 0.474 0.0 0.1 987.0 1.6597 10.0 68.0 2.7071 0.0 0.474 0.0 0.14142 986.0 1.7492 10.0 
0.07557 265.39138 207.0 1817.0 1.0 60.0 1.3071 0.0 2.074 0.0 0.0 988.0 1.4708 11.0 58.0 1.7071 0.0 1.674 0.0 0.1 989.0 1.4316 11.0 57.0 2.1071 0.0 1.474 0.0 0.0 988.0 1.3274 11.0 57.0 2.3071 0.0 1.474 0.0 0.0 988.0 1.3274 10.0 59.0 2.5071 0.0 1.474 0.0 0.0 986.0 1.3168 10.0 
0.0885 196.34411 60.0 1818.0 1.0 76.0 0.0 -0.5929 2.074 0.0 0.2 984.0 2.0343 12.0 88.0 0.8071 0.0 1.574 0.0 0.22361 976.0 2.1377 10.0 95.0 2.2071 0.0 0.874 0.0 0.31623 971.0 2.1947 9.0 96.0 3.6071 0.0 0.374 0.0 0.22361 969.0 2.1393 9.0 94.0 4.8071 0.0 0.074 0.0 0.2 970.0 2.0988 9.0 
0.08236 284.96073 70.0 1820.0 1.0 60.0 1.6071 0.0 0.0 -2.526 0.22361 992.0 1.7509 12.0 72.0 2.3071 0.0 0.0 -1.126 0.36056 986.0 1.961 10.0 77.0 3.0071 0.0 0.574 0.0 0.22361 984.0 2.0882 9.0 72.0 3.7071 0.0 2.074 0.0 0.28284 986.0 1.961 10.0 67.0 4.6071 0.0 3.474 0.0 0.22361 989.0 1.9104 11.0 
0.13083 78.91674 126.0 1821.0 1.0 48.0 0.2071 0.0 1.574 0.0 0.31623 998.0 1.5688 16.0 45.0 0.7071 0.0 0.074 0.0 0.14142 998.0 1.3789 16.0 43.0 1.3071 0.0 0.0 -0.926 0.14142 998.0 1.259 16.0 48.0 1.8071 0.0 0.0 -1.526 0.14142 995.0 1.3074 13.0 53.0 2.3071 0.0 0.0 -1.926 0.14142 993.0 1.4345 12.0 
0.05207 296.81505 107.0 1822.0 1.0 61.0 0.0 -0.5929 2.874 0.0 0.14142 988.0 1.5202 8.0 62.0 0.0071 0.0 2.674 0.0 0.1 987.0 1.5101 7.0 63.0 0.6071 0.0 2.674 0.0 0.1 987.0 1.5592 7.0 63.0 1.3071 0.0 2.774 0.0 0.1 987.0 1.5592 7.0 64.0 2.0071 0.0 2.974 0.0 0.14142 987.0 1.6091 7.0 
0.03311 239.20143 74.0 1823.0 1.0 74.0 0.9071 0.0 2.374 0.0 0.22361 985.0 1.9975 9.0 74.0 1.8071 0.0 1.174 0.0 0.28284 984.0 1.9286 9.0 74.0 2.8071 0.0 0.174 0.0 0.22361 983.0 1.8643 9.0 76.0 3.7071 0.0 0.0 -0.626 0.14142 981.0 1.8436 9.0 79.0 4.6071 0.0 0.0 -1.326 0.14142 979.0 1.8748 8.0 
0.05458 187.25955 55.0 1824.0 1.0 56.0 0.0 -1.3929 3.074 0.0 0.42426 999.0 2.2879 17.0 58.0 0.6071 0.0 1.574 0.0 0.44721 998.0 2.2906 16.0 58.0 2.5071 0.0 0.074 0.0 0.42426 998.0 2.2906 15.0 55.0 4.2071 0.0 0.0 -1.526 0.36056 998.0 2.0598 16.0 50.0 5.6071 0.0 0.0 -2.826 0.28284 999.0 1.8239 17.0 
0.08282 239.73293 188.0 1825.0 1.0 60.0 1.6071 0.0 1.874 0.0 0.31623 993.0 1.8385 12.0 53.0 2.1071 0.0 0.474 0.0 0.22361 994.0 1.51 13.0 49.0 2.6071 0.0 0.0 -0.426 0.14142 995.0 1.3624 13.0 46.0 3.0071 0.0 0.0 -0.926 0.14142 995.0 1.2007 14.0 43.0 3.4071 0.0 0.0 -1.226 0.1 996.0 1.1109 14.0 
0.08071 216.33574 66.0 1826.0 1.0 60.0 0.0 -0.9929 3.274 0.0 0.5 997.0 2.2981 16.0 57.0 0.8071 0.0 1.774 0.0 0.22361 996.0 1.952 14.0 54.0 2.1071 0.0 1.074 0.0 0.2 995.0 1.6546 14.0 55.0 3.3071 0.0 0.974 0.0 0.1 994.0 1.6261 13.0 58.0 4.3071 0.0 1.074 0.0 0.22361 992.0 1.6361 12.0 
0.03998 282.87292 61.0 1827.0 1.0 67.0 0.8071 0.0 3.674 0.0 0.44721 993.0 2.2925 14.0 62.0 2.2071 0.0 1.274 0.0 0.44721 994.0 2.0664 14.0 58.0 3.3071 0.0 0.0 -0.826 0.36056 995.0 1.9088 14.0 56.0 4.4071 0.0 0.0 -2.626 0.28284 994.0 1.6858 14.0 64.0 5.4071 0.0 0.0 -3.926 0.28284 989.0 1.7431 11.0 
0.04011 139.80301 67.0 1828.0 1.0 49.0 0.0 -2.8929 1.674 0.0 0.5 1000.0 1.8864 12.0 49.0 0.0 -1.0929 0.0 -0.626 0.36056 999.0 1.7517 11.0 48.0 0.5071 0.0 0.0 -2.426 0.36056 998.0 1.5688 14.0 50.0 2.0071 0.0 0.0 -3.826 0.28284 996.0 1.502 13.0 54.0 3.4071 0.0 0.0 -4.926 0.22361 993.0 1.4892 11.0 
0.07576 262.79555 141.0 1829.0 1.0 74.0 0.9071 0.0 2.374 0.0 0.14142 978.0 1.598 8.0 81.0 1.3071 0.0 1.974 0.0 0.1 973.0 1.6753 7.0 86.0 1.8071 0.0 1.674 0.0 0.0 970.0 1.7568 7.0 89.0 2.2071 0.0 1.574 0.0 0.1 967.0 1.7588 7.0 89.0 2.7071 0.0 1.474 0.0 0.1 967.0 1.7588 7.0 
0.22116 112.1609 57.0 1830.0 1.0 72.0 0.0 -1.7929 2.674 0.0 0.5 994.0 2.5 13.0 73.0 0.5071 0.0 0.874 0.0 0.5 992.0 2.5 12.0 72.0 2.5071 0.0 0.0 -0.926 0.36056 991.0 2.4067 11.0 68.0 4.1071 0.0 0.0 -2.426 0.28284 991.0 2.1467 11.0 76.0 5.5071 0.0 0.0 -3.426 0.28284 984.0 2.0343 9.0 
0.0974 226.19519 52.0 1832.0 1.0 82.0 0.0 -0.9929 3.174 0.0 0.5 989.0 2.5 11.0 78.0 1.4071 0.0 1.474 0.0 0.5 990.0 2.5 11.0 71.0 3.5071 0.0 0.074 0.0 0.42426 992.0 2.4518 12.0 64.0 5.1071 0.0 0.0 -1.226 0.36056 993.0 2.0918 12.0 59.0 6.5071 0.0 0.0 -2.326 0.28284 995.0 1.9752 13.0 
0.13848 87.40194 60.0 1833.0 1.0 52.0 0.0 -1.7929 2.274 0.0 0.5 1001.0 2.3015 22.0 50.0 0.4071 0.0 0.674 0.0 0.42426 1001.0 2.1279 20.0 47.0 2.1071 0.0 0.0 -0.726 0.36056 1000.0 1.7355 20.0 44.0 3.6071 0.0 0.0 -1.826 0.36056 1000.0 1.5211 20.0 42.0 4.9071 0.0 0.0 -2.726 0.22361 1000.0 1.3859 20.0 
0.08015 255.51916 51.0 1834.0 1.0 57.0 0.7071 0.0 0.0 -2.426 0.22361 993.0 1.6592 13.0 70.0 1.8071 0.0 0.0 -1.426 0.28284 988.0 2.0019 10.0 78.0 3.0071 0.0 0.0 -0.026 0.36056 985.0 2.2193 9.0 78.0 4.3071 0.0 1.374 0.0 0.31623 985.0 2.2193 9.0 69.0 6.0071 0.0 2.074 0.0 0.22361 991.0 2.2103 11.0 
0.06942 282.76139 77.0 1835.0 1.0 79.0 0.0 -0.2929 2.674 0.0 0.14142 977.0 1.7707 8.0 87.0 0.6071 0.0 2.474 0.0 0.1 972.0 1.8856 7.0 97.0 1.5071 0.0 2.574 0.0 0.2 964.0 1.9612 7.0 108.0 2.6071 0.0 2.574 0.0 0.1 954.0 2.0192 6.0 105.0 3.6071 0.0 2.574 0.0 0.22361 957.0 2.0108 6.0 
0.11725 130.85513 54.0 1836.0 1.0 57.0 0.0 -1.9929 2.074 0.0 0.41231 998.0 2.2123 12.0 58.0 0.1071 0.0 1.174 0.0 0.41231 997.0 2.1474 11.0 56.0 2.2071 0.0 0.274 0.0 0.36056 998.0 2.1353 12.0 52.0 4.0071 0.0 0.0 -0.226 0.31623 998.0 1.8412 12.0 46.0 5.5071 0.0 0.0 -0.326 0.31623 999.0 1.5437 13.0 
0.03104 285.43508 54.0 1838.0 1.0 76.0 0.3071 0.0 4.474 0.0 0.64031 994.0 2.5 13.0 72.0 2.1071 0.0 1.474 0.0 0.5831 995.0 2.5 13.0 64.0 3.6071 0.0 0.0 -0.926 0.42426 995.0 2.3242 13.0 54.0 5.0071 0.0 0.0 -2.426 0.28284 997.0 1.8615 15.0 46.0 6.1071 0.0 0.0 -3.326 0.22361 999.0 1.5437 17.0 
0.09992 156.56692 263.0 1839.0 1.0 74.0 0.3071 0.0 2.474 0.0 0.31623 985.0 1.9975 13.0 63.0 1.1071 0.0 0.874 0.0 0.28284 990.0 1.7625 15.0 57.0 1.9071 0.0 0.0 -0.326 0.28284 990.0 1.4428 12.0 53.0 2.7071 0.0 0.0 -1.426 0.14142 992.0 1.3662 13.0 55.0 3.4071 0.0 0.0 -2.226 0.14142 990.0 1.3433 12.0 
0.03575 234.34953 60.0 1840.0 1.0 54.0 0.3071 0.0 2.974 0.0 0.28284 996.0 1.752 11.0 52.0 1.4071 0.0 1.574 0.0 0.28284 996.0 1.6246 11.0 51.0 2.5071 0.0 0.674 0.0 0.22361 995.0 1.4759 11.0 53.0 3.5071 0.0 0.174 0.0 0.2 994.0 1.51 10.0 57.0 4.7071 0.0 0.0 -0.026 0.22361 993.0 1.6592 9.0 
0.12912 124.12592 129.0 1841.0 1.0 80.0 0.0 -1.2929 2.874 0.0 0.5 990.0 2.5 11.0 87.0 0.8071 0.0 0.774 0.0 0.5 984.0 2.5 9.0 98.0 2.7071 0.0 0.0 -1.026 0.42426 974.0 2.5 8.0 104.0 4.3071 0.0 0.0 -2.326 0.22361 965.0 2.3015 7.0 92.0 5.6071 0.0 0.0 -3.026 0.22361 971.0 2.0583 7.0 
0.09435 283.12456 39.0 1843.0 1.0 83.0 0.0 -1.3929 4.774 0.0 0.78102 996.0 2.5 14.0 86.0 2.0071 0.0 1.574 0.0 0.78102 994.0 2.5 13.0 80.0 5.0071 0.0 0.0 -1.526 0.64031 995.0 2.5 13.0 68.0 7.2071 0.0 0.0 -4.426 0.5 997.0 2.5 15.0 58.0 8.9071 0.0 0.0 -6.726 0.42426 999.0 2.4542 16.0 
0.06338 155.51597 49.0 1844.0 1.0 55.0 0.3071 0.0 2.274 0.0 0.31623 996.0 1.8174 10.0 45.0 1.0071 0.0 0.974 0.0 0.14142 998.0 1.3789 12.0 40.0 1.7071 0.0 0.274 0.0 0.1 999.0 1.1673 13.0 37.0 2.4071 0.0 0.074 0.0 0.22361 1000.0 1.0756 14.0 35.0 3.3071 0.0 0.0 -0.126 0.1 1001.0 1.0427 15.0 
0.04347 279.22064 65.0 1845.0 1.0 59.0 1.4071 0.0 2.274 0.0 0.14142 991.0 1.6161 11.0 62.0 2.1071 0.0 1.374 0.0 0.28284 990.0 1.707 11.0 64.0 2.9071 0.0 0.274 0.0 0.22361 989.0 1.7431 11.0 64.0 3.8071 0.0 0.0 -0.726 0.22361 990.0 1.8189 11.0 59.0 4.6071 0.0 0.0 -1.826 0.22361 992.0 1.693 12.0 
0.03983 296.29862 78.0 1846.0 1.0 51.0 0.0 -1.2929 2.974 0.0 0.41231 1000.0 2.0435 18.0 50.0 0.7071 0.0 2.574 0.0 0.31623 1000.0 1.9642 18.0 46.0 2.4071 0.0 1.974 0.0 0.31623 1000.0 1.6625 19.0 40.0 3.7071 0.0 1.274 0.0 0.22361 1001.0 1.3618 20.0 34.0 4.5071 0.0 0.474 0.0 0.1 1001.0 1.0 21.0 
0.03123 257.74158 53.0 1847.0 1.0 64.0 0.3071 0.0 3.374 0.0 0.42426 995.0 2.3242 10.0 54.0 1.7071 0.0 1.574 0.0 0.28284 998.0 1.9855 11.0 46.0 2.9071 0.0 0.374 0.0 0.22361 999.0 1.5437 13.0 40.0 4.0071 0.0 0.0 -0.226 0.14142 1000.0 1.2571 14.0 35.0 4.9071 0.0 0.0 -0.426 0.1 1001.0 1.0427 15.0 
0.02697 288.97303 69.0 1848.0 1.0 85.0 0.0 -0.1929 4.274 0.0 0.64031 990.0 2.5 11.0 78.0 1.8071 0.0 1.874 0.0 0.42426 988.0 2.4856 10.0 73.0 3.3071 0.0 0.474 0.0 0.22361 986.0 2.0159 10.0 77.0 4.4071 0.0 0.0 -0.326 0.14142 981.0 1.8924 9.0 86.0 5.3071 0.0 0.0 -0.926 0.14142 973.0 1.8885 7.0 
0.07219 238.17627 87.0 1849.0 1.0 48.0 0.0 -0.1929 2.974 0.0 0.28284 1000.0 1.8102 19.0 46.0 1.2071 0.0 1.774 0.0 0.22361 999.0 1.5437 18.0 44.0 2.4071 0.0 1.274 0.0 0.2 999.0 1.4124 17.0 44.0 3.3071 0.0 1.174 0.0 0.22361 998.0 1.3183 16.0 44.0 4.1071 0.0 1.274 0.0 0.1 997.0 1.2359 15.0 
0.03904 167.26291 92.0 1850.0 1.0 33.0 0.0 -1.6929 0.074 0.0 0.14142 999.0 1.0 14.0 41.0 0.0 -1.2929 0.774 0.0 0.1 998.0 1.1446 16.0 50.0 0.0 -0.8929 1.774 0.0 0.2 995.0 1.4186 14.0 57.0 0.0 -0.4929 3.174 0.0 0.31623 993.0 1.6592 12.0 63.0 0.0 -0.0929 4.874 0.0 0.3 992.0 1.9304 12.0 
0.15381 130.98783 62.0 1851.0 1.0 65.0 0.0 -1.7929 0.974 0.0 0.2 986.0 1.5983 12.0 82.0 0.0 -0.7929 0.874 0.0 0.14142 976.0 1.8561 10.0 92.0 0.1071 0.0 1.574 0.0 0.22361 970.0 2.0104 9.0 104.0 1.2071 0.0 2.674 0.0 0.22361 962.0 2.1661 8.0 122.0 2.6071 0.0 3.374 0.0 0.3 946.0 2.269 7.0 
0.11685 205.41978 43.0 1852.0 1.0 78.0 0.0 -1.6929 4.774 0.0 0.92195 998.0 2.5 13.0 75.0 1.5071 0.0 1.074 0.0 0.72111 996.0 2.5 12.0 71.0 3.9071 0.0 0.0 -2.126 0.56569 995.0 2.5 11.0 73.0 6.0071 0.0 0.0 -4.526 0.5 991.0 2.474 9.0 74.0 7.8071 0.0 0.0 -6.526 0.28284 990.0 2.4318 11.0 
0.07056 254.70537 63.0 1853.0 1.0 70.0 0.0 -0.3929 2.474 0.0 0.1 982.0 1.6144 9.0 76.0 0.3071 0.0 2.274 0.0 0.1 979.0 1.7351 8.0 85.0 1.1071 0.0 2.274 0.0 0.2 974.0 1.8922 7.0 94.0 2.2071 0.0 2.374 0.0 0.2 968.0 2.0055 7.0 100.0 3.4071 0.0 2.474 0.0 0.2 965.0 2.1279 7.0 
0.02712 183.87599 75.0 1854.0 1.0 54.0 0.0 -2.3929 0.074 0.0 0.28284 995.0 1.6546 12.0 58.0 0.0 -0.9929 0.0 -1.326 0.28284 991.0 1.5618 10.0 69.0 0.3071 0.0 0.0 -2.226 0.22361 985.0 1.7367 10.0 86.0 1.6071 0.0 0.0 -2.626 0.2 972.0 1.8425 8.0 106.0 3.0071 0.0 0.0 -2.626 0.2 959.0 2.1252 8.0 
0.06793 237.69831 233.0 1855.0 1.0 52.0 0.9071 0.0 3.674 0.0 0.53852 998.0 1.8412 16.0 49.0 1.9071 0.0 0.974 0.0 0.44721 998.0 1.6349 15.0 48.0 2.9071 0.0 0.0 -1.326 0.31623 997.0 1.4708 14.0 48.0 3.8071 0.0 0.0 -3.026 0.22361 995.0 1.3074 13.0 50.0 4.6071 0.0 0.0 -4.226 0.22361 992.0 1.2159 11.0 
0.04387 257.74158 85.0 1856.0 1.0 111.0 0.3071 0.0 3.974 0.0 0.5 966.0 2.5 11.0 106.0 1.7071 0.0 1.574 0.0 0.42426 965.0 2.3909 10.0 107.0 3.0071 0.0 0.0 -0.126 0.31623 957.0 2.0882 8.0 117.0 3.9071 0.0 0.0 -1.426 0.28284 946.0 2.0868 7.0 107.0 4.7071 0.0 0.0 -2.426 0.14142 954.0 1.982 8.0 
0.18073 78.26613 52.0 1857.0 1.0 66.0 0.0 -2.6929 2.174 0.0 0.5831 999.0 2.5 17.0 64.0 0.2071 0.0 0.674 0.0 0.44721 998.0 2.5 15.0 61.0 2.4071 0.0 0.0 -0.726 0.5 997.0 2.3753 15.0 57.0 4.3071 0.0 0.0 -2.126 0.36056 998.0 2.2123 15.0 52.0 6.0071 0.0 0.0 -3.326 0.28284 999.0 1.9727 17.0 
0.09876 163.42753 34.0 1858.0 1.0 40.0 0.5071 0.0 1.774 0.0 0.14142 999.0 1.1673 17.0 38.0 1.0071 0.0 1.074 0.0 0.14142 1000.0 1.1345 18.0 34.0 1.6071 0.0 0.574 0.0 0.1 1001.0 1.0 20.0 28.0 2.0071 0.0 0.174 0.0 0.1 1002.0 1.0 23.0 22.0 2.3071 0.0 0.0 -0.126 0.1 1003.0 1.0 28.0 
0.08923 210.53942 57.0 1859.0 1.0 55.0 0.0 -1.3929 1.874 0.0 0.2 994.0 1.6261 13.0 61.0 0.0 -0.2929 1.874 0.0 0.14142 990.0 1.6524 11.0 66.0 0.7071 0.0 2.374 0.0 0.22361 988.0 1.7796 10.0 74.0 1.9071 0.0 3.174 0.0 0.28284 986.0 2.0715 10.0 82.0 3.4071 0.0 3.974 0.0 0.31623 983.0 2.2892 9.0 
0.19374 13.18352 67.0 1860.0 1.0 63.0 0.0 -1.9929 3.974 0.0 0.80623 998.0 2.5 12.0 59.0 0.0 -0.0929 0.074 0.0 0.53852 997.0 2.2221 11.0 55.0 1.2071 0.0 0.0 -2.926 0.44721 997.0 1.931 13.0 55.0 2.4071 0.0 0.0 -5.026 0.36056 994.0 1.6261 11.0 59.0 3.8071 0.0 0.0 -6.326 0.22361 990.0 1.5458 9.0 
0.04888 203.72254 62.0 1861.0 1.0 51.0 0.5071 0.0 2.874 0.0 0.44721 1001.0 2.2138 21.0 46.0 1.7071 0.0 0.674 0.0 0.28284 1001.0 1.801 20.0 41.0 2.7071 0.0 0.0 -0.726 0.22361 1000.0 1.3207 20.0 39.0 3.7071 0.0 0.0 -1.326 0.14142 1000.0 1.195 19.0 41.0 4.6071 0.0 0.0 -1.526 0.2 999.0 1.2264 18.0 
0.04818 265.94929 72.0 1862.0 1.0 44.0 0.0 -0.1929 2.874 0.0 0.22361 1000.0 1.5211 19.0 44.0 1.0071 0.0 2.174 0.0 0.22361 999.0 1.4124 18.0 43.0 2.1071 0.0 1.574 0.0 0.22361 999.0 1.3489 17.0 43.0 2.9071 0.0 0.774 0.0 0.22361 999.0 1.3489 17.0 43.0 3.6071 0.0 0.0 -0.026 0.14142 998.0 1.259 16.0 
0.04244 250.0243 178.0 1863.0 1.0 98.0 0.0 -0.0929 3.774 0.0 0.5 977.0 2.5 8.0 99.0 1.5071 0.0 1.674 0.0 0.28284 972.0 2.4416 7.0 96.0 2.7071 0.0 0.274 0.0 0.28284 969.0 2.1393 7.0 100.0 3.6071 0.0 0.0 -0.626 0.22361 962.0 2.0027 6.0 102.0 4.4071 0.0 0.0 -1.126 0.2 957.0 1.8976 6.0 
0.09186 313.79616 55.0 1864.0 1.0 66.0 0.7071 0.0 3.074 0.0 0.14142 989.0 1.8538 10.0 67.0 1.8071 0.0 2.174 0.0 0.22361 988.0 1.834 10.0 68.0 2.9071 0.0 1.574 0.0 0.22361 988.0 1.8891 10.0 68.0 4.1071 0.0 1.274 0.0 0.22361 987.0 1.8165 10.0 70.0 5.4071 0.0 1.174 0.0 0.2 986.0 1.8536 10.0 
0.08423 168.61724 83.0 1867.0 1.0 85.0 0.5071 0.0 2.274 0.0 0.31623 978.0 2.1084 11.0 86.0 1.3071 0.0 0.774 0.0 0.28284 977.0 2.0984 10.0 87.0 2.2071 0.0 0.0 -0.326 0.14142 974.0 1.9822 10.0 91.0 3.0071 0.0 0.0 -0.926 0.2 969.0 1.9223 9.0 98.0 3.9071 0.0 0.0 -1.126 0.1 962.0 1.9234 8.0 
0.04495 260.90683 52.0 1868.0 1.0 69.0 0.4071 0.0 3.474 0.0 0.36056 992.0 2.3156 9.0 74.0 1.9071 0.0 1.374 0.0 0.42426 990.0 2.4318 8.0 78.0 3.4071 0.0 0.0 -0.626 0.42426 987.0 2.39 7.0 82.0 4.9071 0.0 0.0 -2.426 0.36056 984.0 2.3682 7.0 71.0 6.2071 0.0 0.0 -3.926 0.28284 989.0 2.1453 8.0 
0.02351 145.63887 64.0 1869.0 1.0 54.0 0.0 -2.8929 2.374 0.0 0.67082 1000.0 2.291 12.0 53.0 0.0 -1.0929 0.0 -0.726 0.5831 999.0 2.0493 11.0 53.0 0.6071 0.0 0.0 -3.426 0.5 998.0 1.9127 10.0 53.0 2.2071 0.0 0.0 -5.526 0.42426 996.0 1.6877 9.0 55.0 3.7071 0.0 0.0 -6.926 0.22361 994.0 1.6261 11.0 
0.06921 207.15724 121.0 1870.0 1.0 50.0 1.3071 0.0 0.0 -1.526 0.0 992.0 1.2159 12.0 55.0 1.4071 0.0 0.0 -1.226 0.1 989.0 1.2874 11.0 57.0 1.6071 0.0 0.0 -1.026 0.14142 988.0 1.3274 10.0 58.0 1.9071 0.0 0.0 -0.826 0.14142 988.0 1.3744 10.0 57.0 2.2071 0.0 0.0 -0.726 0.0 988.0 1.3274 10.0 
0.06184 273.42719 61.0 1871.0 1.0 89.0 0.7071 0.0 2.674 0.0 0.22361 974.0 2.0744 8.0 89.0 1.8071 0.0 1.674 0.0 0.22361 974.0 2.0744 8.0 89.0 2.9071 0.0 0.874 0.0 0.28284 974.0 2.0744 7.0 92.0 4.1071 0.0 0.0 -0.026 0.14142 971.0 2.0583 7.0 96.0 5.1071 0.0 0.0 -0.726 0.22361 967.0 2.0463 7.0 
0.12718 113.4443 79.0 1872.0 1.0 48.0 0.7071 0.0 1.174 0.0 0.2 996.0 1.3843 14.0 49.0 1.0071 0.0 0.174 0.0 0.14142 995.0 1.3624 14.0 50.0 1.4071 0.0 0.0 -0.526 0.14142 994.0 1.3439 13.0 52.0 1.8071 0.0 0.0 -1.026 0.14142 992.0 1.3151 12.0 58.0 2.4071 0.0 0.0 -1.126 0.1 989.0 1.4316 11.0 
0.04185 251.98434 49.0 1873.0 1.0 69.0 0.0 -0.3929 4.274 0.0 0.64031 997.0 2.5 15.0 66.0 1.8071 0.0 1.374 0.0 0.56569 998.0 2.5 15.0 59.0 3.7071 0.0 0.0 -0.926 0.42426 998.0 2.3703 16.0 51.0 5.3071 0.0 0.0 -2.626 0.36056 999.0 1.8976 17.0 47.0 6.7071 0.0 0.0 -4.026 0.36056 1000.0 1.7355 19.0 
0.08528 122.92198 74.0 1874.0 1.0 41.0 1.1071 0.0 0.874 0.0 0.2 999.0 1.2264 17.0 37.0 1.1071 0.0 0.0 -0.026 0.1 999.0 1.0 18.0 34.0 1.2071 0.0 0.0 -0.626 0.1 1000.0 1.0 18.0 32.0 1.3071 0.0 0.0 -0.826 0.1 1000.0 1.0 18.0 33.0 1.6071 0.0 0.0 -0.726 0.1 1000.0 1.0 18.0 
0.07048 169.6168 124.0 1875.0 1.0 33.0 0.0 -2.0929 1.074 0.0 0.22361 1001.0 1.0 14.0 34.0 0.0 -1.4929 0.0 -0.326 0.3 1000.0 1.0 13.0 34.0 0.0 -1.0929 0.0 -1.626 0.22361 1000.0 1.0 12.0 33.0 0.0 -0.7929 0.0 -2.526 0.14142 998.0 1.0 11.0 34.0 0.0 -0.3929 0.0 -2.826 0.0 998.0 1.0 13.0 
0.08494 186.90786 77.0 1877.0 1.0 78.0 0.0 -0.7929 3.874 0.0 0.72111 993.0 2.5 13.0 74.0 1.2071 0.0 1.174 0.0 0.5 991.0 2.5 11.0 70.0 2.6071 0.0 0.0 -0.626 0.36056 989.0 2.0853 11.0 70.0 3.7071 0.0 0.0 -1.826 0.28284 986.0 1.8536 10.0 71.0 4.6071 0.0 0.0 -2.526 0.22361 984.0 1.7754 9.0 
0.09064 218.30081 69.0 1878.0 1.0 42.0 0.7071 0.0 2.374 0.0 0.22361 999.0 1.2869 19.0 42.0 1.4071 0.0 1.374 0.0 0.22361 998.0 1.2011 22.0 46.0 2.1071 0.0 1.074 0.0 0.2 996.0 1.2713 19.0 53.0 2.9071 0.0 1.474 0.0 0.22361 994.0 1.51 17.0 61.0 3.8071 0.0 2.374 0.0 0.28284 991.0 1.7275 15.0 
0.04641 229.24245 35.0 1879.0 1.0 46.0 0.0 -0.8929 2.874 0.0 0.22361 1000.0 1.6625 19.0 44.0 0.6071 0.0 1.974 0.0 0.31623 1001.0 1.6478 20.0 41.0 2.1071 0.0 1.174 0.0 0.22361 1001.0 1.4308 21.0 39.0 3.5071 0.0 0.374 0.0 0.31623 1002.0 1.4123 23.0 34.0 5.0071 0.0 0.0 -0.426 0.22361 1003.0 1.1807 27.0 
0.08145 266.93657 70.0 1880.0 1.0 64.0 0.7071 0.0 2.674 0.0 0.22361 989.0 1.7431 11.0 66.0 1.5071 0.0 1.874 0.0 0.22361 988.0 1.7796 10.0 67.0 2.4071 0.0 1.174 0.0 0.14142 987.0 1.7634 10.0 68.0 3.2071 0.0 0.674 0.0 0.14142 986.0 1.7492 10.0 70.0 4.0071 0.0 0.274 0.0 0.14142 985.0 1.7874 9.0 
0.03233 251.98434 62.0 1881.0 1.0 72.0 0.0 -0.2929 4.474 0.0 0.72111 996.0 2.5 11.0 66.0 1.8071 0.0 1.374 0.0 0.5831 995.0 2.4717 11.0 60.0 3.4071 0.0 0.0 -1.026 0.5 995.0 2.0427 11.0 63.0 4.7071 0.0 0.0 -2.826 0.28284 990.0 1.7625 9.0 74.0 5.7071 0.0 0.0 -4.126 0.28284 980.0 1.6949 7.0 
0.09942 166.81296 62.0 1883.0 1.0 57.0 0.0 -1.1929 1.574 0.0 0.1 992.0 1.5802 12.0 64.0 0.0 -0.2929 1.474 0.0 0.22361 989.0 1.7431 11.0 69.0 0.8071 0.0 1.774 0.0 0.22361 986.0 1.801 10.0 77.0 2.1071 0.0 2.174 0.0 0.2 983.0 2.0186 9.0 84.0 3.6071 0.0 2.374 0.0 0.2 979.0 2.1196 8.0 
0.1318 75.75263 68.0 1884.0 1.0 70.0 0.0 -1.4929 1.574 0.0 0.28284 990.0 2.176 11.0 71.0 0.1071 0.0 0.674 0.0 0.2 988.0 2.0595 10.0 66.0 1.2071 0.0 0.274 0.0 0.2 988.0 1.7796 10.0 65.0 2.2071 0.0 0.174 0.0 0.1 987.0 1.6597 10.0 67.0 3.1071 0.0 0.274 0.0 0.2 986.0 1.6981 10.0 
0.09869 94.49135 70.0 1885.0 1.0 37.0 0.1071 0.0 1.674 0.0 0.22361 1001.0 1.1652 21.0 39.0 0.7071 0.0 0.474 0.0 0.22361 1000.0 1.195 19.0 40.0 1.3071 0.0 0.0 -0.426 0.14142 999.0 1.1673 17.0 42.0 2.0071 0.0 0.0 -0.726 0.1 997.0 1.1261 16.0 47.0 2.8071 0.0 0.0 -0.426 0.14142 996.0 1.3272 15.0 
0.11019 235.74859 59.0 1886.0 1.0 49.0 0.8071 0.0 2.274 0.0 0.22361 995.0 1.3624 17.0 51.0 1.3071 0.0 1.674 0.0 0.1 994.0 1.3982 16.0 54.0 2.0071 0.0 1.574 0.0 0.1 993.0 1.4892 16.0 60.0 2.9071 0.0 1.774 0.0 0.14142 991.0 1.6713 15.0 67.0 4.0071 0.0 2.274 0.0 0.22361 988.0 1.834 13.0 
0.08241 161.73528 106.0 1887.0 1.0 86.0 0.0 -0.2929 1.974 0.0 0.22361 976.0 2.0416 8.0 82.0 0.7071 0.0 1.274 0.0 0.1 976.0 1.8561 8.0 80.0 1.5071 0.0 0.974 0.0 0.14142 977.0 1.8158 8.0 77.0 2.1071 0.0 0.874 0.0 0.1 977.0 1.6821 8.0 75.0 2.6071 0.0 1.074 0.0 0.1 978.0 1.6415 8.0 
0.03929 289.11412 69.0 1888.0 1.0 91.0 0.5071 0.0 3.574 0.0 0.5 979.0 2.4876 11.0 91.0 1.9071 0.0 1.774 0.0 0.28284 976.0 2.2859 10.0 93.0 3.0071 0.0 0.474 0.0 0.28284 971.0 2.1033 9.0 101.0 4.0071 0.0 0.0 -0.626 0.22361 962.0 2.0429 8.0 114.0 4.8071 0.0 0.0 -1.526 0.22361 948.0 2.0421 7.0 
0.03371 119.3323 68.0 1889.0 1.0 46.0 0.0 -2.3929 1.374 0.0 0.42426 1000.0 1.6625 12.0 47.0 0.0 -0.7929 0.0 -0.726 0.42426 999.0 1.6116 11.0 48.0 0.7071 0.0 0.0 -2.426 0.36056 999.0 1.6809 12.0 51.0 2.2071 0.0 0.0 -3.626 0.31623 997.0 1.6604 12.0 56.0 3.7071 0.0 0.0 -4.326 0.31623 994.0 1.6858 10.0 
0.02467 281.38153 180.0 1890.0 1.0 80.0 0.8071 0.0 2.874 0.0 0.22361 981.0 2.0427 9.0 78.0 1.7071 0.0 1.874 0.0 0.22361 981.0 1.9419 9.0 74.0 2.5071 0.0 1.474 0.0 0.2 981.0 1.7478 9.0 71.0 3.2071 0.0 1.574 0.0 0.14142 982.0 1.6609 9.0 68.0 3.7071 0.0 2.074 0.0 0.22361 984.0 1.6286 9.0 
0.1241 23.16855 76.0 1891.0 1.0 32.0 0.0 -0.1929 1.074 0.0 0.2 1000.0 1.0 18.0 34.0 0.2071 0.0 0.0 -0.026 0.14142 1000.0 1.0 16.0 35.0 0.8071 0.0 0.0 -0.826 0.22361 999.0 1.0 20.0 39.0 1.3071 0.0 0.0 -1.426 0.14142 998.0 1.0357 17.0 43.0 1.9071 0.0 0.0 -1.726 0.14142 996.0 1.1109 17.0 
0.10852 299.43032 48.0 1892.0 1.0 81.0 0.0 -2.0929 3.874 0.0 0.60828 993.0 2.5 12.0 86.0 0.8071 0.0 2.574 0.0 0.53852 986.0 2.5 10.0 86.0 3.2071 0.0 1.274 0.0 0.31623 982.0 2.4368 9.0 91.0 5.1071 0.0 0.574 0.0 0.31623 976.0 2.2859 8.0 99.0 6.7071 0.0 0.174 0.0 0.31623 967.0 2.1762 7.0 
0.08677 153.45992 315.0 1893.0 1.0 65.0 0.3071 0.0 1.974 0.0 0.36056 991.0 1.9615 15.0 63.0 1.2071 0.0 0.674 0.0 0.22361 990.0 1.7625 14.0 63.0 2.1071 0.0 0.0 -0.026 0.14142 989.0 1.6891 14.0 66.0 2.9071 0.0 0.0 -0.326 0.2 986.0 1.6478 13.0 72.0 3.8071 0.0 0.0 -0.326 0.2 983.0 1.7649 12.0 
0.05228 223.86987 60.0 1894.0 1.0 103.0 0.0071 0.0 3.774 0.0 0.5831 975.0 2.5 10.0 92.0 1.7071 0.0 1.074 0.0 0.5 977.0 2.4014 8.0 82.0 3.2071 0.0 0.0 -1.026 0.36056 982.0 2.2154 9.0 86.0 4.4071 0.0 0.0 -2.626 0.28284 975.0 1.9879 8.0 119.0 5.5071 0.0 0.0 -3.726 0.28284 939.0 1.9545 5.0 
0.05009 253.75742 51.0 1895.0 1.0 65.0 0.0 -1.1929 2.874 0.0 0.36056 992.0 2.0549 12.0 73.0 0.7071 0.0 2.174 0.0 0.31623 989.0 2.2679 11.0 78.0 2.6071 0.0 1.674 0.0 0.31623 986.0 2.3015 10.0 82.0 4.4071 0.0 0.874 0.0 0.31623 983.0 2.2892 9.0 85.0 6.1071 0.0 0.0 -0.026 0.28284 980.0 2.2362 8.0 
0.13918 284.57652 256.0 1896.0 1.0 91.0 0.0 -0.5929 3.374 0.0 0.44721 979.0 2.4876 14.0 104.0 1.5071 0.0 2.074 0.0 0.44721 970.0 2.5 12.0 119.0 3.5071 0.0 0.774 0.0 0.36056 955.0 2.4937 10.0 136.0 5.2071 0.0 0.0 -0.426 0.36056 934.0 2.3913 8.0 150.0 6.6071 0.0 0.0 -1.326 0.22361 911.0 2.253 7.0 
0.08595 148.24159 72.0 1897.0 1.0 63.0 1.1071 0.0 1.074 0.0 0.2 988.0 1.6215 10.0 64.0 1.3071 0.0 0.274 0.0 0.22361 987.0 1.6091 10.0 65.0 1.7071 0.0 0.0 -0.426 0.0 985.0 1.5412 9.0 68.0 2.1071 0.0 0.0 -0.826 0.14142 985.0 1.6867 9.0 67.0 2.8071 0.0 0.0 -1.326 0.22361 986.0 1.6981 10.0 
0.04224 211.4766 60.0 1898.0 1.0 71.0 0.0 -0.3929 2.774 0.0 0.36056 990.0 2.2386 11.0 70.0 1.2071 0.0 1.474 0.0 0.36056 990.0 2.176 11.0 65.0 2.8071 0.0 0.074 0.0 0.28284 992.0 2.0549 12.0 58.0 4.1071 0.0 0.0 -1.126 0.28284 995.0 1.9088 13.0 51.0 5.2071 0.0 0.0 -2.026 0.22361 996.0 1.5627 14.0 
0.22308 176.02117 69.0 1900.0 1.0 90.0 0.0 -1.7929 1.374 0.0 0.2 975.0 2.1771 10.0 104.0 0.0 -0.1929 1.574 0.0 0.22361 964.0 2.2545 8.0 111.0 1.4071 0.0 1.774 0.0 0.3 959.0 2.3304 8.0 112.0 3.1071 0.0 1.574 0.0 0.3 957.0 2.2879 8.0 105.0 4.6071 0.0 1.474 0.0 0.2 960.0 2.1246 8.0 
0.10199 127.3962 71.0 1902.0 1.0 46.0 0.2071 0.0 1.274 0.0 0.1 995.0 1.2007 10.0 44.0 0.6071 0.0 0.974 0.0 0.1 996.0 1.1632 11.0 42.0 1.1071 0.0 0.774 0.0 0.14142 997.0 1.1261 11.0 39.0 1.6071 0.0 0.574 0.0 0.1 998.0 1.0357 12.0 38.0 2.2071 0.0 0.574 0.0 0.1 999.0 1.0535 13.0 
0.07369 158.13844 68.0 1903.0 1.0 48.0 0.0 -0.5929 2.874 0.0 0.36056 1000.0 1.8102 15.0 46.0 0.8071 0.0 1.174 0.0 0.36056 1000.0 1.6625 15.0 43.0 2.1071 0.0 0.0 -0.326 0.22361 1000.0 1.4527 15.0 42.0 3.0071 0.0 0.0 -1.526 0.22361 999.0 1.2869 14.0 45.0 3.8071 0.0 0.0 -2.626 0.22361 997.0 1.2927 12.0 
0.02955 269.08301 77.0 1904.0 1.0 55.0 0.6071 0.0 2.874 0.0 0.22361 995.0 1.7165 10.0 50.0 1.4071 0.0 1.974 0.0 0.22361 996.0 1.502 10.0 47.0 2.2071 0.0 1.574 0.0 0.14142 996.0 1.3272 10.0 45.0 2.8071 0.0 1.274 0.0 0.14142 997.0 1.2927 11.0 43.0 3.3071 0.0 0.974 0.0 0.14142 997.0 1.1803 11.0 
0.06615 133.60022 51.0 1905.0 1.0 82.0 0.0 -0.5929 2.274 0.0 0.28284 980.0 2.0811 8.0 85.0 0.7071 0.0 0.974 0.0 0.22361 980.0 2.2362 8.0 89.0 2.3071 0.0 0.0 -0.126 0.31623 978.0 2.3115 8.0 90.0 4.1071 0.0 0.0 -1.026 0.31623 977.0 2.2981 8.0 88.0 5.8071 0.0 0.0 -1.526 0.3 978.0 2.2599 8.0 
0.10133 202.60424 56.0 1906.0 1.0 53.0 0.0 -0.7929 3.174 0.0 0.5 1000.0 2.207 20.0 52.0 1.3071 0.0 1.274 0.0 0.44721 1000.0 2.1245 15.0 50.0 3.4071 0.0 0.0 -0.426 0.36056 1000.0 1.9642 15.0 46.0 5.0071 0.0 0.0 -2.126 0.42426 1000.0 1.6625 16.0 43.0 6.3071 0.0 0.0 -3.826 0.31623 1001.0 1.5738 16.0 
0.07825 136.94208 85.0 1908.0 1.0 64.0 0.0 -0.1929 1.674 0.0 0.22361 986.0 1.5495 8.0 70.0 0.6071 0.0 1.074 0.0 0.22361 983.0 1.6682 7.0 74.0 1.6071 0.0 0.574 0.0 0.1 981.0 1.7478 7.0 76.0 2.6071 0.0 0.274 0.0 0.14142 980.0 1.7877 6.0 80.0 3.5071 0.0 0.0 -0.126 0.2 977.0 1.8158 6.0 
0.05698 248.58317 41.0 1910.0 1.0 60.0 0.0 -0.2929 4.574 0.0 0.67082 1000.0 2.5 20.0 63.0 1.9071 0.0 1.174 0.0 0.67082 1000.0 2.5 19.0 64.0 4.2071 0.0 0.0 -1.926 0.64031 998.0 2.5 13.0 68.0 6.5071 0.0 0.0 -4.826 0.5831 997.0 2.5 15.0 72.0 8.5071 0.0 0.0 -7.626 0.5 995.0 2.5 13.0 
0.17262 53.94034 54.0 1912.0 1.0 58.0 0.0 -1.3929 0.874 0.0 0.31623 994.0 1.8084 9.0 65.0 0.1071 0.0 0.474 0.0 0.31623 991.0 1.9615 8.0 66.0 1.8071 0.0 0.174 0.0 0.3 992.0 2.1186 8.0 65.0 3.5071 0.0 0.174 0.0 0.3 992.0 2.0549 9.0 60.0 5.2071 0.0 0.374 0.0 0.2 994.0 1.9352 9.0 
0.15535 102.82857 85.0 1914.0 1.0 66.0 0.0 -0.6929 0.974 0.0 0.2 986.0 1.6478 10.0 71.0 0.3071 0.0 0.874 0.0 0.2 982.0 1.6609 9.0 76.0 1.3071 0.0 0.774 0.0 0.1 979.0 1.7351 9.0 80.0 2.2071 0.0 0.474 0.0 0.1 977.0 1.8158 8.0 83.0 3.0071 0.0 0.0 -0.026 0.1 975.0 1.8516 8.0 
0.06469 187.34835 215.0 1915.0 1.0 75.0 0.0 -0.1929 2.074 0.0 0.28284 984.0 1.9811 12.0 82.0 1.1071 0.0 1.274 0.0 0.31623 980.0 2.0811 11.0 88.0 2.5071 0.0 0.674 0.0 0.22361 975.0 2.0815 10.0 94.0 3.7071 0.0 0.274 0.0 0.22361 969.0 2.0511 9.0 101.0 4.9071 0.0 0.074 0.0 0.1 962.0 2.0429 8.0 
0.04699 275.67418 46.0 1916.0 1.0 54.0 0.0 -0.0929 3.374 0.0 0.28284 998.0 1.9855 12.0 54.0 1.5071 0.0 1.974 0.0 0.36056 998.0 1.9855 12.0 53.0 3.3071 0.0 0.774 0.0 0.36056 999.0 2.0493 12.0 53.0 5.2071 0.0 0.0 -0.426 0.36056 999.0 2.0493 13.0 51.0 7.0071 0.0 0.0 -1.726 0.42426 1000.0 2.0435 14.0 
0.04246 256.27173 68.0 1919.0 1.0 56.0 0.0 -0.4929 0.0 -3.126 0.36056 996.0 1.8841 8.0 61.0 1.1071 0.0 0.0 -2.026 0.22361 993.0 1.9003 9.0 68.0 2.3071 0.0 0.0 -1.426 0.2 987.0 1.8165 7.0 72.0 3.4071 0.0 0.0 -1.226 0.22361 984.0 1.8258 7.0 76.0 4.4071 0.0 0.0 -0.926 0.2 981.0 1.8436 6.0 
0.06418 226.43256 74.0 1920.0 1.0 74.0 0.0 -1.2929 3.374 0.0 0.56569 993.0 2.5 13.0 74.0 1.0071 0.0 1.774 0.0 0.44721 991.0 2.5 11.0 70.0 3.0071 0.0 0.674 0.0 0.28284 990.0 2.176 11.0 67.0 4.4071 0.0 0.0 -0.126 0.22361 989.0 1.9104 11.0 66.0 5.4071 0.0 0.0 -0.826 0.22361 988.0 1.7796 10.0 
0.04934 310.03964 73.0 1922.0 1.0 52.0 0.0 -0.2929 3.074 0.0 0.22361 995.0 1.5343 13.0 59.0 0.8071 0.0 2.674 0.0 0.2 992.0 1.693 12.0 64.0 2.0071 0.0 2.374 0.0 0.2 990.0 1.8189 11.0 66.0 3.1071 0.0 2.274 0.0 0.2 988.0 1.7796 10.0 67.0 4.2071 0.0 2.174 0.0 0.14142 987.0 1.7634 10.0 
0.05903 201.65087 66.0 1923.0 1.0 93.0 0.0 -0.1929 2.174 0.0 0.22361 968.0 1.9631 7.0 100.0 0.9071 0.0 1.574 0.0 0.22361 964.0 2.0844 7.0 105.0 2.1071 0.0 0.774 0.0 0.28284 960.0 2.1246 6.0 115.0 3.2071 0.0 0.0 -0.126 0.22361 949.0 2.1106 6.0 120.0 4.2071 0.0 0.0 -0.826 0.14142 943.0 2.1011 5.0 
0.07189 187.78321 59.0 1926.0 1.0 77.0 0.0 -0.0929 2.374 0.0 0.28284 985.0 2.1628 12.0 84.0 1.3071 0.0 1.074 0.0 0.36056 981.0 2.2521 11.0 89.0 2.8071 0.0 0.0 -0.226 0.36056 977.0 2.2473 10.0 92.0 4.1071 0.0 0.0 -1.626 0.28284 975.0 2.275 10.0 93.0 5.3071 0.0 0.0 -2.926 0.28284 968.0 1.9631 7.0 
0.06389 288.97303 56.0 1928.0 1.0 83.0 0.0 -0.0929 3.574 0.0 0.42426 985.0 2.5 9.0 91.0 1.8071 0.0 1.874 0.0 0.36056 979.0 2.4876 8.0 97.0 3.5071 0.0 0.374 0.0 0.42426 974.0 2.4641 7.0 97.0 5.0071 0.0 0.0 -1.226 0.36056 972.0 2.3439 7.0 86.0 6.1071 0.0 0.0 -2.826 0.36056 979.0 2.2218 8.0 
0.07744 156.04509 230.0 1931.0 1.0 70.0 0.0 -0.3929 2.074 0.0 0.22361 989.0 2.0853 14.0 72.0 0.9071 0.0 1.074 0.0 0.22361 986.0 1.961 13.0 77.0 2.0071 0.0 0.274 0.0 0.22361 982.0 1.9535 11.0 85.0 3.0071 0.0 0.0 -0.326 0.22361 974.0 1.8922 10.0 97.0 3.9071 0.0 0.0 -0.926 0.2 964.0 1.9612 9.0 
0.05669 226.43256 43.0 1933.0 1.0 61.0 0.0 -1.8929 3.674 0.0 0.5831 1000.0 2.5 20.0 62.0 1.0071 0.0 1.774 0.0 0.5831 1000.0 2.5 18.0 60.0 3.6071 0.0 0.0 -0.026 0.44721 999.0 2.5 17.0 56.0 5.9071 0.0 0.0 -1.226 0.31623 999.0 2.2879 17.0 51.0 7.8071 0.0 0.0 -1.726 0.3 999.0 1.8976 17.0 
0.19324 148.45836 44.0 1934.0 1.0 85.0 0.0 -1.7929 1.874 0.0 0.31623 981.0 2.3061 9.0 103.0 0.4071 0.0 1.274 0.0 0.4 971.0 2.5 7.0 118.0 2.9071 0.0 1.174 0.0 0.5 959.0 2.5 6.0 114.0 5.3071 0.0 1.174 0.0 0.41231 961.0 2.5 6.0 109.0 7.4071 0.0 1.574 0.0 0.4 963.0 2.427 6.0 
0.0518 208.59279 44.0 1935.0 1.0 54.0 0.6071 0.0 2.274 0.0 0.28284 997.0 1.8615 15.0 48.0 1.6071 0.0 0.974 0.0 0.28284 998.0 1.5688 16.0 43.0 2.6071 0.0 0.074 0.0 0.28284 999.0 1.3489 17.0 39.0 3.5071 0.0 0.0 -0.526 0.14142 1000.0 1.195 18.0 34.0 4.3071 0.0 0.0 -0.926 0.1 1001.0 1.0 20.0 
0.01924 283.12456 53.0 1936.0 1.0 90.0 0.5071 0.0 3.574 0.0 0.44721 980.0 2.5 8.0 88.0 2.0071 0.0 1.574 0.0 0.36056 980.0 2.3968 8.0 85.0 3.4071 0.0 0.174 0.0 0.28284 979.0 2.1704 8.0 85.0 4.7071 0.0 0.0 -0.826 0.22361 978.0 2.1084 8.0 85.0 5.9071 0.0 0.0 -1.626 0.22361 978.0 2.1084 8.0 
0.09206 293.6286 108.0 1937.0 1.0 73.0 0.0 -0.3929 3.574 0.0 0.5 991.0 2.474 11.0 74.0 1.5071 0.0 2.174 0.0 0.36056 988.0 2.2372 10.0 73.0 3.0071 0.0 1.174 0.0 0.28284 986.0 2.0159 10.0 77.0 4.1071 0.0 0.274 0.0 0.14142 982.0 1.9535 9.0 86.0 5.0071 0.0 0.0 -0.626 0.22361 975.0 1.9879 8.0 
0.04985 226.37542 54.0 1938.0 1.0 47.0 0.0071 0.0 2.674 0.0 0.36056 1000.0 1.7355 19.0 49.0 1.5071 0.0 1.374 0.0 0.36056 999.0 1.7517 18.0 46.0 2.9071 0.0 0.174 0.0 0.28284 1000.0 1.6625 18.0 44.0 4.1071 0.0 0.0 -0.926 0.28284 1000.0 1.5211 18.0 44.0 5.3071 0.0 0.0 -2.126 0.28284 1000.0 1.5211 19.0 
0.11592 109.18961 50.0 1939.0 1.0 45.0 0.0 -0.9929 2.874 0.0 0.44721 1001.0 1.7236 22.0 49.0 0.6071 0.0 0.774 0.0 0.42426 1001.0 2.0436 21.0 51.0 2.5071 0.0 0.0 -1.226 0.5 1001.0 2.2138 21.0 52.0 4.6071 0.0 0.0 -2.926 0.42426 1000.0 2.1245 19.0 50.0 6.4071 0.0 0.0 -4.426 0.28284 1000.0 1.9642 18.0 
0.04389 245.56217 93.0 1940.0 1.0 50.0 1.9071 0.0 1.774 0.0 0.2 996.0 1.502 14.0 45.0 2.1071 0.0 0.674 0.0 0.22361 997.0 1.2927 15.0 41.0 2.4071 0.0 0.0 -0.026 0.1 998.0 1.1446 15.0 37.0 2.5071 0.0 0.0 -0.426 0.0 998.0 1.0 16.0 35.0 2.6071 0.0 0.0 -0.526 0.1 999.0 1.0 16.0 
0.06945 136.08828 96.0 1941.0 1.0 28.0 0.0 -0.4929 0.0 -1.426 0.1 1001.0 1.0 19.0 28.0 0.0071 0.0 0.0 -1.226 0.1 1001.0 1.0 17.0 30.0 0.5071 0.0 0.0 -1.226 0.0 1000.0 1.0 15.0 34.0 0.9071 0.0 0.0 -1.326 0.1 999.0 1.0 14.0 42.0 1.5071 0.0 0.0 -1.426 0.1 997.0 1.1261 16.0 
0.06909 226.76369 50.0 1942.0 1.0 44.0 0.0 -3.2929 0.0 -0.426 0.5 1001.0 1.6478 13.0 47.0 0.0 -1.0929 0.0 -1.726 0.44721 1000.0 1.7355 12.0 49.0 1.1071 0.0 0.0 -2.626 0.41231 999.0 1.7517 11.0 51.0 3.3071 0.0 0.0 -3.526 0.36056 998.0 1.7711 10.0 57.0 5.4071 0.0 0.0 -4.426 0.41231 997.0 2.074 12.0 
0.03337 204.62411 45.0 1943.0 1.0 46.0 0.0 -0.6929 3.374 0.0 0.5 1001.0 1.801 17.0 49.0 1.1071 0.0 1.474 0.0 0.5 1000.0 1.8864 16.0 53.0 3.1071 0.0 0.0 -0.326 0.42426 999.0 2.0493 14.0 58.0 5.1071 0.0 0.0 -2.026 0.36056 998.0 2.2906 16.0 65.0 7.1071 0.0 0.0 -3.426 0.36056 995.0 2.3974 13.0 
0.13337 257.31386 66.0 1944.0 1.0 114.0 2.2071 0.0 0.0 -2.026 0.3 952.0 2.176 9.0 127.0 2.3071 0.0 0.0 -0.226 0.31623 939.0 2.2262 8.0 137.0 2.6071 0.0 1.474 0.0 0.31623 927.0 2.2291 8.0 142.0 3.1071 0.0 2.774 0.0 0.22361 918.0 2.1679 7.0 147.0 3.9071 0.0 3.674 0.0 0.14142 912.0 2.1852 7.0 
0.14819 78.26613 54.0 1946.0 1.0 77.0 0.0 -1.0929 1.474 0.0 0.22361 982.0 1.9535 9.0 78.0 0.2071 0.0 0.674 0.0 0.31623 984.0 2.1428 9.0 74.0 1.8071 0.0 0.074 0.0 0.31623 988.0 2.2372 10.0 68.0 3.6071 0.0 0.0 -0.626 0.22361 991.0 2.1467 11.0 59.0 5.2071 0.0 0.0 -1.126 0.2 995.0 1.9752 13.0 
0.09216 295.62212 43.0 1949.0 1.0 60.0 0.0 -0.6929 3.874 0.0 0.36056 995.0 2.0427 14.0 69.0 1.2071 0.0 2.374 0.0 0.44721 993.0 2.4314 12.0 74.0 3.3071 0.0 0.874 0.0 0.44721 991.0 2.5 11.0 77.0 5.6071 0.0 0.0 -0.526 0.42426 990.0 2.5 11.0 75.0 7.8071 0.0 0.0 -2.026 0.36056 991.0 2.5 11.0 
0.05004 221.63969 62.0 1950.0 1.0 47.0 0.0 -3.2929 0.574 0.0 0.42426 999.0 1.6116 12.0 50.0 0.0 -1.4929 0.0 -1.326 0.42426 998.0 1.7023 15.0 52.0 0.5071 0.0 0.0 -2.926 0.36056 997.0 1.7261 13.0 55.0 2.3071 0.0 0.0 -3.926 0.36056 994.0 1.6261 12.0 59.0 3.9071 0.0 0.0 -4.826 0.36056 992.0 1.693 13.0 
0.13082 155.51597 77.0 1952.0 1.0 88.0 0.1071 0.0 2.274 0.0 0.22361 973.0 1.9774 10.0 107.0 1.0071 0.0 0.974 0.0 0.28284 955.0 2.0162 8.0 133.0 1.8071 0.0 0.0 -0.126 0.22361 925.0 2.0531 6.0 158.0 2.4071 0.0 0.0 -1.126 0.14142 894.0 2.1427 5.0 146.0 3.1071 0.0 0.0 -1.826 0.14142 909.0 2.0934 5.0 
0.0344 262.51785 64.0 1953.0 1.0 97.0 1.1071 0.0 3.174 0.0 0.41231 971.0 2.2881 7.0 95.0 2.1071 0.0 1.074 0.0 0.36056 970.0 2.1437 6.0 89.0 3.2071 0.0 0.0 -0.626 0.36056 974.0 2.0744 6.0 79.0 4.1071 0.0 0.0 -1.926 0.14142 979.0 1.8748 6.0 71.0 4.8071 0.0 0.0 -2.726 0.22361 983.0 1.7162 7.0 
0.03914 284.25551 47.0 1954.0 1.0 78.0 1.5071 0.0 2.874 0.0 0.36056 984.0 2.1428 9.0 92.0 2.4071 0.0 0.874 0.0 0.36056 975.0 2.275 8.0 110.0 3.8071 0.0 0.0 -0.926 0.36056 961.0 2.3767 6.0 119.0 5.3071 0.0 0.0 -2.626 0.36056 954.0 2.4515 6.0 102.0 6.9071 0.0 0.0 -3.926 0.36056 969.0 2.4151 7.0 
0.04608 310.75572 58.0 1956.0 1.0 66.0 0.0071 0.0 0.0 -2.926 0.2 989.0 1.8538 14.0 79.0 1.2071 0.0 0.0 -2.526 0.2 980.0 1.9316 11.0 85.0 2.3071 0.0 0.0 -2.226 0.22361 975.0 1.942 10.0 93.0 3.5071 0.0 0.0 -1.826 0.2 969.0 2.0077 9.0 112.0 4.7071 0.0 0.0 -1.826 0.31623 954.0 2.1715 8.0 
0.05856 132.36053 80.0 1957.0 1.0 63.0 0.0 -0.1929 2.074 0.0 0.28284 992.0 1.9304 12.0 65.0 0.9071 0.0 0.774 0.0 0.28284 991.0 1.9615 11.0 66.0 1.9071 0.0 0.0 -0.226 0.28284 989.0 1.8538 10.0 67.0 2.8071 0.0 0.0 -1.026 0.14142 987.0 1.7634 10.0 65.0 3.4071 0.0 0.0 -1.526 0.1 986.0 1.5983 10.0 
0.02938 274.78781 40.0 1958.0 1.0 67.0 0.0 -4.2929 0.0 -1.826 0.60828 997.0 2.5 13.0 77.0 0.0 -0.4929 0.0 -2.426 0.60828 995.0 2.5 14.0 86.0 3.2071 0.0 0.0 -3.126 0.60828 989.0 2.5 12.0 92.0 6.4071 0.0 0.0 -4.026 0.41231 983.0 2.5 12.0 97.0 8.6071 0.0 0.0 -4.626 0.31623 973.0 2.4025 10.0 
0.14942 127.3962 79.0 1960.0 1.0 55.0 0.0 -0.7929 1.774 0.0 0.31623 996.0 1.8174 19.0 58.0 0.6071 0.0 0.974 0.0 0.22361 994.0 1.8084 16.0 60.0 1.9071 0.0 0.374 0.0 0.14142 992.0 1.7509 15.0 62.0 2.9071 0.0 0.0 -0.226 0.22361 991.0 1.7846 15.0 65.0 3.9071 0.0 0.0 -0.826 0.14142 988.0 1.7261 13.0 
0.05361 193.3831 51.0 1961.0 1.0 57.0 0.0 -0.2929 3.374 0.0 0.5 999.0 2.3703 15.0 53.0 1.5071 0.0 0.874 0.0 0.5 998.0 1.9127 10.0 51.0 3.1071 0.0 0.0 -1.326 0.36056 997.0 1.6604 10.0 55.0 4.5071 0.0 0.0 -3.326 0.42426 996.0 1.8174 12.0 63.0 6.0071 0.0 0.0 -5.126 0.42426 993.0 2.0269 10.0 
0.04231 305.34255 41.0 1962.0 1.0 58.0 0.0 -0.5929 3.774 0.0 0.5 999.0 2.4542 17.0 63.0 1.8071 0.0 2.074 0.0 0.5 998.0 2.5 16.0 65.0 4.2071 0.0 0.174 0.0 0.5 997.0 2.5 15.0 67.0 6.5071 0.0 0.0 -1.826 0.42426 996.0 2.5 14.0 67.0 8.6071 0.0 0.0 -3.726 0.42426 995.0 2.5 14.0 
0.03669 275.67418 39.0 1963.0 1.0 61.0 0.0 -1.1929 4.774 0.0 0.64031 1001.0 2.5 20.0 64.0 1.5071 0.0 1.974 0.0 0.70711 1000.0 2.5 19.0 61.0 4.3071 0.0 0.0 -0.726 0.64031 1001.0 2.5 20.0 56.0 6.8071 0.0 0.0 -2.926 0.56569 1001.0 2.5 21.0 51.0 9.0071 0.0 0.0 -4.926 0.5 1001.0 2.2138 22.0 
0.06369 255.92004 62.0 1965.0 1.0 71.0 0.0 -0.7929 3.174 0.0 0.36056 990.0 2.2386 11.0 76.0 1.0071 0.0 2.074 0.0 0.31623 987.0 2.269 10.0 79.0 2.6071 0.0 1.274 0.0 0.36056 983.0 2.1248 9.0 82.0 4.0071 0.0 0.574 0.0 0.22361 979.0 2.0199 8.0 80.0 5.1071 0.0 0.074 0.0 0.22361 978.0 1.8677 8.0 
0.13796 85.01661 80.0 1966.0 1.0 47.0 0.0 -0.7929 1.774 0.0 0.36056 1000.0 1.7355 19.0 44.0 0.5071 0.0 0.574 0.0 0.28284 1000.0 1.5211 19.0 42.0 1.6071 0.0 0.0 -0.526 0.28284 1000.0 1.3859 19.0 40.0 2.7071 0.0 0.0 -1.426 0.22361 999.0 1.1673 14.0 41.0 3.6071 0.0 0.0 -2.226 0.22361 998.0 1.1446 13.0 
0.25563 57.41677 75.0 1967.0 1.0 63.0 0.0 -0.9929 1.174 0.0 0.22361 991.0 1.8426 11.0 70.0 0.2071 0.0 0.474 0.0 0.2 987.0 1.9249 10.0 74.0 1.5071 0.0 0.074 0.0 0.22361 985.0 1.9975 9.0 75.0 2.7071 0.0 0.0 -0.426 0.22361 983.0 1.9151 9.0 75.0 3.8071 0.0 0.0 -0.826 0.22361 983.0 1.9151 9.0 
0.17497 108.11687 75.0 1970.0 1.0 70.0 0.0 -1.5929 0.874 0.0 0.31623 989.0 2.0853 14.0 79.0 0.0071 0.0 0.974 0.0 0.3 982.0 2.0563 12.0 89.0 1.5071 0.0 0.674 0.0 0.3 975.0 2.129 10.0 91.0 2.9071 0.0 0.174 0.0 0.22361 972.0 2.0629 10.0 98.0 3.9071 0.0 0.0 -0.226 0.22361 959.0 1.8165 6.0 
0.08245 264.25056 57.0 1971.0 1.0 60.0 0.0 -0.7929 0.0 -2.326 0.2 989.0 1.5321 9.0 77.0 0.5071 0.0 0.0 -2.326 0.2 981.0 1.8924 9.0 97.0 1.8071 0.0 0.0 -2.026 0.22361 967.0 2.0892 7.0 96.0 3.2071 0.0 0.0 -1.526 0.22361 969.0 2.1393 7.0 100.0 4.5071 0.0 0.0 -0.526 0.28284 966.0 2.1731 7.0 
0.11179 159.16666 231.0 1973.0 1.0 70.0 0.0 -0.3929 2.874 0.0 0.5 993.0 2.5 13.0 69.0 1.2071 0.0 0.774 0.0 0.36056 991.0 2.2103 12.0 69.0 2.7071 0.0 0.0 -0.626 0.42426 990.0 2.1142 11.0 73.0 4.2071 0.0 0.0 -1.926 0.36056 987.0 2.0934 10.0 78.0 5.7071 0.0 0.0 -3.126 0.22361 984.0 2.1428 9.0 
0.04259 270.55157 71.0 1974.0 1.0 43.0 0.0 -2.6929 0.0 -1.426 0.31623 1000.0 1.4527 17.0 43.0 0.0 -0.9929 0.0 -2.226 0.22361 999.0 1.3489 16.0 45.0 0.5071 0.0 0.0 -3.026 0.22361 998.0 1.3789 14.0 47.0 1.8071 0.0 0.0 -3.726 0.22361 996.0 1.3272 12.0 53.0 3.0071 0.0 0.0 -4.326 0.22361 994.0 1.51 14.0 
0.05861 159.16666 72.0 1975.0 1.0 58.0 0.3071 0.0 2.974 0.0 0.41231 996.0 2.0211 11.0 57.0 1.2071 0.0 0.774 0.0 0.36056 995.0 1.8436 11.0 55.0 2.3071 0.0 0.0 -0.826 0.28284 994.0 1.6261 10.0 57.0 3.4071 0.0 0.0 -1.826 0.22361 992.0 1.5802 9.0 67.0 4.4071 0.0 0.0 -2.526 0.22361 987.0 1.7634 10.0 
0.08037 148.01451 60.0 1976.0 1.0 48.0 0.0 -0.1929 3.374 0.0 0.44721 1001.0 1.961 17.0 47.0 1.0071 0.0 0.874 0.0 0.36056 1000.0 1.7355 16.0 49.0 2.4071 0.0 0.0 -1.026 0.36056 999.0 1.7517 14.0 50.0 3.9071 0.0 0.0 -2.326 0.28284 998.0 1.7023 17.0 56.0 5.2071 0.0 0.0 -3.426 0.22361 995.0 1.7795 13.0 
0.0732 219.05074 64.0 1977.0 1.0 66.0 0.3071 0.0 2.674 0.0 0.22361 990.0 1.9344 11.0 68.0 1.5071 0.0 1.274 0.0 0.28284 990.0 2.0534 11.0 67.0 2.7071 0.0 0.174 0.0 0.22361 989.0 1.9104 11.0 69.0 3.9071 0.0 0.0 -0.326 0.1 986.0 1.801 10.0 76.0 4.8071 0.0 0.0 -0.026 0.14142 981.0 1.8436 9.0 
0.08744 208.59279 63.0 1978.0 1.0 74.0 0.0 -0.1929 2.974 0.0 0.42426 990.0 2.4318 11.0 80.0 1.6071 0.0 0.974 0.0 0.36056 987.0 2.5 10.0 84.0 3.1071 0.0 0.0 -0.826 0.36056 982.0 2.3248 9.0 84.0 4.5071 0.0 0.0 -1.826 0.22361 978.0 2.0591 8.0 80.0 5.5071 0.0 0.0 -2.126 0.2 978.0 1.8677 8.0 
0.05079 262.51785 58.0 1979.0 1.0 45.0 1.3071 0.0 2.574 0.0 0.31623 999.0 1.4773 18.0 44.0 2.1071 0.0 1.074 0.0 0.28284 999.0 1.4124 18.0 44.0 3.0071 0.0 0.0 -0.126 0.28284 1000.0 1.5211 18.0 44.0 4.0071 0.0 0.0 -1.126 0.28284 999.0 1.4124 18.0 45.0 5.1071 0.0 0.0 -2.126 0.28284 999.0 1.4773 18.0 
0.05924 284.57652 49.0 1980.0 1.0 95.0 0.0 -0.5929 4.274 0.0 0.5831 983.0 2.5 9.0 91.0 1.5071 0.0 2.074 0.0 0.44721 982.0 2.5 9.0 83.0 3.5071 0.0 0.774 0.0 0.31623 983.0 2.3454 9.0 77.0 5.1071 0.0 0.0 -0.026 0.31623 985.0 2.1628 9.0 72.0 6.6071 0.0 0.0 -0.626 0.2 987.0 2.0365 10.0 
0.08975 180.26231 54.0 1981.0 1.0 60.0 0.0 -1.1929 3.874 0.0 0.56569 999.0 2.5 14.0 60.0 1.0071 0.0 1.274 0.0 0.56569 998.0 2.4513 17.0 58.0 3.0071 0.0 0.0 -0.626 0.28284 997.0 2.1474 15.0 61.0 4.5071 0.0 0.0 -1.726 0.28284 993.0 1.9003 12.0 65.0 5.8071 0.0 0.0 -2.426 0.22361 990.0 1.8762 11.0 
0.0571 291.24011 63.0 1982.0 1.0 92.0 0.9071 0.0 2.674 0.0 0.14142 967.0 1.8793 7.0 94.0 1.6071 0.0 2.074 0.0 0.22361 966.0 1.9202 7.0 97.0 2.3071 0.0 1.474 0.0 0.1 961.0 1.8481 6.0 107.0 3.0071 0.0 1.174 0.0 0.2 952.0 1.917 6.0 106.0 4.0071 0.0 1.074 0.0 0.2 956.0 2.0134 6.0 
0.04428 257.74158 55.0 1983.0 1.0 63.0 0.2071 0.0 3.274 0.0 0.42426 995.0 2.2521 13.0 63.0 1.7071 0.0 1.574 0.0 0.28284 993.0 2.0269 12.0 61.0 2.9071 0.0 0.574 0.0 0.22361 992.0 1.8098 12.0 64.0 4.1071 0.0 0.474 0.0 0.2 989.0 1.7431 11.0 71.0 5.3071 0.0 0.874 0.0 0.22361 986.0 1.9069 10.0 
0.28434 92.42951 54.0 1987.0 1.0 73.0 0.0 -1.0929 1.674 0.0 0.28284 987.0 2.0934 17.0 82.0 0.3071 0.0 0.774 0.0 0.31623 981.0 2.1462 14.0 93.0 1.9071 0.0 0.374 0.0 0.31623 973.0 2.2085 12.0 102.0 3.6071 0.0 0.274 0.0 0.3 967.0 2.3101 11.0 105.0 5.3071 0.0 0.674 0.0 0.31623 964.0 2.2981 11.0 
0.04194 148.01451 81.0 1988.0 1.0 49.0 0.0 -0.1929 3.174 0.0 0.44721 1000.0 1.8864 12.0 46.0 1.0071 0.0 0.874 0.0 0.36056 999.0 1.5437 11.0 45.0 2.2071 0.0 0.0 -0.726 0.28284 998.0 1.3789 10.0 45.0 3.3071 0.0 0.0 -1.826 0.14142 996.0 1.2166 9.0 50.0 4.1071 0.0 0.0 -2.626 0.14142 994.0 1.3439 10.0 
0.05211 212.05435 45.0 1989.0 1.0 43.0 0.0071 0.0 3.174 0.0 0.44721 1001.0 1.5738 22.0 47.0 1.5071 0.0 1.174 0.0 0.36056 1001.0 1.8802 21.0 50.0 3.1071 0.0 0.0 -0.826 0.42426 1001.0 2.1279 21.0 50.0 5.0071 0.0 0.0 -2.626 0.36056 1001.0 2.1279 20.0 50.0 7.0071 0.0 0.0 -4.126 0.44721 1001.0 2.1279 21.0 
0.02871 115.03084 67.0 1990.0 1.0 42.0 0.0 -2.3929 1.374 0.0 0.36056 1001.0 1.5014 11.0 42.0 0.0 -0.8929 0.0 -0.526 0.36056 1001.0 1.5014 13.0 44.0 0.6071 0.0 0.0 -2.226 0.36056 1000.0 1.5211 11.0 46.0 2.0071 0.0 0.0 -3.826 0.36056 999.0 1.5437 10.0 50.0 3.5071 0.0 0.0 -4.926 0.28284 997.0 1.5959 9.0 
0.06368 260.90683 43.0 1992.0 1.0 80.0 0.0 -0.9929 6.474 0.0 1.02956 1000.0 2.5 16.0 73.0 1.9071 0.0 1.374 0.0 0.80623 999.0 2.5 15.0 65.0 4.2071 0.0 0.0 -2.526 0.72111 998.0 2.5 14.0 61.0 6.1071 0.0 0.0 -5.426 0.5 997.0 2.3753 16.0 62.0 7.8071 0.0 0.0 -7.426 0.36056 993.0 1.9631 14.0 
0.10255 179.34545 76.0 1993.0 1.0 91.0 0.0 -0.1929 2.574 0.0 0.42426 978.0 2.4166 11.0 90.0 1.2071 0.0 1.074 0.0 0.42426 976.0 2.236 10.0 97.0 2.4071 0.0 0.0 -0.226 0.22361 967.0 2.0892 9.0 116.0 3.3071 0.0 0.0 -1.226 0.14142 946.0 2.0513 7.0 121.0 4.0071 0.0 0.0 -1.926 0.14142 939.0 2.0208 7.0 
0.07758 152.86221 61.0 1994.0 1.0 43.0 0.0 -1.1929 1.274 0.0 0.2 1000.0 1.4527 14.0 39.0 0.0 -0.0929 1.374 0.0 0.14142 1000.0 1.195 14.0 35.0 0.7071 0.0 1.574 0.0 0.1 1000.0 1.0 14.0 34.0 1.4071 0.0 1.574 0.0 0.1 1001.0 1.0 15.0 33.0 2.1071 0.0 1.674 0.0 0.2 1001.0 1.0 16.0 
0.07179 169.73952 222.0 1995.0 1.0 65.0 0.0 -0.9929 2.374 0.0 0.36056 991.0 1.9615 12.0 69.0 0.4071 0.0 1.474 0.0 0.31623 988.0 1.9451 10.0 74.0 1.7071 0.0 0.974 0.0 0.3 983.0 1.8643 9.0 85.0 3.0071 0.0 0.874 0.0 0.2 975.0 1.942 8.0 98.0 4.2071 0.0 1.174 0.0 0.22361 965.0 2.0436 7.0 
0.05623 251.98434 48.0 1996.0 1.0 92.0 0.0 -0.6929 4.574 0.0 0.72111 987.0 2.5 10.0 89.0 1.8071 0.0 1.374 0.0 0.64031 988.0 2.5 10.0 82.0 3.9071 0.0 0.0 -1.126 0.5 987.0 2.5 10.0 75.0 5.6071 0.0 0.0 -2.826 0.28284 987.0 2.2097 10.0 71.0 7.0071 0.0 0.0 -4.026 0.28284 987.0 1.9803 10.0 
0.04275 210.69561 98.0 1997.0 1.0 53.0 0.4071 0.0 3.274 0.0 0.41231 999.0 2.0493 17.0 50.0 1.4071 0.0 1.274 0.0 0.28284 998.0 1.7023 16.0 49.0 2.5071 0.0 0.174 0.0 0.28284 998.0 1.6349 16.0 51.0 3.7071 0.0 0.0 -0.626 0.2 997.0 1.6604 15.0 52.0 4.9071 0.0 0.0 -1.026 0.22361 996.0 1.6246 14.0 
0.17649 291.20584 131.0 1998.0 1.0 50.0 0.3071 0.0 3.174 0.0 0.22361 995.0 1.4186 13.0 46.0 0.5071 0.0 2.574 0.0 0.1 994.0 1.1375 13.0 46.0 0.6071 0.0 2.674 0.0 0.0 994.0 1.1375 13.0 48.0 0.6071 0.0 2.974 0.0 0.1 993.0 1.1766 12.0 49.0 0.6071 0.0 3.374 0.0 0.1 993.0 1.2262 12.0 
0.02029 258.3804 62.0 1999.0 1.0 77.0 0.2071 0.0 3.374 0.0 0.36056 986.0 2.2429 10.0 78.0 1.5071 0.0 1.774 0.0 0.22361 985.0 2.2193 9.0 75.0 2.9071 0.0 0.774 0.0 0.22361 986.0 2.1279 10.0 72.0 4.1071 0.0 0.074 0.0 0.2 985.0 1.891 10.0 69.0 5.2071 0.0 0.0 -0.226 0.1 986.0 1.801 10.0 
0.02935 291.24011 53.0 2000.0 1.0 59.0 0.6071 0.0 3.174 0.0 0.28284 993.0 1.7777 12.0 62.0 1.6071 0.0 2.074 0.0 0.22361 991.0 1.7846 11.0 66.0 2.8071 0.0 1.274 0.0 0.28284 989.0 1.8538 11.0 71.0 4.1071 0.0 0.674 0.0 0.2 986.0 1.9069 10.0 76.0 5.5071 0.0 0.474 0.0 0.2 984.0 2.0343 9.0 
0.05382 205.41978 45.0 2001.0 1.0 55.0 0.0071 0.0 2.774 0.0 0.36056 998.0 2.0598 12.0 56.0 1.5071 0.0 1.074 0.0 0.36056 998.0 2.1353 12.0 56.0 3.4071 0.0 0.074 0.0 0.36056 997.0 2.0019 11.0 58.0 5.3071 0.0 0.0 -0.426 0.4 997.0 2.1474 11.0 56.0 7.3071 0.0 0.0 -0.526 0.3 997.0 2.0019 11.0 
0.01847 309.0876 47.0 2002.0 1.0 59.0 0.0 -0.1929 4.174 0.0 0.5 999.0 2.5 17.0 55.0 1.6071 0.0 2.274 0.0 0.36056 999.0 2.2069 17.0 53.0 3.4071 0.0 1.174 0.0 0.36056 999.0 2.0493 17.0 51.0 5.3071 0.0 0.474 0.0 0.36056 999.0 1.8976 17.0 46.0 7.0071 0.0 0.0 -0.026 0.31623 1000.0 1.6625 18.0 
0.02578 266.00859 59.0 2004.0 1.0 71.0 0.3071 0.0 3.374 0.0 0.5 992.0 2.4518 12.0 68.0 1.8071 0.0 1.574 0.0 0.36056 991.0 2.1467 11.0 65.0 3.3071 0.0 0.474 0.0 0.22361 992.0 2.0549 12.0 61.0 4.6071 0.0 0.0 -0.226 0.22361 993.0 1.9003 12.0 56.0 5.7071 0.0 0.0 -0.626 0.2 993.0 1.6015 12.0 
0.03005 280.05426 133.0 2005.0 1.0 46.0 0.0 -2.1929 0.0 -2.326 0.3 999.0 1.5437 14.0 48.0 0.0 -0.6929 0.0 -2.426 0.22361 997.0 1.4708 12.0 53.0 0.6071 0.0 0.0 -2.826 0.2 995.0 1.5939 14.0 60.0 1.5071 0.0 0.0 -2.926 0.14142 990.0 1.5987 11.0 61.0 2.1071 0.0 0.0 -2.526 0.14142 989.0 1.5836 10.0 
0.01613 294.59924 53.0 2006.0 1.0 61.0 1.1071 0.0 3.174 0.0 0.31623 994.0 2.0003 13.0 63.0 2.2071 0.0 1.474 0.0 0.28284 994.0 2.1336 12.0 62.0 3.5071 0.0 0.274 0.0 0.28284 993.0 1.9631 12.0 60.0 4.8071 0.0 0.0 -0.626 0.22361 994.0 1.9352 12.0 57.0 6.1071 0.0 0.0 -1.326 0.22361 995.0 1.8436 13.0 
0.05396 300.90555 51.0 2007.0 1.0 90.0 0.0071 0.0 3.774 0.0 0.56569 986.0 2.5 10.0 88.0 2.2071 0.0 1.574 0.0 0.5 984.0 2.5 9.0 83.0 4.2071 0.0 0.074 0.0 0.31623 984.0 2.4263 9.0 72.0 5.7071 0.0 0.0 -0.726 0.22361 987.0 2.0365 10.0 60.0 6.9071 0.0 0.0 -1.026 0.1 992.0 1.7509 11.0 
0.10387 97.07306 68.0 2008.0 1.0 52.0 0.0 -0.8929 1.074 0.0 0.2 997.0 1.7261 15.0 54.0 0.4071 0.0 0.774 0.0 0.2 995.0 1.6546 13.0 56.0 1.6071 0.0 0.274 0.0 0.22361 995.0 1.7795 13.0 55.0 2.8071 0.0 0.0 -0.426 0.22361 995.0 1.7165 13.0 53.0 3.9071 0.0 0.0 -0.926 0.22361 995.0 1.5939 13.0 
0.0397 227.64058 54.0 2009.0 1.0 73.0 0.3071 0.0 3.074 0.0 0.44721 989.0 2.2679 14.0 75.0 1.6071 0.0 1.274 0.0 0.36056 986.0 2.1279 13.0 80.0 3.0071 0.0 0.0 -0.026 0.22361 982.0 2.1086 12.0 90.0 4.3071 0.0 0.0 -0.926 0.31623 974.0 2.1213 10.0 104.0 5.6071 0.0 0.0 -1.626 0.31623 961.0 2.1245 8.0 
0.24528 30.02471 70.0 2010.0 1.0 55.0 0.0 -1.0929 3.274 0.0 0.63246 999.0 2.2069 14.0 52.0 0.2071 0.0 0.174 0.0 0.44721 998.0 1.8412 15.0 50.0 1.4071 0.0 0.0 -2.026 0.36056 996.0 1.502 13.0 52.0 2.6071 0.0 0.0 -3.526 0.22361 993.0 1.3809 11.0 58.0 3.8071 0.0 0.0 -4.526 0.28284 991.0 1.5618 13.0 
0.09811 161.73528 57.0 2011.0 1.0 65.0 0.0 -0.6929 2.074 0.0 0.28284 991.0 1.9615 12.0 66.0 0.7071 0.0 1.274 0.0 0.31623 990.0 1.9344 11.0 70.0 2.2071 0.0 1.074 0.0 0.2 988.0 2.0019 10.0 75.0 3.6071 0.0 1.374 0.0 0.2 984.0 1.9811 9.0 77.0 4.9071 0.0 1.774 0.0 0.2 983.0 2.0186 9.0 
0.02846 226.19519 233.0 2014.0 1.0 68.0 0.3071 0.0 3.274 0.0 0.36056 991.0 2.1467 12.0 69.0 1.4071 0.0 1.474 0.0 0.28284 990.0 2.1142 11.0 72.0 2.7071 0.0 0.174 0.0 0.28284 987.0 2.0365 10.0 78.0 4.0071 0.0 0.0 -0.726 0.31623 983.0 2.0713 9.0 83.0 5.3071 0.0 0.0 -1.126 0.22361 978.0 2.0104 8.0 
0.05493 189.9562 54.0 2015.0 1.0 71.0 0.0 -0.1929 3.074 0.0 0.5 993.0 2.5 12.0 69.0 1.4071 0.0 0.974 0.0 0.36056 993.0 2.4314 12.0 67.0 2.9071 0.0 0.0 -0.826 0.36056 993.0 2.2925 12.0 63.0 4.5071 0.0 0.0 -2.126 0.28284 993.0 2.0269 12.0 59.0 5.9071 0.0 0.0 -3.126 0.28284 994.0 1.8713 13.0 
0.07395 266.93657 55.0 2016.0 1.0 85.0 0.0 -0.8929 4.374 0.0 0.56569 989.0 2.5 11.0 83.0 1.5071 0.0 1.874 0.0 0.56569 989.0 2.5 11.0 78.0 3.6071 0.0 0.0 -0.226 0.42426 989.0 2.5 11.0 75.0 5.2071 0.0 0.0 -1.726 0.28284 987.0 2.2097 10.0 71.0 6.4071 0.0 0.0 -2.826 0.22361 986.0 1.9069 10.0 
0.04559 234.34953 65.0 2017.0 1.0 52.0 0.1071 0.0 3.274 0.0 0.44721 999.0 1.9727 17.0 49.0 1.4071 0.0 1.574 0.0 0.42426 999.0 1.7517 17.0 47.0 2.7071 0.0 0.174 0.0 0.28284 999.0 1.6116 18.0 46.0 3.8071 0.0 0.0 -1.026 0.28284 999.0 1.5437 17.0 48.0 4.8071 0.0 0.0 -2.126 0.28284 998.0 1.5688 16.0 
0.08419 234.34953 162.0 2018.0 1.0 45.0 0.8071 0.0 2.074 0.0 0.14142 997.0 1.2927 15.0 48.0 1.4071 0.0 1.574 0.0 0.22361 996.0 1.3843 14.0 49.0 2.1071 0.0 1.174 0.0 0.1 994.0 1.2907 13.0 52.0 2.7071 0.0 0.874 0.0 0.14142 993.0 1.3809 12.0 54.0 3.3071 0.0 0.474 0.0 0.1 992.0 1.4182 12.0 
0.06374 273.42719 51.0 2019.0 1.0 65.0 0.0 -0.0929 3.574 0.0 0.5 996.0 2.5 14.0 62.0 1.8071 0.0 1.674 0.0 0.44721 996.0 2.3095 15.0 58.0 3.7071 0.0 0.074 0.0 0.36056 997.0 2.1474 15.0 54.0 5.2071 0.0 0.0 -1.326 0.36056 997.0 1.8615 16.0 50.0 6.5071 0.0 0.0 -2.726 0.28284 998.0 1.7023 16.0 
0.07849 198.15681 86.0 2021.0 1.0 69.0 0.0 -0.2929 2.774 0.0 0.28284 991.0 2.2103 11.0 66.0 1.0071 0.0 1.474 0.0 0.22361 991.0 2.0223 11.0 63.0 2.2071 0.0 0.574 0.0 0.28284 991.0 1.8426 11.0 61.0 3.3071 0.0 0.0 -0.326 0.14142 991.0 1.7275 11.0 60.0 4.1071 0.0 0.0 -1.026 0.14142 991.0 1.6713 11.0 
0.05425 105.51111 65.0 2023.0 1.0 42.0 0.0 -1.8929 1.674 0.0 0.41231 1000.0 1.3859 17.0 42.0 0.0 -0.8929 0.0 -0.326 0.31623 999.0 1.2869 16.0 44.0 0.2071 0.0 0.0 -1.826 0.28284 998.0 1.3183 14.0 47.0 1.4071 0.0 0.0 -3.026 0.22361 996.0 1.3272 13.0 53.0 2.7071 0.0 0.0 -3.826 0.31623 995.0 1.5939 14.0 
0.0373 205.41978 60.0 2024.0 1.0 94.0 0.2071 0.0 2.974 0.0 0.36056 977.0 2.5 8.0 96.0 1.5071 0.0 1.074 0.0 0.36056 972.0 2.2958 7.0 97.0 2.7071 0.0 0.0 -0.426 0.36056 969.0 2.1841 7.0 99.0 3.8071 0.0 0.0 -1.626 0.28284 966.0 2.1299 7.0 99.0 4.8071 0.0 0.0 -2.526 0.22361 965.0 2.0855 7.0 
0.05772 201.65087 54.0 2025.0 1.0 78.0 0.0 -0.8929 2.774 0.0 0.36056 986.0 2.3015 10.0 88.0 0.9071 0.0 1.574 0.0 0.22361 978.0 2.2599 8.0 102.0 2.5071 0.0 0.874 0.0 0.3 966.0 2.2609 7.0 113.0 4.2071 0.0 0.574 0.0 0.2 954.0 2.2105 6.0 103.0 5.6071 0.0 0.774 0.0 0.3 964.0 2.2114 6.0 
0.04377 136.4364 76.0 2026.0 1.0 57.0 0.0 -2.9929 0.574 0.0 0.56569 999.0 2.3703 12.0 52.0 0.0 -0.4929 0.0 -1.126 0.36056 998.0 1.8412 10.0 50.0 1.4071 0.0 0.0 -2.226 0.22361 997.0 1.5959 11.0 52.0 2.9071 0.0 0.0 -2.926 0.31623 995.0 1.5343 11.0 57.0 4.2071 0.0 0.0 -3.526 0.2 990.0 1.4428 9.0 
0.19827 24.41152 145.0 2027.0 1.0 45.0 0.0 -1.0929 1.874 0.0 0.44721 999.0 1.4773 12.0 44.0 0.2071 0.0 0.074 0.0 0.42426 998.0 1.3183 11.0 46.0 1.6071 0.0 0.0 -1.426 0.28284 997.0 1.3508 10.0 50.0 2.8071 0.0 0.0 -2.726 0.36056 996.0 1.502 12.0 56.0 4.1071 0.0 0.0 -3.826 0.28284 992.0 1.5252 10.0 
0.19343 204.83896 32.0 2029.0 1.0 81.0 0.0 -0.8929 6.174 0.0 1.11803 1000.0 2.5 16.0 77.0 1.8071 0.0 0.374 0.0 0.94868 998.0 2.5 15.0 70.0 3.5071 0.0 0.0 -4.526 0.72801 997.0 2.5 13.0 69.0 4.7071 0.0 0.0 -8.526 0.63246 994.0 2.5 11.0 73.0 5.9071 0.0 0.0 -11.926 0.44721 991.0 2.474 13.0 
0.09039 281.67125 49.0 2030.0 1.0 91.0 0.0 -0.4929 4.974 0.0 0.64031 988.0 2.5 13.0 97.0 1.9071 0.0 1.674 0.0 0.72111 984.0 2.5 12.0 101.0 4.0071 0.0 0.0 -1.426 0.5 977.0 2.5 10.0 98.0 5.6071 0.0 0.0 -3.326 0.36056 972.0 2.3925 9.0 95.0 6.9071 0.0 0.0 -4.326 0.22361 970.0 2.1437 9.0 
0.08096 108.43208 69.0 2032.0 1.0 53.0 0.1071 0.0 1.574 0.0 0.22361 993.0 1.4345 10.0 57.0 0.7071 0.0 0.674 0.0 0.14142 989.0 1.3827 8.0 69.0 1.3071 0.0 0.074 0.0 0.1 983.0 1.6209 9.0 82.0 2.1071 0.0 0.0 -0.126 0.1 975.0 1.8073 8.0 94.0 3.1071 0.0 0.0 -0.126 0.2 968.0 2.0055 7.0 
0.10571 130.85513 70.0 2033.0 1.0 61.0 0.0 -1.3929 1.674 0.0 0.2 993.0 1.9003 13.0 69.0 0.1071 0.0 1.174 0.0 0.3 988.0 1.9451 11.0 76.0 1.6071 0.0 0.874 0.0 0.2 984.0 2.0343 9.0 80.0 3.0071 0.0 0.674 0.0 0.2 981.0 2.0427 9.0 78.0 4.3071 0.0 0.674 0.0 0.2 981.0 1.9419 9.0 
0.06644 220.91639 59.0 2034.0 1.0 47.0 0.2071 0.0 3.174 0.0 0.36056 1001.0 1.8802 19.0 45.0 1.6071 0.0 1.174 0.0 0.36056 1000.0 1.591 16.0 44.0 2.8071 0.0 0.0 -0.426 0.36056 1000.0 1.5211 15.0 46.0 4.0071 0.0 0.0 -1.826 0.22361 999.0 1.5437 18.0 50.0 5.0071 0.0 0.0 -2.926 0.22361 997.0 1.5959 15.0 
0.02136 263.49741 155.0 2035.0 1.0 70.0 1.1071 0.0 3.174 0.0 0.44721 992.0 2.3832 12.0 68.0 2.2071 0.0 0.874 0.0 0.31623 991.0 2.1467 12.0 65.0 3.1071 0.0 0.0 -0.726 0.28284 990.0 1.8762 11.0 65.0 4.0071 0.0 0.0 -1.726 0.22361 989.0 1.798 10.0 64.0 4.7071 0.0 0.0 -2.526 0.14142 987.0 1.6091 10.0 
0.0338 298.16812 78.0 2036.0 1.0 83.0 0.9071 0.0 2.974 0.0 0.22361 976.0 1.9017 8.0 90.0 1.7071 0.0 2.074 0.0 0.22361 971.0 1.9698 7.0 95.0 2.7071 0.0 1.374 0.0 0.22361 967.0 2.0039 7.0 98.0 3.6071 0.0 0.674 0.0 0.14142 964.0 2.0019 6.0 97.0 4.3071 0.0 0.174 0.0 0.1 963.0 1.922 6.0 
0.14102 137.92644 56.0 2038.0 1.0 63.0 0.0 -1.2929 2.174 0.0 0.36056 994.0 2.1336 10.0 68.0 0.4071 0.0 1.174 0.0 0.31623 990.0 2.0534 8.0 75.0 2.2071 0.0 0.574 0.0 0.3 987.0 2.2097 7.0 79.0 3.9071 0.0 0.274 0.0 0.3 983.0 2.1248 7.0 82.0 5.4071 0.0 0.374 0.0 0.2 980.0 2.0811 6.0 
0.02629 298.16812 226.0 2039.0 1.0 91.0 0.0 -0.6929 5.074 0.0 0.64031 988.0 2.5 10.0 91.0 1.7071 0.0 2.074 0.0 0.56569 986.0 2.5 10.0 91.0 4.0071 0.0 0.0 -0.226 0.5 982.0 2.5 9.0 98.0 5.9071 0.0 0.0 -2.126 0.36056 974.0 2.5 8.0 98.0 7.4071 0.0 0.0 -3.626 0.36056 971.0 2.3355 7.0 
0.12046 93.62417 78.0 2040.0 1.0 48.0 0.0 -0.2929 1.874 0.0 0.28284 998.0 1.5688 12.0 48.0 0.5071 0.0 0.674 0.0 0.22361 997.0 1.4708 11.0 50.0 1.4071 0.0 0.0 -0.026 0.22361 996.0 1.502 10.0 53.0 2.4071 0.0 0.0 -0.526 0.1 994.0 1.51 10.0 56.0 3.3071 0.0 0.0 -0.726 0.22361 993.0 1.6015 9.0 
0.02926 292.57727 49.0 2042.0 1.0 49.0 1.5071 0.0 2.874 0.0 0.31623 1000.0 1.8864 18.0 46.0 2.4071 0.0 1.074 0.0 0.28284 1000.0 1.6625 18.0 42.0 3.4071 0.0 0.0 -0.026 0.28284 1000.0 1.3859 19.0 38.0 4.3071 0.0 0.0 -0.826 0.22361 1000.0 1.1345 19.0 35.0 5.1071 0.0 0.0 -1.226 0.1 1001.0 1.0427 20.0 
0.15016 108.76564 60.0 2043.0 1.0 63.0 0.0 -2.5929 1.574 0.0 0.5099 998.0 2.5 13.0 63.0 0.1071 0.0 0.974 0.0 0.41231 996.0 2.3846 15.0 66.0 2.3071 0.0 0.474 0.0 0.3 993.0 2.2245 12.0 66.0 4.1071 0.0 0.274 0.0 0.31623 992.0 2.1186 12.0 63.0 5.6071 0.0 0.574 0.0 0.22361 991.0 1.8426 11.0 
0.03798 258.10129 45.0 2044.0 1.0 76.0 0.1071 0.0 3.974 0.0 0.5831 993.0 2.5 12.0 77.0 2.0071 0.0 1.174 0.0 0.5 991.0 2.5 11.0 76.0 3.8071 0.0 0.0 -1.026 0.42426 989.0 2.4581 11.0 72.0 5.6071 0.0 0.0 -2.226 0.31623 989.0 2.2062 10.0 71.0 7.3071 0.0 0.0 -2.526 0.31623 989.0 2.1453 10.0 
0.06163 218.67807 60.0 2045.0 1.0 64.0 0.2071 0.0 2.574 0.0 0.36056 992.0 1.9922 12.0 63.0 1.3071 0.0 1.474 0.0 0.28284 991.0 1.8426 11.0 64.0 2.3071 0.0 0.774 0.0 0.2 989.0 1.7431 11.0 69.0 3.4071 0.0 0.574 0.0 0.2 986.0 1.801 10.0 77.0 4.6071 0.0 0.674 0.0 0.2 982.0 1.9535 9.0 
0.02302 288.58221 49.0 2046.0 1.0 86.0 0.7071 0.0 3.474 0.0 0.44721 985.0 2.5 12.0 86.0 2.2071 0.0 1.374 0.0 0.36056 982.0 2.4368 11.0 89.0 3.8071 0.0 0.0 -0.026 0.28284 977.0 2.2473 10.0 96.0 5.3071 0.0 0.0 -1.026 0.28284 972.0 2.2958 9.0 98.0 6.7071 0.0 0.0 -2.026 0.31623 969.0 2.2294 9.0 
0.07311 189.9562 45.0 2047.0 1.0 78.0 0.0 -0.5929 4.074 0.0 0.76158 994.0 2.5 13.0 73.0 1.4071 0.0 0.974 0.0 0.56569 994.0 2.5 13.0 71.0 3.5071 0.0 0.0 -0.926 0.5 992.0 2.4518 12.0 72.0 5.4071 0.0 0.0 -2.426 0.44721 990.0 2.3021 11.0 70.0 7.3071 0.0 0.0 -3.826 0.42426 991.0 2.2749 12.0 
0.05177 171.21175 66.0 2048.0 1.0 68.0 0.0 -0.8929 2.974 0.0 0.56569 995.0 2.5 10.0 64.0 1.1071 0.0 1.074 0.0 0.36056 995.0 2.3242 10.0 60.0 2.9071 0.0 0.0 -0.226 0.36056 995.0 2.0427 10.0 56.0 4.3071 0.0 0.0 -1.126 0.28284 994.0 1.6858 10.0 54.0 5.4071 0.0 0.0 -1.826 0.14142 994.0 1.5675 10.0 
0.06963 201.65087 53.0 2049.0 1.0 45.0 0.0 -0.5929 2.874 0.0 0.42426 1001.0 1.7236 21.0 44.0 0.9071 0.0 1.574 0.0 0.36056 1000.0 1.5211 20.0 44.0 2.4071 0.0 0.474 0.0 0.22361 1000.0 1.5211 19.0 44.0 3.8071 0.0 0.0 -0.226 0.31623 1000.0 1.5211 19.0 44.0 5.3071 0.0 0.0 -0.726 0.2 1000.0 1.5211 18.0 
0.40779 30.42421 220.0 2050.0 1.0 63.0 0.0 -1.5929 0.674 0.0 0.3 992.0 1.9304 12.0 74.0 0.0071 0.0 0.274 0.0 0.3 986.0 2.0715 10.0 82.0 1.5071 0.0 0.0 -0.126 0.2 980.0 2.0811 8.0 84.0 2.8071 0.0 0.0 -0.226 0.1 976.0 1.9478 8.0 87.0 3.7071 0.0 0.074 0.0 0.2 972.0 1.8856 7.0 
0.10218 216.84885 50.0 2053.0 1.0 52.0 0.0 -0.7929 3.274 0.0 0.42426 1000.0 2.1245 18.0 54.0 1.0071 0.0 1.674 0.0 0.36056 998.0 1.9855 16.0 55.0 2.7071 0.0 0.374 0.0 0.28284 998.0 2.0598 15.0 55.0 4.3071 0.0 0.0 -0.726 0.31623 997.0 1.931 15.0 53.0 6.0071 0.0 0.0 -1.326 0.31623 998.0 1.9127 15.0 
0.04036 281.38153 94.0 2054.0 1.0 103.0 0.4071 0.0 3.574 0.0 0.36056 968.0 2.4079 9.0 96.0 1.7071 0.0 1.874 0.0 0.28284 972.0 2.2958 9.0 91.0 2.8071 0.0 0.674 0.0 0.22361 973.0 2.1145 10.0 90.0 3.8071 0.0 0.074 0.0 0.14142 970.0 1.924 9.0 94.0 4.5071 0.0 0.0 -0.326 0.1 964.0 1.8418 9.0 
0.02957 297.06318 63.0 2055.0 1.0 69.0 0.9071 0.0 2.874 0.0 0.22361 987.0 1.8703 10.0 73.0 1.8071 0.0 1.974 0.0 0.28284 984.0 1.8769 9.0 78.0 2.9071 0.0 1.174 0.0 0.14142 980.0 1.883 9.0 86.0 3.8071 0.0 0.674 0.0 0.22361 974.0 1.9369 8.0 94.0 4.8071 0.0 0.274 0.0 0.1 966.0 1.9202 7.0 
0.08883 269.08301 61.0 2056.0 1.0 79.0 0.4071 0.0 2.774 0.0 0.22361 980.0 1.9316 8.0 81.0 1.4071 0.0 1.974 0.0 0.22361 979.0 1.9709 8.0 80.0 2.5071 0.0 1.274 0.0 0.28284 981.0 2.0427 8.0 77.0 3.6071 0.0 0.474 0.0 0.22361 983.0 2.0186 9.0 73.0 4.7071 0.0 0.0 -0.326 0.28284 986.0 2.0159 10.0 
0.11515 84.17478 44.0 2057.0 1.0 48.0 0.0 -0.4929 2.974 0.0 0.53852 1001.0 1.961 13.0 47.0 0.7071 0.0 0.274 0.0 0.53852 1000.0 1.7355 12.0 49.0 2.0071 0.0 0.0 -2.226 0.44721 999.0 1.7517 11.0 54.0 3.4071 0.0 0.0 -4.526 0.44721 997.0 1.8615 9.0 58.0 5.0071 0.0 0.0 -6.526 0.42426 996.0 2.0211 12.0 
0.14934 108.43208 63.0 2060.0 1.0 69.0 0.0 -0.5929 1.774 0.0 0.28284 989.0 2.0261 11.0 71.0 0.7071 0.0 0.674 0.0 0.28284 988.0 2.0595 10.0 73.0 2.0071 0.0 0.0 -0.226 0.28284 986.0 2.0159 10.0 77.0 3.2071 0.0 0.0 -0.926 0.22361 983.0 2.0186 9.0 79.0 4.4071 0.0 0.0 -1.626 0.22361 981.0 1.992 9.0 
0.08352 250.35032 96.0 2061.0 1.0 88.0 0.1071 0.0 2.974 0.0 0.42426 981.0 2.4717 11.0 92.0 1.7071 0.0 1.474 0.0 0.36056 973.0 2.1612 8.0 94.0 3.3071 0.0 0.474 0.0 0.28284 971.0 2.1488 7.0 91.0 4.7071 0.0 0.0 -0.426 0.22361 972.0 2.0629 7.0 84.0 5.8071 0.0 0.0 -1.326 0.14142 976.0 1.9478 8.0 
0.05486 282.76139 74.0 2062.0 1.0 47.0 0.0 -0.0929 2.774 0.0 0.14142 996.0 1.3272 11.0 53.0 0.6071 0.0 2.474 0.0 0.2 993.0 1.4345 9.0 60.0 1.4071 0.0 2.374 0.0 0.1 989.0 1.5321 8.0 68.0 2.1071 0.0 2.374 0.0 0.1 985.0 1.6867 7.0 73.0 3.0071 0.0 2.474 0.0 0.2 983.0 1.8143 7.0 
0.13371 102.82857 67.0 2064.0 1.0 62.0 0.0 -0.5929 1.474 0.0 0.22361 989.0 1.6359 11.0 73.0 0.3071 0.0 0.874 0.0 0.2 983.0 1.8143 9.0 83.0 1.3071 0.0 0.574 0.0 0.2 975.0 1.8516 8.0 93.0 2.3071 0.0 0.674 0.0 0.14142 967.0 1.9204 7.0 111.0 3.2071 0.0 1.174 0.0 0.22361 951.0 2.0297 6.0 
0.09255 132.36053 60.0 2065.0 1.0 66.0 0.0 -1.1929 2.774 0.0 0.56569 997.0 2.5 12.0 62.0 0.9071 0.0 0.774 0.0 0.42426 995.0 2.1812 11.0 59.0 2.5071 0.0 0.0 -0.726 0.36056 995.0 1.9752 10.0 59.0 3.8071 0.0 0.0 -2.126 0.28284 994.0 1.8713 10.0 71.0 5.1071 0.0 0.0 -3.226 0.28284 986.0 1.9069 7.0 
0.12317 126.56952 60.0 2066.0 1.0 43.0 0.0 -1.4929 0.974 0.0 0.22361 996.0 1.1109 12.0 52.0 0.0 -0.5929 0.974 0.0 0.14142 993.0 1.3809 13.0 64.0 0.3071 0.0 1.474 0.0 0.14142 988.0 1.6734 11.0 74.0 1.4071 0.0 2.174 0.0 0.31623 984.0 1.9286 9.0 84.0 2.8071 0.0 2.774 0.0 0.31623 978.0 2.0591 8.0 
0.05617 245.98277 82.0 2067.0 1.0 63.0 0.0 -0.0929 2.474 0.0 0.22361 990.0 1.7625 11.0 65.0 1.0071 0.0 1.974 0.0 0.22361 989.0 1.798 11.0 65.0 2.1071 0.0 1.474 0.0 0.1 989.0 1.798 10.0 64.0 3.0071 0.0 1.174 0.0 0.14142 988.0 1.6734 10.0 64.0 3.7071 0.0 0.874 0.0 0.1 987.0 1.6091 10.0 
0.02864 246.19105 272.0 2069.0 1.0 43.0 0.0 -3.0929 0.0 -0.226 0.42426 1000.0 1.4527 12.0 46.0 0.0 -1.3929 0.0 -1.726 0.42426 999.0 1.5437 11.0 48.0 0.3071 0.0 0.0 -3.226 0.36056 998.0 1.5688 10.0 53.0 2.1071 0.0 0.0 -4.526 0.42426 997.0 1.7931 12.0 59.0 3.8071 0.0 0.0 -5.726 0.36056 994.0 1.8713 10.0 
0.08335 136.94208 103.0 2072.0 1.0 50.0 0.0 -0.6929 2.274 0.0 0.28284 998.0 1.7023 16.0 51.0 0.6071 0.0 1.074 0.0 0.22361 997.0 1.6604 15.0 50.0 1.8071 0.0 0.174 0.0 0.28284 997.0 1.5959 15.0 48.0 2.8071 0.0 0.0 -0.626 0.22361 996.0 1.3843 15.0 46.0 3.7071 0.0 0.0 -1.126 0.14142 996.0 1.2713 15.0 
0.08962 132.36053 54.0 2073.0 1.0 53.0 0.0 -0.9929 2.774 0.0 0.5 1000.0 2.207 13.0 54.0 0.9071 0.0 0.774 0.0 0.42426 1000.0 2.291 14.0 50.0 2.7071 0.0 0.0 -1.026 0.36056 1000.0 1.9642 14.0 48.0 4.4071 0.0 0.0 -2.526 0.28284 1000.0 1.8102 14.0 49.0 5.8071 0.0 0.0 -3.826 0.28284 999.0 1.7517 13.0 
0.07984 183.15492 72.0 2074.0 1.0 43.0 1.1071 0.0 1.774 0.0 0.31623 1001.0 1.5738 20.0 36.0 1.6071 0.0 0.374 0.0 0.22361 1001.0 1.1031 21.0 30.0 2.0071 0.0 0.0 -0.426 0.1 1001.0 1.0 22.0 27.0 2.2071 0.0 0.0 -0.926 0.1 1002.0 1.0 23.0 23.0 2.3071 0.0 0.0 -1.226 0.0 1002.0 1.0 24.0 
0.10075 236.7213 128.0 2075.0 1.0 53.0 0.4071 0.0 2.274 0.0 0.0 992.0 1.3662 12.0 56.0 0.8071 0.0 1.974 0.0 0.1 990.0 1.3926 11.0 58.0 1.3071 0.0 1.874 0.0 0.1 989.0 1.4316 11.0 61.0 1.8071 0.0 1.974 0.0 0.1 987.0 1.4617 10.0 66.0 2.3071 0.0 2.274 0.0 0.0 984.0 1.5342 9.0 
0.19432 61.36266 108.0 2078.0 1.0 44.0 0.2071 0.0 0.874 0.0 0.1 996.0 1.1632 14.0 47.0 0.4071 0.0 0.374 0.0 0.14142 994.0 1.1875 13.0 51.0 0.8071 0.0 0.0 -0.026 0.1 993.0 1.3283 12.0 54.0 1.3071 0.0 0.0 -0.126 0.1 991.0 1.3538 11.0 56.0 1.8071 0.0 0.0 -0.026 0.14142 990.0 1.3926 11.0 
0.01722 300.81587 61.0 2079.0 1.0 73.0 0.0071 0.0 3.674 0.0 0.42426 987.0 2.0934 10.0 77.0 1.3071 0.0 2.374 0.0 0.31623 984.0 2.0882 9.0 80.0 2.5071 0.0 1.674 0.0 0.22361 980.0 1.9808 8.0 86.0 3.7071 0.0 1.174 0.0 0.2 975.0 1.9879 8.0 90.0 4.7071 0.0 0.874 0.0 0.22361 971.0 1.9698 7.0 
0.077 169.69959 48.0 2080.0 1.0 49.0 0.0 -2.6929 0.0 -1.226 0.5099 1002.0 2.2294 25.0 48.0 0.0 -0.0929 0.0 -1.526 0.41231 1002.0 2.1393 22.0 48.0 2.1071 0.0 0.0 -1.626 0.4 1001.0 1.961 21.0 47.0 4.3071 0.0 0.0 -1.626 0.41231 1001.0 1.8802 21.0 44.0 6.3071 0.0 0.0 -1.326 0.31623 1001.0 1.6478 22.0 
0.08331 155.51597 67.0 2081.0 1.0 53.0 0.0 -0.2929 2.474 0.0 0.36056 998.0 1.9127 16.0 55.0 1.0071 0.0 0.974 0.0 0.28284 996.0 1.8174 15.0 55.0 2.2071 0.0 0.0 -0.026 0.28284 995.0 1.7165 13.0 57.0 3.3071 0.0 0.0 -0.726 0.22361 993.0 1.6592 12.0 61.0 4.4071 0.0 0.0 -1.126 0.1 990.0 1.6524 11.0 
0.04859 297.33762 63.0 2082.0 1.0 109.0 0.0 -0.1929 4.274 0.0 0.64031 974.0 2.5 8.0 109.0 2.0071 0.0 1.774 0.0 0.42426 969.0 2.5 7.0 101.0 3.6071 0.0 0.0 -0.126 0.36056 970.0 2.423 7.0 94.0 4.8071 0.0 0.0 -1.726 0.28284 973.0 2.2562 7.0 85.0 5.9071 0.0 0.0 -3.026 0.22361 978.0 2.1084 8.0 
0.06635 315.62409 60.0 2084.0 1.0 58.0 0.2071 0.0 3.174 0.0 0.22361 995.0 1.9088 13.0 60.0 1.7071 0.0 2.274 0.0 0.22361 995.0 2.0427 13.0 60.0 3.1071 0.0 1.274 0.0 0.36056 994.0 1.9352 13.0 59.0 4.5071 0.0 0.274 0.0 0.22361 994.0 1.8713 13.0 56.0 5.6071 0.0 0.0 -0.426 0.22361 994.0 1.6858 13.0 
0.05142 219.05074 54.0 2085.0 1.0 62.0 0.0 -0.7929 4.074 0.0 0.64031 1000.0 2.5 15.0 56.0 1.5071 0.0 1.274 0.0 0.5 1000.0 2.4639 15.0 50.0 3.3071 0.0 0.0 -1.026 0.5 1000.0 1.9642 15.0 48.0 4.8071 0.0 0.0 -2.926 0.36056 999.0 1.6809 14.0 48.0 6.1071 0.0 0.0 -4.526 0.28284 998.0 1.5688 13.0 
0.05244 233.99754 66.0 2086.0 1.0 63.0 0.0 -0.2929 3.474 0.0 0.56569 997.0 2.5 15.0 61.0 1.5071 0.0 1.474 0.0 0.42426 996.0 2.2356 14.0 58.0 3.0071 0.0 0.0 -0.026 0.28284 995.0 1.9088 14.0 54.0 4.1071 0.0 0.0 -0.926 0.22361 995.0 1.6546 13.0 52.0 5.0071 0.0 0.0 -1.126 0.1 994.0 1.4536 13.0 
0.07258 168.61724 57.0 2089.0 1.0 53.0 0.0 -0.3929 3.274 0.0 0.5831 999.0 2.0493 12.0 47.0 1.3071 0.0 0.774 0.0 0.44721 998.0 1.5041 12.0 46.0 2.6071 0.0 0.0 -1.226 0.36056 998.0 1.4408 15.0 48.0 3.9071 0.0 0.0 -2.826 0.28284 997.0 1.4708 13.0 52.0 5.1071 0.0 0.0 -4.126 0.28284 994.0 1.4536 11.0 
0.16274 131.83447 53.0 2090.0 1.0 68.0 0.0 -1.6929 1.374 0.0 0.4 993.0 2.3614 13.0 72.0 0.5071 0.0 1.074 0.0 0.4 990.0 2.3021 11.0 75.0 2.6071 0.0 0.874 0.0 0.3 988.0 2.2981 10.0 75.0 4.4071 0.0 0.874 0.0 0.3 986.0 2.1279 10.0 73.0 5.9071 0.0 0.974 0.0 0.2 986.0 2.0159 10.0 
0.07892 234.34953 48.0 2091.0 1.0 66.0 0.0 -0.5929 3.274 0.0 0.5 994.0 2.3416 13.0 71.0 1.4071 0.0 1.574 0.0 0.42426 992.0 2.4518 12.0 71.0 3.3071 0.0 0.0 -0.026 0.36056 992.0 2.4518 12.0 66.0 5.1071 0.0 0.0 -1.426 0.36056 994.0 2.3416 12.0 61.0 6.8071 0.0 0.0 -2.626 0.36056 996.0 2.2356 13.0 
0.02553 297.06318 57.0 2092.0 1.0 71.0 0.1071 0.0 3.974 0.0 0.5 992.0 2.4518 12.0 72.0 1.8071 0.0 1.974 0.0 0.42426 990.0 2.3021 11.0 71.0 3.3071 0.0 0.474 0.0 0.28284 989.0 2.1453 11.0 70.0 4.6071 0.0 0.0 -0.726 0.28284 987.0 1.9249 10.0 73.0 5.6071 0.0 0.0 -1.826 0.22361 985.0 1.9439 9.0 
0.061 164.81188 58.0 2093.0 1.0 56.0 0.0 -0.2929 3.274 0.0 0.5831 999.0 2.2879 15.0 55.0 1.4071 0.0 0.474 0.0 0.5 999.0 2.2069 14.0 55.0 2.9071 0.0 0.0 -1.726 0.5 997.0 1.931 12.0 58.0 4.2071 0.0 0.0 -3.526 0.36056 994.0 1.8084 10.0 66.0 5.4071 0.0 0.0 -4.926 0.28284 989.0 1.8538 10.0 
0.06846 116.7183 113.0 2095.0 1.0 66.0 0.0 -0.2929 2.074 0.0 0.36056 991.0 2.0223 12.0 67.0 0.8071 0.0 0.674 0.0 0.28284 989.0 1.9104 11.0 68.0 1.8071 0.0 0.0 -0.226 0.14142 987.0 1.8165 10.0 69.0 2.6071 0.0 0.0 -0.626 0.14142 984.0 1.6768 9.0 69.0 3.2071 0.0 0.0 -0.926 0.1 983.0 1.6209 9.0 
0.13014 92.73958 79.0 2096.0 1.0 48.0 0.0 -0.6929 1.774 0.0 0.28284 1000.0 1.8102 18.0 47.0 0.6071 0.0 0.574 0.0 0.28284 999.0 1.6116 17.0 44.0 1.7071 0.0 0.0 -0.326 0.22361 999.0 1.4124 17.0 42.0 2.6071 0.0 0.0 -0.926 0.22361 999.0 1.2869 17.0 40.0 3.4071 0.0 0.0 -1.426 0.1 999.0 1.1673 17.0 
0.08551 188.16797 84.0 2097.0 1.0 42.0 0.0 -1.4929 1.274 0.0 0.1 996.0 1.0598 12.0 47.0 0.0 -0.9929 1.374 0.0 0.1 993.0 1.1281 10.0 59.0 0.0 -0.6929 1.674 0.0 0.14142 988.0 1.4222 10.0 65.0 0.0 -0.1929 2.274 0.0 0.14142 986.0 1.5983 10.0 71.0 0.5071 0.0 2.874 0.0 0.22361 984.0 1.7754 9.0 
0.06368 157.37774 73.0 2098.0 1.0 35.0 1.2071 0.0 1.474 0.0 0.31623 1000.0 1.0 17.0 37.0 1.4071 0.0 0.174 0.0 0.22361 999.0 1.0 15.0 39.0 1.8071 0.0 0.0 -0.926 0.14142 998.0 1.0357 13.0 44.0 2.3071 0.0 0.0 -1.526 0.14142 996.0 1.1632 15.0 48.0 2.9071 0.0 0.0 -1.826 0.2 994.0 1.2385 14.0 
0.03351 251.98434 81.0 2103.0 1.0 49.0 0.5071 0.0 3.274 0.0 0.44721 998.0 1.6349 14.0 49.0 1.8071 0.0 1.374 0.0 0.36056 998.0 1.6349 13.0 49.0 2.9071 0.0 0.0 -0.326 0.28284 997.0 1.5327 12.0 51.0 4.0071 0.0 0.0 -1.626 0.28284 995.0 1.4759 11.0 56.0 4.9071 0.0 0.0 -2.826 0.28284 992.0 1.5252 10.0 
0.09269 274.02945 54.0 2104.0 1.0 89.0 0.0 -0.8929 3.874 0.0 0.64031 988.0 2.5 11.0 93.0 1.6071 0.0 1.874 0.0 0.42426 980.0 2.5 9.0 97.0 3.4071 0.0 0.274 0.0 0.28284 972.0 2.3439 7.0 103.0 4.8071 0.0 0.0 -1.126 0.36056 965.0 2.2574 7.0 103.0 6.1071 0.0 0.0 -2.526 0.28284 964.0 2.2114 7.0 
0.08987 281.57238 121.0 2105.0 1.0 74.0 0.0 -0.6929 3.374 0.0 0.44721 991.0 2.5 11.0 76.0 1.3071 0.0 2.174 0.0 0.22361 987.0 2.269 10.0 75.0 2.8071 0.0 1.574 0.0 0.2 984.0 1.9811 9.0 77.0 4.0071 0.0 1.474 0.0 0.1 981.0 1.8924 9.0 81.0 4.9071 0.0 1.674 0.0 0.1 977.0 1.8615 8.0 
0.19031 92.42951 65.0 2106.0 1.0 99.0 0.0 -0.9929 1.974 0.0 0.28284 968.0 2.2245 7.0 104.0 0.3071 0.0 0.774 0.0 0.22361 964.0 2.2545 6.0 104.0 1.7071 0.0 0.0 -0.126 0.31623 963.0 2.2094 6.0 101.0 3.1071 0.0 0.0 -0.726 0.31623 965.0 2.1706 7.0 98.0 4.4071 0.0 0.0 -1.026 0.1 965.0 2.0436 7.0 
0.21312 22.67945 77.0 2107.0 1.0 38.0 0.0 -1.1929 0.874 0.0 0.22361 999.0 1.0535 17.0 40.0 0.1071 0.0 0.174 0.0 0.22361 998.0 1.0895 15.0 43.0 1.4071 0.0 0.0 -0.626 0.22361 997.0 1.1803 14.0 45.0 2.6071 0.0 0.0 -1.426 0.28284 996.0 1.2166 13.0 47.0 3.6071 0.0 0.0 -2.126 0.14142 995.0 1.2535 15.0 
0.05568 199.1832 67.0 2108.0 1.0 85.0 0.4071 0.0 2.574 0.0 0.36056 980.0 2.2362 9.0 84.0 1.5071 0.0 0.974 0.0 0.28284 979.0 2.1196 8.0 79.0 2.6071 0.0 0.0 -0.226 0.22361 981.0 1.992 9.0 75.0 3.5071 0.0 0.0 -1.326 0.28284 983.0 1.9151 9.0 73.0 4.5071 0.0 0.0 -2.326 0.14142 984.0 1.8769 9.0 
0.03685 266.00859 57.0 2109.0 1.0 62.0 0.0 -0.1929 4.674 0.0 0.72111 1000.0 2.5 21.0 54.0 1.8071 0.0 1.574 0.0 0.5 1000.0 2.291 18.0 50.0 3.3071 0.0 0.0 -0.726 0.36056 999.0 1.8239 15.0 50.0 4.5071 0.0 0.0 -2.726 0.36056 998.0 1.7023 13.0 54.0 5.7071 0.0 0.0 -4.426 0.28284 997.0 1.8615 15.0 
0.0655 239.87422 55.0 2110.0 1.0 68.0 0.0 -0.5929 2.674 0.0 0.22361 988.0 1.8891 13.0 79.0 0.6071 0.0 2.074 0.0 0.2 981.0 1.992 11.0 89.0 1.8071 0.0 1.674 0.0 0.3 974.0 2.0744 10.0 100.0 3.3071 0.0 1.274 0.0 0.3 967.0 2.2204 9.0 113.0 4.9071 0.0 0.874 0.0 0.31623 956.0 2.2881 8.0 
0.1113 39.17945 68.0 2112.0 1.0 46.0 0.0 -0.8929 2.374 0.0 0.44721 1000.0 1.6625 13.0 44.0 0.3071 0.0 0.174 0.0 0.44721 999.0 1.4124 11.0 45.0 1.4071 0.0 0.0 -1.726 0.28284 998.0 1.3789 10.0 48.0 2.5071 0.0 0.0 -3.126 0.28284 996.0 1.3843 9.0 53.0 3.7071 0.0 0.0 -4.226 0.28284 994.0 1.51 11.0 
0.03427 257.5833 79.0 2113.0 1.0 63.0 0.5071 0.0 2.974 0.0 0.36056 994.0 2.1336 13.0 60.0 1.6071 0.0 1.674 0.0 0.22361 992.0 1.7509 12.0 59.0 2.5071 0.0 0.974 0.0 0.14142 991.0 1.6161 11.0 60.0 3.3071 0.0 0.674 0.0 0.1 989.0 1.5321 11.0 63.0 4.0071 0.0 0.574 0.0 0.1 987.0 1.5592 10.0 
0.00502 169.50854 31.0 2114.0 1.0 63.0 0.0 -4.2929 2.674 0.0 0.78102 1001.0 2.5 13.0 59.0 0.0 -1.3929 0.0 -0.626 0.72111 1000.0 2.5 12.0 61.0 0.9071 0.0 0.0 -4.126 0.72111 1000.0 2.5 15.0 67.0 3.0071 0.0 0.0 -7.926 0.67082 998.0 2.5 13.0 69.0 5.1071 0.0 0.0 -11.426 0.5831 996.0 2.5 12.0 
0.09847 239.20143 55.0 2115.0 1.0 97.0 0.0 -0.3929 3.574 0.0 0.56569 982.0 2.5 9.0 104.0 1.8071 0.0 1.174 0.0 0.42426 971.0 2.5 7.0 110.0 3.5071 0.0 0.0 -0.526 0.36056 961.0 2.3767 6.0 121.0 4.9071 0.0 0.0 -1.926 0.28284 948.0 2.3006 5.0 108.0 6.1071 0.0 0.0 -2.926 0.28284 958.0 2.1661 6.0 
0.01925 292.53895 65.0 2116.0 1.0 65.0 0.8071 0.0 3.774 0.0 0.5831 997.0 2.5 15.0 59.0 2.3071 0.0 1.274 0.0 0.5 997.0 2.2221 15.0 54.0 3.6071 0.0 0.0 -0.726 0.36056 997.0 1.8615 14.0 54.0 4.6071 0.0 0.0 -2.326 0.22361 995.0 1.6546 11.0 61.0 5.4071 0.0 0.0 -3.526 0.22361 991.0 1.7275 11.0 
0.11522 101.0933 176.0 2117.0 1.0 66.0 0.0 -0.4929 1.874 0.0 0.28284 991.0 2.0223 11.0 69.0 0.7071 0.0 0.574 0.0 0.14142 988.0 1.9451 10.0 73.0 1.7071 0.0 0.0 -0.326 0.14142 984.0 1.8769 9.0 76.0 2.6071 0.0 0.0 -1.026 0.1 980.0 1.7877 9.0 81.0 3.4071 0.0 0.0 -1.326 0.1 975.0 1.7635 8.0 
0.12947 164.681 51.0 2118.0 1.0 72.0 0.0 -1.5929 3.574 0.0 0.64031 996.0 2.5 14.0 74.0 0.9071 0.0 1.174 0.0 0.42426 993.0 2.5 12.0 72.0 2.9071 0.0 0.0 -0.926 0.42426 992.0 2.5 12.0 80.0 4.6071 0.0 0.0 -2.626 0.36056 985.0 2.3346 10.0 96.0 6.1071 0.0 0.0 -4.026 0.36056 972.0 2.2958 7.0 
0.0181 297.06318 56.0 2119.0 1.0 62.0 0.0071 0.0 3.874 0.0 0.5 997.0 2.4538 15.0 61.0 1.8071 0.0 1.974 0.0 0.28284 996.0 2.2356 14.0 58.0 3.4071 0.0 0.574 0.0 0.36056 996.0 2.0211 14.0 56.0 4.8071 0.0 0.0 -0.826 0.36056 997.0 2.0019 14.0 54.0 5.9071 0.0 0.0 -2.326 0.36056 997.0 1.8615 15.0 
0.06628 269.45868 225.0 2120.0 1.0 67.0 0.0 -1.5929 3.274 0.0 0.44721 994.0 2.4131 13.0 73.0 0.5071 0.0 2.374 0.0 0.41231 990.0 2.3665 11.0 74.0 2.3071 0.0 1.974 0.0 0.22361 986.0 2.0715 10.0 76.0 3.6071 0.0 1.974 0.0 0.2 982.0 1.903 9.0 78.0 4.7071 0.0 2.274 0.0 0.22361 980.0 1.883 8.0 
0.09093 112.1609 77.0 2121.0 1.0 69.0 0.0 -0.5929 1.674 0.0 0.22361 988.0 1.9451 10.0 72.0 0.5071 0.0 0.874 0.0 0.22361 985.0 1.891 9.0 75.0 1.6071 0.0 0.274 0.0 0.2 983.0 1.9151 9.0 78.0 2.6071 0.0 0.074 0.0 0.2 980.0 1.883 8.0 82.0 3.6071 0.0 0.174 0.0 0.14142 976.0 1.8561 8.0 
0.19102 107.02187 49.0 2122.0 1.0 50.0 0.0 -1.4929 2.174 0.0 0.42426 999.0 1.8239 19.0 55.0 0.4071 0.0 0.874 0.0 0.36056 997.0 1.931 19.0 62.0 2.4071 0.0 0.174 0.0 0.31623 995.0 2.1812 17.0 67.0 4.3071 0.0 0.0 -0.126 0.3 992.0 2.1833 15.0 73.0 6.2071 0.0 0.0 -0.126 0.3 988.0 2.1772 13.0 
0.10064 216.84885 53.0 2125.0 1.0 74.0 0.0 -1.2929 3.674 0.0 0.56569 993.0 2.5 20.0 81.0 1.0071 0.0 1.674 0.0 0.36056 988.0 2.5 17.0 86.0 3.0071 0.0 0.174 0.0 0.36056 982.0 2.4368 14.0 95.0 4.6071 0.0 0.0 -0.926 0.28284 972.0 2.2483 12.0 102.0 5.9071 0.0 0.0 -1.826 0.22361 964.0 2.1686 11.0 
0.06823 163.67688 57.0 2126.0 1.0 51.0 0.0 -0.3929 2.674 0.0 0.36056 1000.0 2.0435 19.0 48.0 1.1071 0.0 0.974 0.0 0.36056 1000.0 1.8102 18.0 47.0 2.5071 0.0 0.0 -0.126 0.31623 999.0 1.6116 18.0 46.0 3.9071 0.0 0.0 -0.926 0.22361 999.0 1.5437 17.0 44.0 5.1071 0.0 0.0 -1.626 0.22361 999.0 1.4124 17.0 
0.12275 127.49095 33.0 2127.0 1.0 47.0 0.0 -1.3929 1.574 0.0 0.41231 1001.0 1.8802 21.0 43.0 0.4071 0.0 1.074 0.0 0.3 1001.0 1.5738 21.0 45.0 2.2071 0.0 0.874 0.0 0.41231 1001.0 1.7236 21.0 46.0 4.4071 0.0 0.374 0.0 0.41231 1002.0 1.9647 23.0 42.0 6.6071 0.0 0.0 -0.426 0.41231 1003.0 1.8017 26.0 
0.04229 220.91639 54.0 2130.0 1.0 48.0 0.0071 0.0 3.374 0.0 0.44721 1001.0 1.961 18.0 47.0 1.6071 0.0 1.174 0.0 0.42426 1001.0 1.8802 16.0 48.0 3.3071 0.0 0.0 -0.526 0.28284 1000.0 1.8102 15.0 52.0 4.9071 0.0 0.0 -1.826 0.28284 998.0 1.8412 16.0 53.0 6.3071 0.0 0.0 -2.826 0.22361 997.0 1.7931 15.0 
0.06906 250.54661 51.0 2131.0 1.0 58.0 0.0 -1.2929 3.474 0.0 0.36056 996.0 2.0211 12.0 65.0 0.6071 0.0 2.174 0.0 0.41231 993.0 2.1576 13.0 70.0 2.5071 0.0 1.274 0.0 0.36056 990.0 2.176 11.0 76.0 4.3071 0.0 0.474 0.0 0.31623 986.0 2.185 10.0 83.0 5.9071 0.0 0.0 -0.026 0.31623 980.0 2.1322 8.0 
0.11682 117.23021 55.0 2133.0 1.0 67.0 0.0 -2.6929 0.0 -0.026 0.41231 992.0 2.1833 10.0 76.0 0.0 -0.5929 0.874 0.0 0.5 988.0 2.3598 10.0 89.0 1.3071 0.0 2.474 0.0 0.36056 979.0 2.3795 8.0 105.0 3.1071 0.0 3.774 0.0 0.31623 964.0 2.2981 7.0 121.0 4.8071 0.0 4.474 0.0 0.36056 948.0 2.3006 6.0 
0.02854 245.98277 51.0 2134.0 1.0 53.0 0.0 -0.4929 2.574 0.0 0.22361 996.0 1.6877 14.0 63.0 1.0071 0.0 1.974 0.0 0.31623 993.0 2.0269 12.0 67.0 2.7071 0.0 1.174 0.0 0.22361 991.0 2.0841 11.0 66.0 4.2071 0.0 0.574 0.0 0.31623 991.0 2.0223 11.0 65.0 5.8071 0.0 0.174 0.0 0.31623 992.0 2.0549 11.0 
0.07789 313.01658 68.0 2135.0 1.0 48.0 0.0071 0.0 3.174 0.0 0.14142 995.0 1.3074 13.0 49.0 0.5071 0.0 2.774 0.0 0.2 995.0 1.3624 13.0 50.0 1.3071 0.0 2.874 0.0 0.22361 996.0 1.502 14.0 50.0 2.2071 0.0 3.574 0.0 0.14142 996.0 1.502 14.0 49.0 3.1071 0.0 4.574 0.0 0.22361 998.0 1.6349 15.0 
0.07825 194.1525 63.0 2136.0 1.0 51.0 0.0 -1.4929 2.274 0.0 0.31623 999.0 1.8976 14.0 54.0 0.5071 0.0 1.674 0.0 0.31623 998.0 1.9855 16.0 60.0 2.3071 0.0 1.174 0.0 0.31623 995.0 2.0427 13.0 61.0 3.9071 0.0 0.674 0.0 0.22361 993.0 1.9003 12.0 62.0 5.1071 0.0 0.274 0.0 0.22361 991.0 1.7846 11.0 
0.061 202.68753 72.0 2138.0 1.0 48.0 0.0 -1.5929 0.0 -1.826 0.3 999.0 1.6809 15.0 46.0 0.0071 0.0 0.0 -1.826 0.2 998.0 1.4408 15.0 52.0 1.3071 0.0 0.0 -1.626 0.2 996.0 1.6246 14.0 56.0 2.4071 0.0 0.0 -1.426 0.2 994.0 1.6858 13.0 58.0 3.5071 0.0 0.0 -1.426 0.2 992.0 1.6361 12.0 
0.04937 206.28347 74.0 2139.0 1.0 63.0 0.0 -0.5929 2.474 0.0 0.22361 993.0 2.0269 12.0 65.0 0.8071 0.0 1.674 0.0 0.22361 991.0 1.9615 11.0 64.0 2.0071 0.0 0.974 0.0 0.22361 990.0 1.8189 11.0 61.0 3.0071 0.0 0.274 0.0 0.14142 990.0 1.6524 11.0 59.0 3.7071 0.0 0.0 -0.326 0.14142 991.0 1.6161 11.0 
0.03392 241.60155 57.0 2141.0 1.0 59.0 0.0 -0.0929 3.374 0.0 0.36056 995.0 1.9752 14.0 59.0 1.1071 0.0 1.874 0.0 0.22361 994.0 1.8713 13.0 60.0 2.5071 0.0 1.074 0.0 0.22361 993.0 1.8385 12.0 61.0 3.9071 0.0 0.774 0.0 0.22361 992.0 1.8098 12.0 62.0 5.2071 0.0 0.874 0.0 0.2 991.0 1.7846 11.0 
0.0598 241.60665 53.0 2142.0 1.0 44.0 0.0 -1.4929 2.374 0.0 0.22361 1000.0 1.5211 18.0 48.0 0.1071 0.0 2.174 0.0 0.3 999.0 1.6809 17.0 53.0 1.7071 0.0 2.274 0.0 0.3 997.0 1.7931 15.0 56.0 3.3071 0.0 2.474 0.0 0.3 996.0 1.8841 14.0 58.0 5.1071 0.0 2.374 0.0 0.22361 995.0 1.9088 14.0 
0.07431 205.41978 110.0 2143.0 1.0 114.0 0.1071 0.0 3.274 0.0 0.44721 964.0 2.5 9.0 117.0 1.5071 0.0 1.074 0.0 0.36056 955.0 2.4106 8.0 133.0 2.8071 0.0 0.0 -0.326 0.28284 931.0 2.2033 6.0 157.0 3.8071 0.0 0.0 -1.426 0.14142 898.0 2.1892 5.0 152.0 4.6071 0.0 0.0 -2.126 0.1 900.0 2.0883 5.0 
0.11892 202.03239 110.0 2145.0 1.0 54.0 0.0071 0.0 1.974 0.0 0.0 992.0 1.4182 12.0 54.0 0.4071 0.0 1.774 0.0 0.1 991.0 1.3538 11.0 54.0 0.9071 0.0 1.774 0.0 0.0 991.0 1.3538 11.0 54.0 1.2071 0.0 1.974 0.0 0.1 991.0 1.3538 11.0 55.0 1.6071 0.0 2.174 0.0 0.1 990.0 1.3433 11.0 
0.0687 244.59289 40.0 2148.0 1.0 58.0 0.0 -1.2929 4.074 0.0 0.56569 999.0 2.4542 14.0 63.0 1.3071 0.0 1.774 0.0 0.5 997.0 2.5 15.0 70.0 4.0071 0.0 0.174 0.0 0.5831 995.0 2.5 14.0 73.0 6.7071 0.0 0.0 -0.926 0.44721 992.0 2.5 12.0 72.0 9.0071 0.0 0.0 -1.926 0.41231 991.0 2.4067 12.0 
0.03743 266.79252 77.0 2152.0 1.0 61.0 1.8071 0.0 1.674 0.0 0.14142 990.0 1.6524 11.0 63.0 2.3071 0.0 0.674 0.0 0.22361 988.0 1.6215 10.0 69.0 2.7071 0.0 0.0 -0.326 0.1 984.0 1.6768 9.0 76.0 3.0071 0.0 0.0 -1.026 0.1 977.0 1.6387 8.0 83.0 3.5071 0.0 0.0 -1.326 0.1 973.0 1.7591 7.0 
0.08355 140.98863 54.0 2153.0 1.0 51.0 0.0 -0.5929 2.474 0.0 0.44721 999.0 1.8976 16.0 55.0 1.0071 0.0 0.774 0.0 0.28284 997.0 1.931 16.0 58.0 2.6071 0.0 0.0 -0.026 0.31623 995.0 1.9088 14.0 60.0 4.2071 0.0 0.0 -0.326 0.2 993.0 1.8385 12.0 62.0 5.6071 0.0 0.0 -0.026 0.2 992.0 1.8696 12.0 
0.16629 68.33909 44.0 2154.0 1.0 58.0 0.0 -2.0929 0.0 -1.226 0.42426 998.0 2.2906 16.0 63.0 0.0 -0.3929 0.474 0.0 0.42426 995.0 2.2521 13.0 70.0 1.7071 0.0 1.574 0.0 0.41231 993.0 2.5 12.0 73.0 4.3071 0.0 1.874 0.0 0.5 993.0 2.5 12.0 71.0 7.1071 0.0 1.774 0.0 0.41231 994.0 2.5 13.0 
0.13551 119.80528 65.0 2155.0 1.0 69.0 0.0 -1.3929 1.074 0.0 0.3 989.0 2.0261 11.0 75.0 0.1071 0.0 1.074 0.0 0.22361 984.0 1.9811 9.0 85.0 1.5071 0.0 1.574 0.0 0.22361 977.0 2.0498 8.0 96.0 2.8071 0.0 2.174 0.0 0.22361 968.0 2.0918 7.0 103.0 3.9071 0.0 2.874 0.0 0.22361 962.0 2.1247 6.0 
0.10098 130.98783 63.0 2156.0 1.0 51.0 0.0 -1.9929 0.0 -0.226 0.22361 998.0 1.7711 16.0 56.0 0.0 -0.7929 0.874 0.0 0.28284 996.0 1.8841 14.0 59.0 0.4071 0.0 2.374 0.0 0.36056 995.0 1.9752 13.0 57.0 1.7071 0.0 3.874 0.0 0.28284 996.0 1.952 14.0 52.0 3.1071 0.0 4.874 0.0 0.22361 997.0 1.7261 15.0 
0.11985 203.41205 54.0 2157.0 1.0 77.0 0.0 -0.1929 3.074 0.0 0.5 989.0 2.5 14.0 72.0 1.4071 0.0 1.174 0.0 0.28284 989.0 2.2062 14.0 68.0 2.7071 0.0 0.0 -0.026 0.22361 989.0 1.9678 14.0 67.0 4.0071 0.0 0.0 -0.926 0.28284 990.0 1.9935 14.0 67.0 5.3071 0.0 0.0 -2.026 0.31623 991.0 2.0841 15.0 
0.02706 281.67125 62.0 2158.0 1.0 65.0 0.2071 0.0 3.474 0.0 0.42426 995.0 2.3974 13.0 65.0 1.9071 0.0 1.674 0.0 0.36056 994.0 2.2712 13.0 65.0 3.2071 0.0 0.0 -0.126 0.36056 993.0 2.1576 12.0 64.0 4.2071 0.0 0.0 -1.726 0.36056 992.0 1.9922 12.0 63.0 5.2071 0.0 0.0 -2.926 0.22361 991.0 1.8426 11.0 
0.05594 226.19519 49.0 2160.0 1.0 58.0 0.0 -0.8929 3.274 0.0 0.56569 998.0 2.2906 14.0 63.0 1.4071 0.0 1.474 0.0 0.5 997.0 2.5 15.0 66.0 3.6071 0.0 0.074 0.0 0.36056 994.0 2.3416 13.0 66.0 5.4071 0.0 0.0 -1.026 0.28284 992.0 2.1186 12.0 66.0 6.8071 0.0 0.0 -1.826 0.22361 990.0 1.9344 11.0 
0.14097 229.08438 52.0 2162.0 1.0 71.0 0.0 -0.4929 3.174 0.0 0.42426 991.0 2.3403 15.0 77.0 1.2071 0.0 1.674 0.0 0.36056 986.0 2.2429 13.0 88.0 3.0071 0.0 0.474 0.0 0.36056 979.0 2.3263 11.0 102.0 4.6071 0.0 0.0 -0.626 0.31623 966.0 2.2609 9.0 122.0 6.1071 0.0 0.0 -1.426 0.2 945.0 2.2356 7.0 
0.11105 108.43208 58.0 2163.0 1.0 39.0 0.0 -0.7929 1.574 0.0 0.31623 1002.0 1.4123 18.0 41.0 0.7071 0.0 0.674 0.0 0.31623 1001.0 1.4308 21.0 44.0 2.2071 0.0 0.174 0.0 0.31623 1000.0 1.5211 19.0 45.0 3.6071 0.0 0.0 -0.226 0.3 1000.0 1.591 18.0 45.0 5.0071 0.0 0.0 -0.626 0.22361 1000.0 1.591 18.0 
0.06546 296.99307 56.0 2164.0 1.0 61.0 0.0 -2.6929 2.574 0.0 0.5099 999.0 2.5 13.0 59.0 0.0 -0.0929 2.674 0.0 0.41231 998.0 2.3703 12.0 59.0 2.1071 0.0 2.874 0.0 0.3 997.0 2.2221 11.0 56.0 4.0071 0.0 2.474 0.0 0.31623 997.0 2.0019 11.0 52.0 5.6071 0.0 1.874 0.0 0.2 997.0 1.7261 11.0 
0.1711 71.90593 102.0 2165.0 1.0 23.0 0.5071 0.0 0.0 -0.726 0.1 1002.0 1.0 19.0 27.0 0.6071 0.0 0.0 -0.226 0.14142 1001.0 1.0 18.0 29.0 0.7071 0.0 0.374 0.0 0.14142 1001.0 1.0 22.0 31.0 0.9071 0.0 0.774 0.0 0.1 1000.0 1.0 19.0 35.0 1.1071 0.0 1.074 0.0 0.0 999.0 1.0 17.0 
0.09693 187.25955 52.0 2166.0 1.0 60.0 0.0 -1.6929 2.774 0.0 0.44721 997.0 2.2981 12.0 64.0 0.6071 0.0 1.574 0.0 0.41231 995.0 2.3242 14.0 70.0 2.7071 0.0 0.774 0.0 0.41231 991.0 2.2749 12.0 74.0 4.6071 0.0 0.174 0.0 0.31623 987.0 2.1512 10.0 77.0 6.1071 0.0 0.0 -0.326 0.22361 983.0 2.0186 9.0 
0.02773 242.10437 91.0 2167.0 1.0 47.0 0.0 -2.9929 0.0 -0.426 0.36056 1000.0 1.7355 12.0 46.0 0.0 -1.1929 0.0 -1.826 0.36056 999.0 1.5437 11.0 47.0 0.6071 0.0 0.0 -2.926 0.31623 999.0 1.6116 14.0 51.0 2.3071 0.0 0.0 -3.326 0.3 997.0 1.6604 12.0 54.0 3.8071 0.0 0.0 -3.326 0.2 993.0 1.4892 10.0 
0.16429 83.98134 96.0 2168.0 1.0 51.0 0.0 -1.4929 0.074 0.0 0.2 997.0 1.6604 15.0 55.0 0.0 -0.4929 0.574 0.0 0.22361 994.0 1.6261 13.0 55.0 0.3071 0.0 1.474 0.0 0.14142 994.0 1.6261 12.0 55.0 0.9071 0.0 2.274 0.0 0.22361 994.0 1.6261 12.0 54.0 1.5071 0.0 3.274 0.0 0.14142 994.0 1.5675 12.0 
0.06483 48.64617 116.0 2173.0 1.0 33.0 0.0 -0.6929 0.874 0.0 0.2 1002.0 1.0112 19.0 32.0 0.0 -0.2929 0.0 -0.326 0.22361 1001.0 1.0 17.0 33.0 0.2071 0.0 0.0 -1.226 0.14142 1000.0 1.0 16.0 35.0 0.7071 0.0 0.0 -1.726 0.14142 999.0 1.0 14.0 39.0 1.1071 0.0 0.0 -2.126 0.1 998.0 1.0357 16.0 
0.07843 188.9149 96.0 2175.0 1.0 47.0 0.0 -0.9929 2.274 0.0 0.28284 999.0 1.6116 17.0 46.0 0.3071 0.0 1.674 0.0 0.2 999.0 1.5437 17.0 45.0 1.5071 0.0 1.374 0.0 0.2 999.0 1.4773 17.0 46.0 2.7071 0.0 1.074 0.0 0.2 999.0 1.5437 17.0 45.0 3.9071 0.0 0.474 0.0 0.22361 999.0 1.4773 17.0 
0.08708 185.78384 42.0 2176.0 1.0 56.0 0.0 -3.7929 0.0 -0.326 0.67082 1002.0 2.5 25.0 55.0 0.0 -0.7929 1.474 0.0 0.5 1001.0 2.5 22.0 57.0 2.0071 0.0 3.174 0.0 0.5099 1001.0 2.5 21.0 58.0 5.2071 0.0 3.374 0.0 0.60828 1001.0 2.5 21.0 56.0 8.3071 0.0 2.674 0.0 0.44721 1001.0 2.5 21.0 
0.1051 274.02945 48.0 2177.0 1.0 72.0 0.0 -0.4929 3.474 0.0 0.42426 993.0 2.5 12.0 72.0 1.6071 0.0 1.874 0.0 0.36056 991.0 2.4067 11.0 72.0 3.6071 0.0 0.774 0.0 0.36056 990.0 2.3021 11.0 71.0 5.3071 0.0 0.0 -0.026 0.3 989.0 2.1453 11.0 69.0 6.8071 0.0 0.0 -0.126 0.22361 988.0 1.9451 10.0 
0.04035 273.31587 62.0 2179.0 1.0 95.0 0.6071 0.0 3.574 0.0 0.5 978.0 2.5 11.0 100.0 2.1071 0.0 1.274 0.0 0.42426 972.0 2.4912 10.0 116.0 3.6071 0.0 0.0 -0.426 0.28284 953.0 2.2906 8.0 140.0 4.9071 0.0 0.0 -1.626 0.28284 923.0 2.2243 6.0 140.0 6.0071 0.0 0.0 -2.426 0.22361 921.0 2.176 6.0 
0.04767 206.28347 44.0 2180.0 1.0 42.0 0.0 -0.8929 2.874 0.0 0.36056 1001.0 1.5014 18.0 43.0 0.8071 0.0 1.674 0.0 0.31623 1000.0 1.4527 16.0 49.0 2.8071 0.0 1.374 0.0 0.4 999.0 1.7517 15.0 55.0 5.1071 0.0 1.574 0.0 0.41231 999.0 2.2069 18.0 60.0 7.5071 0.0 2.074 0.0 0.4 997.0 2.2981 15.0 
0.08794 156.56692 59.0 2181.0 1.0 73.0 0.0 -0.6929 3.674 0.0 0.5831 996.0 2.5 14.0 65.0 1.1071 0.0 0.874 0.0 0.5 996.0 2.5 14.0 62.0 2.7071 0.0 0.0 -1.126 0.28284 993.0 1.9631 10.0 69.0 4.1071 0.0 0.0 -2.626 0.36056 990.0 2.1142 11.0 84.0 5.5071 0.0 0.0 -3.926 0.28284 980.0 2.1839 8.0 
0.09023 140.40892 55.0 2182.0 1.0 68.0 0.0 -0.5929 2.374 0.0 0.36056 991.0 2.1467 12.0 68.0 0.8071 0.0 0.974 0.0 0.28284 990.0 2.0534 11.0 70.0 2.3071 0.0 0.0 -0.126 0.22361 988.0 2.0019 11.0 75.0 3.8071 0.0 0.0 -1.126 0.28284 986.0 2.1279 10.0 81.0 5.2071 0.0 0.0 -2.426 0.36056 982.0 2.1617 9.0 
0.13647 241.31529 44.0 2184.0 1.0 60.0 0.0 -2.8929 2.274 0.0 0.6 1001.0 2.5 21.0 56.0 0.0071 0.0 2.174 0.0 0.4 1000.0 2.4639 19.0 57.0 2.6071 0.0 2.074 0.0 0.41231 999.0 2.3703 17.0 58.0 5.1071 0.0 1.474 0.0 0.5099 999.0 2.4542 17.0 57.0 7.5071 0.0 0.374 0.0 0.44721 999.0 2.3703 17.0 
0.08513 132.05205 141.0 2185.0 1.0 61.0 0.0 -0.4929 2.674 0.0 0.42426 996.0 2.2356 14.0 57.0 0.8071 0.0 0.874 0.0 0.28284 996.0 1.952 14.0 53.0 1.9071 0.0 0.0 -0.426 0.22361 996.0 1.6877 14.0 50.0 2.8071 0.0 0.0 -1.226 0.14142 996.0 1.502 14.0 48.0 3.5071 0.0 0.0 -1.826 0.14142 995.0 1.3074 14.0 
0.06098 190.00355 83.0 2189.0 1.0 54.0 1.7071 0.0 0.0 -0.726 0.1 991.0 1.3538 11.0 54.0 1.7071 0.0 0.0 -0.126 0.1 991.0 1.3538 11.0 56.0 1.9071 0.0 0.374 0.0 0.1 990.0 1.3926 11.0 58.0 2.0071 0.0 0.974 0.0 0.1 989.0 1.4316 11.0 61.0 2.1071 0.0 1.674 0.0 0.1 989.0 1.5836 10.0 
0.13052 234.78183 54.0 2190.0 1.0 70.0 0.0 -3.6929 0.074 0.0 0.53852 997.0 2.5 15.0 70.0 0.0 -1.2929 1.674 0.0 0.42426 993.0 2.5 12.0 70.0 0.5071 0.0 3.074 0.0 0.36056 991.0 2.2749 11.0 68.0 2.4071 0.0 3.474 0.0 0.3 992.0 2.249 12.0 64.0 4.4071 0.0 3.074 0.0 0.31623 995.0 2.3242 13.0 
0.04135 258.72541 77.0 2191.0 1.0 50.0 0.0 -3.9929 0.974 0.0 0.5 999.0 1.8239 12.0 49.0 0.0 -2.0929 0.0 -1.026 0.44721 999.0 1.7517 15.0 49.0 0.0 -0.4929 0.0 -2.826 0.36056 998.0 1.6349 14.0 51.0 1.1071 0.0 0.0 -3.726 0.31623 995.0 1.4759 12.0 56.0 2.7071 0.0 0.0 -3.926 0.2 993.0 1.6015 12.0 
0.0457 121.95089 44.0 2192.0 1.0 54.0 0.0 -2.9929 0.874 0.0 0.56569 1000.0 2.291 15.0 61.0 0.0 -0.3929 0.0 -1.026 0.5 998.0 2.5 13.0 66.0 2.4071 0.0 0.0 -2.126 0.5099 996.0 2.5 13.0 70.0 5.2071 0.0 0.0 -2.626 0.4 994.0 2.5 13.0 74.0 7.5071 0.0 0.0 -2.926 0.3 989.0 2.3304 11.0 
0.06441 260.22118 47.0 2193.0 1.0 46.0 0.0 -2.8929 1.474 0.0 0.3 1000.0 1.6625 20.0 50.0 0.0 -1.0929 2.074 0.0 0.22361 999.0 1.8239 17.0 53.0 0.7071 0.0 2.674 0.0 0.41231 999.0 2.0493 17.0 57.0 3.1071 0.0 2.774 0.0 0.41231 999.0 2.3703 17.0 57.0 5.7071 0.0 2.074 0.0 0.53852 1000.0 2.5 18.0 
0.09936 156.04509 94.0 2194.0 1.0 31.0 0.5071 0.0 1.574 0.0 0.14142 1000.0 1.0 21.0 34.0 0.9071 0.0 1.074 0.0 0.1 999.0 1.0 19.0 36.0 1.4071 0.0 0.874 0.0 0.0 997.0 1.0 17.0 43.0 1.8071 0.0 0.774 0.0 0.1 996.0 1.1109 19.0 51.0 2.4071 0.0 0.574 0.0 0.1 993.0 1.3283 16.0 
0.05289 282.27687 64.0 2195.0 1.0 48.0 1.9071 0.0 0.0 -1.926 0.28284 999.0 1.6809 16.0 47.0 2.5071 0.0 0.0 -0.426 0.31623 999.0 1.6116 16.0 45.0 3.0071 0.0 1.074 0.0 0.2 999.0 1.4773 17.0 42.0 3.3071 0.0 2.374 0.0 0.2 999.0 1.2869 17.0 40.0 3.5071 0.0 3.574 0.0 0.22361 1000.0 1.2571 18.0 
0.27098 97.07306 57.0 2196.0 1.0 64.0 0.0 -1.2929 1.474 0.0 0.31623 994.0 2.2019 21.0 66.0 0.4071 0.0 0.774 0.0 0.31623 991.0 2.0223 19.0 68.0 1.9071 0.0 0.574 0.0 0.2 988.0 1.8891 17.0 74.0 3.2071 0.0 0.774 0.0 0.2 984.0 1.9286 15.0 82.0 4.4071 0.0 0.974 0.0 0.3 979.0 2.0199 14.0 
0.08739 246.90119 74.0 2197.0 1.0 38.0 1.1071 0.0 0.0 -2.326 0.14142 1000.0 1.1345 25.0 42.0 1.7071 0.0 0.0 -1.426 0.22361 999.0 1.2869 22.0 45.0 2.4071 0.0 0.0 -0.426 0.14142 998.0 1.3789 20.0 46.0 3.0071 0.0 0.474 0.0 0.22361 997.0 1.3508 19.0 48.0 3.7071 0.0 1.374 0.0 0.14142 996.0 1.3843 19.0 
0.1196 119.2166 101.0 2198.0 1.0 47.0 0.0 -1.2929 1.374 0.0 0.2 997.0 1.4101 12.0 54.0 0.0071 0.0 1.074 0.0 0.2 995.0 1.6546 14.0 62.0 1.2071 0.0 1.074 0.0 0.2 990.0 1.707 11.0 68.0 2.3071 0.0 1.274 0.0 0.1 986.0 1.7492 10.0 74.0 3.2071 0.0 1.574 0.0 0.14142 981.0 1.7478 9.0 
0.07287 171.69251 63.0 2199.0 1.0 46.0 0.0 -0.3929 2.274 0.0 0.28284 1000.0 1.6625 19.0 45.0 1.0071 0.0 1.174 0.0 0.28284 1000.0 1.591 19.0 44.0 2.3071 0.0 0.074 0.0 0.28284 1000.0 1.5211 19.0 44.0 3.5071 0.0 0.0 -1.126 0.28284 1000.0 1.5211 19.0 45.0 4.7071 0.0 0.0 -2.326 0.28284 1000.0 1.591 18.0 
0.09216 132.37635 79.0 2201.0 1.0 45.0 0.0 -2.3929 0.0 -0.326 0.36056 1000.0 1.591 16.0 48.0 0.0 -0.3929 0.0 -1.126 0.41231 999.0 1.6809 15.0 50.0 1.6071 0.0 0.0 -1.526 0.3 998.0 1.7023 13.0 46.0 3.1071 0.0 0.0 -1.926 0.2 997.0 1.3508 13.0 44.0 4.2071 0.0 0.0 -2.426 0.14142 996.0 1.1632 12.0 
0.06868 163.67688 44.0 2202.0 1.0 59.0 0.0 -0.5929 2.474 0.0 0.36056 995.0 1.9752 14.0 73.0 1.1071 0.0 0.974 0.0 0.36056 990.0 2.3665 11.0 82.0 3.1071 0.0 0.0 -0.426 0.44721 986.0 2.5 10.0 88.0 5.3071 0.0 0.0 -1.626 0.5 982.0 2.5 9.0 96.0 7.3071 0.0 0.0 -2.926 0.41231 975.0 2.4771 8.0 
0.02267 287.33753 71.0 2203.0 1.0 65.0 1.6071 0.0 2.674 0.0 0.22361 990.0 1.8762 8.0 56.0 2.3071 0.0 1.174 0.0 0.22361 994.0 1.6858 10.0 48.0 2.9071 0.0 0.0 -0.026 0.22361 995.0 1.3074 8.0 49.0 3.6071 0.0 0.0 -1.126 0.14142 995.0 1.3624 8.0 54.0 4.4071 0.0 0.0 -2.026 0.22361 993.0 1.4892 10.0 
0.06419 203.01067 47.0 2205.0 1.0 62.0 0.0 -1.3929 3.274 0.0 0.64031 999.0 2.5 14.0 60.0 1.2071 0.0 1.374 0.0 0.5 998.0 2.4513 17.0 62.0 3.3071 0.0 0.0 -0.126 0.36056 996.0 2.3095 14.0 64.0 5.2071 0.0 0.0 -1.126 0.31623 994.0 2.2019 13.0 64.0 7.0071 0.0 0.0 -1.526 0.2 992.0 1.9922 12.0 
0.07824 275.67418 65.0 2206.0 1.0 66.0 0.0 -0.3929 3.074 0.0 0.36056 993.0 2.2245 12.0 71.0 1.5071 0.0 1.974 0.0 0.44721 991.0 2.3403 11.0 69.0 3.4071 0.0 0.674 0.0 0.28284 992.0 2.3156 11.0 63.0 4.5071 0.0 0.0 -0.726 0.28284 992.0 1.9304 12.0 59.0 5.3071 0.0 0.0 -1.826 0.14142 992.0 1.693 12.0 
0.04132 185.68035 48.0 2207.0 1.0 48.0 0.0 -2.7929 0.0 -0.726 0.44721 1002.0 2.1393 18.0 47.0 0.0 -0.3929 0.0 -1.626 0.41231 1001.0 1.8802 17.0 49.0 1.8071 0.0 0.0 -2.026 0.41231 1001.0 2.0436 20.0 51.0 3.9071 0.0 0.0 -2.026 0.3 999.0 1.8976 17.0 55.0 5.7071 0.0 0.0 -1.726 0.4 998.0 2.0598 15.0 
0.12033 72.25976 49.0 2208.0 1.0 40.0 0.0 -1.3929 1.374 0.0 0.31623 1000.0 1.2571 12.0 45.0 0.3071 0.0 0.574 0.0 0.36056 999.0 1.4773 11.0 52.0 2.1071 0.0 0.0 -0.726 0.44721 999.0 1.9727 14.0 59.0 4.2071 0.0 0.0 -2.126 0.44721 997.0 2.2221 12.0 64.0 6.3071 0.0 0.0 -3.426 0.36056 995.0 2.3242 13.0 
0.25835 149.12413 39.0 2209.0 1.0 62.0 0.0 -2.5929 3.474 0.0 0.72111 1001.0 2.5 21.0 68.0 0.8071 0.0 1.074 0.0 0.67082 1000.0 2.5 19.0 70.0 4.2071 0.0 0.0 -1.026 0.64031 998.0 2.5 16.0 69.0 7.0071 0.0 0.0 -2.926 0.5 996.0 2.5 14.0 64.0 9.3071 0.0 0.0 -4.226 0.31623 995.0 2.3242 14.0 
0.10727 183.08024 58.0 2211.0 1.0 58.0 0.0 -2.3929 1.474 0.0 0.4 996.0 2.0211 14.0 67.0 0.0 -0.4929 1.574 0.0 0.31623 991.0 2.0841 11.0 71.0 1.2071 0.0 2.274 0.0 0.22361 988.0 2.0595 10.0 69.0 2.5071 0.0 3.174 0.0 0.28284 988.0 1.9451 10.0 69.0 3.8071 0.0 4.174 0.0 0.36056 989.0 2.0261 11.0 
0.08136 270.09077 70.0 2212.0 1.0 33.0 0.0 -2.1929 1.874 0.0 0.2 1001.0 1.0 18.0 39.0 0.0 -1.0929 2.174 0.0 0.22361 1001.0 1.2946 20.0 45.0 0.2071 0.0 2.774 0.0 0.22361 999.0 1.4773 18.0 46.0 1.4071 0.0 3.374 0.0 0.2 999.0 1.5437 17.0 45.0 2.6071 0.0 3.774 0.0 0.2 998.0 1.3789 16.0 
0.02427 254.92441 50.0 2213.0 1.0 48.0 0.0 -3.6929 0.0 -0.326 0.5 1001.0 1.961 19.0 49.0 0.0 -1.3929 0.0 -1.826 0.42426 1001.0 2.0436 17.0 48.0 0.7071 0.0 0.0 -2.926 0.31623 1000.0 1.8102 15.0 54.0 2.9071 0.0 0.0 -3.426 0.41231 999.0 2.1274 16.0 63.0 5.3071 0.0 0.0 -3.526 0.4 996.0 2.3846 15.0 
0.18261 204.80106 63.0 2214.0 1.0 81.0 0.0 -1.1929 2.274 0.0 0.31623 983.0 2.2337 9.0 88.0 0.5071 0.0 1.774 0.0 0.31623 978.0 2.2599 8.0 83.0 2.1071 0.0 1.374 0.0 0.22361 980.0 2.1322 8.0 76.0 3.4071 0.0 0.974 0.0 0.22361 982.0 1.903 9.0 73.0 4.5071 0.0 0.574 0.0 0.22361 984.0 1.8769 9.0 
0.10268 260.95971 35.0 2215.0 1.0 78.0 0.0 -3.2929 4.374 0.0 0.80623 998.0 2.5 16.0 87.0 1.1071 0.0 2.074 0.0 0.76158 996.0 2.5 14.0 86.0 5.2071 0.0 0.074 0.0 0.76158 994.0 2.5 13.0 77.0 8.5071 0.0 0.0 -1.426 0.41231 993.0 2.5 12.0 71.0 10.8071 0.0 0.0 -2.026 0.41231 991.0 2.3403 11.0 
0.0233 242.73765 40.0 2216.0 1.0 51.0 0.0 -0.3929 4.074 0.0 0.56569 1001.0 2.2138 21.0 52.0 1.4071 0.0 1.674 0.0 0.42426 1001.0 2.3015 20.0 54.0 3.4071 0.0 0.0 -0.326 0.44721 1001.0 2.4819 20.0 57.0 6.2071 0.0 0.0 -1.626 0.53852 1001.0 2.5 20.0 56.0 9.2071 0.0 0.0 -2.626 0.53852 1001.0 2.5 21.0 
0.12087 195.86221 77.0 2217.0 1.0 68.0 0.6071 0.0 1.774 0.0 0.1 983.0 1.5743 9.0 70.0 1.1071 0.0 1.374 0.0 0.1 983.0 1.6682 9.0 71.0 1.7071 0.0 0.874 0.0 0.22361 983.0 1.7162 9.0 72.0 2.5071 0.0 0.274 0.0 0.14142 983.0 1.7649 9.0 74.0 3.3071 0.0 0.0 -0.426 0.14142 982.0 1.8042 9.0 
0.15452 162.56959 94.0 2218.0 1.0 82.0 0.0 -0.2929 1.874 0.0 0.22361 976.0 1.8561 13.0 83.0 0.5071 0.0 1.374 0.0 0.1 975.0 1.8516 12.0 85.0 1.4071 0.0 1.174 0.0 0.1 974.0 1.8922 12.0 87.0 2.4071 0.0 1.074 0.0 0.1 974.0 1.9822 12.0 87.0 3.4071 0.0 0.974 0.0 0.2 973.0 1.9327 12.0 
0.08304 172.51937 48.0 2219.0 1.0 50.0 0.0 -1.9929 0.774 0.0 0.36056 996.0 1.502 12.0 62.0 0.0 -0.4929 1.474 0.0 0.22361 992.0 1.8696 12.0 64.0 1.1071 0.0 1.774 0.0 0.4 993.0 2.0918 12.0 74.0 3.3071 0.0 1.774 0.0 0.4 990.0 2.4318 11.0 77.0 5.7071 0.0 1.774 0.0 0.4 989.0 2.5 11.0 
0.04217 282.5478 64.0 2220.0 1.0 69.0 0.4071 0.0 2.974 0.0 0.22361 987.0 1.8703 8.0 73.0 1.6071 0.0 1.974 0.0 0.22361 984.0 1.8769 7.0 76.0 2.8071 0.0 1.174 0.0 0.22361 982.0 1.903 7.0 72.0 3.9071 0.0 0.374 0.0 0.22361 984.0 1.8258 7.0 69.0 4.9071 0.0 0.0 -0.226 0.22361 986.0 1.801 7.0 
0.08166 292.49093 82.0 2221.0 1.0 49.0 0.4071 0.0 2.774 0.0 0.14142 992.0 1.1678 9.0 55.0 0.9071 0.0 2.474 0.0 0.1 990.0 1.3433 8.0 62.0 1.6071 0.0 2.374 0.0 0.2 988.0 1.5705 8.0 68.0 2.5071 0.0 2.374 0.0 0.2 985.0 1.6867 7.0 72.0 3.4071 0.0 2.074 0.0 0.22361 983.0 1.7649 7.0 
0.18152 36.84572 115.0 2222.0 1.0 41.0 0.0 -0.0929 1.674 0.0 0.31623 998.0 1.1446 11.0 41.0 0.3071 0.0 0.0 -0.126 0.22361 998.0 1.1446 15.0 42.0 0.7071 0.0 0.0 -1.526 0.14142 996.0 1.0598 13.0 44.0 1.0071 0.0 0.0 -2.326 0.14142 993.0 1.0 11.0 46.0 1.3071 0.0 0.0 -2.726 0.1 990.0 1.0 10.0 
0.17907 187.04361 48.0 2227.0 1.0 76.0 0.0 -2.6929 1.474 0.0 0.41231 989.0 2.4581 9.0 88.0 0.0 -0.1929 1.674 0.0 0.41231 981.0 2.4717 9.0 105.0 2.3071 0.0 1.674 0.0 0.41231 969.0 2.5 7.0 115.0 4.6071 0.0 1.274 0.0 0.41231 958.0 2.4559 6.0 128.0 6.6071 0.0 0.574 0.0 0.31623 942.0 2.3569 5.0 
0.03025 303.89251 59.0 2228.0 1.0 66.0 1.1071 0.0 2.874 0.0 0.28284 991.0 2.0223 11.0 68.0 2.3071 0.0 1.474 0.0 0.28284 990.0 2.0534 11.0 68.0 3.4071 0.0 0.0 -0.026 0.36056 990.0 2.0534 11.0 67.0 4.5071 0.0 0.0 -1.626 0.22361 990.0 1.9935 11.0 69.0 5.5071 0.0 0.0 -3.026 0.36056 989.0 2.0261 10.0 
0.08214 167.40355 74.0 2229.0 1.0 92.0 0.0 -0.7929 3.074 0.0 0.36056 979.0 2.5 11.0 95.0 0.8071 0.0 1.274 0.0 0.36056 973.0 2.3045 9.0 98.0 2.3071 0.0 0.0 -0.126 0.36056 967.0 2.1324 7.0 103.0 3.7071 0.0 0.0 -1.326 0.28284 961.0 2.0838 6.0 106.0 4.7071 0.0 0.0 -2.326 0.22361 956.0 2.0134 6.0 
0.06658 267.54699 37.0 2231.0 1.0 81.0 0.0 -2.4929 6.374 0.0 1.13137 1001.0 2.5 17.0 84.0 1.9071 0.0 1.474 0.0 1.06301 999.0 2.5 15.0 79.0 5.3071 0.0 0.0 -3.126 0.86023 998.0 2.5 13.0 74.0 7.8071 0.0 0.0 -6.926 0.5831 995.0 2.5 13.0 76.0 9.8071 0.0 0.0 -9.526 0.5 991.0 2.5 12.0 
0.13623 284.57652 60.0 2233.0 1.0 86.0 0.0 -0.2929 3.374 0.0 0.42426 982.0 2.4368 12.0 96.0 1.5071 0.0 2.074 0.0 0.36056 973.0 2.3532 10.0 104.0 3.1071 0.0 0.974 0.0 0.28284 964.0 2.2545 9.0 108.0 4.4071 0.0 0.0 -0.026 0.28284 959.0 2.2062 8.0 98.0 5.5071 0.0 0.0 -0.926 0.28284 967.0 2.1324 9.0 
0.02504 297.33762 53.0 2234.0 1.0 59.0 0.8071 0.0 3.074 0.0 0.28284 993.0 1.7777 9.0 60.0 2.0071 0.0 1.774 0.0 0.28284 994.0 1.9352 10.0 61.0 3.4071 0.0 0.274 0.0 0.28284 994.0 2.0003 10.0 62.0 4.8071 0.0 0.0 -1.126 0.28284 993.0 1.9631 9.0 64.0 6.1071 0.0 0.0 -2.426 0.28284 992.0 1.9922 9.0 
0.1638 13.18352 72.0 2235.0 1.0 33.0 0.0 -1.1929 0.274 0.0 0.2 1002.0 1.0112 13.0 33.0 0.0 -0.0929 0.074 0.0 0.2 1001.0 1.0 12.0 36.0 1.0071 0.0 0.174 0.0 0.2 1000.0 1.0182 11.0 41.0 2.1071 0.0 0.374 0.0 0.2 1000.0 1.3207 14.0 47.0 3.3071 0.0 0.674 0.0 0.2 998.0 1.5041 12.0 
0.08471 132.05205 53.0 2236.0 1.0 42.0 0.0 -0.7929 1.974 0.0 0.31623 1001.0 1.5014 18.0 42.0 0.8071 0.0 0.874 0.0 0.31623 1000.0 1.3859 16.0 44.0 2.3071 0.0 0.0 -0.026 0.31623 999.0 1.4124 15.0 48.0 3.9071 0.0 0.0 -0.426 0.31623 998.0 1.5688 17.0 53.0 5.5071 0.0 0.074 0.0 0.22361 997.0 1.7931 15.0 
0.06999 173.0257 69.0 2238.0 1.0 48.0 0.0 -1.2929 1.974 0.0 0.31623 1000.0 1.8102 19.0 52.0 0.5071 0.0 1.474 0.0 0.3 998.0 1.8412 16.0 50.0 2.1071 0.0 1.174 0.0 0.22361 998.0 1.7023 16.0 48.0 3.3071 0.0 0.574 0.0 0.28284 998.0 1.5688 15.0 47.0 4.2071 0.0 0.0 -0.326 0.22361 998.0 1.5041 15.0 
0.22474 86.59753 71.0 2239.0 1.0 54.0 0.0 -2.8929 0.0 -0.126 0.5099 1001.0 2.4819 22.0 50.0 0.0 -0.3929 0.674 0.0 0.44721 1001.0 2.1279 20.0 46.0 1.5071 0.0 1.674 0.0 0.28284 1001.0 1.801 20.0 41.0 2.9071 0.0 2.774 0.0 0.22361 1001.0 1.4308 21.0 38.0 4.0071 0.0 3.774 0.0 0.22361 1001.0 1.2291 22.0 
0.04881 309.0876 74.0 2240.0 1.0 63.0 0.4071 0.0 3.274 0.0 0.28284 992.0 1.9304 15.0 65.0 1.6071 0.0 2.274 0.0 0.22361 990.0 1.8762 14.0 69.0 2.7071 0.0 1.574 0.0 0.22361 987.0 1.8703 13.0 73.0 3.7071 0.0 0.674 0.0 0.28284 985.0 1.9439 12.0 78.0 4.5071 0.0 0.0 -0.426 0.28284 981.0 1.9419 11.0 
0.15062 97.07306 52.0 2241.0 1.0 57.0 0.0 -1.7929 1.774 0.0 0.44721 997.0 2.074 13.0 62.0 0.4071 0.0 0.774 0.0 0.31623 995.0 2.1812 14.0 68.0 2.3071 0.0 0.174 0.0 0.3 991.0 2.1467 12.0 73.0 4.1071 0.0 0.0 -0.026 0.3 988.0 2.1772 10.0 76.0 5.7071 0.0 0.074 0.0 0.3 985.0 2.1069 9.0 
0.08906 289.68377 56.0 2242.0 1.0 75.0 0.0071 0.0 3.474 0.0 0.36056 989.0 2.3938 11.0 70.0 1.7071 0.0 1.974 0.0 0.36056 991.0 2.2749 11.0 66.0 3.3071 0.0 0.374 0.0 0.42426 993.0 2.2245 12.0 63.0 4.8071 0.0 0.0 -1.326 0.36056 994.0 2.1336 13.0 58.0 6.0071 0.0 0.0 -3.026 0.28284 995.0 1.9088 14.0 
0.07849 175.11799 75.0 2244.0 1.0 49.0 0.0 -0.9929 1.974 0.0 0.14142 995.0 1.3624 11.0 58.0 0.1071 0.0 1.574 0.0 0.2 993.0 1.7179 12.0 65.0 1.3071 0.0 1.474 0.0 0.2 989.0 1.798 11.0 73.0 2.5071 0.0 1.274 0.0 0.22361 984.0 1.8769 9.0 78.0 3.5071 0.0 0.474 0.0 0.22361 981.0 1.9419 9.0 
0.08667 250.0243 63.0 2245.0 1.0 98.0 0.2071 0.0 2.774 0.0 0.31623 969.0 2.2294 9.0 112.0 1.5071 0.0 1.674 0.0 0.22361 955.0 2.209 8.0 120.0 2.6071 0.0 0.574 0.0 0.28284 947.0 2.2284 7.0 121.0 3.8071 0.0 0.0 -0.626 0.36056 947.0 2.2657 7.0 127.0 4.9071 0.0 0.0 -1.926 0.28284 940.0 2.2567 7.0 
0.09226 108.43208 56.0 2246.0 1.0 47.0 0.0 -0.7929 2.774 0.0 0.5 1001.0 1.8802 13.0 45.0 0.7071 0.0 0.674 0.0 0.5 1000.0 1.591 12.0 45.0 2.1071 0.0 0.0 -1.126 0.36056 999.0 1.4773 11.0 47.0 3.5071 0.0 0.0 -2.526 0.28284 998.0 1.5041 12.0 51.0 4.9071 0.0 0.0 -3.626 0.36056 996.0 1.5627 12.0 
0.02712 273.84819 90.0 2250.0 1.0 46.0 1.6071 0.0 2.674 0.0 0.31623 1000.0 1.6625 14.0 42.0 2.3071 0.0 0.874 0.0 0.22361 1000.0 1.3859 14.0 38.0 2.9071 0.0 0.0 -0.426 0.22361 1000.0 1.1345 15.0 35.0 3.3071 0.0 0.0 -1.326 0.14142 1001.0 1.0427 15.0 33.0 3.7071 0.0 0.0 -1.926 0.14142 1001.0 1.0 15.0 
0.05684 269.08301 52.0 2251.0 1.0 81.0 0.0 -0.4929 3.974 0.0 0.42426 988.0 2.5 13.0 89.0 1.4071 0.0 1.974 0.0 0.36056 981.0 2.5 11.0 100.0 3.2071 0.0 0.374 0.0 0.42426 972.0 2.4912 10.0 124.0 4.8071 0.0 0.0 -1.426 0.36056 948.0 2.4161 7.0 138.0 6.1071 0.0 0.0 -3.226 0.28284 932.0 2.4014 6.0 
0.08659 197.2719 87.0 2254.0 1.0 43.0 0.0 -2.0929 0.874 0.0 0.2 1000.0 1.4527 18.0 48.0 0.0 -0.9929 1.474 0.0 0.28284 998.0 1.5688 16.0 51.0 0.2071 0.0 2.274 0.0 0.22361 997.0 1.6604 15.0 51.0 1.5071 0.0 2.874 0.0 0.22361 997.0 1.6604 15.0 49.0 2.8071 0.0 3.374 0.0 0.2 998.0 1.6349 16.0 
0.06693 306.81947 34.0 2255.0 1.0 69.0 0.0 -2.9929 4.874 0.0 0.8544 1001.0 2.5 12.0 78.0 1.7071 0.0 2.174 0.0 0.9434 1000.0 2.5 11.0 76.0 5.9071 0.0 0.0 -1.126 0.78102 999.0 2.5 14.0 67.0 8.9071 0.0 0.0 -3.726 0.64031 998.0 2.5 12.0 63.0 11.2071 0.0 0.0 -5.626 0.42426 996.0 2.3846 11.0 
0.05419 266.93657 58.0 2256.0 1.0 77.0 0.0 -0.3929 3.774 0.0 0.5 991.0 2.5 11.0 75.0 1.5071 0.0 1.874 0.0 0.36056 990.0 2.4979 11.0 69.0 3.1071 0.0 0.374 0.0 0.36056 991.0 2.2103 11.0 64.0 4.4071 0.0 0.0 -1.126 0.22361 992.0 1.9922 12.0 60.0 5.4071 0.0 0.0 -2.226 0.28284 993.0 1.8385 12.0 
0.11649 247.0314 47.0 2257.0 1.0 82.0 0.0 -1.6929 3.474 0.0 0.44721 987.0 2.5 10.0 93.0 0.8071 0.0 2.074 0.0 0.53852 981.0 2.5 9.0 100.0 3.3071 0.0 0.874 0.0 0.44721 975.0 2.5 8.0 102.0 5.4071 0.0 0.0 -0.126 0.41231 970.0 2.4712 7.0 92.0 7.1071 0.0 0.0 -0.926 0.31623 975.0 2.275 8.0 
0.01843 302.817 40.0 2260.0 1.0 55.0 0.0 -1.3929 4.474 0.0 0.64031 1002.0 2.5 19.0 59.0 1.5071 0.0 2.274 0.0 0.64031 1001.0 2.5 21.0 59.0 4.2071 0.0 0.174 0.0 0.5 1000.0 2.5 19.0 59.0 6.8071 0.0 0.0 -1.426 0.36056 999.0 2.5 17.0 52.0 8.9071 0.0 0.0 -2.326 0.31623 999.0 1.9727 17.0 
0.05867 22.93337 109.0 2261.0 1.0 34.0 0.4071 0.0 0.0 -1.126 0.22361 1000.0 1.0 11.0 38.0 0.0 -0.1929 0.074 0.0 0.2 998.0 1.0 10.0 41.0 0.0 -0.5929 1.374 0.0 0.2 998.0 1.1446 11.0 45.0 0.0 -0.7929 2.474 0.0 0.22361 995.0 1.149 11.0 52.0 0.0 -0.8929 3.474 0.0 0.1 991.0 1.2554 9.0 
0.08649 185.78384 56.0 2262.0 1.0 63.0 0.0 -3.7929 0.0 -0.426 0.67082 1000.0 2.5 18.0 65.0 0.0 -0.7929 1.474 0.0 0.5 998.0 2.5 16.0 62.0 1.5071 0.0 3.474 0.0 0.44721 998.0 2.5 16.0 55.0 3.5071 0.0 4.774 0.0 0.36056 998.0 2.0598 16.0 50.0 5.2071 0.0 5.574 0.0 0.31623 998.0 1.7023 16.0 
0.06601 226.22841 63.0 2266.0 1.0 67.0 0.0 -1.3929 2.574 0.0 0.41231 993.0 2.2925 13.0 73.0 0.5071 0.0 1.974 0.0 0.31623 987.0 2.0934 10.0 80.0 2.0071 0.0 1.274 0.0 0.31623 982.0 2.1086 9.0 90.0 3.4071 0.0 0.474 0.0 0.28284 973.0 2.0683 8.0 101.0 4.5071 0.0 0.0 -0.626 0.28284 964.0 2.1263 7.0 
0.11579 295.62212 72.0 2267.0 1.0 85.0 0.0 -1.1929 3.274 0.0 0.53852 987.0 2.5 10.0 80.0 1.2071 0.0 2.374 0.0 0.41231 986.0 2.421 10.0 72.0 3.0071 0.0 1.774 0.0 0.3 988.0 2.1179 10.0 66.0 4.3071 0.0 1.274 0.0 0.22361 989.0 1.8538 11.0 64.0 5.4071 0.0 0.774 0.0 0.14142 989.0 1.7431 11.0 
0.1451 152.12534 54.0 2268.0 1.0 61.0 0.0 -1.8929 3.074 0.0 0.64031 998.0 2.5 14.0 60.0 0.7071 0.0 1.174 0.0 0.5 997.0 2.2981 13.0 58.0 3.0071 0.0 0.0 -0.526 0.42426 996.0 2.0211 12.0 59.0 4.6071 0.0 0.0 -2.526 0.36056 994.0 1.8713 11.0 64.0 5.9071 0.0 0.0 -4.226 0.28284 991.0 1.9016 12.0 
0.14202 96.34943 115.0 2269.0 1.0 38.0 0.0 -0.9929 0.674 0.0 0.1 997.0 1.0 13.0 44.0 0.0 -0.3929 0.774 0.0 0.1 996.0 1.1632 14.0 55.0 0.1071 0.0 1.074 0.0 0.1 991.0 1.4044 12.0 62.0 0.8071 0.0 1.274 0.0 0.14142 988.0 1.5705 10.0 66.0 1.5071 0.0 1.374 0.0 0.2 986.0 1.6478 10.0 
0.07261 310.03964 70.0 2271.0 1.0 72.0 0.0 -0.7929 3.374 0.0 0.36056 989.0 2.2062 11.0 78.0 0.8071 0.0 2.674 0.0 0.31623 984.0 2.1428 9.0 75.0 2.2071 0.0 2.074 0.0 0.28284 984.0 1.9811 9.0 70.0 3.3071 0.0 1.174 0.0 0.22361 987.0 1.9249 10.0 67.0 4.3071 0.0 0.374 0.0 0.22361 988.0 1.834 10.0 
0.20582 75.52132 55.0 2273.0 1.0 42.0 0.0 -2.0929 1.374 0.0 0.44721 1001.0 1.5014 18.0 44.0 0.0 -0.0929 0.674 0.0 0.3 1000.0 1.5211 22.0 48.0 1.8071 0.0 0.274 0.0 0.41231 999.0 1.6809 19.0 50.0 3.7071 0.0 0.174 0.0 0.31623 998.0 1.7023 22.0 56.0 5.3071 0.0 0.974 0.0 0.42426 996.0 1.8841 19.0 
0.08167 278.32653 80.0 2274.0 1.0 80.0 0.0 -0.0929 3.074 0.0 0.14142 979.0 1.9226 8.0 85.0 0.8071 0.0 2.374 0.0 0.2 974.0 1.8922 8.0 87.0 1.7071 0.0 2.074 0.0 0.1 971.0 1.8407 7.0 92.0 2.4071 0.0 2.274 0.0 0.14142 967.0 1.8793 7.0 98.0 3.1071 0.0 2.774 0.0 0.14142 961.0 1.8864 6.0 
0.13132 179.34545 91.0 2275.0 1.0 55.0 0.7071 0.0 1.774 0.0 0.22361 992.0 1.4713 16.0 54.0 1.2071 0.0 1.074 0.0 0.14142 992.0 1.4182 16.0 53.0 1.8071 0.0 0.574 0.0 0.14142 992.0 1.3662 16.0 57.0 2.3071 0.0 0.174 0.0 0.14142 988.0 1.3274 11.0 72.0 2.7071 0.0 0.0 -0.026 0.1 979.0 1.5573 11.0 
0.11838 141.4162 67.0 2276.0 1.0 51.0 0.0 -0.9929 1.774 0.0 0.22361 996.0 1.5627 14.0 50.0 0.0071 0.0 1.274 0.0 0.2 996.0 1.502 14.0 50.0 1.1071 0.0 1.274 0.0 0.2 996.0 1.502 14.0 50.0 2.3071 0.0 1.474 0.0 0.2 997.0 1.5959 15.0 48.0 3.6071 0.0 1.474 0.0 0.2 998.0 1.5688 16.0 
0.08137 279.41649 55.0 2278.0 1.0 89.0 2.3071 0.0 0.0 -2.726 0.5 979.0 2.3795 8.0 89.0 2.5071 0.0 0.0 -0.226 0.41231 979.0 2.3795 8.0 82.0 3.2071 0.0 1.774 0.0 0.31623 981.0 2.1462 9.0 76.0 4.3071 0.0 2.974 0.0 0.28284 984.0 2.0343 9.0 74.0 5.6071 0.0 3.774 0.0 0.22361 986.0 2.0715 10.0 
0.10061 152.08565 88.0 2279.0 1.0 35.0 0.0 -1.5929 0.274 0.0 0.14142 999.0 1.0 16.0 42.0 0.0 -1.1929 0.674 0.0 0.1 997.0 1.1261 15.0 49.0 0.0 -0.8929 1.174 0.0 0.14142 994.0 1.2907 13.0 51.0 0.0 -0.4929 1.874 0.0 0.14142 994.0 1.3982 13.0 55.0 0.0071 0.0 2.774 0.0 0.22361 993.0 1.5448 12.0 
0.07852 282.3899 69.0 2280.0 1.0 67.0 0.0 -2.9929 2.474 0.0 0.5 995.0 2.5 14.0 70.0 0.0 -0.5929 2.474 0.0 0.31623 992.0 2.3832 12.0 70.0 1.3071 0.0 2.674 0.0 0.3 990.0 2.176 11.0 71.0 2.9071 0.0 2.674 0.0 0.3 989.0 2.1453 10.0 66.0 4.6071 0.0 2.474 0.0 0.2 991.0 2.0223 11.0 
0.12349 271.99409 59.0 2281.0 1.0 42.0 0.0 -0.1929 2.574 0.0 0.1 998.0 1.2011 21.0 48.0 0.6071 0.0 2.374 0.0 0.1 995.0 1.3074 18.0 54.0 1.4071 0.0 2.374 0.0 0.2 993.0 1.4892 16.0 61.0 2.5071 0.0 2.374 0.0 0.2 990.0 1.6524 15.0 71.0 3.8071 0.0 2.074 0.0 0.2 987.0 1.9803 13.0 
0.04902 267.36042 48.0 2282.0 1.0 69.0 0.0 -1.7929 2.774 0.0 0.41231 991.0 2.2103 12.0 78.0 0.4071 0.0 2.374 0.0 0.3 987.0 2.39 10.0 86.0 2.5071 0.0 2.174 0.0 0.31623 983.0 2.5 9.0 82.0 4.6071 0.0 1.574 0.0 0.41231 985.0 2.4528 9.0 74.0 6.5071 0.0 1.074 0.0 0.3 988.0 2.2372 10.0 
0.02892 226.19519 52.0 2283.0 1.0 57.0 0.3071 0.0 3.174 0.0 0.36056 996.0 1.952 10.0 59.0 1.4071 0.0 1.474 0.0 0.28284 995.0 1.9752 10.0 62.0 2.8071 0.0 0.074 0.0 0.28284 994.0 2.0664 9.0 66.0 4.3071 0.0 0.0 -1.126 0.36056 993.0 2.2245 9.0 62.0 5.9071 0.0 0.0 -2.326 0.36056 994.0 2.0664 10.0 
0.04121 226.19519 91.0 2284.0 1.0 63.0 0.6071 0.0 2.574 0.0 0.31623 991.0 1.8426 11.0 60.0 1.4071 0.0 1.474 0.0 0.14142 991.0 1.6713 11.0 59.0 2.1071 0.0 0.874 0.0 0.22361 990.0 1.5458 11.0 59.0 2.7071 0.0 0.574 0.0 0.1 988.0 1.4222 11.0 64.0 3.2071 0.0 0.674 0.0 0.14142 984.0 1.4426 10.0 
0.05465 78.1732 73.0 2285.0 1.0 51.0 0.0 -0.8929 0.0 -2.026 0.3 997.0 1.6604 11.0 60.0 0.0 -0.6929 0.0 -0.126 0.3 993.0 1.8385 9.0 62.0 0.0 -0.4929 1.774 0.0 0.4 993.0 1.9631 9.0 60.0 0.0 -0.0929 3.674 0.0 0.31623 993.0 1.8385 9.0 58.0 0.5071 0.0 5.374 0.0 0.36056 994.0 1.8084 9.0 
0.20027 61.84866 202.0 2286.0 1.0 63.0 0.0 -1.7929 0.0 -0.726 0.31623 991.0 1.8426 12.0 80.0 0.0 -0.2929 0.474 0.0 0.28284 983.0 2.1789 9.0 95.0 1.1071 0.0 2.274 0.0 0.36056 974.0 2.3636 8.0 108.0 2.7071 0.0 3.674 0.0 0.36056 963.0 2.3827 6.0 104.0 4.4071 0.0 4.674 0.0 0.31623 964.0 2.2545 7.0 
0.10465 97.73967 62.0 2287.0 1.0 39.0 0.0 -1.0929 1.574 0.0 0.22361 1000.0 1.195 16.0 42.0 0.1071 0.0 0.874 0.0 0.2 999.0 1.2869 14.0 46.0 1.2071 0.0 0.474 0.0 0.2 997.0 1.3508 12.0 53.0 2.4071 0.0 0.174 0.0 0.2 995.0 1.5939 14.0 59.0 3.6071 0.0 0.0 -0.026 0.2 992.0 1.693 12.0 
0.08858 168.61724 115.0 2288.0 1.0 54.0 1.0071 0.0 1.474 0.0 0.1 993.0 1.4892 12.0 54.0 1.3071 0.0 0.774 0.0 0.14142 992.0 1.4182 12.0 53.0 1.6071 0.0 0.174 0.0 0.1 991.0 1.3041 12.0 53.0 1.8071 0.0 0.0 -0.226 0.0 991.0 1.3041 11.0 52.0 2.0071 0.0 0.0 -0.526 0.0 990.0 1.2008 11.0 
0.0905 302.817 50.0 2289.0 1.0 55.0 0.0 -0.1929 3.474 0.0 0.28284 998.0 2.0598 16.0 54.0 1.5071 0.0 2.274 0.0 0.36056 998.0 1.9855 16.0 52.0 3.2071 0.0 1.174 0.0 0.36056 999.0 1.9727 17.0 51.0 4.9071 0.0 0.074 0.0 0.36056 999.0 1.8976 17.0 48.0 6.4071 0.0 0.0 -1.226 0.36056 1000.0 1.8102 18.0 
0.09342 286.59603 94.0 2290.0 1.0 36.0 0.0 -1.8929 2.074 0.0 0.0 998.0 1.0 15.0 44.0 0.0 -1.3929 2.174 0.0 0.14142 996.0 1.1632 15.0 50.0 0.0 -0.8929 2.574 0.0 0.1 994.0 1.3439 13.0 53.0 0.0 -0.1929 2.874 0.0 0.14142 992.0 1.3662 12.0 57.0 0.5071 0.0 3.274 0.0 0.14142 991.0 1.5084 11.0 
0.21196 77.81143 61.0 2291.0 1.0 41.0 0.0 -1.9929 0.0 -1.026 0.36056 1001.0 1.4308 18.0 43.0 0.0 -0.5929 0.374 0.0 0.42426 1001.0 1.5738 21.0 48.0 0.8071 0.0 1.774 0.0 0.36056 999.0 1.6809 18.0 51.0 2.5071 0.0 2.674 0.0 0.31623 999.0 1.8976 17.0 49.0 4.1071 0.0 3.174 0.0 0.31623 999.0 1.7517 17.0 
0.11026 261.25463 53.0 2293.0 1.0 39.0 0.3071 0.0 2.474 0.0 0.0 998.0 1.0357 16.0 36.0 0.6071 0.0 2.274 0.0 0.1 999.0 1.0 17.0 35.0 0.9071 0.0 2.474 0.0 0.1 999.0 1.0 17.0 36.0 1.2071 0.0 3.074 0.0 0.1 1000.0 1.0182 18.0 36.0 1.6071 0.0 3.874 0.0 0.14142 1001.0 1.1031 19.0 
0.11089 176.02117 43.0 2294.0 1.0 80.0 0.0 -4.2929 0.974 0.0 0.70711 998.0 2.5 12.0 78.0 0.0 -0.1929 1.574 0.0 0.60828 995.0 2.5 10.0 74.0 3.0071 0.0 1.874 0.0 0.5 994.0 2.5 9.0 66.0 5.8071 0.0 1.774 0.0 0.41231 996.0 2.5 10.0 56.0 7.9071 0.0 2.474 0.0 0.36056 998.0 2.1353 11.0 
0.09974 174.71578 62.0 2296.0 1.0 41.0 0.0 -1.2929 1.674 0.0 0.2 998.0 1.1446 14.0 48.0 0.0071 0.0 1.574 0.0 0.2 997.0 1.4708 16.0 57.0 1.4071 0.0 1.674 0.0 0.2 994.0 1.7465 13.0 60.0 2.7071 0.0 1.774 0.0 0.3 992.0 1.7509 12.0 64.0 4.0071 0.0 1.774 0.0 0.3 990.0 1.8189 11.0 
0.15446 8.25172 101.0 2299.0 1.0 34.0 0.0 -0.5929 1.174 0.0 0.22361 1000.0 1.0 17.0 35.0 0.0071 0.0 0.074 0.0 0.22361 999.0 1.0 16.0 38.0 0.6071 0.0 0.0 -1.026 0.14142 998.0 1.0 14.0 40.0 1.2071 0.0 0.0 -1.826 0.1 996.0 1.0 13.0 45.0 1.6071 0.0 0.0 -2.426 0.14142 995.0 1.149 14.0 
0.092 180.78988 62.0 2300.0 1.0 60.0 0.0 -2.1929 0.774 0.0 0.31623 994.0 1.9352 10.0 66.0 0.0 -0.6929 1.474 0.0 0.28284 990.0 1.9344 8.0 68.0 0.5071 0.0 2.574 0.0 0.28284 989.0 1.9678 8.0 67.0 1.7071 0.0 3.474 0.0 0.28284 989.0 1.9104 8.0 64.0 3.2071 0.0 4.074 0.0 0.3 992.0 1.9922 9.0 
0.17191 22.67945 61.0 2301.0 1.0 36.0 0.0 -0.7929 0.674 0.0 0.22361 1000.0 1.0182 11.0 40.0 0.1071 0.0 0.174 0.0 0.22361 999.0 1.1673 14.0 46.0 1.2071 0.0 0.0 -0.426 0.22361 998.0 1.4408 12.0 53.0 2.4071 0.0 0.0 -1.126 0.31623 996.0 1.6877 11.0 60.0 3.8071 0.0 0.0 -1.826 0.31623 993.0 1.8385 9.0 
0.04944 286.5152 50.0 2303.0 1.0 69.0 0.0 -2.0929 2.574 0.0 0.3 990.0 2.1142 11.0 78.0 0.0 -0.1929 2.574 0.0 0.31623 986.0 2.3015 10.0 85.0 1.8071 0.0 2.874 0.0 0.3 982.0 2.3805 9.0 86.0 4.0071 0.0 2.974 0.0 0.3 982.0 2.4368 9.0 86.0 6.0071 0.0 2.974 0.0 0.31623 981.0 2.3606 9.0 
0.03179 304.80217 52.0 2305.0 1.0 70.0 0.0 -0.0929 3.874 0.0 0.5 996.0 2.5 10.0 65.0 2.0071 0.0 1.874 0.0 0.5 996.0 2.5 10.0 61.0 3.8071 0.0 0.074 0.0 0.42426 996.0 2.2356 11.0 57.0 5.4071 0.0 0.0 -1.726 0.36056 997.0 2.074 11.0 51.0 6.6071 0.0 0.0 -3.526 0.28284 999.0 1.8976 12.0 
0.07038 242.9482 78.0 2306.0 1.0 39.0 1.7071 0.0 1.474 0.0 0.1 999.0 1.1096 17.0 34.0 1.9071 0.0 1.074 0.0 0.1 999.0 1.0 17.0 32.0 2.1071 0.0 1.174 0.0 0.0 1000.0 1.0 18.0 32.0 2.1071 0.0 1.474 0.0 0.0 1000.0 1.0 19.0 31.0 2.0071 0.0 1.774 0.0 0.1 1000.0 1.0 19.0 
0.17515 219.11542 124.0 2307.0 1.0 52.0 0.0 -0.4929 2.474 0.0 0.14142 994.0 1.4536 13.0 53.0 0.0071 0.0 1.974 0.0 0.1 992.0 1.3662 12.0 56.0 0.5071 0.0 2.074 0.0 0.1 990.0 1.3926 11.0 62.0 0.9071 0.0 2.574 0.0 0.22361 988.0 1.5705 10.0 66.0 1.3071 0.0 3.474 0.0 0.14142 986.0 1.6478 10.0 
0.08833 109.93408 121.0 2308.0 1.0 52.0 0.0 -0.0929 1.774 0.0 0.22361 996.0 1.6246 11.0 52.0 0.8071 0.0 0.574 0.0 0.14142 996.0 1.6246 10.0 51.0 1.6071 0.0 0.0 -0.226 0.22361 995.0 1.4759 10.0 51.0 2.4071 0.0 0.0 -0.726 0.14142 994.0 1.3982 10.0 51.0 3.0071 0.0 0.0 -1.026 0.14142 993.0 1.3283 9.0 
0.25867 132.05205 44.0 2312.0 1.0 71.0 0.0 -2.3929 2.874 0.0 0.72111 998.0 2.5 16.0 68.0 0.8071 0.0 0.874 0.0 0.5831 998.0 2.5 16.0 62.0 3.5071 0.0 0.0 -0.726 0.44721 999.0 2.5 16.0 58.0 5.8071 0.0 0.0 -2.226 0.42426 999.0 2.4542 17.0 50.0 7.7071 0.0 0.0 -3.526 0.31623 1000.0 1.9642 18.0 
0.0228 296.78557 57.0 2313.0 1.0 71.0 0.4071 0.0 3.474 0.0 0.36056 991.0 2.3403 11.0 71.0 1.9071 0.0 1.874 0.0 0.42426 990.0 2.2386 11.0 71.0 3.3071 0.0 0.374 0.0 0.36056 989.0 2.1453 11.0 71.0 4.6071 0.0 0.0 -0.926 0.28284 988.0 2.0595 10.0 73.0 5.7071 0.0 0.0 -2.226 0.28284 986.0 2.0159 10.0 
0.17062 141.78947 78.0 2314.0 1.0 39.0 0.0 -1.2929 1.374 0.0 0.2 999.0 1.1096 20.0 44.0 0.0 -0.0929 1.274 0.0 0.2 997.0 1.2359 17.0 49.0 1.1071 0.0 1.374 0.0 0.1 996.0 1.4425 19.0 57.0 2.1071 0.0 1.774 0.0 0.14142 992.0 1.5802 16.0 62.0 3.0071 0.0 2.474 0.0 0.14142 989.0 1.6359 14.0 
0.11863 221.77751 95.0 2316.0 1.0 31.0 0.0 -1.3929 1.474 0.0 0.14142 1001.0 1.0 17.0 33.0 0.0 -0.6929 1.874 0.0 0.14142 1001.0 1.0 21.0 38.0 0.0 -0.0929 2.374 0.0 0.1 999.0 1.0535 18.0 43.0 0.6071 0.0 2.874 0.0 0.14142 998.0 1.259 16.0 46.0 1.2071 0.0 3.374 0.0 0.22361 996.0 1.2713 14.0 
0.0238 145.63887 55.0 2317.0 1.0 48.0 0.0 -2.8929 1.974 0.0 0.5831 1001.0 1.961 12.0 52.0 0.0 -1.0929 0.0 -0.726 0.5831 1000.0 2.1245 11.0 54.0 0.9071 0.0 0.0 -3.126 0.42426 998.0 1.9855 10.0 54.0 2.6071 0.0 0.0 -4.826 0.42426 996.0 1.752 9.0 58.0 4.3071 0.0 0.0 -6.126 0.28284 994.0 1.8084 10.0 
0.11337 101.0933 59.0 2318.0 1.0 37.0 0.0 -0.4929 2.274 0.0 0.36056 1001.0 1.1652 18.0 42.0 0.7071 0.0 0.574 0.0 0.36056 1001.0 1.5014 16.0 47.0 2.2071 0.0 0.0 -0.926 0.28284 1000.0 1.7355 15.0 46.0 3.7071 0.0 0.0 -2.126 0.22361 999.0 1.5437 14.0 46.0 5.0071 0.0 0.0 -2.926 0.14142 998.0 1.4408 17.0 
0.11311 152.2047 52.0 2319.0 1.0 44.0 0.0 -1.5929 2.074 0.0 0.41231 1001.0 1.6478 18.0 45.0 0.5071 0.0 1.274 0.0 0.31623 1000.0 1.591 16.0 47.0 2.4071 0.0 0.474 0.0 0.31623 1000.0 1.7355 20.0 49.0 4.1071 0.0 0.0 -0.226 0.31623 998.0 1.6349 17.0 52.0 5.7071 0.0 0.0 -0.826 0.22361 996.0 1.6246 15.0 
0.07041 242.05755 51.0 2321.0 1.0 66.0 0.0 -0.5929 3.774 0.0 0.56569 998.0 2.5 16.0 67.0 1.6071 0.0 1.474 0.0 0.56569 996.0 2.5 14.0 65.0 3.5071 0.0 0.0 -0.326 0.42426 995.0 2.3974 13.0 63.0 5.1071 0.0 0.0 -1.626 0.36056 994.0 2.1336 12.0 59.0 6.5071 0.0 0.0 -2.526 0.22361 994.0 1.8713 13.0 
0.15177 89.63457 92.0 2323.0 1.0 39.0 0.7071 0.0 0.0 -0.526 0.1 998.0 1.0357 12.0 43.0 0.8071 0.0 0.0 -0.026 0.1 996.0 1.1109 11.0 45.0 1.1071 0.0 0.574 0.0 0.1 996.0 1.2166 10.0 48.0 1.4071 0.0 1.274 0.0 0.14142 995.0 1.3074 10.0 50.0 1.8071 0.0 2.174 0.0 0.22361 995.0 1.4186 10.0 
0.04458 232.11335 48.0 2324.0 1.0 41.0 0.0 -0.6929 2.874 0.0 0.36056 1002.0 1.5608 24.0 45.0 1.1071 0.0 1.774 0.0 0.36056 1001.0 1.7236 21.0 48.0 2.9071 0.0 0.674 0.0 0.36056 1000.0 1.8102 19.0 49.0 4.6071 0.0 0.0 -0.426 0.36056 1000.0 1.8864 19.0 49.0 6.4071 0.0 0.0 -1.626 0.36056 1000.0 1.8864 19.0 
0.02331 227.64058 52.0 2325.0 1.0 81.0 0.2071 0.0 3.574 0.0 0.5 986.0 2.4819 13.0 83.0 1.6071 0.0 1.274 0.0 0.42426 984.0 2.4263 12.0 88.0 3.1071 0.0 0.0 -0.326 0.22361 977.0 2.1971 11.0 102.0 4.5071 0.0 0.0 -1.226 0.31623 964.0 2.1686 9.0 126.0 6.0071 0.0 0.0 -1.826 0.31623 940.0 2.2213 7.0 
0.08988 107.29667 107.0 2326.0 1.0 55.0 0.0 -1.6929 0.0 -0.226 0.28284 993.0 1.5448 11.0 68.0 0.0 -0.6929 0.674 0.0 0.22361 987.0 1.8165 10.0 73.0 0.2071 0.0 1.874 0.0 0.22361 984.0 1.8769 9.0 83.0 1.2071 0.0 2.774 0.0 0.22361 978.0 2.0104 8.0 87.0 2.4071 0.0 3.374 0.0 0.2 975.0 2.0344 8.0 
0.15441 22.67945 56.0 2327.0 1.0 38.0 0.0 -0.7929 1.974 0.0 0.36056 1001.0 1.2291 13.0 41.0 0.1071 0.0 0.174 0.0 0.36056 1000.0 1.3207 12.0 44.0 1.4071 0.0 0.0 -1.326 0.28284 1000.0 1.5211 15.0 46.0 2.9071 0.0 0.0 -2.426 0.22361 999.0 1.5437 14.0 48.0 4.4071 0.0 0.0 -3.126 0.22361 997.0 1.4708 12.0 
0.07714 201.71074 74.0 2328.0 1.0 49.0 0.0 -0.3929 2.174 0.0 0.22361 997.0 1.5327 15.0 50.0 0.7071 0.0 1.674 0.0 0.2 996.0 1.502 14.0 51.0 1.8071 0.0 1.474 0.0 0.22361 996.0 1.5627 14.0 51.0 2.8071 0.0 1.474 0.0 0.1 995.0 1.4759 13.0 51.0 3.6071 0.0 1.774 0.0 0.1 994.0 1.3982 13.0 
0.0725 226.43256 68.0 2329.0 1.0 54.0 0.4071 0.0 2.474 0.0 0.22361 994.0 1.5675 12.0 55.0 1.0071 0.0 1.774 0.0 0.22361 992.0 1.4713 12.0 58.0 1.8071 0.0 1.474 0.0 0.1 991.0 1.5618 11.0 60.0 2.6071 0.0 1.674 0.0 0.14142 991.0 1.6713 11.0 59.0 3.4071 0.0 2.274 0.0 0.14142 991.0 1.6161 11.0 
0.04238 127.09216 58.0 2332.0 1.0 41.0 0.0 -1.9929 0.774 0.0 0.36056 999.0 1.2264 12.0 42.0 0.0 -0.7929 0.0 -0.826 0.28284 998.0 1.2011 11.0 45.0 0.6071 0.0 0.0 -2.026 0.36056 998.0 1.3789 14.0 51.0 2.2071 0.0 0.0 -3.026 0.31623 996.0 1.5627 12.0 57.0 3.9071 0.0 0.0 -4.026 0.28284 994.0 1.7465 14.0 
0.04126 191.61849 87.0 2333.0 1.0 52.0 0.0 -0.7929 0.0 -2.126 0.31623 998.0 1.8412 16.0 56.0 0.8071 0.0 0.0 -1.526 0.31623 996.0 1.8841 14.0 53.0 2.2071 0.0 0.0 -0.926 0.22361 996.0 1.6877 14.0 50.0 3.4071 0.0 0.0 -0.426 0.22361 997.0 1.5959 14.0 47.0 4.4071 0.0 0.0 -0.226 0.1 997.0 1.4101 15.0 
0.11391 79.14903 73.0 2334.0 1.0 44.0 0.0071 0.0 1.674 0.0 0.22361 997.0 1.2359 12.0 44.0 0.6071 0.0 0.374 0.0 0.22361 997.0 1.2359 12.0 44.0 1.4071 0.0 0.0 -0.626 0.22361 997.0 1.2359 12.0 46.0 2.3071 0.0 0.0 -1.526 0.14142 996.0 1.2713 12.0 53.0 3.2071 0.0 0.0 -2.326 0.28284 993.0 1.4345 10.0 
0.08958 112.13563 60.0 2335.0 1.0 41.0 0.0 -2.3929 0.474 0.0 0.31623 1001.0 1.4308 18.0 42.0 0.0 -0.7929 0.0 -0.626 0.28284 1000.0 1.3859 16.0 45.0 0.7071 0.0 0.0 -1.726 0.31623 999.0 1.4773 14.0 52.0 2.3071 0.0 0.0 -2.126 0.31623 997.0 1.7261 15.0 51.0 3.9071 0.0 0.0 -1.726 0.22361 998.0 1.7711 16.0 
0.11915 186.90786 47.0 2336.0 1.0 67.0 0.0 -0.5929 3.174 0.0 0.42426 994.0 2.4131 13.0 71.0 1.2071 0.0 1.174 0.0 0.5 992.0 2.4518 12.0 74.0 3.2071 0.0 0.0 -0.926 0.5 991.0 2.5 12.0 75.0 5.3071 0.0 0.0 -2.926 0.56569 991.0 2.5 12.0 70.0 7.1071 0.0 0.0 -4.926 0.36056 990.0 2.176 10.0 
0.05628 72.3143 78.0 2337.0 1.0 36.0 0.0 -1.4929 0.774 0.0 0.36056 1000.0 1.0182 13.0 37.0 0.0 -0.4929 0.0 -0.426 0.22361 999.0 1.0 12.0 39.0 0.5071 0.0 0.0 -1.326 0.14142 998.0 1.0357 10.0 42.0 1.5071 0.0 0.0 -2.026 0.1 997.0 1.1261 13.0 45.0 2.4071 0.0 0.0 -2.426 0.2 995.0 1.149 12.0 
0.07261 236.31028 84.0 2338.0 1.0 53.0 0.0 -0.0929 0.0 -2.326 0.2 993.0 1.4345 10.0 64.0 0.9071 0.0 0.0 -1.926 0.22361 988.0 1.6734 11.0 79.0 1.8071 0.0 0.0 -1.326 0.28284 979.0 1.8748 8.0 83.0 2.6071 0.0 0.0 -0.426 0.14142 975.0 1.8516 8.0 91.0 3.1071 0.0 0.474 0.0 0.22361 968.0 1.8796 7.0 
0.04122 222.77416 55.0 2339.0 1.0 56.0 0.0 -0.5929 2.774 0.0 0.36056 994.0 1.6858 14.0 67.0 1.1071 0.0 1.674 0.0 0.31623 992.0 2.1833 15.0 75.0 2.9071 0.0 0.774 0.0 0.31623 987.0 2.2097 13.0 84.0 4.5071 0.0 0.0 -0.026 0.22361 979.0 2.1196 11.0 95.0 5.8071 0.0 0.0 -0.726 0.22361 969.0 2.095 9.0 
0.05171 207.15724 67.0 2340.0 1.0 90.0 0.5071 0.0 0.0 -2.026 0.22361 969.0 1.8803 7.0 111.0 1.4071 0.0 0.0 -1.226 0.28284 951.0 2.0297 6.0 113.0 2.3071 0.0 0.0 -0.126 0.28284 950.0 2.0701 6.0 122.0 3.2071 0.0 1.074 0.0 0.22361 942.0 2.1411 5.0 118.0 4.0071 0.0 2.174 0.0 0.28284 946.0 2.1226 5.0 
0.05742 249.69441 71.0 861.0 1.0 54.0 1.6071 0.0 1.874 0.0 0.1 990.0 1.2949 11.0 58.0 1.6071 0.0 1.574 0.0 0.1 988.0 1.3744 10.0 64.0 1.9071 0.0 1.374 0.0 0.14142 985.0 1.4941 9.0 71.0 2.4071 0.0 0.974 0.0 0.14142 982.0 1.6609 9.0 77.0 3.1071 0.0 0.574 0.0 0.22361 980.0 1.8351 8.0 
0.03253 260.90683 257.0 862.0 1.0 56.0 1.0071 0.0 2.774 0.0 0.36056 996.0 1.8841 14.0 55.0 1.9071 0.0 1.374 0.0 0.28284 995.0 1.7165 13.0 55.0 2.8071 0.0 0.274 0.0 0.22361 994.0 1.6261 13.0 58.0 3.6071 0.0 0.0 -0.726 0.22361 992.0 1.6361 12.0 62.0 4.6071 0.0 0.0 -1.326 0.22361 990.0 1.707 11.0 
0.16475 92.73958 284.0 890.0 1.0 70.0 0.3071 0.0 1.474 0.0 0.2 984.0 1.7258 12.0 71.0 0.6071 0.0 0.574 0.0 0.14142 982.0 1.6609 11.0 72.0 1.1071 0.0 0.174 0.0 0.14142 981.0 1.6546 11.0 73.0 1.7071 0.0 0.174 0.0 0.1 980.0 1.6494 11.0 76.0 2.2071 0.0 0.474 0.0 0.1 979.0 1.7351 11.0 
0.08586 203.01067 262.0 892.0 1.0 65.0 0.4071 0.0 2.174 0.0 0.28284 988.0 1.7261 14.0 66.0 1.2071 0.0 1.374 0.0 0.22361 987.0 1.7112 13.0 66.0 1.9071 0.0 0.974 0.0 0.1 985.0 1.589 12.0 68.0 2.5071 0.0 0.774 0.0 0.1 983.0 1.5743 12.0 71.0 2.9071 0.0 0.574 0.0 0.1 980.0 1.5602 11.0 
0.05084 195.01871 42.0 2342.0 1.0 52.0 0.0 -1.2929 3.374 0.0 0.5831 1002.0 2.5 23.0 55.0 1.3071 0.0 1.174 0.0 0.56569 1001.0 2.5 22.0 55.0 3.6071 0.0 0.0 -1.326 0.5 1001.0 2.5 21.0 53.0 6.0071 0.0 0.0 -3.326 0.44721 1001.0 2.3909 21.0 47.0 8.3071 0.0 0.0 -4.526 0.31623 1002.0 2.0511 22.0 
0.07115 234.69733 106.0 2343.0 1.0 77.0 0.0071 0.0 3.274 0.0 0.5 988.0 2.4223 10.0 81.0 1.6071 0.0 1.374 0.0 0.42426 985.0 2.3933 9.0 79.0 3.1071 0.0 0.0 -0.226 0.36056 985.0 2.2766 9.0 74.0 4.3071 0.0 0.0 -1.526 0.22361 986.0 2.0715 9.0 64.0 5.2071 0.0 0.0 -2.426 0.22361 990.0 1.8189 11.0 
0.20162 204.80106 52.0 2346.0 1.0 77.0 0.0 -2.2929 2.574 0.0 0.53852 993.0 2.5 12.0 78.0 0.5071 0.0 1.774 0.0 0.31623 989.0 2.5 11.0 78.0 2.5071 0.0 1.274 0.0 0.31623 986.0 2.3015 10.0 83.0 4.4071 0.0 0.574 0.0 0.31623 983.0 2.3454 9.0 81.0 6.1071 0.0 0.0 -0.126 0.31623 984.0 2.3108 9.0 
0.04431 266.00859 50.0 2347.0 1.0 92.0 0.3071 0.0 3.574 0.0 0.44721 979.0 2.5 11.0 97.0 1.8071 0.0 1.574 0.0 0.42426 974.0 2.4641 10.0 105.0 3.4071 0.0 0.0 -0.126 0.28284 965.0 2.346 9.0 127.0 4.9071 0.0 0.0 -1.326 0.28284 942.0 2.3202 7.0 135.0 6.3071 0.0 0.0 -2.226 0.22361 931.0 2.2701 6.0 
0.09974 164.681 83.0 2349.0 1.0 41.0 0.2071 0.0 1.774 0.0 0.14142 999.0 1.2264 17.0 43.0 0.9071 0.0 1.174 0.0 0.1 997.0 1.1803 15.0 44.0 1.5071 0.0 0.874 0.0 0.1 996.0 1.1632 14.0 46.0 2.0071 0.0 0.674 0.0 0.0 995.0 1.2007 14.0 48.0 2.5071 0.0 0.574 0.0 0.1 994.0 1.2385 13.0 
0.18056 186.09991 92.0 2350.0 1.0 49.0 0.0 -0.7929 1.674 0.0 0.1 994.0 1.2907 17.0 54.0 0.0 -0.0929 1.674 0.0 0.14142 992.0 1.4182 15.0 60.0 0.5071 0.0 1.974 0.0 0.1 989.0 1.5321 14.0 66.0 1.1071 0.0 2.374 0.0 0.14142 985.0 1.589 12.0 76.0 1.6071 0.0 3.074 0.0 0.14142 979.0 1.7351 11.0 
0.17964 53.71602 52.0 2351.0 1.0 43.0 0.0 -1.1929 2.374 0.0 0.44721 1002.0 1.7168 19.0 43.0 0.3071 0.0 0.374 0.0 0.36056 1001.0 1.5738 18.0 45.0 1.9071 0.0 0.0 -1.126 0.42426 1000.0 1.591 16.0 45.0 3.6071 0.0 0.0 -2.426 0.36056 1000.0 1.591 15.0 50.0 5.4071 0.0 0.0 -3.426 0.36056 999.0 1.8239 18.0 
0.07376 297.33762 45.0 2353.0 1.0 63.0 0.0 -0.4929 3.874 0.0 0.56569 999.0 2.5 17.0 62.0 2.0071 0.0 1.774 0.0 0.42426 998.0 2.5 16.0 59.0 4.1071 0.0 0.0 -0.026 0.36056 998.0 2.3703 16.0 55.0 6.0071 0.0 0.0 -1.626 0.28284 999.0 2.2069 17.0 50.0 7.6071 0.0 0.0 -2.926 0.28284 999.0 1.8239 17.0 
0.08656 248.97244 71.0 2354.0 1.0 62.0 0.0 -2.9929 0.274 0.0 0.42426 993.0 1.9631 10.0 71.0 0.0 -1.4929 1.674 0.0 0.36056 988.0 2.0595 10.0 77.0 0.0 -0.2929 2.974 0.0 0.28284 983.0 2.0186 9.0 86.0 0.8071 0.0 3.974 0.0 0.28284 976.0 2.0416 8.0 85.0 2.2071 0.0 4.674 0.0 0.2 978.0 2.1084 8.0 
0.08696 139.82063 47.0 2355.0 1.0 52.0 0.0 -1.0929 2.374 0.0 0.36056 1000.0 2.1245 20.0 54.0 0.9071 0.0 0.874 0.0 0.31623 999.0 2.1274 18.0 55.0 3.0071 0.0 0.074 0.0 0.31623 998.0 2.0598 17.0 54.0 5.0071 0.0 0.0 -0.326 0.3 998.0 1.9855 16.0 52.0 6.8071 0.0 0.0 -0.226 0.31623 998.0 1.8412 16.0 
0.06003 313.42725 52.0 2356.0 1.0 73.0 0.0 -0.5929 3.174 0.0 0.31623 987.0 2.0934 10.0 78.0 0.9071 0.0 2.674 0.0 0.2 982.0 2.0045 9.0 86.0 2.3071 0.0 2.374 0.0 0.2 977.0 2.0984 8.0 93.0 3.8071 0.0 2.074 0.0 0.2 972.0 2.1546 7.0 93.0 5.3071 0.0 1.774 0.0 0.3 973.0 2.2085 7.0 
0.15283 62.69156 63.0 2357.0 1.0 43.0 0.0 -1.0929 1.874 0.0 0.36056 1001.0 1.5738 22.0 45.0 0.3071 0.0 0.474 0.0 0.28284 1000.0 1.591 19.0 45.0 1.7071 0.0 0.0 -0.526 0.28284 1000.0 1.591 18.0 46.0 3.0071 0.0 0.0 -1.426 0.28284 1000.0 1.6625 18.0 46.0 4.3071 0.0 0.0 -2.326 0.28284 999.0 1.5437 17.0 
0.00396 169.50854 40.0 2358.0 1.0 69.0 0.0 -4.5929 3.874 0.0 1.02956 1001.0 2.5 19.0 69.0 0.0 -1.3929 0.0 -0.626 0.92195 1001.0 2.5 17.0 71.0 2.3071 0.0 0.0 -3.926 0.78102 999.0 2.5 15.0 70.0 5.7071 0.0 0.0 -6.626 0.72111 998.0 2.5 13.0 73.0 8.8071 0.0 0.0 -8.726 0.5831 996.0 2.5 14.0 
0.09293 186.5357 53.0 2359.0 1.0 68.0 0.0 -1.1929 3.774 0.0 0.5831 997.0 2.5 15.0 64.0 0.8071 0.0 1.474 0.0 0.36056 995.0 2.3242 14.0 63.0 2.6071 0.0 0.274 0.0 0.28284 994.0 2.1336 13.0 65.0 4.3071 0.0 0.0 -0.426 0.2 992.0 2.0549 12.0 67.0 5.9071 0.0 0.0 -0.726 0.2 990.0 1.9935 11.0 
0.0694 186.6869 78.0 2361.0 1.0 43.0 0.0 -0.0929 0.0 -1.826 0.1 998.0 1.259 12.0 49.0 0.7071 0.0 0.0 -1.526 0.1 995.0 1.3624 10.0 54.0 1.4071 0.0 0.0 -1.126 0.22361 992.0 1.4182 9.0 57.0 2.3071 0.0 0.0 -0.626 0.14142 991.0 1.5084 9.0 60.0 3.3071 0.0 0.0 -0.426 0.2 991.0 1.6713 8.0 
0.09743 173.0257 39.0 2362.0 1.0 48.0 0.0 -1.9929 2.674 0.0 0.44721 1002.0 2.1393 17.0 55.0 0.5071 0.0 1.474 0.0 0.53852 1001.0 2.5 16.0 61.0 3.6071 0.0 0.0 -0.126 0.5831 1001.0 2.5 15.0 58.0 6.6071 0.0 0.0 -1.926 0.5831 1001.0 2.5 16.0 51.0 9.2071 0.0 0.0 -3.526 0.42426 1001.0 2.2138 16.0 
0.02604 262.79555 47.0 2363.0 1.0 47.0 0.0 -0.4929 3.974 0.0 0.42426 1001.0 1.8802 17.0 49.0 1.3071 0.0 1.974 0.0 0.5 1000.0 1.8864 16.0 52.0 3.3071 0.0 0.174 0.0 0.44721 1000.0 2.1245 19.0 54.0 5.2071 0.0 0.0 -1.226 0.36056 998.0 1.9855 17.0 56.0 6.9071 0.0 0.0 -2.326 0.36056 996.0 1.8841 14.0 
0.05613 232.74735 52.0 2364.0 1.0 70.0 0.0 -0.6929 2.674 0.0 0.22361 989.0 2.0853 10.0 72.0 0.7071 0.0 1.974 0.0 0.2 987.0 2.0365 10.0 72.0 2.2071 0.0 1.474 0.0 0.31623 988.0 2.1179 10.0 71.0 3.9071 0.0 1.074 0.0 0.3 989.0 2.1453 11.0 67.0 5.7071 0.0 0.974 0.0 0.31623 991.0 2.0841 11.0 
0.11277 210.69561 65.0 2365.0 1.0 72.0 0.0071 0.0 2.774 0.0 0.36056 990.0 2.3021 14.0 72.0 1.4071 0.0 1.274 0.0 0.28284 988.0 2.1179 13.0 73.0 2.7071 0.0 0.174 0.0 0.22361 986.0 2.0159 13.0 75.0 3.8071 0.0 0.0 -0.726 0.22361 984.0 1.9811 12.0 80.0 4.8071 0.0 0.0 -1.426 0.14142 979.0 1.9226 11.0 
0.076 171.69251 48.0 2366.0 1.0 60.0 0.0 -1.0929 4.074 0.0 0.72111 999.0 2.5 15.0 59.0 1.0071 0.0 1.174 0.0 0.56569 998.0 2.3703 13.0 59.0 3.1071 0.0 0.0 -0.626 0.42426 997.0 2.2221 14.0 65.0 5.0071 0.0 0.0 -1.926 0.44721 994.0 2.2712 13.0 68.0 6.8071 0.0 0.0 -2.726 0.22361 990.0 2.0534 11.0 
0.18033 47.45382 54.0 2367.0 1.0 45.0 0.0 -1.1929 1.374 0.0 0.28284 999.0 1.4773 12.0 51.0 0.2071 0.0 0.374 0.0 0.22361 997.0 1.6604 11.0 56.0 1.6071 0.0 0.0 -0.426 0.22361 996.0 1.8841 10.0 62.0 3.2071 0.0 0.0 -1.226 0.36056 994.0 2.0664 10.0 67.0 5.0071 0.0 0.0 -2.326 0.31623 993.0 2.2925 9.0 
0.14542 87.40194 64.0 2369.0 1.0 45.0 0.0 -0.7929 1.374 0.0 0.22361 999.0 1.4773 18.0 49.0 0.4071 0.0 0.674 0.0 0.22361 997.0 1.5327 15.0 52.0 1.6071 0.0 0.274 0.0 0.22361 996.0 1.6246 14.0 55.0 2.8071 0.0 0.0 -0.126 0.2 995.0 1.7165 13.0 57.0 4.0071 0.0 0.0 -0.626 0.31623 994.0 1.7465 13.0 
0.10193 116.7183 48.0 2371.0 1.0 50.0 0.0 -1.2929 2.574 0.0 0.5 1001.0 2.1279 12.0 49.0 0.8071 0.0 0.674 0.0 0.36056 1001.0 2.0436 16.0 52.0 2.8071 0.0 0.0 -0.426 0.31623 999.0 1.9727 13.0 55.0 4.8071 0.0 0.0 -1.026 0.3 997.0 1.931 11.0 56.0 6.5071 0.0 0.0 -1.126 0.3 996.0 1.8841 11.0 
0.09186 176.35404 33.0 2372.0 1.0 45.0 0.0 -2.3929 1.374 0.0 0.3 1001.0 1.7236 21.0 44.0 0.0 -0.5929 1.474 0.0 0.31623 1001.0 1.6478 20.0 40.0 1.0071 0.0 1.874 0.0 0.22361 1001.0 1.3618 22.0 37.0 2.5071 0.0 2.174 0.0 0.3 1002.0 1.2711 24.0 32.0 4.0071 0.0 2.474 0.0 0.31623 1003.0 1.0459 29.0 
0.13457 197.18382 55.0 2373.0 1.0 63.0 0.0 -1.8929 2.074 0.0 0.31623 995.0 2.2521 13.0 63.0 0.0 -0.0929 1.774 0.0 0.3 994.0 2.1336 12.0 61.0 1.7071 0.0 1.774 0.0 0.3 995.0 2.1114 13.0 58.0 3.7071 0.0 1.774 0.0 0.3 997.0 2.1474 14.0 52.0 5.4071 0.0 1.774 0.0 0.31623 998.0 1.8412 16.0 
0.15089 152.2047 56.0 2374.0 1.0 72.0 0.0 -1.3929 2.674 0.0 0.42426 990.0 2.3021 11.0 80.0 0.5071 0.0 1.274 0.0 0.44721 986.0 2.421 10.0 84.0 2.6071 0.0 0.0 -0.126 0.42426 985.0 2.5 9.0 81.0 4.4071 0.0 0.0 -1.626 0.36056 985.0 2.3933 9.0 76.0 5.9071 0.0 0.0 -2.926 0.28284 985.0 2.1069 10.0 
0.11754 140.40892 47.0 2375.0 1.0 69.0 0.0 -1.2929 2.874 0.0 0.5 995.0 2.5 14.0 73.0 0.8071 0.0 0.974 0.0 0.44721 991.0 2.474 12.0 77.0 2.9071 0.0 0.0 -0.326 0.31623 988.0 2.4223 10.0 83.0 4.9071 0.0 0.0 -0.926 0.31623 983.0 2.3454 9.0 85.0 6.7071 0.0 0.0 -1.026 0.31623 980.0 2.2362 8.0 
0.07524 169.73952 57.0 2376.0 1.0 42.0 0.0 -1.0929 2.374 0.0 0.36056 999.0 1.2869 15.0 49.0 0.4071 0.0 1.474 0.0 0.31623 998.0 1.6349 17.0 55.0 2.1071 0.0 0.974 0.0 0.2 996.0 1.8174 14.0 57.0 3.6071 0.0 0.874 0.0 0.3 995.0 1.8436 13.0 58.0 5.0071 0.0 1.074 0.0 0.22361 994.0 1.8084 13.0 
0.13708 152.12534 44.0 2377.0 1.0 71.0 0.0 -1.1929 2.574 0.0 0.42426 991.0 2.3403 12.0 76.0 0.7071 0.0 1.174 0.0 0.44721 988.0 2.3598 10.0 87.0 2.8071 0.0 0.0 -0.226 0.44721 983.0 2.5 9.0 101.0 5.2071 0.0 0.0 -1.626 0.44721 975.0 2.5 8.0 106.0 7.5071 0.0 0.0 -2.826 0.36056 968.0 2.5 7.0 
0.10153 232.72405 54.0 2378.0 1.0 87.0 0.0 -1.2929 2.574 0.0 0.31623 978.0 2.2088 11.0 98.0 0.3071 0.0 2.074 0.0 0.2 968.0 2.1798 9.0 105.0 1.9071 0.0 1.874 0.0 0.3 962.0 2.208 8.0 122.0 3.7071 0.0 1.774 0.0 0.3 942.0 2.1411 5.0 136.0 5.4071 0.0 1.674 0.0 0.2 928.0 2.2225 5.0 
0.10293 163.67688 64.0 2379.0 1.0 87.0 0.0 -0.5929 2.674 0.0 0.42426 984.0 2.5 12.0 84.0 1.1071 0.0 0.974 0.0 0.28284 983.0 2.4023 12.0 84.0 2.5071 0.0 0.0 -0.326 0.28284 980.0 2.1839 11.0 86.0 3.7071 0.0 0.0 -1.226 0.14142 976.0 2.0416 10.0 87.0 4.8071 0.0 0.0 -1.826 0.14142 974.0 1.9822 10.0 
0.21903 57.41677 58.0 2380.0 1.0 68.0 0.0 -1.5929 1.274 0.0 0.36056 993.0 2.3614 12.0 72.0 0.2071 0.0 0.474 0.0 0.31623 989.0 2.2062 10.0 74.0 1.8071 0.0 0.0 -0.226 0.22361 987.0 2.1512 10.0 75.0 3.3071 0.0 0.0 -0.926 0.22361 986.0 2.1279 10.0 76.0 4.7071 0.0 0.0 -1.726 0.28284 986.0 2.185 9.0 
0.02021 192.87592 52.0 2381.0 1.0 53.0 0.0 -3.5929 0.274 0.0 0.5 1002.0 2.5 13.0 52.0 0.0 -0.9929 0.0 -1.426 0.5 1001.0 2.3015 12.0 51.0 1.4071 0.0 0.0 -2.526 0.41231 1000.0 2.0435 11.0 54.0 3.6071 0.0 0.0 -3.426 0.41231 999.0 2.1274 13.0 60.0 5.6071 0.0 0.0 -4.426 0.36056 996.0 2.1629 11.0 
0.26142 45.6838 55.0 2382.0 1.0 59.0 0.0 -1.7929 2.274 0.0 0.56569 999.0 2.5 10.0 57.0 0.3071 0.0 0.274 0.0 0.42426 997.0 2.074 10.0 60.0 2.1071 0.0 0.0 -0.926 0.31623 995.0 2.0427 10.0 65.0 3.8071 0.0 0.0 -1.426 0.22361 991.0 1.9615 8.0 75.0 5.3071 0.0 0.0 -1.726 0.2 984.0 1.9811 7.0 
0.1423 110.53094 50.0 2383.0 1.0 39.0 0.0 -1.2929 1.374 0.0 0.22361 1000.0 1.195 21.0 46.0 0.2071 0.0 0.974 0.0 0.3 999.0 1.5437 19.0 53.0 2.1071 0.0 0.474 0.0 0.41231 998.0 1.9127 17.0 56.0 4.1071 0.0 0.0 -0.526 0.36056 997.0 2.0019 16.0 56.0 6.0071 0.0 0.0 -1.726 0.36056 997.0 2.0019 16.0 
0.08305 238.17627 49.0 2384.0 1.0 86.0 0.0 -1.0929 4.774 0.0 0.72111 991.0 2.5 15.0 85.0 1.2071 0.0 1.774 0.0 0.5 988.0 2.5 13.0 84.0 3.3071 0.0 0.0 -0.126 0.36056 985.0 2.5 12.0 88.0 5.2071 0.0 0.0 -1.426 0.22361 980.0 2.3968 11.0 90.0 6.7071 0.0 0.0 -2.426 0.31623 976.0 2.236 10.0 
0.14844 99.7004 55.0 2386.0 1.0 59.0 0.0 -1.6929 2.874 0.0 0.5 998.0 2.3703 17.0 57.0 0.2071 0.0 0.874 0.0 0.44721 998.0 2.2123 17.0 53.0 2.1071 0.0 0.0 -0.626 0.36056 999.0 2.0493 17.0 51.0 3.8071 0.0 0.0 -2.026 0.36056 999.0 1.8976 17.0 55.0 5.3071 0.0 0.0 -3.326 0.36056 997.0 1.931 15.0 
0.11587 151.62886 43.0 2387.0 1.0 89.0 0.0 -3.7929 0.0 -0.326 0.63246 986.0 2.5 10.0 113.0 0.0 -0.4929 1.274 0.0 0.53852 970.0 2.5 7.0 135.0 2.6071 0.0 2.374 0.0 0.5099 948.0 2.5 6.0 122.0 5.5071 0.0 2.974 0.0 0.41231 958.0 2.5 6.0 117.0 7.9071 0.0 3.674 0.0 0.41231 958.0 2.5 6.0 
0.09427 242.72191 78.0 2388.0 1.0 63.0 0.0 -2.0929 1.874 0.0 0.2 993.0 2.0269 9.0 69.0 0.0 -0.6929 2.074 0.0 0.22361 988.0 1.9451 7.0 69.0 0.6071 0.0 2.674 0.0 0.2 988.0 1.9451 7.0 66.0 1.9071 0.0 3.074 0.0 0.22361 990.0 1.9344 8.0 60.0 3.3071 0.0 3.574 0.0 0.22361 993.0 1.8385 9.0 
0.24442 182.75288 43.0 2390.0 1.0 93.0 0.0 -1.4929 2.474 0.0 0.44721 981.0 2.5 9.0 95.0 0.9071 0.0 1.374 0.0 0.41231 978.0 2.5 8.0 91.0 3.2071 0.0 0.574 0.0 0.41231 978.0 2.4166 7.0 96.0 5.5071 0.0 0.0 -0.326 0.44721 974.0 2.4136 6.0 98.0 7.9071 0.0 0.0 -1.426 0.44721 974.0 2.5 6.0 
0.10317 155.51597 70.0 2391.0 1.0 67.0 0.0071 0.0 2.374 0.0 0.31623 991.0 2.0841 15.0 63.0 1.0071 0.0 0.974 0.0 0.28284 991.0 1.8426 15.0 61.0 1.9071 0.0 0.0 -0.126 0.28284 990.0 1.6524 13.0 67.0 2.9071 0.0 0.0 -1.026 0.28284 985.0 1.6375 10.0 85.0 4.0071 0.0 0.0 -1.826 0.22361 976.0 1.9944 10.0 
0.04763 238.17627 38.0 2393.0 1.0 57.0 0.0 -1.4929 3.574 0.0 0.5 1000.0 2.5 19.0 60.0 1.2071 0.0 1.774 0.0 0.5831 1000.0 2.5 19.0 61.0 4.2071 0.0 0.0 -0.026 0.5831 1001.0 2.5 20.0 60.0 7.2071 0.0 0.0 -1.826 0.5831 1001.0 2.5 21.0 55.0 10.1071 0.0 0.0 -3.226 0.53852 1001.0 2.5 22.0 
0.07089 191.53424 42.0 2395.0 1.0 54.0 0.0 -1.4929 2.874 0.0 0.36056 1000.0 2.291 18.0 56.0 0.7071 0.0 1.574 0.0 0.44721 999.0 2.2879 18.0 57.0 3.1071 0.0 0.374 0.0 0.5 1000.0 2.5 18.0 58.0 5.6071 0.0 0.0 -1.026 0.5831 1000.0 2.5 18.0 56.0 8.2071 0.0 0.0 -2.526 0.5 1000.0 2.4639 19.0 
0.17496 148.01451 43.0 2396.0 1.0 74.0 0.0 -1.7929 3.274 0.0 0.64031 996.0 2.5 14.0 75.0 1.0071 0.0 0.874 0.0 0.64031 995.0 2.5 14.0 73.0 3.8071 0.0 0.0 -1.326 0.64031 996.0 2.5 14.0 66.0 6.2071 0.0 0.0 -3.426 0.56569 997.0 2.5 15.0 58.0 7.9071 0.0 0.0 -5.426 0.36056 998.0 2.2906 15.0 
0.13097 84.17478 57.0 2397.0 1.0 42.0 0.0 -0.7929 1.874 0.0 0.36056 1001.0 1.5014 17.0 44.0 0.7071 0.0 0.274 0.0 0.36056 1000.0 1.5211 16.0 47.0 2.5071 0.0 0.0 -0.726 0.31623 1000.0 1.7355 19.0 50.0 4.1071 0.0 0.0 -1.226 0.3 998.0 1.7023 16.0 51.0 5.6071 0.0 0.0 -1.326 0.2 997.0 1.6604 15.0 
0.11307 185.78119 55.0 2398.0 1.0 93.0 0.0 -3.6929 0.0 -0.726 0.56569 980.0 2.5 9.0 118.0 0.0 -1.1929 1.174 0.0 0.5 960.0 2.5 6.0 126.0 1.0071 0.0 2.474 0.0 0.44721 949.0 2.5 6.0 117.0 3.2071 0.0 3.374 0.0 0.41231 958.0 2.5 6.0 104.0 5.2071 0.0 4.274 0.0 0.36056 968.0 2.4549 7.0 
0.09419 230.52074 80.0 2399.0 1.0 70.0 0.0 -1.3929 2.374 0.0 0.31623 988.0 2.0019 10.0 76.0 0.1071 0.0 2.074 0.0 0.2 984.0 2.0343 9.0 80.0 1.5071 0.0 1.874 0.0 0.2 981.0 2.0427 9.0 82.0 2.8071 0.0 1.774 0.0 0.2 979.0 2.0199 8.0 80.0 3.9071 0.0 1.774 0.0 0.2 979.0 1.9226 8.0 
0.08182 320.68218 59.0 2401.0 1.0 61.0 0.0 -1.1929 3.674 0.0 0.44721 996.0 2.2356 14.0 62.0 0.8071 0.0 2.774 0.0 0.41231 996.0 2.3095 14.0 60.0 2.6071 0.0 1.874 0.0 0.36056 996.0 2.1629 14.0 57.0 4.1071 0.0 0.774 0.0 0.36056 996.0 1.952 14.0 54.0 5.4071 0.0 0.0 -0.426 0.28284 997.0 1.8615 14.0 
0.08768 222.77416 39.0 2402.0 1.0 64.0 0.0 -1.8929 4.174 0.0 0.64031 999.0 2.5 15.0 66.0 1.1071 0.0 1.674 0.0 0.64031 998.0 2.5 13.0 73.0 4.0071 0.0 0.0 -0.826 0.64031 996.0 2.5 15.0 76.0 6.7071 0.0 0.0 -2.926 0.5 992.0 2.5 12.0 74.0 9.1071 0.0 0.0 -4.426 0.44721 991.0 2.5 12.0 
0.1396 100.68908 113.0 2407.0 1.0 43.0 0.0071 0.0 1.274 0.0 0.14142 998.0 1.259 16.0 43.0 0.6071 0.0 0.674 0.0 0.14142 998.0 1.259 15.0 42.0 1.3071 0.0 0.274 0.0 0.1 997.0 1.1261 15.0 41.0 1.8071 0.0 0.074 0.0 0.14142 997.0 1.0731 15.0 41.0 2.4071 0.0 0.0 -0.026 0.0 997.0 1.0731 15.0 
0.14213 97.5605 92.0 2408.0 1.0 49.0 0.0 -1.0929 0.874 0.0 0.1 996.0 1.4425 15.0 57.0 0.0 -0.0929 0.874 0.0 0.22361 993.0 1.6592 12.0 62.0 1.1071 0.0 1.274 0.0 0.2 991.0 1.7846 11.0 66.0 2.4071 0.0 1.474 0.0 0.31623 991.0 2.0223 11.0 64.0 3.9071 0.0 1.574 0.0 0.2 991.0 1.9016 11.0 
0.12175 164.681 46.0 2409.0 1.0 86.0 0.0 -1.6929 3.874 0.0 0.70711 992.0 2.5 19.0 87.0 0.9071 0.0 1.174 0.0 0.5 987.0 2.5 17.0 87.0 3.3071 0.0 0.0 -0.526 0.44721 984.0 2.5 15.0 93.0 5.4071 0.0 0.0 -1.726 0.36056 977.0 2.4538 13.0 101.0 7.2071 0.0 0.0 -2.626 0.22361 968.0 2.3153 11.0 
0.05772 306.81947 50.0 2410.0 1.0 91.0 0.1071 0.0 3.574 0.0 0.42426 979.0 2.4876 11.0 96.0 1.7071 0.0 2.174 0.0 0.36056 973.0 2.3532 10.0 103.0 3.4071 0.0 1.274 0.0 0.22361 965.0 2.2574 9.0 113.0 4.9071 0.0 0.674 0.0 0.3 955.0 2.2486 8.0 116.0 6.4071 0.0 0.274 0.0 0.31623 952.0 2.253 7.0 
0.03552 252.41523 59.0 2411.0 1.0 55.0 0.0 -1.5929 2.374 0.0 0.2 995.0 1.7165 10.0 63.0 0.0071 0.0 2.274 0.0 0.3 992.0 1.9304 9.0 67.0 1.6071 0.0 2.274 0.0 0.3 991.0 2.0841 8.0 66.0 3.3071 0.0 2.374 0.0 0.2 991.0 2.0223 8.0 61.0 4.8071 0.0 2.674 0.0 0.22361 993.0 1.9003 9.0 
0.02674 158.48244 48.0 2412.0 1.0 44.0 0.0 -2.6929 0.474 0.0 0.36056 1000.0 1.5211 12.0 47.0 0.0 -0.9929 0.0 -1.026 0.42426 999.0 1.6116 11.0 52.0 1.0071 0.0 0.0 -2.526 0.36056 997.0 1.7261 10.0 61.0 3.2071 0.0 0.0 -4.026 0.42426 996.0 2.2356 12.0 70.0 5.4071 0.0 0.0 -5.926 0.5 992.0 2.3832 10.0 
0.03647 298.76504 48.0 2413.0 1.0 51.0 0.0 -1.2929 2.874 0.0 0.3 997.0 1.6604 15.0 53.0 0.3071 0.0 2.674 0.0 0.3 998.0 1.9127 15.0 54.0 2.2071 0.0 2.474 0.0 0.41231 999.0 2.1274 17.0 51.0 4.3071 0.0 2.174 0.0 0.3 1000.0 2.0435 18.0 48.0 6.3071 0.0 2.074 0.0 0.3 1000.0 1.8102 19.0 
0.07316 211.4766 42.0 2415.0 1.0 64.0 0.0 -1.2929 3.874 0.0 0.64031 1000.0 2.5 14.0 61.0 1.2071 0.0 1.474 0.0 0.5 999.0 2.5 13.0 60.0 3.6071 0.0 0.0 -0.326 0.5 999.0 2.5 12.0 61.0 6.0071 0.0 0.0 -1.726 0.44721 998.0 2.5 12.0 58.0 8.2071 0.0 0.0 -2.926 0.41231 998.0 2.2906 12.0 
0.16604 97.07306 46.0 2417.0 1.0 59.0 0.0 -2.0929 1.574 0.0 0.41231 998.0 2.3703 16.0 63.0 0.4071 0.0 0.774 0.0 0.41231 997.0 2.5 15.0 63.0 2.9071 0.0 0.0 -0.326 0.44721 998.0 2.5 15.0 57.0 5.2071 0.0 0.0 -1.426 0.31623 999.0 2.3703 16.0 50.0 7.1071 0.0 0.0 -2.326 0.31623 1000.0 1.9642 18.0 
0.08784 267.36042 79.0 2418.0 1.0 44.0 0.0 -0.0929 2.674 0.0 0.1 996.0 1.1632 14.0 50.0 0.4071 0.0 2.374 0.0 0.1 994.0 1.3439 13.0 56.0 1.2071 0.0 2.374 0.0 0.1 992.0 1.5252 12.0 62.0 2.0071 0.0 2.374 0.0 0.2 989.0 1.6359 11.0 67.0 3.0071 0.0 2.474 0.0 0.22361 987.0 1.7634 10.0 
0.05739 161.73528 76.0 2419.0 1.0 60.0 0.0 -0.3929 2.474 0.0 0.28284 993.0 1.8385 13.0 59.0 0.7071 0.0 1.274 0.0 0.22361 993.0 1.7777 12.0 57.0 1.8071 0.0 0.374 0.0 0.14142 993.0 1.6592 12.0 56.0 2.7071 0.0 0.0 -0.326 0.28284 993.0 1.6015 12.0 57.0 3.6071 0.0 0.0 -1.026 0.22361 993.0 1.6592 12.0 
0.1423 80.82953 49.0 2420.0 1.0 50.0 0.0 -0.7929 2.574 0.0 0.5831 1000.0 1.9642 12.0 49.0 0.7071 0.0 0.174 0.0 0.44721 999.0 1.7517 11.0 52.0 2.2071 0.0 0.0 -1.826 0.42426 997.0 1.7261 10.0 60.0 4.0071 0.0 0.0 -3.726 0.42426 996.0 2.1629 12.0 69.0 6.0071 0.0 0.0 -5.626 0.42426 992.0 2.3156 9.0 
0.06729 180.26231 46.0 2421.0 1.0 76.0 0.0 -1.0929 2.974 0.0 0.42426 990.0 2.5 11.0 83.0 1.0071 0.0 1.274 0.0 0.5 986.0 2.5 10.0 89.0 3.3071 0.0 0.0 -0.026 0.36056 982.0 2.5 9.0 91.0 5.3071 0.0 0.0 -1.126 0.31623 979.0 2.4876 8.0 82.0 7.1071 0.0 0.0 -1.726 0.31623 983.0 2.2892 9.0 
0.06209 167.40355 57.0 2422.0 1.0 52.0 0.0 -0.0929 2.074 0.0 0.22361 995.0 1.5343 13.0 56.0 0.8071 0.0 1.274 0.0 0.22361 994.0 1.6858 13.0 59.0 2.0071 0.0 0.674 0.0 0.22361 993.0 1.7777 12.0 61.0 3.3071 0.0 0.174 0.0 0.3 994.0 2.0003 12.0 59.0 4.9071 0.0 0.174 0.0 0.3 995.0 1.9752 13.0 
0.18491 124.78821 55.0 2423.0 1.0 66.0 0.0 -1.4929 2.574 0.0 0.5 996.0 2.5 14.0 66.0 0.7071 0.0 0.874 0.0 0.36056 995.0 2.4717 14.0 63.0 2.6071 0.0 0.0 -0.626 0.36056 995.0 2.2521 13.0 59.0 4.2071 0.0 0.0 -1.926 0.36056 996.0 2.0914 14.0 56.0 5.6071 0.0 0.0 -3.126 0.28284 996.0 1.8841 14.0 
0.0651 255.47721 84.0 2424.0 1.0 51.0 2.1071 0.0 0.0 -1.326 0.1 992.0 1.265 12.0 51.0 2.1071 0.0 0.0 -0.926 0.1 992.0 1.265 12.0 50.0 2.4071 0.0 0.0 -0.626 0.14142 993.0 1.2767 12.0 50.0 3.0071 0.0 0.0 -0.326 0.14142 995.0 1.4186 13.0 48.0 3.8071 0.0 0.0 -0.226 0.1 996.0 1.3843 14.0 
0.09808 164.04532 51.0 2425.0 1.0 46.0 0.0 -1.6929 1.674 0.0 0.3 1001.0 1.801 21.0 43.0 0.1071 0.0 1.474 0.0 0.3 1001.0 1.5738 21.0 39.0 1.6071 0.0 1.174 0.0 0.22361 1001.0 1.2946 21.0 37.0 2.9071 0.0 0.774 0.0 0.2 1002.0 1.2711 22.0 34.0 4.1071 0.0 0.574 0.0 0.22361 1002.0 1.0734 23.0 
0.05342 218.16136 47.0 2426.0 1.0 57.0 0.2071 0.0 3.874 0.0 0.53852 998.0 2.2123 14.0 55.0 1.7071 0.0 0.974 0.0 0.5 998.0 2.0598 14.0 58.0 3.4071 0.0 0.0 -1.426 0.5 997.0 2.1474 13.0 63.0 5.2071 0.0 0.0 -3.626 0.42426 994.0 2.1336 11.0 68.0 7.0071 0.0 0.0 -5.526 0.36056 990.0 2.0534 11.0 
0.06102 122.92198 97.0 2428.0 1.0 33.0 1.1071 0.0 1.274 0.0 0.2 1001.0 1.0 17.0 35.0 1.1071 0.0 0.0 -0.026 0.2 1000.0 1.0 16.0 37.0 1.1071 0.0 0.0 -1.226 0.1 999.0 1.0 14.0 38.0 1.2071 0.0 0.0 -2.026 0.1 997.0 1.0 13.0 38.0 1.4071 0.0 0.0 -2.326 0.0 996.0 1.0 14.0 
0.0732 230.44483 74.0 2429.0 1.0 63.0 0.0 -1.4929 2.874 0.0 0.28284 993.0 2.0269 12.0 66.0 0.0 -0.0929 2.074 0.0 0.3 990.0 1.9344 11.0 70.0 1.4071 0.0 2.074 0.0 0.22361 988.0 2.0019 10.0 73.0 2.7071 0.0 2.474 0.0 0.22361 985.0 1.9439 10.0 76.0 4.0071 0.0 2.974 0.0 0.22361 983.0 1.9665 9.0 
0.11666 124.12592 84.0 2430.0 1.0 55.0 0.1071 0.0 1.474 0.0 0.14142 993.0 1.5448 12.0 56.0 0.8071 0.0 0.774 0.0 0.14142 992.0 1.5252 12.0 58.0 1.5071 0.0 0.374 0.0 0.1 991.0 1.5618 11.0 61.0 2.3071 0.0 0.274 0.0 0.1 989.0 1.5836 11.0 65.0 3.1071 0.0 0.474 0.0 0.2 988.0 1.7261 10.0 
0.02383 260.90683 70.0 2431.0 1.0 92.0 1.3071 0.0 3.174 0.0 0.31623 974.0 2.2166 8.0 87.0 1.9071 0.0 1.374 0.0 0.28284 976.0 2.0894 8.0 84.0 2.7071 0.0 0.0 -0.026 0.22361 977.0 2.0019 8.0 84.0 3.5071 0.0 0.0 -1.126 0.14142 976.0 1.9478 8.0 85.0 4.4071 0.0 0.0 -1.826 0.14142 974.0 1.8922 8.0 
0.0771 222.32905 295.0 2433.0 1.0 75.0 0.0 -0.3929 2.474 0.0 0.22361 984.0 1.9811 12.0 78.0 0.7071 0.0 1.874 0.0 0.2 981.0 1.9419 11.0 82.0 1.8071 0.0 1.674 0.0 0.22361 978.0 1.9622 10.0 85.0 3.0071 0.0 1.574 0.0 0.2 976.0 1.9944 10.0 83.0 4.3071 0.0 1.474 0.0 0.22361 979.0 2.0695 11.0 
0.0658 256.8341 55.0 2434.0 1.0 60.0 0.0071 0.0 2.874 0.0 0.22361 992.0 1.7509 12.0 63.0 1.2071 0.0 1.974 0.0 0.22361 991.0 1.8426 11.0 64.0 2.5071 0.0 1.574 0.0 0.22361 990.0 1.8189 11.0 65.0 3.8071 0.0 1.374 0.0 0.2 990.0 1.8762 11.0 65.0 5.2071 0.0 1.374 0.0 0.22361 990.0 1.8762 11.0 
0.1036 286.24501 53.0 2435.0 1.0 99.0 0.0 -0.8929 3.774 0.0 0.42426 974.0 2.5 8.0 105.0 1.0071 0.0 2.374 0.0 0.31623 966.0 2.3959 7.0 107.0 2.8071 0.0 1.574 0.0 0.31623 962.0 2.2929 6.0 116.0 4.4071 0.0 0.974 0.0 0.31623 952.0 2.253 6.0 122.0 5.9071 0.0 0.374 0.0 0.22361 944.0 2.2032 5.0 
0.15464 8.25172 96.0 2436.0 1.0 32.0 0.0 -0.1929 1.174 0.0 0.2 1000.0 1.0 12.0 33.0 0.0071 0.0 0.074 0.0 0.14142 999.0 1.0 16.0 36.0 0.4071 0.0 0.0 -0.826 0.14142 998.0 1.0 14.0 39.0 0.8071 0.0 0.0 -1.426 0.14142 996.0 1.0 12.0 45.0 1.4071 0.0 0.0 -1.926 0.14142 993.0 1.0341 11.0 
0.06523 94.60993 77.0 2437.0 1.0 39.0 0.3071 0.0 1.874 0.0 0.22361 1000.0 1.195 12.0 40.0 0.8071 0.0 0.274 0.0 0.22361 999.0 1.1673 11.0 42.0 1.4071 0.0 0.0 -1.026 0.22361 998.0 1.2011 13.0 47.0 2.2071 0.0 0.0 -1.826 0.22361 995.0 1.2535 11.0 55.0 3.1071 0.0 0.0 -2.126 0.22361 993.0 1.5448 12.0 
0.06037 276.06051 61.0 2438.0 1.0 51.0 0.1071 0.0 2.774 0.0 0.2 995.0 1.4759 13.0 53.0 1.0071 0.0 2.274 0.0 0.1 994.0 1.51 13.0 54.0 1.9071 0.0 1.874 0.0 0.14142 994.0 1.5675 13.0 56.0 2.9071 0.0 1.474 0.0 0.14142 994.0 1.6858 12.0 57.0 4.1071 0.0 1.174 0.0 0.2 994.0 1.7465 13.0 
0.03153 260.1241 66.0 2439.0 1.0 65.0 0.4071 0.0 2.974 0.0 0.28284 991.0 1.9615 11.0 63.0 1.4071 0.0 1.874 0.0 0.22361 990.0 1.7625 11.0 63.0 2.4071 0.0 1.174 0.0 0.14142 989.0 1.6891 11.0 66.0 3.4071 0.0 0.774 0.0 0.14142 988.0 1.7796 10.0 70.0 4.5071 0.0 0.674 0.0 0.1 985.0 1.7874 10.0 
0.21498 53.94034 119.0 2441.0 1.0 47.0 0.0 -0.7929 1.074 0.0 0.22361 997.0 1.4101 15.0 53.0 0.1071 0.0 0.474 0.0 0.1 994.0 1.51 13.0 56.0 0.9071 0.0 0.274 0.0 0.22361 992.0 1.5252 12.0 57.0 1.7071 0.0 0.174 0.0 0.1 991.0 1.5084 11.0 58.0 2.4071 0.0 0.374 0.0 0.1 990.0 1.4939 11.0 
0.17357 137.41811 89.0 2442.0 1.0 38.0 0.0 -0.6929 1.174 0.0 0.1 997.0 1.0 20.0 45.0 0.0 -0.3929 1.174 0.0 0.14142 995.0 1.149 17.0 49.0 0.0071 0.0 1.274 0.0 0.1 993.0 1.2262 16.0 53.0 0.4071 0.0 1.374 0.0 0.1 992.0 1.3662 15.0 56.0 0.9071 0.0 1.374 0.0 0.1 990.0 1.3926 14.0 
0.17656 8.25172 96.0 2443.0 1.0 31.0 0.0 -0.3929 0.874 0.0 0.14142 1000.0 1.0 14.0 34.0 0.0071 0.0 0.074 0.0 0.14142 999.0 1.0 15.0 37.0 0.5071 0.0 0.0 -0.526 0.14142 998.0 1.0 13.0 42.0 1.1071 0.0 0.0 -0.926 0.1 997.0 1.1261 15.0 49.0 1.7071 0.0 0.0 -0.926 0.14142 994.0 1.2907 13.0 
0.07709 136.47613 57.0 2444.0 1.0 49.0 0.0 -1.9929 0.0 -0.826 0.31623 999.0 1.7517 14.0 52.0 0.0 -0.0929 0.0 -1.226 0.3 998.0 1.8412 16.0 59.0 1.6071 0.0 0.0 -1.126 0.22361 994.0 1.8713 13.0 63.0 3.1071 0.0 0.0 -0.526 0.28284 992.0 1.9304 12.0 67.0 4.6071 0.0 0.074 0.0 0.3 991.0 2.0841 11.0 
0.05757 310.58559 56.0 2445.0 1.0 77.0 0.0 -0.2929 3.674 0.0 0.36056 987.0 2.3291 10.0 78.0 1.3071 0.0 2.474 0.0 0.22361 983.0 2.0713 9.0 84.0 2.7071 0.0 1.974 0.0 0.22361 977.0 2.0019 8.0 95.0 4.1071 0.0 1.774 0.0 0.2 969.0 2.095 7.0 101.0 5.5071 0.0 1.474 0.0 0.2 963.0 2.0838 6.0 
0.32544 75.75263 59.0 2446.0 1.0 62.0 0.0 -1.4929 1.574 0.0 0.28284 992.0 1.8696 13.0 71.0 0.1071 0.0 0.674 0.0 0.31623 988.0 2.0595 13.0 81.0 1.6071 0.0 0.174 0.0 0.3 981.0 2.0941 11.0 94.0 3.1071 0.0 0.0 -0.126 0.3 970.0 2.0988 9.0 118.0 4.6071 0.0 0.0 -0.426 0.31623 949.0 2.2221 7.0 
0.08611 229.24245 64.0 2447.0 1.0 90.0 0.0 -0.4929 2.574 0.0 0.22361 972.0 2.0178 9.0 94.0 0.6071 0.0 1.974 0.0 0.1 969.0 2.0511 9.0 99.0 1.7071 0.0 1.674 0.0 0.22361 964.0 2.043 9.0 104.0 2.8071 0.0 1.374 0.0 0.22361 960.0 2.0844 8.0 100.0 4.0071 0.0 0.974 0.0 0.2 964.0 2.0844 8.0 
0.08376 165.42227 59.0 2449.0 1.0 91.0 0.0 -0.6929 3.574 0.0 0.64031 986.0 2.5 13.0 88.0 1.2071 0.0 0.874 0.0 0.42426 983.0 2.5 12.0 90.0 3.0071 0.0 0.0 -0.826 0.36056 976.0 2.236 8.0 100.0 4.7071 0.0 0.0 -1.926 0.36056 966.0 2.1731 7.0 104.0 6.1071 0.0 0.0 -2.926 0.22361 961.0 2.1245 6.0 
0.12936 35.06378 139.0 2450.0 1.0 35.0 0.0 -0.3929 1.474 0.0 0.31623 1001.0 1.0427 18.0 37.0 0.3071 0.0 0.074 0.0 0.22361 1000.0 1.0756 16.0 39.0 1.0071 0.0 0.0 -1.126 0.22361 999.0 1.1096 14.0 41.0 1.6071 0.0 0.0 -2.026 0.14142 998.0 1.1446 15.0 42.0 2.2071 0.0 0.0 -2.426 0.1 997.0 1.1261 15.0 
0.03085 252.67868 61.0 2451.0 1.0 72.0 1.3071 0.0 2.274 0.0 0.22361 985.0 1.891 9.0 68.0 2.0071 0.0 1.074 0.0 0.22361 986.0 1.7492 10.0 66.0 2.8071 0.0 0.074 0.0 0.14142 987.0 1.7112 10.0 69.0 3.6071 0.0 0.0 -0.826 0.28284 986.0 1.801 10.0 75.0 4.7071 0.0 0.0 -1.826 0.22361 984.0 1.9811 9.0 
0.12023 208.12563 61.0 2453.0 1.0 51.0 0.0 -0.0929 2.274 0.0 0.14142 994.0 1.3982 17.0 54.0 0.6071 0.0 1.774 0.0 0.1 993.0 1.4892 16.0 58.0 1.4071 0.0 1.674 0.0 0.22361 991.0 1.5618 15.0 63.0 2.3071 0.0 1.974 0.0 0.22361 989.0 1.6891 14.0 70.0 3.4071 0.0 2.474 0.0 0.22361 986.0 1.8536 13.0 
0.03517 156.31647 36.0 2454.0 1.0 49.0 0.0 -2.9929 0.774 0.0 0.5 1001.0 2.0436 18.0 52.0 0.0 -0.6929 0.0 -1.226 0.5 1000.0 2.1245 16.0 55.0 1.5071 0.0 0.0 -3.426 0.5 999.0 2.2069 15.0 61.0 3.6071 0.0 0.0 -5.926 0.64031 998.0 2.5 17.0 63.0 5.8071 0.0 0.0 -8.026 0.36056 995.0 2.2521 15.0 
0.13439 176.94829 76.0 2456.0 1.0 44.0 0.0071 0.0 1.774 0.0 0.1 997.0 1.2359 19.0 52.0 0.6071 0.0 1.474 0.0 0.2 993.0 1.3809 16.0 56.0 1.3071 0.0 1.274 0.0 0.1 991.0 1.4559 15.0 63.0 1.9071 0.0 1.174 0.0 0.22361 987.0 1.5592 13.0 72.0 2.7071 0.0 0.874 0.0 0.1 982.0 1.708 12.0 
0.05011 242.05755 64.0 2457.0 1.0 97.0 0.7071 0.0 2.674 0.0 0.28284 968.0 2.1356 9.0 92.0 1.6071 0.0 1.474 0.0 0.28284 971.0 2.0583 9.0 90.0 2.7071 0.0 0.474 0.0 0.28284 974.0 2.1213 10.0 90.0 3.8071 0.0 0.0 -0.426 0.22361 973.0 2.0683 10.0 91.0 4.9071 0.0 0.0 -1.126 0.2 971.0 2.0138 9.0 
0.02768 288.58221 206.0 2458.0 1.0 92.0 0.9071 0.0 3.474 0.0 0.36056 979.0 2.5 8.0 88.0 2.2071 0.0 1.374 0.0 0.36056 980.0 2.3968 8.0 85.0 3.5071 0.0 0.0 -0.226 0.42426 981.0 2.3061 9.0 84.0 4.9071 0.0 0.0 -1.626 0.28284 981.0 2.2521 9.0 82.0 6.1071 0.0 0.0 -2.926 0.22361 980.0 2.0811 8.0 
0.07062 245.56217 84.0 2459.0 1.0 53.0 2.1071 0.0 1.074 0.0 0.1 990.0 1.2474 14.0 57.0 2.1071 0.0 0.674 0.0 0.14142 988.0 1.3274 14.0 62.0 2.3071 0.0 0.374 0.0 0.1 985.0 1.4022 12.0 70.0 2.7071 0.0 0.374 0.0 0.14142 981.0 1.564 11.0 81.0 3.1071 0.0 0.774 0.0 0.14142 975.0 1.7635 10.0 
0.10344 164.681 84.0 2460.0 1.0 38.0 0.7071 0.0 1.374 0.0 0.0 998.0 1.0 16.0 38.0 0.9071 0.0 1.174 0.0 0.1 998.0 1.0 16.0 40.0 1.3071 0.0 1.174 0.0 0.0 997.0 1.0214 15.0 43.0 1.7071 0.0 1.474 0.0 0.14142 997.0 1.1803 15.0 46.0 2.3071 0.0 1.974 0.0 0.14142 997.0 1.3508 15.0 
0.19476 101.0933 39.0 2462.0 1.0 49.0 0.0 -1.9929 2.174 0.0 0.44721 1001.0 2.0436 13.0 54.0 0.7071 0.0 0.574 0.0 0.53852 1001.0 2.4819 17.0 59.0 3.6071 0.0 0.0 -0.926 0.5831 999.0 2.5 15.0 65.0 6.6071 0.0 0.0 -2.326 0.5831 998.0 2.5 13.0 72.0 9.8071 0.0 0.0 -3.826 0.5831 996.0 2.5 15.0 
0.08984 158.28796 81.0 2463.0 1.0 38.0 0.0 -1.2929 0.0 -1.226 0.31623 1001.0 1.2291 23.0 40.0 0.0071 0.0 0.0 -1.426 0.2 1000.0 1.2571 19.0 42.0 1.1071 0.0 0.0 -1.226 0.22361 999.0 1.2869 17.0 42.0 2.1071 0.0 0.0 -0.726 0.1 999.0 1.2869 17.0 40.0 2.8071 0.0 0.0 -0.326 0.22361 999.0 1.1673 17.0 
0.10724 236.21119 91.0 2464.0 1.0 43.0 0.0 -1.4929 0.0 -1.926 0.22361 999.0 1.3489 25.0 45.0 0.0 -0.0929 0.0 -2.126 0.2 998.0 1.3789 22.0 48.0 1.1071 0.0 0.0 -2.126 0.2 996.0 1.3843 24.0 52.0 2.1071 0.0 0.0 -2.126 0.14142 994.0 1.4536 21.0 54.0 2.9071 0.0 0.0 -2.326 0.1 991.0 1.3538 18.0 
0.06 215.49518 59.0 2465.0 1.0 53.0 0.0 -1.0929 2.974 0.0 0.42426 1000.0 2.207 19.0 48.0 0.5071 0.0 1.874 0.0 0.3 999.0 1.6809 17.0 47.0 1.9071 0.0 1.674 0.0 0.3 999.0 1.6116 17.0 46.0 3.3071 0.0 1.674 0.0 0.2 999.0 1.5437 17.0 44.0 4.5071 0.0 1.774 0.0 0.2 999.0 1.4124 17.0 
0.08405 182.75288 57.0 2466.0 1.0 40.0 0.0 -0.1929 2.374 0.0 0.28284 1000.0 1.2571 16.0 41.0 0.9071 0.0 1.374 0.0 0.22361 999.0 1.2264 19.0 45.0 2.0071 0.0 0.874 0.0 0.22361 998.0 1.3789 16.0 50.0 3.1071 0.0 0.574 0.0 0.3 996.0 1.502 15.0 56.0 4.5071 0.0 0.474 0.0 0.31623 995.0 1.7795 14.0 
0.03735 167.40355 75.0 2467.0 1.0 76.0 0.0 -0.3929 3.274 0.0 0.36056 988.0 2.3598 8.0 72.0 0.8071 0.0 1.274 0.0 0.36056 989.0 2.2062 8.0 68.0 2.0071 0.0 0.0 -0.226 0.28284 990.0 2.0534 8.0 65.0 3.1071 0.0 0.0 -1.326 0.28284 990.0 1.8762 8.0 63.0 4.1071 0.0 0.0 -2.126 0.14142 989.0 1.6891 8.0 
0.06787 171.21175 82.0 2468.0 1.0 67.0 0.0 -0.2929 2.474 0.0 0.42426 992.0 2.1833 12.0 66.0 1.1071 0.0 1.074 0.0 0.28284 991.0 2.0223 11.0 65.0 2.2071 0.0 0.0 -0.226 0.28284 990.0 1.8762 11.0 64.0 3.1071 0.0 0.0 -1.226 0.22361 989.0 1.7431 11.0 61.0 3.9071 0.0 0.0 -2.126 0.14142 989.0 1.5836 11.0 
0.08109 221.77751 54.0 2469.0 1.0 53.0 0.0 -3.0929 1.574 0.0 0.5 1002.0 2.5 17.0 47.0 0.0 -0.6929 1.874 0.0 0.31623 1001.0 1.8802 15.0 45.0 1.1071 0.0 2.374 0.0 0.3 1001.0 1.7236 15.0 44.0 2.8071 0.0 2.574 0.0 0.3 1001.0 1.6478 15.0 44.0 4.6071 0.0 2.774 0.0 0.3 1001.0 1.6478 15.0 
0.08605 146.70683 68.0 2471.0 1.0 47.0 0.0 -0.2929 2.074 0.0 0.14142 997.0 1.4101 15.0 53.0 0.6071 0.0 1.174 0.0 0.22361 995.0 1.5939 14.0 57.0 1.7071 0.0 0.474 0.0 0.14142 993.0 1.6592 12.0 61.0 2.8071 0.0 0.0 -0.026 0.1 991.0 1.7275 11.0 67.0 3.9071 0.0 0.0 -0.226 0.22361 987.0 1.7634 10.0 
0.13616 221.16333 135.0 2472.0 1.0 56.0 0.6071 0.0 2.074 0.0 0.1 990.0 1.3926 14.0 56.0 0.9071 0.0 1.774 0.0 0.1 989.0 1.3346 14.0 58.0 1.3071 0.0 1.674 0.0 0.0 988.0 1.3744 13.0 60.0 1.7071 0.0 1.774 0.0 0.0 987.0 1.4142 13.0 63.0 2.1071 0.0 1.974 0.0 0.1 986.0 1.5014 13.0 
0.04027 260.1241 59.0 2473.0 1.0 43.0 0.5071 0.0 2.574 0.0 0.22361 999.0 1.3489 13.0 43.0 1.4071 0.0 1.874 0.0 0.22361 999.0 1.3489 13.0 43.0 2.4071 0.0 1.674 0.0 0.2 998.0 1.259 12.0 45.0 3.5071 0.0 1.774 0.0 0.2 998.0 1.3789 12.0 46.0 4.7071 0.0 1.774 0.0 0.2 999.0 1.5437 12.0 
0.11799 256.8341 90.0 2474.0 1.0 60.0 1.1071 0.0 2.074 0.0 0.0 986.0 1.3618 13.0 64.0 1.2071 0.0 1.974 0.0 0.1 984.0 1.4426 12.0 68.0 1.5071 0.0 2.074 0.0 0.0 982.0 1.5235 11.0 71.0 1.9071 0.0 2.074 0.0 0.14142 981.0 1.609 11.0 72.0 2.4071 0.0 2.274 0.0 0.1 981.0 1.6546 11.0 
0.04022 294.87597 81.0 2475.0 1.0 46.0 0.0 -3.0929 0.0 -0.726 0.42426 1000.0 1.6625 12.0 44.0 0.0 -1.5929 0.0 -2.126 0.28284 999.0 1.4124 15.0 46.0 0.0 -0.1929 0.0 -2.826 0.22361 997.0 1.3508 13.0 51.0 1.0071 0.0 0.0 -2.726 0.2 995.0 1.4759 12.0 59.0 2.2071 0.0 0.0 -2.126 0.28284 992.0 1.693 12.0 
0.04121 211.34081 82.0 2476.0 1.0 61.0 0.0 -0.2929 2.374 0.0 0.28284 992.0 1.8098 12.0 63.0 0.9071 0.0 1.674 0.0 0.22361 991.0 1.8426 11.0 64.0 2.1071 0.0 1.074 0.0 0.2 990.0 1.8189 11.0 63.0 3.1071 0.0 0.674 0.0 0.22361 989.0 1.6891 11.0 61.0 4.1071 0.0 0.274 0.0 0.14142 990.0 1.6524 11.0 
0.05877 280.32338 62.0 2477.0 1.0 73.0 0.0 -0.7929 2.974 0.0 0.22361 985.0 1.9439 10.0 81.0 0.5071 0.0 2.474 0.0 0.2 979.0 1.9709 8.0 91.0 1.7071 0.0 2.374 0.0 0.2 971.0 2.0138 7.0 102.0 3.0071 0.0 2.374 0.0 0.2 961.0 2.0435 6.0 115.0 4.3071 0.0 2.374 0.0 0.31623 950.0 2.1441 6.0 
0.02174 230.58808 56.0 2478.0 1.0 55.0 0.0 -4.0929 0.574 0.0 0.64031 1001.0 2.5 13.0 55.0 0.0 -1.2929 0.0 -1.626 0.64031 1001.0 2.5 17.0 53.0 1.3071 0.0 0.0 -3.226 0.44721 1000.0 2.207 15.0 51.0 3.5071 0.0 0.0 -4.126 0.41231 998.0 1.7711 14.0 52.0 5.3071 0.0 0.0 -4.226 0.3 997.0 1.7261 16.0 
0.22712 32.65484 61.0 2480.0 1.0 51.0 0.0 -1.5929 1.574 0.0 0.42426 999.0 1.8976 10.0 50.0 0.1071 0.0 0.274 0.0 0.22361 998.0 1.7023 12.0 54.0 1.5071 0.0 0.0 -0.126 0.2 995.0 1.6546 10.0 58.0 2.9071 0.0 0.0 -0.026 0.22361 993.0 1.7179 9.0 61.0 4.3071 0.0 0.374 0.0 0.2 992.0 1.8098 9.0 
0.04647 232.72405 78.0 2482.0 1.0 64.0 0.0 -1.3929 3.174 0.0 0.42426 995.0 2.3242 14.0 65.0 0.3071 0.0 2.074 0.0 0.2 991.0 1.9615 11.0 67.0 1.6071 0.0 1.774 0.0 0.2 988.0 1.834 10.0 71.0 2.8071 0.0 1.674 0.0 0.1 985.0 1.8388 9.0 74.0 3.9071 0.0 1.574 0.0 0.22361 982.0 1.8042 8.0 
0.06477 257.5833 69.0 2483.0 1.0 80.0 0.2071 0.0 3.074 0.0 0.36056 985.0 2.3346 12.0 78.0 1.6071 0.0 1.674 0.0 0.28284 984.0 2.1428 12.0 78.0 2.8071 0.0 0.474 0.0 0.22361 983.0 2.0713 12.0 78.0 4.0071 0.0 0.0 -0.426 0.14142 982.0 2.0045 11.0 79.0 5.0071 0.0 0.0 -1.226 0.14142 981.0 1.992 11.0 
0.04123 104.04475 82.0 2484.0 1.0 43.0 0.0 -1.6929 0.874 0.0 0.36056 998.0 1.259 10.0 47.0 0.0 -0.5929 0.0 -0.726 0.28284 997.0 1.4101 9.0 53.0 0.8071 0.0 0.0 -1.926 0.22361 995.0 1.5939 11.0 61.0 2.1071 0.0 0.0 -2.526 0.2 990.0 1.6524 9.0 73.0 3.4071 0.0 0.0 -2.526 0.1 980.0 1.6494 7.0 
0.13556 17.37652 76.0 2485.0 1.0 29.0 0.0 -0.6929 0.374 0.0 0.14142 1001.0 1.0 13.0 32.0 0.0 -0.0929 0.0 -0.126 0.14142 1001.0 1.0 16.0 36.0 0.5071 0.0 0.0 -0.626 0.22361 1000.0 1.0182 14.0 40.0 1.2071 0.0 0.0 -1.126 0.1 998.0 1.0895 13.0 43.0 2.0071 0.0 0.0 -1.326 0.2 998.0 1.259 12.0 
0.04507 218.16136 72.0 2487.0 1.0 78.0 1.0071 0.0 2.074 0.0 0.22361 980.0 1.883 11.0 82.0 1.7071 0.0 0.974 0.0 0.14142 977.0 1.9077 10.0 88.0 2.5071 0.0 0.074 0.0 0.22361 972.0 1.9291 10.0 100.0 3.5071 0.0 0.0 -0.526 0.1 962.0 2.0027 8.0 121.0 4.5071 0.0 0.0 -0.926 0.2 940.0 2.0485 7.0 
0.11044 229.97278 120.0 2488.0 1.0 53.0 2.4071 0.0 0.274 0.0 0.14142 995.0 1.5939 10.0 52.0 1.7071 0.0 1.174 0.0 0.22361 994.0 1.4536 10.0 51.0 1.3071 0.0 2.074 0.0 0.14142 994.0 1.3982 10.0 49.0 1.0071 0.0 2.774 0.0 0.1 994.0 1.2907 9.0 49.0 0.8071 0.0 3.374 0.0 0.1 994.0 1.2907 9.0 
0.22125 62.69156 78.0 2489.0 1.0 58.0 0.0 -0.3929 0.774 0.0 0.1 990.0 1.4939 11.0 61.0 0.3071 0.0 0.474 0.0 0.2 989.0 1.5836 11.0 62.0 1.2071 0.0 0.074 0.0 0.14142 990.0 1.707 11.0 61.0 2.0071 0.0 0.0 -0.426 0.14142 990.0 1.6524 11.0 60.0 2.9071 0.0 0.0 -0.926 0.1 991.0 1.6713 11.0 
0.14609 201.10267 100.0 2490.0 1.0 36.0 0.0 -0.9929 1.874 0.0 0.0 997.0 1.0 13.0 43.0 0.0 -0.6929 1.674 0.0 0.1 995.0 1.0492 14.0 50.0 0.0 -0.3929 1.974 0.0 0.14142 993.0 1.2767 12.0 57.0 0.0071 0.0 2.574 0.0 0.22361 990.0 1.4428 11.0 64.0 0.5071 0.0 3.374 0.0 0.22361 987.0 1.6091 10.0 
0.0933 161.73528 72.0 2491.0 1.0 80.0 0.0 -0.2929 1.874 0.0 0.22361 980.0 1.9808 11.0 81.0 0.7071 0.0 1.274 0.0 0.2 978.0 1.9146 10.0 82.0 1.8071 0.0 0.874 0.0 0.22361 978.0 1.9622 10.0 79.0 2.9071 0.0 0.474 0.0 0.22361 980.0 1.9316 11.0 77.0 4.0071 0.0 0.0 -0.126 0.22361 979.0 1.7811 9.0 
0.1304 115.5129 120.0 2492.0 1.0 55.0 0.0 -1.4929 0.074 0.0 0.14142 991.0 1.4044 12.0 68.0 0.0 -0.7929 0.674 0.0 0.22361 982.0 1.5235 10.0 88.0 0.0 -0.1929 1.674 0.0 0.22361 972.0 1.9291 9.0 98.0 0.3071 0.0 2.874 0.0 0.22361 965.0 2.0436 9.0 101.0 0.8071 0.0 4.274 0.0 0.22361 963.0 2.0838 8.0 
0.06698 270.80238 50.0 2493.0 1.0 51.0 0.0 -0.2929 2.974 0.0 0.31623 999.0 1.8976 17.0 45.0 1.1071 0.0 2.174 0.0 0.31623 1000.0 1.591 18.0 41.0 2.3071 0.0 1.774 0.0 0.2 1000.0 1.3207 18.0 38.0 3.4071 0.0 1.574 0.0 0.2 1001.0 1.2291 20.0 35.0 4.5071 0.0 1.374 0.0 0.2 1001.0 1.0427 22.0 
0.1066 162.03059 70.0 2494.0 1.0 61.0 0.0 -1.4929 0.974 0.0 0.22361 988.0 1.5202 11.0 77.0 0.0 -0.4929 1.374 0.0 0.22361 980.0 1.8351 11.0 98.0 0.6071 0.0 1.974 0.0 0.22361 965.0 2.0436 9.0 123.0 1.9071 0.0 2.574 0.0 0.22361 941.0 2.1462 7.0 137.0 3.2071 0.0 3.074 0.0 0.22361 925.0 2.1784 6.0 
0.0514 220.31659 54.0 2495.0 1.0 50.0 0.0 -1.3929 2.874 0.0 0.36056 999.0 1.8239 18.0 54.0 0.2071 0.0 1.974 0.0 0.2 996.0 1.752 15.0 59.0 1.8071 0.0 1.774 0.0 0.2 994.0 1.8713 13.0 62.0 3.5071 0.0 1.574 0.0 0.2 993.0 1.9631 12.0 64.0 5.2071 0.0 1.174 0.0 0.3 993.0 2.0918 12.0 
0.07548 164.81188 100.0 2498.0 1.0 57.0 1.2071 0.0 1.274 0.0 0.1 990.0 1.4428 11.0 58.0 1.4071 0.0 0.474 0.0 0.14142 990.0 1.4939 11.0 60.0 1.8071 0.0 0.0 -0.226 0.14142 988.0 1.4708 10.0 62.0 2.3071 0.0 0.0 -0.626 0.1 987.0 1.5101 10.0 66.0 2.9071 0.0 0.0 -0.726 0.1 985.0 1.589 9.0 
0.08617 247.0314 74.0 2499.0 1.0 71.0 0.0 -0.1929 2.674 0.0 0.22361 985.0 1.8388 12.0 76.0 0.8071 0.0 2.074 0.0 0.2 982.0 1.903 11.0 81.0 1.8071 0.0 1.574 0.0 0.22361 978.0 1.9146 11.0 86.0 2.7071 0.0 1.074 0.0 0.22361 974.0 1.9369 10.0 92.0 3.6071 0.0 0.574 0.0 0.2 968.0 1.9211 9.0 
0.06485 242.05755 72.0 2501.0 1.0 63.0 1.1071 0.0 2.274 0.0 0.1 988.0 1.6215 13.0 65.0 1.6071 0.0 1.474 0.0 0.14142 987.0 1.6597 13.0 69.0 2.2071 0.0 0.774 0.0 0.22361 985.0 1.7367 12.0 74.0 3.0071 0.0 0.0 -0.026 0.1 982.0 1.8042 11.0 79.0 3.9071 0.0 0.0 -0.326 0.1 978.0 1.8213 11.0 
0.12898 47.69726 39.0 2502.0 1.0 66.0 0.0 -2.9929 4.374 0.0 0.89443 1001.0 2.5 13.0 63.0 0.0 -0.3929 0.174 0.0 0.78102 1000.0 2.5 12.0 61.0 2.1071 0.0 0.0 -3.126 0.64031 999.0 2.5 15.0 62.0 4.4071 0.0 0.0 -5.926 0.5 998.0 2.5 13.0 62.0 6.4071 0.0 0.0 -8.026 0.44721 995.0 2.1812 11.0 
0.02421 195.00101 87.0 2503.0 1.0 49.0 0.0 -3.0929 1.374 0.0 0.5 1001.0 2.0436 13.0 45.0 0.0 -1.4929 0.0 -0.926 0.36056 1000.0 1.591 11.0 43.0 0.0 -0.0929 0.0 -2.126 0.28284 998.0 1.259 10.0 44.0 1.1071 0.0 0.0 -2.926 0.22361 998.0 1.3183 13.0 48.0 2.2071 0.0 0.0 -3.326 0.1 995.0 1.3074 11.0 
0.08886 124.12592 90.0 2504.0 1.0 56.0 0.2071 0.0 1.474 0.0 0.14142 992.0 1.5252 12.0 57.0 0.8071 0.0 0.774 0.0 0.14142 991.0 1.5084 11.0 59.0 1.4071 0.0 0.174 0.0 0.22361 991.0 1.6161 11.0 60.0 2.3071 0.0 0.0 -0.426 0.1 991.0 1.6713 11.0 61.0 3.2071 0.0 0.0 -0.826 0.1 991.0 1.7275 11.0 
0.16923 236.7213 58.0 2505.0 1.0 117.0 0.0 -0.8929 2.974 0.0 0.36056 955.0 2.4106 6.0 110.0 0.8071 0.0 1.974 0.0 0.31623 961.0 2.3767 6.0 101.0 2.5071 0.0 1.074 0.0 0.28284 967.0 2.265 7.0 93.0 3.8071 0.0 0.174 0.0 0.22361 971.0 2.1033 7.0 89.0 5.0071 0.0 0.0 -0.626 0.22361 974.0 2.0744 8.0 
0.04858 229.08438 59.0 2506.0 1.0 65.0 0.0 -0.2929 2.674 0.0 0.36056 991.0 1.9615 12.0 74.0 1.2071 0.0 1.674 0.0 0.36056 986.0 2.0715 10.0 81.0 2.6071 0.0 0.574 0.0 0.36056 981.0 2.0941 9.0 89.0 4.0071 0.0 0.0 -0.426 0.22361 974.0 2.0744 8.0 101.0 5.2071 0.0 0.0 -1.326 0.22361 963.0 2.0838 7.0 
0.08657 167.40355 69.0 2507.0 1.0 59.0 0.0 -0.6929 2.074 0.0 0.22361 994.0 1.8713 17.0 62.0 0.8071 0.0 1.274 0.0 0.22361 993.0 1.9631 16.0 65.0 2.2071 0.0 0.474 0.0 0.22361 991.0 1.9615 14.0 69.0 3.4071 0.0 0.0 -0.326 0.22361 988.0 1.9451 13.0 74.0 4.5071 0.0 0.0 -1.126 0.22361 984.0 1.9286 12.0 
0.06867 241.60665 61.0 2508.0 1.0 45.0 0.0 -1.3929 2.174 0.0 0.2 1000.0 1.591 19.0 48.0 0.1071 0.0 2.174 0.0 0.2 998.0 1.5688 16.0 49.0 1.4071 0.0 2.374 0.0 0.22361 997.0 1.5327 15.0 50.0 2.6071 0.0 2.574 0.0 0.2 997.0 1.5959 15.0 51.0 3.9071 0.0 2.574 0.0 0.2 997.0 1.6604 15.0 
0.04017 276.41288 60.0 2509.0 1.0 53.0 1.7071 0.0 2.074 0.0 0.1 993.0 1.4345 12.0 51.0 2.0071 0.0 1.474 0.0 0.14142 994.0 1.3982 13.0 50.0 2.6071 0.0 0.874 0.0 0.14142 995.0 1.4186 13.0 47.0 3.3071 0.0 0.374 0.0 0.14142 996.0 1.3272 14.0 44.0 3.9071 0.0 0.0 -0.226 0.1 997.0 1.2359 15.0 
0.11555 163.6159 69.0 2510.0 1.0 91.0 0.0 -1.1929 1.274 0.0 0.22361 970.0 1.967 8.0 90.0 0.0071 0.0 1.474 0.0 0.22361 966.0 1.7602 7.0 101.0 1.0071 0.0 1.674 0.0 0.22361 957.0 1.8605 6.0 113.0 2.0071 0.0 1.874 0.0 0.2 947.0 1.976 6.0 113.0 3.1071 0.0 1.874 0.0 0.2 948.0 2.0064 6.0 
0.10214 281.53649 56.0 2511.0 1.0 74.0 0.0 -3.1929 1.874 0.0 0.41231 993.0 2.5 12.0 78.0 0.0 -0.8929 2.374 0.0 0.31623 986.0 2.3015 10.0 81.0 0.9071 0.0 2.774 0.0 0.3 982.0 2.1617 9.0 88.0 2.6071 0.0 2.674 0.0 0.3 977.0 2.1971 8.0 90.0 4.3071 0.0 2.174 0.0 0.31623 977.0 2.2981 8.0 
0.06884 187.34835 63.0 2512.0 1.0 56.0 0.0 -0.8929 3.074 0.0 0.5 999.0 2.2879 14.0 52.0 1.1071 0.0 1.274 0.0 0.36056 999.0 1.9727 14.0 48.0 2.9071 0.0 0.0 -0.126 0.36056 1000.0 1.8102 14.0 44.0 4.3071 0.0 0.0 -1.426 0.36056 1000.0 1.5211 15.0 42.0 5.6071 0.0 0.0 -2.726 0.28284 1000.0 1.3859 15.0 
0.09341 141.4162 88.0 2514.0 1.0 65.0 0.0 -1.4929 1.774 0.0 0.31623 990.0 1.8762 11.0 68.0 0.0071 0.0 1.274 0.0 0.3 989.0 1.9678 11.0 68.0 1.5071 0.0 0.774 0.0 0.28284 989.0 1.9678 11.0 67.0 2.8071 0.0 0.074 0.0 0.28284 989.0 1.9104 11.0 66.0 3.9071 0.0 0.0 -0.626 0.14142 988.0 1.7796 10.0 
0.16617 107.02187 52.0 2515.0 1.0 101.0 0.0 -0.9929 0.974 0.0 0.3 964.0 2.1263 8.0 104.0 0.4071 0.0 0.874 0.0 0.31623 963.0 2.2094 8.0 112.0 2.1071 0.0 0.174 0.0 0.36056 960.0 2.4174 8.0 115.0 3.9071 0.0 0.0 -0.926 0.31623 958.0 2.4559 8.0 109.0 5.7071 0.0 0.0 -1.926 0.28284 963.0 2.427 8.0 
0.12198 291.93942 43.0 2516.0 1.0 129.0 0.0 -0.6929 4.074 0.0 0.64031 957.0 2.5 6.0 121.0 2.1071 0.0 1.574 0.0 0.56569 965.0 2.5 7.0 103.0 4.4071 0.0 0.0 -0.826 0.56569 976.0 2.5 8.0 85.0 6.3071 0.0 0.0 -2.926 0.42426 985.0 2.5 9.0 71.0 8.0071 0.0 0.0 -4.626 0.28284 991.0 2.3403 11.0 
0.07717 257.40721 48.0 2517.0 1.0 73.0 0.0 -1.4929 2.474 0.0 0.5 991.0 2.474 12.0 82.0 0.8071 0.0 2.174 0.0 0.4 985.0 2.4528 10.0 94.0 2.9071 0.0 1.674 0.0 0.31623 975.0 2.375 8.0 105.0 4.8071 0.0 1.074 0.0 0.31623 965.0 2.346 7.0 112.0 6.5071 0.0 0.374 0.0 0.36056 959.0 2.3726 6.0 
0.19371 254.49922 62.0 2518.0 1.0 78.0 0.0 -2.1929 2.074 0.0 0.4 986.0 2.3015 10.0 92.0 0.0 -0.2929 2.274 0.0 0.31623 974.0 2.2166 8.0 106.0 1.3071 0.0 2.474 0.0 0.2 960.0 2.1653 6.0 119.0 2.7071 0.0 2.474 0.0 0.3 946.0 2.1588 5.0 105.0 4.0071 0.0 2.374 0.0 0.2 959.0 2.0853 6.0 
0.10393 87.40194 61.0 2519.0 1.0 70.0 0.0 -0.6929 1.274 0.0 0.22361 986.0 1.8536 10.0 74.0 0.4071 0.0 0.674 0.0 0.22361 984.0 1.9286 9.0 76.0 1.6071 0.0 0.174 0.0 0.22361 983.0 1.9665 9.0 78.0 3.0071 0.0 0.0 -0.226 0.2 983.0 2.0713 9.0 80.0 4.3071 0.0 0.0 -0.626 0.22361 982.0 2.1086 9.0 
0.06012 298.16812 38.0 2521.0 1.0 89.0 0.0 -2.8929 6.874 0.0 1.14018 1000.0 2.5 15.0 86.0 1.7071 0.0 2.074 0.0 1.06301 999.0 2.5 14.0 79.0 5.2071 0.0 0.0 -2.526 0.80623 998.0 2.5 13.0 77.0 7.4071 0.0 0.0 -6.726 0.67082 996.0 2.5 15.0 76.0 9.1071 0.0 0.0 -9.826 0.44721 992.0 2.5 12.0 
0.03457 284.57652 44.0 2522.0 1.0 45.0 0.0 -0.1929 3.174 0.0 0.31623 1001.0 1.7236 22.0 44.0 1.5071 0.0 2.074 0.0 0.36056 1001.0 1.6478 21.0 46.0 3.2071 0.0 0.874 0.0 0.36056 1001.0 1.801 21.0 48.0 5.3071 0.0 0.0 -0.026 0.44721 1001.0 1.961 21.0 45.0 7.4071 0.0 0.0 -0.526 0.4 1001.0 1.7236 22.0 
0.13316 85.91761 66.0 2523.0 1.0 49.0 0.0 -1.1929 1.074 0.0 0.22361 997.0 1.5327 15.0 57.0 0.0071 0.0 0.774 0.0 0.2 994.0 1.7465 13.0 61.0 1.2071 0.0 0.574 0.0 0.2 991.0 1.7275 11.0 65.0 2.4071 0.0 0.574 0.0 0.2 989.0 1.798 11.0 65.0 3.5071 0.0 0.674 0.0 0.2 989.0 1.798 10.0 
0.08952 109.18961 56.0 2524.0 1.0 41.0 0.0 -0.7929 2.574 0.0 0.36056 1002.0 1.5608 19.0 42.0 0.6071 0.0 0.774 0.0 0.28284 1001.0 1.5014 17.0 43.0 2.0071 0.0 0.0 -0.526 0.36056 1000.0 1.4527 16.0 46.0 3.5071 0.0 0.0 -1.526 0.36056 999.0 1.5437 14.0 51.0 5.0071 0.0 0.0 -2.526 0.31623 997.0 1.6604 16.0 
0.05903 111.39813 45.0 2525.0 1.0 44.0 0.0 -2.3929 1.374 0.0 0.5 1000.0 1.5211 14.0 51.0 0.0 -0.6929 0.0 -0.726 0.5 999.0 1.8976 15.0 60.0 1.4071 0.0 0.0 -3.026 0.5 997.0 2.2981 13.0 68.0 4.0071 0.0 0.0 -4.826 0.44721 994.0 2.4857 11.0 78.0 6.8071 0.0 0.0 -5.926 0.53852 990.0 2.5 11.0 
0.07041 317.16735 54.0 2526.0 1.0 73.0 0.0 -0.6929 3.174 0.0 0.31623 989.0 2.2679 11.0 73.0 1.0071 0.0 2.674 0.0 0.31623 987.0 2.0934 10.0 73.0 2.6071 0.0 1.974 0.0 0.22361 988.0 2.1772 10.0 67.0 4.0071 0.0 1.174 0.0 0.22361 990.0 1.9935 11.0 61.0 5.3071 0.0 0.474 0.0 0.22361 993.0 1.9003 12.0 
0.05479 300.09125 86.0 2527.0 1.0 69.0 0.4071 0.0 3.274 0.0 0.28284 988.0 1.9451 13.0 74.0 1.6071 0.0 2.174 0.0 0.36056 986.0 2.0715 12.0 76.0 2.9071 0.0 1.174 0.0 0.28284 983.0 1.9665 12.0 78.0 3.9071 0.0 0.374 0.0 0.22361 981.0 1.9419 11.0 81.0 4.8071 0.0 0.0 -0.326 0.14142 977.0 1.8615 10.0 
0.03745 273.31587 75.0 2528.0 1.0 75.0 1.1071 0.0 2.674 0.0 0.28284 984.0 1.9811 9.0 78.0 2.1071 0.0 1.274 0.0 0.28284 981.0 1.9419 8.0 83.0 3.1071 0.0 0.0 -0.026 0.28284 976.0 1.9017 6.0 91.0 4.1071 0.0 0.0 -1.226 0.22361 969.0 1.9223 5.0 95.0 5.0071 0.0 0.0 -2.226 0.22361 966.0 1.9613 5.0 
0.11864 93.62417 103.0 2529.0 1.0 51.0 0.0 -0.3929 1.774 0.0 0.28284 997.0 1.6604 15.0 50.0 0.5071 0.0 0.674 0.0 0.22361 997.0 1.5959 15.0 49.0 1.4071 0.0 0.074 0.0 0.22361 996.0 1.4425 14.0 48.0 2.3071 0.0 0.0 -0.326 0.14142 996.0 1.3843 14.0 47.0 3.0071 0.0 0.0 -0.626 0.14142 996.0 1.3272 14.0 
0.0691 285.772 70.0 2530.0 1.0 57.0 1.0071 0.0 2.474 0.0 0.0 989.0 1.3827 10.0 56.0 1.2071 0.0 2.274 0.0 0.1 989.0 1.3346 10.0 52.0 1.5071 0.0 2.274 0.0 0.0 991.0 1.2554 11.0 48.0 1.7071 0.0 2.474 0.0 0.1 994.0 1.2385 13.0 44.0 2.1071 0.0 2.774 0.0 0.14142 997.0 1.2359 14.0 
0.09688 267.54699 55.0 2531.0 1.0 87.0 0.2071 0.0 2.974 0.0 0.42426 982.0 2.4938 9.0 84.0 1.9071 0.0 1.474 0.0 0.36056 983.0 2.4023 9.0 75.0 3.4071 0.0 0.074 0.0 0.28284 986.0 2.1279 10.0 67.0 4.6071 0.0 0.0 -1.126 0.36056 990.0 1.9935 11.0 63.0 5.9071 0.0 0.0 -2.426 0.28284 991.0 1.8426 9.0 
0.08271 302.817 53.0 2532.0 1.0 77.0 0.0 -0.0929 3.374 0.0 0.36056 985.0 2.1628 10.0 89.0 1.5071 0.0 2.274 0.0 0.36056 976.0 2.1866 8.0 104.0 3.0071 0.0 1.274 0.0 0.36056 963.0 2.2094 7.0 117.0 4.5071 0.0 0.274 0.0 0.28284 951.0 2.2551 6.0 109.0 5.9071 0.0 0.0 -0.726 0.28284 959.0 2.2472 6.0 
0.10797 201.65087 83.0 2533.0 1.0 47.0 0.5071 0.0 1.874 0.0 0.1 995.0 1.2535 13.0 45.0 0.9071 0.0 1.574 0.0 0.1 996.0 1.2166 14.0 43.0 1.4071 0.0 1.374 0.0 0.0 997.0 1.1803 14.0 42.0 1.8071 0.0 1.174 0.0 0.14142 997.0 1.1261 15.0 40.0 2.2071 0.0 0.974 0.0 0.1 998.0 1.0895 15.0 
0.18741 251.98434 102.0 2534.0 1.0 45.0 2.2071 0.0 0.974 0.0 0.0 996.0 1.2166 14.0 46.0 1.8071 0.0 1.374 0.0 0.1 996.0 1.2713 14.0 46.0 1.5071 0.0 2.074 0.0 0.2 996.0 1.2713 14.0 47.0 1.2071 0.0 3.174 0.0 0.2 997.0 1.4101 15.0 49.0 0.9071 0.0 4.574 0.0 0.31623 997.0 1.5327 15.0 
0.04322 301.81442 55.0 2537.0 1.0 48.0 0.0 -2.7929 2.674 0.0 0.4 1000.0 1.8102 15.0 53.0 0.0 -0.4929 2.674 0.0 0.31623 999.0 2.0493 18.0 57.0 1.4071 0.0 3.174 0.0 0.31623 997.0 2.074 15.0 58.0 3.2071 0.0 3.474 0.0 0.31623 996.0 2.0211 14.0 60.0 5.0071 0.0 3.174 0.0 0.31623 995.0 2.0427 13.0 
0.05071 206.28347 77.0 2538.0 1.0 71.0 0.0 -0.2929 2.074 0.0 0.2 985.0 1.8388 9.0 72.0 0.8071 0.0 1.674 0.0 0.22361 984.0 1.8258 9.0 73.0 1.8071 0.0 1.274 0.0 0.22361 983.0 1.8143 9.0 75.0 2.8071 0.0 0.774 0.0 0.22361 982.0 1.8533 9.0 79.0 3.6071 0.0 0.374 0.0 0.22361 977.0 1.7707 8.0 
0.0858 183.35999 72.0 2539.0 1.0 69.0 0.3071 0.0 0.0 -2.126 0.22361 985.0 1.7367 10.0 87.0 1.1071 0.0 0.0 -1.226 0.22361 973.0 1.9327 7.0 91.0 1.9071 0.0 0.0 -0.526 0.14142 968.0 1.8796 7.0 94.0 2.7071 0.0 0.0 -0.126 0.1 965.0 1.8802 7.0 97.0 3.5071 0.0 0.0 -0.126 0.1 963.0 1.922 6.0 
0.08567 281.57238 55.0 2541.0 1.0 84.0 0.0 -1.1929 3.974 0.0 0.5831 990.0 2.5 8.0 85.0 1.3071 0.0 2.174 0.0 0.44721 986.0 2.5 7.0 81.0 3.4071 0.0 0.674 0.0 0.36056 985.0 2.3933 7.0 76.0 5.0071 0.0 0.0 -0.426 0.28284 986.0 2.185 7.0 68.0 6.2071 0.0 0.0 -1.326 0.22361 988.0 1.8891 8.0 
0.17915 208.35343 54.0 2542.0 1.0 72.0 0.0 -1.6929 2.174 0.0 0.31623 987.0 2.0365 10.0 80.0 0.1071 0.0 1.874 0.0 0.3 983.0 2.1789 9.0 86.0 2.0071 0.0 1.374 0.0 0.31623 981.0 2.3606 9.0 89.0 3.9071 0.0 0.674 0.0 0.28284 978.0 2.3115 8.0 92.0 5.5071 0.0 0.0 -0.326 0.31623 975.0 2.275 8.0 
0.03296 266.36685 52.0 2543.0 1.0 51.0 0.0 -0.6929 3.374 0.0 0.36056 1000.0 2.0435 19.0 52.0 1.2071 0.0 2.074 0.0 0.44721 999.0 1.9727 18.0 53.0 3.1071 0.0 0.774 0.0 0.42426 999.0 2.0493 18.0 52.0 4.8071 0.0 0.0 -0.826 0.42426 999.0 1.9727 17.0 50.0 6.3071 0.0 0.0 -2.426 0.28284 999.0 1.8239 17.0 
0.13056 99.7004 95.0 2544.0 1.0 68.0 0.0 -0.4929 1.374 0.0 0.14142 985.0 1.6867 9.0 67.0 0.2071 0.0 0.874 0.0 0.1 986.0 1.6981 10.0 65.0 1.0071 0.0 0.674 0.0 0.1 987.0 1.6597 10.0 64.0 1.7071 0.0 0.674 0.0 0.1 987.0 1.6091 10.0 62.0 2.4071 0.0 0.574 0.0 0.0 987.0 1.5101 10.0 
0.03462 265.70178 60.0 2545.0 1.0 52.0 0.1071 0.0 3.074 0.0 0.36056 999.0 1.9727 17.0 52.0 1.6071 0.0 1.774 0.0 0.36056 998.0 1.8412 16.0 53.0 3.1071 0.0 0.674 0.0 0.28284 997.0 1.7931 15.0 53.0 4.4071 0.0 0.0 -0.526 0.28284 997.0 1.7931 15.0 51.0 5.6071 0.0 0.0 -1.626 0.28284 997.0 1.6604 15.0 
0.07506 300.09125 62.0 2546.0 1.0 78.0 0.0 -0.0929 3.674 0.0 0.42426 987.0 2.39 13.0 82.0 1.6071 0.0 2.174 0.0 0.36056 983.0 2.2892 12.0 90.0 3.2071 0.0 1.074 0.0 0.36056 977.0 2.2981 10.0 93.0 4.7071 0.0 0.0 -0.026 0.22361 973.0 2.2085 10.0 95.0 5.8071 0.0 0.0 -1.026 0.14142 969.0 2.095 9.0 
0.07829 241.60155 54.0 2547.0 1.0 66.0 0.0 -1.0929 3.274 0.0 0.36056 995.0 2.4717 14.0 71.0 1.1071 0.0 1.874 0.0 0.36056 992.0 2.4518 12.0 76.0 3.1071 0.0 0.674 0.0 0.36056 989.0 2.4581 11.0 78.0 4.8071 0.0 0.0 -0.726 0.42426 986.0 2.3015 10.0 81.0 6.2071 0.0 0.0 -2.226 0.36056 984.0 2.3108 9.0 
0.20681 158.13844 86.0 2549.0 1.0 76.0 0.0 -0.7929 1.974 0.0 0.31623 988.0 2.3598 10.0 78.0 0.8071 0.0 1.174 0.0 0.31623 983.0 2.0713 9.0 86.0 2.1071 0.0 0.374 0.0 0.14142 976.0 2.0416 8.0 90.0 3.0071 0.0 0.0 -0.326 0.22361 971.0 1.9698 7.0 87.0 3.8071 0.0 0.0 -0.926 0.14142 972.0 1.8856 7.0 
0.08796 119.15354 46.0 2551.0 1.0 39.0 0.0 -0.5929 2.074 0.0 0.36056 1002.0 1.4123 18.0 43.0 0.9071 0.0 0.574 0.0 0.36056 1001.0 1.5738 17.0 50.0 2.7071 0.0 0.0 -1.126 0.36056 1000.0 1.9642 20.0 54.0 4.7071 0.0 0.0 -2.626 0.42426 1000.0 2.291 18.0 57.0 6.7071 0.0 0.0 -4.026 0.31623 998.0 2.2123 16.0 
0.07802 229.24245 77.0 2552.0 1.0 51.0 0.0 -0.2929 2.174 0.0 0.1 995.0 1.4759 13.0 52.0 0.6071 0.0 1.974 0.0 0.2 995.0 1.5343 13.0 50.0 1.5071 0.0 1.574 0.0 0.22361 996.0 1.502 14.0 49.0 2.4071 0.0 0.974 0.0 0.22361 997.0 1.5327 14.0 47.0 3.4071 0.0 0.374 0.0 0.14142 997.0 1.4101 15.0 
0.05553 181.10923 60.0 2554.0 1.0 42.0 0.0 -2.6929 0.0 -0.126 0.36056 1001.0 1.5014 13.0 44.0 0.0 -0.7929 0.0 -1.426 0.36056 1001.0 1.6478 17.0 49.0 1.3071 0.0 0.0 -2.426 0.31623 1000.0 1.8864 15.0 50.0 3.4071 0.0 0.0 -2.826 0.41231 999.0 1.8239 14.0 49.0 5.1071 0.0 0.0 -3.426 0.22361 998.0 1.6349 16.0 
0.07363 315.20182 93.0 2555.0 1.0 52.0 0.0 -0.1929 2.974 0.0 0.1 993.0 1.3809 10.0 51.0 0.6071 0.0 2.774 0.0 0.1 993.0 1.3283 10.0 49.0 1.2071 0.0 2.674 0.0 0.14142 993.0 1.2262 9.0 48.0 1.5071 0.0 2.774 0.0 0.1 992.0 1.1206 9.0 49.0 1.8071 0.0 2.874 0.0 0.1 991.0 1.1147 9.0 
0.053 296.81505 83.0 2557.0 1.0 52.0 0.0 -1.1929 2.774 0.0 0.2 995.0 1.5343 14.0 56.0 0.0071 0.0 2.674 0.0 0.2 993.0 1.6015 13.0 59.0 1.2071 0.0 2.574 0.0 0.2 992.0 1.693 12.0 60.0 2.3071 0.0 2.274 0.0 0.2 991.0 1.6713 11.0 61.0 3.3071 0.0 1.874 0.0 0.2 989.0 1.5836 11.0 
0.03687 294.59924 61.0 2559.0 1.0 46.0 1.6071 0.0 2.674 0.0 0.22361 998.0 1.4408 16.0 50.0 2.2071 0.0 1.474 0.0 0.14142 995.0 1.4186 14.0 54.0 2.9071 0.0 0.774 0.0 0.14142 993.0 1.4892 12.0 60.0 3.7071 0.0 0.274 0.0 0.1 990.0 1.5987 11.0 68.0 4.6071 0.0 0.0 -0.126 0.22361 987.0 1.8165 10.0 
0.06153 172.16692 45.0 2560.0 1.0 34.0 0.3071 0.0 2.674 0.0 0.31623 1002.0 1.0734 19.0 39.0 1.2071 0.0 0.974 0.0 0.36056 1001.0 1.2946 18.0 48.0 2.6071 0.0 0.0 -0.826 0.42426 1001.0 1.961 21.0 54.0 4.6071 0.0 0.0 -2.626 0.36056 1000.0 2.291 19.0 57.0 6.8071 0.0 0.0 -3.926 0.41231 999.0 2.3703 17.0 
0.12743 61.36266 128.0 2562.0 1.0 53.0 0.0 -0.2929 1.174 0.0 0.22361 995.0 1.5939 10.0 49.0 0.4071 0.0 0.374 0.0 0.22361 996.0 1.4425 10.0 45.0 1.1071 0.0 0.0 -0.026 0.14142 996.0 1.2166 11.0 42.0 1.7071 0.0 0.0 -0.126 0.1 997.0 1.1261 11.0 40.0 2.1071 0.0 0.0 -0.026 0.1 997.0 1.0214 11.0 
0.14026 92.73958 51.0 2563.0 1.0 55.0 0.0 -1.3929 3.474 0.0 0.5831 1000.0 2.3767 12.0 55.0 0.6071 0.0 0.574 0.0 0.5 1000.0 2.3767 16.0 56.0 2.8071 0.0 0.0 -1.526 0.42426 998.0 2.1353 14.0 57.0 4.8071 0.0 0.0 -3.126 0.28284 996.0 1.952 12.0 61.0 6.3071 0.0 0.0 -4.426 0.36056 994.0 2.0003 13.0 
0.15188 203.01067 52.0 2564.0 1.0 147.0 0.0 -1.6929 3.674 0.0 0.64031 939.0 2.5 5.0 151.0 1.2071 0.0 1.374 0.0 0.5831 932.0 2.5 5.0 133.0 3.6071 0.0 0.0 -0.526 0.36056 944.0 2.5 5.0 113.0 5.3071 0.0 0.0 -2.026 0.36056 959.0 2.4152 6.0 99.0 6.6071 0.0 0.0 -3.126 0.22361 968.0 2.2245 7.0 
0.11463 127.3962 49.0 2566.0 1.0 57.0 0.0 -1.4929 1.974 0.0 0.36056 998.0 2.2123 16.0 56.0 0.6071 0.0 0.974 0.0 0.36056 999.0 2.2879 16.0 54.0 2.7071 0.0 0.0 -0.126 0.36056 999.0 2.1274 17.0 49.0 4.5071 0.0 0.0 -1.326 0.36056 1000.0 1.8864 19.0 45.0 6.1071 0.0 0.0 -2.426 0.31623 1001.0 1.7236 20.0 
0.11372 159.16666 0.0 2567.0 1.0 20.0 1.8071 0.0 1.174 0.0 0.1 1004.0 1.0 35.0 20.0 1.2071 0.0 0.774 0.0 12.40161 1004.0 1.0 37.0 45.0 0.0 -9.0929 0.374 0.0 0.3 1002.0 1.8803 18.0 45.0 0.0 -6.8929 0.374 0.0 0.31623 1001.0 1.7236 17.0 51.0 0.0 -4.5929 0.774 0.0 0.41231 1001.0 2.2138 20.0 
0.1364 190.86341 63.0 2568.0 1.0 39.0 0.0 -1.6929 1.574 0.0 0.2 1000.0 1.195 20.0 44.0 0.0 -0.3929 1.674 0.0 0.22361 998.0 1.3183 18.0 49.0 0.9071 0.0 1.974 0.0 0.2 997.0 1.5327 20.0 59.0 2.3071 0.0 2.374 0.0 0.22361 994.0 1.8713 16.0 64.0 3.8071 0.0 2.574 0.0 0.3 992.0 1.9922 15.0 
0.06779 138.42312 52.0 2569.0 1.0 57.0 0.0 -0.4929 3.474 0.0 0.53852 1000.0 2.5 16.0 55.0 1.1071 0.0 0.574 0.0 0.5 999.0 2.2069 14.0 56.0 3.0071 0.0 0.0 -1.226 0.36056 997.0 2.0019 12.0 58.0 4.8071 0.0 0.0 -2.326 0.22361 995.0 1.9088 14.0 64.0 6.2071 0.0 0.0 -3.226 0.28284 991.0 1.9016 12.0 
0.07467 302.817 62.0 2570.0 1.0 79.0 0.0 -0.1929 3.674 0.0 0.36056 987.0 2.4517 10.0 81.0 1.5071 0.0 2.274 0.0 0.36056 984.0 2.3108 9.0 82.0 3.0071 0.0 1.174 0.0 0.28284 981.0 2.1462 9.0 87.0 4.1071 0.0 0.174 0.0 0.22361 974.0 1.9822 8.0 99.0 5.2071 0.0 0.0 -0.626 0.22361 963.0 2.0021 7.0 
0.06851 285.61028 61.0 2571.0 1.0 82.0 0.0 -0.6929 2.774 0.0 0.2 979.0 2.0199 8.0 84.0 0.7071 0.0 2.474 0.0 0.2 978.0 2.0591 8.0 82.0 2.1071 0.0 2.074 0.0 0.22361 976.0 1.8561 6.0 84.0 3.5071 0.0 1.474 0.0 0.28284 976.0 1.9478 6.0 85.0 4.8071 0.0 0.774 0.0 0.28284 975.0 1.942 6.0 
0.12248 99.7004 68.0 2573.0 1.0 50.0 0.0 -1.7929 1.874 0.0 0.41231 999.0 1.8239 15.0 51.0 0.2071 0.0 0.874 0.0 0.31623 998.0 1.7711 13.0 54.0 1.9071 0.0 0.274 0.0 0.3 996.0 1.752 15.0 60.0 3.5071 0.0 0.074 0.0 0.2 993.0 1.8385 13.0 60.0 4.7071 0.0 0.0 -0.326 0.22361 991.0 1.6713 12.0 
0.04752 211.34081 57.0 2574.0 1.0 64.0 0.0 -0.3929 2.374 0.0 0.22361 990.0 1.8189 11.0 72.0 0.9071 0.0 1.674 0.0 0.31623 987.0 2.0365 10.0 80.0 2.4071 0.0 1.074 0.0 0.31623 982.0 2.1086 9.0 91.0 3.9071 0.0 0.374 0.0 0.22361 974.0 2.1687 8.0 101.0 5.3071 0.0 0.0 -0.426 0.22361 965.0 2.1706 7.0 
0.11998 281.38153 55.0 2575.0 1.0 75.0 0.0 -0.3929 3.474 0.0 0.5 991.0 2.5 15.0 80.0 1.7071 0.0 1.874 0.0 0.36056 986.0 2.421 13.0 86.0 3.5071 0.0 0.574 0.0 0.36056 980.0 2.2891 11.0 96.0 5.0071 0.0 0.0 -0.426 0.28284 970.0 2.1891 9.0 118.0 6.2071 0.0 0.0 -1.526 0.28284 948.0 2.1879 7.0 
0.05441 196.34411 70.0 2576.0 1.0 70.0 0.0 -0.5929 2.174 0.0 0.31623 988.0 2.0019 10.0 74.0 0.8071 0.0 1.574 0.0 0.22361 985.0 1.9975 9.0 79.0 2.0071 0.0 1.074 0.0 0.2 980.0 1.9316 8.0 80.0 3.1071 0.0 0.774 0.0 0.22361 979.0 1.9226 8.0 77.0 4.1071 0.0 0.374 0.0 0.1 980.0 1.8351 8.0 
0.20698 180.46314 61.0 2577.0 1.0 87.0 0.0 -2.4929 1.974 0.0 0.6 990.0 2.5 11.0 85.0 0.4071 0.0 1.574 0.0 0.4 985.0 2.5 9.0 86.0 2.5071 0.0 0.974 0.0 0.31623 981.0 2.3606 9.0 87.0 4.1071 0.0 0.274 0.0 0.31623 977.0 2.1474 8.0 86.0 5.4071 0.0 0.0 -0.426 0.22361 976.0 2.0416 8.0 
0.06362 291.93942 73.0 2578.0 1.0 51.0 1.5071 0.0 2.574 0.0 0.22361 994.0 1.3982 13.0 56.0 2.1071 0.0 1.574 0.0 0.14142 993.0 1.6015 12.0 60.0 2.9071 0.0 0.574 0.0 0.22361 992.0 1.7509 12.0 63.0 3.8071 0.0 0.0 -0.426 0.22361 990.0 1.7625 11.0 67.0 4.8071 0.0 0.0 -1.326 0.14142 988.0 1.834 10.0 
0.10027 258.27547 74.0 2579.0 1.0 54.0 0.0 -1.1929 2.274 0.0 0.1 992.0 1.4182 12.0 61.0 0.0 -0.4929 2.274 0.0 0.22361 989.0 1.5836 11.0 66.0 0.4071 0.0 2.474 0.0 0.22361 987.0 1.7112 10.0 70.0 1.4071 0.0 2.874 0.0 0.2 986.0 1.8536 10.0 71.0 2.5071 0.0 2.874 0.0 0.2 985.0 1.8388 9.0 
0.09139 233.99754 45.0 2580.0 1.0 102.0 0.0 -0.7929 3.274 0.0 0.5 977.0 2.5 8.0 98.0 1.5071 0.0 1.474 0.0 0.5 977.0 2.5 8.0 95.0 3.7071 0.0 0.0 -0.226 0.36056 978.0 2.5 8.0 89.0 5.7071 0.0 0.0 -1.626 0.36056 980.0 2.4516 8.0 84.0 7.4071 0.0 0.0 -2.826 0.31623 982.0 2.3248 9.0 
0.22129 113.36064 65.0 2581.0 1.0 46.0 0.3071 0.0 0.974 0.0 0.0 994.0 1.1375 13.0 45.0 0.3071 0.0 0.974 0.0 0.1 994.0 1.0886 13.0 47.0 0.5071 0.0 1.374 0.0 0.1 995.0 1.2535 13.0 48.0 0.9071 0.0 1.874 0.0 0.14142 995.0 1.3074 13.0 50.0 1.8071 0.0 2.174 0.0 0.1 996.0 1.502 14.0 
0.25475 92.42951 261.0 2582.0 1.0 88.0 0.0 -1.4929 1.774 0.0 0.36056 979.0 2.3263 11.0 101.0 0.3071 0.0 0.774 0.0 0.36056 969.0 2.368 9.0 103.0 2.0071 0.0 0.074 0.0 0.22361 965.0 2.2574 9.0 101.0 3.5071 0.0 0.0 -0.526 0.22361 963.0 2.0838 8.0 113.0 4.8071 0.0 0.0 -1.326 0.22361 948.0 2.0064 6.0 
0.19557 78.1117 54.0 2583.0 1.0 45.0 0.0 -1.0929 1.774 0.0 0.28284 999.0 1.4773 19.0 51.0 0.4071 0.0 0.574 0.0 0.28284 997.0 1.6604 17.0 57.0 2.0071 0.0 0.0 -0.226 0.31623 995.0 1.8436 16.0 66.0 3.7071 0.0 0.0 -0.826 0.31623 991.0 2.0223 15.0 72.0 5.3071 0.0 0.0 -1.526 0.22361 987.0 2.0365 13.0 
0.2223 102.71108 264.0 2584.0 1.0 66.0 0.0 -0.9929 1.574 0.0 0.36056 991.0 2.0223 12.0 75.0 0.5071 0.0 0.774 0.0 0.22361 985.0 2.0519 12.0 86.0 1.8071 0.0 0.674 0.0 0.2 975.0 1.9879 10.0 102.0 2.9071 0.0 0.974 0.0 0.14142 960.0 2.005 8.0 127.0 3.9071 0.0 1.574 0.0 0.22361 935.0 2.112 6.0 
0.14723 187.23059 66.0 2585.0 1.0 65.0 0.0 -1.6929 2.574 0.0 0.36056 993.0 2.1576 13.0 70.0 0.2071 0.0 1.674 0.0 0.3 990.0 2.176 14.0 74.0 1.7071 0.0 1.274 0.0 0.2 985.0 1.9975 12.0 85.0 3.0071 0.0 1.274 0.0 0.22361 976.0 1.9944 10.0 98.0 4.1071 0.0 1.474 0.0 0.22361 964.0 2.0019 9.0 
0.14683 180.46314 41.0 2586.0 1.0 75.0 0.0 -3.2929 3.974 0.0 0.86023 998.0 2.5 12.0 77.0 0.4071 0.0 1.574 0.0 0.63246 996.0 2.5 11.0 77.0 3.7071 0.0 0.174 0.0 0.53852 994.0 2.5 9.0 71.0 6.5071 0.0 0.0 -0.526 0.31623 993.0 2.5 9.0 62.0 8.5071 0.0 0.0 -0.826 0.3 994.0 2.0664 9.0 
0.12334 251.22187 72.0 2587.0 1.0 88.0 0.0 -0.7929 3.474 0.0 0.5 983.0 2.5 12.0 93.0 1.1071 0.0 1.974 0.0 0.22361 976.0 2.3875 10.0 94.0 2.5071 0.0 1.274 0.0 0.22361 970.0 2.0988 9.0 97.0 3.6071 0.0 0.974 0.0 0.1 965.0 2.0021 9.0 98.0 4.4071 0.0 0.874 0.0 0.22361 963.0 1.9619 8.0 
0.01436 175.11728 251.0 2588.0 1.0 62.0 0.0 -4.0929 1.174 0.0 0.78102 1001.0 2.5 13.0 57.0 0.0 -0.9929 0.0 -1.226 0.5831 1000.0 2.5 12.0 55.0 1.6071 0.0 0.0 -2.926 0.5 998.0 2.0598 10.0 55.0 3.8071 0.0 0.0 -4.326 0.5 997.0 1.931 11.0 60.0 5.8071 0.0 0.0 -5.826 0.36056 995.0 2.0427 11.0 
0.13189 141.78947 148.0 2590.0 1.0 59.0 0.0 -1.0929 1.274 0.0 0.1 992.0 1.693 12.0 61.0 0.0 -0.0929 1.274 0.0 0.14142 990.0 1.6524 11.0 63.0 0.7071 0.0 1.574 0.0 0.22361 988.0 1.6215 10.0 68.0 1.5071 0.0 2.274 0.0 0.14142 986.0 1.7492 10.0 70.0 2.2071 0.0 3.174 0.0 0.22361 986.0 1.8536 9.0 
0.10921 271.75526 52.0 2591.0 1.0 86.0 0.0 -1.3929 3.774 0.0 0.5 985.0 2.5 11.0 97.0 0.9071 0.0 2.274 0.0 0.44721 976.0 2.5 10.0 112.0 2.9071 0.0 1.374 0.0 0.31623 959.0 2.3726 8.0 136.0 4.7071 0.0 0.874 0.0 0.22361 931.0 2.3038 6.0 146.0 6.2071 0.0 0.574 0.0 0.2 918.0 2.2917 6.0 
0.09085 234.34953 45.0 2593.0 1.0 85.0 0.0 -0.9929 4.074 0.0 0.64031 990.0 2.5 14.0 87.0 1.4071 0.0 1.574 0.0 0.42426 985.0 2.5 12.0 92.0 3.6071 0.0 0.0 -0.026 0.36056 980.0 2.5 11.0 100.0 5.6071 0.0 0.0 -1.226 0.36056 972.0 2.4912 9.0 107.0 7.4071 0.0 0.0 -2.226 0.31623 963.0 2.3387 8.0 
0.13886 86.59753 63.0 2594.0 1.0 79.0 0.0 -3.1929 0.274 0.0 0.6 993.0 2.5 10.0 79.0 0.0 -0.3929 0.674 0.0 0.36056 988.0 2.5 10.0 82.0 1.3071 0.0 1.474 0.0 0.28284 981.0 2.1462 9.0 84.0 2.5071 0.0 2.574 0.0 0.14142 978.0 2.0591 8.0 80.0 3.5071 0.0 3.474 0.0 0.22361 980.0 1.9808 8.0 
0.08113 222.32905 49.0 2595.0 1.0 67.0 0.0 -2.1929 3.274 0.0 0.5831 997.0 2.5 12.0 71.0 0.7071 0.0 1.874 0.0 0.41231 994.0 2.5 10.0 72.0 3.2071 0.0 0.974 0.0 0.44721 992.0 2.5 9.0 70.0 5.3071 0.0 0.174 0.0 0.31623 990.0 2.176 8.0 67.0 6.8071 0.0 0.0 -0.526 0.22361 989.0 1.9104 8.0 
0.07319 180.93975 89.0 2596.0 1.0 52.0 0.6071 0.0 2.074 0.0 0.22361 995.0 1.5343 13.0 55.0 1.3071 0.0 0.974 0.0 0.22361 994.0 1.6261 13.0 57.0 2.2071 0.0 0.074 0.0 0.14142 993.0 1.6592 12.0 59.0 3.1071 0.0 0.0 -0.626 0.14142 991.0 1.6161 12.0 62.0 3.9071 0.0 0.0 -1.026 0.14142 989.0 1.6359 11.0 
0.02627 287.44942 81.0 2597.0 1.0 72.0 0.2071 0.0 3.374 0.0 0.28284 987.0 2.0365 10.0 75.0 1.4071 0.0 2.174 0.0 0.22361 984.0 1.9811 9.0 77.0 2.4071 0.0 1.474 0.0 0.22361 981.0 1.8924 9.0 74.0 3.4071 0.0 1.074 0.0 0.1 982.0 1.8042 9.0 67.0 4.3071 0.0 0.974 0.0 0.14142 987.0 1.7634 10.0 
0.14254 162.56959 63.0 2598.0 1.0 60.0 0.0 -1.5929 2.174 0.0 0.44721 996.0 2.1629 12.0 60.0 0.5071 0.0 1.374 0.0 0.31623 994.0 1.9352 14.0 65.0 2.0071 0.0 1.074 0.0 0.3 990.0 1.8762 11.0 70.0 3.3071 0.0 0.974 0.0 0.2 986.0 1.8536 10.0 80.0 4.6071 0.0 0.774 0.0 0.2 979.0 1.9226 8.0 
0.04377 208.59279 71.0 2599.0 1.0 62.0 0.7071 0.0 2.174 0.0 0.28284 992.0 1.8696 12.0 63.0 1.6071 0.0 0.974 0.0 0.28284 990.0 1.7625 11.0 64.0 2.5071 0.0 0.0 -0.026 0.22361 989.0 1.7431 11.0 65.0 3.4071 0.0 0.0 -0.726 0.1 987.0 1.6597 10.0 69.0 4.2071 0.0 0.0 -0.926 0.2 985.0 1.7367 9.0 
0.06488 116.36837 55.0 2600.0 1.0 53.0 0.0 -0.9929 3.374 0.0 0.5831 998.0 1.9127 11.0 56.0 0.7071 0.0 0.774 0.0 0.5 997.0 2.0019 10.0 58.0 2.4071 0.0 0.0 -1.426 0.42426 996.0 2.0211 12.0 64.0 4.0071 0.0 0.0 -3.226 0.36056 992.0 1.9922 10.0 73.0 5.5071 0.0 0.0 -4.526 0.31623 983.0 1.8143 7.0 
0.08452 289.11412 54.0 2602.0 1.0 72.0 0.6071 0.0 2.974 0.0 0.28284 988.0 2.1179 13.0 74.0 1.9071 0.0 1.774 0.0 0.28284 986.0 2.0715 13.0 77.0 3.2071 0.0 0.774 0.0 0.28284 983.0 2.0186 12.0 83.0 4.4071 0.0 0.0 -0.026 0.31623 975.0 1.8516 8.0 94.0 5.7071 0.0 0.0 -0.626 0.22361 966.0 1.9202 7.0 
0.1556 139.82063 50.0 2604.0 1.0 61.0 0.0 -1.7929 2.974 0.0 0.64031 1001.0 2.5 16.0 60.0 0.9071 0.0 0.874 0.0 0.44721 999.0 2.5 13.0 57.0 3.2071 0.0 0.0 -0.526 0.36056 998.0 2.2123 12.0 55.0 5.0071 0.0 0.0 -1.626 0.31623 998.0 2.0598 12.0 51.0 6.6071 0.0 0.0 -2.426 0.31623 998.0 1.7711 12.0 
0.03438 227.86887 89.0 2605.0 1.0 42.0 1.3071 0.0 2.174 0.0 0.22361 999.0 1.2869 13.0 41.0 1.8071 0.0 0.974 0.0 0.14142 999.0 1.2264 13.0 39.0 2.4071 0.0 0.074 0.0 0.1 1000.0 1.195 13.0 37.0 2.9071 0.0 0.0 -0.526 0.1 999.0 1.0 13.0 35.0 3.3071 0.0 0.0 -0.826 0.14142 999.0 1.0 13.0 
0.10915 280.73887 53.0 2606.0 1.0 82.0 0.0 -0.8929 3.574 0.0 0.36056 985.0 2.4528 10.0 88.0 1.1071 0.0 2.274 0.0 0.31623 979.0 2.3263 8.0 95.0 2.8071 0.0 1.674 0.0 0.2 970.0 2.1437 7.0 106.0 4.3071 0.0 1.474 0.0 0.2 959.0 2.1252 6.0 118.0 5.7071 0.0 1.374 0.0 0.2 947.0 2.1548 5.0 
0.06363 247.0314 207.0 2607.0 1.0 64.0 0.0 -1.4929 3.274 0.0 0.44721 997.0 2.5 15.0 67.0 0.8071 0.0 2.074 0.0 0.44721 994.0 2.4131 13.0 67.0 2.6071 0.0 1.174 0.0 0.36056 991.0 2.0841 11.0 70.0 4.1071 0.0 0.474 0.0 0.31623 988.0 2.0019 10.0 76.0 5.5071 0.0 0.074 0.0 0.2 983.0 1.9665 9.0 
0.08385 275.67418 43.0 2609.0 1.0 77.0 0.0 -0.5929 3.774 0.0 0.42426 988.0 2.4223 11.0 86.0 1.5071 0.0 1.974 0.0 0.44721 982.0 2.4368 9.0 95.0 3.7071 0.0 0.874 0.0 0.31623 974.0 2.3636 8.0 110.0 5.8071 0.0 0.474 0.0 0.31623 961.0 2.3767 6.0 121.0 7.8071 0.0 0.274 0.0 0.3 950.0 2.3736 6.0 
0.04198 245.42515 87.0 2610.0 1.0 54.0 0.1071 0.0 3.674 0.0 0.5 1000.0 2.291 18.0 50.0 1.8071 0.0 1.274 0.0 0.36056 999.0 1.8239 15.0 46.0 3.1071 0.0 0.0 -0.626 0.36056 999.0 1.5437 14.0 45.0 4.2071 0.0 0.0 -2.026 0.22361 998.0 1.3789 13.0 47.0 5.1071 0.0 0.0 -3.026 0.14142 996.0 1.3272 11.0 
0.00625 242.10437 49.0 2611.0 1.0 64.0 0.0 -4.3929 1.274 0.0 0.78102 1001.0 2.5 13.0 62.0 0.0 -1.1929 0.0 -1.826 0.78102 1000.0 2.5 12.0 58.0 1.7071 0.0 0.0 -4.026 0.53852 999.0 2.4542 11.0 57.0 4.2071 0.0 0.0 -5.526 0.5 998.0 2.2123 13.0 59.0 6.2071 0.0 0.0 -6.926 0.36056 995.0 1.9752 11.0 
0.07417 111.39813 266.0 2612.0 1.0 47.0 0.0 -2.0929 0.674 0.0 0.36056 1000.0 1.7355 16.0 46.0 0.0 -0.6929 0.0 -0.726 0.28284 998.0 1.4408 14.0 47.0 0.5071 0.0 0.0 -1.626 0.22361 996.0 1.3272 12.0 52.0 1.5071 0.0 0.0 -1.826 0.1 994.0 1.4536 13.0 59.0 2.2071 0.0 0.0 -1.626 0.1 989.0 1.4814 11.0 
0.09006 247.0314 48.0 2614.0 1.0 88.0 0.0 -1.4929 4.474 0.0 0.64031 987.0 2.5 10.0 92.0 0.8071 0.0 2.074 0.0 0.44721 982.0 2.5 9.0 92.0 3.0071 0.0 0.574 0.0 0.44721 979.0 2.5 8.0 97.0 5.0071 0.0 0.0 -0.826 0.36056 974.0 2.4641 8.0 97.0 6.7071 0.0 0.0 -2.126 0.36056 973.0 2.4025 7.0 
0.05775 265.39138 46.0 2615.0 1.0 102.0 0.0 -0.8929 4.774 0.0 0.78102 982.0 2.5 9.0 107.0 1.7071 0.0 1.674 0.0 0.64031 974.0 2.5 8.0 115.0 3.8071 0.0 0.0 -0.426 0.42426 959.0 2.5 6.0 134.0 5.7071 0.0 0.0 -2.026 0.36056 937.0 2.4131 5.0 125.0 7.3071 0.0 0.0 -3.026 0.36056 943.0 2.2798 5.0 
0.09176 149.94232 97.0 2616.0 1.0 64.0 0.0 -0.6929 2.374 0.0 0.42426 996.0 2.4609 15.0 62.0 1.1071 0.0 0.774 0.0 0.31623 995.0 2.1812 13.0 59.0 2.6071 0.0 0.0 -0.126 0.22361 993.0 1.7777 12.0 58.0 3.7071 0.0 0.0 -0.526 0.14142 992.0 1.6361 12.0 57.0 4.4071 0.0 0.0 -0.726 0.1 990.0 1.4428 11.0 
0.04303 269.48337 82.0 2619.0 1.0 61.0 0.0 -1.5929 0.0 -2.326 0.3 992.0 1.8098 13.0 71.0 0.0 -0.0929 0.0 -2.426 0.2 987.0 1.9803 13.0 80.0 1.2071 0.0 0.0 -2.426 0.2 980.0 1.9808 11.0 79.0 2.3071 0.0 0.0 -2.326 0.14142 979.0 1.8748 11.0 79.0 3.2071 0.0 0.0 -2.226 0.1 978.0 1.8213 11.0 
0.03325 267.54699 185.0 2621.0 1.0 43.0 1.0071 0.0 3.074 0.0 0.31623 1000.0 1.4527 20.0 43.0 1.9071 0.0 1.474 0.0 0.28284 998.0 1.259 15.0 44.0 2.8071 0.0 0.074 0.0 0.22361 997.0 1.2359 13.0 47.0 3.6071 0.0 0.0 -1.326 0.22361 996.0 1.3272 12.0 51.0 4.4071 0.0 0.0 -2.426 0.22361 993.0 1.3283 12.0 
0.08373 255.92004 59.0 2622.0 1.0 55.0 0.0 -0.5929 3.174 0.0 0.36056 998.0 2.0598 16.0 50.0 1.0071 0.0 2.074 0.0 0.22361 999.0 1.8239 16.0 44.0 2.3071 0.0 1.474 0.0 0.22361 999.0 1.4124 17.0 40.0 3.4071 0.0 1.174 0.0 0.2 1000.0 1.2571 19.0 36.0 4.3071 0.0 0.974 0.0 0.2 1001.0 1.1031 20.0 
0.05512 292.57727 63.0 2623.0 1.0 90.0 0.9071 0.0 3.674 0.0 0.53852 984.0 2.5 9.0 87.0 2.4071 0.0 1.074 0.0 0.5 983.0 2.5 9.0 89.0 3.7071 0.0 0.0 -0.826 0.36056 977.0 2.2473 8.0 92.0 4.8071 0.0 0.0 -2.226 0.28284 973.0 2.1612 7.0 85.0 5.9071 0.0 0.0 -3.226 0.22361 977.0 2.0498 8.0 
0.02979 260.90683 167.0 2624.0 1.0 66.0 0.6071 0.0 3.374 0.0 0.44721 994.0 2.3416 13.0 61.0 1.9071 0.0 1.374 0.0 0.28284 994.0 2.0003 13.0 56.0 2.9071 0.0 0.0 -0.026 0.22361 994.0 1.6858 13.0 53.0 3.7071 0.0 0.0 -1.026 0.14142 994.0 1.51 13.0 51.0 4.2071 0.0 0.0 -1.726 0.0 993.0 1.3283 12.0 
0.1435 73.93353 129.0 2626.0 1.0 49.0 0.0 -0.0929 1.474 0.0 0.22361 997.0 1.5327 15.0 47.0 0.6071 0.0 0.274 0.0 0.22361 997.0 1.4101 15.0 45.0 1.2071 0.0 0.0 -0.726 0.1 997.0 1.2927 15.0 49.0 1.6071 0.0 0.0 -1.226 0.14142 994.0 1.2907 13.0 57.0 2.1071 0.0 0.0 -1.426 0.1 989.0 1.3827 11.0 
0.03549 281.38153 64.0 2627.0 1.0 59.0 0.4071 0.0 3.174 0.0 0.28284 995.0 1.9752 18.0 61.0 1.7071 0.0 1.874 0.0 0.28284 993.0 1.9003 16.0 63.0 2.9071 0.0 0.874 0.0 0.22361 991.0 1.8426 15.0 68.0 3.9071 0.0 0.0 -0.026 0.22361 987.0 1.8165 13.0 77.0 5.0071 0.0 0.0 -0.626 0.22361 981.0 1.8924 11.0 
0.2 102.71108 80.0 2628.0 1.0 67.0 0.0 -1.2929 2.174 0.0 0.44721 994.0 2.4131 13.0 69.0 0.5071 0.0 0.774 0.0 0.36056 990.0 2.1142 11.0 69.0 1.9071 0.0 0.0 -0.226 0.22361 988.0 1.9451 10.0 70.0 2.9071 0.0 0.0 -0.626 0.22361 984.0 1.7258 9.0 78.0 3.7071 0.0 0.0 -0.726 0.1 977.0 1.7261 8.0 
0.10814 226.19519 49.0 2629.0 1.0 67.0 0.0 -1.3929 2.674 0.0 0.53852 998.0 2.5 16.0 62.0 1.4071 0.0 1.474 0.0 0.44721 998.0 2.5 16.0 57.0 3.5071 0.0 0.174 0.0 0.44721 998.0 2.2123 16.0 52.0 5.2071 0.0 0.0 -1.026 0.36056 998.0 1.8412 16.0 47.0 6.7071 0.0 0.0 -2.026 0.22361 999.0 1.6116 17.0 
0.09806 202.03239 93.0 2630.0 1.0 69.0 0.0 -1.0929 2.374 0.0 0.31623 990.0 2.1142 14.0 70.0 0.4071 0.0 1.774 0.0 0.2 987.0 1.9249 13.0 68.0 1.5071 0.0 1.674 0.0 0.14142 986.0 1.7492 13.0 66.0 2.4071 0.0 1.974 0.0 0.14142 987.0 1.7112 13.0 60.0 3.1071 0.0 2.374 0.0 0.2 990.0 1.5987 14.0 
0.0297 278.4093 75.0 2632.0 1.0 68.0 2.9071 0.0 0.0 -0.726 0.22361 985.0 1.6867 10.0 63.0 2.5071 0.0 0.074 0.0 0.1 985.0 1.4478 10.0 64.0 2.5071 0.0 0.574 0.0 0.1 983.0 1.3945 9.0 75.0 2.7071 0.0 0.774 0.0 0.14142 976.0 1.5528 8.0 85.0 3.2071 0.0 0.974 0.0 0.0 968.0 1.6399 7.0 
0.04295 206.28347 64.0 2634.0 1.0 76.0 0.0 -0.5929 2.674 0.0 0.28284 986.0 2.185 10.0 77.0 0.8071 0.0 1.674 0.0 0.31623 984.0 2.0882 9.0 74.0 2.1071 0.0 1.074 0.0 0.22361 984.0 1.9286 9.0 73.0 3.3071 0.0 0.774 0.0 0.2 984.0 1.8769 9.0 69.0 4.5071 0.0 0.674 0.0 0.22361 987.0 1.8703 10.0 
0.11636 165.42227 75.0 2635.0 1.0 68.0 0.0 -0.7929 3.474 0.0 0.56569 996.0 2.5 15.0 64.0 1.2071 0.0 0.874 0.0 0.5 997.0 2.5 15.0 60.0 3.1071 0.0 0.0 -1.226 0.28284 997.0 2.2981 15.0 62.0 4.7071 0.0 0.0 -2.726 0.28284 994.0 2.0664 13.0 69.0 6.0071 0.0 0.0 -4.026 0.28284 989.0 2.0261 11.0 
0.09107 164.04532 59.0 2636.0 1.0 70.0 0.0 -1.1929 1.374 0.0 0.2 986.0 1.8536 10.0 77.0 0.1071 0.0 1.474 0.0 0.22361 983.0 2.0186 9.0 80.0 1.5071 0.0 1.874 0.0 0.22361 982.0 2.1086 9.0 77.0 2.9071 0.0 2.474 0.0 0.22361 984.0 2.0882 9.0 72.0 4.2071 0.0 3.174 0.0 0.31623 987.0 2.0365 10.0 
0.06092 226.22841 53.0 2637.0 1.0 66.0 0.0 -1.0929 2.474 0.0 0.22361 991.0 2.0223 11.0 64.0 0.5071 0.0 1.974 0.0 0.2 992.0 1.9922 12.0 59.0 2.0071 0.0 1.874 0.0 0.22361 994.0 1.8713 13.0 54.0 3.4071 0.0 1.874 0.0 0.3 996.0 1.752 14.0 53.0 5.0071 0.0 1.874 0.0 0.3 998.0 1.9127 15.0 
0.07732 204.80106 58.0 2638.0 1.0 67.0 0.0 -1.3929 2.874 0.0 0.44721 993.0 2.2925 13.0 71.0 0.5071 0.0 1.774 0.0 0.31623 990.0 2.2386 11.0 73.0 2.1071 0.0 1.074 0.0 0.3 987.0 2.0934 10.0 76.0 3.5071 0.0 0.674 0.0 0.31623 983.0 1.9665 9.0 81.0 4.9071 0.0 0.174 0.0 0.22361 980.0 2.0307 8.0 
0.07076 163.67688 58.0 2639.0 1.0 74.0 0.0 -0.8929 3.074 0.0 0.56569 990.0 2.4318 10.0 81.0 1.1071 0.0 0.974 0.0 0.42426 986.0 2.4819 10.0 84.0 2.9071 0.0 0.0 -0.326 0.22361 980.0 2.1839 9.0 95.0 4.3071 0.0 0.0 -0.926 0.2 967.0 2.0039 7.0 122.0 5.4071 0.0 0.0 -0.926 0.22361 938.0 2.0269 5.0 
0.07569 231.3589 213.0 2640.0 1.0 73.0 0.0 -1.4929 2.474 0.0 0.3 988.0 2.1772 11.0 80.0 0.2071 0.0 2.074 0.0 0.2 982.0 2.1086 9.0 82.0 1.6071 0.0 2.174 0.0 0.2 979.0 2.0199 8.0 77.0 2.6071 0.0 2.674 0.0 0.22361 981.0 1.8924 9.0 71.0 3.4071 0.0 3.274 0.0 0.14142 984.0 1.7754 9.0 
0.10226 149.12413 71.0 2641.0 1.0 77.0 0.0 -1.2929 3.174 0.0 0.56569 992.0 2.5 12.0 78.0 0.8071 0.0 1.074 0.0 0.42426 989.0 2.5 11.0 78.0 2.6071 0.0 0.0 -0.426 0.28284 985.0 2.2193 10.0 86.0 4.0071 0.0 0.0 -1.426 0.22361 978.0 2.1583 8.0 94.0 5.2071 0.0 0.0 -2.226 0.22361 969.0 2.0511 7.0 
0.03967 297.06318 70.0 2642.0 1.0 57.0 1.0071 0.0 2.774 0.0 0.22361 993.0 1.6592 12.0 59.0 1.8071 0.0 1.974 0.0 0.28284 991.0 1.6161 12.0 61.0 2.7071 0.0 1.274 0.0 0.14142 990.0 1.6524 11.0 64.0 3.5071 0.0 0.674 0.0 0.22361 988.0 1.6734 10.0 70.0 4.4071 0.0 0.374 0.0 0.1 984.0 1.7258 9.0 
0.02835 171.4929 215.0 2643.0 1.0 49.0 0.0 -2.9929 0.574 0.0 0.56569 1000.0 1.8864 12.0 50.0 0.0 -0.7929 0.0 -1.326 0.42426 999.0 1.8239 11.0 49.0 1.0071 0.0 0.0 -2.926 0.36056 998.0 1.6349 10.0 49.0 2.6071 0.0 0.0 -4.026 0.28284 997.0 1.5327 13.0 53.0 3.9071 0.0 0.0 -4.626 0.22361 994.0 1.51 10.0 
0.13381 99.7004 71.0 2644.0 1.0 54.0 0.0 -1.7929 2.174 0.0 0.5 999.0 2.1274 18.0 58.0 0.2071 0.0 0.874 0.0 0.31623 997.0 2.1474 15.0 56.0 1.9071 0.0 0.174 0.0 0.2 995.0 1.7795 14.0 55.0 3.1071 0.0 0.074 0.0 0.1 994.0 1.6261 13.0 56.0 4.0071 0.0 0.174 0.0 0.1 992.0 1.5252 12.0 
0.23069 173.0257 51.0 2646.0 1.0 72.0 0.0 -2.3929 3.074 0.0 0.5831 995.0 2.5 15.0 75.0 0.5071 0.0 1.474 0.0 0.44721 990.0 2.4979 12.0 81.0 2.7071 0.0 0.674 0.0 0.3 985.0 2.3933 12.0 90.0 4.5071 0.0 0.574 0.0 0.3 975.0 2.1771 10.0 101.0 6.0071 0.0 0.674 0.0 0.2 964.0 2.1263 9.0 
0.08852 180.26231 38.0 2647.0 1.0 83.0 0.0 -2.5929 5.274 0.0 1.0 997.0 2.5 11.0 84.0 1.0071 0.0 1.274 0.0 0.78102 994.0 2.5 11.0 88.0 4.5071 0.0 0.0 -1.326 0.64031 990.0 2.5 11.0 94.0 7.4071 0.0 0.0 -3.026 0.5831 982.0 2.5 9.0 98.0 9.7071 0.0 0.0 -4.326 0.36056 974.0 2.5 7.0 
0.04155 267.54699 76.0 2648.0 1.0 82.0 1.0071 0.0 2.574 0.0 0.28284 976.0 1.8561 8.0 83.0 1.9071 0.0 1.474 0.0 0.22361 975.0 1.8516 8.0 85.0 2.8071 0.0 0.774 0.0 0.14142 973.0 1.8449 8.0 85.0 3.5071 0.0 0.374 0.0 0.14142 972.0 1.7999 7.0 90.0 4.2071 0.0 0.274 0.0 0.1 967.0 1.7985 7.0 
0.04646 233.99754 64.0 2649.0 1.0 51.0 0.1071 0.0 2.774 0.0 0.36056 999.0 1.8976 17.0 48.0 1.5071 0.0 1.474 0.0 0.28284 999.0 1.6809 17.0 46.0 2.8071 0.0 0.674 0.0 0.22361 999.0 1.5437 17.0 44.0 4.0071 0.0 0.174 0.0 0.22361 999.0 1.4124 17.0 40.0 5.1071 0.0 0.0 -0.026 0.14142 1000.0 1.2571 18.0 
0.07981 304.36772 50.0 2653.0 1.0 65.0 0.0 -2.4929 4.074 0.0 0.67082 998.0 2.5 13.0 68.0 0.6071 0.0 2.674 0.0 0.5099 997.0 2.5 15.0 67.0 3.1071 0.0 2.174 0.0 0.41231 994.0 2.4131 13.0 65.0 5.0071 0.0 2.174 0.0 0.3 992.0 2.0549 12.0 64.0 6.5071 0.0 2.374 0.0 0.2 991.0 1.9016 11.0 
0.05948 241.60155 50.0 2654.0 1.0 70.0 0.0 -1.3929 3.574 0.0 0.5 996.0 2.5 14.0 71.0 1.1071 0.0 1.874 0.0 0.36056 993.0 2.5 12.0 70.0 3.2071 0.0 0.674 0.0 0.36056 992.0 2.3832 12.0 67.0 4.9071 0.0 0.0 -0.326 0.31623 992.0 2.1833 12.0 61.0 6.4071 0.0 0.0 -1.026 0.31623 993.0 1.9003 12.0 
0.23327 180.46314 51.0 2656.0 1.0 80.0 0.0 -2.3929 3.074 0.0 0.5831 991.0 2.5 12.0 89.0 0.4071 0.0 1.574 0.0 0.41231 984.0 2.5 9.0 100.0 2.7071 0.0 0.774 0.0 0.41231 973.0 2.5 7.0 109.0 4.7071 0.0 0.274 0.0 0.31623 962.0 2.3794 6.0 99.0 6.4071 0.0 0.0 -0.126 0.2 967.0 2.1762 7.0 
0.06842 132.36053 195.0 2657.0 1.0 51.0 0.0 -0.6929 3.274 0.0 0.44721 1001.0 2.2138 17.0 49.0 0.9071 0.0 0.774 0.0 0.5 1000.0 1.8864 16.0 45.0 2.4071 0.0 0.0 -1.226 0.28284 1000.0 1.591 16.0 41.0 3.4071 0.0 0.0 -2.426 0.28284 999.0 1.2264 14.0 40.0 4.1071 0.0 0.0 -3.126 0.14142 997.0 1.0214 12.0 
0.12421 171.21175 61.0 2658.0 1.0 79.0 0.0 -1.1929 3.674 0.0 0.64031 991.0 2.5 12.0 85.0 1.1071 0.0 1.074 0.0 0.56569 987.0 2.5 13.0 92.0 3.0071 0.0 0.0 -0.826 0.42426 978.0 2.47 11.0 103.0 4.6071 0.0 0.0 -2.326 0.28284 966.0 2.3055 9.0 116.0 5.7071 0.0 0.0 -3.426 0.28284 949.0 2.1474 7.0 
0.06089 163.42753 91.0 2659.0 1.0 59.0 0.0 -0.2929 2.374 0.0 0.28284 996.0 2.0914 14.0 58.0 1.0071 0.0 1.074 0.0 0.28284 995.0 1.9088 13.0 54.0 2.2071 0.0 0.074 0.0 0.22361 995.0 1.6546 13.0 51.0 3.2071 0.0 0.0 -0.426 0.2 996.0 1.5627 14.0 48.0 4.1071 0.0 0.0 -0.526 0.1 996.0 1.3843 14.0 
0.01839 221.02456 49.0 2660.0 1.0 71.0 0.0 -4.2929 0.974 0.0 0.78102 998.0 2.5 10.0 70.0 0.0 -0.9929 0.0 -1.726 0.72111 995.0 2.5 8.0 72.0 1.9071 0.0 0.0 -3.526 0.53852 993.0 2.5 10.0 79.0 4.4071 0.0 0.0 -4.826 0.36056 985.0 2.2766 8.0 95.0 6.4071 0.0 0.0 -5.726 0.36056 973.0 2.3045 8.0 
0.03756 223.86987 104.0 2662.0 1.0 67.0 1.1071 0.0 2.174 0.0 0.22361 988.0 1.834 10.0 62.0 1.7071 0.0 1.074 0.0 0.14142 989.0 1.6359 11.0 58.0 2.2071 0.0 0.374 0.0 0.1 990.0 1.4939 11.0 55.0 2.6071 0.0 0.0 -0.026 0.0 991.0 1.4044 11.0 52.0 2.9071 0.0 0.0 -0.026 0.0 992.0 1.3151 11.0 
0.11717 319.01497 52.0 2664.0 1.0 80.0 0.0 -2.9929 3.874 0.0 0.53852 991.0 2.5 11.0 89.0 0.0071 0.0 2.874 0.0 0.4 985.0 2.5 10.0 98.0 2.5071 0.0 2.774 0.0 0.4 975.0 2.5 8.0 109.0 4.7071 0.0 2.874 0.0 0.3 963.0 2.427 6.0 110.0 6.4071 0.0 3.074 0.0 0.31623 958.0 2.247 6.0 
0.1588 93.62417 153.0 2666.0 1.0 64.0 0.0 -1.5929 2.174 0.0 0.5 997.0 2.5 12.0 59.0 0.5071 0.0 0.674 0.0 0.31623 996.0 2.0914 11.0 55.0 2.1071 0.0 0.0 -0.126 0.22361 996.0 1.8174 10.0 53.0 3.2071 0.0 0.0 -0.926 0.14142 995.0 1.5939 10.0 52.0 3.9071 0.0 0.0 -1.626 0.14142 994.0 1.4536 10.0 
0.05911 180.26231 48.0 2667.0 1.0 65.0 0.0 -1.2929 3.274 0.0 0.56569 995.0 2.3974 11.0 69.0 1.0071 0.0 1.274 0.0 0.44721 993.0 2.4314 13.0 75.0 3.2071 0.0 0.074 0.0 0.36056 989.0 2.3938 11.0 83.0 5.1071 0.0 0.0 -0.626 0.31623 982.0 2.2698 9.0 96.0 6.8071 0.0 0.0 -1.226 0.22361 970.0 2.1891 7.0 
0.14526 102.82857 67.0 2668.0 1.0 74.0 0.0 -1.2929 1.474 0.0 0.31623 987.0 2.1512 10.0 84.0 0.3071 0.0 0.874 0.0 0.31623 980.0 2.1839 8.0 85.0 1.9071 0.0 0.274 0.0 0.2 979.0 2.1704 8.0 82.0 3.3071 0.0 0.0 -0.026 0.2 980.0 2.0811 8.0 80.0 4.5071 0.0 0.0 -0.226 0.2 980.0 1.9808 8.0 
0.12081 97.07306 69.0 2669.0 1.0 53.0 0.0 -0.4929 1.774 0.0 0.22361 995.0 1.5939 13.0 56.0 0.4071 0.0 0.774 0.0 0.22361 994.0 1.6858 13.0 57.0 1.4071 0.0 0.274 0.0 0.22361 993.0 1.6592 12.0 57.0 2.4071 0.0 0.0 -0.026 0.2 993.0 1.6592 12.0 58.0 3.5071 0.0 0.0 -0.126 0.2 993.0 1.7179 12.0 
0.10303 262.79555 64.0 2670.0 1.0 58.0 0.0071 0.0 3.074 0.0 0.28284 996.0 2.0211 14.0 52.0 1.3071 0.0 1.974 0.0 0.22361 997.0 1.7261 15.0 47.0 2.4071 0.0 1.174 0.0 0.22361 998.0 1.5041 16.0 43.0 3.4071 0.0 0.574 0.0 0.22361 999.0 1.3489 17.0 39.0 4.2071 0.0 0.074 0.0 0.22361 1000.0 1.195 18.0 
0.09675 136.17336 69.0 2671.0 1.0 72.0 0.0 -2.9929 0.474 0.0 0.4 993.0 2.5 9.0 78.0 0.0 -0.5929 1.074 0.0 0.36056 988.0 2.4856 7.0 73.0 1.2071 0.0 2.374 0.0 0.42426 990.0 2.3665 8.0 67.0 3.0071 0.0 3.874 0.0 0.28284 993.0 2.2925 9.0 61.0 4.4071 0.0 5.374 0.0 0.28284 994.0 2.0003 10.0 
0.02273 121.04327 63.0 2674.0 1.0 54.0 0.0 -2.5929 2.674 0.0 0.67082 1001.0 2.4819 13.0 54.0 0.0 -0.8929 0.0 -0.626 0.63246 1000.0 2.291 11.0 54.0 0.6071 0.0 0.0 -3.626 0.44721 998.0 1.9855 10.0 54.0 2.1071 0.0 0.0 -5.726 0.42426 996.0 1.752 9.0 57.0 3.7071 0.0 0.0 -7.026 0.31623 994.0 1.7465 9.0 
0.12899 96.34943 49.0 2675.0 1.0 39.0 0.0 -1.7929 0.074 0.0 0.2 1000.0 1.195 12.0 51.0 0.0 -0.3929 0.774 0.0 0.36056 998.0 1.7711 12.0 66.0 1.7071 0.0 1.774 0.0 0.41231 995.0 2.4717 10.0 67.0 4.2071 0.0 1.774 0.0 0.41231 994.0 2.4131 10.0 62.0 6.2071 0.0 1.174 0.0 0.31623 994.0 2.0664 10.0 
0.07574 134.51288 121.0 2677.0 1.0 41.0 0.0071 0.0 2.174 0.0 0.36056 1000.0 1.3207 16.0 43.0 1.0071 0.0 0.674 0.0 0.36056 999.0 1.3489 15.0 44.0 2.1071 0.0 0.0 -0.626 0.14142 998.0 1.3183 13.0 49.0 3.1071 0.0 0.0 -1.326 0.22361 996.0 1.4425 15.0 54.0 4.1071 0.0 0.0 -1.626 0.1 993.0 1.4892 13.0 
0.10387 309.0876 45.0 2678.0 1.0 80.0 0.0 -0.5929 3.574 0.0 0.44721 989.0 2.5 11.0 85.0 1.6071 0.0 2.274 0.0 0.44721 984.0 2.5 9.0 89.0 3.7071 0.0 1.474 0.0 0.36056 980.0 2.4516 8.0 85.0 5.7071 0.0 0.774 0.0 0.31623 982.0 2.3805 9.0 81.0 7.4071 0.0 0.074 0.0 0.36056 983.0 2.2337 9.0 
0.03751 204.80106 61.0 2680.0 1.0 37.0 0.0 -0.8929 2.374 0.0 0.28284 1001.0 1.1652 12.0 40.0 0.5071 0.0 1.774 0.0 0.2 1000.0 1.2571 11.0 44.0 1.9071 0.0 1.574 0.0 0.3 1000.0 1.5211 14.0 50.0 3.3071 0.0 1.474 0.0 0.22361 997.0 1.5959 11.0 53.0 4.6071 0.0 1.274 0.0 0.2 996.0 1.6877 10.0 
0.0918 141.4162 63.0 2681.0 1.0 55.0 0.0 -1.8929 1.574 0.0 0.41231 997.0 1.931 12.0 60.0 0.0071 0.0 1.274 0.0 0.2 994.0 1.9352 10.0 64.0 1.5071 0.0 1.374 0.0 0.3 991.0 1.9016 9.0 67.0 3.0071 0.0 1.574 0.0 0.22361 989.0 1.9104 8.0 67.0 4.3071 0.0 1.974 0.0 0.22361 989.0 1.9104 8.0 
0.02375 190.73619 64.0 2682.0 1.0 55.0 0.0 -3.0929 0.274 0.0 0.42426 997.0 1.931 9.0 59.0 0.0 -1.0929 0.0 -1.326 0.36056 995.0 1.9752 11.0 64.0 0.7071 0.0 0.0 -2.326 0.22361 990.0 1.8189 9.0 76.0 2.1071 0.0 0.0 -2.826 0.2 981.0 1.8436 8.0 102.0 3.4071 0.0 0.0 -2.926 0.3 961.0 2.0435 6.0 
0.11135 252.41523 60.0 2683.0 1.0 75.0 0.0 -2.1929 2.474 0.0 0.41231 990.0 2.4979 8.0 77.0 0.0071 0.0 2.274 0.0 0.41231 987.0 2.3291 7.0 76.0 2.0071 0.0 2.874 0.0 0.36056 987.0 2.269 8.0 73.0 3.8071 0.0 4.074 0.0 0.36056 989.0 2.2679 8.0 71.0 5.2071 0.0 5.774 0.0 0.44721 990.0 2.2386 8.0 
0.05593 218.34991 77.0 2684.0 1.0 69.0 0.0 -0.0929 0.0 -2.226 0.22361 988.0 1.9451 10.0 82.0 1.1071 0.0 0.0 -1.626 0.22361 979.0 2.0199 8.0 83.0 2.1071 0.0 0.0 -0.626 0.28284 979.0 2.0695 8.0 81.0 3.0071 0.0 0.674 0.0 0.28284 981.0 2.0941 9.0 78.0 4.0071 0.0 2.274 0.0 0.22361 984.0 2.1428 9.0 
0.24746 85.91761 259.0 2685.0 1.0 78.0 0.0 -2.6929 0.974 0.0 0.41231 988.0 2.4856 11.0 91.0 0.0071 0.0 0.774 0.0 0.4 981.0 2.5 11.0 103.0 2.4071 0.0 1.074 0.0 0.31623 971.0 2.5 9.0 115.0 4.6071 0.0 1.874 0.0 0.41231 960.0 2.5 8.0 119.0 6.8071 0.0 2.774 0.0 0.44721 950.0 2.2958 6.0 
0.08484 220.91639 59.0 2687.0 1.0 90.0 0.0 -0.3929 3.374 0.0 0.56569 984.0 2.5 9.0 95.0 1.6071 0.0 1.174 0.0 0.42426 978.0 2.5 8.0 98.0 3.3071 0.0 0.0 -0.526 0.28284 972.0 2.3925 7.0 96.0 4.6071 0.0 0.0 -1.726 0.28284 970.0 2.1891 7.0 89.0 5.7071 0.0 0.0 -2.726 0.28284 974.0 2.0744 7.0 
0.05792 242.41105 64.0 2689.0 1.0 40.0 1.3071 0.0 2.474 0.0 0.31623 1000.0 1.2571 12.0 42.0 2.1071 0.0 0.574 0.0 0.31623 999.0 1.2869 16.0 47.0 3.0071 0.0 0.0 -1.326 0.36056 998.0 1.5041 14.0 51.0 4.1071 0.0 0.0 -3.026 0.36056 996.0 1.5627 12.0 54.0 5.3071 0.0 0.0 -4.526 0.28284 993.0 1.4892 11.0 
0.04036 260.22497 71.0 2693.0 1.0 42.0 0.0 -1.0929 0.0 -2.226 0.1 996.0 1.0598 8.0 52.0 0.0 -0.2929 0.0 -2.326 0.22361 993.0 1.3809 10.0 67.0 0.7071 0.0 0.0 -2.526 0.2 986.0 1.6981 7.0 77.0 1.9071 0.0 0.0 -2.526 0.2 981.0 1.8924 7.0 83.0 3.2071 0.0 0.0 -2.226 0.2 978.0 2.0104 6.0 
0.10121 107.02187 74.0 2694.0 1.0 49.0 0.0 -1.5929 2.174 0.0 0.36056 1000.0 1.8864 15.0 49.0 0.4071 0.0 0.874 0.0 0.36056 999.0 1.7517 14.0 47.0 2.1071 0.0 0.0 -0.026 0.31623 999.0 1.6116 14.0 44.0 3.6071 0.0 0.0 -0.726 0.22361 999.0 1.4124 14.0 41.0 4.8071 0.0 0.0 -1.526 0.28284 999.0 1.2264 14.0 
0.10502 218.30081 117.0 2695.0 1.0 72.0 0.2071 0.0 2.474 0.0 0.28284 989.0 2.2062 10.0 73.0 1.4071 0.0 1.374 0.0 0.28284 986.0 2.0159 10.0 71.0 2.5071 0.0 0.674 0.0 0.22361 986.0 1.9069 9.0 66.0 3.5071 0.0 0.274 0.0 0.1 987.0 1.7112 10.0 61.0 4.2071 0.0 0.274 0.0 0.1 988.0 1.5202 10.0 
0.05123 199.17021 63.0 2696.0 1.0 45.0 0.0 -2.5929 1.674 0.0 0.44721 1000.0 1.591 13.0 44.0 0.0 -1.5929 0.0 -0.826 0.41231 999.0 1.4124 12.0 47.0 0.0 -0.5929 0.0 -3.026 0.42426 999.0 1.6116 15.0 51.0 0.9071 0.0 0.0 -4.826 0.36056 997.0 1.6604 13.0 55.0 2.7071 0.0 0.0 -5.826 0.31623 995.0 1.7165 11.0 
0.07595 307.91501 55.0 2697.0 1.0 90.0 0.0 -2.6929 3.274 0.0 0.5099 986.0 2.5 10.0 88.0 0.0071 0.0 2.774 0.0 0.4 984.0 2.5 9.0 81.0 2.3071 0.0 2.974 0.0 0.3 986.0 2.4819 10.0 76.0 4.2071 0.0 3.074 0.0 0.3 986.0 2.185 10.0 73.0 5.9071 0.0 2.774 0.0 0.22361 987.0 2.0934 10.0 
0.1295 142.73178 50.0 2699.0 1.0 59.0 0.0 -1.4929 2.874 0.0 0.5 1000.0 2.5 18.0 56.0 0.7071 0.0 1.074 0.0 0.36056 999.0 2.2879 17.0 54.0 2.7071 0.0 0.0 -0.026 0.36056 999.0 2.1274 17.0 51.0 4.6071 0.0 0.0 -0.826 0.3 999.0 1.8976 17.0 47.0 6.3071 0.0 0.0 -1.326 0.22361 1000.0 1.7355 18.0 
0.03991 132.37635 60.0 2700.0 1.0 39.0 0.0 -1.8929 0.0 -0.126 0.36056 1001.0 1.2946 12.0 44.0 0.0 -0.3929 0.0 -1.126 0.28284 1000.0 1.5211 10.0 49.0 1.2071 0.0 0.0 -2.026 0.22361 998.0 1.6349 9.0 54.0 2.8071 0.0 0.0 -2.426 0.31623 997.0 1.8615 11.0 59.0 4.4071 0.0 0.0 -2.426 0.31623 994.0 1.8713 10.0 
0.20212 176.02117 282.0 2702.0 1.0 84.0 0.0 -3.2929 2.574 0.0 0.5831 990.0 2.5 11.0 94.0 0.0 -0.1929 1.574 0.0 0.5 982.0 2.5 9.0 102.0 2.4071 0.0 1.874 0.0 0.44721 973.0 2.5 7.0 108.0 4.6071 0.0 2.774 0.0 0.41231 965.0 2.4819 7.0 97.0 6.5071 0.0 3.274 0.0 0.22361 971.0 2.2881 7.0 
0.04352 296.78557 68.0 2703.0 1.0 39.0 1.4071 0.0 2.574 0.0 0.14142 999.0 1.1096 18.0 42.0 1.9071 0.0 1.874 0.0 0.14142 998.0 1.2011 16.0 45.0 2.5071 0.0 1.274 0.0 0.14142 997.0 1.2927 15.0 49.0 3.2071 0.0 0.574 0.0 0.14142 996.0 1.4425 14.0 52.0 4.0071 0.0 0.0 -0.226 0.14142 995.0 1.5343 13.0 
0.04973 87.97802 71.0 2704.0 1.0 43.0 0.0 -1.9929 1.274 0.0 0.36056 1001.0 1.5738 13.0 43.0 0.0 -0.5929 0.0 -0.526 0.42426 1000.0 1.4527 12.0 47.0 1.0071 0.0 0.0 -2.026 0.42426 999.0 1.6116 11.0 49.0 2.6071 0.0 0.0 -3.426 0.36056 997.0 1.5327 9.0 52.0 4.1071 0.0 0.0 -4.526 0.28284 996.0 1.6246 12.0 
0.09476 251.18411 52.0 2706.0 1.0 47.0 0.0 -0.8929 0.0 -2.626 0.22361 995.0 1.2535 8.0 58.0 0.4071 0.0 0.0 -2.226 0.3 992.0 1.6361 10.0 79.0 2.0071 0.0 0.0 -2.026 0.3 982.0 2.0563 9.0 86.0 3.7071 0.0 0.0 -1.826 0.2 974.0 1.9369 6.0 107.0 5.4071 0.0 0.0 -1.626 0.2 961.0 2.2488 6.0 
0.06399 266.93657 47.0 2707.0 1.0 70.0 0.0 -0.7929 3.874 0.0 0.5 995.0 2.5 13.0 74.0 1.5071 0.0 1.874 0.0 0.5 993.0 2.5 12.0 75.0 3.7071 0.0 0.0 -0.026 0.42426 991.0 2.5 11.0 74.0 5.6071 0.0 0.0 -1.426 0.36056 989.0 2.3304 10.0 72.0 7.2071 0.0 0.0 -2.226 0.22361 987.0 2.0365 10.0 
0.0753 257.74158 56.0 2708.0 1.0 60.0 0.1071 0.0 3.374 0.0 0.42426 997.0 2.2981 15.0 62.0 1.7071 0.0 1.574 0.0 0.42426 996.0 2.3095 14.0 63.0 3.3071 0.0 0.0 -0.226 0.36056 995.0 2.2521 13.0 63.0 4.7071 0.0 0.0 -1.826 0.36056 994.0 2.1336 13.0 63.0 6.0071 0.0 0.0 -3.226 0.28284 993.0 2.0269 12.0 
0.0341 229.97278 56.0 2710.0 1.0 55.0 0.6071 0.0 2.874 0.0 0.31623 998.0 2.0598 15.0 53.0 1.7071 0.0 1.174 0.0 0.36056 998.0 1.9127 16.0 51.0 3.0071 0.0 0.0 -0.326 0.28284 998.0 1.7711 16.0 50.0 4.3071 0.0 0.0 -1.426 0.28284 998.0 1.7023 16.0 49.0 5.5071 0.0 0.0 -2.126 0.22361 998.0 1.6349 16.0 
0.06369 218.65722 54.0 2711.0 1.0 82.0 0.0 -0.7929 2.574 0.0 0.22361 981.0 2.1462 9.0 98.0 0.6071 0.0 1.874 0.0 0.3 967.0 2.1324 7.0 113.0 2.1071 0.0 1.774 0.0 0.2 953.0 2.1737 6.0 105.0 3.5071 0.0 2.074 0.0 0.31623 962.0 2.208 6.0 105.0 5.0071 0.0 2.774 0.0 0.36056 963.0 2.2521 6.0 
0.10521 186.69812 49.0 2712.0 1.0 74.0 0.0 -3.1929 1.274 0.0 0.5099 992.0 2.5 12.0 85.0 0.0 -0.5929 1.574 0.0 0.41231 985.0 2.5 9.0 94.0 1.9071 0.0 2.674 0.0 0.5 979.0 2.5 8.0 102.0 4.2071 0.0 4.074 0.0 0.44721 974.0 2.5 7.0 90.0 6.3071 0.0 5.174 0.0 0.41231 980.0 2.5 8.0 
0.09484 218.67807 55.0 2713.0 1.0 72.0 0.0 -0.5929 3.374 0.0 0.42426 993.0 2.5 12.0 73.0 1.3071 0.0 1.474 0.0 0.42426 991.0 2.474 11.0 73.0 3.0071 0.0 0.074 0.0 0.31623 988.0 2.1772 10.0 76.0 4.5071 0.0 0.0 -0.826 0.31623 985.0 2.1069 9.0 82.0 5.8071 0.0 0.0 -1.526 0.31623 979.0 2.0199 8.0 
0.08399 290.75955 54.0 2714.0 1.0 83.0 0.0 -1.0929 3.274 0.0 0.44721 986.0 2.5 10.0 88.0 1.1071 0.0 2.374 0.0 0.31623 981.0 2.4717 8.0 82.0 2.9071 0.0 1.874 0.0 0.31623 983.0 2.2892 9.0 69.0 4.6071 0.0 1.474 0.0 0.31623 990.0 2.1142 11.0 58.0 6.1071 0.0 1.074 0.0 0.2 994.0 1.8084 13.0 
0.10392 155.94083 48.0 2716.0 1.0 51.0 0.0 -1.8929 1.174 0.0 0.2 995.0 1.4759 11.0 64.0 0.0 -0.2929 1.374 0.0 0.31623 992.0 1.9922 12.0 78.0 1.7071 0.0 1.774 0.0 0.3 987.0 2.39 10.0 89.0 4.0071 0.0 1.774 0.0 0.4 982.0 2.5 9.0 90.0 6.3071 0.0 1.374 0.0 0.31623 979.0 2.4333 8.0 
0.15494 43.18263 68.0 2717.0 1.0 29.0 0.0 -0.8929 0.874 0.0 0.22361 1002.0 1.0 24.0 36.0 0.1071 0.0 0.374 0.0 0.22361 1001.0 1.1031 21.0 43.0 1.3071 0.0 0.0 -0.226 0.22361 1000.0 1.4527 19.0 45.0 2.6071 0.0 0.0 -0.926 0.22361 1000.0 1.591 18.0 45.0 3.9071 0.0 0.0 -1.826 0.22361 999.0 1.4773 18.0 
0.03137 220.91639 48.0 2720.0 1.0 60.0 0.4071 0.0 3.074 0.0 0.36056 997.0 2.2981 15.0 56.0 1.6071 0.0 1.174 0.0 0.36056 997.0 2.0019 15.0 52.0 2.9071 0.0 0.0 -0.226 0.22361 997.0 1.7261 15.0 49.0 4.2071 0.0 0.0 -0.926 0.22361 998.0 1.6349 16.0 45.0 5.5071 0.0 0.0 -1.126 0.2 999.0 1.4773 17.0 
0.12519 108.43208 74.0 2721.0 1.0 80.0 0.0 -0.8929 2.474 0.0 0.5 987.0 2.5 10.0 80.0 0.7071 0.0 0.674 0.0 0.28284 985.0 2.3346 9.0 79.0 2.0071 0.0 0.0 -0.526 0.28284 983.0 2.1248 9.0 80.0 3.2071 0.0 0.0 -1.326 0.14142 980.0 1.9808 8.0 84.0 4.1071 0.0 0.0 -1.926 0.22361 975.0 1.8965 8.0 
0.10221 139.82063 54.0 2722.0 1.0 78.0 0.0 -1.3929 3.774 0.0 0.72111 993.0 2.5 15.0 82.0 0.9071 0.0 0.874 0.0 0.56569 990.0 2.5 14.0 84.0 3.0071 0.0 0.0 -1.126 0.42426 985.0 2.5 12.0 91.0 4.8071 0.0 0.0 -2.326 0.22361 973.0 2.1145 8.0 99.0 6.2071 0.0 0.0 -3.126 0.22361 964.0 2.043 7.0 
0.10271 278.30705 46.0 2723.0 1.0 75.0 0.0 -2.2929 3.574 0.0 0.53852 992.0 2.5 9.0 89.0 0.4071 0.0 2.474 0.0 0.5099 984.0 2.5 7.0 99.0 3.1071 0.0 1.574 0.0 0.41231 976.0 2.5 6.0 94.0 5.3071 0.0 0.574 0.0 0.41231 977.0 2.5 6.0 87.0 7.1071 0.0 0.0 -0.226 0.31623 979.0 2.2738 6.0 
0.14144 123.55085 108.0 2724.0 1.0 26.0 0.7071 0.0 0.974 0.0 0.1 1002.0 1.0 19.0 27.0 1.0071 0.0 0.474 0.0 0.14142 1001.0 1.0 17.0 29.0 1.3071 0.0 0.074 0.0 0.0 1000.0 1.0 16.0 30.0 1.4071 0.0 0.0 -0.126 0.0 999.0 1.0 14.0 33.0 1.5071 0.0 0.0 -0.126 0.1 997.0 1.0 13.0 
0.04757 166.3929 59.0 2726.0 1.0 42.0 0.0 -2.5929 0.674 0.0 0.36056 1001.0 1.5014 13.0 43.0 0.0 -1.0929 0.0 -1.026 0.28284 1001.0 1.5738 17.0 47.0 0.6071 0.0 0.0 -2.226 0.31623 1000.0 1.7355 15.0 51.0 2.5071 0.0 0.0 -3.126 0.31623 998.0 1.7711 13.0 54.0 4.2071 0.0 0.0 -3.726 0.22361 997.0 1.8615 15.0 
0.10378 242.73765 61.0 2727.0 1.0 118.0 0.0 -0.6929 3.574 0.0 0.5 964.0 2.5 8.0 117.0 1.4071 0.0 1.674 0.0 0.36056 960.0 2.5 8.0 103.0 3.1071 0.0 0.174 0.0 0.28284 968.0 2.4079 9.0 91.0 4.4071 0.0 0.0 -1.226 0.28284 975.0 2.2258 10.0 81.0 5.5071 0.0 0.0 -2.526 0.36056 982.0 2.1617 11.0 
0.08414 194.1525 68.0 2729.0 1.0 72.0 0.0 -1.1929 2.774 0.0 0.36056 990.0 2.3021 14.0 80.0 0.5071 0.0 1.674 0.0 0.31623 984.0 2.2541 12.0 86.0 2.1071 0.0 0.874 0.0 0.22361 978.0 2.1583 10.0 94.0 3.4071 0.0 0.174 0.0 0.22361 970.0 2.0988 9.0 105.0 4.6071 0.0 0.0 -0.326 0.2 958.0 2.0474 8.0 
0.14077 166.73835 57.0 2730.0 1.0 63.0 0.0 -1.0929 2.074 0.0 0.22361 993.0 2.0269 20.0 67.0 0.6071 0.0 1.374 0.0 0.3 991.0 2.0841 19.0 69.0 2.3071 0.0 1.074 0.0 0.3 989.0 2.0261 18.0 73.0 3.8071 0.0 1.174 0.0 0.3 986.0 2.0159 16.0 77.0 5.2071 0.0 1.474 0.0 0.22361 982.0 1.9535 14.0 
0.08428 111.65554 65.0 2731.0 1.0 38.0 0.0 -1.6929 0.0 -0.026 0.36056 1001.0 1.2291 18.0 39.0 0.0 -0.3929 0.0 -0.926 0.22361 1000.0 1.195 16.0 41.0 0.8071 0.0 0.0 -1.426 0.22361 999.0 1.2264 14.0 47.0 2.1071 0.0 0.0 -1.726 0.3 998.0 1.5041 17.0 55.0 3.6071 0.0 0.0 -1.726 0.3 996.0 1.8174 14.0 
0.10087 134.51288 79.0 2732.0 1.0 52.0 0.3071 0.0 1.874 0.0 0.22361 994.0 1.4536 14.0 54.0 1.0071 0.0 0.674 0.0 0.28284 993.0 1.4892 13.0 55.0 1.7071 0.0 0.0 -0.226 0.22361 991.0 1.4044 12.0 58.0 2.4071 0.0 0.0 -0.826 0.14142 990.0 1.4939 11.0 62.0 3.2071 0.0 0.0 -1.226 0.14142 988.0 1.5705 11.0 
0.03921 293.6286 89.0 2734.0 1.0 42.0 1.0071 0.0 2.574 0.0 0.1 997.0 1.1261 11.0 45.0 1.5071 0.0 2.174 0.0 0.1 996.0 1.2166 11.0 46.0 2.0071 0.0 1.874 0.0 0.1 995.0 1.2007 10.0 46.0 2.5071 0.0 1.774 0.0 0.1 995.0 1.2007 10.0 47.0 3.0071 0.0 2.074 0.0 0.14142 995.0 1.2535 10.0 
0.08666 247.43208 69.0 2735.0 1.0 54.0 0.0 -0.1929 3.174 0.0 0.28284 997.0 1.8615 16.0 55.0 1.2071 0.0 1.874 0.0 0.36056 996.0 1.8174 15.0 56.0 2.7071 0.0 0.774 0.0 0.28284 996.0 1.8841 14.0 57.0 4.0071 0.0 0.0 -0.226 0.28284 995.0 1.8436 13.0 57.0 5.2071 0.0 0.0 -1.126 0.28284 994.0 1.7465 13.0 
0.09264 139.91577 59.0 2736.0 1.0 41.0 0.0 -2.0929 0.0 -0.626 0.36056 1002.0 1.5608 13.0 41.0 0.0 -0.2929 0.0 -1.226 0.31623 1001.0 1.4308 12.0 43.0 1.5071 0.0 0.0 -1.426 0.3 1001.0 1.5738 16.0 48.0 3.2071 0.0 0.0 -1.426 0.3 999.0 1.6809 13.0 50.0 4.8071 0.0 0.0 -1.126 0.2 998.0 1.7023 12.0 
0.04157 236.7213 52.0 2737.0 1.0 45.0 0.0 -1.0929 3.374 0.0 0.36056 1000.0 1.591 17.0 47.0 0.8071 0.0 1.974 0.0 0.44721 1000.0 1.7355 16.0 48.0 2.7071 0.0 0.674 0.0 0.44721 999.0 1.6809 15.0 48.0 4.5071 0.0 0.0 -0.726 0.36056 999.0 1.6809 15.0 47.0 6.1071 0.0 0.0 -2.126 0.36056 999.0 1.6116 14.0 
0.188 187.23059 48.0 2738.0 1.0 66.0 0.0 -1.9929 2.174 0.0 0.41231 994.0 2.3416 13.0 71.0 0.2071 0.0 1.674 0.0 0.4 991.0 2.3403 11.0 74.0 2.3071 0.0 1.074 0.0 0.36056 990.0 2.4318 11.0 77.0 4.5071 0.0 0.0 -0.126 0.5 990.0 2.5 11.0 72.0 6.6071 0.0 0.0 -1.626 0.42426 992.0 2.5 12.0 
0.02979 196.25184 83.0 2739.0 1.0 50.0 0.0 -3.0929 0.074 0.0 0.5 1000.0 1.9642 12.0 49.0 0.0 -0.8929 0.0 -1.526 0.44721 999.0 1.7517 11.0 49.0 1.1071 0.0 0.0 -2.726 0.36056 998.0 1.6349 14.0 49.0 2.7071 0.0 0.0 -3.726 0.22361 996.0 1.4425 12.0 51.0 3.9071 0.0 0.0 -4.426 0.14142 993.0 1.3283 11.0 
0.16982 60.21138 94.0 2740.0 1.0 55.0 0.0 -1.9929 0.0 -0.926 0.36056 997.0 1.931 11.0 65.0 0.0 -0.3929 0.374 0.0 0.36056 993.0 2.1576 9.0 68.0 1.1071 0.0 1.574 0.0 0.28284 990.0 2.0534 8.0 69.0 2.4071 0.0 2.374 0.0 0.2 987.0 1.8703 7.0 64.0 3.4071 0.0 2.574 0.0 0.2 989.0 1.7431 8.0 
0.03858 229.97278 79.0 2742.0 1.0 55.0 0.8071 0.0 2.574 0.0 0.22361 996.0 1.8174 14.0 54.0 1.7071 0.0 1.174 0.0 0.28284 996.0 1.752 14.0 53.0 2.7071 0.0 0.0 -0.126 0.22361 996.0 1.6877 14.0 52.0 3.5071 0.0 0.0 -1.326 0.22361 996.0 1.6246 14.0 51.0 4.3071 0.0 0.0 -2.326 0.22361 996.0 1.5627 14.0 
0.17805 85.91761 52.0 2743.0 1.0 58.0 0.0 -2.0929 0.674 0.0 0.3 996.0 2.0211 13.0 67.0 0.0071 0.0 0.774 0.0 0.41231 993.0 2.2925 12.0 75.0 2.2071 0.0 1.274 0.0 0.41231 988.0 2.2981 11.0 80.0 4.2071 0.0 1.874 0.0 0.31623 984.0 2.2541 9.0 82.0 5.9071 0.0 2.274 0.0 0.2 979.0 2.0199 8.0 
0.02544 267.74126 49.0 2744.0 1.0 48.0 1.3071 0.0 3.874 0.0 0.5099 1001.0 1.961 18.0 45.0 2.1071 0.0 1.174 0.0 0.44721 1000.0 1.591 17.0 45.0 3.2071 0.0 0.0 -0.926 0.28284 999.0 1.4773 15.0 47.0 4.5071 0.0 0.0 -2.326 0.36056 998.0 1.5041 14.0 53.0 6.1071 0.0 0.0 -3.326 0.31623 997.0 1.7931 16.0 
0.09734 133.67766 84.0 2746.0 1.0 64.0 0.6071 0.0 1.874 0.0 0.22361 990.0 1.8189 11.0 65.0 1.1071 0.0 0.474 0.0 0.22361 988.0 1.7261 10.0 66.0 1.6071 0.0 0.0 -0.526 0.2 986.0 1.6478 10.0 67.0 2.0071 0.0 0.0 -1.226 0.1 984.0 1.581 9.0 77.0 2.3071 0.0 0.0 -1.626 0.1 976.0 1.6367 8.0 
0.10173 115.5129 60.0 2747.0 1.0 64.0 0.0 -2.3929 0.0 -0.426 0.31623 993.0 2.0918 12.0 75.0 0.0 -0.7929 0.674 0.0 0.28284 986.0 2.1279 10.0 78.0 0.5071 0.0 1.774 0.0 0.31623 984.0 2.1428 9.0 78.0 2.0071 0.0 2.574 0.0 0.2 984.0 2.1428 9.0 74.0 3.5071 0.0 2.974 0.0 0.3 987.0 2.1512 10.0 
0.05864 299.43032 72.0 2750.0 1.0 63.0 0.0 -0.7929 3.274 0.0 0.31623 993.0 2.0269 12.0 65.0 0.8071 0.0 2.574 0.0 0.31623 992.0 2.0549 12.0 59.0 2.3071 0.0 1.974 0.0 0.2 994.0 1.8713 12.0 50.0 3.4071 0.0 1.574 0.0 0.1 996.0 1.502 14.0 43.0 4.1071 0.0 1.274 0.0 0.1 997.0 1.1803 15.0 
0.06538 213.86178 94.0 2752.0 1.0 32.0 1.9071 0.0 0.274 0.0 0.0 999.0 1.0 18.0 38.0 1.9071 0.0 0.274 0.0 0.14142 997.0 1.0 15.0 44.0 2.1071 0.0 0.474 0.0 0.1 995.0 1.0985 13.0 49.0 2.3071 0.0 0.874 0.0 0.14142 993.0 1.2262 12.0 54.0 2.6071 0.0 1.274 0.0 0.1 991.0 1.3538 11.0 
0.0421 278.63933 85.0 2754.0 1.0 53.0 2.5071 0.0 0.0 -1.126 0.2 993.0 1.4345 13.0 57.0 2.5071 0.0 0.0 -0.126 0.14142 991.0 1.5084 11.0 61.0 2.7071 0.0 0.674 0.0 0.22361 989.0 1.5836 11.0 65.0 3.1071 0.0 1.574 0.0 0.22361 987.0 1.6597 10.0 67.0 3.7071 0.0 2.674 0.0 0.22361 987.0 1.7634 10.0 
0.05994 208.35343 50.0 2755.0 1.0 45.0 0.0 -1.6929 1.874 0.0 0.3 1000.0 1.591 19.0 52.0 0.1071 0.0 1.874 0.0 0.3 998.0 1.8412 16.0 56.0 2.0071 0.0 2.074 0.0 0.3 997.0 2.0019 15.0 56.0 4.0071 0.0 2.374 0.0 0.31623 997.0 2.0019 15.0 56.0 5.8071 0.0 2.674 0.0 0.3 997.0 2.0019 15.0 
0.1626 61.84866 107.0 2756.0 1.0 65.0 0.0 -1.6929 0.0 -0.426 0.36056 992.0 2.0549 12.0 66.0 0.0 -0.2929 0.474 0.0 0.22361 990.0 1.9344 11.0 63.0 0.8071 0.0 0.974 0.0 0.1 989.0 1.6891 11.0 62.0 1.6071 0.0 1.174 0.0 0.2 988.0 1.5705 10.0 64.0 2.4071 0.0 1.274 0.0 0.14142 987.0 1.6091 10.0 
0.16343 160.97627 100.0 2757.0 1.0 44.0 0.0 -1.1929 1.074 0.0 0.0 996.0 1.1632 14.0 52.0 0.0 -0.6929 1.274 0.0 0.14142 993.0 1.3809 12.0 56.0 0.0 -0.0929 1.774 0.0 0.1 991.0 1.4559 11.0 59.0 0.4071 0.0 2.174 0.0 0.1 988.0 1.4222 10.0 65.0 0.8071 0.0 2.674 0.0 0.0 985.0 1.5412 10.0 
0.0923 176.08695 81.0 2758.0 1.0 66.0 0.0 -2.3929 0.974 0.0 0.3 992.0 2.1186 12.0 75.0 0.0 -0.7929 1.374 0.0 0.22361 985.0 2.0519 9.0 77.0 0.5071 0.0 1.874 0.0 0.22361 983.0 2.0186 9.0 78.0 1.7071 0.0 2.474 0.0 0.22361 981.0 1.9419 9.0 72.0 2.8071 0.0 2.974 0.0 0.22361 985.0 1.891 9.0 
0.1141 130.72136 218.0 2759.0 1.0 63.0 0.0 -2.1929 0.674 0.0 0.41231 995.0 2.2521 14.0 68.0 0.0 -0.0929 1.174 0.0 0.31623 991.0 2.1467 12.0 71.0 1.6071 0.0 1.574 0.0 0.31623 988.0 2.0595 10.0 76.0 3.1071 0.0 1.974 0.0 0.3 984.0 2.0343 9.0 82.0 4.4071 0.0 2.374 0.0 0.22361 979.0 2.0199 8.0 
0.19126 191.22972 54.0 2761.0 1.0 96.0 0.0 -1.6929 1.774 0.0 0.3 975.0 2.4771 8.0 100.0 0.4071 0.0 1.674 0.0 0.4 972.0 2.4912 7.0 97.0 2.5071 0.0 1.474 0.0 0.3 973.0 2.4025 7.0 90.0 4.3071 0.0 1.274 0.0 0.22361 977.0 2.2981 8.0 77.0 5.8071 0.0 1.074 0.0 0.2 984.0 2.0882 9.0 
0.09255 280.32338 46.0 2762.0 1.0 73.0 0.0 -1.7929 3.174 0.0 0.44721 990.0 2.3665 14.0 84.0 0.5071 0.0 2.474 0.0 0.4 985.0 2.5 12.0 93.0 2.9071 0.0 2.174 0.0 0.4 978.0 2.5 11.0 101.0 5.1071 0.0 2.074 0.0 0.3 970.0 2.423 9.0 108.0 6.9071 0.0 1.774 0.0 0.31623 963.0 2.3827 8.0 
0.0339 254.57763 203.0 2763.0 1.0 62.0 0.6071 0.0 2.874 0.0 0.36056 994.0 2.0664 13.0 63.0 1.9071 0.0 1.274 0.0 0.36056 993.0 2.0269 12.0 63.0 3.3071 0.0 0.174 0.0 0.28284 992.0 1.9304 12.0 63.0 4.6071 0.0 0.0 -0.626 0.22361 991.0 1.8426 11.0 62.0 5.7071 0.0 0.0 -1.226 0.14142 990.0 1.707 11.0 
0.05817 183.25513 54.0 2764.0 1.0 52.0 1.0071 0.0 2.174 0.0 0.31623 996.0 1.6246 14.0 52.0 1.5071 0.0 0.674 0.0 0.22361 996.0 1.6246 14.0 56.0 2.5071 0.0 0.0 -0.526 0.31623 995.0 1.7795 14.0 60.0 4.2071 0.0 0.0 -1.626 0.36056 996.0 2.1629 14.0 58.0 5.9071 0.0 0.0 -2.826 0.28284 996.0 2.0211 14.0 
0.13659 97.0172 52.0 2765.0 1.0 50.0 0.0 -1.6929 0.874 0.0 0.3 998.0 1.7023 16.0 58.0 0.0071 0.0 0.874 0.0 0.31623 995.0 1.9088 13.0 64.0 1.8071 0.0 0.974 0.0 0.3 993.0 2.0918 12.0 66.0 3.7071 0.0 1.174 0.0 0.31623 993.0 2.2245 12.0 64.0 5.6071 0.0 1.574 0.0 0.31623 993.0 2.0918 12.0 
0.0824 270.80238 159.0 2767.0 1.0 54.0 0.0 -0.6929 3.174 0.0 0.36056 998.0 1.9855 17.0 55.0 1.1071 0.0 2.174 0.0 0.31623 998.0 2.0598 16.0 54.0 2.8071 0.0 1.274 0.0 0.31623 997.0 1.8615 15.0 54.0 4.3071 0.0 0.574 0.0 0.28284 996.0 1.752 14.0 56.0 5.7071 0.0 0.0 -0.226 0.28284 996.0 1.8841 14.0 
0.15778 108.76564 109.0 2770.0 1.0 39.0 0.0 -1.0929 1.474 0.0 0.22361 1000.0 1.195 16.0 39.0 0.1071 0.0 0.974 0.0 0.2 1000.0 1.195 20.0 44.0 1.2071 0.0 1.074 0.0 0.2 998.0 1.3183 16.0 48.0 2.2071 0.0 1.474 0.0 0.14142 997.0 1.4708 15.0 51.0 3.0071 0.0 2.274 0.0 0.14142 996.0 1.5627 14.0 
0.06222 215.57064 101.0 2772.0 1.0 60.0 1.4071 0.0 0.0 -1.526 0.14142 988.0 1.4708 10.0 66.0 1.7071 0.0 0.0 -0.926 0.14142 985.0 1.589 9.0 69.0 2.1071 0.0 0.0 -0.126 0.14142 984.0 1.6768 9.0 72.0 2.6071 0.0 0.874 0.0 0.22361 984.0 1.8258 9.0 75.0 3.3071 0.0 2.174 0.0 0.22361 983.0 1.9151 9.0 
0.09269 204.37347 82.0 2773.0 1.0 61.0 0.0 -1.4929 1.674 0.0 0.2 991.0 1.7275 11.0 64.0 0.0 -0.4929 1.774 0.0 0.22361 989.0 1.7431 11.0 64.0 0.5071 0.0 2.274 0.0 0.22361 990.0 1.8189 11.0 62.0 1.5071 0.0 2.974 0.0 0.22361 991.0 1.7846 11.0 59.0 2.6071 0.0 3.774 0.0 0.22361 993.0 1.7777 12.0 
0.109 255.95422 66.0 2774.0 1.0 34.0 0.0 -1.7929 0.0 -1.626 0.14142 1000.0 1.0 16.0 38.0 0.0 -0.8929 0.0 -2.126 0.22361 999.0 1.0535 15.0 44.0 0.3071 0.0 0.0 -2.426 0.2 998.0 1.3183 17.0 53.0 1.7071 0.0 0.0 -2.126 0.22361 995.0 1.5939 15.0 63.0 3.1071 0.0 0.0 -1.126 0.28284 992.0 1.9304 16.0 
0.03371 290.90528 48.0 2775.0 1.0 45.0 0.0 -2.2929 2.074 0.0 0.31623 1000.0 1.591 19.0 51.0 0.0 -0.4929 2.574 0.0 0.31623 999.0 1.8976 17.0 54.0 1.5071 0.0 2.474 0.0 0.41231 999.0 2.1274 17.0 58.0 3.8071 0.0 1.474 0.0 0.44721 999.0 2.4542 17.0 57.0 6.2071 0.0 0.174 0.0 0.44721 999.0 2.3703 17.0 
0.12638 310.58559 46.0 2776.0 1.0 99.0 0.0 -1.2929 3.874 0.0 0.44721 972.0 2.4416 8.0 112.0 1.3071 0.0 2.474 0.0 0.5831 965.0 2.5 7.0 109.0 3.8071 0.0 0.774 0.0 0.5 968.0 2.5 7.0 103.0 5.9071 0.0 0.0 -1.126 0.42426 971.0 2.5 7.0 95.0 7.4071 0.0 0.0 -3.026 0.36056 974.0 2.3636 8.0 
0.03997 240.52259 82.0 2777.0 1.0 46.0 0.0 -2.5929 0.0 -0.726 0.42426 999.0 1.5437 15.0 47.0 0.0 -0.9929 0.0 -1.926 0.28284 997.0 1.4101 14.0 49.0 0.4071 0.0 0.0 -2.626 0.31623 995.0 1.3624 12.0 53.0 1.7071 0.0 0.0 -3.026 0.22361 993.0 1.4345 13.0 62.0 2.6071 0.0 0.0 -3.126 0.2 986.0 1.4541 11.0 
0.08781 225.10971 96.0 2779.0 1.0 38.0 0.0 -2.1929 1.274 0.0 0.1 999.0 1.0535 14.0 41.0 0.0 -1.3929 1.474 0.0 0.14142 998.0 1.1446 17.0 47.0 0.0 -0.8929 2.174 0.0 0.14142 996.0 1.3272 14.0 52.0 0.0 -0.3929 3.074 0.0 0.22361 994.0 1.4536 13.0 57.0 0.2071 0.0 4.074 0.0 0.14142 991.0 1.5084 12.0 
0.14057 252.62455 60.0 2780.0 1.0 70.0 0.0 -1.8929 2.074 0.0 0.3 989.0 2.0853 11.0 81.0 0.0 -0.0929 2.274 0.0 0.3 982.0 2.1617 9.0 94.0 1.7071 0.0 2.574 0.0 0.3 973.0 2.2562 7.0 104.0 3.4071 0.0 2.674 0.0 0.31623 963.0 2.2094 6.0 100.0 4.8071 0.0 2.874 0.0 0.2 964.0 2.0844 7.0 
0.10808 143.94806 51.0 2782.0 1.0 52.0 0.0 -0.2929 2.774 0.0 0.44721 998.0 1.8412 20.0 53.0 1.2071 0.0 0.474 0.0 0.42426 998.0 1.9127 23.0 56.0 2.8071 0.0 0.0 -1.126 0.36056 995.0 1.7795 20.0 63.0 4.5071 0.0 0.0 -2.026 0.3 993.0 2.0269 20.0 70.0 6.2071 0.0 0.0 -2.126 0.2 988.0 2.0019 17.0 
0.03671 234.69733 71.0 2783.0 1.0 87.0 0.8071 0.0 2.974 0.0 0.31623 978.0 2.2088 11.0 90.0 1.6071 0.0 1.374 0.0 0.28284 973.0 2.0683 10.0 92.0 2.5071 0.0 0.374 0.0 0.22361 969.0 1.9647 9.0 98.0 3.3071 0.0 0.0 -0.226 0.22361 963.0 1.9619 8.0 104.0 4.2071 0.0 0.0 -0.526 0.2 958.0 2.0086 8.0 
0.11889 69.35559 61.0 2784.0 1.0 39.0 0.0 -0.5929 1.774 0.0 0.22361 1000.0 1.195 17.0 40.0 0.4071 0.0 0.474 0.0 0.22361 999.0 1.1673 15.0 42.0 1.5071 0.0 0.0 -0.326 0.28284 998.0 1.2011 14.0 46.0 2.7071 0.0 0.0 -0.926 0.22361 997.0 1.3508 17.0 52.0 4.0071 0.0 0.0 -1.426 0.2 995.0 1.5343 15.0 
0.07234 166.73835 65.0 2785.0 1.0 45.0 0.0 -0.9929 2.374 0.0 0.36056 1000.0 1.591 19.0 47.0 0.6071 0.0 1.374 0.0 0.31623 1000.0 1.7355 18.0 48.0 2.1071 0.0 0.674 0.0 0.22361 999.0 1.6809 17.0 45.0 3.3071 0.0 0.274 0.0 0.2 998.0 1.3789 16.0 43.0 4.2071 0.0 0.174 0.0 0.1 998.0 1.259 16.0 
0.07548 262.51785 52.0 2787.0 1.0 65.0 1.6071 0.0 2.274 0.0 0.22361 988.0 1.7261 17.0 68.0 2.1071 0.0 1.074 0.0 0.22361 987.0 1.8165 16.0 73.0 3.0071 0.0 0.0 -0.026 0.22361 985.0 1.9439 15.0 80.0 4.3071 0.0 0.0 -0.926 0.36056 982.0 2.1086 14.0 88.0 5.9071 0.0 0.0 -1.926 0.28284 978.0 2.2599 13.0 
0.12614 91.60065 88.0 2788.0 1.0 55.0 0.0 -1.5929 0.374 0.0 0.2 993.0 1.5448 10.0 59.0 0.0 -0.5929 0.574 0.0 0.14142 989.0 1.4814 8.0 61.0 0.0071 0.0 1.074 0.0 0.14142 987.0 1.4617 8.0 67.0 0.5071 0.0 1.774 0.0 0.22361 984.0 1.581 7.0 75.0 1.1071 0.0 2.674 0.0 0.22361 980.0 1.741 6.0 
0.08056 282.09524 58.0 2789.0 1.0 92.0 0.0 -0.9929 3.174 0.0 0.31623 975.0 2.275 10.0 101.0 0.9071 0.0 2.374 0.0 0.31623 970.0 2.423 9.0 105.0 2.9071 0.0 1.674 0.0 0.31623 967.0 2.448 9.0 103.0 4.5071 0.0 1.074 0.0 0.3 964.0 2.2114 8.0 101.0 5.8071 0.0 0.874 0.0 0.1 962.0 2.0429 8.0 
0.21469 119.2166 140.0 2790.0 1.0 32.0 0.0 -0.0929 1.074 0.0 0.0 999.0 1.0 18.0 32.0 0.0071 0.0 1.074 0.0 0.1 999.0 1.0 18.0 35.0 0.1071 0.0 1.374 0.0 0.0 999.0 1.0 17.0 37.0 0.2071 0.0 1.774 0.0 0.0 998.0 1.0 16.0 39.0 0.2071 0.0 2.174 0.0 0.1 997.0 1.0 15.0 
0.08277 125.44014 60.0 2792.0 1.0 67.0 0.0 -0.2929 2.374 0.0 0.36056 991.0 2.0841 11.0 68.0 0.9071 0.0 0.674 0.0 0.28284 990.0 2.0534 11.0 69.0 2.2071 0.0 0.0 -0.726 0.28284 988.0 1.9451 11.0 73.0 3.5071 0.0 0.0 -1.826 0.31623 986.0 2.0159 10.0 77.0 5.0071 0.0 0.0 -2.526 0.28284 983.0 2.0186 9.0 
0.10252 271.28242 60.0 2793.0 1.0 62.0 0.0 -3.1929 1.374 0.0 0.3 993.0 1.9631 11.0 74.0 0.0 -1.2929 2.074 0.0 0.36056 988.0 2.2372 10.0 83.0 0.6071 0.0 3.174 0.0 0.31623 983.0 2.3454 9.0 93.0 2.4071 0.0 4.174 0.0 0.31623 975.0 2.3247 8.0 97.0 4.1071 0.0 4.974 0.0 0.31623 970.0 2.2349 7.0 
0.05638 320.68218 63.0 2794.0 1.0 59.0 0.0 -0.7929 3.274 0.0 0.31623 994.0 1.8713 13.0 61.0 0.8071 0.0 2.774 0.0 0.3 993.0 1.9003 12.0 61.0 2.3071 0.0 2.674 0.0 0.2 992.0 1.8098 12.0 61.0 3.6071 0.0 2.774 0.0 0.22361 992.0 1.8098 12.0 61.0 4.7071 0.0 2.974 0.0 0.2 991.0 1.7275 11.0 
0.04833 253.61463 57.0 2796.0 1.0 44.0 0.1071 0.0 2.874 0.0 0.22361 1000.0 1.5211 19.0 43.0 1.3071 0.0 1.874 0.0 0.22361 1000.0 1.4527 19.0 41.0 2.5071 0.0 0.974 0.0 0.14142 1000.0 1.3207 19.0 40.0 3.6071 0.0 0.374 0.0 0.22361 1000.0 1.2571 19.0 41.0 4.8071 0.0 0.0 -0.026 0.22361 1000.0 1.3207 19.0 
0.04637 241.889 148.0 2797.0 1.0 51.0 0.8071 0.0 2.674 0.0 0.22361 996.0 1.5627 14.0 52.0 1.5071 0.0 1.574 0.0 0.22361 995.0 1.5343 14.0 52.0 2.3071 0.0 0.674 0.0 0.14142 995.0 1.5343 13.0 51.0 3.0071 0.0 0.0 -0.026 0.14142 995.0 1.4759 13.0 50.0 3.6071 0.0 0.0 -0.626 0.14142 994.0 1.3439 13.0 
0.11466 183.55744 56.0 2799.0 1.0 77.0 0.0 -0.8929 2.774 0.0 0.36056 985.0 2.1628 15.0 82.0 0.5071 0.0 1.574 0.0 0.31623 982.0 2.2154 14.0 88.0 2.2071 0.0 1.074 0.0 0.31623 978.0 2.2599 13.0 92.0 3.9071 0.0 0.974 0.0 0.22361 973.0 2.1612 12.0 97.0 5.3071 0.0 1.374 0.0 0.2 968.0 2.1356 11.0 
0.05342 285.03638 65.0 2800.0 1.0 49.0 0.0 -2.3929 1.774 0.0 0.22361 997.0 1.5327 15.0 58.0 0.0 -1.1929 2.274 0.0 0.22361 993.0 1.7179 12.0 64.0 0.0071 0.0 3.074 0.0 0.28284 991.0 1.9016 11.0 70.0 1.3071 0.0 3.974 0.0 0.31623 989.0 2.0853 10.0 75.0 2.9071 0.0 4.674 0.0 0.22361 986.0 2.1279 10.0 
0.06341 201.65087 248.0 2801.0 1.0 76.0 0.0 -0.3929 2.474 0.0 0.28284 984.0 2.0343 9.0 81.0 0.9071 0.0 1.574 0.0 0.31623 981.0 2.0941 9.0 84.0 2.4071 0.0 0.874 0.0 0.22361 979.0 2.1196 8.0 85.0 3.6071 0.0 0.374 0.0 0.22361 976.0 1.9944 8.0 83.0 4.6071 0.0 0.0 -0.126 0.14142 976.0 1.9017 8.0 
0.04933 223.62372 97.0 2802.0 1.0 58.0 2.2071 0.0 0.0 -0.926 0.2 991.0 1.5618 11.0 61.0 2.0071 0.0 0.174 0.0 0.2 990.0 1.6524 11.0 61.0 1.9071 0.0 1.374 0.0 0.2 990.0 1.6524 11.0 63.0 1.9071 0.0 2.474 0.0 0.2 989.0 1.6891 11.0 64.0 1.8071 0.0 3.574 0.0 0.2 988.0 1.6734 10.0 
0.06913 249.69441 263.0 2803.0 1.0 68.0 0.6071 0.0 2.474 0.0 0.28284 989.0 1.9678 10.0 67.0 1.6071 0.0 1.574 0.0 0.28284 988.0 1.834 10.0 67.0 2.6071 0.0 0.874 0.0 0.22361 987.0 1.7634 10.0 69.0 3.6071 0.0 0.574 0.0 0.2 986.0 1.801 10.0 72.0 4.6071 0.0 0.674 0.0 0.14142 983.0 1.7649 9.0 
0.02129 249.2158 64.0 2804.0 1.0 52.0 0.0 -2.5929 0.0 -1.926 0.41231 998.0 1.8412 14.0 59.0 0.0 -0.2929 0.0 -2.226 0.31623 997.0 2.2221 15.0 60.0 1.8071 0.0 0.0 -2.426 0.3 995.0 2.0427 14.0 59.0 3.5071 0.0 0.0 -2.326 0.2 994.0 1.8713 13.0 59.0 4.7071 0.0 0.0 -2.226 0.2 992.0 1.693 12.0 
0.25597 57.41677 49.0 2805.0 1.0 50.0 0.0 -2.1929 1.574 0.0 0.44721 1001.0 2.1279 17.0 52.0 0.2071 0.0 0.474 0.0 0.41231 999.0 1.9727 15.0 54.0 2.5071 0.0 0.0 -0.226 0.31623 998.0 1.9855 13.0 57.0 4.4071 0.0 0.0 -0.926 0.28284 995.0 1.8436 13.0 67.0 6.0071 0.0 0.0 -1.826 0.31623 991.0 2.0841 12.0 
0.01839 245.42515 70.0 2806.0 1.0 75.0 0.9071 0.0 2.774 0.0 0.22361 986.0 2.1279 10.0 73.0 1.8071 0.0 1.274 0.0 0.28284 985.0 1.9439 10.0 73.0 2.7071 0.0 0.274 0.0 0.28284 983.0 1.8143 9.0 78.0 3.6071 0.0 0.0 -0.426 0.14142 979.0 1.8277 8.0 86.0 4.4071 0.0 0.0 -0.826 0.1 972.0 1.8425 7.0 
0.06618 305.55795 67.0 2807.0 1.0 106.0 0.0 -0.2929 3.174 0.0 0.22361 963.0 2.2952 8.0 105.0 1.2071 0.0 2.474 0.0 0.31623 963.0 2.2521 8.0 109.0 2.7071 0.0 1.874 0.0 0.22361 958.0 2.2064 8.0 112.0 3.8071 0.0 1.274 0.0 0.22361 952.0 2.1003 7.0 114.0 4.8071 0.0 0.874 0.0 0.1 948.0 2.0421 7.0 
0.05443 162.06633 61.0 2808.0 1.0 45.0 0.0 -2.7929 0.0 -0.126 0.36056 1001.0 1.7236 13.0 45.0 0.0 -0.7929 0.0 -1.226 0.36056 1001.0 1.7236 17.0 45.0 1.0071 0.0 0.0 -2.126 0.31623 999.0 1.4773 15.0 48.0 2.6071 0.0 0.0 -2.726 0.31623 998.0 1.5688 13.0 54.0 4.2071 0.0 0.0 -3.126 0.31623 996.0 1.752 15.0 
0.2215 13.18352 36.0 2812.0 1.0 76.0 0.0 -3.6929 4.474 0.0 0.92195 1000.0 2.5 17.0 73.0 0.0 -0.0929 0.074 0.0 0.92195 999.0 2.5 16.0 67.0 2.7071 0.0 0.0 -3.826 0.72111 998.0 2.5 14.0 61.0 4.8071 0.0 0.0 -6.726 0.5 997.0 2.3753 17.0 64.0 6.5071 0.0 0.0 -8.826 0.42426 994.0 2.2019 14.0 
0.16703 79.14903 59.0 2814.0 1.0 45.0 0.0 -1.0929 1.674 0.0 0.36056 1000.0 1.591 22.0 44.0 0.6071 0.0 0.374 0.0 0.36056 999.0 1.4124 16.0 46.0 2.2071 0.0 0.0 -1.026 0.36056 998.0 1.4408 15.0 48.0 3.8071 0.0 0.0 -2.326 0.28284 997.0 1.4708 14.0 50.0 5.3071 0.0 0.0 -3.526 0.28284 996.0 1.502 16.0 
0.02373 260.1241 46.0 2815.0 1.0 48.0 0.0 -0.7929 3.374 0.0 0.5 1001.0 1.961 18.0 49.0 1.4071 0.0 1.874 0.0 0.44721 1001.0 2.0436 16.0 51.0 3.5071 0.0 0.274 0.0 0.42426 1000.0 2.0435 17.0 56.0 5.3071 0.0 0.0 -1.326 0.44721 998.0 2.1353 16.0 59.0 7.1071 0.0 0.0 -2.526 0.36056 996.0 2.0914 14.0 
0.10212 132.36053 54.0 2817.0 1.0 60.0 0.0 -1.1929 3.774 0.0 0.72111 999.0 2.5 15.0 59.0 0.9071 0.0 0.774 0.0 0.56569 998.0 2.3703 14.0 58.0 2.7071 0.0 0.0 -1.426 0.42426 995.0 1.9088 12.0 60.0 4.2071 0.0 0.0 -3.026 0.28284 993.0 1.8385 13.0 67.0 5.5071 0.0 0.0 -3.826 0.22361 987.0 1.7634 11.0 
0.09564 211.4766 46.0 2818.0 1.0 79.0 0.0 -1.8929 4.474 0.0 0.78102 994.0 2.5 18.0 79.0 1.2071 0.0 1.474 0.0 0.70711 993.0 2.5 17.0 75.0 3.6071 0.0 0.0 -1.126 0.56569 990.0 2.4979 16.0 81.0 5.4071 0.0 0.0 -3.126 0.42426 985.0 2.3933 16.0 87.0 7.0071 0.0 0.0 -4.526 0.36056 979.0 2.2738 14.0 
0.09997 47.29257 41.0 2820.0 1.0 61.0 0.0 -2.2929 3.674 0.0 0.80623 1000.0 2.5 12.0 62.0 0.0071 0.0 0.0 -0.426 0.72111 1000.0 2.5 11.0 59.0 2.2071 0.0 0.0 -3.726 0.5 998.0 2.3703 10.0 56.0 4.0071 0.0 0.0 -5.926 0.42426 997.0 2.0019 13.0 58.0 5.7071 0.0 0.0 -7.226 0.28284 994.0 1.8084 10.0 
0.0656 295.62212 62.0 2822.0 1.0 65.0 0.0 -0.1929 3.274 0.0 0.28284 992.0 2.0549 9.0 64.0 1.2071 0.0 2.374 0.0 0.31623 992.0 1.9922 9.0 65.0 2.7071 0.0 1.374 0.0 0.22361 992.0 2.0549 9.0 65.0 4.0071 0.0 0.274 0.0 0.28284 991.0 1.9615 8.0 65.0 5.2071 0.0 0.0 -0.826 0.22361 990.0 1.8762 8.0 
0.0489 235.85728 126.0 2823.0 1.0 60.0 2.0071 0.0 1.274 0.0 0.2 990.0 1.5987 11.0 60.0 2.1071 0.0 0.274 0.0 0.22361 989.0 1.5321 11.0 62.0 2.3071 0.0 0.0 -0.526 0.1 987.0 1.5101 10.0 64.0 2.4071 0.0 0.0 -1.126 0.1 985.0 1.4941 10.0 64.0 2.4071 0.0 0.0 -1.626 0.14142 985.0 1.4941 9.0 
0.15582 193.44107 40.0 2825.0 1.0 76.0 0.0 -1.8929 5.274 0.0 1.0 1000.0 2.5 12.0 72.0 1.6071 0.0 0.674 0.0 0.86023 999.0 2.5 11.0 64.0 4.2071 0.0 0.0 -3.026 0.56569 999.0 2.5 14.0 61.0 6.5071 0.0 0.0 -5.326 0.5 997.0 2.3753 12.0 67.0 8.7071 0.0 0.0 -7.126 0.42426 994.0 2.4131 12.0 
0.0452 194.80947 39.0 2826.0 1.0 53.0 0.0 -0.8929 3.274 0.0 0.42426 999.0 2.0493 14.0 62.0 1.2071 0.0 1.274 0.0 0.64031 998.0 2.5 16.0 72.0 3.9071 0.0 0.0 -0.926 0.64031 996.0 2.5 14.0 76.0 6.8071 0.0 0.0 -3.426 0.64031 995.0 2.5 14.0 70.0 9.3071 0.0 0.0 -5.626 0.44721 994.0 2.5 13.0 
0.05866 193.3831 67.0 2828.0 1.0 72.0 0.6071 0.0 2.474 0.0 0.31623 988.0 2.1179 13.0 74.0 1.5071 0.0 0.874 0.0 0.28284 985.0 1.9975 12.0 81.0 2.4071 0.0 0.0 -0.326 0.22361 979.0 1.9709 11.0 90.0 3.2071 0.0 0.0 -1.326 0.14142 971.0 1.9698 9.0 100.0 4.1071 0.0 0.0 -2.026 0.22361 961.0 1.9642 8.0 
0.06717 179.34545 102.0 2829.0 1.0 50.0 0.5071 0.0 2.074 0.0 0.22361 996.0 1.502 14.0 51.0 1.2071 0.0 1.074 0.0 0.28284 995.0 1.4759 14.0 50.0 1.9071 0.0 0.174 0.0 0.14142 995.0 1.4186 14.0 48.0 2.5071 0.0 0.0 -0.426 0.1 995.0 1.3074 13.0 47.0 2.9071 0.0 0.0 -0.726 0.1 994.0 1.1875 13.0 
0.09714 245.98277 48.0 2830.0 1.0 93.0 0.0 -1.9929 4.574 0.0 0.70711 988.0 2.5 10.0 94.0 1.0071 0.0 1.974 0.0 0.5831 985.0 2.5 9.0 86.0 3.4071 0.0 0.0 -0.026 0.5 985.0 2.5 9.0 83.0 5.1071 0.0 0.0 -1.726 0.36056 983.0 2.3454 9.0 82.0 6.6071 0.0 0.0 -2.626 0.31623 980.0 2.0811 9.0 
0.10524 260.95971 58.0 2831.0 1.0 64.0 0.3071 0.0 2.674 0.0 0.22361 988.0 1.6734 17.0 70.0 1.1071 0.0 2.074 0.0 0.2 984.0 1.7258 15.0 79.0 2.0071 0.0 1.974 0.0 0.2 978.0 1.8213 13.0 91.0 3.1071 0.0 2.174 0.0 0.2 971.0 2.0138 12.0 99.0 4.3071 0.0 2.574 0.0 0.2 966.0 2.1299 11.0 
0.0721 257.74158 57.0 2832.0 1.0 64.0 0.5071 0.0 2.774 0.0 0.28284 992.0 1.9922 16.0 64.0 1.7071 0.0 1.574 0.0 0.28284 991.0 1.9016 15.0 66.0 2.9071 0.0 0.674 0.0 0.22361 989.0 1.8538 14.0 69.0 4.0071 0.0 0.074 0.0 0.22361 986.0 1.801 13.0 77.0 5.1071 0.0 0.0 -0.326 0.22361 982.0 1.9535 11.0 
0.02624 213.46793 63.0 2833.0 1.0 44.0 0.0 -2.8929 0.674 0.0 0.44721 1001.0 1.6478 13.0 44.0 0.0 -1.3929 0.0 -1.326 0.36056 1000.0 1.5211 12.0 46.0 0.2071 0.0 0.0 -2.726 0.36056 999.0 1.5437 11.0 49.0 2.0071 0.0 0.0 -3.526 0.22361 998.0 1.6349 13.0 53.0 3.6071 0.0 0.0 -3.826 0.2 995.0 1.5939 11.0 
0.06197 301.8683 65.0 2834.0 1.0 57.0 0.0 -0.4929 0.0 -2.926 0.2 991.0 1.5084 11.0 71.0 0.7071 0.0 0.0 -2.626 0.2 983.0 1.7162 10.0 90.0 1.9071 0.0 0.0 -2.326 0.22361 969.0 1.8803 8.0 119.0 3.1071 0.0 0.0 -1.826 0.2 946.0 2.1588 7.0 126.0 4.4071 0.0 0.0 -1.426 0.22361 939.0 2.1913 7.0 
0.03483 292.53895 53.0 2835.0 1.0 58.0 1.3071 0.0 3.074 0.0 0.31623 995.0 1.9088 18.0 60.0 2.3071 0.0 1.274 0.0 0.36056 994.0 1.9352 17.0 62.0 3.6071 0.0 0.0 -0.426 0.28284 993.0 1.9631 16.0 64.0 4.7071 0.0 0.0 -1.826 0.28284 992.0 1.9922 15.0 66.0 5.9071 0.0 0.0 -2.726 0.31623 989.0 1.8538 14.0 
0.06384 196.48588 47.0 2836.0 1.0 60.0 0.0 -0.7929 4.374 0.0 0.72111 999.0 2.5 11.0 61.0 1.4071 0.0 1.074 0.0 0.64031 999.0 2.5 14.0 60.0 3.3071 0.0 0.0 -1.526 0.5 997.0 2.2981 12.0 61.0 5.1071 0.0 0.0 -3.326 0.36056 994.0 2.0003 12.0 67.0 6.7071 0.0 0.0 -3.926 0.31623 990.0 1.9935 11.0 
0.0883 208.26944 63.0 2837.0 1.0 48.0 0.0 -1.5929 1.974 0.0 0.2 999.0 1.6809 17.0 51.0 0.0 -0.0929 1.874 0.0 0.3 998.0 1.7711 16.0 50.0 1.4071 0.0 1.974 0.0 0.3 998.0 1.7023 16.0 47.0 2.8071 0.0 2.174 0.0 0.2 998.0 1.5041 16.0 46.0 4.0071 0.0 2.274 0.0 0.22361 998.0 1.4408 16.0 
0.1679 118.12228 50.0 2838.0 1.0 59.0 0.0 -1.5929 2.574 0.0 0.5 998.0 2.3703 12.0 63.0 0.6071 0.0 0.874 0.0 0.5 996.0 2.3846 11.0 63.0 2.8071 0.0 0.0 -0.326 0.31623 995.0 2.2521 10.0 62.0 4.8071 0.0 0.0 -0.826 0.2 994.0 2.0664 10.0 56.0 6.4071 0.0 0.0 -1.026 0.2 995.0 1.7795 10.0 
0.03622 227.86887 55.0 2841.0 1.0 62.0 0.2071 0.0 3.874 0.0 0.67082 998.0 2.5 18.0 57.0 1.8071 0.0 0.974 0.0 0.5831 997.0 2.074 13.0 52.0 3.2071 0.0 0.0 -1.226 0.36056 996.0 1.6246 12.0 55.0 4.3071 0.0 0.0 -2.926 0.28284 993.0 1.5448 11.0 63.0 5.5071 0.0 0.0 -4.226 0.28284 990.0 1.7625 12.0 
0.17503 93.62417 59.0 2843.0 1.0 43.0 0.0 -1.2929 2.074 0.0 0.36056 1001.0 1.5738 13.0 45.0 0.5071 0.0 0.674 0.0 0.42426 1000.0 1.591 14.0 47.0 2.1071 0.0 0.0 -0.926 0.42426 999.0 1.6116 15.0 50.0 3.5071 0.0 0.0 -2.526 0.28284 998.0 1.7023 13.0 52.0 4.8071 0.0 0.0 -3.626 0.28284 996.0 1.6246 13.0 
0.04618 273.31587 66.0 2845.0 1.0 76.0 1.1071 0.0 2.474 0.0 0.22361 984.0 2.0343 9.0 74.0 2.1071 0.0 1.274 0.0 0.28284 983.0 1.8643 7.0 72.0 3.2071 0.0 0.074 0.0 0.28284 985.0 1.891 7.0 71.0 4.2071 0.0 0.0 -1.026 0.28284 985.0 1.8388 7.0 68.0 5.2071 0.0 0.0 -2.026 0.22361 987.0 1.8165 7.0 
0.03106 185.68035 185.0 2846.0 1.0 54.0 0.0 -3.2929 0.0 -0.326 0.53852 1001.0 2.4819 18.0 52.0 0.0 -0.3929 0.0 -1.626 0.44721 1001.0 2.3015 17.0 49.0 1.9071 0.0 0.0 -2.526 0.31623 1000.0 1.8864 15.0 47.0 3.6071 0.0 0.0 -3.226 0.31623 999.0 1.6116 16.0 50.0 4.9071 0.0 0.0 -3.726 0.22361 997.0 1.5959 15.0 
0.05822 270.26543 49.0 2847.0 1.0 60.0 0.0 -2.8929 0.0 -1.926 0.53852 999.0 2.5 13.0 68.0 0.2071 0.0 0.0 -2.426 0.5 997.0 2.5 15.0 69.0 2.7071 0.0 0.0 -2.026 0.41231 993.0 2.4314 12.0 67.0 4.6071 0.0 0.0 -1.326 0.22361 991.0 2.0841 11.0 69.0 6.2071 0.0 0.0 -0.626 0.22361 990.0 2.1142 11.0 
0.07316 210.69561 77.0 2848.0 1.0 65.0 0.0 -0.0929 2.574 0.0 0.36056 993.0 2.1576 12.0 66.0 1.4071 0.0 1.274 0.0 0.36056 992.0 2.1186 12.0 66.0 2.8071 0.0 0.0 -0.026 0.28284 991.0 2.0223 11.0 66.0 4.0071 0.0 0.0 -1.226 0.22361 990.0 1.9344 11.0 65.0 5.0071 0.0 0.0 -2.226 0.14142 989.0 1.798 11.0 
0.0279 269.99085 54.0 2849.0 1.0 52.0 0.7071 0.0 3.574 0.0 0.44721 999.0 1.9727 15.0 50.0 2.0071 0.0 1.374 0.0 0.28284 999.0 1.8239 18.0 52.0 3.3071 0.0 0.074 0.0 0.22361 997.0 1.7261 15.0 56.0 4.6071 0.0 0.0 -0.626 0.3 994.0 1.6858 13.0 60.0 6.0071 0.0 0.0 -0.626 0.2 993.0 1.8385 12.0 
0.06271 269.99085 66.0 2850.0 1.0 54.0 1.5071 0.0 2.174 0.0 0.14142 993.0 1.4892 16.0 55.0 2.0071 0.0 1.374 0.0 0.14142 992.0 1.4713 16.0 56.0 2.6071 0.0 0.874 0.0 0.14142 991.0 1.4559 15.0 60.0 3.3071 0.0 0.674 0.0 0.1 989.0 1.5321 14.0 68.0 4.1071 0.0 0.674 0.0 0.22361 985.0 1.6867 12.0 
0.1335 186.90786 70.0 2851.0 1.0 109.0 0.5071 0.0 1.974 0.0 0.22361 952.0 1.9893 9.0 120.0 1.2071 0.0 1.174 0.0 0.14142 941.0 2.0427 8.0 123.0 1.9071 0.0 0.474 0.0 0.22361 939.0 2.0882 8.0 124.0 2.7071 0.0 0.0 -0.326 0.14142 939.0 2.1222 8.0 127.0 3.6071 0.0 0.0 -1.026 0.22361 937.0 2.1676 8.0 
0.08851 265.39138 69.0 2852.0 1.0 63.0 0.5071 0.0 2.774 0.0 0.28284 992.0 1.9304 12.0 61.0 1.7071 0.0 1.674 0.0 0.28284 993.0 1.9003 12.0 60.0 2.8071 0.0 0.474 0.0 0.22361 993.0 1.8385 12.0 58.0 3.9071 0.0 0.0 -0.526 0.14142 993.0 1.7179 12.0 58.0 4.8071 0.0 0.0 -1.326 0.14142 992.0 1.6361 12.0 
0.05628 168.61724 53.0 2854.0 1.0 63.0 0.0 -1.2929 3.574 0.0 0.70711 999.0 2.5 16.0 60.0 1.3071 0.0 0.774 0.0 0.64031 999.0 2.5 17.0 57.0 3.2071 0.0 0.0 -1.826 0.5 997.0 2.074 17.0 57.0 4.7071 0.0 0.0 -3.626 0.36056 995.0 1.8436 15.0 62.0 5.9071 0.0 0.0 -4.726 0.28284 992.0 1.8696 15.0 
0.07514 219.05074 77.0 2855.0 1.0 62.0 0.0 -0.2929 2.974 0.0 0.42426 996.0 2.3095 14.0 63.0 1.5071 0.0 1.274 0.0 0.36056 995.0 2.2521 13.0 60.0 3.1071 0.0 0.074 0.0 0.28284 994.0 1.9352 13.0 59.0 4.3071 0.0 0.0 -0.826 0.28284 993.0 1.7777 12.0 60.0 5.4071 0.0 0.0 -1.526 0.14142 991.0 1.6713 11.0 
0.21398 161.73528 40.0 2856.0 1.0 67.0 0.0 -2.2929 3.174 0.0 0.64031 998.0 2.5 16.0 78.0 0.7071 0.0 1.274 0.0 0.67082 994.0 2.5 13.0 85.0 4.0071 0.0 0.0 -0.726 0.64031 992.0 2.5 12.0 81.0 6.8071 0.0 0.0 -3.026 0.56569 992.0 2.5 12.0 72.0 8.9071 0.0 0.0 -5.126 0.36056 992.0 2.5 12.0 
0.03526 234.69733 57.0 2857.0 1.0 78.0 0.0 -0.1929 3.574 0.0 0.56569 991.0 2.5 15.0 75.0 1.6071 0.0 1.374 0.0 0.42426 990.0 2.4979 14.0 72.0 3.2071 0.0 0.0 -0.426 0.36056 989.0 2.2062 14.0 71.0 4.5071 0.0 0.0 -1.826 0.28284 988.0 2.0595 13.0 70.0 5.7071 0.0 0.0 -2.826 0.28284 987.0 1.9249 13.0 
0.12533 140.98863 78.0 2859.0 1.0 94.0 0.5071 0.0 1.574 0.0 0.14142 966.0 1.9202 9.0 106.0 1.0071 0.0 0.774 0.0 0.14142 954.0 1.9451 8.0 118.0 1.5071 0.0 0.0 -0.026 0.14142 942.0 2.003 7.0 125.0 2.1071 0.0 0.0 -0.826 0.14142 936.0 2.0726 6.0 121.0 2.9071 0.0 0.0 -1.526 0.14142 941.0 2.0769 7.0 
0.10764 312.12968 59.0 2860.0 1.0 127.0 0.2071 0.0 3.174 0.0 0.22361 941.0 2.288 7.0 124.0 1.5071 0.0 2.374 0.0 0.22361 942.0 2.2119 7.0 114.0 2.8071 0.0 1.574 0.0 0.22361 953.0 2.2123 7.0 107.0 4.0071 0.0 0.774 0.0 0.31623 960.0 2.2064 8.0 100.0 5.3071 0.0 0.074 0.0 0.22361 965.0 2.1279 9.0 
0.0283 164.5897 46.0 2861.0 1.0 61.0 0.0 -4.1929 2.574 0.0 0.70711 1000.0 2.5 17.0 64.0 0.0 -1.2929 0.0 -0.726 0.64031 999.0 2.5 15.0 66.0 1.5071 0.0 0.0 -3.826 0.64031 998.0 2.5 14.0 64.0 4.2071 0.0 0.0 -5.826 0.5831 996.0 2.4609 16.0 66.0 6.7071 0.0 0.0 -6.626 0.4 994.0 2.3416 15.0 
0.0122 113.03084 33.0 2863.0 1.0 55.0 0.0 -2.8929 3.474 0.0 0.76158 1000.0 2.3767 13.0 57.0 0.0 -0.9929 0.0 -0.226 0.67082 999.0 2.3703 12.0 58.0 0.9071 0.0 0.0 -3.526 0.67082 999.0 2.4542 13.0 60.0 2.8071 0.0 0.0 -6.526 0.5 997.0 2.2981 13.0 64.0 5.0071 0.0 0.0 -8.626 0.42426 995.0 2.3242 11.0 
0.04734 210.69561 54.0 2864.0 1.0 99.0 0.4071 0.0 3.174 0.0 0.36056 971.0 2.3834 9.0 96.0 1.4071 0.0 1.274 0.0 0.28284 972.0 2.2958 9.0 96.0 2.6071 0.0 0.0 -0.326 0.28284 972.0 2.2958 9.0 96.0 3.9071 0.0 0.0 -1.626 0.28284 971.0 2.2412 9.0 99.0 5.3071 0.0 0.0 -2.626 0.22361 968.0 2.2245 9.0 
0.07247 168.61724 74.0 2865.0 1.0 50.0 0.2071 0.0 2.974 0.0 0.44721 997.0 1.5959 15.0 48.0 1.3071 0.0 0.774 0.0 0.44721 996.0 1.3843 14.0 47.0 2.2071 0.0 0.0 -1.026 0.28284 995.0 1.2535 13.0 48.0 3.1071 0.0 0.0 -2.326 0.14142 993.0 1.1766 11.0 53.0 3.8071 0.0 0.0 -3.226 0.14142 990.0 1.2474 13.0 
0.0617 186.90786 114.0 2866.0 1.0 57.0 0.0071 0.0 2.274 0.0 0.28284 996.0 1.952 14.0 54.0 1.2071 0.0 1.174 0.0 0.28284 995.0 1.6546 14.0 52.0 2.0071 0.0 0.274 0.0 0.22361 995.0 1.5343 13.0 51.0 2.7071 0.0 0.0 -0.426 0.14142 994.0 1.3982 13.0 51.0 3.3071 0.0 0.0 -1.026 0.14142 994.0 1.3982 13.0 
0.07147 278.19635 61.0 2867.0 1.0 47.0 0.6071 0.0 2.674 0.0 0.14142 996.0 1.3272 15.0 48.0 1.4071 0.0 2.074 0.0 0.22361 995.0 1.3074 14.0 49.0 2.3071 0.0 1.474 0.0 0.14142 995.0 1.3624 14.0 50.0 3.2071 0.0 0.874 0.0 0.14142 994.0 1.3439 14.0 53.0 4.1071 0.0 0.374 0.0 0.1 993.0 1.4345 13.0 
0.07816 305.34255 36.0 2870.0 1.0 68.0 0.0 -1.4929 4.374 0.0 0.67082 1000.0 2.5 19.0 69.0 1.8071 0.0 2.074 0.0 0.72111 999.0 2.5 17.0 72.0 5.0071 0.0 0.0 -0.526 0.70711 998.0 2.5 16.0 74.0 8.0071 0.0 0.0 -3.426 0.64031 996.0 2.5 15.0 80.0 10.8071 0.0 0.0 -6.226 0.56569 993.0 2.5 11.0 
0.02235 282.87292 117.0 2871.0 1.0 50.0 1.3071 0.0 2.974 0.0 0.36056 999.0 1.8239 13.0 47.0 2.2071 0.0 1.274 0.0 0.28284 999.0 1.6116 13.0 44.0 3.1071 0.0 0.0 -0.026 0.22361 999.0 1.4124 13.0 41.0 3.7071 0.0 0.0 -0.926 0.14142 999.0 1.2264 13.0 39.0 4.1071 0.0 0.0 -1.626 0.14142 999.0 1.1096 12.0 
0.01678 286.94619 54.0 2873.0 1.0 50.0 0.0 -3.1929 0.0 -1.326 0.44721 1000.0 1.9642 11.0 52.0 0.0 -0.8929 0.0 -2.426 0.44721 998.0 1.8412 10.0 54.0 1.3071 0.0 0.0 -3.126 0.31623 997.0 1.8615 12.0 59.0 3.2071 0.0 0.0 -3.426 0.3 993.0 1.7777 10.0 68.0 4.9071 0.0 0.0 -3.426 0.3 989.0 1.9678 11.0 
0.21185 180.46314 53.0 2874.0 1.0 70.0 0.0 -2.0929 2.274 0.0 0.5099 994.0 2.5 13.0 70.0 0.4071 0.0 1.574 0.0 0.3 992.0 2.3832 12.0 65.0 2.3071 0.0 1.274 0.0 0.31623 992.0 2.0549 12.0 63.0 3.9071 0.0 1.074 0.0 0.3 992.0 1.9304 12.0 64.0 5.5071 0.0 1.174 0.0 0.22361 991.0 1.9016 12.0 
0.02495 220.91639 98.0 2875.0 1.0 82.0 0.8071 0.0 2.574 0.0 0.22361 980.0 2.0811 8.0 80.0 1.6071 0.0 1.174 0.0 0.14142 981.0 2.0427 8.0 77.0 2.6071 0.0 0.174 0.0 0.14142 982.0 1.9535 9.0 73.0 3.4071 0.0 0.0 -0.526 0.14142 983.0 1.8143 9.0 70.0 4.0071 0.0 0.0 -1.026 0.1 983.0 1.6682 9.0 
0.08874 188.05989 56.0 2877.0 1.0 59.0 0.0 -0.4929 3.974 0.0 0.72111 999.0 2.5 16.0 58.0 1.5071 0.0 0.774 0.0 0.5831 998.0 2.2906 14.0 56.0 3.2071 0.0 0.0 -1.826 0.42426 997.0 2.0019 17.0 56.0 4.6071 0.0 0.0 -3.426 0.22361 995.0 1.7795 14.0 61.0 5.8071 0.0 0.0 -4.126 0.2 991.0 1.7275 15.0 
0.10808 242.05755 59.0 2880.0 1.0 67.0 0.0 -0.1929 3.274 0.0 0.42426 994.0 2.4131 13.0 66.0 1.6071 0.0 1.474 0.0 0.42426 994.0 2.3416 13.0 63.0 3.3071 0.0 0.0 -0.326 0.36056 995.0 2.2521 13.0 57.0 4.7071 0.0 0.0 -1.926 0.28284 996.0 1.952 14.0 50.0 5.8071 0.0 0.0 -3.126 0.28284 997.0 1.5959 15.0 
0.08068 243.24116 66.0 2881.0 1.0 52.0 0.2071 0.0 2.974 0.0 0.42426 999.0 1.9727 17.0 50.0 1.7071 0.0 1.374 0.0 0.28284 999.0 1.8239 17.0 48.0 3.0071 0.0 0.0 -0.026 0.28284 999.0 1.6809 17.0 46.0 4.1071 0.0 0.0 -1.326 0.28284 1000.0 1.6625 18.0 40.0 5.2071 0.0 0.0 -2.426 0.22361 1000.0 1.2571 19.0 
0.02228 304.80217 51.0 2882.0 1.0 64.0 0.0 -0.0929 4.174 0.0 0.5 997.0 2.5 15.0 62.0 2.0071 0.0 1.874 0.0 0.42426 998.0 2.5 16.0 57.0 3.7071 0.0 0.0 -0.126 0.36056 998.0 2.2123 16.0 53.0 5.0071 0.0 0.0 -1.826 0.36056 998.0 1.9127 16.0 51.0 6.2071 0.0 0.0 -3.226 0.28284 998.0 1.7711 16.0 
0.03637 250.44036 55.0 2883.0 1.0 46.0 0.0 -2.9929 0.0 -0.626 0.42426 1000.0 1.6625 17.0 49.0 0.0 -0.9929 0.0 -2.026 0.36056 999.0 1.7517 15.0 54.0 1.1071 0.0 0.0 -2.926 0.44721 997.0 1.8615 13.0 58.0 3.3071 0.0 0.0 -3.626 0.31623 995.0 1.9088 13.0 63.0 5.2071 0.0 0.0 -3.926 0.31623 991.0 1.8426 12.0 
0.09603 202.88075 327.0 2884.0 1.0 94.0 1.3071 0.0 1.674 0.0 0.31623 971.0 2.1488 12.0 100.0 1.8071 0.0 0.274 0.0 0.14142 962.0 2.0027 11.0 115.0 2.3071 0.0 0.0 -0.526 0.22361 945.0 1.9864 9.0 119.0 2.7071 0.0 0.0 -1.126 0.14142 939.0 1.9545 8.0 122.0 3.2071 0.0 0.0 -1.426 0.14142 935.0 1.949 8.0 
0.17954 108.43208 79.0 2887.0 1.0 98.0 0.0 -0.1929 1.574 0.0 0.22361 966.0 2.0871 9.0 110.0 0.7071 0.0 0.674 0.0 0.22361 954.0 2.0947 8.0 116.0 1.7071 0.0 0.0 -0.126 0.22361 948.0 2.1144 7.0 113.0 2.7071 0.0 0.0 -0.826 0.22361 951.0 2.1035 7.0 112.0 3.6071 0.0 0.0 -1.326 0.1 944.0 1.8568 6.0 
0.03336 265.94929 42.0 2888.0 1.0 54.0 0.0 -1.4929 3.874 0.0 0.5 1000.0 2.291 20.0 57.0 1.0071 0.0 2.174 0.0 0.44721 999.0 2.3703 19.0 59.0 3.6071 0.0 0.674 0.0 0.5 999.0 2.5 18.0 59.0 6.0071 0.0 0.0 -1.126 0.5 999.0 2.5 18.0 58.0 8.2071 0.0 0.0 -3.126 0.5 999.0 2.4542 18.0 
0.07852 152.12534 71.0 2890.0 1.0 58.0 0.0071 0.0 1.974 0.0 0.14142 991.0 1.5618 11.0 63.0 0.7071 0.0 1.174 0.0 0.22361 989.0 1.6891 11.0 68.0 1.8071 0.0 0.574 0.0 0.22361 988.0 1.8891 10.0 71.0 3.0071 0.0 0.0 -0.126 0.22361 987.0 1.9803 10.0 72.0 4.1071 0.0 0.0 -0.926 0.22361 985.0 1.891 9.0 
0.16167 14.00819 61.0 2891.0 1.0 44.0 0.0 -1.3929 1.074 0.0 0.28284 1000.0 1.5211 11.0 42.0 0.0071 0.0 0.0 -0.126 0.22361 999.0 1.2869 11.0 45.0 1.3071 0.0 0.0 -1.026 0.22361 998.0 1.3789 13.0 50.0 2.5071 0.0 0.0 -1.726 0.22361 995.0 1.4186 11.0 60.0 3.8071 0.0 0.0 -2.126 0.22361 992.0 1.7509 12.0 
0.05408 274.02945 58.0 2892.0 1.0 71.0 0.0 -0.3929 4.074 0.0 0.56569 995.0 2.5 22.0 69.0 1.6071 0.0 1.874 0.0 0.56569 994.0 2.5 21.0 66.0 3.3071 0.0 0.074 0.0 0.36056 993.0 2.2245 20.0 65.0 4.5071 0.0 0.0 -1.526 0.28284 992.0 2.0549 19.0 65.0 5.5071 0.0 0.0 -2.926 0.28284 990.0 1.8762 18.0 
0.06291 181.46604 76.0 2893.0 1.0 57.0 0.0 -0.3929 2.074 0.0 0.14142 993.0 1.6592 12.0 60.0 0.7071 0.0 1.474 0.0 0.22361 992.0 1.7509 12.0 61.0 1.8071 0.0 0.774 0.0 0.22361 992.0 1.8098 12.0 60.0 2.9071 0.0 0.0 -0.026 0.14142 992.0 1.7509 12.0 58.0 3.8071 0.0 0.0 -0.926 0.14142 993.0 1.7179 12.0 
0.04911 210.50196 54.0 2894.0 1.0 48.0 0.0 -0.1929 2.874 0.0 0.42426 1000.0 1.8102 15.0 49.0 1.3071 0.0 1.374 0.0 0.36056 999.0 1.7517 15.0 52.0 2.6071 0.0 0.174 0.0 0.22361 997.0 1.7261 15.0 55.0 3.8071 0.0 0.0 -0.626 0.28284 995.0 1.7165 13.0 61.0 5.1071 0.0 0.0 -1.226 0.3 993.0 1.9003 12.0 
0.06667 126.3464 49.0 2895.0 1.0 56.0 0.0 -2.5929 0.174 0.0 0.42426 996.0 1.8841 12.0 63.0 0.0 -0.4929 0.0 -1.026 0.36056 992.0 1.9304 10.0 75.0 1.7071 0.0 0.0 -1.726 0.31623 987.0 2.2097 11.0 89.0 3.9071 0.0 0.0 -2.526 0.36056 977.0 2.2473 9.0 116.0 5.9071 0.0 0.0 -3.326 0.31623 956.0 2.4112 8.0 
0.09538 271.17521 84.0 2897.0 1.0 43.0 0.0 -1.4929 2.174 0.0 0.1 997.0 1.1803 15.0 48.0 0.0 -0.8929 2.274 0.0 0.14142 994.0 1.2385 13.0 51.0 0.0 -0.3929 2.674 0.0 0.1 993.0 1.3283 12.0 56.0 0.0 -0.0929 3.374 0.0 0.14142 991.0 1.4559 11.0 63.0 0.5071 0.0 3.874 0.0 0.1 987.0 1.5592 10.0 
0.03281 266.00859 47.0 2898.0 1.0 62.0 0.0 -0.2929 3.774 0.0 0.56569 999.0 2.5 17.0 58.0 1.8071 0.0 1.574 0.0 0.5 999.0 2.4542 17.0 54.0 3.8071 0.0 0.0 -0.026 0.42426 999.0 2.1274 17.0 49.0 5.5071 0.0 0.0 -1.326 0.36056 1000.0 1.8864 18.0 45.0 7.0071 0.0 0.0 -2.126 0.31623 1000.0 1.591 19.0 
0.07727 147.73872 46.0 2899.0 1.0 55.0 0.0 -1.1929 2.774 0.0 0.56569 999.0 2.2069 14.0 56.0 0.9071 0.0 0.974 0.0 0.44721 998.0 2.1353 17.0 61.0 2.9071 0.0 0.0 -0.126 0.36056 996.0 2.2356 14.0 66.0 4.9071 0.0 0.0 -0.726 0.4 994.0 2.3416 13.0 66.0 6.9071 0.0 0.0 -0.526 0.31623 993.0 2.2245 12.0 
0.04952 87.97802 124.0 2900.0 1.0 35.0 0.0 -1.1929 0.474 0.0 0.22361 1000.0 1.0 11.0 37.0 0.0 -0.5929 0.0 -0.526 0.28284 999.0 1.0 15.0 42.0 0.2071 0.0 0.0 -1.426 0.14142 998.0 1.2011 13.0 45.0 1.0071 0.0 0.0 -2.026 0.14142 996.0 1.2166 11.0 48.0 1.7071 0.0 0.0 -2.526 0.14142 993.0 1.1766 10.0 
0.11708 143.27028 90.0 2901.0 1.0 51.0 0.0 -1.1929 1.474 0.0 0.2 998.0 1.7711 16.0 49.0 0.2071 0.0 1.274 0.0 0.2 998.0 1.6349 16.0 46.0 1.4071 0.0 1.274 0.0 0.2 998.0 1.4408 16.0 43.0 2.4071 0.0 1.574 0.0 0.2 998.0 1.259 16.0 40.0 3.1071 0.0 1.974 0.0 0.14142 998.0 1.0895 16.0 
0.03761 142.90345 61.0 2902.0 1.0 54.0 0.0 -1.6929 0.0 -0.626 0.28284 994.0 1.5675 9.0 68.0 0.0 -0.3929 0.0 -1.226 0.22361 987.0 1.8165 8.0 88.0 0.9071 0.0 0.0 -1.726 0.31623 973.0 1.9774 6.0 92.0 2.4071 0.0 0.0 -2.026 0.31623 971.0 2.0583 5.0 76.0 3.9071 0.0 0.0 -2.226 0.31623 983.0 1.9665 7.0 
0.04951 242.9482 57.0 2904.0 1.0 57.0 0.2071 0.0 4.374 0.0 0.67082 1001.0 2.5 12.0 53.0 1.9071 0.0 1.074 0.0 0.5831 1000.0 2.207 11.0 51.0 3.3071 0.0 0.0 -1.626 0.44721 999.0 1.8976 10.0 52.0 4.5071 0.0 0.0 -3.826 0.36056 998.0 1.8412 13.0 54.0 5.7071 0.0 0.0 -5.326 0.28284 995.0 1.6546 11.0 
0.02643 274.47556 46.0 2906.0 1.0 68.0 0.0 -0.1929 4.774 0.0 0.72111 998.0 2.5 17.0 65.0 1.9071 0.0 1.574 0.0 0.5 997.0 2.5 16.0 64.0 3.7071 0.0 0.0 -0.826 0.42426 996.0 2.4609 14.0 63.0 5.4071 0.0 0.0 -2.526 0.36056 994.0 2.1336 13.0 63.0 7.1071 0.0 0.0 -3.526 0.31623 993.0 2.0269 12.0 
0.13678 171.52522 47.0 2907.0 1.0 56.0 0.0 -1.8929 2.374 0.0 0.44721 999.0 2.2879 13.0 58.0 0.7071 0.0 1.374 0.0 0.44721 999.0 2.4542 13.0 56.0 3.2071 0.0 0.174 0.0 0.41231 1000.0 2.4639 13.0 49.0 5.4071 0.0 0.0 -0.226 0.3 1000.0 1.8864 14.0 42.0 7.1071 0.0 0.074 0.0 0.28284 1001.0 1.5014 15.0 
0.17384 74.81815 80.0 2908.0 1.0 54.0 0.0 -1.6929 1.174 0.0 0.36056 996.0 1.752 12.0 58.0 0.0071 0.0 0.674 0.0 0.2 994.0 1.8084 13.0 65.0 1.4071 0.0 0.574 0.0 0.2 989.0 1.798 11.0 71.0 2.7071 0.0 0.574 0.0 0.3 986.0 1.9069 10.0 75.0 4.0071 0.0 0.474 0.0 0.2 983.0 1.9151 9.0 
0.03046 242.9482 66.0 2909.0 1.0 55.0 0.1071 0.0 3.874 0.0 0.5831 1000.0 2.3767 12.0 53.0 1.9071 0.0 1.074 0.0 0.5 999.0 2.0493 11.0 51.0 3.5071 0.0 0.0 -1.226 0.42426 998.0 1.7711 10.0 52.0 4.8071 0.0 0.0 -3.026 0.28284 997.0 1.7261 12.0 54.0 5.9071 0.0 0.0 -4.326 0.22361 993.0 1.4892 10.0 
0.07106 199.1832 61.0 2910.0 1.0 47.0 0.3071 0.0 3.074 0.0 0.44721 999.0 1.6116 14.0 51.0 1.5071 0.0 0.974 0.0 0.44721 998.0 1.7711 13.0 53.0 2.5071 0.0 0.0 -1.026 0.36056 996.0 1.6877 12.0 59.0 3.5071 0.0 0.0 -2.726 0.36056 993.0 1.7777 10.0 70.0 4.7071 0.0 0.0 -4.126 0.28284 985.0 1.7874 8.0 
0.06756 218.30081 44.0 2911.0 1.0 88.0 0.0 -1.4929 4.774 0.0 0.78102 993.0 2.5 12.0 84.0 1.4071 0.0 1.374 0.0 0.64031 992.0 2.5 12.0 77.0 3.7071 0.0 0.0 -1.326 0.56569 992.0 2.5 12.0 68.0 5.8071 0.0 0.0 -3.226 0.42426 994.0 2.4857 13.0 61.0 7.6071 0.0 0.0 -4.526 0.31623 995.0 2.1114 13.0 
0.09533 139.82063 67.0 2912.0 1.0 55.0 0.0 -0.9929 3.274 0.0 0.5 999.0 2.2069 15.0 57.0 0.9071 0.0 0.874 0.0 0.5 998.0 2.2123 13.0 55.0 2.3071 0.0 0.0 -1.226 0.36056 996.0 1.8174 11.0 58.0 3.5071 0.0 0.0 -2.626 0.22361 992.0 1.6361 9.0 68.0 4.6071 0.0 0.0 -3.326 0.14142 986.0 1.7492 10.0 
0.04244 274.47556 43.0 2913.0 1.0 123.0 0.0 -0.7929 4.774 0.0 0.78102 963.0 2.5 7.0 134.0 1.9071 0.0 1.574 0.0 0.70711 952.0 2.5 6.0 134.0 4.3071 0.0 0.0 -0.826 0.5 946.0 2.5 5.0 118.0 6.3071 0.0 0.0 -2.226 0.36056 955.0 2.452 6.0 102.0 7.9071 0.0 0.0 -2.926 0.22361 965.0 2.2138 7.0 
0.09554 92.73958 79.0 2914.0 1.0 83.0 0.0 -0.1929 1.674 0.0 0.22361 978.0 2.0104 8.0 82.0 0.6071 0.0 0.574 0.0 0.22361 978.0 1.9622 8.0 80.0 1.4071 0.0 0.0 -0.326 0.14142 978.0 1.8677 8.0 76.0 2.1071 0.0 0.0 -0.926 0.14142 980.0 1.7877 8.0 72.0 2.9071 0.0 0.0 -1.326 0.1 983.0 1.7649 9.0 
0.08984 256.8341 41.0 2915.0 1.0 71.0 0.0 -1.6929 4.174 0.0 0.5 995.0 2.5 13.0 78.0 1.2071 0.0 1.974 0.0 0.67082 995.0 2.5 13.0 75.0 4.1071 0.0 0.0 -0.026 0.5 994.0 2.5 13.0 66.0 6.4071 0.0 0.0 -1.426 0.44721 995.0 2.4717 13.0 58.0 8.3071 0.0 0.0 -2.426 0.31623 997.0 2.1474 14.0 
0.19419 85.01661 52.0 2916.0 1.0 75.0 0.0 -1.5929 2.074 0.0 0.44721 992.0 2.5 12.0 74.0 0.5071 0.0 0.574 0.0 0.44721 991.0 2.5 11.0 71.0 2.4071 0.0 0.0 -0.626 0.31623 991.0 2.3403 11.0 65.0 4.2071 0.0 0.0 -1.326 0.31623 993.0 2.1576 12.0 57.0 5.9071 0.0 0.0 -1.626 0.2 995.0 1.8436 13.0 
0.07152 143.94806 57.0 2917.0 1.0 64.0 0.0 -0.8929 3.774 0.0 0.72111 1000.0 2.5 15.0 57.0 1.2071 0.0 0.474 0.0 0.5 1000.0 2.5 15.0 53.0 2.9071 0.0 0.0 -1.926 0.42426 999.0 2.0493 14.0 53.0 4.4071 0.0 0.0 -3.626 0.42426 997.0 1.7931 12.0 57.0 5.8071 0.0 0.0 -4.926 0.14142 995.0 1.8436 13.0 
0.04366 218.65722 44.0 2918.0 1.0 46.0 0.0 -1.1929 2.574 0.0 0.31623 1000.0 1.6625 19.0 49.0 0.6071 0.0 1.874 0.0 0.41231 1000.0 1.8864 18.0 52.0 2.7071 0.0 1.474 0.0 0.41231 1000.0 2.1245 19.0 53.0 5.0071 0.0 0.774 0.0 0.44721 1000.0 2.207 19.0 54.0 7.4071 0.0 0.0 -0.126 0.53852 1001.0 2.4819 19.0 
0.06714 320.68218 41.0 2919.0 1.0 59.0 0.0 -2.3929 3.474 0.0 0.60828 1001.0 2.5 20.0 58.0 0.8071 0.0 2.774 0.0 0.5099 1001.0 2.5 20.0 53.0 3.7071 0.0 2.074 0.0 0.41231 1001.0 2.3909 21.0 46.0 6.1071 0.0 1.374 0.0 0.44721 1002.0 1.9647 23.0 40.0 8.1071 0.0 0.774 0.0 0.31623 1002.0 1.4856 25.0 
0.04368 262.51785 58.0 2920.0 1.0 88.0 0.6071 0.0 3.474 0.0 0.44721 983.0 2.5 9.0 89.0 2.1071 0.0 1.074 0.0 0.42426 980.0 2.4516 9.0 98.0 3.5071 0.0 0.0 -0.826 0.36056 971.0 2.3355 7.0 110.0 4.8071 0.0 0.0 -2.426 0.28284 957.0 2.2069 6.0 116.0 5.9071 0.0 0.0 -3.526 0.28284 948.0 2.1144 6.0 
0.03187 304.66834 55.0 2921.0 1.0 42.0 0.2071 0.0 3.274 0.0 0.36056 1001.0 1.5014 16.0 49.0 1.9071 0.0 1.974 0.0 0.44721 1000.0 1.8864 19.0 53.0 3.8071 0.0 0.674 0.0 0.28284 998.0 1.9127 17.0 51.0 5.3071 0.0 0.0 -0.226 0.22361 997.0 1.6604 15.0 47.0 6.4071 0.0 0.0 -0.726 0.14142 997.0 1.4101 15.0 
0.09396 109.93408 47.0 2922.0 1.0 45.0 0.0 -0.6929 2.574 0.0 0.5 1001.0 1.7236 23.0 46.0 0.8071 0.0 0.574 0.0 0.42426 1001.0 1.801 21.0 49.0 2.5071 0.0 0.0 -1.026 0.44721 1000.0 1.8864 20.0 49.0 4.5071 0.0 0.0 -2.126 0.31623 1000.0 1.8864 19.0 48.0 6.5071 0.0 0.0 -2.426 0.31623 1000.0 1.8102 19.0 
0.04232 285.43508 93.0 2923.0 1.0 66.0 0.9071 0.0 3.574 0.0 0.44721 995.0 2.4717 22.0 62.0 2.1071 0.0 1.474 0.0 0.36056 994.0 2.0664 21.0 60.0 3.1071 0.0 0.0 -0.026 0.28284 993.0 1.8385 20.0 61.0 3.9071 0.0 0.0 -1.026 0.28284 991.0 1.7275 18.0 62.0 4.7071 0.0 0.0 -1.726 0.14142 989.0 1.6359 17.0 
0.03425 289.11412 59.0 2924.0 1.0 60.0 0.8071 0.0 2.974 0.0 0.28284 993.0 1.8385 16.0 65.0 1.9071 0.0 1.774 0.0 0.22361 990.0 1.8762 14.0 71.0 3.1071 0.0 0.874 0.0 0.28284 986.0 1.9069 13.0 81.0 4.3071 0.0 0.0 -0.026 0.22361 980.0 2.0307 11.0 92.0 5.5071 0.0 0.0 -0.626 0.14142 970.0 2.0104 9.0 
0.11859 77.04923 59.0 2925.0 1.0 46.0 0.0 -0.5929 2.474 0.0 0.44721 999.0 1.5437 15.0 48.0 0.5071 0.0 0.474 0.0 0.28284 997.0 1.4708 13.0 50.0 1.7071 0.0 0.0 -0.826 0.28284 995.0 1.4186 12.0 56.0 2.8071 0.0 0.0 -1.826 0.22361 992.0 1.5252 13.0 67.0 4.0071 0.0 0.0 -2.426 0.2 986.0 1.6981 10.0 
0.0966 202.60424 61.0 2927.0 1.0 82.0 0.0 -0.3929 2.974 0.0 0.42426 985.0 2.4528 9.0 81.0 1.3071 0.0 1.274 0.0 0.36056 985.0 2.3933 9.0 78.0 3.0071 0.0 0.074 0.0 0.22361 985.0 2.2193 9.0 74.0 4.4071 0.0 0.0 -0.526 0.22361 986.0 2.0715 9.0 66.0 5.6071 0.0 0.0 -0.726 0.1 988.0 1.7796 10.0 
0.03838 272.45394 49.0 2928.0 1.0 65.0 0.5071 0.0 4.074 0.0 0.5831 997.0 2.5 13.0 63.0 2.2071 0.0 1.074 0.0 0.5831 996.0 2.3846 12.0 65.0 3.7071 0.0 0.0 -1.326 0.5 992.0 2.0549 10.0 73.0 5.2071 0.0 0.0 -3.026 0.28284 988.0 2.1772 10.0 84.0 6.6071 0.0 0.0 -3.926 0.22361 977.0 2.0019 8.0 
0.04364 196.48588 77.0 2929.0 1.0 65.0 0.0 -0.1929 3.174 0.0 0.5 996.0 2.5 14.0 66.0 1.4071 0.0 1.074 0.0 0.42426 993.0 2.2245 13.0 64.0 2.8071 0.0 0.0 -0.526 0.28284 992.0 1.9922 12.0 64.0 3.9071 0.0 0.0 -1.726 0.28284 990.0 1.8189 11.0 65.0 4.8071 0.0 0.0 -2.626 0.22361 988.0 1.7261 10.0 
0.06721 214.55603 51.0 2930.0 1.0 64.0 0.0 -1.0929 4.874 0.0 0.78102 1000.0 2.5 11.0 64.0 1.6071 0.0 1.074 0.0 0.72111 1000.0 2.5 11.0 60.0 3.7071 0.0 0.0 -2.026 0.5 998.0 2.4513 10.0 58.0 5.4071 0.0 0.0 -4.326 0.42426 997.0 2.1474 12.0 61.0 6.7071 0.0 0.0 -5.826 0.28284 993.0 1.9003 9.0 
0.06737 163.67688 89.0 2931.0 1.0 60.0 0.1071 0.0 2.774 0.0 0.36056 996.0 2.1629 14.0 57.0 1.1071 0.0 0.974 0.0 0.28284 995.0 1.8436 13.0 54.0 1.9071 0.0 0.0 -0.226 0.14142 994.0 1.5675 13.0 54.0 2.5071 0.0 0.0 -0.926 0.14142 993.0 1.4892 12.0 55.0 3.0071 0.0 0.0 -1.426 0.14142 991.0 1.4044 12.0 
0.03882 210.50196 56.0 2932.0 1.0 47.0 0.1071 0.0 2.874 0.0 0.28284 999.0 1.6116 16.0 52.0 1.3071 0.0 1.374 0.0 0.28284 997.0 1.7261 16.0 56.0 2.5071 0.0 0.0 -0.026 0.36056 996.0 1.8841 14.0 61.0 3.7071 0.0 0.0 -1.326 0.28284 994.0 2.0003 12.0 66.0 5.0071 0.0 0.0 -2.526 0.22361 991.0 2.0223 11.0 
0.03331 236.7213 60.0 2934.0 1.0 65.0 0.0 -0.6929 2.474 0.0 0.22361 991.0 1.9615 11.0 63.0 0.8071 0.0 1.974 0.0 0.31623 993.0 2.0269 12.0 60.0 2.3071 0.0 1.374 0.0 0.31623 994.0 1.9352 13.0 55.0 3.7071 0.0 0.874 0.0 0.3 995.0 1.7165 13.0 50.0 5.0071 0.0 0.774 0.0 0.2 997.0 1.5959 14.0 
0.10525 179.34545 55.0 2935.0 1.0 68.0 0.0 -0.7929 3.074 0.0 0.5 995.0 2.5 14.0 72.0 1.2071 0.0 1.074 0.0 0.42426 991.0 2.4067 12.0 79.0 3.0071 0.0 0.0 -0.626 0.36056 985.0 2.2766 10.0 84.0 4.4071 0.0 0.0 -2.126 0.28284 980.0 2.1839 8.0 85.0 5.5071 0.0 0.0 -3.226 0.28284 977.0 2.0498 8.0 
0.22428 45.28017 67.0 2936.0 1.0 52.0 0.0 -1.1929 3.174 0.0 0.5831 1000.0 2.1245 13.0 52.0 0.4071 0.0 0.0 -0.026 0.5 1000.0 2.1245 12.0 52.0 2.1071 0.0 0.0 -2.626 0.36056 999.0 1.9727 11.0 50.0 3.5071 0.0 0.0 -4.526 0.36056 998.0 1.7023 13.0 51.0 4.8071 0.0 0.0 -5.626 0.28284 995.0 1.4759 11.0 
0.07146 167.40355 47.0 2937.0 1.0 56.0 0.0 -0.8929 2.874 0.0 0.42426 997.0 2.0019 16.0 58.0 0.8071 0.0 1.274 0.0 0.36056 996.0 2.0211 15.0 60.0 2.6071 0.0 0.0 -0.226 0.36056 994.0 1.9352 11.0 70.0 4.4071 0.0 0.0 -1.726 0.36056 991.0 2.2749 12.0 80.0 6.4071 0.0 0.0 -3.026 0.36056 985.0 2.3346 10.0 
0.04492 168.68372 68.0 2938.0 1.0 55.0 0.0 -0.3929 3.674 0.0 0.67082 999.0 2.2069 12.0 53.0 1.4071 0.0 0.574 0.0 0.5 999.0 2.0493 16.0 50.0 2.8071 0.0 0.0 -1.926 0.42426 998.0 1.7023 15.0 51.0 4.1071 0.0 0.0 -3.926 0.36056 996.0 1.5627 13.0 53.0 5.2071 0.0 0.0 -5.626 0.36056 994.0 1.51 11.0 
0.0736 156.04509 67.0 2939.0 1.0 84.0 0.0 -0.5929 2.774 0.0 0.42426 984.0 2.4851 9.0 84.0 0.9071 0.0 1.074 0.0 0.42426 982.0 2.3248 9.0 89.0 2.3071 0.0 0.0 -0.326 0.22361 976.0 2.1866 8.0 95.0 3.5071 0.0 0.0 -1.226 0.22361 969.0 2.095 7.0 92.0 4.5071 0.0 0.0 -1.826 0.2 968.0 1.9211 7.0 
0.19635 85.01661 58.0 2941.0 1.0 73.0 0.0 -1.9929 2.174 0.0 0.5831 995.0 2.5 13.0 74.0 0.5071 0.0 0.574 0.0 0.5 992.0 2.5 12.0 74.0 2.4071 0.0 0.0 -1.126 0.42426 989.0 2.3304 11.0 70.0 4.0071 0.0 0.0 -2.426 0.28284 989.0 2.0853 11.0 73.0 5.3071 0.0 0.0 -3.226 0.22361 985.0 1.9439 10.0 
0.08648 304.80217 44.0 2942.0 1.0 67.0 0.0 -0.0929 3.474 0.0 0.36056 994.0 2.4131 13.0 68.0 2.0071 0.0 1.874 0.0 0.44721 995.0 2.5 13.0 61.0 4.1071 0.0 0.674 0.0 0.31623 996.0 2.2356 14.0 53.0 5.9071 0.0 0.274 0.0 0.3 998.0 1.9127 16.0 48.0 7.6071 0.0 0.574 0.0 0.3 1000.0 1.8102 18.0 
0.13618 74.81815 55.0 2944.0 1.0 39.0 0.0 -1.0929 1.074 0.0 0.14142 1001.0 1.2946 15.0 41.0 0.0071 0.0 0.674 0.0 0.2 1000.0 1.3207 14.0 44.0 1.2071 0.0 0.774 0.0 0.3 999.0 1.4124 13.0 46.0 2.7071 0.0 0.874 0.0 0.22361 1000.0 1.6625 13.0 46.0 4.3071 0.0 0.574 0.0 0.3 1000.0 1.6625 14.0 
0.10769 191.22972 53.0 2945.0 1.0 60.0 0.0 -1.4929 2.474 0.0 0.44721 997.0 2.2981 15.0 61.0 0.4071 0.0 1.674 0.0 0.4 995.0 2.1114 13.0 59.0 2.3071 0.0 1.474 0.0 0.31623 996.0 2.0914 14.0 55.0 4.1071 0.0 1.174 0.0 0.31623 997.0 1.931 15.0 50.0 5.8071 0.0 0.774 0.0 0.2 999.0 1.8239 16.0 
0.10459 172.16692 59.0 2946.0 1.0 66.0 0.0 -0.0929 2.874 0.0 0.36056 992.0 2.1186 16.0 67.0 1.2071 0.0 0.974 0.0 0.36056 990.0 1.9935 12.0 68.0 2.4071 0.0 0.0 -0.926 0.28284 988.0 1.8891 11.0 81.0 3.5071 0.0 0.0 -2.326 0.14142 977.0 1.8615 9.0 112.0 4.6071 0.0 0.0 -3.226 0.22361 953.0 2.1353 8.0 
0.07097 152.12534 61.0 2948.0 1.0 44.0 0.0 -0.9929 2.174 0.0 0.31623 1001.0 1.6478 12.0 43.0 0.7071 0.0 1.174 0.0 0.22361 1000.0 1.4527 11.0 47.0 2.2071 0.0 0.374 0.0 0.22361 999.0 1.6116 13.0 52.0 3.6071 0.0 0.0 -0.326 0.22361 997.0 1.7261 11.0 53.0 4.9071 0.0 0.0 -0.726 0.2 996.0 1.6877 10.0 
0.07054 186.90786 66.0 2949.0 1.0 75.0 0.0 -0.1929 2.574 0.0 0.36056 986.0 2.1279 10.0 79.0 1.2071 0.0 1.174 0.0 0.28284 983.0 2.1248 9.0 84.0 2.5071 0.0 0.074 0.0 0.28284 978.0 2.0591 8.0 97.0 3.6071 0.0 0.0 -0.926 0.22361 966.0 2.0447 7.0 116.0 4.7071 0.0 0.0 -1.626 0.22361 947.0 2.0824 5.0 
0.03555 298.71472 67.0 2950.0 1.0 67.0 1.1071 0.0 2.874 0.0 0.28284 990.0 1.9935 14.0 68.0 2.1071 0.0 1.674 0.0 0.28284 988.0 1.8891 13.0 70.0 3.1071 0.0 0.674 0.0 0.22361 986.0 1.8536 13.0 73.0 4.1071 0.0 0.074 0.0 0.2 982.0 1.7558 12.0 81.0 5.0071 0.0 0.0 -0.126 0.2 976.0 1.8111 10.0 
0.11338 109.18961 53.0 2951.0 1.0 44.0 0.0 -1.0929 2.574 0.0 0.42426 1000.0 1.5211 20.0 51.0 0.6071 0.0 0.774 0.0 0.42426 1000.0 2.0435 20.0 52.0 2.6071 0.0 0.0 -1.126 0.5 1000.0 2.1245 20.0 50.0 4.6071 0.0 0.0 -2.726 0.36056 1000.0 1.9642 20.0 46.0 6.2071 0.0 0.0 -4.026 0.31623 1000.0 1.6625 19.0 
0.04897 214.55603 52.0 2952.0 1.0 74.0 0.0 -0.1929 4.074 0.0 0.5831 994.0 2.5 13.0 70.0 1.6071 0.0 1.074 0.0 0.5831 994.0 2.5 13.0 69.0 3.3071 0.0 0.0 -1.426 0.36056 991.0 2.2103 9.0 77.0 4.8071 0.0 0.0 -3.226 0.36056 986.0 2.2429 10.0 86.0 6.2071 0.0 0.0 -4.326 0.22361 977.0 2.0984 8.0 
0.11011 202.60424 92.0 2953.0 1.0 51.0 1.0071 0.0 1.674 0.0 0.1 993.0 1.3283 12.0 51.0 1.3071 0.0 1.274 0.0 0.1 992.0 1.265 12.0 50.0 1.5071 0.0 1.174 0.0 0.0 991.0 1.1607 11.0 51.0 1.6071 0.0 1.174 0.0 0.1 991.0 1.2075 11.0 52.0 1.7071 0.0 1.474 0.0 0.0 991.0 1.2554 11.0 
0.1349 219.05074 293.0 2954.0 1.0 128.0 0.0 -0.5929 3.974 0.0 0.5831 952.0 2.5 7.0 134.0 1.5071 0.0 1.274 0.0 0.5 946.0 2.5 7.0 145.0 3.3071 0.0 0.0 -1.026 0.42426 920.0 2.3091 5.0 149.0 4.8071 0.0 0.0 -2.626 0.36056 913.0 2.2675 4.0 147.0 6.0071 0.0 0.0 -3.626 0.14142 911.0 2.1638 4.0 
0.046 257.5833 76.0 2956.0 1.0 125.0 0.3071 0.0 3.174 0.0 0.42426 950.0 2.5 9.0 124.0 1.6071 0.0 1.674 0.0 0.28284 944.0 2.276 9.0 124.0 2.8071 0.0 0.574 0.0 0.22361 942.0 2.2119 8.0 118.0 4.0071 0.0 0.0 -0.226 0.22361 949.0 2.2221 9.0 112.0 5.1071 0.0 0.0 -0.826 0.14142 952.0 2.1003 9.0 
0.07071 273.42719 56.0 2957.0 1.0 134.0 0.0 -0.2929 4.674 0.0 0.64031 945.0 2.5 6.0 147.0 1.8071 0.0 1.674 0.0 0.64031 933.0 2.5 5.0 149.0 3.7071 0.0 0.0 -0.826 0.44721 924.0 2.5 5.0 137.0 5.1071 0.0 0.0 -2.726 0.28284 932.0 2.3667 5.0 120.0 6.3071 0.0 0.0 -3.926 0.22361 945.0 2.1629 5.0 
0.09056 161.73528 72.0 2958.0 1.0 90.0 0.0 -0.5929 1.974 0.0 0.22361 971.0 1.9698 9.0 99.0 0.7071 0.0 1.274 0.0 0.36056 968.0 2.2245 9.0 102.0 2.2071 0.0 0.174 0.0 0.22361 966.0 2.2609 9.0 102.0 3.4071 0.0 0.0 -0.626 0.22361 962.0 2.0836 8.0 109.0 4.3071 0.0 0.0 -1.226 0.1 953.0 2.0225 7.0 
0.20773 139.82063 51.0 2959.0 1.0 66.0 0.0 -1.7929 3.674 0.0 0.56569 995.0 2.4717 12.0 74.0 0.9071 0.0 0.874 0.0 0.72111 993.0 2.5 11.0 74.0 3.0071 0.0 0.0 -2.126 0.5831 990.0 2.4318 11.0 84.0 4.8071 0.0 0.0 -4.426 0.5 981.0 2.2521 10.0 101.0 6.4071 0.0 0.0 -6.026 0.36056 964.0 2.1263 8.0 
0.04105 245.42515 47.0 2960.0 1.0 61.0 0.0 -0.0929 4.374 0.0 0.67082 1000.0 2.5 15.0 58.0 1.8071 0.0 1.274 0.0 0.5831 999.0 2.4542 14.0 57.0 3.4071 0.0 0.0 -1.126 0.5 998.0 2.2123 14.0 62.0 5.1071 0.0 0.0 -2.926 0.36056 995.0 2.1812 13.0 65.0 6.8071 0.0 0.0 -3.826 0.22361 992.0 2.0549 12.0 
0.06019 218.30081 57.0 2961.0 1.0 41.0 0.4071 0.0 2.274 0.0 0.14142 1000.0 1.3207 19.0 45.0 1.4071 0.0 1.374 0.0 0.22361 999.0 1.4773 17.0 47.0 2.5071 0.0 0.374 0.0 0.22361 998.0 1.5041 16.0 50.0 3.6071 0.0 0.0 -0.726 0.22361 997.0 1.5959 15.0 52.0 4.8071 0.0 0.0 -1.526 0.22361 997.0 1.7261 15.0 
0.09232 152.2047 35.0 2962.0 1.0 48.0 0.0 -1.6929 1.574 0.0 0.4 1001.0 1.961 21.0 49.0 0.5071 0.0 1.274 0.0 0.41231 1001.0 2.0436 21.0 48.0 2.8071 0.0 0.574 0.0 0.31623 1001.0 1.961 21.0 44.0 4.8071 0.0 0.0 -0.026 0.31623 1002.0 1.7976 22.0 40.0 6.6071 0.0 0.0 -0.526 0.31623 1002.0 1.4856 25.0 
0.08998 183.55744 52.0 2963.0 1.0 49.0 0.0 -1.0929 2.774 0.0 0.36056 999.0 1.7517 19.0 52.0 0.5071 0.0 1.574 0.0 0.31623 998.0 1.8412 21.0 57.0 2.1071 0.0 0.974 0.0 0.31623 995.0 1.8436 18.0 61.0 3.7071 0.0 0.474 0.0 0.31623 994.0 2.0003 16.0 65.0 5.4071 0.0 0.274 0.0 0.3 992.0 2.0549 15.0 
0.09561 77.04923 80.0 2964.0 1.0 65.0 0.0 -0.0929 1.074 0.0 0.14142 986.0 1.5983 7.0 67.0 0.5071 0.0 0.474 0.0 0.14142 985.0 1.6375 7.0 66.0 1.1071 0.0 0.0 -0.126 0.1 986.0 1.6478 7.0 65.0 1.8071 0.0 0.0 -0.426 0.2 987.0 1.6597 7.0 66.0 2.7071 0.0 0.0 -0.526 0.2 986.0 1.6478 7.0 
0.04013 267.54699 66.0 2965.0 1.0 60.0 0.1071 0.0 4.474 0.0 0.5831 998.0 2.4513 15.0 57.0 1.9071 0.0 1.474 0.0 0.5 997.0 2.074 14.0 55.0 3.3071 0.0 0.0 -0.926 0.36056 995.0 1.7165 12.0 57.0 4.5071 0.0 0.0 -2.726 0.28284 992.0 1.5802 10.0 63.0 5.4071 0.0 0.0 -4.126 0.22361 988.0 1.6215 11.0 
0.03287 263.87963 72.0 2966.0 1.0 56.0 0.7071 0.0 3.174 0.0 0.36056 996.0 1.8841 12.0 54.0 2.0071 0.0 1.274 0.0 0.36056 995.0 1.6546 12.0 53.0 3.2071 0.0 0.0 -0.426 0.22361 995.0 1.5939 11.0 55.0 4.1071 0.0 0.0 -1.826 0.22361 992.0 1.4713 10.0 65.0 4.9071 0.0 0.0 -3.026 0.14142 987.0 1.6597 11.0 
0.03749 199.1832 78.0 2967.0 1.0 64.0 0.2071 0.0 2.874 0.0 0.44721 995.0 2.3242 13.0 62.0 1.5071 0.0 0.974 0.0 0.28284 993.0 1.9631 13.0 61.0 2.7071 0.0 0.0 -0.326 0.14142 992.0 1.8098 12.0 63.0 3.7071 0.0 0.0 -1.126 0.28284 990.0 1.7625 11.0 64.0 4.6071 0.0 0.0 -1.726 0.14142 988.0 1.6734 10.0 
0.14062 187.25955 42.0 2969.0 1.0 63.0 0.0 -2.3929 2.874 0.0 0.53852 998.0 2.5 12.0 68.0 0.6071 0.0 1.574 0.0 0.53852 997.0 2.5 11.0 70.0 3.4071 0.0 0.274 0.0 0.44721 995.0 2.5 10.0 68.0 5.8071 0.0 0.0 -0.526 0.4 994.0 2.4857 9.0 66.0 8.0071 0.0 0.0 -0.826 0.3 994.0 2.3416 9.0 
0.05204 282.5478 53.0 2970.0 1.0 73.0 0.2071 0.0 3.374 0.0 0.28284 987.0 2.0934 10.0 76.0 1.6071 0.0 1.974 0.0 0.36056 986.0 2.185 10.0 71.0 3.1071 0.0 0.974 0.0 0.22361 988.0 2.0595 10.0 64.0 4.4071 0.0 0.574 0.0 0.22361 991.0 1.9016 11.0 58.0 5.7071 0.0 0.474 0.0 0.2 993.0 1.7179 12.0 
0.02328 288.58221 47.0 2971.0 1.0 74.0 0.0 -0.2929 4.774 0.0 0.72111 998.0 2.5 16.0 68.0 2.2071 0.0 1.374 0.0 0.72111 999.0 2.5 17.0 58.0 4.3071 0.0 0.0 -1.326 0.42426 999.0 2.4542 17.0 47.0 5.7071 0.0 0.0 -3.226 0.28284 1000.0 1.7355 19.0 38.0 6.6071 0.0 0.0 -4.526 0.22361 1001.0 1.2291 21.0 
0.04338 256.8341 55.0 2973.0 1.0 45.0 0.0 -0.5929 3.074 0.0 0.36056 1000.0 1.591 16.0 48.0 1.2071 0.0 1.974 0.0 0.36056 1000.0 1.8102 19.0 52.0 2.9071 0.0 0.874 0.0 0.28284 998.0 1.8412 16.0 54.0 4.4071 0.0 0.0 -0.326 0.28284 997.0 1.8615 15.0 53.0 5.7071 0.0 0.0 -1.426 0.28284 997.0 1.7931 15.0 
0.09832 147.73872 62.0 2974.0 1.0 58.0 0.0 -0.3929 2.574 0.0 0.42426 998.0 2.2906 15.0 51.0 0.9071 0.0 0.974 0.0 0.28284 998.0 1.7711 16.0 49.0 2.1071 0.0 0.0 -0.126 0.22361 998.0 1.6349 16.0 49.0 3.4071 0.0 0.0 -1.026 0.28284 998.0 1.6349 16.0 47.0 4.6071 0.0 0.0 -2.026 0.22361 999.0 1.6116 17.0 
0.09312 251.33612 40.0 2975.0 1.0 64.0 0.0 -1.3929 3.974 0.0 0.5 997.0 2.5 15.0 72.0 1.4071 0.0 1.774 0.0 0.56569 997.0 2.5 15.0 70.0 4.2071 0.0 0.0 -0.626 0.5 997.0 2.5 15.0 62.0 6.6071 0.0 0.0 -2.426 0.44721 998.0 2.5 16.0 53.0 8.6071 0.0 0.0 -3.626 0.36056 999.0 2.0493 17.0 
0.06937 262.79555 62.0 2976.0 1.0 59.0 0.0071 0.0 3.174 0.0 0.28284 994.0 1.8713 18.0 65.0 1.3071 0.0 1.974 0.0 0.22361 990.0 1.8762 18.0 73.0 2.5071 0.0 1.274 0.0 0.22361 984.0 1.8769 15.0 84.0 3.6071 0.0 0.774 0.0 0.22361 977.0 2.0019 13.0 94.0 4.7071 0.0 0.374 0.0 0.2 968.0 2.0055 11.0 
0.18411 139.82063 55.0 2978.0 1.0 71.0 0.0 -1.7929 3.074 0.0 0.64031 998.0 2.5 16.0 65.0 0.9071 0.0 0.874 0.0 0.5 997.0 2.5 15.0 63.0 3.1071 0.0 0.0 -0.826 0.44721 996.0 2.3846 14.0 57.0 4.8071 0.0 0.0 -2.126 0.28284 996.0 1.952 14.0 52.0 6.0071 0.0 0.0 -3.026 0.22361 996.0 1.6246 14.0 
0.05007 278.19635 46.0 2980.0 1.0 56.0 0.0 -0.0929 3.574 0.0 0.36056 997.0 2.0019 15.0 57.0 1.4071 0.0 2.074 0.0 0.36056 997.0 2.074 15.0 59.0 3.2071 0.0 0.974 0.0 0.36056 996.0 2.0914 14.0 59.0 5.1071 0.0 0.274 0.0 0.31623 996.0 2.0914 14.0 58.0 6.9071 0.0 0.0 -0.026 0.3 996.0 2.0211 14.0 
0.02647 220.91639 56.0 2981.0 1.0 83.0 0.0 -0.0929 3.574 0.0 0.5831 988.0 2.5 8.0 77.0 1.6071 0.0 1.174 0.0 0.5 989.0 2.5 8.0 71.0 3.1071 0.0 0.0 -0.726 0.28284 990.0 2.2386 8.0 65.0 4.3071 0.0 0.0 -2.026 0.28284 991.0 1.9615 8.0 58.0 5.5071 0.0 0.0 -3.026 0.22361 994.0 1.8084 9.0 
0.06762 312.12968 48.0 2982.0 1.0 84.0 0.0071 0.0 3.274 0.0 0.36056 980.0 2.1839 8.0 82.0 1.5071 0.0 2.374 0.0 0.22361 982.0 2.2154 9.0 79.0 3.1071 0.0 1.774 0.0 0.31623 985.0 2.2766 9.0 74.0 4.9071 0.0 1.274 0.0 0.3 988.0 2.2372 10.0 70.0 6.6071 0.0 0.774 0.0 0.3 990.0 2.176 11.0 
0.03058 201.07326 57.0 2983.0 1.0 44.0 0.0 -2.8929 0.974 0.0 0.36056 1001.0 1.6478 12.0 46.0 0.0 -1.4929 0.0 -1.026 0.5 1000.0 1.6625 14.0 47.0 0.1071 0.0 0.0 -2.726 0.28284 999.0 1.6116 14.0 52.0 1.7071 0.0 0.0 -3.826 0.36056 997.0 1.7261 12.0 59.0 3.5071 0.0 0.0 -4.626 0.31623 995.0 1.9752 12.0 
0.07048 282.5478 43.0 2986.0 1.0 59.0 0.0 -0.3929 3.974 0.0 0.56569 999.0 2.5 17.0 57.0 1.6071 0.0 1.974 0.0 0.5 999.0 2.3703 17.0 57.0 3.7071 0.0 0.274 0.0 0.42426 999.0 2.3703 17.0 57.0 5.8071 0.0 0.0 -1.626 0.42426 1000.0 2.5 18.0 54.0 7.9071 0.0 0.0 -3.526 0.5 1000.0 2.291 19.0 
0.04954 172.16692 105.0 2987.0 1.0 59.0 0.0 -0.4929 3.574 0.0 0.5 999.0 2.5 14.0 54.0 1.2071 0.0 0.974 0.0 0.5 999.0 2.1274 12.0 50.0 2.7071 0.0 0.0 -0.926 0.36056 998.0 1.7023 9.0 49.0 3.9071 0.0 0.0 -2.226 0.28284 996.0 1.4425 8.0 54.0 4.8071 0.0 0.0 -2.926 0.22361 993.0 1.4892 9.0 
0.1689 181.46604 41.0 2988.0 1.0 66.0 0.0 -1.5929 2.374 0.0 0.41231 995.0 2.4717 13.0 74.0 0.7071 0.0 1.474 0.0 0.41231 991.0 2.5 11.0 78.0 3.0071 0.0 0.674 0.0 0.44721 989.0 2.5 11.0 83.0 5.7071 0.0 0.0 -0.326 0.41231 989.0 2.5 10.0 82.0 8.4071 0.0 0.0 -1.126 0.53852 989.0 2.5 10.0 
0.13216 116.7183 68.0 2989.0 1.0 50.0 0.0 -0.4929 1.774 0.0 0.28284 997.0 1.5959 16.0 54.0 0.8071 0.0 0.674 0.0 0.22361 995.0 1.6546 14.0 57.0 1.9071 0.0 0.0 -0.226 0.28284 993.0 1.6592 13.0 61.0 2.9071 0.0 0.0 -1.126 0.22361 990.0 1.6524 11.0 65.0 3.9071 0.0 0.0 -1.826 0.14142 987.0 1.6597 10.0 
0.18296 181.46604 43.0 2990.0 1.0 68.0 0.0 -2.4929 2.774 0.0 0.63246 998.0 2.5 11.0 67.0 0.7071 0.0 1.474 0.0 0.5099 998.0 2.5 12.0 58.0 3.5071 0.0 0.974 0.0 0.41231 999.0 2.4542 13.0 50.0 5.8071 0.0 0.774 0.0 0.4 1000.0 1.9642 14.0 44.0 7.8071 0.0 0.774 0.0 0.3 1001.0 1.6478 15.0 
0.13866 250.12727 71.0 2991.0 1.0 62.0 0.0 -2.1929 1.874 0.0 0.2 994.0 2.0664 13.0 71.0 0.0 -0.5929 2.174 0.0 0.22361 987.0 1.9803 10.0 78.0 0.7071 0.0 3.074 0.0 0.28284 983.0 2.0713 9.0 79.0 1.9071 0.0 4.474 0.0 0.28284 984.0 2.1981 9.0 78.0 3.1071 0.0 5.974 0.0 0.36056 985.0 2.2193 9.0 
0.09627 131.83447 54.0 2992.0 1.0 51.0 0.0 -1.2929 1.974 0.0 0.28284 999.0 1.8976 17.0 55.0 0.5071 0.0 1.074 0.0 0.31623 998.0 2.0598 15.0 56.0 2.3071 0.0 0.474 0.0 0.31623 997.0 2.0019 15.0 54.0 3.9071 0.0 0.0 -0.026 0.31623 997.0 1.8615 14.0 53.0 5.4071 0.0 0.0 -0.726 0.22361 997.0 1.7931 15.0 
0.21329 57.41677 53.0 2993.0 1.0 49.0 0.0 -1.7929 1.674 0.0 0.42426 1001.0 2.0436 22.0 50.0 0.2071 0.0 0.474 0.0 0.36056 1000.0 1.9642 19.0 50.0 1.9071 0.0 0.0 -0.126 0.31623 999.0 1.8239 17.0 51.0 3.5071 0.0 0.0 -0.326 0.3 998.0 1.7711 16.0 52.0 5.2071 0.0 0.0 -0.126 0.3 998.0 1.8412 16.0 
0.09831 25.57494 59.0 2994.0 1.0 29.0 0.0 -0.1929 0.774 0.0 0.22361 1001.0 1.0 13.0 30.0 0.0 -0.1929 0.0 -0.126 0.1 1000.0 1.0 14.0 37.0 0.3071 0.0 0.0 -0.726 0.14142 999.0 1.0 14.0 46.0 1.3071 0.0 0.0 -1.126 0.22361 997.0 1.3508 12.0 56.0 2.6071 0.0 0.0 -1.526 0.31623 995.0 1.7795 14.0 
0.0451 231.10153 58.0 2995.0 1.0 50.0 0.0 -0.5929 2.874 0.0 0.36056 999.0 1.8239 17.0 49.0 0.9071 0.0 1.874 0.0 0.31623 999.0 1.7517 17.0 48.0 2.2071 0.0 1.074 0.0 0.22361 998.0 1.5688 16.0 48.0 3.4071 0.0 0.274 0.0 0.22361 998.0 1.5688 16.0 50.0 4.5071 0.0 0.0 -0.626 0.22361 997.0 1.5959 15.0 
0.10904 215.49518 88.0 2997.0 1.0 75.0 0.0 -0.4929 1.974 0.0 0.2 982.0 1.8533 11.0 78.0 0.5071 0.0 1.874 0.0 0.1 980.0 1.883 11.0 83.0 1.4071 0.0 1.874 0.0 0.1 976.0 1.9017 10.0 88.0 2.3071 0.0 1.874 0.0 0.1 971.0 1.8832 9.0 94.0 3.1071 0.0 1.974 0.0 0.14142 965.0 1.8802 9.0 
0.05142 219.11542 54.0 2998.0 1.0 49.0 0.0 -1.1929 2.674 0.0 0.28284 997.0 1.5327 16.0 57.0 0.0071 0.0 1.974 0.0 0.3 994.0 1.7465 13.0 63.0 1.5071 0.0 1.974 0.0 0.31623 992.0 1.9304 12.0 66.0 3.1071 0.0 2.374 0.0 0.31623 991.0 2.0223 11.0 69.0 4.6071 0.0 3.174 0.0 0.36056 990.0 2.1142 11.0 
0.16673 53.94034 58.0 2999.0 1.0 41.0 0.0 -1.4929 1.974 0.0 0.36056 1002.0 1.5608 19.0 43.0 0.1071 0.0 0.474 0.0 0.36056 1001.0 1.5738 17.0 45.0 1.8071 0.0 0.0 -0.826 0.22361 1000.0 1.591 15.0 46.0 3.2071 0.0 0.0 -1.726 0.31623 999.0 1.5437 16.0 52.0 4.6071 0.0 0.0 -2.326 0.31623 997.0 1.7261 15.0 
0.04565 306.80461 50.0 3000.0 1.0 75.0 0.0 -0.7929 3.374 0.0 0.31623 985.0 2.0519 7.0 80.0 1.0071 0.0 2.574 0.0 0.31623 982.0 2.1086 7.0 88.0 2.8071 0.0 2.074 0.0 0.31623 977.0 2.1971 6.0 95.0 4.6071 0.0 1.674 0.0 0.31623 971.0 2.1947 5.0 101.0 6.3071 0.0 1.374 0.0 0.22361 965.0 2.1706 5.0 
0.05806 243.24116 62.0 3001.0 1.0 40.0 1.2071 0.0 1.974 0.0 0.14142 1000.0 1.2571 18.0 37.0 1.7071 0.0 1.374 0.0 0.14142 1000.0 1.0756 18.0 36.0 2.3071 0.0 0.774 0.0 0.14142 1000.0 1.0182 19.0 37.0 2.9071 0.0 0.174 0.0 0.14142 1000.0 1.0756 19.0 39.0 3.8071 0.0 0.0 -0.626 0.14142 1001.0 1.2946 19.0 
0.05161 139.82063 81.0 3002.0 1.0 56.0 0.0 -0.9929 3.074 0.0 0.56569 999.0 2.2879 11.0 50.0 0.9071 0.0 0.874 0.0 0.42426 998.0 1.7023 10.0 47.0 2.3071 0.0 0.0 -0.726 0.31623 997.0 1.4101 9.0 48.0 3.2071 0.0 0.0 -1.926 0.28284 995.0 1.3074 10.0 55.0 4.0071 0.0 0.0 -2.826 0.22361 991.0 1.4044 9.0 
0.04218 204.62411 50.0 3003.0 1.0 44.0 0.0 -0.5929 2.874 0.0 0.42426 1002.0 1.7976 24.0 45.0 1.1071 0.0 1.474 0.0 0.36056 1001.0 1.7236 21.0 46.0 2.7071 0.0 0.274 0.0 0.36056 1000.0 1.6625 19.0 46.0 4.2071 0.0 0.0 -0.626 0.36056 1000.0 1.6625 18.0 47.0 5.8071 0.0 0.0 -1.426 0.31623 1000.0 1.7355 18.0 
0.15315 108.91054 76.0 3005.0 1.0 44.0 0.7071 0.0 1.174 0.0 0.1 997.0 1.2359 15.0 47.0 0.9071 0.0 0.374 0.0 0.14142 996.0 1.3272 14.0 49.0 1.3071 0.0 0.0 -0.326 0.14142 995.0 1.3624 13.0 52.0 1.9071 0.0 0.0 -0.726 0.1 993.0 1.3809 12.0 55.0 2.6071 0.0 0.0 -0.926 0.14142 992.0 1.4713 12.0 
0.03963 269.62735 86.0 3006.0 1.0 57.0 2.1071 0.0 0.0 -1.626 0.22361 993.0 1.6592 12.0 62.0 2.4071 0.0 0.0 -0.326 0.22361 990.0 1.707 11.0 63.0 2.7071 0.0 0.974 0.0 0.3 990.0 1.7625 11.0 58.0 2.9071 0.0 2.474 0.0 0.2 993.0 1.7179 12.0 50.0 3.0071 0.0 3.774 0.0 0.2 996.0 1.502 14.0 
0.07442 214.55603 47.0 3007.0 1.0 83.0 0.0 -0.5929 3.574 0.0 0.56569 991.0 2.5 11.0 81.0 1.6071 0.0 1.074 0.0 0.5 989.0 2.5 11.0 85.0 3.5071 0.0 0.0 -0.826 0.42426 980.0 2.2362 7.0 91.0 5.2071 0.0 0.0 -2.326 0.42426 976.0 2.2859 6.0 87.0 6.9071 0.0 0.0 -3.826 0.36056 979.0 2.2738 6.0 
0.03932 222.32905 49.0 3009.0 1.0 55.0 0.0 -1.0929 2.674 0.0 0.31623 996.0 1.8174 15.0 62.0 0.7071 0.0 1.874 0.0 0.31623 994.0 2.0664 13.0 67.0 2.6071 0.0 0.974 0.0 0.31623 993.0 2.2925 12.0 70.0 4.5071 0.0 0.074 0.0 0.31623 991.0 2.2749 11.0 73.0 6.3071 0.0 0.0 -0.626 0.2 988.0 2.1772 10.0 
0.02744 262.51785 78.0 3010.0 1.0 76.0 1.2071 0.0 2.574 0.0 0.28284 986.0 2.185 10.0 72.0 2.1071 0.0 1.074 0.0 0.22361 986.0 1.961 10.0 71.0 2.9071 0.0 0.0 -0.126 0.22361 985.0 1.8388 9.0 74.0 3.7071 0.0 0.0 -1.126 0.14142 983.0 1.8643 9.0 73.0 4.5071 0.0 0.0 -1.826 0.14142 983.0 1.8143 9.0 
0.07272 250.54661 130.0 3011.0 1.0 55.0 0.0 -0.7929 3.074 0.0 0.36056 997.0 1.931 20.0 53.0 0.6071 0.0 2.174 0.0 0.31623 996.0 1.6877 19.0 51.0 1.9071 0.0 1.674 0.0 0.2 996.0 1.5627 18.0 50.0 2.9071 0.0 1.374 0.0 0.22361 996.0 1.502 18.0 48.0 3.7071 0.0 0.974 0.0 0.1 996.0 1.3843 18.0 
0.08465 282.5478 42.0 3012.0 1.0 69.0 0.0 -1.1929 3.974 0.0 0.5831 997.0 2.5 16.0 70.0 1.6071 0.0 1.974 0.0 0.5 996.0 2.5 14.0 69.0 4.1071 0.0 0.074 0.0 0.44721 995.0 2.5 13.0 67.0 6.3071 0.0 0.0 -1.426 0.44721 994.0 2.4131 13.0 64.0 8.2071 0.0 0.0 -2.726 0.42426 994.0 2.2019 13.0 
0.22268 85.49496 46.0 3013.0 1.0 59.0 0.0 -0.7929 1.974 0.0 0.36056 992.0 1.693 10.0 61.0 0.6071 0.0 0.474 0.0 0.36056 989.0 1.5836 9.0 72.0 2.2071 0.0 0.0 -0.726 0.36056 985.0 1.891 12.0 89.0 4.1071 0.0 0.0 -1.826 0.31623 979.0 2.3795 12.0 105.0 6.4071 0.0 0.0 -2.526 0.5099 971.0 2.5 12.0 
0.10388 204.62411 53.0 3014.0 1.0 82.0 0.0 -0.9929 3.274 0.0 0.42426 987.0 2.5 13.0 87.0 1.1071 0.0 1.474 0.0 0.5 983.0 2.5 12.0 90.0 3.1071 0.0 0.0 -0.226 0.42426 980.0 2.5 11.0 89.0 4.8071 0.0 0.0 -2.026 0.42426 977.0 2.2473 8.0 80.0 6.2071 0.0 0.0 -3.726 0.36056 981.0 2.0427 9.0 
0.03707 252.67868 35.0 3015.0 1.0 51.0 1.0071 0.0 3.174 0.0 0.44721 1001.0 2.2138 21.0 42.0 2.0071 0.0 1.074 0.0 0.36056 1001.0 1.5014 21.0 36.0 2.9071 0.0 0.0 -0.226 0.22361 1002.0 1.2034 22.0 32.0 3.7071 0.0 0.0 -1.226 0.14142 1002.0 1.0 24.0 27.0 4.3071 0.0 0.0 -1.826 0.14142 1003.0 1.0 27.0 
0.07349 199.84274 49.0 3016.0 1.0 48.0 0.0 -1.5929 2.074 0.0 0.31623 1001.0 1.961 20.0 47.0 0.3071 0.0 1.774 0.0 0.3 1000.0 1.7355 19.0 47.0 2.2071 0.0 1.774 0.0 0.3 1001.0 1.8802 20.0 46.0 4.2071 0.0 1.774 0.0 0.31623 1001.0 1.801 21.0 43.0 6.1071 0.0 1.874 0.0 0.31623 1001.0 1.5738 22.0 
0.22204 67.73423 53.0 3017.0 1.0 49.0 0.0 -1.8929 1.374 0.0 0.36056 1001.0 2.0436 22.0 48.0 0.2071 0.0 0.574 0.0 0.31623 1000.0 1.8102 19.0 47.0 1.9071 0.0 0.374 0.0 0.31623 1000.0 1.7355 18.0 47.0 3.6071 0.0 0.674 0.0 0.22361 999.0 1.6116 18.0 46.0 5.1071 0.0 1.274 0.0 0.22361 1000.0 1.6625 18.0 
0.15049 137.41811 114.0 3018.0 1.0 50.0 0.0 -2.5929 0.474 0.0 0.41231 1001.0 2.1279 22.0 48.0 0.0 -0.3929 1.174 0.0 0.31623 1000.0 1.8102 19.0 46.0 1.3071 0.0 1.974 0.0 0.22361 1000.0 1.6625 19.0 42.0 2.6071 0.0 2.674 0.0 0.22361 1000.0 1.3859 19.0 38.0 3.6071 0.0 3.374 0.0 0.14142 1001.0 1.2291 20.0 
0.05176 248.58317 88.0 3019.0 1.0 41.0 0.8071 0.0 2.574 0.0 0.36056 1000.0 1.3207 16.0 43.0 1.9071 0.0 1.174 0.0 0.28284 1000.0 1.4527 19.0 47.0 3.1071 0.0 0.0 -0.126 0.22361 999.0 1.6116 17.0 50.0 4.1071 0.0 0.0 -1.226 0.22361 997.0 1.5959 15.0 53.0 5.1071 0.0 0.0 -2.026 0.14142 994.0 1.51 13.0 
0.09807 103.89543 64.0 3020.0 1.0 66.0 0.0 -1.1929 2.974 0.0 0.56569 997.0 2.5 12.0 60.0 0.8071 0.0 0.474 0.0 0.42426 996.0 2.1629 12.0 57.0 2.3071 0.0 0.0 -1.326 0.28284 995.0 1.8436 11.0 61.0 3.5071 0.0 0.0 -2.426 0.28284 990.0 1.6524 9.0 74.0 4.5071 0.0 0.0 -3.126 0.2 982.0 1.8042 9.0 
0.0651 205.41978 55.0 3022.0 1.0 35.0 0.6071 0.0 2.474 0.0 0.36056 1001.0 1.0427 13.0 38.0 1.5071 0.0 1.074 0.0 0.36056 1001.0 1.2291 17.0 44.0 2.5071 0.0 0.0 -0.526 0.36056 1000.0 1.5211 15.0 49.0 3.6071 0.0 0.0 -2.226 0.36056 998.0 1.6349 13.0 53.0 5.0071 0.0 0.0 -3.426 0.28284 997.0 1.7931 15.0 
0.09707 140.27196 85.0 3023.0 1.0 44.0 1.4071 0.0 0.174 0.0 0.1 996.0 1.1632 10.0 42.0 1.2071 0.0 0.374 0.0 0.1 996.0 1.0598 10.0 42.0 1.2071 0.0 0.574 0.0 0.0 995.0 1.0009 10.0 42.0 1.3071 0.0 0.574 0.0 0.0 996.0 1.0598 10.0 43.0 1.5071 0.0 0.674 0.0 0.1 996.0 1.1109 10.0 
0.13706 102.71108 58.0 3024.0 1.0 44.0 0.0 -0.7929 2.774 0.0 0.36056 1001.0 1.6478 15.0 44.0 0.5071 0.0 0.774 0.0 0.42426 1000.0 1.5211 16.0 46.0 1.9071 0.0 0.0 -0.926 0.36056 999.0 1.5437 14.0 49.0 3.3071 0.0 0.0 -2.126 0.28284 997.0 1.5327 13.0 54.0 4.6071 0.0 0.0 -3.126 0.22361 996.0 1.752 14.0 
0.14959 216.33574 46.0 3025.0 1.0 90.0 0.0 -2.3929 3.774 0.0 0.72111 990.0 2.5 15.0 96.0 0.8071 0.0 1.774 0.0 0.5831 983.0 2.5 12.0 103.0 3.3071 0.0 0.0 -0.026 0.5 973.0 2.5 10.0 118.0 5.4071 0.0 0.0 -1.726 0.42426 958.0 2.5 8.0 127.0 7.2071 0.0 0.0 -3.026 0.36056 944.0 2.3875 7.0 
0.07322 226.19519 108.0 3026.0 1.0 75.0 0.6071 0.0 2.674 0.0 0.31623 985.0 2.0519 15.0 73.0 1.4071 0.0 1.474 0.0 0.28284 984.0 1.8769 15.0 74.0 2.2071 0.0 0.674 0.0 0.14142 982.0 1.8042 14.0 76.0 2.9071 0.0 0.174 0.0 0.14142 980.0 1.7877 14.0 78.0 3.6071 0.0 0.0 -0.026 0.1 977.0 1.7261 13.0 
0.10552 218.30081 53.0 3027.0 1.0 91.0 0.0 -0.7929 3.474 0.0 0.56569 986.0 2.5 13.0 88.0 1.4071 0.0 1.374 0.0 0.42426 983.0 2.5 12.0 90.0 3.2071 0.0 0.0 -0.126 0.36056 978.0 2.3637 11.0 96.0 4.7071 0.0 0.0 -1.126 0.31623 970.0 2.1891 9.0 106.0 6.0071 0.0 0.0 -1.626 0.3 959.0 2.1252 8.0 
0.17521 189.09548 49.0 3028.0 1.0 98.0 0.0 -1.6929 3.174 0.0 0.5831 980.0 2.5 14.0 111.0 1.0071 0.0 1.374 0.0 0.44721 969.0 2.5 11.0 115.0 3.3071 0.0 0.0 -0.126 0.42426 961.0 2.5 10.0 123.0 5.1071 0.0 0.0 -1.526 0.36056 944.0 2.2395 7.0 124.0 6.6071 0.0 0.0 -2.526 0.31623 942.0 2.2119 7.0 
0.08958 121.95089 56.0 3029.0 1.0 47.0 0.0 -2.1929 0.0 -0.226 0.36056 999.0 1.6116 11.0 48.0 0.0 -0.3929 0.0 -1.026 0.31623 998.0 1.5688 13.0 51.0 1.2071 0.0 0.0 -1.426 0.22361 996.0 1.5627 11.0 58.0 2.6071 0.0 0.0 -1.626 0.2 991.0 1.5618 9.0 70.0 4.0071 0.0 0.0 -1.426 0.2 987.0 1.9249 10.0 
0.06374 214.55603 86.0 3030.0 1.0 43.0 1.1071 0.0 1.974 0.0 0.14142 998.0 1.259 17.0 43.0 1.6071 0.0 1.074 0.0 0.14142 998.0 1.259 16.0 44.0 2.1071 0.0 0.274 0.0 0.14142 997.0 1.2359 15.0 45.0 2.6071 0.0 0.0 -0.326 0.14142 996.0 1.2166 15.0 48.0 3.2071 0.0 0.0 -0.826 0.14142 995.0 1.3074 14.0 
0.05618 258.36991 72.0 3031.0 1.0 58.0 0.0 -0.3929 0.0 -2.726 0.31623 995.0 1.9088 11.0 65.0 1.3071 0.0 0.0 -1.926 0.36056 992.0 2.0549 12.0 71.0 2.7071 0.0 0.0 -1.026 0.22361 987.0 1.9803 10.0 74.0 3.8071 0.0 0.0 -0.326 0.22361 983.0 1.8643 9.0 76.0 4.8071 0.0 0.074 0.0 0.14142 981.0 1.8436 9.0 
0.1104 187.25955 53.0 3032.0 1.0 61.0 0.0 -1.5929 2.774 0.0 0.44721 998.0 2.5 16.0 64.0 0.6071 0.0 1.574 0.0 0.41231 995.0 2.3242 14.0 64.0 2.6071 0.0 0.774 0.0 0.3 994.0 2.2019 13.0 64.0 4.3071 0.0 0.574 0.0 0.3 993.0 2.0918 12.0 63.0 5.9071 0.0 0.774 0.0 0.22361 992.0 1.9304 12.0 
0.0344 192.1136 54.0 3034.0 1.0 47.0 0.0 -0.8929 3.474 0.0 0.5 1001.0 1.8802 17.0 50.0 0.9071 0.0 1.474 0.0 0.36056 1001.0 2.1279 15.0 49.0 2.6071 0.0 0.0 -0.126 0.36056 1000.0 1.8864 14.0 46.0 4.2071 0.0 0.0 -1.226 0.28284 1000.0 1.6625 13.0 45.0 5.5071 0.0 0.0 -1.826 0.31623 999.0 1.4773 13.0 
0.0671 171.21175 95.0 3036.0 1.0 56.0 0.0 -0.8929 2.974 0.0 0.5 1000.0 2.4639 18.0 58.0 1.1071 0.0 1.074 0.0 0.42426 998.0 2.2906 16.0 55.0 2.8071 0.0 0.0 -0.526 0.36056 997.0 1.931 15.0 54.0 4.1071 0.0 0.0 -1.826 0.28284 997.0 1.8615 15.0 50.0 5.0071 0.0 0.0 -2.826 0.14142 996.0 1.502 14.0 
0.10626 203.41205 49.0 3037.0 1.0 110.0 0.0 -0.5929 3.174 0.0 0.56569 968.0 2.5 9.0 111.0 1.4071 0.0 1.174 0.0 0.36056 965.0 2.5 9.0 114.0 3.3071 0.0 0.0 -0.326 0.5 960.0 2.5 8.0 118.0 5.1071 0.0 0.0 -1.626 0.36056 954.0 2.4104 8.0 114.0 6.6071 0.0 0.0 -2.326 0.31623 948.0 2.0421 7.0 
0.15406 187.25955 43.0 3038.0 1.0 101.0 0.0 -2.9929 4.074 0.0 0.80623 986.0 2.5 13.0 111.0 0.6071 0.0 1.574 0.0 0.5831 975.0 2.5 10.0 116.0 3.4071 0.0 0.0 -0.026 0.44721 963.0 2.5 8.0 128.0 5.7071 0.0 0.0 -1.126 0.44721 949.0 2.5 7.0 117.0 7.8071 0.0 0.0 -2.126 0.41231 957.0 2.4967 8.0 
0.16922 130.72136 60.0 3039.0 1.0 74.0 0.0 -2.0929 1.574 0.0 0.31623 988.0 2.2372 11.0 86.0 0.0 -0.0929 1.174 0.0 0.3 980.0 2.2891 9.0 95.0 1.7071 0.0 1.074 0.0 0.22361 972.0 2.2483 7.0 102.0 3.3071 0.0 1.574 0.0 0.22361 965.0 2.2138 7.0 98.0 4.7071 0.0 2.174 0.0 0.28284 968.0 2.1798 7.0 
0.07888 167.40355 95.0 3042.0 1.0 32.0 0.1071 0.0 1.874 0.0 0.14142 1000.0 1.0 16.0 37.0 0.8071 0.0 1.274 0.0 0.22361 1000.0 1.0756 19.0 42.0 1.7071 0.0 0.874 0.0 0.22361 999.0 1.2869 17.0 46.0 2.7071 0.0 0.574 0.0 0.1 997.0 1.3508 15.0 48.0 3.6071 0.0 0.374 0.0 0.1 996.0 1.3843 14.0 
0.05704 273.42719 46.0 3044.0 1.0 89.0 0.0 -0.5929 4.074 0.0 0.56569 986.0 2.5 7.0 92.0 1.8071 0.0 1.674 0.0 0.42426 982.0 2.5 7.0 91.0 3.9071 0.0 0.0 -0.326 0.42426 981.0 2.5 6.0 88.0 5.6071 0.0 0.0 -1.926 0.36056 980.0 2.3968 6.0 76.0 7.2071 0.0 0.0 -2.926 0.31623 986.0 2.185 7.0 
0.10024 191.22972 69.0 3045.0 1.0 43.0 0.0 -0.6929 2.074 0.0 0.22361 998.0 1.259 17.0 49.0 0.4071 0.0 1.674 0.0 0.2 996.0 1.4425 15.0 55.0 1.5071 0.0 1.674 0.0 0.2 993.0 1.5448 13.0 61.0 2.7071 0.0 1.974 0.0 0.22361 990.0 1.6524 11.0 67.0 3.8071 0.0 2.474 0.0 0.14142 986.0 1.6981 10.0 
0.06226 197.65626 106.0 3046.0 1.0 70.0 0.0 -0.6929 2.174 0.0 0.22361 989.0 2.0853 11.0 73.0 0.6071 0.0 1.674 0.0 0.2 984.0 1.8769 9.0 81.0 1.6071 0.0 1.574 0.0 0.2 977.0 1.8615 8.0 87.0 2.5071 0.0 1.574 0.0 0.14142 972.0 1.8856 7.0 79.0 3.1071 0.0 1.774 0.0 0.14142 977.0 1.7707 8.0 
0.03741 220.67588 64.0 3047.0 1.0 44.0 0.0 -2.5929 0.0 -1.326 0.36056 1000.0 1.5211 12.0 48.0 0.0 -0.4929 0.0 -1.926 0.31623 998.0 1.5688 11.0 51.0 1.5071 0.0 0.0 -2.526 0.31623 998.0 1.7711 13.0 53.0 3.2071 0.0 0.0 -3.026 0.22361 995.0 1.5939 11.0 58.0 4.5071 0.0 0.0 -3.526 0.22361 992.0 1.6361 11.0 
0.13907 133.60022 44.0 3048.0 1.0 50.0 0.0 -1.7929 2.274 0.0 0.53852 1002.0 2.3213 23.0 53.0 0.7071 0.0 0.974 0.0 0.44721 1000.0 2.207 20.0 55.0 3.0071 0.0 0.0 -0.126 0.41231 1000.0 2.3767 18.0 55.0 5.2071 0.0 0.0 -0.826 0.41231 999.0 2.2069 17.0 55.0 7.3071 0.0 0.0 -1.326 0.41231 998.0 2.0598 16.0 
0.15105 85.49496 280.0 3049.0 1.0 56.0 0.0 -1.1929 2.474 0.0 0.5 998.0 2.1353 14.0 53.0 0.6071 0.0 0.474 0.0 0.42426 997.0 1.7931 13.0 52.0 2.0071 0.0 0.0 -1.026 0.28284 995.0 1.5343 12.0 57.0 3.2071 0.0 0.0 -2.226 0.28284 991.0 1.5084 10.0 67.0 4.2071 0.0 0.0 -3.126 0.28284 985.0 1.6375 10.0 
0.11049 212.86566 81.0 3050.0 1.0 51.0 0.0 -0.8929 2.274 0.0 0.22361 997.0 1.6604 20.0 51.0 0.4071 0.0 1.874 0.0 0.2 997.0 1.6604 19.0 51.0 1.6071 0.0 1.874 0.0 0.2 996.0 1.5627 18.0 50.0 2.7071 0.0 1.974 0.0 0.2 996.0 1.502 18.0 50.0 3.8071 0.0 2.174 0.0 0.2 996.0 1.502 18.0 
0.03601 300.90555 56.0 3051.0 1.0 99.0 0.2071 0.0 4.174 0.0 0.64031 980.0 2.5 11.0 93.0 2.2071 0.0 1.574 0.0 0.42426 980.0 2.5 11.0 83.0 3.7071 0.0 0.0 -0.426 0.36056 981.0 2.1988 10.0 84.0 4.9071 0.0 0.0 -1.926 0.28284 976.0 1.9478 8.0 90.0 5.9071 0.0 0.0 -3.026 0.22361 968.0 1.8385 7.0 
0.03736 236.43955 172.0 3053.0 1.0 82.0 0.3071 0.0 3.074 0.0 0.42426 985.0 2.4528 9.0 76.0 1.7071 0.0 1.274 0.0 0.36056 986.0 2.185 10.0 74.0 3.0071 0.0 0.074 0.0 0.28284 986.0 2.0715 10.0 75.0 4.2071 0.0 0.0 -1.026 0.22361 984.0 1.9811 9.0 73.0 5.2071 0.0 0.0 -1.926 0.28284 984.0 1.8769 9.0 
0.19338 86.53063 53.0 3054.0 1.0 43.0 0.0 -1.9929 0.974 0.0 0.31623 1001.0 1.5738 22.0 48.0 0.0 -0.0929 0.774 0.0 0.41231 1000.0 1.8102 19.0 50.0 1.8071 0.0 1.374 0.0 0.22361 999.0 1.8239 17.0 50.0 3.5071 0.0 2.074 0.0 0.22361 999.0 1.8239 17.0 47.0 5.0071 0.0 2.774 0.0 0.22361 999.0 1.6116 17.0 
0.07595 218.67807 86.0 3055.0 1.0 58.0 0.2071 0.0 2.374 0.0 0.28284 995.0 1.9088 13.0 53.0 1.3071 0.0 1.474 0.0 0.22361 996.0 1.6877 14.0 48.0 2.3071 0.0 0.974 0.0 0.1 997.0 1.4708 15.0 44.0 3.1071 0.0 0.774 0.0 0.1 998.0 1.3183 15.0 41.0 3.8071 0.0 0.774 0.0 0.14142 999.0 1.2264 16.0 
0.19422 75.75263 60.0 3056.0 1.0 60.0 0.0 -1.4929 1.674 0.0 0.28284 994.0 1.9352 13.0 66.0 0.1071 0.0 0.674 0.0 0.31623 991.0 2.0223 12.0 69.0 1.6071 0.0 0.0 -0.226 0.31623 989.0 2.0261 11.0 72.0 3.0071 0.0 0.0 -0.926 0.31623 987.0 2.0365 10.0 74.0 4.4071 0.0 0.0 -1.626 0.22361 985.0 1.9975 9.0 
0.19443 121.88924 57.0 3057.0 1.0 62.0 0.0 -1.6929 2.474 0.0 0.5 998.0 2.5 16.0 62.0 0.5071 0.0 0.974 0.0 0.5 997.0 2.4538 15.0 59.0 2.4071 0.0 0.0 -0.326 0.36056 996.0 2.0914 14.0 58.0 4.0071 0.0 0.0 -1.626 0.36056 996.0 2.0211 14.0 55.0 5.5071 0.0 0.0 -2.926 0.28284 997.0 1.931 15.0 
0.15394 108.76564 68.0 3058.0 1.0 67.0 0.0 -2.3929 1.374 0.0 0.5099 995.0 2.5 14.0 73.0 0.1071 0.0 0.974 0.0 0.4 991.0 2.474 11.0 73.0 2.1071 0.0 0.774 0.0 0.3 988.0 2.1772 10.0 76.0 3.8071 0.0 0.574 0.0 0.2 983.0 1.9665 9.0 85.0 5.0071 0.0 0.374 0.0 0.22361 975.0 1.942 8.0 
0.12326 134.51288 72.0 3059.0 1.0 58.0 0.5071 0.0 1.974 0.0 0.31623 992.0 1.6361 16.0 60.0 1.0071 0.0 0.674 0.0 0.28284 991.0 1.6713 15.0 62.0 1.7071 0.0 0.0 -0.326 0.28284 990.0 1.707 14.0 66.0 2.6071 0.0 0.0 -1.226 0.22361 988.0 1.7796 13.0 70.0 3.6071 0.0 0.0 -1.826 0.14142 985.0 1.7874 12.0 
0.02404 313.79616 38.0 3060.0 1.0 59.0 0.0 -0.1929 4.174 0.0 0.5 998.0 2.3703 16.0 61.0 1.8071 0.0 2.174 0.0 0.5 998.0 2.5 16.0 62.0 4.2071 0.0 0.574 0.0 0.44721 999.0 2.5 16.0 64.0 7.0071 0.0 0.0 -0.626 0.53852 999.0 2.5 17.0 63.0 9.9071 0.0 0.0 -1.926 0.5 999.0 2.5 17.0 
0.03171 304.80217 64.0 3061.0 1.0 81.0 0.5071 0.0 3.374 0.0 0.36056 982.0 2.1617 7.0 78.0 2.0071 0.0 1.874 0.0 0.28284 984.0 2.1428 7.0 75.0 3.2071 0.0 0.474 0.0 0.28284 985.0 2.0519 7.0 75.0 4.4071 0.0 0.0 -0.826 0.28284 984.0 1.9811 7.0 73.0 5.4071 0.0 0.0 -2.026 0.22361 985.0 1.9439 7.0 
0.10388 199.84274 54.0 3062.0 1.0 58.0 0.0 -1.5929 2.474 0.0 0.31623 996.0 2.0211 14.0 62.0 0.3071 0.0 1.774 0.0 0.41231 995.0 2.1812 13.0 60.0 2.2071 0.0 1.174 0.0 0.3 995.0 2.0427 13.0 57.0 3.8071 0.0 0.874 0.0 0.3 996.0 1.952 13.0 53.0 5.3071 0.0 0.774 0.0 0.22361 997.0 1.7931 14.0 
0.0349 304.66834 47.0 3064.0 1.0 77.0 0.0071 0.0 3.774 0.0 0.5 990.0 2.5 11.0 76.0 1.9071 0.0 1.974 0.0 0.36056 989.0 2.4581 11.0 75.0 3.8071 0.0 0.774 0.0 0.28284 988.0 2.2981 10.0 75.0 5.4071 0.0 0.0 -0.026 0.31623 986.0 2.1279 10.0 78.0 6.9071 0.0 0.0 -0.326 0.3 983.0 2.0713 9.0 
0.03408 203.41205 47.0 3065.0 1.0 62.0 0.0 -1.4929 3.874 0.0 0.78102 1000.0 2.5 12.0 58.0 1.4071 0.0 1.174 0.0 0.56569 999.0 2.4542 11.0 57.0 3.7071 0.0 0.0 -1.426 0.5 998.0 2.2123 10.0 59.0 5.6071 0.0 0.0 -3.926 0.5 997.0 2.2221 13.0 64.0 7.2071 0.0 0.0 -6.326 0.44721 994.0 2.2019 11.0 
0.25137 93.62417 65.0 3066.0 1.0 114.0 0.0 -0.7929 1.674 0.0 0.28284 953.0 2.2123 9.0 122.0 0.5071 0.0 0.674 0.0 0.28284 945.0 2.2356 9.0 132.0 1.7071 0.0 0.0 -0.126 0.28284 932.0 2.1971 8.0 148.0 2.9071 0.0 0.0 -0.826 0.22361 913.0 2.2372 7.0 159.0 4.1071 0.0 0.0 -1.326 0.22361 898.0 2.2453 6.0 
0.06132 311.21214 51.0 3067.0 1.0 60.0 0.0 -1.5929 3.174 0.0 0.31623 993.0 1.8385 14.0 67.0 0.4071 0.0 2.774 0.0 0.3 990.0 1.9935 15.0 77.0 2.1071 0.0 2.474 0.0 0.3 985.0 2.1628 16.0 91.0 3.8071 0.0 1.974 0.0 0.22361 972.0 2.0629 10.0 117.0 5.4071 0.0 1.074 0.0 0.42426 950.0 2.2193 8.0 
0.02648 276.98774 79.0 3068.0 1.0 40.0 0.0 -3.2929 0.0 -0.326 0.36056 999.0 1.1673 17.0 43.0 0.0 -1.8929 0.0 -1.626 0.42426 998.0 1.259 16.0 46.0 0.0 -0.3929 0.0 -2.926 0.28284 997.0 1.3508 14.0 49.0 1.0071 0.0 0.0 -3.826 0.36056 995.0 1.3624 14.0 54.0 2.4071 0.0 0.0 -4.526 0.31623 993.0 1.4892 14.0 
0.03453 296.78557 56.0 3069.0 1.0 90.0 0.2071 0.0 3.774 0.0 0.42426 982.0 2.5 11.0 96.0 1.9071 0.0 1.874 0.0 0.42426 974.0 2.4136 10.0 102.0 3.4071 0.0 0.474 0.0 0.28284 966.0 2.2609 9.0 107.0 4.6071 0.0 0.0 -0.526 0.22361 959.0 2.1655 8.0 108.0 5.8071 0.0 0.0 -1.126 0.22361 957.0 2.1274 8.0 
0.06464 86.89722 69.0 3070.0 1.0 40.0 0.0 -1.5929 0.374 0.0 0.36056 1001.0 1.3618 12.0 39.0 0.0 -0.2929 0.0 -0.726 0.28284 1000.0 1.195 11.0 42.0 0.9071 0.0 0.0 -1.426 0.22361 999.0 1.2869 10.0 48.0 2.2071 0.0 0.0 -1.926 0.2 997.0 1.4708 12.0 52.0 3.4071 0.0 0.0 -1.926 0.22361 995.0 1.5343 10.0 
0.04968 186.90786 33.0 3072.0 1.0 55.0 0.0 -0.8929 3.274 0.0 0.56569 1001.0 2.5 20.0 50.0 1.2071 0.0 1.174 0.0 0.42426 1001.0 2.1279 21.0 43.0 3.0071 0.0 0.0 -0.326 0.36056 1002.0 1.7168 22.0 37.0 4.4071 0.0 0.0 -1.426 0.31623 1002.0 1.2711 24.0 30.0 5.6071 0.0 0.0 -2.226 0.14142 1003.0 1.0 28.0 
0.08051 251.22187 62.0 3073.0 1.0 69.0 0.0 -0.1929 2.674 0.0 0.22361 989.0 2.0261 14.0 74.0 1.1071 0.0 1.974 0.0 0.22361 984.0 1.9286 12.0 82.0 2.3071 0.0 1.474 0.0 0.2 979.0 2.0199 11.0 93.0 3.6071 0.0 1.174 0.0 0.2 970.0 2.0544 9.0 104.0 4.8071 0.0 0.774 0.0 0.2 960.0 2.0844 8.0 
0.05136 218.67807 59.0 3074.0 1.0 50.0 0.0 -0.4929 3.074 0.0 0.42426 1000.0 1.9642 15.0 49.0 1.3071 0.0 1.474 0.0 0.42426 1000.0 1.8864 19.0 52.0 2.7071 0.0 0.0 -0.126 0.36056 998.0 1.8412 17.0 56.0 4.0071 0.0 0.0 -1.726 0.28284 996.0 1.8841 14.0 58.0 5.2071 0.0 0.0 -2.926 0.22361 994.0 1.8084 13.0 
0.02301 303.89251 53.0 3075.0 1.0 59.0 0.1071 0.0 3.974 0.0 0.64031 1000.0 2.5 26.0 57.0 2.3071 0.0 1.474 0.0 0.56569 999.0 2.3703 24.0 52.0 4.2071 0.0 0.0 -0.626 0.42426 999.0 1.9727 24.0 48.0 5.7071 0.0 0.0 -2.526 0.36056 999.0 1.6809 19.0 45.0 6.8071 0.0 0.0 -4.326 0.31623 999.0 1.4773 19.0 
0.05896 158.62154 55.0 3076.0 1.0 50.0 0.0 -1.8929 0.0 -1.526 0.3 998.0 1.7023 12.0 57.0 0.0 -0.0929 0.0 -1.426 0.3 996.0 1.952 14.0 67.0 1.7071 0.0 0.0 -1.126 0.3 991.0 2.0841 11.0 73.0 3.4071 0.0 0.0 -0.526 0.28284 988.0 2.1772 10.0 74.0 4.9071 0.0 0.374 0.0 0.31623 988.0 2.2372 10.0 
0.09234 174.53445 108.0 3079.0 1.0 54.0 0.6071 0.0 1.874 0.0 0.14142 994.0 1.5675 13.0 55.0 1.3071 0.0 0.874 0.0 0.14142 994.0 1.6261 13.0 56.0 2.0071 0.0 0.0 -0.026 0.22361 993.0 1.6015 12.0 56.0 2.7071 0.0 0.0 -0.726 0.14142 991.0 1.4559 12.0 58.0 3.4071 0.0 0.0 -0.926 0.1 990.0 1.4939 11.0 
0.08323 250.0243 49.0 3080.0 1.0 73.0 0.0 -0.9929 3.874 0.0 0.70711 996.0 2.5 15.0 74.0 1.5071 0.0 1.674 0.0 0.5 993.0 2.5 12.0 74.0 3.7071 0.0 0.074 0.0 0.36056 990.0 2.4318 11.0 73.0 5.4071 0.0 0.0 -1.026 0.28284 988.0 2.1772 10.0 73.0 6.7071 0.0 0.0 -1.926 0.31623 986.0 2.0159 10.0 
0.03151 309.0876 69.0 3082.0 1.0 54.0 0.5071 0.0 3.274 0.0 0.22361 996.0 1.752 14.0 56.0 1.6071 0.0 2.274 0.0 0.22361 994.0 1.6858 13.0 57.0 2.6071 0.0 1.674 0.0 0.22361 992.0 1.5802 12.0 60.0 3.5071 0.0 1.574 0.0 0.2 990.0 1.5987 11.0 64.0 4.4071 0.0 1.974 0.0 0.2 988.0 1.6734 10.0 
0.04641 195.01871 69.0 3083.0 1.0 57.0 0.0 -0.0929 2.374 0.0 0.28284 996.0 1.952 11.0 57.0 1.3071 0.0 1.174 0.0 0.31623 995.0 1.8436 10.0 58.0 2.6071 0.0 0.274 0.0 0.28284 993.0 1.7179 9.0 62.0 3.8071 0.0 0.0 -0.526 0.14142 990.0 1.707 8.0 65.0 4.7071 0.0 0.0 -1.126 0.22361 988.0 1.7261 8.0 
0.02142 292.53895 54.0 3084.0 1.0 51.0 1.5071 0.0 2.474 0.0 0.36056 996.0 1.5627 11.0 53.0 2.3071 0.0 1.274 0.0 0.22361 994.0 1.51 10.0 56.0 3.3071 0.0 0.574 0.0 0.14142 992.0 1.5252 9.0 61.0 4.3071 0.0 0.074 0.0 0.14142 990.0 1.6524 8.0 66.0 5.4071 0.0 0.0 -0.326 0.2 988.0 1.7796 8.0 
0.05894 132.36053 81.0 3085.0 1.0 46.0 0.0 -0.2929 2.774 0.0 0.44721 999.0 1.5437 11.0 47.0 0.9071 0.0 0.774 0.0 0.36056 998.0 1.5041 10.0 49.0 1.9071 0.0 0.0 -1.126 0.36056 997.0 1.5327 11.0 52.0 2.9071 0.0 0.0 -2.726 0.28284 995.0 1.5343 11.0 57.0 3.8071 0.0 0.0 -3.826 0.22361 990.0 1.4428 9.0 
0.09767 245.98277 73.0 3086.0 1.0 95.0 0.0071 0.0 2.574 0.0 0.22361 967.0 2.0039 9.0 95.0 1.0071 0.0 1.974 0.0 0.22361 968.0 2.0484 9.0 91.0 2.0071 0.0 1.274 0.0 0.22361 970.0 1.967 9.0 91.0 3.0071 0.0 0.674 0.0 0.14142 965.0 1.7621 7.0 111.0 3.9071 0.0 0.074 0.0 0.22361 948.0 1.9361 6.0 
0.11436 247.08726 81.0 3088.0 1.0 41.0 0.0 -1.0929 0.0 -2.126 0.22361 996.0 1.01 18.0 46.0 0.0071 0.0 0.0 -2.226 0.2 995.0 1.2007 21.0 49.0 1.1071 0.0 0.0 -2.226 0.1 992.0 1.1678 18.0 52.0 2.0071 0.0 0.0 -2.126 0.1 992.0 1.3151 21.0 54.0 2.8071 0.0 0.0 -2.126 0.14142 989.0 1.241 16.0 
0.05296 242.99435 68.0 3091.0 1.0 47.0 0.8071 0.0 3.474 0.0 0.44721 999.0 1.6116 12.0 48.0 2.0071 0.0 0.874 0.0 0.44721 999.0 1.6809 11.0 47.0 3.0071 0.0 0.0 -1.326 0.36056 998.0 1.5041 14.0 47.0 3.9071 0.0 0.0 -3.126 0.22361 996.0 1.3272 13.0 49.0 4.6071 0.0 0.0 -4.326 0.14142 993.0 1.2262 11.0 
0.02214 258.85349 265.0 3093.0 1.0 67.0 0.4071 0.0 3.374 0.0 0.44721 994.0 2.4131 13.0 65.0 1.8071 0.0 1.474 0.0 0.42426 993.0 2.1576 12.0 64.0 3.2071 0.0 0.074 0.0 0.28284 992.0 1.9922 12.0 64.0 4.3071 0.0 0.0 -0.826 0.22361 990.0 1.8189 11.0 66.0 5.4071 0.0 0.0 -1.426 0.22361 988.0 1.7796 10.0 
0.05026 243.24116 132.0 3094.0 1.0 54.0 0.8071 0.0 2.774 0.0 0.36056 997.0 1.8615 15.0 52.0 1.7071 0.0 1.374 0.0 0.28284 996.0 1.6246 14.0 52.0 2.5071 0.0 0.174 0.0 0.22361 996.0 1.6246 14.0 51.0 3.1071 0.0 0.0 -0.726 0.14142 995.0 1.4759 13.0 51.0 3.7071 0.0 0.0 -1.226 0.1 993.0 1.3283 12.0 
0.13449 225.10971 86.0 3095.0 1.0 61.0 0.0 -2.2929 0.874 0.0 0.22361 989.0 1.5836 15.0 72.0 0.0 -1.3929 1.474 0.0 0.22361 983.0 1.7649 15.0 83.0 0.0 -0.6929 2.274 0.0 0.14142 975.0 1.8516 13.0 87.0 0.0071 0.0 2.874 0.0 0.22361 972.0 1.8856 12.0 98.0 0.9071 0.0 3.274 0.0 0.2 959.0 1.8165 8.0 
0.14217 57.99964 107.0 3098.0 1.0 48.0 0.3071 0.0 1.374 0.0 0.3 996.0 1.3843 12.0 52.0 0.5071 0.0 0.0 -0.126 0.22361 992.0 1.3151 10.0 61.0 0.8071 0.0 0.0 -1.226 0.22361 987.0 1.4617 11.0 78.0 1.2071 0.0 0.0 -1.926 0.14142 972.0 1.5156 8.0 111.0 1.6071 0.0 0.0 -2.226 0.1 945.0 1.8506 7.0 
0.05677 252.41523 61.0 3099.0 1.0 59.0 0.0 -1.5929 2.474 0.0 0.22361 994.0 1.8713 13.0 64.0 0.0071 0.0 2.274 0.0 0.2 991.0 1.9016 12.0 67.0 1.4071 0.0 2.474 0.0 0.22361 989.0 1.9104 11.0 72.0 2.7071 0.0 3.074 0.0 0.22361 986.0 1.961 10.0 75.0 4.0071 0.0 3.874 0.0 0.22361 984.0 1.9811 9.0 
0.08151 137.76019 64.0 3100.0 1.0 49.0 0.0 -1.5929 0.0 -1.026 0.2 996.0 1.4425 12.0 57.0 0.0 -0.1929 0.0 -1.226 0.31623 992.0 1.5802 10.0 69.0 1.2071 0.0 0.0 -1.426 0.3 984.0 1.6768 8.0 90.0 2.6071 0.0 0.0 -1.426 0.22361 972.0 2.0178 7.0 113.0 3.9071 0.0 0.0 -0.926 0.22361 952.0 2.138 6.0 
0.11064 185.81567 77.0 3102.0 1.0 65.0 0.0 -1.5929 1.774 0.0 0.3 993.0 2.1576 12.0 64.0 0.0071 0.0 1.674 0.0 0.2 992.0 1.9922 12.0 60.0 1.3071 0.0 1.874 0.0 0.2 993.0 1.8385 12.0 55.0 2.4071 0.0 2.474 0.0 0.14142 995.0 1.7165 13.0 51.0 3.3071 0.0 3.374 0.0 0.14142 996.0 1.5627 14.0 
0.03959 229.97278 66.0 3103.0 1.0 103.0 0.8071 0.0 2.374 0.0 0.28284 964.0 2.2114 8.0 97.0 1.7071 0.0 1.174 0.0 0.22361 967.0 2.0892 9.0 90.0 2.7071 0.0 0.674 0.0 0.2 972.0 2.0178 9.0 83.0 3.8071 0.0 0.874 0.0 0.22361 978.0 2.0104 10.0 75.0 4.8071 0.0 1.674 0.0 0.28284 983.0 1.9151 12.0 
0.02324 296.78557 50.0 3104.0 1.0 57.0 0.1071 0.0 3.874 0.0 0.5 998.0 2.2123 14.0 57.0 1.9071 0.0 1.874 0.0 0.42426 997.0 2.074 14.0 60.0 3.5071 0.0 0.374 0.0 0.36056 994.0 1.9352 13.0 63.0 5.0071 0.0 0.0 -0.626 0.22361 992.0 1.9304 12.0 69.0 6.4071 0.0 0.0 -1.326 0.22361 988.0 1.9451 10.0 
0.05663 258.10129 65.0 3106.0 1.0 49.0 0.7071 0.0 3.474 0.0 0.5 1000.0 1.8864 16.0 47.0 2.0071 0.0 1.174 0.0 0.44721 1000.0 1.7355 15.0 47.0 3.0071 0.0 0.0 -0.926 0.36056 998.0 1.5041 14.0 48.0 4.0071 0.0 0.0 -2.426 0.22361 997.0 1.4708 12.0 52.0 4.9071 0.0 0.0 -3.326 0.22361 994.0 1.4536 14.0 
0.12624 109.18961 84.0 3107.0 1.0 68.0 0.0071 0.0 1.374 0.0 0.14142 985.0 1.6867 9.0 73.0 0.6071 0.0 0.774 0.0 0.1 981.0 1.7009 9.0 81.0 1.4071 0.0 0.574 0.0 0.1 975.0 1.7635 8.0 88.0 2.2071 0.0 0.674 0.0 0.14142 971.0 1.8832 7.0 94.0 3.0071 0.0 1.174 0.0 0.22361 967.0 1.9619 7.0 
0.21595 8.25172 39.0 3108.0 1.0 59.0 0.0 -1.8929 3.574 0.0 0.67082 1000.0 2.5 13.0 56.0 0.0071 0.0 0.074 0.0 0.67082 999.0 2.2879 12.0 57.0 1.9071 0.0 0.0 -3.026 0.5831 998.0 2.2123 10.0 60.0 3.9071 0.0 0.0 -5.626 0.56569 996.0 2.1629 9.0 62.0 6.0071 0.0 0.0 -7.726 0.42426 995.0 2.1812 11.0 
0.09209 309.0876 48.0 3109.0 1.0 78.0 0.0 -1.3929 3.974 0.0 0.67082 996.0 2.5 14.0 75.0 1.6071 0.0 2.274 0.0 0.44721 992.0 2.5 12.0 74.0 3.8071 0.0 0.874 0.0 0.42426 990.0 2.4318 11.0 75.0 5.5071 0.0 0.0 -0.426 0.36056 988.0 2.2981 10.0 75.0 6.9071 0.0 0.0 -1.626 0.36056 986.0 2.1279 10.0 
0.04109 267.54699 58.0 3110.0 1.0 80.0 0.0 -0.8929 4.574 0.0 0.78102 997.0 2.5 11.0 75.0 1.9071 0.0 1.474 0.0 0.56569 994.0 2.5 10.0 72.0 3.9071 0.0 0.0 -0.826 0.5 992.0 2.5 9.0 69.0 5.2071 0.0 0.0 -2.626 0.36056 991.0 2.2103 8.0 66.0 6.2071 0.0 0.0 -4.126 0.28284 990.0 1.9344 8.0 
0.05815 148.01451 95.0 3111.0 1.0 44.0 0.0 -0.4929 2.174 0.0 0.36056 1001.0 1.6478 17.0 43.0 1.0071 0.0 0.874 0.0 0.28284 1000.0 1.4527 16.0 44.0 2.2071 0.0 0.0 -0.426 0.28284 999.0 1.4124 14.0 48.0 3.3071 0.0 0.0 -1.526 0.28284 998.0 1.5688 16.0 52.0 4.4071 0.0 0.0 -2.226 0.2 995.0 1.5343 14.0 
0.21588 97.07306 42.0 3114.0 1.0 67.0 0.0 -3.1929 1.674 0.0 0.63246 999.0 2.5 14.0 70.0 0.4071 0.0 0.774 0.0 0.53852 997.0 2.5 16.0 71.0 3.4071 0.0 0.074 0.0 0.4 995.0 2.5 13.0 69.0 5.9071 0.0 0.0 -0.226 0.41231 993.0 2.4314 12.0 68.0 8.1071 0.0 0.0 -0.326 0.3 992.0 2.249 12.0 
0.16891 206.28347 48.0 3115.0 1.0 66.0 0.0 -1.8929 2.174 0.0 0.4 995.0 2.4717 14.0 74.0 0.8071 0.0 1.674 0.0 0.44721 992.0 2.5 12.0 76.0 3.2071 0.0 0.474 0.0 0.44721 990.0 2.5 11.0 77.0 5.2071 0.0 0.0 -0.826 0.36056 988.0 2.4223 10.0 75.0 6.9071 0.0 0.0 -1.926 0.28284 987.0 2.2097 10.0 
0.06523 313.01658 63.0 3118.0 1.0 40.0 0.0 -0.6929 3.174 0.0 0.2 999.0 1.1673 19.0 45.0 0.5071 0.0 2.774 0.0 0.2 998.0 1.3789 17.0 49.0 1.6071 0.0 2.674 0.0 0.22361 996.0 1.4425 15.0 52.0 2.7071 0.0 3.174 0.0 0.22361 994.0 1.4536 14.0 56.0 3.7071 0.0 4.074 0.0 0.22361 994.0 1.6858 13.0 
0.01901 281.08844 58.0 3119.0 1.0 72.0 0.6071 0.0 3.274 0.0 0.36056 989.0 2.2062 11.0 73.0 1.8071 0.0 1.774 0.0 0.28284 987.0 2.0934 10.0 76.0 3.0071 0.0 0.674 0.0 0.22361 984.0 2.0343 9.0 77.0 4.2071 0.0 0.0 -0.026 0.2 983.0 2.0186 9.0 74.0 5.5071 0.0 0.0 -0.126 0.2 985.0 1.9975 9.0 
0.04422 257.5833 49.0 3120.0 1.0 63.0 0.0 -0.1929 3.774 0.0 0.5 996.0 2.3846 15.0 70.0 1.6071 0.0 1.674 0.0 0.42426 992.0 2.3832 12.0 74.0 3.5071 0.0 0.074 0.0 0.42426 989.0 2.3304 11.0 77.0 5.2071 0.0 0.0 -1.026 0.36056 986.0 2.2429 10.0 77.0 6.6071 0.0 0.0 -1.726 0.3 983.0 2.0186 9.0 
0.07765 138.42312 47.0 3121.0 1.0 53.0 0.0 -0.4929 3.074 0.0 0.5831 1001.0 2.3909 21.0 52.0 1.1071 0.0 0.574 0.0 0.42426 1000.0 2.1245 19.0 54.0 2.9071 0.0 0.0 -1.126 0.31623 998.0 1.9855 16.0 58.0 4.7071 0.0 0.0 -1.926 0.31623 996.0 2.0211 14.0 61.0 6.5071 0.0 0.0 -2.326 0.41231 995.0 2.1114 13.0 
0.12914 109.18961 57.0 3122.0 1.0 56.0 0.0 -1.4929 2.874 0.0 0.5 1000.0 2.4639 20.0 56.0 0.6071 0.0 0.774 0.0 0.42426 999.0 2.2879 18.0 56.0 2.6071 0.0 0.0 -0.926 0.42426 998.0 2.1353 17.0 58.0 4.4071 0.0 0.0 -2.326 0.36056 996.0 2.0211 14.0 56.0 5.9071 0.0 0.0 -3.326 0.28284 995.0 1.7795 14.0 
0.03713 205.97145 69.0 3123.0 1.0 46.0 0.0 -2.6929 0.474 0.0 0.36056 999.0 1.5437 16.0 45.0 0.0 -1.3929 0.0 -1.226 0.28284 997.0 1.2927 14.0 47.0 0.0 -0.1929 0.0 -2.426 0.28284 996.0 1.3272 17.0 53.0 1.0071 0.0 0.0 -3.326 0.3 993.0 1.4345 14.0 63.0 2.5071 0.0 0.0 -3.626 0.3 990.0 1.7625 15.0 
0.11501 235.74859 182.0 3124.0 1.0 92.0 0.5071 0.0 2.574 0.0 0.22361 971.0 2.0583 12.0 89.0 1.3071 0.0 1.674 0.0 0.22361 972.0 1.9732 12.0 87.0 2.2071 0.0 1.174 0.0 0.14142 972.0 1.8856 12.0 86.0 3.1071 0.0 0.974 0.0 0.14142 974.0 1.9369 12.0 85.0 4.0071 0.0 0.974 0.0 0.2 975.0 1.942 12.0 
0.07386 206.28347 62.0 3125.0 1.0 51.0 0.2071 0.0 2.374 0.0 0.14142 994.0 1.3982 13.0 53.0 0.8071 0.0 1.674 0.0 0.1 994.0 1.51 13.0 54.0 1.6071 0.0 1.274 0.0 0.1 994.0 1.5675 12.0 56.0 2.7071 0.0 1.274 0.0 0.2 994.0 1.6858 13.0 55.0 4.0071 0.0 1.674 0.0 0.31623 996.0 1.8174 14.0 
0.04948 274.8712 52.0 3126.0 1.0 60.0 0.0 -1.6929 2.674 0.0 0.3 994.0 1.9352 10.0 68.0 0.1071 0.0 2.474 0.0 0.3 990.0 2.0534 11.0 78.0 1.7071 0.0 2.474 0.0 0.31623 983.0 2.0713 9.0 92.0 3.4071 0.0 2.674 0.0 0.3 974.0 2.2166 8.0 108.0 5.3071 0.0 2.474 0.0 0.31623 961.0 2.291 6.0 
0.10285 149.12413 62.0 3127.0 1.0 46.0 0.0 -1.0929 2.574 0.0 0.44721 1001.0 1.801 17.0 47.0 0.8071 0.0 1.074 0.0 0.42426 1000.0 1.7355 16.0 47.0 2.4071 0.0 0.0 -0.626 0.36056 1000.0 1.7355 15.0 48.0 3.6071 0.0 0.0 -2.326 0.28284 998.0 1.5688 13.0 52.0 4.8071 0.0 0.0 -3.726 0.28284 996.0 1.6246 11.0 
0.13485 102.71108 96.0 3128.0 1.0 40.0 0.0 -0.4929 1.474 0.0 0.22361 1000.0 1.2571 15.0 42.0 0.5071 0.0 0.774 0.0 0.22361 999.0 1.2869 17.0 45.0 1.4071 0.0 0.374 0.0 0.1 997.0 1.2927 15.0 46.0 2.0071 0.0 0.274 0.0 0.14142 996.0 1.2713 14.0 46.0 2.6071 0.0 0.174 0.0 0.1 995.0 1.2007 13.0 
0.06982 296.78557 66.0 3129.0 1.0 92.0 0.4071 0.0 3.274 0.0 0.42426 979.0 2.5 8.0 93.0 1.9071 0.0 1.874 0.0 0.36056 974.0 2.2651 8.0 93.0 3.2071 0.0 0.874 0.0 0.28284 971.0 2.1033 7.0 92.0 4.2071 0.0 0.274 0.0 0.2 969.0 1.9647 7.0 89.0 5.1071 0.0 0.174 0.0 0.2 970.0 1.8815 7.0 
0.04085 219.05074 68.0 3130.0 1.0 41.0 0.2071 0.0 2.974 0.0 0.36056 1000.0 1.3207 12.0 43.0 1.5071 0.0 1.274 0.0 0.28284 999.0 1.3489 11.0 45.0 2.6071 0.0 0.0 -0.426 0.28284 998.0 1.3789 10.0 48.0 3.7071 0.0 0.0 -2.026 0.36056 996.0 1.3843 9.0 53.0 4.7071 0.0 0.0 -3.526 0.22361 995.0 1.5939 11.0 
0.01898 288.97303 47.0 3131.0 1.0 63.0 0.3071 0.0 3.674 0.0 0.44721 995.0 2.2521 14.0 64.0 1.8071 0.0 1.874 0.0 0.36056 993.0 2.0918 13.0 68.0 3.4071 0.0 0.674 0.0 0.31623 991.0 2.1467 11.0 74.0 5.0071 0.0 0.0 -0.126 0.31623 987.0 2.1512 10.0 82.0 6.7071 0.0 0.0 -0.826 0.36056 982.0 2.2154 9.0 
0.05034 180.26231 52.0 3133.0 1.0 47.0 0.0 -0.5929 3.074 0.0 0.42426 1000.0 1.7355 17.0 48.0 1.0071 0.0 1.274 0.0 0.42426 999.0 1.6809 15.0 51.0 2.7071 0.0 0.0 -0.126 0.36056 998.0 1.7711 13.0 55.0 4.4071 0.0 0.0 -1.126 0.28284 996.0 1.8174 15.0 61.0 5.9071 0.0 0.0 -1.926 0.22361 993.0 1.9003 12.0 
0.12359 93.62417 64.0 3134.0 1.0 51.0 0.0 -1.1929 1.874 0.0 0.42426 999.0 1.8976 14.0 53.0 0.5071 0.0 0.674 0.0 0.22361 997.0 1.7931 11.0 55.0 1.8071 0.0 0.0 -0.226 0.28284 995.0 1.7165 10.0 58.0 3.0071 0.0 0.0 -1.126 0.22361 993.0 1.7179 9.0 61.0 4.2071 0.0 0.0 -1.626 0.14142 992.0 1.8098 9.0 
0.15691 92.73958 63.0 3135.0 1.0 57.0 0.0 -0.5929 1.374 0.0 0.22361 994.0 1.7465 17.0 62.0 0.6071 0.0 0.574 0.0 0.22361 991.0 1.7846 15.0 68.0 1.7071 0.0 0.0 -0.226 0.28284 988.0 1.8891 13.0 73.0 2.8071 0.0 0.0 -1.226 0.28284 986.0 2.0159 13.0 75.0 3.9071 0.0 0.0 -2.326 0.22361 984.0 1.9811 12.0 
0.06946 213.60353 75.0 3137.0 1.0 103.0 0.0 -0.0929 2.574 0.0 0.28284 962.0 2.1247 8.0 114.0 1.1071 0.0 1.574 0.0 0.22361 952.0 2.176 7.0 119.0 2.4071 0.0 0.874 0.0 0.22361 945.0 2.127 7.0 125.0 3.5071 0.0 0.374 0.0 0.22361 938.0 2.1279 7.0 128.0 4.5071 0.0 0.0 -0.226 0.28284 934.0 2.1182 6.0 
0.05935 229.97278 78.0 3138.0 1.0 57.0 1.2071 0.0 2.074 0.0 0.1 991.0 1.5084 11.0 59.0 1.7071 0.0 1.174 0.0 0.14142 991.0 1.6161 11.0 61.0 2.3071 0.0 0.474 0.0 0.14142 990.0 1.6524 11.0 62.0 3.0071 0.0 0.0 -0.226 0.14142 989.0 1.6359 11.0 64.0 3.7071 0.0 0.0 -0.726 0.14142 988.0 1.6734 10.0 
0.05703 203.06164 131.0 3139.0 1.0 42.0 1.3071 0.0 1.674 0.0 0.22361 999.0 1.2869 17.0 38.0 1.6071 0.0 0.874 0.0 0.14142 999.0 1.0535 17.0 35.0 1.9071 0.0 0.474 0.0 0.1 999.0 1.0 18.0 34.0 2.2071 0.0 0.374 0.0 0.14142 1000.0 1.0 18.0 34.0 2.6071 0.0 0.474 0.0 0.1 1000.0 1.0 18.0 
0.11803 183.39089 55.0 3140.0 1.0 42.0 0.0 -1.6929 0.0 -1.226 0.22361 999.0 1.2869 14.0 47.0 0.0 -0.2929 0.0 -1.626 0.22361 997.0 1.4101 13.0 56.0 1.4071 0.0 0.0 -1.726 0.22361 996.0 1.8841 14.0 66.0 3.1071 0.0 0.0 -1.226 0.36056 992.0 2.1186 12.0 72.0 4.8071 0.0 0.0 -0.426 0.22361 988.0 2.1179 10.0 
0.10642 100.68908 40.0 3141.0 1.0 64.0 0.0 -1.0929 2.674 0.0 0.5 996.0 2.4609 14.0 59.0 0.6071 0.0 0.674 0.0 0.42426 997.0 2.2221 15.0 51.0 2.2071 0.0 0.0 -0.526 0.22361 998.0 1.7711 16.0 44.0 3.5071 0.0 0.0 -1.026 0.22361 1000.0 1.5211 18.0 38.0 4.7071 0.0 0.0 -1.126 0.1 1001.0 1.2291 20.0 
0.16433 93.62417 67.0 3142.0 1.0 53.0 0.0 -1.4929 2.174 0.0 0.36056 998.0 1.9127 15.0 52.0 0.5071 0.0 0.674 0.0 0.28284 998.0 1.8412 18.0 52.0 2.1071 0.0 0.0 -0.526 0.22361 995.0 1.5343 16.0 56.0 3.4071 0.0 0.0 -1.326 0.22361 993.0 1.6015 17.0 63.0 4.6071 0.0 0.0 -1.726 0.1 989.0 1.6891 18.0 
0.05312 105.61733 73.0 3143.0 1.0 45.0 0.0 -2.2929 1.474 0.0 0.5 1000.0 1.591 13.0 43.0 0.0 -0.7929 0.0 -0.526 0.36056 1000.0 1.4527 12.0 43.0 0.5071 0.0 0.0 -2.126 0.42426 999.0 1.3489 16.0 46.0 1.9071 0.0 0.0 -3.526 0.28284 998.0 1.4408 14.0 49.0 3.3071 0.0 0.0 -4.526 0.31623 996.0 1.4425 12.0 
0.05586 291.93942 266.0 3144.0 1.0 82.0 0.0071 0.0 3.874 0.0 0.56569 989.0 2.5 14.0 87.0 2.1071 0.0 1.574 0.0 0.42426 984.0 2.5 12.0 85.0 3.7071 0.0 0.0 -0.326 0.42426 983.0 2.4598 12.0 74.0 5.1071 0.0 0.0 -1.826 0.42426 985.0 1.9975 10.0 65.0 6.4071 0.0 0.0 -3.226 0.28284 990.0 1.8762 12.0 
0.04083 190.88665 67.0 3145.0 1.0 37.0 0.0 -1.8929 0.0 -1.026 0.22361 999.0 1.0 11.0 42.0 0.0 -0.7929 0.0 -1.526 0.22361 998.0 1.2011 14.0 49.0 0.5071 0.0 0.0 -2.026 0.22361 996.0 1.4425 12.0 56.0 1.8071 0.0 0.0 -2.426 0.3 992.0 1.5252 10.0 67.0 3.2071 0.0 0.0 -2.326 0.2 988.0 1.834 11.0 
0.08347 227.10248 53.0 3146.0 1.0 81.0 0.0 -0.6929 3.574 0.0 0.56569 989.0 2.5 11.0 83.0 1.3071 0.0 1.574 0.0 0.42426 985.0 2.5 10.0 86.0 3.0071 0.0 0.0 -0.126 0.42426 981.0 2.3606 9.0 94.0 4.6071 0.0 0.0 -1.326 0.28284 973.0 2.2562 7.0 93.0 6.0071 0.0 0.0 -1.926 0.22361 971.0 2.1033 7.0 
0.04388 289.68377 57.0 3147.0 1.0 78.0 0.0 -0.6929 4.574 0.0 0.64031 995.0 2.5 14.0 74.0 1.7071 0.0 1.974 0.0 0.42426 993.0 2.5 12.0 71.0 3.6071 0.0 0.174 0.0 0.42426 992.0 2.4518 12.0 69.0 5.2071 0.0 0.0 -1.226 0.36056 991.0 2.2103 11.0 64.0 6.3071 0.0 0.0 -2.426 0.28284 991.0 1.9016 11.0 
0.01175 318.69618 57.0 3148.0 1.0 77.0 0.0 -3.0929 0.0 -2.926 0.7 995.0 2.5 11.0 79.0 0.5071 0.0 0.0 -2.826 0.5 992.0 2.5 12.0 75.0 2.8071 0.0 0.0 -2.626 0.3 988.0 2.2981 10.0 67.0 4.3071 0.0 0.0 -2.426 0.2 990.0 1.9935 11.0 54.0 5.5071 0.0 0.0 -2.126 0.22361 995.0 1.6546 13.0 
0.08748 152.86221 76.0 3149.0 1.0 49.0 0.0 -1.6929 1.274 0.0 0.31623 1000.0 1.8864 18.0 44.0 0.0 -0.0929 1.374 0.0 0.2 1000.0 1.5211 18.0 39.0 1.1071 0.0 1.174 0.0 0.1 1000.0 1.195 19.0 36.0 1.9071 0.0 0.874 0.0 0.22361 1001.0 1.1031 19.0 34.0 2.7071 0.0 0.474 0.0 0.14142 1001.0 1.0 20.0 
0.10369 149.12413 185.0 3150.0 1.0 77.0 0.0 -0.6929 2.874 0.0 0.5 988.0 2.4223 14.0 78.0 0.8071 0.0 1.074 0.0 0.22361 984.0 2.1428 12.0 83.0 2.0071 0.0 0.274 0.0 0.22361 977.0 1.9545 11.0 91.0 3.0071 0.0 0.0 -0.026 0.2 969.0 1.9223 9.0 99.0 3.8071 0.0 0.0 -0.026 0.1 960.0 1.8888 8.0 
0.03459 249.69441 64.0 3151.0 1.0 75.0 0.7071 0.0 2.674 0.0 0.31623 985.0 2.0519 10.0 73.0 1.6071 0.0 1.574 0.0 0.22361 983.0 1.8143 9.0 75.0 2.5071 0.0 1.274 0.0 0.1 981.0 1.7954 9.0 79.0 3.3071 0.0 1.374 0.0 0.1 977.0 1.7707 8.0 82.0 4.1071 0.0 1.574 0.0 0.22361 976.0 1.8561 8.0 
0.02636 274.02945 226.0 3152.0 1.0 69.0 0.5071 0.0 3.074 0.0 0.28284 990.0 2.1142 8.0 63.0 1.6071 0.0 1.874 0.0 0.22361 991.0 1.8426 8.0 57.0 2.5071 0.0 1.174 0.0 0.2 992.0 1.5802 9.0 52.0 3.3071 0.0 0.974 0.0 0.1 993.0 1.3809 9.0 49.0 4.0071 0.0 1.174 0.0 0.14142 995.0 1.3624 10.0 
0.12382 202.03239 55.0 3153.0 1.0 67.0 0.0 -1.0929 2.074 0.0 0.22361 990.0 1.9935 8.0 67.0 0.4071 0.0 1.774 0.0 0.2 989.0 1.9104 8.0 64.0 1.7071 0.0 1.374 0.0 0.31623 991.0 1.9016 8.0 62.0 3.1071 0.0 0.674 0.0 0.31623 993.0 1.9631 9.0 62.0 4.7071 0.0 0.0 -0.026 0.36056 994.0 2.0664 9.0 
0.07764 148.01451 65.0 3154.0 1.0 70.0 0.0 -0.3929 2.274 0.0 0.28284 991.0 2.2749 15.0 72.0 1.0071 0.0 0.874 0.0 0.42426 988.0 2.1179 14.0 75.0 2.4071 0.0 0.0 -0.426 0.28284 985.0 2.0519 13.0 79.0 3.6071 0.0 0.0 -1.526 0.28284 982.0 2.0563 11.0 86.0 4.7071 0.0 0.0 -2.526 0.28284 975.0 1.9879 10.0 
0.01149 313.68699 60.0 3157.0 1.0 62.0 0.0 -2.9929 0.0 -2.526 0.5 997.0 2.4538 13.0 68.0 0.0071 0.0 0.0 -2.826 0.4 994.0 2.4857 11.0 69.0 2.4071 0.0 0.0 -2.926 0.3 989.0 2.0261 9.0 78.0 3.9071 0.0 0.0 -3.026 0.22361 981.0 1.9419 9.0 91.0 5.1071 0.0 0.0 -3.226 0.2 970.0 1.967 7.0 
0.05433 202.57443 49.0 3158.0 1.0 59.0 0.0 -3.9929 0.0 -0.626 0.67082 1002.0 2.5 24.0 60.0 0.0 -0.5929 0.0 -1.726 0.60828 1001.0 2.5 21.0 56.0 2.3071 0.0 0.0 -1.726 0.4 1000.0 2.4639 19.0 52.0 4.6071 0.0 0.0 -1.426 0.31623 999.0 1.9727 18.0 48.0 6.4071 0.0 0.0 -1.226 0.3 999.0 1.6809 18.0 
0.06643 203.41205 53.0 3160.0 1.0 58.0 0.0 -0.1929 3.174 0.0 0.5 998.0 2.2906 16.0 57.0 1.4071 0.0 1.174 0.0 0.42426 998.0 2.2123 16.0 52.0 2.8071 0.0 0.0 -0.326 0.28284 998.0 1.8412 15.0 47.0 3.8071 0.0 0.0 -1.526 0.22361 998.0 1.5041 16.0 41.0 4.6071 0.0 0.0 -2.326 0.14142 999.0 1.2264 17.0 
0.05301 250.35032 87.0 3161.0 1.0 64.0 1.0071 0.0 2.474 0.0 0.14142 989.0 1.7431 14.0 67.0 1.7071 0.0 1.474 0.0 0.14142 987.0 1.7634 13.0 72.0 2.3071 0.0 0.774 0.0 0.14142 983.0 1.7649 12.0 82.0 3.0071 0.0 0.074 0.0 0.14142 975.0 1.8073 10.0 98.0 3.7071 0.0 0.0 -0.726 0.22361 963.0 1.9619 8.0 
0.10932 191.53424 47.0 3163.0 1.0 53.0 0.0 -1.7929 2.574 0.0 0.41231 1001.0 2.3909 20.0 52.0 0.7071 0.0 1.574 0.0 0.44721 1001.0 2.3015 20.0 48.0 2.9071 0.0 0.474 0.0 0.31623 1001.0 1.961 21.0 44.0 4.8071 0.0 0.0 -0.426 0.36056 1001.0 1.6478 22.0 42.0 6.6071 0.0 0.0 -1.226 0.31623 1002.0 1.6379 23.0 
0.07016 269.99085 47.0 3164.0 1.0 73.0 0.0 -0.2929 3.874 0.0 0.56569 995.0 2.5 14.0 69.0 2.0071 0.0 1.374 0.0 0.56569 995.0 2.5 14.0 64.0 4.1071 0.0 0.0 -0.826 0.42426 996.0 2.4609 14.0 58.0 5.8071 0.0 0.0 -2.826 0.36056 997.0 2.1474 15.0 50.0 7.2071 0.0 0.0 -4.326 0.28284 998.0 1.7023 17.0 
0.01744 281.08844 74.0 3165.0 1.0 99.0 0.2071 0.0 4.074 0.0 0.5831 978.0 2.5 8.0 99.0 1.8071 0.0 1.774 0.0 0.36056 973.0 2.5 7.0 94.0 3.3071 0.0 0.374 0.0 0.28284 973.0 2.2562 7.0 87.0 4.5071 0.0 0.0 -0.526 0.22361 975.0 2.0344 8.0 80.0 5.5071 0.0 0.0 -1.226 0.1 979.0 1.9226 8.0 
0.11375 161.73528 67.0 3166.0 1.0 68.0 0.0 -0.6929 1.874 0.0 0.3 988.0 1.8891 11.0 71.0 0.7071 0.0 1.274 0.0 0.22361 986.0 1.9069 10.0 73.0 2.0071 0.0 0.374 0.0 0.28284 986.0 2.0159 10.0 72.0 3.2071 0.0 0.0 -0.826 0.36056 987.0 2.0365 10.0 65.0 4.5071 0.0 0.0 -2.026 0.36056 991.0 1.9615 11.0 
0.07011 202.60424 104.0 3167.0 1.0 50.0 0.0 -0.3929 3.174 0.0 0.42426 1000.0 1.9642 15.0 48.0 1.3071 0.0 1.274 0.0 0.28284 1000.0 1.8102 15.0 45.0 2.7071 0.0 0.0 -0.326 0.28284 999.0 1.4773 14.0 45.0 3.8071 0.0 0.0 -1.726 0.22361 999.0 1.4773 14.0 48.0 4.7071 0.0 0.0 -2.926 0.22361 996.0 1.3843 12.0 
0.11936 143.87015 68.0 3168.0 1.0 74.0 0.0 -0.3929 3.174 0.0 0.5831 992.0 2.5 12.0 67.0 1.1071 0.0 0.674 0.0 0.5 993.0 2.2925 13.0 62.0 2.5071 0.0 0.0 -1.126 0.28284 991.0 1.7846 9.0 64.0 3.7071 0.0 0.0 -2.126 0.22361 987.0 1.6091 8.0 80.0 4.7071 0.0 0.0 -2.826 0.1 976.0 1.7667 8.0 
0.05686 250.35032 57.0 3170.0 1.0 120.0 0.0071 0.0 3.774 0.0 0.5 959.0 2.5 8.0 137.0 1.7071 0.0 1.474 0.0 0.5 938.0 2.5 7.0 147.0 3.4071 0.0 0.0 -0.526 0.36056 924.0 2.4799 6.0 122.0 4.7071 0.0 0.0 -2.226 0.28284 949.0 2.3753 7.0 102.0 5.9071 0.0 0.0 -3.426 0.22361 965.0 2.2138 8.0 
0.01844 297.33762 152.0 3171.0 1.0 58.0 0.1071 0.0 4.574 0.0 0.64031 999.0 2.4542 11.0 53.0 2.0071 0.0 1.774 0.0 0.5 998.0 1.9127 10.0 49.0 3.4071 0.0 0.0 -0.326 0.36056 997.0 1.5327 10.0 49.0 4.5071 0.0 0.0 -2.026 0.22361 995.0 1.3624 9.0 53.0 5.3071 0.0 0.0 -3.226 0.22361 993.0 1.4345 10.0 
0.0973 158.13844 54.0 3172.0 1.0 62.0 0.0 -1.3929 2.874 0.0 0.5 996.0 2.3095 13.0 69.0 0.8071 0.0 1.174 0.0 0.36056 993.0 2.4314 12.0 72.0 2.7071 0.0 0.0 -0.026 0.36056 989.0 2.2062 11.0 76.0 4.4071 0.0 0.0 -0.926 0.22361 985.0 2.1069 10.0 83.0 5.8071 0.0 0.0 -1.426 0.2 978.0 2.0104 8.0 
0.01606 236.43955 65.0 3175.0 1.0 77.0 0.4071 0.0 3.274 0.0 0.5 989.0 2.5 11.0 74.0 1.7071 0.0 1.274 0.0 0.28284 988.0 2.2372 10.0 72.0 2.9071 0.0 0.174 0.0 0.22361 986.0 1.961 10.0 73.0 3.8071 0.0 0.0 -0.426 0.2 983.0 1.8143 9.0 76.0 4.7071 0.0 0.0 -0.526 0.2 980.0 1.7877 8.0 
0.14399 97.5605 79.0 3176.0 1.0 60.0 0.0 -2.1929 0.974 0.0 0.4 997.0 2.2981 15.0 56.0 0.0 -0.0929 0.874 0.0 0.2 996.0 1.8841 15.0 52.0 1.4071 0.0 0.674 0.0 0.3 997.0 1.7261 15.0 50.0 2.8071 0.0 0.474 0.0 0.3 997.0 1.5959 15.0 49.0 4.1071 0.0 0.374 0.0 0.2 997.0 1.5327 15.0 
0.0707 305.55795 61.0 3178.0 1.0 81.0 0.0071 0.0 3.174 0.0 0.22361 981.0 2.0941 9.0 78.0 1.2071 0.0 2.474 0.0 0.22361 981.0 1.9419 9.0 78.0 2.3071 0.0 2.374 0.0 0.2 980.0 1.883 8.0 80.0 3.4071 0.0 2.774 0.0 0.14142 979.0 1.9226 8.0 82.0 4.4071 0.0 3.274 0.0 0.22361 978.0 1.9622 8.0 
0.06103 158.46145 94.0 3179.0 1.0 45.0 0.5071 0.0 2.374 0.0 0.31623 998.0 1.3789 15.0 46.0 1.3071 0.0 0.574 0.0 0.31623 997.0 1.3508 14.0 45.0 2.1071 0.0 0.0 -0.826 0.22361 995.0 1.149 12.0 48.0 2.8071 0.0 0.0 -1.826 0.14142 993.0 1.1766 13.0 55.0 3.4071 0.0 0.0 -2.526 0.14142 988.0 1.2359 12.0 
0.06361 136.4364 61.0 3180.0 1.0 61.0 0.0 -2.3929 0.174 0.0 0.42426 994.0 2.0003 11.0 69.0 0.0 -0.4929 0.0 -1.126 0.31623 990.0 2.1142 10.0 84.0 1.3071 0.0 0.0 -1.726 0.31623 980.0 2.1839 9.0 90.0 3.0071 0.0 0.0 -2.126 0.22361 974.0 2.1213 8.0 103.0 4.3071 0.0 0.0 -2.626 0.22361 961.0 2.0838 6.0 
0.0262 211.4766 66.0 3181.0 1.0 95.0 0.2071 0.0 3.074 0.0 0.31623 973.0 2.3045 7.0 96.0 1.2071 0.0 1.474 0.0 0.22361 969.0 2.1393 7.0 99.0 2.2071 0.0 0.774 0.0 0.14142 962.0 1.9628 6.0 100.0 3.0071 0.0 0.574 0.0 0.2 960.0 1.9271 6.0 92.0 3.9071 0.0 0.674 0.0 0.14142 968.0 1.9211 7.0 
0.09048 286.6373 86.0 3182.0 1.0 57.0 0.0 -0.6929 2.974 0.0 0.22361 993.0 1.6592 12.0 59.0 0.2071 0.0 2.574 0.0 0.1 991.0 1.6161 11.0 58.0 1.0071 0.0 2.874 0.0 0.14142 991.0 1.5618 11.0 59.0 1.8071 0.0 3.774 0.0 0.22361 992.0 1.693 12.0 59.0 2.5071 0.0 5.074 0.0 0.31623 993.0 1.7777 12.0 
0.19542 61.36266 63.0 3184.0 1.0 65.0 0.0 -1.6929 1.974 0.0 0.5 996.0 2.5 15.0 65.0 0.4071 0.0 0.374 0.0 0.41231 995.0 2.3974 13.0 64.0 2.4071 0.0 0.0 -0.626 0.22361 993.0 2.0918 12.0 65.0 3.9071 0.0 0.0 -1.526 0.36056 992.0 2.0549 12.0 64.0 5.2071 0.0 0.0 -2.526 0.14142 991.0 1.9016 11.0 
0.01428 294.59924 65.0 3185.0 1.0 64.0 1.2071 0.0 3.274 0.0 0.36056 994.0 2.2019 13.0 59.0 2.2071 0.0 1.474 0.0 0.36056 995.0 1.9752 13.0 54.0 3.2071 0.0 0.074 0.0 0.22361 996.0 1.752 14.0 50.0 4.1071 0.0 0.0 -0.726 0.28284 996.0 1.502 14.0 46.0 4.9071 0.0 0.0 -1.426 0.22361 998.0 1.4408 15.0 
0.06624 231.10153 61.0 3187.0 1.0 58.0 0.0 -0.5929 2.474 0.0 0.31623 995.0 1.9088 18.0 58.0 0.9071 0.0 1.874 0.0 0.22361 994.0 1.8084 17.0 58.0 2.2071 0.0 1.574 0.0 0.3 993.0 1.7179 16.0 59.0 3.6071 0.0 1.674 0.0 0.31623 994.0 1.8713 16.0 59.0 5.0071 0.0 2.274 0.0 0.22361 994.0 1.8713 16.0 
0.06468 247.0314 72.0 3188.0 1.0 92.0 0.0 -0.1929 3.074 0.0 0.28284 972.0 2.1085 10.0 91.0 0.8071 0.0 2.074 0.0 0.1 970.0 1.967 9.0 91.0 1.6071 0.0 1.874 0.0 0.1 967.0 1.8387 9.0 95.0 2.3071 0.0 2.174 0.0 0.14142 964.0 1.8812 9.0 104.0 3.0071 0.0 3.074 0.0 0.22361 959.0 2.0458 8.0 
0.07065 218.30081 107.0 3189.0 1.0 59.0 1.1071 0.0 1.874 0.0 0.14142 988.0 1.4222 10.0 60.0 1.4071 0.0 1.374 0.0 0.1 987.0 1.4142 10.0 63.0 1.8071 0.0 1.274 0.0 0.0 985.0 1.4478 10.0 66.0 2.1071 0.0 1.274 0.0 0.1 983.0 1.483 9.0 71.0 2.4071 0.0 1.274 0.0 0.1 979.0 1.5143 8.0 
0.06447 148.01451 90.0 3192.0 1.0 50.0 0.0 -0.1929 2.674 0.0 0.44721 998.0 1.7023 13.0 48.0 1.0071 0.0 0.874 0.0 0.28284 998.0 1.5688 13.0 46.0 2.0071 0.0 0.0 -0.426 0.28284 997.0 1.3508 12.0 46.0 2.9071 0.0 0.0 -1.426 0.22361 996.0 1.2713 12.0 50.0 3.7071 0.0 0.0 -2.026 0.14142 993.0 1.2767 10.0 
0.03229 254.28369 81.0 3193.0 1.0 53.0 0.0 -3.5929 1.274 0.0 0.5831 999.0 2.0493 16.0 53.0 0.0 -1.7929 0.0 -1.426 0.5 997.0 1.7931 15.0 53.0 0.0071 0.0 0.0 -3.426 0.36056 996.0 1.6877 13.0 53.0 1.6071 0.0 0.0 -4.726 0.28284 993.0 1.4345 11.0 57.0 3.0071 0.0 0.0 -5.426 0.22361 990.0 1.4428 13.0 
0.0272 273.278 63.0 3194.0 1.0 88.0 0.7071 0.0 2.874 0.0 0.28284 977.0 2.1971 8.0 89.0 1.7071 0.0 1.774 0.0 0.28284 973.0 2.0226 7.0 89.0 2.6071 0.0 1.074 0.0 0.22361 970.0 1.8815 7.0 91.0 3.4071 0.0 0.674 0.0 0.2 967.0 1.8387 7.0 95.0 4.3071 0.0 0.674 0.0 0.1 964.0 1.8812 7.0 
0.25992 107.02187 58.0 3195.0 1.0 76.0 0.0 -1.4929 2.574 0.0 0.5 987.0 2.269 11.0 89.0 0.4071 0.0 0.874 0.0 0.36056 979.0 2.3795 11.0 104.0 2.1071 0.0 0.0 -0.126 0.31623 965.0 2.3015 9.0 112.0 3.6071 0.0 0.0 -0.426 0.3 955.0 2.209 8.0 105.0 5.0071 0.0 0.0 -0.126 0.22361 962.0 2.208 8.0 
0.06613 174.53445 95.0 3196.0 1.0 49.0 0.0 -0.2929 3.274 0.0 0.5 999.0 1.7517 12.0 49.0 1.3071 0.0 0.874 0.0 0.42426 998.0 1.6349 11.0 47.0 2.7071 0.0 0.0 -1.126 0.36056 997.0 1.4101 10.0 48.0 3.7071 0.0 0.0 -2.926 0.36056 996.0 1.3843 13.0 50.0 4.5071 0.0 0.0 -4.426 0.22361 994.0 1.3439 11.0 
0.03184 279.22064 57.0 3198.0 1.0 119.0 0.3071 0.0 3.974 0.0 0.5 963.0 2.5 6.0 105.0 2.1071 0.0 1.374 0.0 0.5 972.0 2.5 7.0 95.0 3.7071 0.0 0.0 -0.626 0.36056 975.0 2.4258 8.0 87.0 5.0071 0.0 0.0 -2.226 0.36056 979.0 2.2738 8.0 75.0 6.1071 0.0 0.0 -3.526 0.22361 984.0 1.9811 9.0 
0.15105 116.36837 101.0 3199.0 1.0 63.0 0.0071 0.0 1.474 0.0 0.14142 990.0 1.7625 14.0 63.0 0.7071 0.0 0.774 0.0 0.14142 988.0 1.6215 13.0 66.0 1.4071 0.0 0.274 0.0 0.14142 986.0 1.6478 12.0 71.0 2.0071 0.0 0.0 -0.326 0.14142 983.0 1.7162 12.0 75.0 2.6071 0.0 0.0 -1.026 0.14142 980.0 1.741 11.0 
0.03981 294.59924 81.0 3200.0 1.0 84.0 1.0071 0.0 2.874 0.0 0.28284 981.0 2.2521 11.0 81.0 2.2071 0.0 1.474 0.0 0.28284 981.0 2.0941 11.0 76.0 3.1071 0.0 0.474 0.0 0.28284 981.0 1.8436 11.0 77.0 3.8071 0.0 0.0 -0.126 0.0 978.0 1.7302 10.0 80.0 4.3071 0.0 0.0 -0.326 0.14142 975.0 1.7202 10.0 
0.03148 260.90683 212.0 3202.0 1.0 72.0 1.3071 0.0 2.674 0.0 0.31623 987.0 2.0365 10.0 65.0 1.9071 0.0 1.374 0.0 0.14142 988.0 1.7261 10.0 60.0 2.5071 0.0 0.674 0.0 0.1 989.0 1.5321 11.0 57.0 2.9071 0.0 0.274 0.0 0.1 989.0 1.3827 11.0 56.0 3.2071 0.0 0.074 0.0 0.1 989.0 1.3346 11.0 
0.14374 207.62064 59.0 3204.0 1.0 70.0 0.0 -3.2929 1.374 0.0 0.5099 994.0 2.5 13.0 80.0 0.0 -0.5929 1.774 0.0 0.41231 988.0 2.5 10.0 82.0 1.4071 0.0 2.574 0.0 0.41231 984.0 2.3682 9.0 79.0 3.2071 0.0 3.574 0.0 0.36056 985.0 2.2766 9.0 76.0 4.7071 0.0 4.574 0.0 0.36056 985.0 2.1069 9.0 
0.08363 195.86221 56.0 3205.0 1.0 69.0 0.0 -0.1929 2.474 0.0 0.28284 990.0 2.1142 11.0 72.0 1.1071 0.0 1.374 0.0 0.31623 987.0 2.0365 10.0 78.0 2.6071 0.0 0.574 0.0 0.22361 983.0 2.0713 9.0 87.0 4.1071 0.0 0.074 0.0 0.22361 977.0 2.1474 8.0 94.0 5.5071 0.0 0.0 -0.426 0.22361 970.0 2.0988 7.0 
0.1903 75.75263 61.0 3208.0 1.0 46.0 0.0 -1.7929 0.874 0.0 0.31623 1001.0 1.801 21.0 47.0 0.1071 0.0 0.674 0.0 0.31623 1000.0 1.7355 19.0 44.0 1.5071 0.0 1.074 0.0 0.31623 1000.0 1.5211 18.0 46.0 2.9071 0.0 1.974 0.0 0.36056 1000.0 1.6625 18.0 48.0 4.4071 0.0 3.274 0.0 0.36056 1000.0 1.8102 19.0 
0.08566 265.94929 59.0 3210.0 1.0 84.0 0.0 -0.2929 3.074 0.0 0.28284 980.0 2.1839 11.0 88.0 1.0071 0.0 2.174 0.0 0.31623 975.0 2.0815 10.0 94.0 2.4071 0.0 1.274 0.0 0.22361 971.0 2.1488 9.0 100.0 3.7071 0.0 0.374 0.0 0.22361 966.0 2.1731 9.0 102.0 4.9071 0.0 0.0 -0.326 0.22361 962.0 2.0836 8.0 
0.06225 281.57238 56.0 3212.0 1.0 65.0 0.0 -0.3929 3.574 0.0 0.42426 993.0 2.1576 12.0 69.0 1.3071 0.0 2.174 0.0 0.36056 992.0 2.3156 12.0 68.0 3.1071 0.0 0.974 0.0 0.28284 991.0 2.1467 11.0 66.0 4.6071 0.0 0.0 -0.026 0.28284 991.0 2.0223 11.0 63.0 5.9071 0.0 0.0 -0.826 0.22361 991.0 1.8426 11.0 
0.05307 91.63024 65.0 3213.0 1.0 47.0 0.0 -2.2929 0.974 0.0 0.42426 1000.0 1.7355 12.0 49.0 0.0 -0.3929 0.0 -0.726 0.42426 999.0 1.7517 11.0 50.0 1.3071 0.0 0.0 -2.026 0.36056 997.0 1.5959 9.0 54.0 2.7071 0.0 0.0 -3.226 0.31623 994.0 1.5675 8.0 62.0 4.0071 0.0 0.0 -4.126 0.28284 990.0 1.707 7.0 
0.09996 156.04509 54.0 3214.0 1.0 80.0 0.0 -0.4929 2.974 0.0 0.44721 986.0 2.421 13.0 89.0 0.9071 0.0 1.074 0.0 0.36056 979.0 2.3795 11.0 105.0 2.7071 0.0 0.0 -0.426 0.42426 968.0 2.5 9.0 115.0 4.4071 0.0 0.0 -2.126 0.42426 952.0 2.2144 6.0 133.0 5.9071 0.0 0.0 -3.726 0.28284 929.0 2.1508 5.0 
0.06861 229.24514 150.0 3215.0 1.0 32.0 0.0 -2.3929 0.574 0.0 0.22361 1001.0 1.0 14.0 33.0 0.0 -1.8929 0.0 -0.826 0.22361 1000.0 1.0 13.0 33.0 0.0 -1.3929 0.0 -1.926 0.14142 999.0 1.0 12.0 35.0 0.0 -0.7929 0.0 -2.626 0.14142 999.0 1.0 15.0 38.0 0.0 -0.1929 0.0 -3.126 0.14142 997.0 1.0 13.0 
0.08474 238.17627 71.0 3216.0 1.0 83.0 0.4071 0.0 2.274 0.0 0.14142 978.0 2.0104 8.0 79.0 1.2071 0.0 1.774 0.0 0.1 978.0 1.8213 8.0 76.0 1.9071 0.0 1.374 0.0 0.2 979.0 1.7351 8.0 74.0 2.7071 0.0 1.074 0.0 0.14142 981.0 1.7478 9.0 73.0 3.4071 0.0 0.674 0.0 0.14142 981.0 1.7009 9.0 
0.02459 288.97303 58.0 3218.0 1.0 77.0 0.4071 0.0 3.274 0.0 0.36056 985.0 2.1628 10.0 84.0 1.8071 0.0 1.874 0.0 0.28284 980.0 2.1839 9.0 91.0 3.3071 0.0 0.674 0.0 0.28284 975.0 2.2258 8.0 92.0 4.7071 0.0 0.0 -0.426 0.22361 969.0 1.9647 5.0 88.0 5.9071 0.0 0.0 -1.126 0.2 970.0 1.8394 5.0 
0.02719 297.33762 95.0 3219.0 1.0 54.0 0.5071 0.0 4.074 0.0 0.5 1000.0 2.291 20.0 49.0 2.0071 0.0 1.774 0.0 0.42426 1000.0 1.8864 20.0 43.0 3.2071 0.0 0.0 -0.026 0.36056 1000.0 1.4527 18.0 40.0 4.0071 0.0 0.0 -1.326 0.22361 999.0 1.1673 15.0 38.0 4.6071 0.0 0.0 -2.326 0.14142 999.0 1.0535 14.0 
0.06948 108.43208 83.0 3220.0 1.0 44.0 0.0 -0.6929 2.174 0.0 0.42426 1000.0 1.5211 11.0 45.0 0.7071 0.0 0.674 0.0 0.36056 998.0 1.3789 10.0 48.0 2.0071 0.0 0.0 -0.726 0.28284 997.0 1.4708 9.0 51.0 3.1071 0.0 0.0 -2.026 0.22361 995.0 1.4759 11.0 58.0 4.0071 0.0 0.0 -2.926 0.14142 990.0 1.4939 9.0 
0.0666 135.31835 71.0 3221.0 1.0 46.0 0.0 -2.3929 0.574 0.0 0.36056 1000.0 1.6625 15.0 49.0 0.0 -0.7929 0.0 -0.926 0.36056 998.0 1.6349 13.0 50.0 0.7071 0.0 0.0 -1.626 0.3 997.0 1.5959 16.0 56.0 2.0071 0.0 0.0 -1.626 0.2 993.0 1.6015 13.0 62.0 3.1071 0.0 0.0 -1.226 0.22361 990.0 1.707 11.0 
0.04961 220.91639 129.0 3222.0 1.0 74.0 0.0 -0.3929 4.074 0.0 0.72111 995.0 2.5 14.0 70.0 1.6071 0.0 1.174 0.0 0.5 993.0 2.5 10.0 69.0 3.3071 0.0 0.0 -1.126 0.36056 990.0 2.1142 9.0 80.0 4.7071 0.0 0.0 -2.926 0.42426 982.0 2.1086 8.0 102.0 6.0071 0.0 0.0 -4.326 0.28284 963.0 2.1253 7.0 
0.0756 193.3831 79.0 3224.0 1.0 44.0 0.9071 0.0 1.974 0.0 0.22361 997.0 1.2359 16.0 45.0 1.5071 0.0 0.874 0.0 0.14142 996.0 1.2166 16.0 46.0 2.1071 0.0 0.074 0.0 0.14142 995.0 1.2007 15.0 48.0 2.7071 0.0 0.0 -0.526 0.14142 994.0 1.2385 14.0 51.0 3.4071 0.0 0.0 -0.926 0.14142 992.0 1.265 13.0 
0.09673 146.66903 82.0 3225.0 1.0 52.0 0.0 -2.3929 0.0 -0.026 0.31623 997.0 1.7261 14.0 60.0 0.0 -0.8929 0.974 0.0 0.28284 994.0 1.9352 13.0 66.0 0.3071 0.0 2.374 0.0 0.36056 991.0 2.0223 11.0 71.0 1.6071 0.0 3.674 0.0 0.28284 987.0 1.9803 10.0 73.0 2.8071 0.0 4.274 0.0 0.2 984.0 1.8769 9.0 
0.04321 237.69831 103.0 3226.0 1.0 57.0 1.6071 0.0 1.674 0.0 0.14142 991.0 1.5084 11.0 59.0 1.9071 0.0 0.974 0.0 0.14142 989.0 1.4814 11.0 62.0 2.4071 0.0 0.574 0.0 0.14142 987.0 1.5101 10.0 70.0 3.0071 0.0 0.674 0.0 0.1 983.0 1.6682 9.0 79.0 3.8071 0.0 1.274 0.0 0.14142 979.0 1.8748 8.0 
0.12387 210.46392 64.0 3227.0 1.0 52.0 2.2071 0.0 0.0 -0.226 0.22361 994.0 1.4536 13.0 48.0 1.8071 0.0 0.574 0.0 0.1 995.0 1.3074 13.0 45.0 1.6071 0.0 1.174 0.0 0.1 996.0 1.2166 14.0 43.0 1.6071 0.0 1.874 0.0 0.1 997.0 1.1803 15.0 41.0 1.9071 0.0 2.474 0.0 0.14142 998.0 1.1446 16.0 
0.07757 192.96022 59.0 3228.0 1.0 34.0 0.0 -1.0929 0.0 -2.026 0.22361 1002.0 1.0734 19.0 36.0 0.2071 0.0 0.0 -1.726 0.3 1002.0 1.2034 23.0 40.0 1.5071 0.0 0.0 -1.226 0.22361 1001.0 1.3618 20.0 44.0 2.8071 0.0 0.0 -0.526 0.22361 1000.0 1.5211 18.0 46.0 4.2071 0.0 0.274 0.0 0.31623 1000.0 1.6625 18.0 
0.06676 217.46672 98.0 3229.0 1.0 34.0 0.0 -1.9929 0.0 -1.026 0.28284 1001.0 1.0 18.0 34.0 0.0 -1.0929 0.0 -1.626 0.14142 1000.0 1.0 16.0 36.0 0.0 -0.2929 0.0 -2.026 0.14142 999.0 1.0 15.0 40.0 0.5071 0.0 0.0 -2.226 0.22361 999.0 1.1673 17.0 46.0 1.3071 0.0 0.0 -2.326 0.2 996.0 1.2713 15.0 
0.12312 132.05205 59.0 3231.0 1.0 58.0 0.1071 0.0 2.274 0.0 0.36056 995.0 1.9088 13.0 53.0 0.8071 0.0 0.874 0.0 0.28284 996.0 1.6877 14.0 50.0 1.6071 0.0 0.0 -0.226 0.14142 996.0 1.502 14.0 46.0 2.2071 0.0 0.0 -1.026 0.14142 997.0 1.3508 15.0 41.0 2.7071 0.0 0.0 -1.526 0.14142 998.0 1.1446 16.0 
0.05506 225.7077 109.0 3232.0 1.0 54.0 1.7071 0.0 0.0 -2.626 0.3 996.0 1.752 11.0 66.0 2.0071 0.0 0.0 -0.326 0.41231 993.0 2.2245 9.0 64.0 2.6071 0.0 1.974 0.0 0.31623 993.0 2.0918 9.0 57.0 3.2071 0.0 3.674 0.0 0.31623 995.0 1.8436 10.0 51.0 3.8071 0.0 5.074 0.0 0.2 996.0 1.5627 10.0 
0.02435 290.10581 48.0 3234.0 1.0 56.0 0.0071 0.0 4.074 0.0 0.5 999.0 2.2879 15.0 55.0 2.0071 0.0 1.674 0.0 0.56569 999.0 2.2069 14.0 53.0 3.9071 0.0 0.0 -0.526 0.5 999.0 2.0493 14.0 51.0 5.6071 0.0 0.0 -2.726 0.42426 999.0 1.8976 15.0 48.0 7.0071 0.0 0.0 -4.826 0.36056 999.0 1.6809 15.0 
0.06431 194.80947 67.0 3235.0 1.0 53.0 0.2071 0.0 2.374 0.0 0.28284 997.0 1.7931 15.0 53.0 1.2071 0.0 1.274 0.0 0.28284 996.0 1.6877 14.0 53.0 2.2071 0.0 0.474 0.0 0.2 995.0 1.5939 13.0 54.0 3.2071 0.0 0.174 0.0 0.1 994.0 1.5675 13.0 56.0 4.1071 0.0 0.174 0.0 0.2 993.0 1.6015 12.0 
0.0377 203.41205 47.0 3236.0 1.0 53.0 0.0 -0.0929 3.574 0.0 0.5 1000.0 2.207 19.0 52.0 1.4071 0.0 1.174 0.0 0.42426 1000.0 2.1245 18.0 52.0 3.0071 0.0 0.0 -0.826 0.28284 999.0 1.9727 18.0 53.0 4.7071 0.0 0.0 -2.526 0.36056 999.0 2.0493 18.0 53.0 6.6071 0.0 0.0 -4.126 0.36056 1000.0 2.207 18.0 
0.0328 181.8174 120.0 3237.0 1.0 23.0 0.0 -1.6929 0.474 0.0 0.0 1001.0 1.0 13.0 27.0 0.0 -1.4929 0.674 0.0 0.1 1000.0 1.0 12.0 31.0 0.0 -1.2929 1.074 0.0 0.14142 1000.0 1.0 15.0 36.0 0.0 -1.0929 1.674 0.0 0.1 998.0 1.0 13.0 40.0 0.0 -0.9929 2.274 0.0 0.14142 996.0 1.0 11.0 
0.07684 131.53413 86.0 3238.0 1.0 50.0 0.0 -1.5929 0.074 0.0 0.22361 996.0 1.502 11.0 57.0 0.0 -0.5929 0.0 -1.026 0.22361 991.0 1.5084 9.0 70.0 0.5071 0.0 0.0 -1.526 0.2 986.0 1.8536 10.0 88.0 1.7071 0.0 0.0 -1.426 0.2 974.0 2.0281 8.0 89.0 2.8071 0.0 0.0 -1.126 0.2 973.0 2.0226 7.0 
0.0982 306.81947 197.0 3239.0 1.0 77.0 0.1071 0.0 3.174 0.0 0.36056 986.0 2.2429 10.0 73.0 1.7071 0.0 2.174 0.0 0.31623 988.0 2.1772 10.0 70.0 3.2071 0.0 1.174 0.0 0.22361 988.0 2.0019 10.0 67.0 4.3071 0.0 0.274 0.0 0.22361 988.0 1.834 10.0 65.0 5.0071 0.0 0.0 -0.526 0.14142 987.0 1.6597 10.0 
0.02072 226.76369 45.0 3241.0 1.0 52.0 0.0 -3.6929 0.274 0.0 0.64031 1001.0 2.3015 18.0 53.0 0.0 -1.0929 0.0 -1.726 0.5831 1001.0 2.3909 17.0 54.0 1.6071 0.0 0.0 -3.226 0.44721 1000.0 2.291 21.0 60.0 4.4071 0.0 0.0 -4.326 0.44721 999.0 2.5 18.0 62.0 7.0071 0.0 0.0 -5.326 0.41231 998.0 2.5 16.0 
0.05058 202.60424 73.0 3242.0 1.0 83.0 0.6071 0.0 2.074 0.0 0.22361 977.0 1.9545 8.0 81.0 1.3071 0.0 1.274 0.0 0.1 976.0 1.8111 8.0 81.0 2.0071 0.0 1.074 0.0 0.2 976.0 1.8111 8.0 81.0 2.8071 0.0 0.974 0.0 0.2 976.0 1.8111 8.0 82.0 3.7071 0.0 0.974 0.0 0.22361 976.0 1.8561 8.0 
0.0275 273.42719 57.0 3243.0 1.0 53.0 0.3071 0.0 3.274 0.0 0.36056 997.0 1.7931 12.0 59.0 1.8071 0.0 1.674 0.0 0.36056 996.0 2.0914 14.0 65.0 3.4071 0.0 0.274 0.0 0.28284 992.0 2.0549 12.0 73.0 4.7071 0.0 0.0 -1.026 0.28284 987.0 2.0934 10.0 76.0 5.9071 0.0 0.0 -2.126 0.22361 983.0 1.9665 9.0 
0.02282 304.80217 41.0 3244.0 1.0 58.0 0.0 -0.2929 4.674 0.0 0.64031 1001.0 2.5 21.0 57.0 2.0071 0.0 1.874 0.0 0.64031 1001.0 2.5 21.0 56.0 4.4071 0.0 0.0 -0.626 0.5831 1001.0 2.5 21.0 53.0 6.6071 0.0 0.0 -3.126 0.5 1001.0 2.3909 22.0 48.0 8.5071 0.0 0.0 -5.326 0.36056 1002.0 2.1393 23.0 
0.04057 242.40648 63.0 3245.0 1.0 78.0 0.0 -1.1929 2.374 0.0 0.2 981.0 1.9419 9.0 93.0 0.2071 0.0 2.174 0.0 0.3 973.0 2.2085 7.0 98.0 2.0071 0.0 1.674 0.0 0.36056 971.0 2.3355 7.0 97.0 3.5071 0.0 0.574 0.0 0.28284 970.0 2.2349 7.0 100.0 4.6071 0.0 0.0 -0.526 0.28284 965.0 2.1279 7.0 
0.05366 205.57087 112.0 3246.0 1.0 34.0 0.0 -2.0929 0.0 -0.526 0.14142 999.0 1.0 16.0 37.0 0.0 -1.2929 0.0 -1.326 0.14142 998.0 1.0 15.0 40.0 0.0 -0.5929 0.0 -2.026 0.14142 998.0 1.0895 17.0 45.0 0.1071 0.0 0.0 -2.426 0.22361 995.0 1.149 15.0 52.0 0.8071 0.0 0.0 -2.626 0.1 993.0 1.3809 16.0 
0.14906 92.73958 43.0 3247.0 1.0 60.0 0.0 -0.0929 1.174 0.0 0.14142 990.0 1.5987 11.0 57.0 0.6071 0.0 0.574 0.0 0.14142 992.0 1.5802 12.0 54.0 1.4071 0.0 0.0 -0.026 0.22361 995.0 1.6546 13.0 50.0 2.4071 0.0 0.0 -0.726 0.28284 997.0 1.5959 14.0 45.0 3.4071 0.0 0.0 -1.526 0.22361 999.0 1.4773 16.0 
0.06636 220.1577 61.0 3248.0 1.0 53.0 0.0 -1.3929 1.774 0.0 0.2 996.0 1.6877 14.0 58.0 0.0 -0.1929 1.974 0.0 0.22361 993.0 1.7179 12.0 62.0 0.9071 0.0 2.074 0.0 0.2 990.0 1.707 11.0 67.0 1.9071 0.0 1.874 0.0 0.2 987.0 1.7634 10.0 75.0 3.2071 0.0 1.674 0.0 0.2 985.0 2.0519 9.0 
0.15528 106.36594 55.0 3249.0 1.0 56.0 0.0 -2.2929 0.674 0.0 0.3 998.0 2.1353 16.0 61.0 0.0 -0.3929 0.874 0.0 0.31623 994.0 2.0003 13.0 68.0 1.3071 0.0 1.674 0.0 0.36056 992.0 2.249 12.0 72.0 3.2071 0.0 2.574 0.0 0.31623 990.0 2.3021 11.0 72.0 5.1071 0.0 2.674 0.0 0.2 989.0 2.2062 10.0 
0.09154 242.72191 119.0 3250.0 1.0 63.0 0.0 -1.9929 2.074 0.0 0.3 992.0 1.9304 12.0 66.0 0.0 -0.6929 2.074 0.0 0.22361 989.0 1.8538 10.0 67.0 0.5071 0.0 2.474 0.0 0.2 988.0 1.834 10.0 69.0 1.7071 0.0 2.874 0.0 0.1 988.0 1.9451 10.0 67.0 2.8071 0.0 3.074 0.0 0.2 988.0 1.834 10.0 
0.04139 307.64479 96.0 3251.0 1.0 50.0 0.4071 0.0 0.0 -2.926 0.31623 998.0 1.7023 16.0 48.0 1.5071 0.0 0.0 -2.326 0.22361 997.0 1.4708 15.0 46.0 2.3071 0.0 0.0 -1.726 0.14142 997.0 1.3508 15.0 43.0 3.0071 0.0 0.0 -1.326 0.1 998.0 1.259 15.0 41.0 3.6071 0.0 0.0 -1.326 0.1 998.0 1.1446 16.0 
0.0704 265.29061 70.0 3253.0 1.0 54.0 0.0 -2.2929 1.874 0.0 0.2 995.0 1.6546 14.0 62.0 0.0 -0.9929 2.174 0.0 0.22361 991.0 1.7846 11.0 66.0 0.2071 0.0 2.974 0.0 0.28284 991.0 2.0223 11.0 64.0 1.7071 0.0 3.974 0.0 0.22361 993.0 2.0918 12.0 58.0 3.3071 0.0 4.474 0.0 0.31623 996.0 2.0211 13.0 
0.057 290.00089 83.0 3254.0 1.0 52.0 1.8071 0.0 0.0 -2.226 0.14142 994.0 1.4536 13.0 62.0 2.3071 0.0 0.0 -1.226 0.22361 990.0 1.707 11.0 67.0 3.0071 0.0 0.0 -0.226 0.22361 988.0 1.834 10.0 68.0 3.9071 0.0 0.774 0.0 0.22361 988.0 1.8891 10.0 66.0 4.9071 0.0 1.474 0.0 0.22361 988.0 1.7796 10.0 
0.07673 236.7213 44.0 3255.0 1.0 84.0 0.0 -1.9929 3.974 0.0 0.64031 987.0 2.5 11.0 100.0 0.8071 0.0 1.974 0.0 0.53852 978.0 2.5 8.0 111.0 3.4071 0.0 0.274 0.0 0.5 966.0 2.5 7.0 107.0 5.7071 0.0 0.0 -1.426 0.42426 968.0 2.5 7.0 96.0 7.6071 0.0 0.0 -3.026 0.42426 975.0 2.4771 8.0 
0.00448 229.16128 32.0 3256.0 1.0 55.0 0.0 -4.0929 1.574 0.0 0.64031 1001.0 2.5 13.0 59.0 0.0 -1.4929 0.0 -1.426 0.56569 1000.0 2.5 11.0 60.0 1.0071 0.0 0.0 -4.226 0.5831 998.0 2.4513 10.0 64.0 2.9071 0.0 0.0 -7.426 0.67082 998.0 2.5 13.0 68.0 4.7071 0.0 0.0 -10.726 0.44721 995.0 2.5 11.0 
0.05717 186.5357 64.0 3257.0 1.0 40.0 0.0 -0.2929 2.074 0.0 0.14142 1000.0 1.2571 14.0 46.0 0.8071 0.0 1.474 0.0 0.2 998.0 1.4408 12.0 50.0 2.1071 0.0 1.174 0.0 0.2 997.0 1.5959 11.0 52.0 3.4071 0.0 0.874 0.0 0.22361 996.0 1.6246 11.0 52.0 4.6071 0.0 0.574 0.0 0.1 996.0 1.6246 10.0 
0.12415 296.99307 85.0 3258.0 1.0 39.0 0.0 -0.3929 2.674 0.0 0.1 997.0 1.0 16.0 41.0 0.0 -0.0929 2.674 0.0 0.14142 996.0 1.01 15.0 43.0 0.2071 0.0 2.774 0.0 0.0 995.0 1.0492 14.0 45.0 0.4071 0.0 2.774 0.0 0.1 995.0 1.149 13.0 49.0 0.8071 0.0 2.874 0.0 0.1 994.0 1.2907 13.0 
0.02331 297.50954 103.0 3259.0 1.0 47.0 0.0 -3.0929 0.0 -1.026 0.42426 998.0 1.5041 10.0 49.0 0.0 -1.4929 0.0 -2.226 0.28284 997.0 1.5327 11.0 52.0 0.0 -0.0929 0.0 -2.826 0.22361 995.0 1.5343 11.0 59.0 1.0071 0.0 0.0 -3.026 0.1 989.0 1.4814 9.0 73.0 1.9071 0.0 0.0 -3.026 0.14142 982.0 1.7558 9.0 
0.12009 229.97278 68.0 3260.0 1.0 78.0 0.5071 0.0 2.574 0.0 0.28284 984.0 2.1428 19.0 90.0 1.7071 0.0 1.174 0.0 0.28284 970.0 1.924 13.0 120.0 2.8071 0.0 0.0 -0.026 0.22361 937.0 1.9352 9.0 157.0 3.7071 0.0 0.0 -0.926 0.22361 898.0 2.1892 8.0 175.0 4.6071 0.0 0.0 -1.726 0.22361 875.0 2.2666 7.0 
0.03292 245.0051 190.0 3262.0 1.0 75.0 2.3071 0.0 0.0 -1.226 0.2 981.0 1.7954 9.0 76.0 2.2071 0.0 0.0 -0.026 0.3 981.0 1.8436 9.0 75.0 2.2071 0.0 1.274 0.0 0.2 981.0 1.7954 9.0 71.0 2.3071 0.0 2.374 0.0 0.2 982.0 1.6609 9.0 71.0 2.3071 0.0 3.274 0.0 0.22361 980.0 1.5602 7.0 
0.11595 194.80947 63.0 3264.0 1.0 53.0 0.7071 0.0 1.874 0.0 0.1 993.0 1.4345 16.0 55.0 1.2071 0.0 1.274 0.0 0.14142 992.0 1.4713 15.0 58.0 2.0071 0.0 0.974 0.0 0.22361 992.0 1.6361 15.0 63.0 3.1071 0.0 1.274 0.0 0.31623 990.0 1.7625 14.0 67.0 4.4071 0.0 1.774 0.0 0.28284 989.0 1.9104 14.0 
0.17412 221.77751 59.0 3265.0 1.0 73.0 0.0 -2.2929 1.374 0.0 0.31623 986.0 2.0159 12.0 86.0 0.0 -0.6929 1.874 0.0 0.22361 977.0 2.0984 10.0 98.0 0.7071 0.0 2.774 0.0 0.28284 969.0 2.2294 9.0 116.0 2.4071 0.0 3.974 0.0 0.31623 955.0 2.3696 8.0 122.0 4.3071 0.0 4.274 0.0 0.3 950.0 2.413 7.0 
0.05429 232.11335 259.0 3266.0 1.0 70.0 0.0 -0.6929 2.774 0.0 0.36056 990.0 2.176 11.0 71.0 1.1071 0.0 1.774 0.0 0.31623 989.0 2.1453 11.0 73.0 2.9071 0.0 0.974 0.0 0.22361 988.0 2.1772 10.0 77.0 4.4071 0.0 0.374 0.0 0.22361 983.0 2.0186 9.0 85.0 5.7071 0.0 0.174 0.0 0.2 975.0 1.942 8.0 
0.05302 148.36538 69.0 3267.0 1.0 49.0 0.2071 0.0 3.074 0.0 0.53852 999.0 1.7517 12.0 46.0 1.2071 0.0 0.574 0.0 0.44721 998.0 1.4408 11.0 46.0 2.3071 0.0 0.0 -1.326 0.36056 998.0 1.4408 10.0 47.0 3.6071 0.0 0.0 -2.526 0.28284 996.0 1.3272 9.0 52.0 4.7071 0.0 0.0 -3.526 0.28284 994.0 1.4536 11.0 
0.0822 128.67033 55.0 3269.0 1.0 46.0 0.1071 0.0 1.974 0.0 0.36056 1000.0 1.6625 18.0 41.0 1.0071 0.0 0.574 0.0 0.28284 1000.0 1.3207 19.0 38.0 2.0071 0.0 0.0 -0.226 0.22361 1001.0 1.2291 20.0 35.0 3.0071 0.0 0.0 -0.426 0.1 1001.0 1.0427 21.0 33.0 3.8071 0.0 0.0 -0.326 0.1 1001.0 1.0 21.0 
0.0546 234.78183 51.0 3270.0 1.0 40.0 0.0 -2.6929 1.074 0.0 0.22361 1001.0 1.3618 21.0 46.0 0.0 -1.2929 1.674 0.0 0.36056 1000.0 1.6625 18.0 52.0 0.4071 0.0 2.674 0.0 0.44721 999.0 1.9727 18.0 56.0 2.8071 0.0 3.774 0.0 0.4 1000.0 2.4639 18.0 54.0 5.4071 0.0 3.574 0.0 0.41231 1000.0 2.291 19.0 
0.13808 119.2166 43.0 3271.0 1.0 50.0 0.0 -2.0929 0.974 0.0 0.3 1000.0 1.9642 19.0 53.0 0.0071 0.0 1.074 0.0 0.4 1000.0 2.207 18.0 57.0 2.6071 0.0 1.374 0.0 0.41231 1000.0 2.5 18.0 55.0 5.4071 0.0 1.674 0.0 0.4 1001.0 2.5 19.0 50.0 7.7071 0.0 2.474 0.0 0.44721 1001.0 2.1279 21.0 
0.05685 255.92004 71.0 3272.0 1.0 66.0 0.1071 0.0 2.674 0.0 0.14142 988.0 1.7796 8.0 66.0 1.0071 0.0 2.074 0.0 0.22361 988.0 1.7796 7.0 62.0 2.0071 0.0 1.674 0.0 0.2 990.0 1.707 8.0 58.0 3.1071 0.0 1.274 0.0 0.22361 993.0 1.7179 9.0 54.0 4.2071 0.0 0.674 0.0 0.14142 995.0 1.6546 10.0 
0.17327 173.59727 55.0 3276.0 1.0 118.0 0.0 -1.3929 3.274 0.0 0.5 962.0 2.5 8.0 134.0 0.9071 0.0 1.274 0.0 0.44721 937.0 2.4131 5.0 157.0 3.1071 0.0 0.0 -0.326 0.36056 908.0 2.3977 4.0 162.0 4.8071 0.0 0.0 -1.626 0.28284 898.0 2.3309 4.0 128.0 6.1071 0.0 0.0 -2.426 0.22361 936.0 2.1733 5.0 
0.05289 199.1832 46.0 3277.0 1.0 49.0 0.0 -0.1929 3.274 0.0 0.5 1001.0 2.0436 16.0 52.0 1.5071 0.0 0.974 0.0 0.5 1000.0 2.1245 15.0 54.0 3.3071 0.0 0.0 -1.226 0.42426 1000.0 2.291 14.0 56.0 5.2071 0.0 0.0 -3.326 0.42426 999.0 2.2879 13.0 52.0 7.0071 0.0 0.0 -5.226 0.28284 1000.0 2.1245 14.0 
0.05259 221.0686 114.0 3279.0 1.0 76.0 1.7071 0.0 1.874 0.0 0.3 982.0 1.903 9.0 74.0 1.9071 0.0 0.574 0.0 0.22361 983.0 1.8643 9.0 72.0 2.2071 0.0 0.0 -0.526 0.1 983.0 1.7649 9.0 68.0 2.4071 0.0 0.0 -1.226 0.1 984.0 1.6286 9.0 64.0 2.4071 0.0 0.0 -1.826 0.0 985.0 1.4941 9.0 
0.11127 98.73925 101.0 3282.0 1.0 41.0 0.4071 0.0 1.674 0.0 0.22361 999.0 1.2264 18.0 42.0 0.8071 0.0 0.374 0.0 0.22361 998.0 1.2011 17.0 44.0 1.2071 0.0 0.0 -0.726 0.14142 996.0 1.1632 15.0 49.0 1.6071 0.0 0.0 -1.326 0.14142 993.0 1.2262 15.0 60.0 2.0071 0.0 0.0 -1.726 0.1 988.0 1.4708 13.0 
0.02185 247.63516 52.0 3283.0 1.0 54.0 0.6071 0.0 3.474 0.0 0.5831 1000.0 2.291 15.0 55.0 2.0071 0.0 0.974 0.0 0.42426 998.0 2.0598 12.0 58.0 3.5071 0.0 0.0 -0.726 0.36056 996.0 2.0211 11.0 58.0 4.9071 0.0 0.0 -2.226 0.28284 995.0 1.9088 10.0 57.0 6.2071 0.0 0.0 -3.326 0.28284 995.0 1.8436 10.0 
0.06904 185.78119 78.0 3284.0 1.0 48.0 0.0 -1.8929 0.0 -0.026 0.22361 996.0 1.3843 13.0 59.0 0.0 -1.1929 1.174 0.0 0.22361 992.0 1.693 12.0 68.0 0.0 -0.3929 2.374 0.0 0.28284 988.0 1.8891 10.0 72.0 0.7071 0.0 3.574 0.0 0.28284 987.0 2.0365 10.0 69.0 2.1071 0.0 4.774 0.0 0.28284 990.0 2.1142 11.0 
0.04773 269.13383 94.0 3288.0 1.0 61.0 0.0 -1.4929 2.374 0.0 0.2 990.0 1.6524 11.0 67.0 0.0 -0.4929 2.374 0.0 0.22361 987.0 1.7634 10.0 73.0 0.7071 0.0 2.474 0.0 0.2 984.0 1.8769 9.0 76.0 2.0071 0.0 2.174 0.0 0.22361 984.0 2.0343 9.0 72.0 3.2071 0.0 1.574 0.0 0.22361 986.0 1.961 10.0 
0.22995 86.59753 212.0 3290.0 1.0 48.0 0.0 -1.3929 0.374 0.0 0.2 996.0 1.3843 15.0 57.0 0.0 -0.3929 0.674 0.0 0.14142 992.0 1.5802 12.0 64.0 0.4071 0.0 1.474 0.0 0.28284 989.0 1.7431 11.0 71.0 1.2071 0.0 2.774 0.0 0.28284 986.0 1.9069 10.0 77.0 2.1071 0.0 4.074 0.0 0.22361 983.0 2.0186 9.0 
0.17802 231.2076 141.0 3293.0 1.0 49.0 0.0 -0.2929 2.174 0.0 0.1 993.0 1.2262 12.0 50.0 0.0 -0.1929 2.074 0.0 0.1 992.0 1.2159 12.0 54.0 0.0071 0.0 2.374 0.0 0.1 991.0 1.3538 11.0 57.0 0.3071 0.0 2.974 0.0 0.1 990.0 1.4428 11.0 61.0 0.6071 0.0 3.774 0.0 0.2 989.0 1.5836 11.0 
0.15598 307.01618 89.0 3294.0 1.0 54.0 0.7071 0.0 2.774 0.0 0.1 990.0 1.2949 14.0 56.0 0.7071 0.0 2.674 0.0 0.1 989.0 1.3346 14.0 60.0 1.0071 0.0 2.874 0.0 0.1 988.0 1.4708 13.0 64.0 1.3071 0.0 3.474 0.0 0.14142 987.0 1.6091 13.0 67.0 1.8071 0.0 4.174 0.0 0.14142 985.0 1.6375 12.0 
0.06183 232.85955 66.0 3295.0 1.0 45.0 1.6071 0.0 2.274 0.0 0.22361 999.0 1.4773 17.0 45.0 1.9071 0.0 0.874 0.0 0.22361 998.0 1.3789 16.0 45.0 2.5071 0.0 0.0 -0.226 0.22361 998.0 1.3789 16.0 45.0 3.2071 0.0 0.0 -1.126 0.14142 998.0 1.3789 16.0 44.0 3.9071 0.0 0.0 -1.926 0.22361 998.0 1.3183 16.0 
0.11238 243.70976 159.0 3297.0 1.0 45.0 0.0 -0.1929 2.574 0.0 0.14142 996.0 1.2166 14.0 45.0 0.3071 0.0 2.174 0.0 0.1 995.0 1.149 14.0 47.0 0.7071 0.0 2.174 0.0 0.1 995.0 1.2535 13.0 48.0 1.1071 0.0 2.174 0.0 0.0 993.0 1.1766 12.0 50.0 1.4071 0.0 2.174 0.0 0.0 992.0 1.2159 12.0 
0.06856 155.51597 52.0 3298.0 1.0 68.0 0.0 -0.8929 2.674 0.0 0.42426 993.0 2.3614 12.0 73.0 1.0071 0.0 0.974 0.0 0.36056 990.0 2.3665 11.0 77.0 2.8071 0.0 0.0 -0.426 0.36056 988.0 2.4223 10.0 78.0 4.5071 0.0 0.0 -1.526 0.36056 986.0 2.3015 10.0 69.0 6.0071 0.0 0.0 -2.326 0.3 989.0 2.0261 10.0 
0.04392 265.39138 84.0 3299.0 1.0 52.0 1.0071 0.0 2.774 0.0 0.22361 996.0 1.6246 14.0 49.0 1.7071 0.0 1.674 0.0 0.14142 996.0 1.4425 14.0 47.0 2.4071 0.0 1.174 0.0 0.1 996.0 1.3272 14.0 48.0 3.0071 0.0 1.374 0.0 0.14142 995.0 1.3074 13.0 53.0 3.7071 0.0 2.074 0.0 0.22361 994.0 1.51 13.0 
0.11435 116.36837 87.0 3301.0 1.0 86.0 0.0 -0.7929 2.974 0.0 0.44721 985.0 2.5 7.0 84.0 0.7071 0.0 0.774 0.0 0.42426 983.0 2.4023 7.0 81.0 2.1071 0.0 0.0 -0.826 0.28284 982.0 2.1617 6.0 78.0 3.2071 0.0 0.0 -1.726 0.22361 981.0 1.9419 6.0 78.0 4.3071 0.0 0.0 -2.126 0.2 979.0 1.8277 6.0 
0.09178 124.12592 53.0 3302.0 1.0 58.0 0.0 -0.5929 1.974 0.0 0.28284 996.0 2.0211 14.0 61.0 0.8071 0.0 0.774 0.0 0.36056 993.0 1.9003 13.0 65.0 2.2071 0.0 0.0 -0.126 0.28284 990.0 1.8762 11.0 72.0 3.6071 0.0 0.0 -0.726 0.2 986.0 1.961 10.0 88.0 5.1071 0.0 0.0 -0.826 0.22361 976.0 2.1377 8.0 
0.08886 152.2047 60.0 3303.0 1.0 72.0 0.0 -1.0929 2.674 0.0 0.42426 992.0 2.5 12.0 72.0 0.5071 0.0 1.274 0.0 0.31623 987.0 2.0365 9.0 76.0 1.9071 0.0 0.474 0.0 0.22361 981.0 1.8436 7.0 86.0 3.1071 0.0 0.0 -0.126 0.22361 973.0 1.8885 6.0 106.0 4.4071 0.0 0.0 -0.626 0.22361 956.0 2.0134 5.0 
0.13763 261.47761 57.0 3304.0 1.0 70.0 0.0 -0.6929 3.174 0.0 0.36056 992.0 2.3832 19.0 71.0 0.9071 0.0 2.174 0.0 0.31623 988.0 2.0595 17.0 76.0 2.3071 0.0 1.674 0.0 0.22361 983.0 1.9665 15.0 89.0 3.5071 0.0 1.274 0.0 0.22361 973.0 2.0226 12.0 118.0 4.8071 0.0 0.674 0.0 0.22361 949.0 2.2221 9.0 
0.14482 110.53094 80.0 3305.0 1.0 80.0 0.0 -0.7929 1.874 0.0 0.28284 981.0 2.0427 9.0 82.0 0.2071 0.0 0.974 0.0 0.2 977.0 1.9077 8.0 89.0 1.2071 0.0 0.874 0.0 0.2 971.0 1.9263 7.0 94.0 2.2071 0.0 1.074 0.0 0.14142 968.0 2.0055 7.0 88.0 3.1071 0.0 1.774 0.0 0.22361 973.0 1.9774 7.0 
0.06699 261.25463 59.0 3306.0 1.0 52.0 0.0 -0.6929 2.674 0.0 0.22361 996.0 1.6246 15.0 57.0 0.6071 0.0 2.274 0.0 0.2 993.0 1.6592 13.0 62.0 1.7071 0.0 2.374 0.0 0.2 989.0 1.6359 11.0 69.0 2.8071 0.0 2.474 0.0 0.1 985.0 1.7367 10.0 80.0 3.8071 0.0 2.474 0.0 0.3 978.0 1.8677 8.0 
0.04484 81.03809 70.0 3307.0 1.0 43.0 0.0 -1.8929 1.574 0.0 0.36056 1001.0 1.5738 13.0 43.0 0.0 -0.5929 0.0 -0.426 0.36056 1000.0 1.4527 12.0 43.0 0.5071 0.0 0.0 -2.126 0.36056 999.0 1.3489 11.0 45.0 1.6071 0.0 0.0 -3.626 0.22361 998.0 1.3789 11.0 49.0 2.8071 0.0 0.0 -4.426 0.2 996.0 1.4425 11.0 
0.03815 255.47721 69.0 3309.0 1.0 55.0 1.8071 0.0 0.0 -2.126 0.2 993.0 1.5448 9.0 63.0 2.1071 0.0 0.0 -0.926 0.22361 990.0 1.7625 8.0 62.0 2.6071 0.0 0.174 0.0 0.14142 989.0 1.6359 8.0 59.0 3.2071 0.0 0.874 0.0 0.14142 991.0 1.6161 8.0 55.0 4.0071 0.0 1.274 0.0 0.14142 993.0 1.5448 9.0 
0.08706 180.48772 61.0 3310.0 1.0 55.0 0.0 -1.4929 0.0 -1.426 0.22361 994.0 1.6261 10.0 65.0 0.0071 0.0 0.0 -1.626 0.2 988.0 1.7261 8.0 83.0 1.4071 0.0 0.0 -1.526 0.31623 979.0 2.0695 8.0 98.0 2.9071 0.0 0.0 -0.926 0.22361 968.0 2.1798 7.0 109.0 4.4071 0.0 0.0 -0.326 0.2 959.0 2.2472 6.0 
0.04282 233.37275 68.0 3312.0 1.0 61.0 1.6071 0.0 0.0 -2.726 0.3 994.0 2.0003 12.0 65.0 2.0071 0.0 0.0 -0.626 0.31623 993.0 2.1576 12.0 59.0 2.3071 0.0 1.374 0.0 0.3 995.0 1.9752 13.0 51.0 2.5071 0.0 3.074 0.0 0.3 997.0 1.6604 14.0 46.0 2.6071 0.0 4.374 0.0 0.22361 998.0 1.4408 15.0 
0.04358 156.31647 63.0 3313.0 1.0 49.0 0.0 -2.4929 0.174 0.0 0.42426 999.0 1.7517 15.0 49.0 0.0 -0.6929 0.0 -1.226 0.42426 998.0 1.6349 14.0 51.0 0.8071 0.0 0.0 -2.526 0.28284 995.0 1.4759 12.0 56.0 2.2071 0.0 0.0 -3.426 0.22361 993.0 1.6015 14.0 66.0 3.6071 0.0 0.0 -4.026 0.22361 987.0 1.7112 11.0 
0.10643 94.60993 74.0 3315.0 1.0 46.0 0.3071 0.0 1.774 0.0 0.22361 999.0 1.5437 18.0 41.0 0.8071 0.0 0.274 0.0 0.22361 1000.0 1.3207 19.0 39.0 1.4071 0.0 0.0 -0.826 0.14142 1000.0 1.195 19.0 42.0 1.9071 0.0 0.0 -1.526 0.14142 998.0 1.2011 16.0 40.0 2.5071 0.0 0.0 -2.026 0.1 998.0 1.0895 16.0 
0.04952 214.70873 64.0 3316.0 1.0 51.0 0.0 -2.8929 2.674 0.0 0.63246 1000.0 2.0435 17.0 51.0 0.0 -1.7929 0.0 -0.726 0.53852 999.0 1.8976 16.0 52.0 0.0 -0.5929 0.0 -3.526 0.44721 998.0 1.8412 19.0 54.0 0.9071 0.0 0.0 -5.526 0.36056 996.0 1.752 17.0 57.0 2.6071 0.0 0.0 -6.526 0.3 993.0 1.6592 14.0 
0.03046 176.52373 65.0 3317.0 1.0 43.0 0.0 -2.5929 0.874 0.0 0.44721 1000.0 1.4527 12.0 44.0 0.0 -1.2929 0.0 -0.926 0.36056 999.0 1.4124 11.0 45.0 0.1071 0.0 0.0 -2.226 0.22361 999.0 1.4773 14.0 50.0 1.6071 0.0 0.0 -2.826 0.2 996.0 1.502 12.0 56.0 3.0071 0.0 0.0 -2.926 0.3 993.0 1.6015 10.0 
0.06767 211.97996 58.0 3318.0 1.0 73.0 0.0 -0.8929 2.574 0.0 0.36056 988.0 2.1772 10.0 80.0 0.7071 0.0 1.774 0.0 0.31623 982.0 2.1086 9.0 93.0 2.2071 0.0 1.374 0.0 0.2 971.0 2.1033 7.0 108.0 3.6071 0.0 1.374 0.0 0.2 958.0 2.1661 6.0 101.0 5.0071 0.0 1.574 0.0 0.2 965.0 2.1706 7.0 
0.04602 227.64058 69.0 3319.0 1.0 46.0 0.8071 0.0 3.074 0.0 0.31623 1001.0 1.801 20.0 43.0 1.6071 0.0 1.274 0.0 0.36056 1001.0 1.5738 20.0 38.0 2.3071 0.0 0.0 -0.126 0.22361 1001.0 1.2291 20.0 34.0 2.7071 0.0 0.0 -1.126 0.14142 1001.0 1.0 20.0 30.0 3.0071 0.0 0.0 -1.626 0.14142 1001.0 1.0 21.0 
0.0807 300.856 72.0 3320.0 1.0 79.0 0.0071 0.0 3.074 0.0 0.22361 980.0 1.9316 9.0 85.0 1.1071 0.0 2.474 0.0 0.2 975.0 1.942 8.0 95.0 2.4071 0.0 2.474 0.0 0.22361 967.0 2.0039 7.0 104.0 3.5071 0.0 2.774 0.0 0.22361 958.0 2.0086 6.0 109.0 4.5071 0.0 3.074 0.0 0.2 952.0 1.9893 6.0 
0.0577 186.90786 62.0 3322.0 1.0 97.0 0.0 -0.4929 3.674 0.0 0.5831 979.0 2.5 8.0 92.0 1.2071 0.0 1.174 0.0 0.42426 980.0 2.5 8.0 87.0 2.8071 0.0 0.0 -0.526 0.36056 980.0 2.3427 8.0 84.0 4.2071 0.0 0.0 -1.726 0.36056 980.0 2.1839 8.0 80.0 5.5071 0.0 0.0 -2.726 0.22361 981.0 2.0427 9.0 
0.137 141.91281 60.0 3323.0 1.0 61.0 0.0 -1.5929 1.874 0.0 0.31623 994.0 2.0003 17.0 68.0 0.1071 0.0 1.274 0.0 0.2 989.0 1.9678 14.0 75.0 1.5071 0.0 1.074 0.0 0.3 984.0 1.9811 12.0 85.0 2.9071 0.0 0.974 0.0 0.2 977.0 2.0498 10.0 98.0 4.2071 0.0 0.974 0.0 0.2 966.0 2.0871 9.0 
0.07987 284.57652 78.0 3324.0 1.0 58.0 0.5071 0.0 2.674 0.0 0.22361 991.0 1.5618 12.0 60.0 1.5071 0.0 2.074 0.0 0.2 989.0 1.5321 11.0 62.0 2.4071 0.0 1.774 0.0 0.14142 987.0 1.5101 10.0 65.0 3.1071 0.0 1.574 0.0 0.1 984.0 1.488 10.0 69.0 3.7071 0.0 1.474 0.0 0.14142 982.0 1.5686 9.0 
0.04048 257.667 100.0 3325.0 1.0 47.0 1.6071 0.0 2.074 0.0 0.22361 998.0 1.5041 16.0 45.0 2.1071 0.0 0.974 0.0 0.14142 997.0 1.2927 15.0 45.0 2.8071 0.0 0.274 0.0 0.1 997.0 1.2927 15.0 46.0 3.4071 0.0 0.0 -0.026 0.1 996.0 1.2713 14.0 47.0 4.1071 0.0 0.0 -0.126 0.1 995.0 1.2535 14.0 
0.05264 288.85788 53.0 3326.0 1.0 47.0 0.0 -0.2929 2.974 0.0 0.14142 998.0 1.5041 12.0 46.0 0.8071 0.0 2.474 0.0 0.1 998.0 1.4408 12.0 45.0 1.9071 0.0 2.274 0.0 0.2 998.0 1.3789 12.0 44.0 3.0071 0.0 2.274 0.0 0.2 999.0 1.4124 13.0 44.0 4.4071 0.0 2.174 0.0 0.3 1000.0 1.5211 14.0 
0.0783 308.14341 72.0 3329.0 1.0 45.0 0.0 -0.7929 3.074 0.0 0.1 996.0 1.2166 12.0 50.0 0.1071 0.0 2.774 0.0 0.1 995.0 1.4186 13.0 57.0 0.9071 0.0 2.974 0.0 0.2 991.0 1.5084 12.0 65.0 1.8071 0.0 3.274 0.0 0.14142 987.0 1.6597 10.0 73.0 2.6071 0.0 3.474 0.0 0.2 982.0 1.7558 9.0 
0.07916 260.1241 58.0 3332.0 1.0 69.0 0.5071 0.0 2.574 0.0 0.22361 986.0 1.801 13.0 73.0 1.4071 0.0 1.874 0.0 0.22361 980.0 1.6494 9.0 80.0 2.4071 0.0 1.374 0.0 0.1 975.0 1.7202 8.0 91.0 3.3071 0.0 1.274 0.0 0.22361 967.0 1.8387 7.0 117.0 4.4071 0.0 1.174 0.0 0.2 944.0 2.0263 5.0 
0.0672 194.1525 60.0 3333.0 1.0 84.0 0.0 -0.6929 2.374 0.0 0.28284 979.0 2.1196 8.0 82.0 0.5071 0.0 1.674 0.0 0.2 978.0 1.9622 8.0 84.0 1.7071 0.0 1.674 0.0 0.22361 977.0 2.0019 8.0 82.0 3.0071 0.0 2.174 0.0 0.22361 980.0 2.0811 8.0 80.0 4.4071 0.0 2.774 0.0 0.22361 982.0 2.1086 9.0 
0.08459 187.04361 85.0 3334.0 1.0 73.0 0.0 -1.2929 1.774 0.0 0.22361 984.0 1.8769 9.0 85.0 0.0 -0.1929 1.674 0.0 0.22361 975.0 1.942 8.0 95.0 0.9071 0.0 1.974 0.0 0.22361 967.0 2.0039 7.0 102.0 1.9071 0.0 2.574 0.0 0.22361 961.0 2.0435 6.0 94.0 2.8071 0.0 3.274 0.0 0.22361 967.0 1.9619 7.0 
0.06008 181.46604 54.0 3335.0 1.0 48.0 0.0 -1.0929 2.274 0.0 0.31623 999.0 1.6809 14.0 51.0 0.7071 0.0 1.474 0.0 0.31623 997.0 1.6604 13.0 57.0 2.3071 0.0 0.374 0.0 0.36056 996.0 1.952 14.0 64.0 3.8071 0.0 0.0 -1.026 0.36056 993.0 2.0918 12.0 69.0 5.3071 0.0 0.0 -2.226 0.36056 989.0 2.0261 11.0 
0.08668 218.67807 58.0 3336.0 1.0 81.0 0.0 -0.7929 3.874 0.0 0.5 990.0 2.5 13.0 85.0 1.3071 0.0 1.474 0.0 0.42426 985.0 2.5 12.0 96.0 3.1071 0.0 0.0 -0.326 0.36056 974.0 2.4136 10.0 117.0 4.6071 0.0 0.0 -1.926 0.28284 953.0 2.3303 8.0 136.0 5.9071 0.0 0.0 -3.326 0.36056 931.0 2.3038 6.0 
0.04457 193.3831 80.0 3338.0 1.0 66.0 0.8071 0.0 2.074 0.0 0.31623 990.0 1.9344 11.0 63.0 1.5071 0.0 0.874 0.0 0.14142 989.0 1.6891 11.0 63.0 2.1071 0.0 0.274 0.0 0.14142 988.0 1.6215 10.0 64.0 2.7071 0.0 0.0 -0.126 0.1 986.0 1.5495 10.0 66.0 3.3071 0.0 0.0 -0.126 0.1 985.0 1.589 9.0 
0.16942 12.23339 108.0 3339.0 1.0 38.0 0.0 -0.6929 1.274 0.0 0.28284 1000.0 1.1345 12.0 37.0 0.1071 0.0 0.0 -0.026 0.22361 999.0 1.0 11.0 38.0 0.6071 0.0 0.0 -1.126 0.14142 998.0 1.0 10.0 40.0 1.1071 0.0 0.0 -1.926 0.22361 997.0 1.0214 12.0 46.0 1.5071 0.0 0.0 -2.626 0.1 994.0 1.1375 10.0 
0.11273 216.84885 59.0 3340.0 1.0 74.0 0.0 -0.7929 3.174 0.0 0.42426 991.0 2.5 15.0 75.0 1.0071 0.0 1.674 0.0 0.36056 988.0 2.2981 13.0 80.0 2.6071 0.0 0.674 0.0 0.36056 983.0 2.1789 12.0 89.0 4.0071 0.0 0.0 -0.026 0.22361 971.0 1.9263 9.0 109.0 5.2071 0.0 0.0 -0.626 0.22361 950.0 1.9262 6.0 
0.15023 69.35559 70.0 3341.0 1.0 43.0 0.0 -0.7929 1.574 0.0 0.28284 1000.0 1.4527 19.0 48.0 0.4071 0.0 0.474 0.0 0.28284 998.0 1.5688 17.0 51.0 1.5071 0.0 0.0 -0.426 0.28284 997.0 1.6604 15.0 52.0 2.6071 0.0 0.0 -1.126 0.22361 996.0 1.6246 14.0 54.0 3.7071 0.0 0.0 -1.426 0.14142 994.0 1.5675 13.0 
0.02453 221.16333 45.0 3342.0 1.0 54.0 0.0 -1.1929 3.474 0.0 0.42426 1000.0 2.291 14.0 57.0 0.9071 0.0 1.774 0.0 0.44721 999.0 2.3703 13.0 58.0 3.1071 0.0 0.274 0.0 0.44721 999.0 2.4542 12.0 56.0 5.3071 0.0 0.0 -0.826 0.31623 998.0 2.1353 12.0 52.0 7.2071 0.0 0.0 -1.426 0.3 998.0 1.8412 12.0 
0.13167 87.40194 72.0 3343.0 1.0 39.0 0.0 -0.4929 1.474 0.0 0.28284 1000.0 1.195 20.0 40.0 0.4071 0.0 0.674 0.0 0.22361 999.0 1.1673 18.0 41.0 1.3071 0.0 0.274 0.0 0.14142 999.0 1.2264 17.0 42.0 2.1071 0.0 0.074 0.0 0.2 999.0 1.2869 17.0 43.0 3.1071 0.0 0.074 0.0 0.1 998.0 1.259 16.0 
0.14472 94.60993 88.0 3344.0 1.0 56.0 0.5071 0.0 1.274 0.0 0.2 993.0 1.6015 12.0 55.0 0.8071 0.0 0.274 0.0 0.14142 992.0 1.4713 12.0 55.0 1.3071 0.0 0.0 -0.326 0.14142 992.0 1.4713 12.0 56.0 1.8071 0.0 0.0 -0.926 0.1 991.0 1.4559 11.0 57.0 2.4071 0.0 0.0 -1.226 0.14142 991.0 1.5084 11.0 
0.11978 75.75263 77.0 3345.0 1.0 34.0 0.0 -0.5929 1.174 0.0 0.22361 1000.0 1.0 16.0 35.0 0.1071 0.0 0.674 0.0 0.2 999.0 1.0 15.0 37.0 0.8071 0.0 0.574 0.0 0.1 998.0 1.0 16.0 43.0 1.5071 0.0 0.674 0.0 0.1 997.0 1.1803 15.0 49.0 2.1071 0.0 0.974 0.0 0.1 994.0 1.2907 13.0 
0.06261 211.97996 44.0 3346.0 1.0 57.0 0.0 -1.8929 3.274 0.0 0.44721 1000.0 2.5 19.0 61.0 0.7071 0.0 1.774 0.0 0.44721 998.0 2.5 16.0 65.0 3.2071 0.0 0.774 0.0 0.41231 996.0 2.5 14.0 64.0 5.5071 0.0 0.674 0.0 0.4 995.0 2.3242 13.0 65.0 7.6071 0.0 1.274 0.0 0.31623 993.0 2.1576 13.0 
0.04645 218.30081 45.0 3349.0 1.0 58.0 0.0 -0.6929 3.874 0.0 0.64031 1000.0 2.5 19.0 59.0 1.4071 0.0 1.374 0.0 0.5 999.0 2.5 17.0 56.0 3.5071 0.0 0.0 -0.326 0.42426 999.0 2.2879 17.0 51.0 5.4071 0.0 0.0 -1.626 0.36056 1000.0 2.0435 18.0 47.0 7.2071 0.0 0.0 -2.626 0.31623 1001.0 1.8802 20.0 
0.01254 289.11412 53.0 3351.0 1.0 72.0 0.1071 0.0 3.974 0.0 0.5 994.0 2.5 13.0 68.0 1.9071 0.0 1.774 0.0 0.42426 993.0 2.3614 12.0 65.0 3.5071 0.0 0.174 0.0 0.28284 992.0 2.0549 12.0 66.0 4.8071 0.0 0.0 -0.826 0.28284 990.0 1.9344 11.0 65.0 6.0071 0.0 0.0 -1.626 0.22361 990.0 1.8762 11.0 
0.03708 203.01067 33.0 3352.0 1.0 48.0 0.0 -0.1929 3.174 0.0 0.36056 1001.0 1.961 15.0 44.0 1.2071 0.0 1.374 0.0 0.42426 1001.0 1.6478 16.0 39.0 2.7071 0.0 0.074 0.0 0.22361 1002.0 1.4123 18.0 35.0 4.1071 0.0 0.0 -0.626 0.22361 1002.0 1.1374 19.0 30.0 5.3071 0.0 0.0 -1.226 0.22361 1003.0 1.0 22.0 
0.029 193.3831 51.0 3353.0 1.0 81.0 0.3071 0.0 2.474 0.0 0.28284 984.0 2.3108 9.0 76.0 1.5071 0.0 0.874 0.0 0.28284 986.0 2.185 9.0 70.0 2.8071 0.0 0.0 -0.026 0.31623 989.0 2.0853 10.0 64.0 4.3071 0.0 0.0 -0.526 0.31623 992.0 1.9922 12.0 58.0 5.9071 0.0 0.0 -1.126 0.31623 995.0 1.9088 13.0 
0.04542 105.61733 60.0 3354.0 1.0 40.0 0.0 -2.2929 1.274 0.0 0.36056 1001.0 1.3618 13.0 42.0 0.0 -0.7929 0.0 -0.526 0.36056 1000.0 1.3859 12.0 44.0 0.7071 0.0 0.0 -2.126 0.36056 1000.0 1.5211 11.0 47.0 2.3071 0.0 0.0 -3.426 0.31623 999.0 1.6116 14.0 50.0 4.0071 0.0 0.0 -4.126 0.22361 997.0 1.5959 12.0 
0.04886 201.65087 57.0 3356.0 1.0 44.0 0.0 -1.1929 2.374 0.0 0.31623 1001.0 1.6478 12.0 47.0 0.9071 0.0 1.574 0.0 0.41231 1001.0 1.8802 16.0 49.0 2.8071 0.0 0.774 0.0 0.31623 999.0 1.7517 13.0 51.0 4.5071 0.0 0.374 0.0 0.22361 998.0 1.7711 12.0 50.0 5.8071 0.0 0.174 0.0 0.31623 997.0 1.5959 11.0 
0.04897 192.1136 60.0 3357.0 1.0 95.0 0.0 -0.0929 2.474 0.0 0.28284 968.0 2.0484 7.0 92.0 0.9071 0.0 1.474 0.0 0.22361 971.0 2.0583 7.0 93.0 2.1071 0.0 0.474 0.0 0.28284 972.0 2.1546 7.0 97.0 3.4071 0.0 0.0 -0.426 0.22361 970.0 2.2349 7.0 100.0 4.8071 0.0 0.0 -1.226 0.31623 967.0 2.2204 7.0 
0.07209 270.00728 59.0 3359.0 1.0 71.0 0.5071 0.0 0.0 -2.626 0.22361 985.0 1.8388 10.0 93.0 1.6071 0.0 0.0 -1.826 0.22361 969.0 2.0077 7.0 103.0 2.6071 0.0 0.0 -0.826 0.28284 962.0 2.1247 6.0 108.0 3.8071 0.0 0.374 0.0 0.28284 959.0 2.2062 6.0 105.0 5.0071 0.0 1.374 0.0 0.31623 962.0 2.208 6.0 
0.08263 248.58317 149.0 3361.0 1.0 52.0 1.2071 0.0 2.374 0.0 0.22361 996.0 1.6246 19.0 51.0 1.9071 0.0 1.174 0.0 0.14142 995.0 1.4759 18.0 49.0 2.4071 0.0 0.374 0.0 0.14142 995.0 1.3624 17.0 49.0 2.9071 0.0 0.0 -0.026 0.0 993.0 1.2262 16.0 50.0 3.2071 0.0 0.0 -0.026 0.1 992.0 1.2159 15.0 
0.04606 233.34002 87.0 3362.0 1.0 65.0 1.0071 0.0 2.174 0.0 0.22361 991.0 1.9615 14.0 65.0 1.8071 0.0 1.074 0.0 0.14142 989.0 1.798 14.0 66.0 2.5071 0.0 0.474 0.0 0.1 986.0 1.6478 13.0 71.0 3.1071 0.0 0.374 0.0 0.1 981.0 1.609 11.0 82.0 3.6071 0.0 0.774 0.0 0.14142 974.0 1.761 10.0 
0.1726 108.11687 85.0 3363.0 1.0 56.0 0.0 -0.8929 0.974 0.0 0.2 992.0 1.5252 12.0 59.0 0.0071 0.0 0.974 0.0 0.22361 990.0 1.5458 11.0 64.0 0.8071 0.0 1.374 0.0 0.22361 988.0 1.6734 10.0 69.0 1.6071 0.0 1.974 0.0 0.22361 983.0 1.6209 8.0 77.0 2.5071 0.0 2.674 0.0 0.14142 977.0 1.6821 6.0 
0.09444 134.51288 79.0 3364.0 1.0 57.0 0.0 -0.0929 2.474 0.0 0.41231 996.0 1.952 19.0 54.0 1.0071 0.0 0.674 0.0 0.36056 995.0 1.6546 17.0 55.0 2.1071 0.0 0.0 -0.826 0.28284 994.0 1.6261 14.0 60.0 3.1071 0.0 0.0 -1.826 0.14142 989.0 1.5321 12.0 73.0 3.9071 0.0 0.0 -2.326 0.2 982.0 1.7558 12.0 
0.02024 301.26894 43.0 3365.0 1.0 83.0 0.0 -5.9929 0.0 -0.326 1.11803 1001.0 2.5 18.0 73.0 0.0 -0.9929 0.0 -2.526 0.76158 1000.0 2.5 16.0 63.0 2.7071 0.0 0.0 -3.726 0.5099 999.0 2.5 14.0 61.0 5.5071 0.0 0.0 -4.226 0.4 997.0 2.3753 14.0 65.0 7.8071 0.0 0.0 -4.226 0.31623 994.0 2.2712 13.0 
0.04317 313.00714 48.0 3366.0 1.0 85.0 0.0 -0.1929 4.074 0.0 0.56569 988.0 2.5 11.0 88.0 2.1071 0.0 1.874 0.0 0.56569 983.0 2.5 9.0 90.0 4.1071 0.0 0.0 -0.126 0.42426 980.0 2.5 9.0 84.0 5.8071 0.0 0.0 -2.126 0.44721 984.0 2.4851 9.0 72.0 7.1071 0.0 0.0 -4.326 0.44721 990.0 2.3021 11.0 
0.02297 196.25184 42.0 3367.0 1.0 52.0 0.0 -3.6929 0.174 0.0 0.5831 1001.0 2.3015 17.0 57.0 0.0 -0.8929 0.0 -1.526 0.5831 1000.0 2.5 18.0 64.0 2.2071 0.0 0.0 -3.226 0.53852 999.0 2.5 18.0 69.0 5.4071 0.0 0.0 -4.326 0.5099 997.0 2.5 15.0 66.0 8.2071 0.0 0.0 -4.926 0.5 996.0 2.5 14.0 
0.06013 312.59985 66.0 3370.0 1.0 63.0 0.0 -0.3929 0.0 -2.826 0.2 987.0 1.5592 8.0 82.0 0.7071 0.0 0.0 -2.726 0.2 976.0 1.8561 8.0 105.0 1.7071 0.0 0.0 -2.426 0.22361 956.0 1.9755 6.0 118.0 2.6071 0.0 0.0 -1.826 0.14142 943.0 2.0317 5.0 120.0 3.4071 0.0 0.0 -0.926 0.22361 943.0 2.1011 5.0 
0.0913 216.84885 58.0 3371.0 1.0 67.0 0.0 -0.3929 2.974 0.0 0.28284 992.0 2.1833 15.0 70.0 1.0071 0.0 1.674 0.0 0.36056 989.0 2.0853 14.0 71.0 2.4071 0.0 0.374 0.0 0.28284 988.0 2.0595 13.0 73.0 3.8071 0.0 0.0 -0.826 0.36056 988.0 2.1772 13.0 68.0 5.2071 0.0 0.0 -2.226 0.28284 989.0 1.9678 11.0 
0.16321 77.04923 61.0 3372.0 1.0 43.0 0.0 -0.6929 2.374 0.0 0.36056 1001.0 1.5738 15.0 44.0 0.5071 0.0 0.474 0.0 0.36056 1000.0 1.5211 16.0 48.0 1.9071 0.0 0.0 -1.126 0.28284 999.0 1.6809 14.0 52.0 3.4071 0.0 0.0 -2.226 0.36056 997.0 1.7261 14.0 58.0 4.9071 0.0 0.0 -2.826 0.22361 994.0 1.8084 13.0 
0.19579 92.42951 55.0 3373.0 1.0 91.0 0.0 -1.0929 1.474 0.0 0.28284 974.0 2.1687 10.0 100.0 0.3071 0.0 0.774 0.0 0.22361 966.0 2.1731 9.0 107.0 1.6071 0.0 0.474 0.0 0.3 958.0 2.1261 8.0 119.0 3.0071 0.0 0.574 0.0 0.2 947.0 2.1915 7.0 121.0 4.5071 0.0 0.974 0.0 0.2 947.0 2.2657 7.0 
0.01881 192.87592 48.0 3374.0 1.0 60.0 0.0 -3.7929 1.674 0.0 0.78102 1001.0 2.5 18.0 59.0 0.0 -0.9929 0.0 -1.426 0.64031 1000.0 2.5 16.0 59.0 1.7071 0.0 0.0 -3.826 0.5 999.0 2.5 14.0 58.0 4.2071 0.0 0.0 -5.226 0.41231 997.0 2.1474 13.0 61.0 6.3071 0.0 0.0 -5.926 0.41231 995.0 2.1114 14.0 
0.03482 265.39138 106.0 3376.0 1.0 63.0 0.9071 0.0 2.974 0.0 0.28284 992.0 1.9304 12.0 60.0 1.7071 0.0 1.674 0.0 0.14142 991.0 1.6713 12.0 58.0 2.5071 0.0 0.974 0.0 0.1 991.0 1.5618 11.0 59.0 3.2071 0.0 0.874 0.0 0.14142 990.0 1.5458 11.0 63.0 3.9071 0.0 1.274 0.0 0.22361 988.0 1.6215 10.0 
0.05401 119.15354 120.0 3379.0 1.0 32.0 0.5071 0.0 1.374 0.0 0.14142 1001.0 1.0 12.0 32.0 0.9071 0.0 0.574 0.0 0.22361 1000.0 1.0 11.0 33.0 1.3071 0.0 0.0 -0.126 0.14142 999.0 1.0 10.0 36.0 1.7071 0.0 0.0 -0.526 0.14142 999.0 1.0 13.0 42.0 2.1071 0.0 0.0 -0.826 0.14142 996.0 1.0598 11.0 
0.17784 163.93864 54.0 3381.0 1.0 57.0 0.0 -1.6929 1.774 0.0 0.31623 993.0 1.6592 14.0 63.0 0.0 -0.0929 1.474 0.0 0.3 990.0 1.7625 15.0 76.0 1.3071 0.0 1.774 0.0 0.22361 981.0 1.8436 12.0 95.0 2.7071 0.0 2.174 0.0 0.2 968.0 2.0484 12.0 134.0 4.2071 0.0 2.274 0.0 0.31623 932.0 2.2642 8.0 
0.08701 105.1813 76.0 3382.0 1.0 45.0 0.1071 0.0 2.974 0.0 0.5099 1001.0 1.7236 13.0 45.0 0.9071 0.0 0.274 0.0 0.41231 1000.0 1.591 12.0 45.0 1.7071 0.0 0.0 -2.126 0.31623 999.0 1.4773 11.0 43.0 2.5071 0.0 0.0 -3.826 0.22361 999.0 1.3489 14.0 44.0 3.3071 0.0 0.0 -4.626 0.22361 997.0 1.2359 12.0 
0.15743 110.53094 73.0 3384.0 1.0 37.0 0.0071 0.0 1.374 0.0 0.1 999.0 1.0 17.0 35.0 0.2071 0.0 0.974 0.0 0.1 999.0 1.0 17.0 37.0 0.7071 0.0 1.174 0.0 0.14142 999.0 1.0 17.0 40.0 1.3071 0.0 1.874 0.0 0.14142 999.0 1.1673 17.0 43.0 2.1071 0.0 2.674 0.0 0.28284 999.0 1.3489 17.0 
0.06106 293.6286 57.0 3385.0 1.0 61.0 0.2071 0.0 3.274 0.0 0.28284 994.0 2.0003 21.0 63.0 1.5071 0.0 2.174 0.0 0.22361 992.0 1.9304 19.0 66.0 2.8071 0.0 1.474 0.0 0.22361 990.0 1.9344 18.0 70.0 4.3071 0.0 0.974 0.0 0.22361 988.0 2.0019 17.0 73.0 5.7071 0.0 0.774 0.0 0.2 986.0 2.0159 16.0 
0.05008 274.02945 65.0 3387.0 1.0 40.0 0.8071 0.0 2.774 0.0 0.14142 998.0 1.0895 13.0 45.0 1.6071 0.0 1.874 0.0 0.22361 996.0 1.2166 12.0 51.0 2.5071 0.0 1.274 0.0 0.22361 994.0 1.3982 14.0 58.0 3.5071 0.0 0.674 0.0 0.1 990.0 1.4939 12.0 67.0 4.4071 0.0 0.274 0.0 0.22361 985.0 1.6375 10.0 
0.17904 107.02187 63.0 3389.0 1.0 89.0 0.0 -1.2929 1.674 0.0 0.36056 979.0 2.3795 8.0 90.0 0.4071 0.0 0.874 0.0 0.36056 976.0 2.236 8.0 91.0 2.0071 0.0 0.074 0.0 0.28284 975.0 2.2258 8.0 93.0 3.5071 0.0 0.0 -1.126 0.28284 974.0 2.2651 8.0 91.0 4.8071 0.0 0.0 -2.126 0.22361 974.0 2.1687 7.0 
0.09302 218.1766 90.0 3392.0 1.0 50.0 0.0 -1.4929 1.874 0.0 0.2 995.0 1.4186 14.0 57.0 0.0 -0.5929 1.874 0.0 0.14142 991.0 1.5084 11.0 63.0 0.2071 0.0 2.174 0.0 0.14142 988.0 1.6215 10.0 72.0 1.0071 0.0 2.674 0.0 0.14142 983.0 1.7649 9.0 85.0 1.9071 0.0 3.174 0.0 0.14142 974.0 1.8922 8.0 
0.06081 210.46392 103.0 3395.0 1.0 32.0 1.8071 0.0 1.274 0.0 0.1 1000.0 1.0 16.0 32.0 1.8071 0.0 0.574 0.0 0.14142 1000.0 1.0 15.0 33.0 1.9071 0.0 0.174 0.0 0.1 998.0 1.0 13.0 39.0 1.9071 0.0 0.0 -0.026 0.14142 997.0 1.0 15.0 44.0 2.0071 0.0 0.0 -0.326 0.1 995.0 1.0985 13.0 
0.07454 158.28796 65.0 3396.0 1.0 46.0 0.0 -1.4929 0.0 -1.226 0.3 998.0 1.4408 13.0 52.0 0.0071 0.0 0.0 -1.426 0.3 995.0 1.5343 11.0 60.0 1.5071 0.0 0.0 -1.426 0.2 992.0 1.7509 12.0 66.0 2.8071 0.0 0.0 -1.326 0.2 989.0 1.8538 11.0 72.0 4.0071 0.0 0.0 -1.326 0.22361 984.0 1.8258 9.0 
0.06338 310.58559 61.0 3397.0 1.0 60.0 0.1071 0.0 3.174 0.0 0.22361 993.0 1.8385 16.0 61.0 1.3071 0.0 2.474 0.0 0.22361 991.0 1.7275 15.0 63.0 2.4071 0.0 2.074 0.0 0.2 990.0 1.7625 14.0 68.0 3.7071 0.0 1.774 0.0 0.2 988.0 1.8891 13.0 72.0 5.0071 0.0 1.674 0.0 0.2 986.0 1.961 13.0 
0.1138 113.60601 104.0 3398.0 1.0 50.0 0.3071 0.0 1.574 0.0 0.22361 996.0 1.502 15.0 49.0 0.9071 0.0 0.474 0.0 0.22361 996.0 1.4425 14.0 49.0 1.6071 0.0 0.0 -0.026 0.14142 995.0 1.3624 13.0 51.0 2.3071 0.0 0.0 -0.126 0.1 993.0 1.3283 13.0 56.0 2.8071 0.0 0.374 0.0 0.14142 991.0 1.4559 11.0 
0.05533 238.06916 61.0 3399.0 1.0 38.0 0.9071 0.0 0.0 -2.226 0.14142 999.0 1.0535 17.0 47.0 1.5071 0.0 0.0 -1.526 0.22361 997.0 1.4101 15.0 51.0 2.4071 0.0 0.0 -0.626 0.22361 996.0 1.5627 14.0 54.0 3.4071 0.0 0.374 0.0 0.28284 995.0 1.6546 14.0 56.0 4.6071 0.0 1.174 0.0 0.31623 995.0 1.7795 13.0 
0.05659 183.86527 71.0 3402.0 1.0 53.0 0.4071 0.0 2.274 0.0 0.36056 997.0 1.7931 15.0 52.0 1.4071 0.0 0.874 0.0 0.28284 997.0 1.7261 15.0 52.0 2.5071 0.0 0.0 -0.026 0.14142 996.0 1.6246 14.0 54.0 3.5071 0.0 0.0 -0.526 0.22361 995.0 1.6546 13.0 56.0 4.6071 0.0 0.0 -0.926 0.2 993.0 1.6015 12.0 
0.27617 63.71887 166.0 3405.0 1.0 45.0 0.0 -0.5929 0.574 0.0 0.1 997.0 1.2927 15.0 45.0 0.0071 0.0 0.574 0.0 0.14142 996.0 1.2166 14.0 46.0 0.5071 0.0 0.974 0.0 0.14142 996.0 1.2713 14.0 47.0 0.9071 0.0 1.774 0.0 0.14142 996.0 1.3272 14.0 50.0 1.4071 0.0 2.774 0.0 0.22361 996.0 1.502 14.0 
0.09961 226.37542 69.0 3406.0 1.0 74.0 0.0 -0.3929 3.274 0.0 0.42426 991.0 2.5 11.0 78.0 1.5071 0.0 1.374 0.0 0.42426 989.0 2.5 10.0 79.0 3.3071 0.0 0.0 -0.326 0.36056 986.0 2.3609 10.0 82.0 4.8071 0.0 0.0 -1.626 0.28284 981.0 2.1462 9.0 85.0 5.9071 0.0 0.0 -2.726 0.28284 977.0 2.0498 8.0 
0.09024 253.76665 97.0 3408.0 1.0 58.0 0.0071 0.0 0.0 -2.526 0.31623 995.0 1.9088 14.0 68.0 1.6071 0.0 0.0 -1.626 0.36056 991.0 2.1467 11.0 69.0 3.2071 0.0 0.0 -0.326 0.31623 991.0 2.2103 11.0 66.0 4.8071 0.0 0.374 0.0 0.22361 991.0 2.0223 11.0 62.0 6.0071 0.0 1.074 0.0 0.22361 991.0 1.7846 11.0 
0.04093 218.30081 61.0 3409.0 1.0 48.0 0.0 -0.2929 2.874 0.0 0.42426 1000.0 1.8102 20.0 49.0 1.4071 0.0 1.374 0.0 0.36056 999.0 1.7517 14.0 49.0 3.0071 0.0 0.0 -0.226 0.42426 999.0 1.7517 14.0 46.0 4.5071 0.0 0.0 -1.626 0.28284 999.0 1.5437 14.0 43.0 5.7071 0.0 0.0 -2.726 0.22361 999.0 1.3489 14.0 
0.07702 291.14152 53.0 3410.0 1.0 70.0 0.0 -1.0929 3.174 0.0 0.44721 994.0 2.5 13.0 76.0 1.3071 0.0 2.274 0.0 0.44721 990.0 2.5 11.0 78.0 3.4071 0.0 0.874 0.0 0.36056 988.0 2.4856 10.0 76.0 5.0071 0.0 0.0 -0.326 0.28284 986.0 2.185 10.0 66.0 6.3071 0.0 0.0 -1.126 0.22361 990.0 1.9344 11.0 
0.05544 203.41205 68.0 3412.0 1.0 53.0 0.0 -0.4929 3.474 0.0 0.56569 999.0 2.0493 11.0 53.0 1.4071 0.0 1.174 0.0 0.5 998.0 1.9127 10.0 53.0 2.9071 0.0 0.0 -0.826 0.36056 996.0 1.6877 9.0 51.0 4.2071 0.0 0.0 -2.226 0.28284 996.0 1.5627 11.0 54.0 5.2071 0.0 0.0 -3.126 0.22361 992.0 1.4182 10.0 
0.09889 281.07704 70.0 3413.0 1.0 68.0 0.0 -1.0929 0.0 -3.326 0.41231 992.0 2.249 10.0 79.0 1.2071 0.0 0.0 -2.226 0.44721 988.0 2.5 10.0 82.0 3.1071 0.0 0.0 -1.026 0.22361 982.0 2.2154 9.0 92.0 4.5071 0.0 0.0 -0.226 0.22361 973.0 2.1612 7.0 93.0 5.7071 0.0 0.474 0.0 0.22361 970.0 2.0544 7.0 
0.16584 202.03239 56.0 3414.0 1.0 68.0 0.0 -1.8929 2.474 0.0 0.41231 994.0 2.4857 13.0 74.0 0.4071 0.0 1.774 0.0 0.41231 991.0 2.5 11.0 76.0 2.6071 0.0 0.974 0.0 0.31623 989.0 2.4581 10.0 71.0 4.4071 0.0 0.0 -0.026 0.22361 990.0 2.2386 11.0 60.0 5.7071 0.0 0.0 -0.726 0.31623 993.0 1.8385 12.0 
0.06204 255.23548 76.0 3415.0 1.0 45.0 0.0 -2.3929 1.374 0.0 0.22361 1001.0 1.7236 15.0 44.0 0.0 -0.9929 2.074 0.0 0.22361 1000.0 1.5211 14.0 43.0 0.1071 0.0 3.174 0.0 0.28284 1000.0 1.4527 14.0 43.0 1.3071 0.0 4.274 0.0 0.31623 1001.0 1.5738 15.0 41.0 2.8071 0.0 4.974 0.0 0.3 1001.0 1.4308 16.0 
0.09918 292.49093 84.0 3416.0 1.0 53.0 0.1071 0.0 2.774 0.0 0.14142 993.0 1.4345 16.0 58.0 0.9071 0.0 2.474 0.0 0.2 992.0 1.6361 15.0 62.0 1.9071 0.0 2.074 0.0 0.2 990.0 1.707 14.0 63.0 2.9071 0.0 1.674 0.0 0.22361 990.0 1.7625 14.0 63.0 3.9071 0.0 1.274 0.0 0.1 989.0 1.6891 14.0 
0.15776 197.18382 42.0 3417.0 1.0 78.0 0.0 -4.0929 0.374 0.0 0.80623 996.0 2.5 13.0 86.0 0.0 -0.0929 1.774 0.0 0.6 992.0 2.5 12.0 84.0 3.2071 0.0 1.774 0.0 0.5 988.0 2.5 11.0 83.0 5.9071 0.0 2.174 0.0 0.41231 986.0 2.5 10.0 89.0 8.3071 0.0 2.974 0.0 0.31623 981.0 2.5 9.0 
0.13617 97.5605 50.0 3418.0 1.0 74.0 0.0 -1.8929 0.974 0.0 0.3 988.0 2.2372 10.0 78.0 0.0 -0.0929 0.874 0.0 0.31623 985.0 2.2193 9.0 80.0 1.8071 0.0 1.374 0.0 0.4 986.0 2.421 10.0 81.0 3.9071 0.0 1.274 0.0 0.41231 985.0 2.3933 9.0 79.0 5.9071 0.0 0.774 0.0 0.3 985.0 2.2766 9.0 
0.12687 142.90345 60.0 3420.0 1.0 51.0 0.0 -1.9929 0.0 -0.326 0.36056 997.0 1.6604 14.0 57.0 0.0 -0.3929 0.0 -1.226 0.22361 994.0 1.7465 14.0 66.0 1.2071 0.0 0.0 -1.626 0.3 991.0 2.0223 15.0 78.0 2.9071 0.0 0.0 -1.626 0.2 984.0 2.1428 12.0 87.0 4.4071 0.0 0.0 -1.726 0.2 977.0 2.1474 10.0 
0.2076 74.81815 92.0 3422.0 1.0 60.0 0.0 -1.0929 1.174 0.0 0.28284 992.0 1.7509 12.0 58.0 0.0071 0.0 0.674 0.0 0.1 992.0 1.6361 12.0 56.0 0.9071 0.0 0.574 0.0 0.14142 992.0 1.5252 12.0 54.0 1.5071 0.0 0.374 0.0 0.1 992.0 1.4182 12.0 55.0 2.2071 0.0 0.274 0.0 0.1 991.0 1.4044 11.0 
0.19594 79.14903 54.0 3423.0 1.0 53.0 0.0 -1.4929 2.374 0.0 0.56569 1000.0 2.207 12.0 52.0 0.6071 0.0 0.374 0.0 0.5 999.0 1.9727 15.0 51.0 2.4071 0.0 0.0 -1.026 0.31623 998.0 1.7711 13.0 54.0 4.0071 0.0 0.0 -1.526 0.3 995.0 1.6546 11.0 63.0 5.5071 0.0 0.0 -1.326 0.3 991.0 1.8426 12.0 
0.10987 163.6159 72.0 3424.0 1.0 63.0 0.0 -0.4929 1.674 0.0 0.14142 987.0 1.5592 10.0 62.0 0.0071 0.0 1.474 0.0 0.1 987.0 1.5101 10.0 65.0 0.7071 0.0 1.574 0.0 0.22361 987.0 1.6597 10.0 67.0 1.7071 0.0 1.874 0.0 0.1 987.0 1.7634 10.0 69.0 2.7071 0.0 1.974 0.0 0.2 986.0 1.801 10.0 
0.17138 78.1117 76.0 3425.0 1.0 59.0 0.0 -0.1929 1.274 0.0 0.14142 990.0 1.5458 11.0 60.0 0.4071 0.0 0.574 0.0 0.1 989.0 1.5321 11.0 62.0 1.1071 0.0 0.174 0.0 0.1 988.0 1.5705 10.0 67.0 1.9071 0.0 0.0 -0.026 0.2 986.0 1.6981 10.0 76.0 2.9071 0.0 0.0 -0.226 0.22361 982.0 1.903 9.0 
0.0394 202.94815 62.0 3426.0 1.0 61.0 0.0 -2.2929 0.0 -1.426 0.41231 994.0 2.0003 14.0 71.0 0.0 -0.0929 0.0 -1.826 0.41231 989.0 2.1453 11.0 84.0 2.0071 0.0 0.0 -2.126 0.3 982.0 2.3248 12.0 93.0 3.9071 0.0 0.0 -2.426 0.2 973.0 2.2085 10.0 106.0 5.4071 0.0 0.0 -2.726 0.22361 960.0 2.1653 8.0 
0.08977 232.11335 70.0 3427.0 1.0 56.0 0.3071 0.0 2.174 0.0 0.2 992.0 1.5252 16.0 60.0 1.1071 0.0 1.774 0.0 0.2 990.0 1.5987 14.0 65.0 1.9071 0.0 1.574 0.0 0.1 987.0 1.6597 13.0 71.0 2.7071 0.0 1.474 0.0 0.1 983.0 1.7162 12.0 78.0 3.6071 0.0 1.274 0.0 0.22361 980.0 1.883 11.0 
0.12659 99.7004 71.0 3428.0 1.0 45.0 0.0 -0.4929 1.574 0.0 0.14142 998.0 1.3789 16.0 44.0 0.2071 0.0 0.874 0.0 0.2 998.0 1.3183 15.0 43.0 0.9071 0.0 0.574 0.0 0.14142 998.0 1.259 15.0 43.0 1.6071 0.0 0.474 0.0 0.1 998.0 1.259 15.0 44.0 2.4071 0.0 0.574 0.0 0.1 998.0 1.3183 15.0 
0.23728 228.16607 68.0 3429.0 1.0 78.0 0.0 -2.7929 0.774 0.0 0.31623 985.0 2.2193 10.0 96.0 0.0 -1.1929 1.674 0.0 0.28284 971.0 2.2412 7.0 107.0 0.4071 0.0 2.674 0.0 0.36056 963.0 2.3387 6.0 107.0 2.2071 0.0 3.174 0.0 0.31623 963.0 2.3387 6.0 98.0 3.8071 0.0 2.974 0.0 0.22361 968.0 2.1798 7.0 
0.05625 295.90457 56.0 3430.0 1.0 70.0 0.0 -2.8929 2.074 0.0 0.31623 991.0 2.2749 11.0 77.0 0.0 -0.9929 2.474 0.0 0.36056 987.0 2.3291 10.0 78.0 1.0071 0.0 3.274 0.0 0.31623 988.0 2.4856 10.0 76.0 3.1071 0.0 3.974 0.0 0.31623 988.0 2.3598 10.0 72.0 4.9071 0.0 4.074 0.0 0.31623 989.0 2.2062 10.0 
0.23263 72.25976 70.0 3431.0 1.0 53.0 0.0 -0.5929 0.974 0.0 0.1 994.0 1.51 17.0 58.0 0.3071 0.0 0.574 0.0 0.1 991.0 1.5618 15.0 64.0 1.2071 0.0 0.374 0.0 0.14142 988.0 1.6734 14.0 73.0 2.2071 0.0 0.174 0.0 0.22361 984.0 1.8769 12.0 85.0 3.5071 0.0 0.0 -0.226 0.22361 976.0 1.9944 10.0 
0.068 186.05687 64.0 3432.0 1.0 68.0 0.0 -1.2929 0.0 -1.726 0.31623 988.0 1.8891 8.0 82.0 0.4071 0.0 0.0 -1.626 0.2 980.0 2.0811 9.0 95.0 1.7071 0.0 0.0 -1.326 0.22361 969.0 2.095 7.0 100.0 3.0071 0.0 0.0 -1.126 0.2 964.0 2.0844 7.0 107.0 4.3071 0.0 0.0 -1.226 0.2 958.0 2.1261 6.0 
0.04224 261.68862 67.0 3433.0 1.0 59.0 0.4071 0.0 0.0 -2.626 0.31623 994.0 1.8713 10.0 70.0 1.7071 0.0 0.0 -1.626 0.22361 987.0 1.9249 8.0 72.0 2.8071 0.0 0.0 -0.826 0.22361 985.0 1.891 7.0 76.0 4.0071 0.0 0.0 -0.626 0.22361 981.0 1.8436 6.0 81.0 5.1071 0.0 0.0 -1.026 0.2 978.0 1.9146 6.0 
0.08878 253.45864 65.0 3435.0 1.0 63.0 0.0 -0.7929 2.574 0.0 0.1 989.0 1.6891 14.0 66.0 0.2071 0.0 2.274 0.0 0.2 988.0 1.7796 13.0 69.0 1.3071 0.0 2.074 0.0 0.2 987.0 1.8703 13.0 71.0 2.5071 0.0 1.874 0.0 0.2 986.0 1.9069 13.0 73.0 3.7071 0.0 1.574 0.0 0.2 985.0 1.9439 12.0 
0.14245 226.37542 116.0 3436.0 1.0 50.0 1.9071 0.0 0.774 0.0 0.2 995.0 1.4186 13.0 47.0 1.5071 0.0 1.374 0.0 0.1 995.0 1.2535 13.0 46.0 1.3071 0.0 1.874 0.0 0.14142 995.0 1.2007 13.0 46.0 1.1071 0.0 2.374 0.0 0.1 995.0 1.2007 13.0 46.0 1.0071 0.0 2.774 0.0 0.14142 994.0 1.1375 13.0 
0.05799 187.78321 120.0 3437.0 1.0 44.0 0.4071 0.0 2.274 0.0 0.28284 999.0 1.4124 13.0 44.0 1.3071 0.0 1.074 0.0 0.28284 999.0 1.4124 13.0 43.0 2.1071 0.0 0.0 -0.026 0.28284 999.0 1.3489 13.0 40.0 2.8071 0.0 0.0 -1.026 0.22361 999.0 1.1673 13.0 36.0 3.2071 0.0 0.0 -1.826 0.14142 1000.0 1.0182 14.0 
0.04567 166.3929 132.0 3438.0 1.0 42.0 0.0 -2.0929 0.374 0.0 0.36056 1000.0 1.3859 15.0 42.0 0.0 -1.0929 0.0 -1.026 0.22361 999.0 1.2869 14.0 44.0 0.0 -0.2929 0.0 -1.826 0.14142 997.0 1.2359 12.0 51.0 0.4071 0.0 0.0 -2.326 0.1 994.0 1.3982 13.0 59.0 1.1071 0.0 0.0 -2.526 0.1 990.0 1.5458 11.0 
0.02504 297.06318 64.0 3441.0 1.0 67.0 0.4071 0.0 3.174 0.0 0.36056 991.0 2.0841 11.0 70.0 1.8071 0.0 1.974 0.0 0.28284 988.0 2.0019 10.0 75.0 3.1071 0.0 1.074 0.0 0.31623 985.0 2.0519 9.0 79.0 4.4071 0.0 0.574 0.0 0.22361 981.0 1.992 9.0 82.0 5.6071 0.0 0.174 0.0 0.2 978.0 1.9622 8.0 
0.03997 214.55603 66.0 3442.0 1.0 48.0 0.1071 0.0 3.274 0.0 0.5 1000.0 1.8102 17.0 48.0 1.6071 0.0 1.074 0.0 0.5 999.0 1.6809 15.0 48.0 3.0071 0.0 0.0 -0.826 0.28284 998.0 1.5688 16.0 50.0 4.2071 0.0 0.0 -2.126 0.28284 996.0 1.502 16.0 54.0 5.2071 0.0 0.0 -3.026 0.22361 994.0 1.5675 15.0 
0.02687 243.24116 58.0 3443.0 1.0 60.0 0.0 -0.2929 4.274 0.0 0.72111 1000.0 2.5 16.0 55.0 1.7071 0.0 1.374 0.0 0.5 999.0 2.2069 14.0 52.0 3.3071 0.0 0.0 -0.426 0.42426 997.0 1.7261 13.0 53.0 4.7071 0.0 0.0 -1.426 0.22361 995.0 1.5939 12.0 60.0 5.8071 0.0 0.0 -1.926 0.22361 991.0 1.6713 11.0 
0.06665 214.03455 92.0 3445.0 1.0 40.0 0.0 -1.6929 0.0 -1.826 0.2 1002.0 1.4856 24.0 42.0 0.0 -0.0929 0.0 -1.926 0.3 1001.0 1.5014 21.0 44.0 1.4071 0.0 0.0 -2.026 0.3 1000.0 1.5211 19.0 43.0 2.8071 0.0 0.0 -2.126 0.3 1000.0 1.4527 19.0 40.0 4.1071 0.0 0.0 -2.126 0.2 1000.0 1.2571 19.0 
0.0577 305.55795 51.0 3446.0 1.0 59.0 0.0 -0.3929 3.374 0.0 0.22361 994.0 1.8713 13.0 70.0 1.2071 0.0 2.474 0.0 0.31623 989.0 2.0853 11.0 79.0 2.9071 0.0 1.574 0.0 0.36056 984.0 2.1981 9.0 89.0 4.6071 0.0 0.574 0.0 0.22361 977.0 2.2473 8.0 98.0 6.1071 0.0 0.0 -0.126 0.31623 969.0 2.2294 7.0 
0.08395 153.45992 56.0 3448.0 1.0 44.0 0.0 -0.0929 2.574 0.0 0.36056 1000.0 1.5211 17.0 47.0 1.2071 0.0 0.674 0.0 0.36056 999.0 1.6116 15.0 49.0 2.5071 0.0 0.0 -1.026 0.42426 997.0 1.5327 13.0 52.0 4.0071 0.0 0.0 -2.326 0.28284 995.0 1.5343 14.0 57.0 5.4071 0.0 0.0 -3.026 0.31623 994.0 1.7465 17.0 
0.03919 234.31799 81.0 3449.0 1.0 38.0 0.0 -1.9929 0.0 -1.426 0.22361 1000.0 1.1345 17.0 42.0 0.0 -0.5929 0.0 -2.026 0.22361 999.0 1.2869 15.0 45.0 0.7071 0.0 0.0 -2.426 0.22361 998.0 1.3789 13.0 50.0 2.0071 0.0 0.0 -2.626 0.3 997.0 1.5959 15.0 57.0 3.3071 0.0 0.0 -2.526 0.2 993.0 1.6592 13.0 
0.09647 163.42753 65.0 3451.0 1.0 53.0 0.0 -0.5929 2.874 0.0 0.5 999.0 2.0493 18.0 52.0 1.0071 0.0 1.074 0.0 0.42426 998.0 1.8412 13.0 54.0 2.5071 0.0 0.0 -0.426 0.28284 996.0 1.752 11.0 58.0 3.8071 0.0 0.0 -1.426 0.28284 994.0 1.8084 13.0 69.0 4.9071 0.0 0.0 -2.026 0.22361 986.0 1.801 10.0 
0.1529 230.44483 81.0 3452.0 1.0 90.0 0.0 -1.2929 2.274 0.0 0.22361 972.0 2.0178 9.0 93.0 0.0 -0.0929 2.074 0.0 0.2 969.0 2.0077 9.0 93.0 1.1071 0.0 1.974 0.0 0.22361 970.0 2.0544 9.0 90.0 2.3071 0.0 1.474 0.0 0.22361 973.0 2.0683 10.0 89.0 3.4071 0.0 0.674 0.0 0.22361 973.0 2.0226 10.0 
0.10797 241.31529 79.0 3454.0 1.0 42.0 0.0 -0.4929 2.474 0.0 0.14142 998.0 1.2011 12.0 40.0 0.0071 0.0 2.174 0.0 0.1 998.0 1.0895 12.0 41.0 0.5071 0.0 2.374 0.0 0.1 997.0 1.0731 11.0 45.0 1.1071 0.0 2.874 0.0 0.14142 997.0 1.2927 11.0 49.0 2.0071 0.0 3.674 0.0 0.28284 997.0 1.5327 11.0 
0.0694 144.71294 75.0 3455.0 1.0 37.0 0.0 -1.7929 0.774 0.0 0.2 1000.0 1.0756 16.0 39.0 0.0 -1.1929 0.0 -0.526 0.22361 999.0 1.1096 15.0 44.0 0.0 -0.2929 0.0 -1.526 0.22361 998.0 1.3183 15.0 52.0 0.9071 0.0 0.0 -2.026 0.2 996.0 1.6246 14.0 59.0 2.2071 0.0 0.0 -1.926 0.3 993.0 1.7777 12.0 
0.04516 169.80266 60.0 3456.0 1.0 48.0 0.0 -1.7929 0.0 -1.726 0.3 998.0 1.5688 13.0 55.0 0.1071 0.0 0.0 -1.526 0.3 996.0 1.8174 11.0 61.0 1.8071 0.0 0.0 -1.326 0.22361 993.0 1.9003 13.0 70.0 3.2071 0.0 0.0 -0.726 0.31623 988.0 2.0019 10.0 78.0 4.6071 0.0 0.0 -0.126 0.2 982.0 2.0045 9.0 
0.06628 173.18157 89.0 3460.0 1.0 100.0 0.5071 0.0 2.074 0.0 0.28284 965.0 2.1279 7.0 102.0 1.4071 0.0 0.674 0.0 0.14142 960.0 2.005 6.0 122.0 2.1071 0.0 0.0 -0.226 0.22361 937.0 2.0003 5.0 132.0 2.9071 0.0 0.0 -0.926 0.14142 926.0 2.0456 5.0 115.0 3.6071 0.0 0.0 -1.526 0.22361 945.0 1.9864 5.0 
0.06985 296.29862 157.0 3461.0 1.0 77.0 0.0 -0.4929 3.274 0.0 0.28284 983.0 2.0186 9.0 77.0 0.7071 0.0 2.574 0.0 0.2 982.0 1.9535 9.0 76.0 1.7071 0.0 2.174 0.0 0.22361 981.0 1.8436 9.0 75.0 2.6071 0.0 1.674 0.0 0.14142 981.0 1.7954 9.0 72.0 3.4071 0.0 1.274 0.0 0.14142 982.0 1.708 9.0 
0.07286 206.28347 76.0 3462.0 1.0 40.0 0.5071 0.0 1.874 0.0 0.14142 997.0 1.0214 11.0 38.0 0.8071 0.0 1.674 0.0 0.1 998.0 1.0 12.0 37.0 1.2071 0.0 1.674 0.0 0.1 999.0 1.0 13.0 35.0 1.7071 0.0 1.674 0.0 0.1 1000.0 1.0 13.0 32.0 2.0071 0.0 1.774 0.0 0.14142 1000.0 1.0 14.0 
0.1674 85.01661 54.0 3463.0 1.0 58.0 0.0 -1.2929 2.374 0.0 0.42426 998.0 2.2906 15.0 58.0 0.5071 0.0 0.574 0.0 0.28284 998.0 2.2906 15.0 54.0 2.1071 0.0 0.0 -0.926 0.22361 998.0 1.9855 16.0 47.0 3.4071 0.0 0.0 -1.626 0.22361 999.0 1.6116 16.0 42.0 4.5071 0.0 0.0 -2.026 0.1 999.0 1.2869 17.0 
0.07966 213.60353 83.0 3464.0 1.0 81.0 0.0071 0.0 2.674 0.0 0.28284 982.0 2.1617 9.0 79.0 1.1071 0.0 1.574 0.0 0.22361 981.0 1.992 9.0 79.0 2.1071 0.0 0.874 0.0 0.22361 980.0 1.9316 8.0 80.0 3.1071 0.0 0.374 0.0 0.14142 978.0 1.8677 8.0 84.0 4.0071 0.0 0.074 0.0 0.22361 975.0 1.8965 8.0 
0.05637 315.20182 44.0 3465.0 1.0 57.0 0.0 -1.6929 3.974 0.0 0.5 999.0 2.3703 20.0 61.0 0.6071 0.0 2.774 0.0 0.41231 997.0 2.3753 19.0 65.0 2.9071 0.0 2.374 0.0 0.4 995.0 2.3974 17.0 68.0 5.3071 0.0 2.074 0.0 0.41231 993.0 2.3614 16.0 73.0 7.6071 0.0 1.774 0.0 0.3 990.0 2.3665 15.0 
0.06898 109.93408 80.0 3466.0 1.0 53.0 0.0 -0.0929 1.574 0.0 0.22361 996.0 1.6877 10.0 52.0 0.8071 0.0 0.574 0.0 0.22361 996.0 1.6246 10.0 50.0 1.6071 0.0 0.0 -0.126 0.22361 995.0 1.4186 10.0 49.0 2.3071 0.0 0.0 -0.526 0.22361 995.0 1.3624 10.0 50.0 3.1071 0.0 0.0 -0.726 0.1 994.0 1.3439 10.0 
0.0791 147.73872 183.0 3470.0 1.0 32.0 0.4071 0.0 1.574 0.0 0.14142 1001.0 1.0 17.0 31.0 0.9071 0.0 0.974 0.0 0.14142 1000.0 1.0 16.0 33.0 1.4071 0.0 0.674 0.0 0.1 1000.0 1.0 19.0 37.0 1.8071 0.0 0.474 0.0 0.1 998.0 1.0 17.0 42.0 2.2071 0.0 0.274 0.0 0.14142 997.0 1.1261 15.0 
0.04226 293.29356 90.0 3471.0 1.0 53.0 0.0 -1.9929 0.0 -2.026 0.36056 995.0 1.5939 12.0 57.0 0.0 -0.2929 0.0 -2.626 0.31623 993.0 1.6592 14.0 64.0 1.3071 0.0 0.0 -2.826 0.22361 989.0 1.7431 15.0 73.0 2.5071 0.0 0.0 -2.526 0.22361 981.0 1.7009 12.0 90.0 3.5071 0.0 0.0 -1.826 0.14142 970.0 1.924 12.0 
0.09889 124.78821 72.0 3472.0 1.0 37.0 0.0 -0.0929 1.674 0.0 0.22361 1000.0 1.0756 18.0 40.0 0.7071 0.0 0.874 0.0 0.22361 999.0 1.1673 18.0 44.0 1.6071 0.0 0.374 0.0 0.14142 998.0 1.3183 16.0 46.0 2.4071 0.0 0.0 -0.026 0.1 997.0 1.3508 15.0 48.0 3.2071 0.0 0.0 -0.326 0.1 996.0 1.3843 14.0 
0.03944 274.47556 50.0 3473.0 1.0 86.0 0.0 -0.4929 4.574 0.0 0.64031 990.0 2.5 11.0 80.0 1.9071 0.0 1.574 0.0 0.64031 992.0 2.5 12.0 72.0 4.0071 0.0 0.0 -0.926 0.5 993.0 2.5 12.0 59.0 5.6071 0.0 0.0 -2.926 0.36056 996.0 2.0914 15.0 53.0 6.9071 0.0 0.0 -4.526 0.36056 996.0 1.6877 12.0 
0.25637 35.06378 58.0 3474.0 1.0 49.0 0.0 -1.2929 2.674 0.0 0.44721 1001.0 2.0436 19.0 48.0 0.3071 0.0 0.074 0.0 0.44721 1000.0 1.8102 17.0 47.0 1.9071 0.0 0.0 -1.926 0.28284 999.0 1.6116 16.0 48.0 3.5071 0.0 0.0 -3.326 0.36056 999.0 1.6809 19.0 49.0 5.0071 0.0 0.0 -4.326 0.31623 997.0 1.5327 17.0 
0.03539 273.278 66.0 3475.0 1.0 66.0 0.3071 0.0 3.374 0.0 0.42426 993.0 2.2245 16.0 67.0 1.7071 0.0 1.774 0.0 0.28284 991.0 2.0841 15.0 69.0 2.8071 0.0 0.274 0.0 0.28284 989.0 2.0261 14.0 72.0 3.8071 0.0 0.0 -1.026 0.31623 986.0 1.961 13.0 76.0 4.6071 0.0 0.0 -2.126 0.28284 981.0 1.8436 11.0 
0.13462 186.1939 117.0 3476.0 1.0 69.0 0.0 -0.7929 1.874 0.0 0.2 986.0 1.801 7.0 62.0 0.1071 0.0 1.674 0.0 0.1 989.0 1.6359 8.0 54.0 0.7071 0.0 1.774 0.0 0.14142 992.0 1.4182 9.0 49.0 1.1071 0.0 2.374 0.0 0.14142 994.0 1.2907 10.0 46.0 1.4071 0.0 3.174 0.0 0.2 997.0 1.3508 11.0 
0.04007 239.20143 54.0 3477.0 1.0 89.0 0.1071 0.0 4.374 0.0 0.67082 987.0 2.5 10.0 80.0 1.8071 0.0 1.174 0.0 0.5 990.0 2.5 11.0 71.0 3.4071 0.0 0.0 -1.126 0.36056 992.0 2.4518 12.0 63.0 4.9071 0.0 0.0 -2.826 0.28284 994.0 2.1336 13.0 63.0 6.1071 0.0 0.0 -4.026 0.28284 992.0 1.9304 12.0 
0.0408 158.79001 68.0 3479.0 1.0 51.0 0.0 -2.8929 2.774 0.0 0.63246 999.0 1.8976 13.0 51.0 0.0 -1.3929 0.0 -0.326 0.53852 999.0 1.8976 17.0 50.0 0.2071 0.0 0.0 -2.826 0.44721 998.0 1.7023 15.0 50.0 1.7071 0.0 0.0 -4.626 0.42426 996.0 1.502 13.0 52.0 3.2071 0.0 0.0 -5.826 0.22361 994.0 1.4536 12.0 
0.11352 101.5299 83.0 3482.0 1.0 40.0 0.0 -1.6929 0.0 -0.026 0.28284 1000.0 1.2571 16.0 42.0 0.0 -0.3929 0.0 -0.826 0.22361 999.0 1.2869 14.0 46.0 0.8071 0.0 0.0 -1.326 0.2 998.0 1.4408 16.0 51.0 1.9071 0.0 0.0 -1.326 0.2 996.0 1.5627 14.0 52.0 2.8071 0.0 0.0 -1.226 0.2 995.0 1.5343 13.0 
0.12335 62.59715 65.0 3483.0 1.0 53.0 0.0 -1.1929 0.0 -1.926 0.31623 995.0 1.5939 11.0 64.0 0.0 -0.4929 0.274 0.0 0.31623 992.0 1.9922 12.0 76.0 0.0071 0.0 2.574 0.0 0.41231 987.0 2.269 10.0 78.0 0.6071 0.0 4.974 0.0 0.41231 986.0 2.3015 10.0 74.0 1.5071 0.0 6.674 0.0 0.28284 985.0 1.9975 10.0 
0.07858 156.64953 56.0 3485.0 1.0 45.0 0.0 -0.8929 2.274 0.0 0.28284 1000.0 1.591 19.0 46.0 0.6071 0.0 1.274 0.0 0.22361 1000.0 1.6625 19.0 48.0 2.1071 0.0 0.174 0.0 0.36056 1000.0 1.8102 19.0 47.0 3.8071 0.0 0.0 -1.026 0.22361 1000.0 1.7355 19.0 44.0 5.3071 0.0 0.0 -1.826 0.28284 1000.0 1.5211 19.0 
0.04728 310.03964 69.0 3486.0 1.0 61.0 0.0 -0.4929 3.174 0.0 0.31623 993.0 1.9003 12.0 62.0 0.8071 0.0 2.674 0.0 0.2 991.0 1.7846 11.0 65.0 1.9071 0.0 2.574 0.0 0.1 989.0 1.798 10.0 68.0 2.9071 0.0 2.474 0.0 0.1 986.0 1.7492 10.0 70.0 3.8071 0.0 2.274 0.0 0.1 985.0 1.7874 9.0 
0.0381 281.38153 166.0 3487.0 1.0 74.0 1.0071 0.0 2.974 0.0 0.22361 985.0 1.9975 12.0 68.0 1.7071 0.0 1.874 0.0 0.22361 986.0 1.7492 13.0 64.0 2.4071 0.0 1.174 0.0 0.14142 987.0 1.6091 13.0 62.0 2.9071 0.0 0.674 0.0 0.14142 988.0 1.5705 13.0 60.0 3.2071 0.0 0.274 0.0 0.1 987.0 1.4142 13.0 
0.14891 123.99184 106.0 3488.0 1.0 81.0 0.0 -0.4929 1.474 0.0 0.14142 978.0 1.9146 10.0 83.0 0.3071 0.0 1.074 0.0 0.1 975.0 1.8516 10.0 86.0 1.1071 0.0 0.974 0.0 0.1 971.0 1.7986 9.0 92.0 1.8071 0.0 1.074 0.0 0.1 966.0 1.8393 9.0 100.0 2.4071 0.0 1.374 0.0 0.2 958.0 1.857 8.0 
0.05591 290.10581 58.0 3489.0 1.0 80.0 0.0 -0.8929 4.574 0.0 0.78102 996.0 2.5 15.0 74.0 2.0071 0.0 1.674 0.0 0.5 995.0 2.5 13.0 68.0 3.9071 0.0 0.0 -0.426 0.36056 993.0 2.3614 12.0 63.0 5.3071 0.0 0.0 -1.726 0.28284 993.0 2.0269 12.0 59.0 6.3071 0.0 0.0 -2.626 0.22361 992.0 1.693 12.0 
0.07375 198.15681 51.0 3491.0 1.0 47.0 0.0 -0.4929 2.774 0.0 0.36056 1000.0 1.7355 15.0 46.0 1.0071 0.0 1.474 0.0 0.22361 999.0 1.5437 18.0 51.0 2.3071 0.0 1.174 0.0 0.31623 997.0 1.6604 15.0 55.0 3.6071 0.0 1.674 0.0 0.36056 995.0 1.7165 14.0 61.0 5.2071 0.0 2.374 0.0 0.31623 994.0 2.0003 13.0 
0.11331 239.87422 112.0 3492.0 1.0 99.0 0.0 -0.8929 2.774 0.0 0.36056 969.0 2.2751 9.0 95.0 0.6071 0.0 2.074 0.0 0.2 969.0 2.095 9.0 93.0 1.7071 0.0 1.874 0.0 0.1 968.0 1.9631 9.0 93.0 2.5071 0.0 1.974 0.0 0.1 966.0 1.8795 9.0 97.0 3.2071 0.0 2.274 0.0 0.14142 962.0 1.8843 8.0 
0.05146 296.78557 82.0 3493.0 1.0 86.0 1.5071 0.0 2.374 0.0 0.1 971.0 1.7986 9.0 86.0 1.9071 0.0 1.874 0.0 0.14142 970.0 1.7568 9.0 86.0 2.4071 0.0 1.474 0.0 0.14142 966.0 1.6072 7.0 97.0 3.1071 0.0 1.174 0.0 0.1 958.0 1.7473 6.0 109.0 3.7071 0.0 1.174 0.0 0.1 948.0 1.8669 6.0 
0.12358 279.22064 49.0 3494.0 1.0 159.0 0.3071 0.0 4.774 0.0 0.67082 914.0 2.5 7.0 197.0 2.1071 0.0 1.374 0.0 0.5831 860.0 2.5 6.0 238.0 4.0071 0.0 0.0 -1.226 0.42426 788.0 2.5 4.0 226.0 5.7071 0.0 0.0 -3.026 0.28284 804.0 2.4961 5.0 198.0 7.0071 0.0 0.0 -4.326 0.22361 844.0 2.3693 5.0 
0.03064 260.1241 56.0 3496.0 1.0 53.0 0.0 -0.7929 3.374 0.0 0.5 1001.0 2.3909 21.0 53.0 1.4071 0.0 1.874 0.0 0.44721 1000.0 2.207 18.0 51.0 3.4071 0.0 1.074 0.0 0.22361 999.0 1.8976 17.0 48.0 5.0071 0.0 0.674 0.0 0.22361 999.0 1.6809 17.0 45.0 6.2071 0.0 0.474 0.0 0.2 998.0 1.3789 16.0 
0.03813 142.90345 63.0 3497.0 1.0 46.0 0.0 -2.1929 0.0 -0.426 0.31623 999.0 1.5437 10.0 52.0 0.0 -0.3929 0.0 -1.226 0.36056 998.0 1.8412 12.0 57.0 1.3071 0.0 0.0 -2.026 0.22361 996.0 1.952 10.0 53.0 2.6071 0.0 0.0 -2.126 0.22361 995.0 1.5939 10.0 53.0 3.7071 0.0 0.0 -1.426 0.28284 996.0 1.6877 10.0 
0.0339 218.30081 98.0 3498.0 1.0 50.0 0.0 -0.2929 3.374 0.0 0.56569 1000.0 1.9642 12.0 46.0 1.4071 0.0 1.374 0.0 0.42426 1000.0 1.6625 11.0 44.0 2.6071 0.0 0.0 -0.426 0.36056 999.0 1.4124 11.0 45.0 3.6071 0.0 0.0 -2.026 0.31623 997.0 1.2927 10.0 47.0 4.4071 0.0 0.0 -3.326 0.22361 996.0 1.3272 12.0 
0.07466 210.69561 62.0 3499.0 1.0 76.0 0.0 -0.2929 2.674 0.0 0.36056 989.0 2.4581 11.0 74.0 1.4071 0.0 1.274 0.0 0.36056 988.0 2.2372 10.0 72.0 2.8071 0.0 0.274 0.0 0.28284 986.0 1.961 10.0 74.0 3.8071 0.0 0.0 -0.526 0.22361 984.0 1.9286 9.0 80.0 4.8071 0.0 0.0 -1.226 0.22361 979.0 1.9226 8.0 
0.05956 222.77416 57.0 3500.0 1.0 74.0 0.0 -0.7929 2.274 0.0 0.31623 987.0 2.1512 7.0 81.0 1.1071 0.0 1.674 0.0 0.31623 984.0 2.3108 7.0 83.0 3.0071 0.0 0.674 0.0 0.36056 982.0 2.2698 7.0 88.0 4.6071 0.0 0.0 -0.526 0.28284 978.0 2.2599 6.0 89.0 5.9071 0.0 0.0 -1.726 0.28284 975.0 2.129 6.0 
0.06397 222.77416 65.0 3501.0 1.0 87.0 0.0 -0.3929 2.874 0.0 0.36056 981.0 2.4159 9.0 90.0 1.1071 0.0 1.674 0.0 0.22361 975.0 2.1771 8.0 89.0 2.3071 0.0 0.974 0.0 0.22361 972.0 1.9732 7.0 90.0 3.3071 0.0 0.474 0.0 0.14142 969.0 1.8803 7.0 95.0 4.1071 0.0 0.074 0.0 0.22361 965.0 1.9204 7.0 
0.16703 232.85955 68.0 3502.0 1.0 71.0 3.0071 0.0 0.0 -0.326 0.28284 988.0 2.0595 10.0 61.0 1.9071 0.0 0.874 0.0 0.22361 992.0 1.8098 12.0 51.0 1.3071 0.0 1.874 0.0 0.14142 995.0 1.4759 13.0 45.0 1.0071 0.0 2.674 0.0 0.1 997.0 1.2927 14.0 39.0 1.0071 0.0 3.174 0.0 0.1 998.0 1.0357 16.0 
0.12698 131.16924 54.0 3503.0 1.0 52.0 0.0 -1.7929 0.474 0.0 0.22361 996.0 1.6246 14.0 58.0 0.0 -0.4929 1.074 0.0 0.36056 995.0 1.9088 13.0 58.0 1.2071 0.0 1.974 0.0 0.31623 996.0 2.0211 14.0 57.0 3.1071 0.0 2.874 0.0 0.31623 997.0 2.074 15.0 54.0 4.9071 0.0 3.574 0.0 0.41231 998.0 1.9855 16.0 
0.04964 289.68377 48.0 3507.0 1.0 74.0 0.0 -0.6929 4.574 0.0 0.64031 995.0 2.5 13.0 71.0 1.7071 0.0 1.974 0.0 0.56569 996.0 2.5 14.0 63.0 3.8071 0.0 0.0 -0.326 0.42426 997.0 2.5 15.0 58.0 5.6071 0.0 0.0 -2.326 0.42426 998.0 2.2906 16.0 51.0 7.1071 0.0 0.0 -4.126 0.36056 999.0 1.8976 18.0 
0.07869 158.62154 99.0 3508.0 1.0 46.0 0.0 -1.4929 0.0 -1.426 0.2 998.0 1.4408 13.0 50.0 0.0 -0.0929 0.0 -1.426 0.2 996.0 1.502 11.0 57.0 1.1071 0.0 0.0 -1.526 0.2 993.0 1.6592 12.0 64.0 2.1071 0.0 0.0 -1.626 0.2 988.0 1.6734 10.0 63.0 2.9071 0.0 0.0 -1.326 0.1 988.0 1.6215 10.0 
0.03885 290.10581 190.0 3510.0 1.0 123.0 0.0 -0.5929 5.474 0.0 0.80623 970.0 2.5 7.0 116.0 2.0071 0.0 1.674 0.0 0.64031 971.0 2.5 7.0 106.0 4.1071 0.0 0.0 -0.926 0.36056 970.0 2.5 7.0 93.0 5.5071 0.0 0.0 -2.526 0.28284 973.0 2.2085 7.0 83.0 6.4071 0.0 0.0 -3.326 0.14142 976.0 1.9017 8.0 
0.08934 193.44107 132.0 3512.0 1.0 57.0 1.5071 0.0 1.274 0.0 0.2 989.0 1.3827 11.0 56.0 1.6071 0.0 0.674 0.0 0.14142 987.0 1.2319 11.0 58.0 1.8071 0.0 0.474 0.0 0.0 985.0 1.2271 10.0 66.0 2.0071 0.0 0.574 0.0 0.0 980.0 1.3482 9.0 79.0 2.1071 0.0 0.774 0.0 0.14142 972.0 1.5547 7.0 
0.12011 218.30081 289.0 3513.0 1.0 105.0 0.0071 0.0 3.074 0.0 0.42426 968.0 2.5 9.0 102.0 1.4071 0.0 1.374 0.0 0.28284 967.0 2.3101 9.0 101.0 2.5071 0.0 0.0 -0.026 0.22361 964.0 2.1263 9.0 104.0 3.4071 0.0 0.0 -1.026 0.14142 959.0 2.0458 8.0 103.0 4.2071 0.0 0.0 -1.826 0.14142 959.0 2.0066 8.0 
0.06356 165.42227 67.0 3514.0 1.0 52.0 0.0071 0.0 3.474 0.0 0.53852 1000.0 2.1245 15.0 49.0 1.2071 0.0 0.874 0.0 0.42426 998.0 1.6349 10.0 49.0 2.5071 0.0 0.0 -1.126 0.36056 998.0 1.6349 10.0 50.0 3.8071 0.0 0.0 -2.726 0.22361 997.0 1.5959 12.0 54.0 4.8071 0.0 0.0 -3.926 0.28284 993.0 1.4892 10.0 
0.08918 139.82063 52.0 3515.0 1.0 45.0 0.0 -0.4929 2.774 0.0 0.44721 1001.0 1.7236 17.0 44.0 0.9071 0.0 0.874 0.0 0.28284 1000.0 1.5211 21.0 46.0 2.4071 0.0 0.0 -0.226 0.28284 999.0 1.5437 18.0 50.0 4.0071 0.0 0.0 -0.926 0.22361 998.0 1.7023 16.0 51.0 5.5071 0.0 0.0 -1.126 0.2 997.0 1.6604 15.0 
0.13362 130.31638 71.0 3516.0 1.0 57.0 0.0 -1.1929 1.374 0.0 0.2 994.0 1.7465 13.0 60.0 0.0071 0.0 1.174 0.0 0.14142 991.0 1.6713 11.0 67.0 0.9071 0.0 1.474 0.0 0.22361 987.0 1.7634 10.0 73.0 1.9071 0.0 1.974 0.0 0.2 980.0 1.6494 7.0 84.0 3.0071 0.0 2.274 0.0 0.2 973.0 1.8017 6.0 
0.0418 242.73765 96.0 3517.0 1.0 61.0 0.2071 0.0 2.974 0.0 0.36056 994.0 2.0003 13.0 63.0 1.4071 0.0 1.674 0.0 0.22361 992.0 1.9304 12.0 64.0 2.5071 0.0 0.674 0.0 0.22361 990.0 1.8189 11.0 65.0 3.4071 0.0 0.0 -0.226 0.22361 988.0 1.7261 10.0 69.0 4.2071 0.0 0.0 -1.026 0.22361 986.0 1.801 10.0 
0.03919 290.10581 48.0 3518.0 1.0 52.0 0.2071 0.0 4.174 0.0 0.5831 999.0 1.9727 11.0 53.0 2.0071 0.0 1.674 0.0 0.5 999.0 2.0493 14.0 55.0 3.6071 0.0 0.0 -0.526 0.42426 997.0 1.931 13.0 57.0 5.2071 0.0 0.0 -2.126 0.36056 994.0 1.7465 11.0 63.0 6.7071 0.0 0.0 -3.326 0.31623 992.0 1.9304 12.0 
0.14455 53.71602 73.0 3519.0 1.0 37.0 0.0 -0.5929 1.174 0.0 0.22361 1001.0 1.1652 17.0 37.0 0.3071 0.0 0.374 0.0 0.14142 1000.0 1.0756 15.0 39.0 1.2071 0.0 0.0 -0.026 0.14142 999.0 1.1096 14.0 44.0 2.0071 0.0 0.0 -0.226 0.2 997.0 1.2359 15.0 50.0 2.8071 0.0 0.0 -0.226 0.22361 995.0 1.4186 13.0 
0.16334 241.889 107.0 3520.0 1.0 65.0 2.1071 0.0 0.774 0.0 0.22361 988.0 1.7261 10.0 59.0 1.5071 0.0 1.574 0.0 0.1 990.0 1.5458 11.0 56.0 1.1071 0.0 2.074 0.0 0.1 990.0 1.3926 11.0 56.0 0.8071 0.0 2.374 0.0 0.1 989.0 1.3346 11.0 57.0 0.6071 0.0 2.574 0.0 0.0 987.0 1.2763 10.0 
0.05242 168.61724 133.0 3521.0 1.0 64.0 0.7071 0.0 1.874 0.0 0.22361 987.0 1.6091 8.0 65.0 1.3071 0.0 0.774 0.0 0.14142 987.0 1.6597 8.0 64.0 1.9071 0.0 0.074 0.0 0.14142 986.0 1.5495 7.0 64.0 2.5071 0.0 0.0 -0.326 0.1 985.0 1.4941 7.0 65.0 3.0071 0.0 0.0 -0.326 0.1 984.0 1.488 7.0 
0.05858 292.49093 63.0 3522.0 1.0 73.0 0.0 -0.4929 2.974 0.0 0.22361 986.0 2.0159 12.0 78.0 0.9071 0.0 2.474 0.0 0.31623 983.0 2.0713 12.0 80.0 2.3071 0.0 2.174 0.0 0.22361 981.0 2.0427 11.0 83.0 3.5071 0.0 1.774 0.0 0.22361 977.0 1.9545 10.0 87.0 4.5071 0.0 1.274 0.0 0.22361 974.0 1.9822 10.0 
0.15813 174.71578 107.0 3523.0 1.0 51.0 0.0 -0.4929 1.674 0.0 0.1 993.0 1.3283 12.0 53.0 0.0071 0.0 1.574 0.0 0.14142 992.0 1.3662 12.0 56.0 0.4071 0.0 1.874 0.0 0.14142 990.0 1.3926 11.0 60.0 1.0071 0.0 2.374 0.0 0.14142 989.0 1.5321 11.0 63.0 1.7071 0.0 2.874 0.0 0.14142 988.0 1.6215 10.0 
0.05435 267.8411 66.0 3524.0 1.0 78.0 0.0 -0.8929 3.174 0.0 0.36056 987.0 2.39 10.0 75.0 0.8071 0.0 2.274 0.0 0.31623 986.0 2.1279 10.0 72.0 2.3071 0.0 2.074 0.0 0.22361 986.0 1.961 10.0 71.0 3.6071 0.0 2.374 0.0 0.31623 987.0 1.9803 10.0 69.0 4.9071 0.0 2.874 0.0 0.14142 988.0 1.9451 10.0 
0.03719 311.37956 51.0 3525.0 1.0 53.0 0.5071 0.0 0.0 -3.326 0.28284 997.0 1.7931 11.0 56.0 1.7071 0.0 0.0 -2.226 0.22361 995.0 1.7795 10.0 55.0 2.9071 0.0 0.0 -1.526 0.3 996.0 1.8174 10.0 53.0 4.4071 0.0 0.0 -1.426 0.2 997.0 1.7931 11.0 49.0 5.9071 0.0 0.0 -1.726 0.22361 998.0 1.6349 12.0 
0.07986 260.1241 41.0 3526.0 1.0 69.0 0.0 -1.5929 4.274 0.0 0.64031 998.0 2.5 16.0 70.0 1.4071 0.0 1.874 0.0 0.70711 998.0 2.5 16.0 65.0 4.0071 0.0 0.0 -0.626 0.5 998.0 2.5 16.0 59.0 6.3071 0.0 0.0 -2.626 0.5 999.0 2.5 17.0 51.0 8.3071 0.0 0.0 -4.126 0.36056 1000.0 2.0435 19.0 
0.01386 287.44942 32.0 3527.0 1.0 49.0 0.0 -1.0929 3.874 0.0 0.44721 1001.0 2.0436 21.0 58.0 1.4071 0.0 2.174 0.0 0.5831 1001.0 2.5 21.0 61.0 4.4071 0.0 0.0 -0.126 0.5831 1001.0 2.5 21.0 58.0 7.5071 0.0 0.0 -2.126 0.5831 1002.0 2.5 22.0 46.0 10.1071 0.0 0.0 -3.526 0.41231 1002.0 1.9647 25.0 
0.07329 175.11799 60.0 3528.0 1.0 50.0 0.0 -1.0929 2.074 0.0 0.22361 996.0 1.502 11.0 56.0 0.1071 0.0 1.574 0.0 0.2 993.0 1.6015 10.0 62.0 1.4071 0.0 1.574 0.0 0.22361 991.0 1.7846 9.0 67.0 2.7071 0.0 1.874 0.0 0.2 988.0 1.834 8.0 71.0 4.1071 0.0 1.774 0.0 0.31623 987.0 1.9803 7.0 
0.16163 72.25976 67.0 3529.0 1.0 70.0 0.0 -1.4929 1.274 0.0 0.36056 989.0 2.0853 10.0 85.0 0.3071 0.0 0.574 0.0 0.31623 979.0 2.1704 8.0 95.0 2.0071 0.0 0.0 -0.026 0.3 971.0 2.1947 7.0 101.0 3.5071 0.0 0.0 -0.426 0.3 963.0 2.0838 7.0 118.0 4.7071 0.0 0.0 -0.726 0.22361 943.0 2.0317 5.0 
0.08867 174.53445 62.0 3530.0 1.0 71.0 0.0 -0.1929 2.774 0.0 0.42426 991.0 2.3403 11.0 69.0 1.3071 0.0 0.874 0.0 0.42426 992.0 2.3156 12.0 66.0 2.9071 0.0 0.0 -0.826 0.42426 993.0 2.2245 12.0 62.0 4.4071 0.0 0.0 -2.426 0.28284 993.0 1.9631 13.0 73.0 5.6071 0.0 0.0 -3.726 0.22361 986.0 2.0159 10.0 
0.06312 194.80947 62.0 3531.0 1.0 42.0 0.1071 0.0 2.774 0.0 0.28284 1000.0 1.3859 15.0 45.0 1.2071 0.0 1.274 0.0 0.28284 998.0 1.3789 14.0 48.0 2.5071 0.0 0.174 0.0 0.28284 998.0 1.5688 16.0 52.0 3.6071 0.0 0.0 -0.726 0.22361 995.0 1.5343 14.0 58.0 4.7071 0.0 0.0 -1.226 0.14142 992.0 1.6361 12.0 
0.04157 158.48244 79.0 3533.0 1.0 43.0 0.0 -2.4929 0.374 0.0 0.28284 999.0 1.3489 12.0 45.0 0.0 -0.9929 0.0 -1.026 0.36056 999.0 1.4773 15.0 48.0 0.4071 0.0 0.0 -2.326 0.36056 997.0 1.4708 13.0 52.0 1.8071 0.0 0.0 -3.326 0.31623 994.0 1.4536 11.0 58.0 3.2071 0.0 0.0 -3.926 0.22361 991.0 1.5618 13.0 
0.15819 117.17765 75.0 3534.0 1.0 45.0 0.0 -0.4929 1.274 0.0 0.22361 997.0 1.2927 15.0 47.0 0.4071 0.0 0.974 0.0 0.14142 996.0 1.3272 14.0 50.0 1.3071 0.0 1.274 0.0 0.2 996.0 1.502 14.0 55.0 2.4071 0.0 1.874 0.0 0.28284 995.0 1.7165 13.0 59.0 3.7071 0.0 2.974 0.0 0.28284 994.0 1.8713 13.0 
0.07467 139.82063 80.0 3535.0 1.0 49.0 0.0 -0.1929 2.074 0.0 0.28284 998.0 1.6349 16.0 47.0 0.9071 0.0 0.874 0.0 0.14142 998.0 1.5041 16.0 46.0 1.9071 0.0 0.0 -0.126 0.22361 999.0 1.5437 17.0 43.0 2.9071 0.0 0.0 -0.726 0.22361 999.0 1.3489 17.0 41.0 3.8071 0.0 0.0 -1.126 0.14142 999.0 1.2264 17.0 
0.16574 118.12228 53.0 3536.0 1.0 64.0 0.0 -1.7929 1.774 0.0 0.41231 996.0 2.4609 15.0 73.0 0.6071 0.0 0.874 0.0 0.44721 991.0 2.474 12.0 78.0 2.8071 0.0 0.0 -0.326 0.44721 988.0 2.4856 10.0 81.0 4.7071 0.0 0.0 -1.326 0.22361 983.0 2.2337 9.0 88.0 6.1071 0.0 0.0 -1.826 0.2 974.0 2.0281 8.0 
0.07884 250.0243 49.0 3537.0 1.0 59.0 0.0 -0.1929 3.374 0.0 0.42426 997.0 2.2221 15.0 65.0 1.5071 0.0 1.674 0.0 0.36056 994.0 2.2712 13.0 68.0 3.2071 0.0 0.274 0.0 0.36056 991.0 2.1467 12.0 73.0 4.8071 0.0 0.0 -0.726 0.36056 987.0 2.0934 10.0 83.0 6.4071 0.0 0.0 -1.426 0.31623 980.0 2.1322 8.0 
0.06689 281.57238 97.0 3538.0 1.0 54.0 0.6071 0.0 2.674 0.0 0.22361 993.0 1.4892 12.0 54.0 1.3071 0.0 2.174 0.0 0.1 993.0 1.4892 12.0 55.0 2.0071 0.0 1.874 0.0 0.14142 992.0 1.4713 12.0 56.0 2.6071 0.0 1.574 0.0 0.1 991.0 1.4559 11.0 57.0 3.2071 0.0 1.374 0.0 0.1 990.0 1.4428 11.0 
0.07307 305.55795 39.0 3539.0 1.0 67.0 0.0 -1.5929 4.574 0.0 0.5 999.0 2.5 17.0 66.0 1.2071 0.0 2.474 0.0 0.5831 998.0 2.5 16.0 67.0 4.0071 0.0 0.474 0.0 0.5831 998.0 2.5 16.0 64.0 6.8071 0.0 0.0 -1.226 0.5831 999.0 2.5 17.0 61.0 9.4071 0.0 0.0 -2.726 0.5831 999.0 2.5 17.0 
0.28115 41.52148 93.0 3540.0 1.0 62.0 0.0 -0.9929 0.574 0.0 0.14142 989.0 1.6359 11.0 69.0 0.0071 0.0 0.374 0.0 0.2 986.0 1.801 10.0 73.0 1.1071 0.0 0.074 0.0 0.22361 984.0 1.8769 9.0 77.0 2.3071 0.0 0.0 -0.526 0.28284 983.0 2.0186 9.0 79.0 3.5071 0.0 0.0 -1.426 0.22361 981.0 1.992 9.0 
0.01433 159.44896 40.0 3541.0 1.0 65.0 0.0 -3.8929 3.274 0.0 0.86023 999.0 2.5 18.0 61.0 0.0 -1.2929 0.0 -0.626 0.78102 998.0 2.5 16.0 58.0 1.2071 0.0 0.0 -3.426 0.56569 997.0 2.1474 15.0 57.0 3.3071 0.0 0.0 -5.526 0.42426 996.0 1.952 15.0 58.0 5.1071 0.0 0.0 -7.126 0.42426 994.0 1.8084 15.0 
0.09925 138.42312 174.0 3542.0 1.0 60.0 0.4071 0.0 1.974 0.0 0.31623 994.0 1.9352 13.0 57.0 1.1071 0.0 0.574 0.0 0.22361 994.0 1.7465 12.0 55.0 1.8071 0.0 0.0 -0.326 0.22361 993.0 1.5448 12.0 54.0 2.5071 0.0 0.0 -1.026 0.1 993.0 1.4892 12.0 53.0 3.1071 0.0 0.0 -1.326 0.14142 992.0 1.3662 12.0 
0.08439 174.53445 69.0 3543.0 1.0 70.0 0.0 -0.0929 2.774 0.0 0.36056 992.0 2.3832 12.0 67.0 1.3071 0.0 0.874 0.0 0.28284 993.0 2.2925 12.0 64.0 2.7071 0.0 0.0 -0.526 0.22361 993.0 2.0918 12.0 61.0 4.0071 0.0 0.0 -1.526 0.28284 993.0 1.9003 12.0 60.0 5.0071 0.0 0.0 -2.526 0.22361 993.0 1.8385 12.0 
0.03094 225.62088 61.0 3544.0 1.0 45.0 0.0 -2.8929 0.0 -0.626 0.36056 1000.0 1.591 12.0 49.0 0.0 -0.8929 0.0 -1.826 0.36056 999.0 1.7517 10.0 52.0 1.0071 0.0 0.0 -2.826 0.41231 997.0 1.7261 9.0 56.0 2.9071 0.0 0.0 -3.526 0.31623 996.0 1.8841 11.0 64.0 4.6071 0.0 0.0 -4.026 0.2 990.0 1.8189 9.0 
0.05858 226.19519 64.0 3545.0 1.0 49.0 0.6071 0.0 2.474 0.0 0.22361 996.0 1.4425 14.0 53.0 1.4071 0.0 1.474 0.0 0.14142 995.0 1.5939 13.0 57.0 2.4071 0.0 0.574 0.0 0.22361 994.0 1.7465 13.0 60.0 3.6071 0.0 0.0 -0.226 0.22361 993.0 1.8385 12.0 60.0 4.6071 0.0 0.0 -0.826 0.22361 991.0 1.6713 11.0 
0.1391 97.0172 70.0 3546.0 1.0 55.0 0.0 -0.7929 1.074 0.0 0.14142 992.0 1.4713 12.0 57.0 0.0071 0.0 0.874 0.0 0.1 991.0 1.5084 11.0 59.0 0.7071 0.0 0.974 0.0 0.22361 991.0 1.6161 11.0 59.0 1.6071 0.0 1.274 0.0 0.14142 991.0 1.6161 11.0 60.0 2.5071 0.0 1.674 0.0 0.22361 991.0 1.6713 11.0 
0.09725 247.43208 58.0 3547.0 1.0 69.0 0.0 -0.3929 3.174 0.0 0.28284 992.0 2.3156 12.0 71.0 1.2071 0.0 1.874 0.0 0.36056 990.0 2.2386 11.0 73.0 2.8071 0.0 0.774 0.0 0.36056 988.0 2.1772 10.0 73.0 4.3071 0.0 0.0 -0.126 0.28284 986.0 2.0159 10.0 71.0 5.5071 0.0 0.0 -0.826 0.22361 986.0 1.9069 10.0 
0.06443 213.60353 47.0 3548.0 1.0 58.0 0.0 -1.0929 3.474 0.0 0.56569 999.0 2.4542 15.0 57.0 1.1071 0.0 1.574 0.0 0.5 998.0 2.2123 17.0 59.0 3.1071 0.0 0.0 -0.126 0.42426 996.0 2.0914 12.0 66.0 5.0071 0.0 0.0 -1.726 0.36056 993.0 2.2245 13.0 73.0 6.8071 0.0 0.0 -2.926 0.28284 988.0 2.1772 11.0 
0.14648 78.1117 61.0 3549.0 1.0 43.0 0.0 -1.0929 1.074 0.0 0.22361 1001.0 1.5738 17.0 42.0 0.4071 0.0 0.574 0.0 0.22361 1000.0 1.3859 15.0 44.0 1.7071 0.0 0.0 -0.126 0.22361 998.0 1.3183 13.0 49.0 2.8071 0.0 0.0 -0.926 0.22361 996.0 1.4425 11.0 58.0 4.1071 0.0 0.0 -1.626 0.22361 993.0 1.7179 12.0 
0.08997 187.78321 61.0 3550.0 1.0 86.0 0.0 -0.3929 2.874 0.0 0.5 985.0 2.5 9.0 85.0 1.3071 0.0 1.074 0.0 0.31623 982.0 2.3805 9.0 85.0 2.9071 0.0 0.174 0.0 0.22361 979.0 2.1704 8.0 88.0 4.2071 0.0 0.0 -0.326 0.31623 975.0 2.0815 8.0 92.0 5.4071 0.0 0.0 -0.826 0.22361 970.0 2.0104 7.0 
0.03503 227.10248 57.0 3551.0 1.0 45.0 0.1071 0.0 2.774 0.0 0.28284 999.0 1.4773 18.0 50.0 1.3071 0.0 1.574 0.0 0.22361 998.0 1.7023 16.0 53.0 2.8071 0.0 0.674 0.0 0.22361 997.0 1.7931 15.0 52.0 4.2071 0.0 0.174 0.0 0.22361 997.0 1.7261 15.0 49.0 5.4071 0.0 0.074 0.0 0.2 997.0 1.5327 15.0 
0.05587 304.66834 57.0 3552.0 1.0 87.0 1.0071 0.0 3.074 0.0 0.22361 976.0 2.0894 13.0 94.0 1.9071 0.0 1.974 0.0 0.22361 969.0 2.0511 11.0 107.0 2.9071 0.0 1.174 0.0 0.22361 957.0 2.0882 10.0 118.0 4.0071 0.0 0.674 0.0 0.22361 946.0 2.1226 9.0 121.0 5.1071 0.0 0.274 0.0 0.2 944.0 2.1672 9.0 
0.05515 227.64058 95.0 3553.0 1.0 60.0 1.0071 0.0 2.674 0.0 0.31623 993.0 1.8385 16.0 60.0 1.6071 0.0 1.274 0.0 0.28284 992.0 1.7509 15.0 60.0 2.3071 0.0 0.274 0.0 0.22361 990.0 1.5987 14.0 62.0 2.9071 0.0 0.0 -0.526 0.14142 988.0 1.5705 13.0 67.0 3.5071 0.0 0.0 -1.026 0.14142 984.0 1.581 12.0 
0.1227 116.7183 64.0 3555.0 1.0 51.0 0.0 -0.3929 1.874 0.0 0.36056 997.0 1.6604 16.0 55.0 0.8071 0.0 0.674 0.0 0.22361 995.0 1.7165 14.0 57.0 2.0071 0.0 0.0 -0.026 0.22361 993.0 1.6592 13.0 60.0 3.2071 0.0 0.0 -0.326 0.2 991.0 1.6713 12.0 66.0 4.3071 0.0 0.0 -0.326 0.2 988.0 1.7796 10.0 
0.08893 179.2891 50.0 3557.0 1.0 46.0 0.0 -3.1929 0.0 -0.026 0.44721 1002.0 1.9647 23.0 49.0 0.0 -0.9929 1.274 0.0 0.36056 1001.0 2.0436 21.0 49.0 0.9071 0.0 2.474 0.0 0.36056 1000.0 1.8864 19.0 47.0 2.7071 0.0 2.974 0.0 0.3 1000.0 1.7355 19.0 51.0 4.8071 0.0 2.874 0.0 0.4 1000.0 2.0435 19.0 
0.14434 207.62064 60.0 3558.0 1.0 72.0 0.0 -2.0929 0.974 0.0 0.31623 985.0 1.891 10.0 79.0 0.0 -0.5929 1.774 0.0 0.28284 981.0 1.992 10.0 84.0 0.9071 0.0 2.274 0.0 0.3 976.0 1.9478 8.0 91.0 2.6071 0.0 1.974 0.0 0.3 973.0 2.1145 8.0 96.0 4.3071 0.0 1.674 0.0 0.3 969.0 2.1393 7.0 
0.06396 168.68372 76.0 3559.0 1.0 52.0 0.8071 0.0 1.974 0.0 0.22361 997.0 1.7261 15.0 50.0 1.4071 0.0 0.574 0.0 0.14142 996.0 1.502 14.0 48.0 2.0071 0.0 0.0 -0.326 0.22361 996.0 1.3843 14.0 49.0 2.6071 0.0 0.0 -1.026 0.14142 995.0 1.3624 14.0 50.0 3.3071 0.0 0.0 -1.526 0.2 995.0 1.4186 13.0 
0.13744 103.89543 71.0 3560.0 1.0 48.0 0.4071 0.0 1.174 0.0 0.14142 995.0 1.3074 14.0 50.0 0.8071 0.0 0.474 0.0 0.14142 994.0 1.3439 13.0 52.0 1.4071 0.0 0.0 -0.026 0.14142 993.0 1.3809 12.0 56.0 2.1071 0.0 0.0 -0.226 0.1 992.0 1.5252 12.0 60.0 2.9071 0.0 0.0 -0.326 0.2 990.0 1.5987 11.0 
0.08875 258.3804 54.0 3561.0 1.0 84.0 0.1071 0.0 2.974 0.0 0.22361 978.0 2.0591 8.0 105.0 1.5071 0.0 1.774 0.0 0.36056 964.0 2.2981 7.0 115.0 3.1071 0.0 0.374 0.0 0.36056 956.0 2.3698 6.0 108.0 4.6071 0.0 0.0 -0.726 0.28284 961.0 2.291 6.0 99.0 5.9071 0.0 0.0 -1.626 0.22361 966.0 2.1299 7.0 
0.10603 186.90786 49.0 3562.0 1.0 65.0 0.0 -1.0929 5.074 0.0 0.80623 1000.0 2.5 13.0 60.0 1.2071 0.0 1.174 0.0 0.64031 1000.0 2.5 11.0 58.0 3.3071 0.0 0.0 -1.926 0.5 998.0 2.2906 10.0 57.0 5.1071 0.0 0.0 -4.426 0.5 997.0 2.074 9.0 59.0 6.6071 0.0 0.0 -6.426 0.42426 995.0 1.9752 11.0 
0.15201 82.21395 95.0 3563.0 1.0 56.0 0.0 -1.5929 2.174 0.0 0.5 999.0 2.2879 17.0 58.0 0.3071 0.0 0.674 0.0 0.36056 997.0 2.1474 15.0 57.0 2.0071 0.0 0.0 -0.526 0.36056 997.0 2.074 14.0 52.0 3.5071 0.0 0.0 -1.326 0.22361 997.0 1.7261 15.0 47.0 4.5071 0.0 0.0 -1.726 0.1 997.0 1.4101 15.0 
0.10397 79.14903 73.0 3564.0 1.0 51.0 0.0 -0.9929 2.874 0.0 0.5831 1000.0 2.0435 12.0 47.0 0.6071 0.0 0.374 0.0 0.44721 999.0 1.6116 11.0 46.0 2.0071 0.0 0.0 -1.326 0.36056 998.0 1.4408 14.0 45.0 3.2071 0.0 0.0 -2.526 0.28284 997.0 1.2927 13.0 48.0 4.3071 0.0 0.0 -3.526 0.22361 995.0 1.3074 12.0 
0.04095 257.74158 62.0 3565.0 1.0 41.0 0.9071 0.0 2.674 0.0 0.22361 998.0 1.1446 14.0 43.0 1.7071 0.0 1.574 0.0 0.14142 997.0 1.1803 13.0 47.0 2.5071 0.0 0.774 0.0 0.22361 996.0 1.3272 15.0 54.0 3.5071 0.0 0.174 0.0 0.14142 993.0 1.4892 13.0 61.0 4.4071 0.0 0.0 -0.126 0.22361 990.0 1.6524 11.0 
0.11128 269.08301 50.0 3566.0 1.0 99.0 0.0 -0.3929 3.674 0.0 0.42426 973.0 2.5 10.0 102.0 1.4071 0.0 1.974 0.0 0.5 972.0 2.5 9.0 104.0 3.3071 0.0 0.274 0.0 0.42426 969.0 2.5 9.0 107.0 4.9071 0.0 0.0 -1.226 0.36056 963.0 2.3387 8.0 118.0 6.4071 0.0 0.0 -2.226 0.28284 951.0 2.2938 7.0 
0.06352 132.05205 69.0 3567.0 1.0 80.0 0.0 -0.4929 2.474 0.0 0.36056 985.0 2.3346 9.0 81.0 0.8071 0.0 0.874 0.0 0.28284 983.0 2.2337 9.0 82.0 2.0071 0.0 0.0 -0.226 0.36056 980.0 2.0811 8.0 85.0 3.2071 0.0 0.0 -1.126 0.22361 977.0 2.0498 8.0 89.0 4.3071 0.0 0.0 -1.726 0.22361 972.0 1.9732 7.0 
0.14983 2.99167 82.0 3568.0 1.0 33.0 0.0 -0.6929 0.774 0.0 0.22361 1000.0 1.0 11.0 36.0 0.0071 0.0 0.0 -0.026 0.22361 999.0 1.0 11.0 40.0 0.8071 0.0 0.0 -0.826 0.22361 997.0 1.0214 9.0 47.0 1.8071 0.0 0.0 -1.426 0.22361 996.0 1.3272 12.0 56.0 2.9071 0.0 0.0 -2.026 0.2 992.0 1.5252 10.0 
0.09319 168.61724 63.0 3570.0 1.0 58.0 0.0 -0.1929 3.474 0.0 0.5831 998.0 2.2906 19.0 56.0 1.3071 0.0 0.774 0.0 0.44721 996.0 1.8841 17.0 57.0 2.6071 0.0 0.0 -1.226 0.36056 994.0 1.7465 15.0 63.0 3.9071 0.0 0.0 -2.626 0.28284 991.0 1.8426 16.0 73.0 5.2071 0.0 0.0 -3.626 0.22361 984.0 1.8769 14.0 
0.08482 193.3831 75.0 3571.0 1.0 98.0 0.4071 0.0 2.674 0.0 0.36056 972.0 2.3925 9.0 101.0 1.5071 0.0 0.874 0.0 0.22361 965.0 2.1706 9.0 121.0 2.4071 0.0 0.0 -0.426 0.14142 943.0 2.1363 7.0 133.0 3.3071 0.0 0.0 -1.326 0.14142 928.0 2.1255 6.0 130.0 4.2071 0.0 0.0 -2.026 0.22361 927.0 2.0071 6.0 
0.05073 312.12968 79.0 3572.0 1.0 37.0 1.0071 0.0 3.174 0.0 0.22361 998.0 1.0 14.0 42.0 1.5071 0.0 2.374 0.0 0.22361 998.0 1.2011 16.0 46.0 2.2071 0.0 1.774 0.0 0.1 996.0 1.2713 14.0 51.0 2.9071 0.0 1.574 0.0 0.1 994.0 1.3982 13.0 55.0 3.6071 0.0 1.674 0.0 0.2 992.0 1.4713 12.0 
0.10287 166.73835 47.0 3574.0 1.0 40.0 0.0 -0.8929 1.974 0.0 0.31623 1001.0 1.3618 23.0 40.0 0.6071 0.0 1.374 0.0 0.2 1001.0 1.3618 21.0 44.0 2.0071 0.0 1.174 0.0 0.2 1000.0 1.5211 18.0 48.0 3.5071 0.0 1.174 0.0 0.4 999.0 1.6809 17.0 55.0 5.7071 0.0 1.174 0.0 0.41231 999.0 2.2069 17.0 
0.086 219.11542 65.0 3575.0 1.0 49.0 0.0 -0.9929 2.074 0.0 0.2 997.0 1.5327 15.0 48.0 0.0071 0.0 1.974 0.0 0.2 997.0 1.4708 14.0 49.0 1.0071 0.0 2.074 0.0 0.2 997.0 1.5327 14.0 51.0 2.2071 0.0 2.174 0.0 0.2 997.0 1.6604 14.0 52.0 3.5071 0.0 2.374 0.0 0.31623 997.0 1.7261 14.0 
0.03599 180.26231 53.0 3576.0 1.0 57.0 0.0 -0.5929 2.474 0.0 0.36056 997.0 2.074 11.0 60.0 1.0071 0.0 1.274 0.0 0.36056 995.0 2.0427 10.0 62.0 2.7071 0.0 0.174 0.0 0.36056 995.0 2.1812 10.0 58.0 4.5071 0.0 0.0 -0.826 0.22361 996.0 2.0211 10.0 50.0 6.0071 0.0 0.0 -1.626 0.28284 998.0 1.7023 12.0 
0.10335 152.51604 51.0 3577.0 1.0 41.0 0.0 -0.8929 1.374 0.0 0.1 997.0 1.0731 16.0 55.0 0.0071 0.0 1.374 0.0 0.2 994.0 1.6261 13.0 64.0 1.4071 0.0 1.374 0.0 0.2 991.0 1.9016 11.0 70.0 3.0071 0.0 1.174 0.0 0.3 989.0 2.0853 11.0 75.0 5.0071 0.0 1.074 0.0 0.3 988.0 2.2981 10.0 
0.09393 219.05074 46.0 3578.0 1.0 63.0 0.0 -0.4929 3.074 0.0 0.5 997.0 2.5 20.0 64.0 1.5071 0.0 1.274 0.0 0.42426 994.0 2.2019 14.0 72.0 3.3071 0.0 0.0 -0.426 0.42426 988.0 2.1179 11.0 88.0 5.2071 0.0 0.0 -1.826 0.31623 980.0 2.3968 11.0 101.0 7.0071 0.0 0.0 -2.626 0.31623 968.0 2.3153 9.0 
0.10584 136.94208 50.0 3579.0 1.0 43.0 0.0 -0.5929 1.874 0.0 0.22361 1000.0 1.4527 18.0 44.0 0.6071 0.0 1.074 0.0 0.22361 1000.0 1.5211 18.0 43.0 1.9071 0.0 0.474 0.0 0.22361 1000.0 1.4527 18.0 42.0 3.2071 0.0 0.074 0.0 0.22361 1000.0 1.3859 19.0 38.0 4.4071 0.0 0.0 -0.326 0.2 1001.0 1.2291 20.0 
0.14282 85.01661 70.0 3581.0 1.0 51.0 0.0 -0.3929 1.174 0.0 0.22361 995.0 1.4759 13.0 52.0 0.5071 0.0 0.574 0.0 0.22361 996.0 1.6246 14.0 53.0 1.7071 0.0 0.0 -0.426 0.28284 997.0 1.7931 15.0 50.0 3.0071 0.0 0.0 -1.526 0.28284 998.0 1.7023 16.0 49.0 4.2071 0.0 0.0 -2.626 0.22361 998.0 1.6349 16.0 
0.05692 281.67125 43.0 3582.0 1.0 57.0 0.2071 0.0 3.274 0.0 0.36056 997.0 2.074 15.0 60.0 1.9071 0.0 1.674 0.0 0.36056 997.0 2.2981 14.0 59.0 3.7071 0.0 0.074 0.0 0.36056 997.0 2.2221 15.0 57.0 5.6071 0.0 0.0 -1.226 0.36056 998.0 2.2123 16.0 55.0 7.7071 0.0 0.0 -2.226 0.36056 999.0 2.2069 17.0 
0.02598 287.33753 75.0 3584.0 1.0 61.0 1.3071 0.0 2.774 0.0 0.36056 994.0 2.0003 13.0 60.0 2.3071 0.0 1.174 0.0 0.28284 994.0 1.9352 13.0 59.0 3.3071 0.0 0.0 -0.026 0.22361 993.0 1.7777 12.0 59.0 4.2071 0.0 0.0 -0.826 0.28284 992.0 1.693 12.0 61.0 5.0071 0.0 0.0 -1.526 0.22361 989.0 1.5836 11.0 
0.05181 241.14112 42.0 3585.0 1.0 59.0 0.0 -1.2929 3.074 0.0 0.44721 998.0 2.3703 12.0 64.0 0.9071 0.0 1.974 0.0 0.44721 995.0 2.3242 10.0 71.0 3.1071 0.0 0.374 0.0 0.5 993.0 2.5 9.0 78.0 5.7071 0.0 0.0 -1.326 0.44721 991.0 2.5 9.0 79.0 8.3071 0.0 0.0 -2.826 0.5 990.0 2.5 8.0 
0.02474 287.44942 40.0 3586.0 1.0 46.0 0.0 -0.7929 3.574 0.0 0.36056 1001.0 1.801 20.0 54.0 1.4071 0.0 2.174 0.0 0.5 1000.0 2.291 19.0 59.0 3.8071 0.0 0.0 -0.026 0.56569 1000.0 2.5 19.0 61.0 6.4071 0.0 0.0 -2.326 0.5 1000.0 2.5 19.0 60.0 9.0071 0.0 0.0 -4.226 0.5831 1000.0 2.5 19.0 
0.16317 319.01497 123.0 3587.0 1.0 63.0 0.0 -0.4929 2.974 0.0 0.14142 987.0 1.5592 13.0 65.0 0.0071 0.0 2.874 0.0 0.1 985.0 1.5412 12.0 65.0 0.4071 0.0 2.874 0.0 0.1 984.0 1.488 12.0 66.0 0.7071 0.0 2.874 0.0 0.1 984.0 1.5342 12.0 66.0 1.2071 0.0 2.774 0.0 0.0 984.0 1.5342 12.0 
0.07656 163.42753 52.0 3588.0 1.0 48.0 0.0 -0.9929 2.674 0.0 0.5 1000.0 1.8102 16.0 51.0 1.0071 0.0 1.074 0.0 0.36056 1000.0 2.0435 17.0 54.0 3.0071 0.0 0.0 -0.326 0.36056 998.0 1.9855 17.0 56.0 4.7071 0.0 0.0 -1.326 0.36056 996.0 1.8841 15.0 57.0 6.1071 0.0 0.0 -2.026 0.31623 994.0 1.7465 13.0 
0.05682 255.92004 79.0 3589.0 1.0 55.0 0.0 -0.1929 2.874 0.0 0.22361 996.0 1.8174 14.0 54.0 1.0071 0.0 2.074 0.0 0.22361 996.0 1.752 14.0 53.0 2.2071 0.0 1.474 0.0 0.22361 996.0 1.6877 14.0 51.0 3.3071 0.0 0.974 0.0 0.1 996.0 1.5627 14.0 48.0 4.2071 0.0 0.674 0.0 0.22361 997.0 1.4708 14.0 
0.05063 300.90555 45.0 3590.0 1.0 57.0 0.2071 0.0 3.974 0.0 0.5 998.0 2.2123 17.0 64.0 2.2071 0.0 1.574 0.0 0.56569 997.0 2.5 16.0 65.0 4.3071 0.0 0.0 -1.026 0.5831 997.0 2.5 16.0 63.0 6.2071 0.0 0.0 -3.726 0.53852 997.0 2.5 16.0 61.0 7.6071 0.0 0.0 -6.226 0.5 996.0 2.2356 13.0 
0.03895 210.50196 53.0 3592.0 1.0 42.0 0.0071 0.0 2.974 0.0 0.36056 1001.0 1.5014 17.0 44.0 1.3071 0.0 1.374 0.0 0.36056 1000.0 1.5211 16.0 48.0 2.8071 0.0 0.0 -0.026 0.36056 999.0 1.6809 14.0 50.0 4.4071 0.0 0.0 -1.126 0.22361 997.0 1.5959 14.0 57.0 5.8071 0.0 0.0 -2.026 0.28284 995.0 1.8436 13.0 
0.03245 234.34953 49.0 3594.0 1.0 57.0 0.0 -0.9929 3.374 0.0 0.5 1000.0 2.5 19.0 57.0 1.4071 0.0 1.574 0.0 0.5 1000.0 2.5 19.0 54.0 3.6071 0.0 0.0 -0.126 0.44721 1000.0 2.291 19.0 47.0 5.5071 0.0 0.0 -1.326 0.22361 1000.0 1.7355 19.0 41.0 6.9071 0.0 0.0 -1.826 0.2 1001.0 1.4308 20.0 
0.03038 289.68377 90.0 3595.0 1.0 63.0 0.9071 0.0 2.774 0.0 0.22361 990.0 1.7625 11.0 62.0 1.7071 0.0 1.974 0.0 0.1 989.0 1.6359 11.0 63.0 2.4071 0.0 1.674 0.0 0.2 988.0 1.6215 10.0 65.0 3.2071 0.0 1.774 0.0 0.2 987.0 1.6597 10.0 66.0 4.1071 0.0 2.174 0.0 0.22361 987.0 1.7112 10.0 
0.07965 111.65554 52.0 3596.0 1.0 46.0 0.0 -2.2929 0.0 -0.026 0.36056 999.0 1.5437 10.0 51.0 0.0 -0.3929 0.0 -0.926 0.36056 998.0 1.7711 13.0 59.0 1.6071 0.0 0.0 -1.826 0.31623 995.0 1.9752 11.0 63.0 3.5071 0.0 0.0 -2.626 0.31623 993.0 2.0269 10.0 73.0 5.4071 0.0 0.0 -3.326 0.31623 988.0 2.1772 10.0 
0.04015 280.38711 78.0 3597.0 1.0 74.0 0.0 -1.3929 0.0 -2.426 0.3 981.0 1.7478 9.0 99.0 0.0071 0.0 0.0 -2.526 0.2 959.0 1.8538 7.0 138.0 1.2071 0.0 0.0 -2.426 0.1 922.0 2.1375 6.0 145.0 2.2071 0.0 0.0 -2.326 0.22361 913.0 2.1474 6.0 134.0 3.2071 0.0 0.0 -2.126 0.14142 925.0 2.0841 6.0 
0.05002 260.1241 56.0 3598.0 1.0 74.0 0.1071 0.0 3.474 0.0 0.36056 989.0 2.3304 17.0 75.0 1.4071 0.0 1.874 0.0 0.36056 986.0 2.1279 16.0 78.0 2.7071 0.0 0.874 0.0 0.28284 983.0 2.0713 15.0 86.0 4.0071 0.0 0.274 0.0 0.2 975.0 1.9879 13.0 101.0 5.2071 0.0 0.074 0.0 0.2 957.0 1.8605 8.0 
0.06784 138.42312 62.0 3599.0 1.0 54.0 0.0 -0.3929 3.374 0.0 0.63246 1000.0 2.291 12.0 49.0 1.1071 0.0 0.574 0.0 0.44721 999.0 1.7517 11.0 49.0 2.5071 0.0 0.0 -1.626 0.28284 998.0 1.6349 10.0 50.0 3.8071 0.0 0.0 -3.126 0.28284 996.0 1.502 9.0 54.0 5.0071 0.0 0.0 -4.326 0.22361 994.0 1.5675 10.0 
0.04042 216.33574 70.0 3600.0 1.0 62.0 0.0 -0.3929 2.474 0.0 0.28284 991.0 1.7846 12.0 67.0 0.8071 0.0 1.774 0.0 0.22361 989.0 1.9104 10.0 71.0 2.0071 0.0 1.174 0.0 0.22361 986.0 1.9069 10.0 74.0 3.1071 0.0 0.674 0.0 0.2 983.0 1.8643 9.0 78.0 4.2071 0.0 0.374 0.0 0.2 980.0 1.883 8.0 
0.20862 45.6838 96.0 3601.0 1.0 40.0 0.0 -0.3929 0.774 0.0 0.14142 999.0 1.1673 17.0 43.0 0.3071 0.0 0.274 0.0 0.22361 998.0 1.259 16.0 45.0 1.1071 0.0 0.0 -0.226 0.1 997.0 1.2927 15.0 46.0 1.8071 0.0 0.0 -0.626 0.1 996.0 1.2713 15.0 46.0 2.5071 0.0 0.0 -0.926 0.14142 996.0 1.2713 14.0 
0.06746 242.73765 45.0 3602.0 1.0 61.0 0.0 -1.3929 4.274 0.0 0.70711 1001.0 2.5 23.0 58.0 1.4071 0.0 1.674 0.0 0.56569 1000.0 2.5 20.0 56.0 3.7071 0.0 0.0 -0.326 0.42426 1000.0 2.4639 18.0 56.0 5.6071 0.0 0.0 -1.826 0.36056 998.0 2.1353 16.0 55.0 7.3071 0.0 0.0 -2.926 0.36056 997.0 1.931 15.0 
0.06119 214.55603 48.0 3603.0 1.0 34.0 1.5071 0.0 1.374 0.0 0.1 999.0 1.0 18.0 31.0 1.6071 0.0 1.074 0.0 0.1 1000.0 1.0 18.0 29.0 1.8071 0.0 0.974 0.0 0.1 1001.0 1.0 20.0 27.0 1.9071 0.0 1.174 0.0 0.1 1001.0 1.0 21.0 26.0 1.9071 0.0 1.574 0.0 0.0 1002.0 1.0 23.0 
0.05988 188.05989 78.0 3605.0 1.0 65.0 0.7071 0.0 1.974 0.0 0.28284 990.0 1.8762 11.0 65.0 1.5071 0.0 0.774 0.0 0.28284 989.0 1.798 10.0 66.0 2.3071 0.0 0.0 -0.226 0.14142 987.0 1.7112 10.0 68.0 3.0071 0.0 0.0 -1.026 0.22361 986.0 1.7492 10.0 69.0 3.7071 0.0 0.0 -1.726 0.22361 984.0 1.6768 9.0 
0.02689 276.41288 81.0 3606.0 1.0 61.0 1.5071 0.0 2.374 0.0 0.14142 990.0 1.6524 11.0 60.0 2.0071 0.0 1.474 0.0 0.14142 990.0 1.5987 11.0 60.0 2.5071 0.0 0.774 0.0 0.22361 990.0 1.5987 11.0 59.0 2.9071 0.0 0.074 0.0 0.14142 989.0 1.4814 11.0 59.0 3.4071 0.0 0.0 -0.226 0.14142 989.0 1.4814 10.0 
0.02089 305.34255 58.0 3607.0 1.0 62.0 0.4071 0.0 3.374 0.0 0.42426 994.0 2.0664 13.0 62.0 1.8071 0.0 2.074 0.0 0.22361 993.0 1.9631 12.0 59.0 3.1071 0.0 1.274 0.0 0.14142 993.0 1.7777 12.0 58.0 4.1071 0.0 0.774 0.0 0.2 992.0 1.6361 12.0 58.0 5.2071 0.0 0.574 0.0 0.1 992.0 1.6361 12.0 
0.04794 243.24116 41.0 3608.0 1.0 74.0 0.0 -0.8929 5.174 0.0 0.80623 999.0 2.5 13.0 68.0 1.7071 0.0 1.374 0.0 0.64031 999.0 2.5 13.0 64.0 4.2071 0.0 0.0 -1.526 0.64031 998.0 2.5 10.0 58.0 6.6071 0.0 0.0 -3.926 0.42426 999.0 2.4542 10.0 51.0 8.4071 0.0 0.0 -5.826 0.36056 999.0 1.8976 10.0 
0.08065 274.61513 71.0 3611.0 1.0 77.0 0.0 -1.3929 2.674 0.0 0.31623 983.0 2.0186 12.0 89.0 0.0071 0.0 2.474 0.0 0.2 973.0 2.0226 10.0 104.0 1.3071 0.0 2.474 0.0 0.3 960.0 2.0844 8.0 122.0 2.6071 0.0 2.274 0.0 0.22361 942.0 2.1411 7.0 123.0 3.8071 0.0 1.974 0.0 0.2 941.0 2.1462 7.0 
0.08888 156.04509 63.0 3612.0 1.0 57.0 0.0 -1.0929 2.874 0.0 0.5 1000.0 2.5 18.0 54.0 0.9071 0.0 1.074 0.0 0.36056 999.0 2.1274 17.0 49.0 2.4071 0.0 0.0 -0.026 0.22361 999.0 1.7517 16.0 48.0 3.7071 0.0 0.0 -0.626 0.22361 998.0 1.5688 16.0 48.0 4.8071 0.0 0.0 -1.126 0.22361 998.0 1.5688 15.0 
0.07364 250.0243 47.0 3614.0 1.0 97.0 0.0 -1.1929 4.974 0.0 0.78102 985.0 2.5 10.0 105.0 1.5071 0.0 1.674 0.0 0.56569 979.0 2.5 8.0 99.0 4.1071 0.0 0.0 -0.726 0.5 980.0 2.5 8.0 86.0 6.1071 0.0 0.0 -2.426 0.28284 982.0 2.4368 9.0 78.0 7.4071 0.0 0.0 -3.326 0.22361 982.0 2.0045 9.0 
0.09984 167.40355 56.0 3615.0 1.0 69.0 0.0 -1.0929 2.774 0.0 0.42426 994.0 2.5 13.0 70.0 0.8071 0.0 1.274 0.0 0.44721 992.0 2.3832 12.0 69.0 2.6071 0.0 0.0 -0.026 0.36056 991.0 2.2103 11.0 65.0 4.2071 0.0 0.0 -1.026 0.31623 992.0 2.0549 12.0 59.0 5.6071 0.0 0.0 -1.426 0.22361 993.0 1.7777 12.0 
0.05023 276.41288 57.0 3617.0 1.0 53.0 1.7071 0.0 2.574 0.0 0.2 993.0 1.4345 16.0 56.0 2.0071 0.0 1.474 0.0 0.14142 992.0 1.5252 16.0 60.0 2.6071 0.0 0.474 0.0 0.14142 991.0 1.6713 15.0 66.0 3.5071 0.0 0.0 -0.426 0.28284 989.0 1.8538 14.0 75.0 4.6071 0.0 0.0 -1.426 0.28284 985.0 2.0519 12.0 
0.03326 218.30081 51.0 3618.0 1.0 55.0 0.0 -0.5929 3.674 0.0 0.56569 1000.0 2.3767 16.0 52.0 1.4071 0.0 1.374 0.0 0.42426 999.0 1.9727 15.0 50.0 3.0071 0.0 0.0 -0.226 0.36056 998.0 1.7023 13.0 54.0 4.5071 0.0 0.0 -1.326 0.22361 996.0 1.752 15.0 62.0 6.0071 0.0 0.0 -2.126 0.31623 993.0 1.9631 12.0 
0.09324 242.99435 39.0 3619.0 1.0 53.0 0.4071 0.0 4.074 0.0 0.5831 1000.0 2.207 12.0 54.0 2.0071 0.0 0.874 0.0 0.63246 1000.0 2.291 11.0 56.0 3.4071 0.0 0.0 -2.426 0.53852 998.0 2.1353 10.0 57.0 4.6071 0.0 0.0 -5.326 0.53852 997.0 2.074 11.0 61.0 5.7071 0.0 0.0 -7.926 0.36056 995.0 2.1114 11.0 
0.06216 249.69441 52.0 3620.0 1.0 64.0 0.0071 0.0 3.374 0.0 0.5 995.0 2.3242 13.0 63.0 1.6071 0.0 1.574 0.0 0.42426 994.0 2.1336 13.0 63.0 3.1071 0.0 0.074 0.0 0.36056 994.0 2.1336 13.0 62.0 4.6071 0.0 0.0 -1.026 0.22361 993.0 1.9631 12.0 62.0 6.0071 0.0 0.0 -1.626 0.3 992.0 1.8696 12.0 
0.10524 266.00859 46.0 3621.0 1.0 113.0 0.0 -0.0929 4.874 0.0 0.5831 970.0 2.5 12.0 140.0 1.8071 0.0 1.574 0.0 0.64031 943.0 2.5 9.0 175.0 3.9071 0.0 0.0 -1.226 0.5 898.0 2.5 6.0 179.0 5.8071 0.0 0.0 -3.426 0.36056 886.0 2.5 6.0 169.0 7.4071 0.0 0.0 -4.826 0.22361 891.0 2.3911 6.0 
0.0593 180.93975 57.0 3622.0 1.0 65.0 0.1071 0.0 2.674 0.0 0.36056 992.0 2.0549 12.0 69.0 1.3071 0.0 0.974 0.0 0.36056 990.0 2.1142 11.0 73.0 2.5071 0.0 0.0 -0.726 0.28284 988.0 2.1772 10.0 75.0 3.7071 0.0 0.0 -2.026 0.28284 986.0 2.1279 10.0 70.0 5.1071 0.0 0.0 -2.926 0.22361 989.0 2.0853 10.0 
0.08507 254.57763 39.0 3623.0 1.0 94.0 0.0 -0.6929 4.174 0.0 0.64031 986.0 2.5 13.0 98.0 1.9071 0.0 1.274 0.0 0.56569 983.0 2.5 12.0 98.0 4.6071 0.0 0.0 -1.226 0.5 982.0 2.5 11.0 91.0 7.1071 0.0 0.0 -2.726 0.36056 981.0 2.5 11.0 90.0 9.0071 0.0 0.0 -3.526 0.31623 977.0 2.2981 10.0 
0.01661 260.45356 51.0 3624.0 1.0 56.0 0.0 -3.2929 0.0 -0.226 0.56569 998.0 2.1353 10.0 59.0 0.0 -0.9929 0.0 -2.126 0.5 996.0 2.0914 9.0 64.0 1.2071 0.0 0.0 -3.326 0.41231 994.0 2.2019 10.0 74.0 3.4071 0.0 0.0 -4.226 0.41231 987.0 2.1512 8.0 90.0 5.5071 0.0 0.0 -5.226 0.31623 978.0 2.3637 8.0 
0.14403 222.32905 47.0 3626.0 1.0 81.0 0.0 -1.7929 3.474 0.0 0.5 989.0 2.5 13.0 93.0 0.7071 0.0 1.874 0.0 0.41231 980.0 2.5 11.0 108.0 3.0071 0.0 0.774 0.0 0.44721 967.0 2.5 9.0 130.0 5.1071 0.0 0.0 -0.326 0.31623 943.0 2.4659 7.0 134.0 6.9071 0.0 0.0 -0.626 0.22361 934.0 2.3215 6.0 
0.06561 261.25463 81.0 3627.0 1.0 45.0 0.0 -0.5929 2.874 0.0 0.22361 1000.0 1.591 18.0 42.0 0.6071 0.0 2.274 0.0 0.1 999.0 1.2869 18.0 40.0 1.5071 0.0 1.974 0.0 0.2 1000.0 1.2571 18.0 37.0 2.4071 0.0 1.974 0.0 0.1 1000.0 1.0756 18.0 33.0 3.0071 0.0 2.074 0.0 0.1 1001.0 1.0 19.0 
0.09064 296.82916 58.0 3628.0 1.0 73.0 0.0 -0.1929 3.274 0.0 0.36056 987.0 2.0934 10.0 80.0 1.4071 0.0 2.274 0.0 0.36056 983.0 2.1789 9.0 86.0 3.0071 0.0 1.174 0.0 0.22361 979.0 2.2218 8.0 92.0 4.4071 0.0 0.174 0.0 0.22361 972.0 2.1085 7.0 95.0 5.5071 0.0 0.0 -0.726 0.28284 969.0 2.095 7.0 
0.02515 307.87539 67.0 3629.0 1.0 38.0 0.0 -2.4929 0.0 -1.926 0.22361 1000.0 1.1345 12.0 43.0 0.0 -0.8929 0.0 -2.626 0.31623 999.0 1.3489 11.0 46.0 0.8071 0.0 0.0 -3.126 0.31623 998.0 1.4408 10.0 48.0 2.4071 0.0 0.0 -3.426 0.22361 996.0 1.3843 10.0 54.0 3.7071 0.0 0.0 -3.926 0.22361 993.0 1.4892 10.0 
0.05794 310.58559 86.0 3630.0 1.0 65.0 0.3071 0.0 3.074 0.0 0.22361 988.0 1.7261 10.0 65.0 1.3071 0.0 2.474 0.0 0.2 989.0 1.798 10.0 61.0 2.3071 0.0 2.074 0.0 0.14142 990.0 1.6524 11.0 57.0 3.2071 0.0 1.574 0.0 0.1 992.0 1.5802 12.0 53.0 4.1071 0.0 1.274 0.0 0.1 994.0 1.51 13.0 
0.02357 283.12456 50.0 3632.0 1.0 57.0 0.0071 0.0 3.774 0.0 0.5 999.0 2.3703 15.0 55.0 2.0071 0.0 1.574 0.0 0.36056 999.0 2.2069 18.0 56.0 3.7071 0.0 0.174 0.0 0.31623 997.0 2.0019 15.0 59.0 5.2071 0.0 0.0 -0.626 0.22361 994.0 1.8713 13.0 61.0 6.6071 0.0 0.0 -1.026 0.2 992.0 1.8098 12.0 
0.13931 118.12228 46.0 3633.0 1.0 41.0 0.0 -1.1929 2.174 0.0 0.36056 1001.0 1.4308 25.0 44.0 0.6071 0.0 0.874 0.0 0.44721 1001.0 1.6478 26.0 49.0 2.7071 0.0 0.0 -0.126 0.41231 1000.0 1.8864 26.0 53.0 5.0071 0.0 0.0 -0.426 0.4 999.0 2.0493 23.0 52.0 7.1071 0.0 0.0 -0.226 0.31623 999.0 1.9727 22.0 
0.05243 196.48588 54.0 3634.0 1.0 42.0 0.6071 0.0 2.674 0.0 0.22361 1000.0 1.3859 19.0 43.0 1.4071 0.0 1.074 0.0 0.28284 1000.0 1.4527 19.0 44.0 2.4071 0.0 0.0 -0.526 0.36056 1000.0 1.5211 19.0 45.0 3.6071 0.0 0.0 -2.026 0.28284 1000.0 1.591 20.0 48.0 5.0071 0.0 0.0 -3.226 0.31623 1000.0 1.8102 18.0 
0.08724 159.16666 60.0 3639.0 1.0 60.0 0.0 -0.3929 3.074 0.0 0.5 998.0 2.4513 17.0 54.0 1.2071 0.0 0.774 0.0 0.42426 999.0 2.1274 17.0 51.0 2.6071 0.0 0.0 -1.026 0.42426 999.0 1.8976 17.0 52.0 4.0071 0.0 0.0 -2.526 0.36056 998.0 1.8412 16.0 58.0 5.4071 0.0 0.0 -3.726 0.28284 995.0 1.9088 13.0 
0.02152 276.41288 49.0 3640.0 1.0 85.0 0.2071 0.0 3.874 0.0 0.5831 987.0 2.5 10.0 85.0 2.0071 0.0 1.474 0.0 0.42426 985.0 2.5 9.0 81.0 3.7071 0.0 0.0 -0.326 0.42426 986.0 2.4819 9.0 73.0 5.4071 0.0 0.0 -1.826 0.28284 989.0 2.2679 10.0 64.0 6.8071 0.0 0.0 -2.826 0.22361 992.0 1.9922 12.0 
0.1305 109.18961 51.0 3641.0 1.0 43.0 0.0 -0.9929 2.074 0.0 0.42426 1000.0 1.4527 19.0 46.0 0.6071 0.0 0.774 0.0 0.36056 999.0 1.5437 20.0 51.0 2.3071 0.0 0.0 -0.226 0.36056 998.0 1.7711 18.0 56.0 4.2071 0.0 0.0 -0.826 0.31623 996.0 1.8841 19.0 62.0 6.0071 0.0 0.0 -0.826 0.3 993.0 1.9631 16.0 
0.07106 186.90786 46.0 3642.0 1.0 60.0 0.0 -0.5929 3.674 0.0 0.5 999.0 2.5 13.0 58.0 1.2071 0.0 1.174 0.0 0.5 999.0 2.4542 13.0 55.0 3.0071 0.0 0.0 -0.926 0.42426 1000.0 2.3767 13.0 51.0 4.9071 0.0 0.0 -2.626 0.36056 1000.0 2.0435 14.0 45.0 6.7071 0.0 0.0 -3.726 0.31623 1001.0 1.7236 15.0 
0.05489 282.09524 65.0 3645.0 1.0 76.0 0.0 -0.6929 3.074 0.0 0.36056 986.0 2.185 10.0 74.0 0.9071 0.0 2.374 0.0 0.31623 986.0 2.0715 10.0 71.0 2.4071 0.0 1.874 0.0 0.2 987.0 1.9803 10.0 67.0 3.6071 0.0 1.574 0.0 0.2 988.0 1.834 10.0 65.0 4.8071 0.0 1.574 0.0 0.2 989.0 1.798 11.0 
0.1022 101.02259 44.0 3646.0 1.0 47.0 0.3071 0.0 3.074 0.0 0.5099 1000.0 1.7355 13.0 47.0 0.9071 0.0 0.074 0.0 0.41231 1000.0 1.7355 12.0 47.0 1.7071 0.0 0.0 -2.426 0.41231 999.0 1.6116 11.0 51.0 2.8071 0.0 0.0 -4.526 0.42426 997.0 1.6604 9.0 57.0 4.4071 0.0 0.0 -6.226 0.36056 995.0 1.8436 10.0 
0.25001 112.1609 55.0 3647.0 1.0 76.0 0.0 -1.5929 2.774 0.0 0.56569 991.0 2.5 12.0 82.0 0.5071 0.0 0.874 0.0 0.5 986.0 2.5 10.0 89.0 2.5071 0.0 0.0 -0.526 0.42426 980.0 2.4516 8.0 98.0 4.2071 0.0 0.0 -2.026 0.36056 972.0 2.3925 7.0 91.0 5.8071 0.0 0.0 -3.226 0.28284 975.0 2.2258 8.0 
0.05618 249.69441 51.0 3649.0 1.0 64.0 0.0 -0.5929 3.674 0.0 0.56569 999.0 2.5 13.0 56.0 1.6071 0.0 1.574 0.0 0.36056 999.0 2.2879 13.0 50.0 3.4071 0.0 0.574 0.0 0.31623 999.0 1.8239 13.0 46.0 5.0071 0.0 0.174 0.0 0.2 999.0 1.5437 13.0 44.0 6.4071 0.0 0.274 0.0 0.22361 1000.0 1.5211 13.0 
0.04692 218.67807 73.0 3650.0 1.0 52.0 0.3071 0.0 2.774 0.0 0.28284 996.0 1.6246 15.0 56.0 1.3071 0.0 1.474 0.0 0.28284 995.0 1.7795 13.0 58.0 2.4071 0.0 0.574 0.0 0.22361 993.0 1.7179 12.0 60.0 3.4071 0.0 0.0 -0.026 0.22361 991.0 1.6713 11.0 63.0 4.2071 0.0 0.0 -0.526 0.22361 988.0 1.6215 10.0 
0.03978 199.1832 52.0 3652.0 1.0 59.0 0.0 -0.6929 3.974 0.0 0.72111 1001.0 2.5 13.0 53.0 1.5071 0.0 0.974 0.0 0.5831 1001.0 2.3909 12.0 50.0 3.2071 0.0 0.0 -1.326 0.36056 1000.0 1.9642 11.0 50.0 4.7071 0.0 0.0 -3.026 0.28284 998.0 1.7023 9.0 54.0 6.1071 0.0 0.0 -4.126 0.28284 996.0 1.752 11.0 
0.06824 148.45836 57.0 3654.0 1.0 67.0 0.0 -0.4929 1.874 0.0 0.14142 988.0 1.834 10.0 79.0 0.4071 0.0 1.274 0.0 0.2 978.0 1.8213 8.0 92.0 1.3071 0.0 1.174 0.0 0.2 968.0 1.9211 7.0 101.0 2.4071 0.0 1.174 0.0 0.2 962.0 2.0429 6.0 96.0 3.7071 0.0 1.274 0.0 0.3 970.0 2.1891 7.0 
0.06492 195.00101 66.0 3655.0 1.0 40.0 0.0 -2.4929 0.874 0.0 0.31623 1002.0 1.4856 19.0 40.0 0.0 -1.4929 0.0 -0.926 0.36056 1001.0 1.3618 17.0 40.0 0.0 -0.3929 0.0 -2.126 0.28284 1000.0 1.2571 15.0 42.0 0.7071 0.0 0.0 -2.726 0.1 998.0 1.2011 13.0 54.0 1.7071 0.0 0.0 -2.526 0.22361 994.0 1.5675 13.0 
0.166 98.73925 63.0 3656.0 1.0 56.0 0.0 -0.5929 2.674 0.0 0.53852 997.0 2.0019 13.0 55.0 0.8071 0.0 0.374 0.0 0.42426 996.0 1.8174 12.0 57.0 2.3071 0.0 0.0 -1.226 0.28284 993.0 1.6592 11.0 64.0 3.6071 0.0 0.0 -2.426 0.28284 989.0 1.7431 12.0 78.0 4.7071 0.0 0.0 -3.526 0.28284 978.0 1.7754 9.0 
0.05683 193.3831 62.0 3657.0 1.0 62.0 0.1071 0.0 2.774 0.0 0.42426 996.0 2.3095 14.0 58.0 1.5071 0.0 0.874 0.0 0.36056 997.0 2.1474 14.0 55.0 2.8071 0.0 0.0 -0.726 0.36056 997.0 1.931 15.0 51.0 4.1071 0.0 0.0 -1.826 0.36056 998.0 1.7711 15.0 48.0 5.3071 0.0 0.0 -2.826 0.22361 998.0 1.5688 16.0 
0.07296 158.13844 58.0 3659.0 1.0 54.0 0.0 -1.1929 2.974 0.0 0.5 1001.0 2.4819 20.0 49.0 0.8071 0.0 1.174 0.0 0.36056 1001.0 2.0436 20.0 44.0 2.4071 0.0 0.174 0.0 0.31623 1001.0 1.6478 20.0 41.0 3.8071 0.0 0.0 -0.126 0.2 1000.0 1.3207 20.0 41.0 5.1071 0.0 0.174 0.0 0.22361 1000.0 1.3207 20.0 
0.12492 19.33007 75.0 3660.0 1.0 35.0 0.0 -0.6929 1.474 0.0 0.22361 1001.0 1.0427 14.0 34.0 0.0071 0.0 0.174 0.0 0.28284 1001.0 1.0 12.0 34.0 0.7071 0.0 0.0 -0.626 0.22361 1000.0 1.0 11.0 37.0 1.5071 0.0 0.0 -1.126 0.2 999.0 1.0 14.0 43.0 2.4071 0.0 0.0 -1.426 0.2 997.0 1.1803 12.0 
0.02898 273.42719 62.0 3661.0 1.0 45.0 0.6071 0.0 3.574 0.0 0.36056 1000.0 1.591 12.0 43.0 1.8071 0.0 1.674 0.0 0.28284 1000.0 1.4527 16.0 44.0 2.9071 0.0 0.274 0.0 0.28284 999.0 1.4124 14.0 47.0 4.0071 0.0 0.0 -0.926 0.22361 997.0 1.4101 12.0 52.0 5.0071 0.0 0.0 -2.026 0.28284 995.0 1.5343 11.0 
0.08283 140.98863 75.0 3662.0 1.0 52.0 0.4071 0.0 1.874 0.0 0.22361 995.0 1.5343 13.0 56.0 1.0071 0.0 0.774 0.0 0.22361 993.0 1.6015 12.0 59.0 1.8071 0.0 0.0 -0.126 0.22361 991.0 1.6161 12.0 63.0 2.7071 0.0 0.0 -0.726 0.1 989.0 1.6891 10.0 69.0 3.4071 0.0 0.0 -1.226 0.14142 984.0 1.6768 9.0 
0.22059 38.12432 56.0 3663.0 1.0 44.0 0.0 -1.5929 1.774 0.0 0.36056 1002.0 1.7976 19.0 43.0 0.2071 0.0 0.274 0.0 0.36056 1001.0 1.5738 18.0 44.0 1.9071 0.0 0.0 -1.026 0.36056 1000.0 1.5211 16.0 45.0 3.6071 0.0 0.0 -1.926 0.31623 1000.0 1.591 20.0 50.0 5.3071 0.0 0.0 -2.426 0.2 998.0 1.7023 16.0 
0.07762 201.65087 60.0 3665.0 1.0 56.0 0.0 -0.3929 2.674 0.0 0.28284 997.0 2.0019 14.0 53.0 0.9071 0.0 1.574 0.0 0.22361 996.0 1.6877 14.0 52.0 2.1071 0.0 0.874 0.0 0.22361 997.0 1.7261 14.0 51.0 3.4071 0.0 0.174 0.0 0.14142 997.0 1.6604 14.0 50.0 4.5071 0.0 0.0 -0.326 0.22361 997.0 1.5959 14.0 
0.27226 24.41152 60.0 3666.0 1.0 50.0 0.0 -1.6929 2.574 0.0 0.5831 1002.0 2.3213 19.0 48.0 0.2071 0.0 0.074 0.0 0.5 1001.0 1.961 17.0 47.0 1.9071 0.0 0.0 -1.826 0.42426 1000.0 1.7355 16.0 48.0 3.5071 0.0 0.0 -3.426 0.28284 999.0 1.6809 14.0 50.0 4.9071 0.0 0.0 -4.626 0.22361 998.0 1.7023 16.0 
0.05471 155.51597 54.0 3667.0 1.0 42.0 0.0071 0.0 2.674 0.0 0.31623 1001.0 1.5014 17.0 42.0 1.0071 0.0 0.974 0.0 0.28284 1000.0 1.3859 15.0 45.0 2.2071 0.0 0.0 -0.126 0.28284 998.0 1.3789 14.0 51.0 3.6071 0.0 0.0 -0.926 0.2 997.0 1.6604 14.0 60.0 5.2071 0.0 0.0 -1.126 0.3 994.0 1.9352 13.0 
0.07524 204.62411 63.0 3669.0 1.0 69.0 0.0 -0.1929 2.874 0.0 0.28284 991.0 2.2103 11.0 72.0 1.1071 0.0 1.474 0.0 0.36056 988.0 2.1179 10.0 75.0 2.4071 0.0 0.474 0.0 0.22361 984.0 1.9811 9.0 84.0 3.5071 0.0 0.0 -0.226 0.22361 976.0 1.9478 8.0 96.0 4.6071 0.0 0.0 -0.826 0.14142 966.0 2.0028 7.0 
0.03497 205.90863 77.0 3671.0 1.0 39.0 0.0 -2.3929 0.0 -0.926 0.22361 1000.0 1.195 12.0 42.0 0.0 -0.8929 0.0 -1.626 0.22361 1000.0 1.3859 15.0 44.0 0.5071 0.0 0.0 -2.126 0.2 998.0 1.3183 13.0 47.0 1.7071 0.0 0.0 -2.426 0.22361 996.0 1.3272 12.0 54.0 2.8071 0.0 0.0 -2.726 0.2 994.0 1.5675 13.0 
0.01855 289.68377 47.0 3675.0 1.0 70.0 0.1071 0.0 3.774 0.0 0.36056 992.0 2.3832 12.0 73.0 1.7071 0.0 1.974 0.0 0.42426 989.0 2.2679 11.0 79.0 3.4071 0.0 0.574 0.0 0.31623 985.0 2.2766 10.0 91.0 5.2071 0.0 0.0 -0.126 0.31623 976.0 2.2859 8.0 101.0 6.9071 0.0 0.0 -0.426 0.3 966.0 2.2168 7.0 
0.22385 92.73958 47.0 3676.0 1.0 76.0 0.0 -1.4929 3.374 0.0 0.64031 993.0 2.5 9.0 76.0 0.6071 0.0 0.574 0.0 0.56569 991.0 2.5 9.0 79.0 2.8071 0.0 0.0 -1.526 0.56569 989.0 2.5 8.0 100.0 5.0071 0.0 0.0 -3.426 0.36056 974.0 2.5 6.0 106.0 6.9071 0.0 0.0 -4.726 0.31623 964.0 2.3421 5.0 
0.03404 266.93657 50.0 3678.0 1.0 66.0 0.0 -0.1929 4.474 0.0 0.53852 997.0 2.5 14.0 66.0 1.5071 0.0 1.874 0.0 0.56569 996.0 2.5 14.0 64.0 3.4071 0.0 0.0 -0.326 0.5 997.0 2.5 14.0 58.0 5.1071 0.0 0.0 -2.326 0.44721 998.0 2.2906 15.0 51.0 6.5071 0.0 0.0 -4.126 0.28284 999.0 1.8976 17.0 
0.02141 250.35032 53.0 3680.0 1.0 76.0 0.2071 0.0 3.574 0.0 0.5 990.0 2.5 11.0 76.0 1.7071 0.0 1.474 0.0 0.42426 987.0 2.269 10.0 80.0 3.2071 0.0 0.0 -0.226 0.28284 984.0 2.2541 9.0 87.0 4.5071 0.0 0.0 -1.526 0.36056 978.0 2.2088 8.0 86.0 5.9071 0.0 0.0 -2.626 0.22361 977.0 2.0984 8.0 
0.06198 188.05989 65.0 3681.0 1.0 55.0 0.0 -0.0929 3.974 0.0 0.67082 1000.0 2.3767 17.0 52.0 1.5071 0.0 0.774 0.0 0.44721 999.0 1.9727 16.0 49.0 2.8071 0.0 0.0 -1.626 0.42426 998.0 1.6349 15.0 48.0 4.1071 0.0 0.0 -3.326 0.31623 998.0 1.5688 18.0 50.0 5.1071 0.0 0.0 -4.626 0.28284 995.0 1.4186 15.0 
0.15526 101.0933 51.0 3682.0 1.0 50.0 0.0 -0.7929 2.574 0.0 0.5 999.0 1.8239 14.0 52.0 0.7071 0.0 0.574 0.0 0.36056 998.0 1.8412 13.0 57.0 2.3071 0.0 0.0 -0.926 0.42426 995.0 1.8436 11.0 66.0 4.0071 0.0 0.0 -2.026 0.31623 992.0 2.1186 12.0 75.0 5.7071 0.0 0.0 -2.426 0.31623 986.0 2.1279 10.0 
0.10132 139.82063 52.0 3684.0 1.0 70.0 0.0 -0.9929 2.674 0.0 0.42426 993.0 2.5 13.0 73.0 0.9071 0.0 0.874 0.0 0.44721 991.0 2.474 11.0 75.0 2.8071 0.0 0.0 -0.426 0.36056 988.0 2.2981 10.0 81.0 4.5071 0.0 0.0 -1.426 0.22361 982.0 2.1617 9.0 89.0 6.0071 0.0 0.0 -1.926 0.2 976.0 2.1866 8.0 
0.05938 195.86221 83.0 3685.0 1.0 71.0 0.0 -0.0929 2.074 0.0 0.22361 988.0 2.0595 10.0 72.0 1.1071 0.0 1.374 0.0 0.22361 985.0 1.891 10.0 75.0 2.2071 0.0 0.774 0.0 0.22361 983.0 1.9151 9.0 77.0 3.2071 0.0 0.074 0.0 0.22361 981.0 1.8924 9.0 76.0 4.1071 0.0 0.0 -0.526 0.22361 981.0 1.8436 9.0 
0.02556 241.889 48.0 3686.0 1.0 81.0 0.0 -0.0929 3.574 0.0 0.42426 986.0 2.4819 7.0 87.0 1.5071 0.0 1.574 0.0 0.42426 981.0 2.4159 6.0 101.0 3.2071 0.0 0.0 -0.226 0.42426 970.0 2.423 5.0 118.0 4.9071 0.0 0.0 -1.926 0.36056 956.0 2.495 4.0 101.0 6.6071 0.0 0.0 -3.126 0.36056 969.0 2.368 5.0 
0.03938 273.31587 46.0 3688.0 1.0 93.0 0.4071 0.0 3.974 0.0 0.53852 983.0 2.5 9.0 96.0 2.1071 0.0 1.274 0.0 0.5 979.0 2.5 8.0 97.0 4.0071 0.0 0.0 -0.926 0.5 978.0 2.5 8.0 83.0 5.9071 0.0 0.0 -2.826 0.28284 985.0 2.5 9.0 71.0 7.4071 0.0 0.0 -4.126 0.28284 989.0 2.1453 10.0 
0.07616 263.87963 42.0 3689.0 1.0 105.0 0.0 -0.3929 5.474 0.0 0.89443 981.0 2.5 9.0 106.0 2.0071 0.0 1.274 0.0 0.64031 979.0 2.5 8.0 99.0 4.4071 0.0 0.0 -1.926 0.64031 981.0 2.5 9.0 91.0 6.5071 0.0 0.0 -4.726 0.42426 982.0 2.5 9.0 87.0 8.2071 0.0 0.0 -6.826 0.36056 976.0 2.0894 6.0 
0.14602 163.42753 45.0 3690.0 1.0 91.0 0.0 -1.5929 3.574 0.0 0.56569 986.0 2.5 10.0 99.0 1.0071 0.0 1.074 0.0 0.64031 980.0 2.5 8.0 97.0 3.6071 0.0 0.0 -0.926 0.5 980.0 2.5 8.0 88.0 5.8071 0.0 0.0 -2.426 0.36056 982.0 2.5 9.0 79.0 7.5071 0.0 0.0 -3.326 0.22361 984.0 2.1981 9.0 
0.06356 250.0243 61.0 3691.0 1.0 78.0 0.0 -0.3929 3.674 0.0 0.42426 989.0 2.5 11.0 88.0 1.5071 0.0 1.674 0.0 0.42426 982.0 2.5 9.0 95.0 3.1071 0.0 0.0 -0.126 0.36056 975.0 2.4258 8.0 91.0 4.5071 0.0 0.0 -1.726 0.28284 977.0 2.3494 8.0 71.0 5.6071 0.0 0.0 -2.926 0.28284 988.0 2.0595 10.0 
0.04431 260.90683 73.0 3692.0 1.0 53.0 1.6071 0.0 1.974 0.0 0.14142 993.0 1.4345 12.0 54.0 1.9071 0.0 1.374 0.0 0.14142 992.0 1.4182 12.0 56.0 2.5071 0.0 0.974 0.0 0.14142 991.0 1.4559 11.0 58.0 3.1071 0.0 0.774 0.0 0.1 990.0 1.4939 11.0 60.0 3.8071 0.0 0.674 0.0 0.14142 990.0 1.5987 11.0 
0.075 163.67688 93.0 3693.0 1.0 48.0 0.0071 0.0 2.174 0.0 0.28284 999.0 1.6809 18.0 45.0 1.1071 0.0 0.974 0.0 0.28284 999.0 1.4773 17.0 44.0 2.1071 0.0 0.0 -0.126 0.22361 999.0 1.4124 17.0 43.0 3.1071 0.0 0.0 -0.826 0.14142 999.0 1.3489 17.0 42.0 4.0071 0.0 0.0 -1.326 0.1 999.0 1.2869 17.0 
0.03181 234.69733 53.0 3694.0 1.0 63.0 0.0 -0.3929 4.074 0.0 0.64031 998.0 2.5 14.0 59.0 1.6071 0.0 1.374 0.0 0.5 997.0 2.2221 12.0 58.0 3.1071 0.0 0.0 -0.526 0.36056 995.0 1.9088 11.0 65.0 4.5071 0.0 0.0 -1.826 0.28284 991.0 1.9615 12.0 73.0 5.8071 0.0 0.0 -2.626 0.22361 985.0 1.9439 10.0 
0.07974 211.97996 67.0 3695.0 1.0 57.0 0.0 -1.3929 3.674 0.0 0.5 1000.0 2.5 14.0 52.0 0.7071 0.0 1.774 0.0 0.44721 1000.0 2.1245 14.0 46.0 2.5071 0.0 0.574 0.0 0.36056 1000.0 1.6625 14.0 42.0 3.9071 0.0 0.0 -0.126 0.22361 1000.0 1.3859 14.0 38.0 5.0071 0.0 0.0 -0.326 0.1 1000.0 1.1345 14.0 
0.12254 187.25955 50.0 3696.0 1.0 93.0 0.0 -0.6929 2.274 0.0 0.22361 972.0 2.1546 12.0 115.0 0.6071 0.0 1.574 0.0 0.31623 952.0 2.2144 9.0 128.0 2.1071 0.0 0.974 0.0 0.31623 940.0 2.2924 8.0 135.0 3.8071 0.0 0.574 0.0 0.3 934.0 2.3563 8.0 146.0 5.7071 0.0 0.474 0.0 0.3 916.0 2.2445 6.0 
0.10828 121.41017 114.0 3697.0 1.0 37.0 0.0 -1.0929 1.574 0.0 0.31623 1001.0 1.1652 17.0 38.0 0.2071 0.0 1.074 0.0 0.2 1000.0 1.1345 16.0 39.0 1.3071 0.0 1.174 0.0 0.2 1000.0 1.195 19.0 42.0 2.3071 0.0 1.274 0.0 0.1 998.0 1.2011 16.0 44.0 3.0071 0.0 1.374 0.0 0.1 996.0 1.1632 15.0 
0.07498 230.21535 68.0 3698.0 1.0 55.0 0.0 -1.7929 2.574 0.0 0.31623 997.0 1.931 12.0 57.0 0.0071 0.0 2.074 0.0 0.2 995.0 1.8436 14.0 60.0 1.3071 0.0 2.174 0.0 0.22361 992.0 1.7509 12.0 64.0 2.4071 0.0 2.374 0.0 0.2 989.0 1.7431 11.0 69.0 3.5071 0.0 2.274 0.0 0.22361 987.0 1.8703 10.0 
0.03556 269.99085 60.0 3699.0 1.0 80.0 0.0071 0.0 3.874 0.0 0.64031 991.0 2.5 12.0 76.0 2.0071 0.0 1.374 0.0 0.42426 990.0 2.5 11.0 70.0 3.5071 0.0 0.0 -0.326 0.28284 989.0 2.0853 11.0 73.0 4.7071 0.0 0.0 -1.626 0.28284 986.0 2.0159 10.0 77.0 5.7071 0.0 0.0 -2.926 0.28284 983.0 2.0186 9.0 
0.04586 197.99881 57.0 3700.0 1.0 40.0 0.6071 0.0 2.374 0.0 0.22361 1000.0 1.2571 17.0 42.0 1.6071 0.0 0.774 0.0 0.28284 999.0 1.2869 16.0 45.0 2.8071 0.0 0.0 -0.626 0.36056 998.0 1.3789 19.0 49.0 4.0071 0.0 0.0 -1.826 0.28284 996.0 1.4425 16.0 56.0 5.3071 0.0 0.0 -2.726 0.28284 994.0 1.6858 17.0 
0.10784 179.1179 58.0 3701.0 1.0 98.0 0.0 -0.8929 2.974 0.0 0.5 977.0 2.5 10.0 104.0 1.1071 0.0 1.174 0.0 0.36056 970.0 2.5 9.0 101.0 2.8071 0.0 0.0 -0.126 0.28284 969.0 2.368 9.0 98.0 4.2071 0.0 0.0 -1.026 0.22361 968.0 2.1798 9.0 95.0 5.5071 0.0 0.0 -1.426 0.2 969.0 2.095 9.0 
0.04885 169.80266 52.0 3703.0 1.0 58.0 0.0 -2.6929 0.0 -1.526 0.5 998.0 2.2906 14.0 60.0 0.1071 0.0 0.0 -1.526 0.4 996.0 2.1629 12.0 60.0 2.3071 0.0 0.0 -1.526 0.3 994.0 1.9352 14.0 64.0 4.0071 0.0 0.0 -1.326 0.31623 991.0 1.9016 15.0 76.0 5.5071 0.0 0.0 -0.826 0.22361 984.0 2.0343 12.0 
0.07659 173.59727 318.0 3704.0 1.0 63.0 0.0 -1.4929 3.674 0.0 0.64031 999.0 2.5 18.0 66.0 0.9071 0.0 1.274 0.0 0.5 997.0 2.5 15.0 68.0 3.2071 0.0 0.0 -0.726 0.5 995.0 2.5 14.0 72.0 5.5071 0.0 0.0 -2.426 0.42426 993.0 2.5 12.0 73.0 7.7071 0.0 0.0 -3.726 0.44721 991.0 2.474 11.0 
0.09318 235.74859 59.0 3705.0 1.0 70.0 0.0 -0.3929 2.874 0.0 0.36056 992.0 2.3832 15.0 74.0 1.3071 0.0 1.674 0.0 0.36056 988.0 2.2372 13.0 79.0 2.8071 0.0 0.574 0.0 0.22361 983.0 2.1248 12.0 90.0 4.1071 0.0 0.0 -0.326 0.28284 974.0 2.1213 10.0 101.0 5.3071 0.0 0.0 -1.226 0.22361 964.0 2.1263 8.0 
0.01516 255.95422 49.0 3706.0 1.0 56.0 0.0 -3.5929 0.0 -0.226 0.56569 1001.0 2.5 13.0 54.0 0.0 -0.8929 0.0 -2.126 0.5 1000.0 2.291 12.0 53.0 1.6071 0.0 0.0 -3.426 0.5 999.0 2.0493 10.0 56.0 3.8071 0.0 0.0 -4.626 0.44721 997.0 2.0019 9.0 61.0 6.0071 0.0 0.0 -5.526 0.31623 995.0 2.1114 10.0 
0.19968 77.04923 54.0 3707.0 1.0 56.0 0.0 -1.1929 1.574 0.0 0.36056 997.0 2.0019 15.0 59.0 0.5071 0.0 0.474 0.0 0.28284 996.0 2.0914 14.0 60.0 2.2071 0.0 0.0 -0.726 0.36056 996.0 2.1629 14.0 61.0 4.0071 0.0 0.0 -1.826 0.36056 996.0 2.2356 14.0 59.0 5.7071 0.0 0.0 -3.126 0.36056 997.0 2.2221 14.0 
0.06354 222.77416 67.0 3708.0 1.0 57.0 0.3071 0.0 2.274 0.0 0.14142 992.0 1.5802 12.0 61.0 1.1071 0.0 1.674 0.0 0.22361 990.0 1.6524 11.0 65.0 2.2071 0.0 0.974 0.0 0.22361 989.0 1.798 11.0 68.0 3.3071 0.0 0.274 0.0 0.28284 988.0 1.8891 10.0 74.0 4.4071 0.0 0.0 -0.626 0.28284 984.0 1.9286 9.0 
0.08698 226.43256 155.0 3709.0 1.0 80.0 0.0 -1.2929 3.774 0.0 0.5 991.0 2.5 11.0 83.0 1.0071 0.0 1.774 0.0 0.44721 986.0 2.5 10.0 83.0 3.0071 0.0 0.374 0.0 0.36056 983.0 2.3454 9.0 86.0 4.6071 0.0 0.0 -0.626 0.31623 978.0 2.1583 8.0 90.0 5.9071 0.0 0.0 -1.226 0.1 972.0 2.0178 7.0 
0.09633 85.49496 53.0 3710.0 1.0 47.0 0.0 -0.7929 2.474 0.0 0.42426 1000.0 1.7355 12.0 46.0 0.6071 0.0 0.474 0.0 0.36056 999.0 1.5437 11.0 49.0 2.0071 0.0 0.0 -1.226 0.42426 997.0 1.5327 10.0 53.0 3.5071 0.0 0.0 -2.726 0.36056 997.0 1.7931 12.0 59.0 5.2071 0.0 0.0 -4.026 0.36056 994.0 1.8713 10.0 
0.06376 241.14112 45.0 3712.0 1.0 62.0 0.0 -1.7929 3.674 0.0 0.5 999.0 2.5 13.0 63.0 0.9071 0.0 1.974 0.0 0.5831 998.0 2.5 13.0 63.0 3.5071 0.0 0.174 0.0 0.5 998.0 2.5 12.0 64.0 5.8071 0.0 0.0 -1.626 0.56569 997.0 2.5 11.0 59.0 7.7071 0.0 0.0 -3.726 0.36056 997.0 2.2221 11.0 
0.06331 216.33574 57.0 3713.0 1.0 66.0 0.0 -1.3929 3.174 0.0 0.44721 996.0 2.5 14.0 66.0 0.8071 0.0 1.774 0.0 0.44721 994.0 2.3416 13.0 64.0 2.7071 0.0 0.674 0.0 0.22361 993.0 2.0918 12.0 63.0 4.2071 0.0 0.074 0.0 0.22361 992.0 1.9304 12.0 64.0 5.5071 0.0 0.0 -0.226 0.22361 990.0 1.8189 11.0 
0.17395 118.12228 54.0 3715.0 1.0 60.0 0.0 -1.3929 2.374 0.0 0.44721 996.0 2.1629 15.0 68.0 0.6071 0.0 0.874 0.0 0.36056 992.0 2.249 12.0 73.0 2.3071 0.0 0.0 -0.526 0.36056 989.0 2.2679 11.0 79.0 4.1071 0.0 0.0 -1.826 0.36056 985.0 2.2766 10.0 79.0 5.8071 0.0 0.0 -3.026 0.31623 984.0 2.1981 9.0 
0.17891 99.34881 77.0 3716.0 1.0 51.0 0.0 -1.7929 0.574 0.0 0.31623 998.0 1.7711 17.0 53.0 0.0 -0.1929 0.874 0.0 0.22361 996.0 1.6877 15.0 53.0 1.0071 0.0 1.174 0.0 0.22361 995.0 1.5939 14.0 56.0 2.1071 0.0 1.774 0.0 0.22361 994.0 1.6858 13.0 59.0 3.1071 0.0 2.674 0.0 0.22361 993.0 1.7777 12.0 
0.14671 97.07306 53.0 3717.0 1.0 59.0 0.0 -1.7929 3.174 0.0 0.64031 998.0 2.3703 10.0 58.0 0.4071 0.0 0.774 0.0 0.56569 997.0 2.1474 11.0 61.0 2.5071 0.0 0.0 -1.126 0.42426 995.0 2.1114 11.0 67.0 4.3071 0.0 0.0 -2.726 0.36056 991.0 2.0841 9.0 78.0 6.0071 0.0 0.0 -3.826 0.28284 984.0 2.1428 9.0 
0.02813 137.42438 50.0 3718.0 1.0 57.0 0.0 -3.4929 0.974 0.0 0.56569 1001.0 2.5 17.0 56.0 0.0 -0.6929 0.0 -1.026 0.44721 1000.0 2.4639 16.0 56.0 1.9071 0.0 0.0 -2.326 0.5099 1000.0 2.4639 19.0 58.0 4.2071 0.0 0.0 -3.026 0.41231 997.0 2.1474 15.0 58.0 6.1071 0.0 0.0 -3.226 0.3 995.0 1.9088 14.0 
0.13862 64.81358 46.0 3719.0 1.0 43.0 0.0 -1.3929 0.774 0.0 0.3 1001.0 1.5738 15.0 42.0 0.1071 0.0 0.574 0.0 0.2 1001.0 1.5014 15.0 39.0 1.5071 0.0 0.274 0.0 0.2 1001.0 1.2946 15.0 37.0 2.7071 0.0 0.0 -0.026 0.22361 1001.0 1.1652 16.0 35.0 3.9071 0.0 0.0 -0.526 0.14142 1002.0 1.1374 17.0 
0.08995 198.15681 71.0 3721.0 1.0 77.0 0.0 -0.5929 3.174 0.0 0.42426 989.0 2.5 11.0 79.0 1.0071 0.0 1.474 0.0 0.36056 985.0 2.2766 9.0 84.0 2.4071 0.0 0.274 0.0 0.28284 979.0 2.1196 8.0 95.0 3.5071 0.0 0.0 -0.726 0.22361 968.0 2.0484 7.0 110.0 4.6071 0.0 0.0 -1.426 0.14142 954.0 2.0947 6.0 
0.03649 289.68377 52.0 3722.0 1.0 64.0 0.0 -0.9929 4.774 0.0 0.64031 1001.0 2.5 15.0 60.0 1.7071 0.0 1.974 0.0 0.56569 1001.0 2.5 15.0 52.0 3.7071 0.0 0.0 -0.226 0.5 1001.0 2.3015 15.0 45.0 5.3071 0.0 0.0 -2.026 0.28284 1001.0 1.7236 16.0 38.0 6.5071 0.0 0.0 -3.226 0.28284 1002.0 1.3408 17.0 
0.04073 297.06318 48.0 3723.0 1.0 68.0 0.1071 0.0 3.574 0.0 0.42426 991.0 2.1467 12.0 75.0 1.8071 0.0 1.974 0.0 0.28284 988.0 2.2981 10.0 80.0 3.4071 0.0 0.474 0.0 0.36056 984.0 2.2541 9.0 88.0 5.0071 0.0 0.0 -0.826 0.36056 979.0 2.3263 8.0 97.0 6.7071 0.0 0.0 -1.926 0.28284 972.0 2.3439 7.0 
0.07031 244.59289 82.0 3724.0 1.0 71.0 0.4071 0.0 2.274 0.0 0.22361 983.0 1.7162 9.0 76.0 1.3071 0.0 1.774 0.0 0.22361 981.0 1.8436 9.0 81.0 2.2071 0.0 1.074 0.0 0.22361 977.0 1.8615 8.0 86.0 3.1071 0.0 0.374 0.0 0.14142 973.0 1.8885 7.0 93.0 3.9071 0.0 0.0 -0.126 0.14142 966.0 1.8795 7.0 
0.0303 208.05517 62.0 3725.0 1.0 59.0 0.7071 0.0 2.774 0.0 0.44721 997.0 2.2221 11.0 53.0 1.7071 0.0 0.774 0.0 0.36056 998.0 1.9127 11.0 48.0 2.7071 0.0 0.0 -0.526 0.14142 998.0 1.5688 11.0 47.0 3.6071 0.0 0.0 -1.326 0.14142 998.0 1.5041 11.0 47.0 4.5071 0.0 0.0 -1.926 0.22361 998.0 1.5041 11.0 
0.01839 186.02972 44.0 3726.0 1.0 57.0 0.0 -3.4929 0.474 0.0 0.64031 1000.0 2.5 11.0 61.0 0.0 -0.6929 0.0 -1.526 0.5831 999.0 2.5 14.0 63.0 2.2071 0.0 0.0 -2.926 0.53852 997.0 2.5 12.0 67.0 5.0071 0.0 0.0 -3.826 0.41231 995.0 2.5 14.0 74.0 7.4071 0.0 0.0 -4.026 0.3 990.0 2.4318 11.0 
0.0287 288.58221 48.0 3731.0 1.0 69.0 0.7071 0.0 4.174 0.0 0.5831 996.0 2.5 14.0 65.0 2.2071 0.0 1.374 0.0 0.5 996.0 2.5 14.0 63.0 3.8071 0.0 0.0 -0.926 0.42426 996.0 2.3846 14.0 62.0 5.4071 0.0 0.0 -2.626 0.42426 995.0 2.1812 13.0 60.0 6.9071 0.0 0.0 -3.926 0.28284 995.0 2.0427 13.0 
0.04252 304.66834 54.0 3733.0 1.0 50.0 0.5071 0.0 3.274 0.0 0.36056 999.0 1.8239 17.0 48.0 1.9071 0.0 1.974 0.0 0.36056 1000.0 1.8102 18.0 45.0 3.3071 0.0 0.874 0.0 0.28284 1000.0 1.591 19.0 44.0 4.6071 0.0 0.0 -0.226 0.36056 1001.0 1.6478 20.0 42.0 5.9071 0.0 0.0 -1.526 0.28284 1001.0 1.5014 21.0 
0.09068 253.61463 144.0 3734.0 1.0 65.0 0.0071 0.0 3.074 0.0 0.36056 993.0 2.1576 16.0 65.0 1.3071 0.0 1.874 0.0 0.22361 988.0 1.7261 11.0 67.0 2.4071 0.0 1.274 0.0 0.1 985.0 1.6375 10.0 71.0 3.4071 0.0 0.974 0.0 0.1 982.0 1.6609 9.0 76.0 4.3071 0.0 0.874 0.0 0.1 978.0 1.6856 8.0 
0.18311 57.41677 66.0 3735.0 1.0 49.0 0.0 -1.6929 1.974 0.0 0.44721 1000.0 1.8864 11.0 51.0 0.2071 0.0 0.474 0.0 0.42426 998.0 1.7711 10.0 51.0 1.9071 0.0 0.0 -0.726 0.36056 996.0 1.5627 8.0 56.0 3.4071 0.0 0.0 -1.426 0.22361 994.0 1.6858 10.0 64.0 4.6071 0.0 0.0 -1.726 0.22361 989.0 1.7431 8.0 
0.06758 226.19519 44.0 3738.0 1.0 61.0 0.0 -1.1929 3.374 0.0 0.5831 999.0 2.5 18.0 64.0 1.4071 0.0 1.474 0.0 0.5831 998.0 2.5 16.0 62.0 3.8071 0.0 0.0 -0.326 0.42426 998.0 2.5 16.0 58.0 5.8071 0.0 0.0 -1.926 0.36056 998.0 2.2906 16.0 53.0 7.5071 0.0 0.0 -3.226 0.36056 998.0 1.9127 16.0 
0.06525 247.43208 49.0 3739.0 1.0 64.0 0.0 -0.8929 2.874 0.0 0.44721 996.0 2.4609 14.0 69.0 1.2071 0.0 1.874 0.0 0.31623 991.0 2.2103 12.0 74.0 3.0071 0.0 1.274 0.0 0.31623 987.0 2.1512 10.0 83.0 4.6071 0.0 0.774 0.0 0.31623 981.0 2.1988 9.0 94.0 6.3071 0.0 0.174 0.0 0.3 974.0 2.3141 7.0 
0.09841 226.37542 47.0 3741.0 1.0 84.0 0.0 -0.9929 3.674 0.0 0.64031 990.0 2.5 11.0 79.0 1.5071 0.0 1.374 0.0 0.5 991.0 2.5 11.0 71.0 3.6071 0.0 0.0 -0.126 0.41231 992.0 2.4518 12.0 62.0 5.5071 0.0 0.0 -0.826 0.31623 994.0 2.0664 13.0 55.0 7.0071 0.0 0.0 -1.026 0.3 996.0 1.8174 14.0 
0.03307 258.10129 53.0 3742.0 1.0 76.0 0.4071 0.0 3.174 0.0 0.42426 990.0 2.5 11.0 70.0 2.0071 0.0 1.174 0.0 0.42426 992.0 2.3832 12.0 67.0 3.7071 0.0 0.0 -0.526 0.36056 993.0 2.2925 12.0 60.0 5.2071 0.0 0.0 -2.126 0.36056 995.0 2.0427 14.0 52.0 6.5071 0.0 0.0 -3.626 0.28284 996.0 1.6246 12.0 
0.07627 278.32653 54.0 3743.0 1.0 68.0 0.0 -1.3929 3.174 0.0 0.44721 994.0 2.4857 13.0 67.0 0.8071 0.0 2.374 0.0 0.41231 994.0 2.4131 12.0 63.0 2.8071 0.0 1.874 0.0 0.31623 994.0 2.1336 13.0 57.0 4.5071 0.0 1.474 0.0 0.22361 996.0 1.952 14.0 52.0 5.9071 0.0 1.174 0.0 0.2 997.0 1.7261 14.0 
0.1115 296.82916 50.0 3744.0 1.0 61.0 0.0 -0.5929 3.374 0.0 0.44721 996.0 2.2356 15.0 66.0 1.4071 0.0 2.274 0.0 0.31623 993.0 2.2245 12.0 69.0 3.1071 0.0 1.474 0.0 0.22361 990.0 2.1142 11.0 73.0 4.6071 0.0 0.874 0.0 0.31623 986.0 2.0159 10.0 79.0 6.1071 0.0 0.274 0.0 0.31623 982.0 2.0563 9.0 
0.01813 241.889 62.0 3745.0 1.0 75.0 0.0071 0.0 3.974 0.0 0.44721 992.0 2.5 12.0 67.0 1.5071 0.0 1.574 0.0 0.42426 994.0 2.4131 13.0 62.0 2.9071 0.0 0.0 -0.226 0.28284 992.0 1.8696 9.0 61.0 4.1071 0.0 0.0 -1.426 0.28284 991.0 1.7275 9.0 65.0 5.2071 0.0 0.0 -2.326 0.14142 988.0 1.7261 8.0 
0.0542 203.06164 49.0 3746.0 1.0 62.0 0.4071 0.0 2.774 0.0 0.36056 995.0 2.1812 13.0 64.0 1.6071 0.0 0.874 0.0 0.36056 994.0 2.2019 12.0 67.0 3.0071 0.0 0.0 -0.726 0.36056 993.0 2.2925 12.0 69.0 4.5071 0.0 0.0 -2.226 0.42426 992.0 2.3156 11.0 66.0 6.2071 0.0 0.0 -3.426 0.36056 993.0 2.2245 12.0 
0.06746 312.12968 50.0 3748.0 1.0 89.0 0.0 -1.0929 4.874 0.0 0.64031 990.0 2.5 14.0 89.0 1.5071 0.0 2.374 0.0 0.5 986.0 2.5 12.0 88.0 3.6071 0.0 0.774 0.0 0.36056 981.0 2.4717 11.0 94.0 5.3071 0.0 0.0 -0.326 0.31623 973.0 2.2562 10.0 101.0 6.7071 0.0 0.0 -1.026 0.2 965.0 2.1706 9.0 
0.03681 229.97278 68.0 3749.0 1.0 62.0 0.8071 0.0 3.074 0.0 0.31623 995.0 2.1812 13.0 56.0 1.7071 0.0 1.174 0.0 0.28284 996.0 1.8841 14.0 52.0 2.6071 0.0 0.0 -0.226 0.28284 996.0 1.6246 15.0 52.0 3.7071 0.0 0.0 -1.526 0.28284 997.0 1.7261 15.0 53.0 4.8071 0.0 0.0 -2.826 0.28284 996.0 1.6877 15.0 
0.17189 72.25976 48.0 3750.0 1.0 48.0 0.0 -1.0929 1.474 0.0 0.28284 1000.0 1.8102 18.0 48.0 0.3071 0.0 0.574 0.0 0.31623 999.0 1.6809 17.0 49.0 1.9071 0.0 0.0 -0.026 0.31623 999.0 1.7517 17.0 51.0 3.7071 0.0 0.0 -0.526 0.31623 999.0 1.8976 17.0 51.0 5.6071 0.0 0.0 -1.026 0.41231 1000.0 2.0435 18.0 
0.09302 241.889 43.0 3751.0 1.0 75.0 0.0 -0.8929 4.074 0.0 0.64031 993.0 2.5 12.0 73.0 1.5071 0.0 1.574 0.0 0.56569 994.0 2.5 13.0 73.0 3.8071 0.0 0.0 -0.726 0.64031 994.0 2.5 13.0 70.0 6.2071 0.0 0.0 -3.026 0.42426 995.0 2.5 13.0 63.0 8.0071 0.0 0.0 -5.026 0.36056 995.0 2.2521 14.0 
0.08804 235.74859 53.0 3752.0 1.0 76.0 0.0 -0.6929 3.474 0.0 0.56569 991.0 2.5 9.0 74.0 1.3071 0.0 1.674 0.0 0.36056 989.0 2.3304 8.0 68.0 3.0071 0.0 0.674 0.0 0.22361 990.0 2.0534 8.0 63.0 4.4071 0.0 0.274 0.0 0.3 991.0 1.8426 8.0 58.0 5.8071 0.0 0.274 0.0 0.2 994.0 1.8084 9.0 
0.09226 310.03964 61.0 3757.0 1.0 67.0 0.0 -0.3929 3.474 0.0 0.22361 990.0 1.9935 14.0 73.0 0.8071 0.0 2.674 0.0 0.31623 984.0 1.8769 11.0 83.0 2.1071 0.0 2.174 0.0 0.2 975.0 1.8516 8.0 93.0 3.3071 0.0 1.674 0.0 0.2 967.0 1.9204 7.0 104.0 4.4071 0.0 1.074 0.0 0.22361 959.0 2.0458 6.0 
0.1249 92.73958 73.0 3758.0 1.0 47.0 0.0 -1.0929 2.774 0.0 0.5 1001.0 1.8802 16.0 46.0 0.6071 0.0 0.574 0.0 0.42426 1000.0 1.6625 17.0 44.0 2.2071 0.0 0.0 -0.926 0.28284 999.0 1.4124 16.0 42.0 3.4071 0.0 0.0 -2.026 0.14142 998.0 1.2011 14.0 42.0 4.3071 0.0 0.0 -2.626 0.14142 996.0 1.0598 14.0 
0.08126 141.95101 40.0 3759.0 1.0 51.0 0.0 -2.1929 3.074 0.0 0.5 1002.0 2.4151 25.0 55.0 0.5071 0.0 1.174 0.0 0.5831 1002.0 2.5 22.0 58.0 3.3071 0.0 0.0 -0.526 0.5831 1001.0 2.5 20.0 57.0 6.2071 0.0 0.0 -2.226 0.44721 1001.0 2.5 21.0 51.0 8.8071 0.0 0.0 -3.426 0.44721 1002.0 2.4151 22.0 
0.07184 179.1179 65.0 3761.0 1.0 52.0 0.0 -0.3929 2.974 0.0 0.42426 998.0 1.8412 14.0 52.0 1.1071 0.0 1.174 0.0 0.28284 996.0 1.6246 12.0 53.0 2.4071 0.0 0.0 -0.026 0.22361 994.0 1.51 11.0 57.0 3.4071 0.0 0.0 -0.726 0.22361 992.0 1.5802 12.0 67.0 4.4071 0.0 0.0 -1.126 0.22361 986.0 1.6981 10.0 
0.02907 294.59924 53.0 3762.0 1.0 52.0 1.4071 0.0 2.974 0.0 0.31623 998.0 1.8412 16.0 48.0 2.2071 0.0 1.474 0.0 0.28284 998.0 1.5688 16.0 48.0 3.2071 0.0 0.174 0.0 0.28284 998.0 1.5688 16.0 49.0 4.3071 0.0 0.0 -1.026 0.28284 999.0 1.7517 16.0 47.0 5.6071 0.0 0.0 -2.226 0.22361 999.0 1.6116 17.0 
0.0608 197.65626 61.0 3763.0 1.0 50.0 0.0 -0.8929 2.274 0.0 0.31623 999.0 1.8239 15.0 53.0 0.6071 0.0 1.674 0.0 0.3 997.0 1.7931 15.0 55.0 2.0071 0.0 1.674 0.0 0.2 995.0 1.7165 13.0 57.0 3.1071 0.0 1.674 0.0 0.22361 993.0 1.6592 12.0 60.0 4.3071 0.0 1.674 0.0 0.2 993.0 1.8385 12.0 
0.02625 186.75553 44.0 3764.0 1.0 78.0 0.0 -4.1929 1.274 0.0 0.78102 995.0 2.5 12.0 77.0 0.0 -0.8929 0.0 -1.426 0.67082 991.0 2.5 10.0 84.0 2.1071 0.0 0.0 -3.326 0.5831 986.0 2.5 11.0 100.0 5.0071 0.0 0.0 -4.826 0.44721 971.0 2.4318 8.0 132.0 7.5071 0.0 0.0 -5.426 0.3 938.0 2.3729 7.0 
0.02502 199.24504 51.0 3768.0 1.0 60.0 0.0 -3.5929 0.0 -0.926 0.53852 997.0 2.2981 13.0 67.0 0.0 -0.4929 0.0 -1.726 0.5099 995.0 2.5 12.0 68.0 2.2071 0.0 0.0 -2.226 0.4 992.0 2.249 13.0 64.0 4.3071 0.0 0.0 -1.926 0.31623 991.0 1.9016 12.0 74.0 5.8071 0.0 0.0 -1.226 0.36056 986.0 2.0715 13.0 
0.09135 159.06755 60.0 3769.0 1.0 65.0 0.0 -1.2929 1.574 0.0 0.3 990.0 1.8762 8.0 75.0 0.4071 0.0 1.374 0.0 0.3 987.0 2.2097 7.0 75.0 2.3071 0.0 1.074 0.0 0.22361 987.0 2.2097 7.0 71.0 3.9071 0.0 0.874 0.0 0.2 988.0 2.0595 7.0 65.0 5.1071 0.0 1.074 0.0 0.2 989.0 1.798 8.0 
0.16299 164.04532 71.0 3770.0 1.0 92.0 0.0 -1.4929 1.574 0.0 0.3 975.0 2.275 10.0 97.0 0.1071 0.0 1.474 0.0 0.2 969.0 2.1841 9.0 101.0 1.5071 0.0 1.374 0.0 0.22361 965.0 2.1706 9.0 106.0 2.8071 0.0 0.974 0.0 0.31623 960.0 2.1653 8.0 111.0 4.1071 0.0 0.474 0.0 0.22361 954.0 2.1329 8.0 
0.1459 148.45836 73.0 3772.0 1.0 62.0 0.0 -1.5929 1.974 0.0 0.31623 996.0 2.3095 14.0 64.0 0.4071 0.0 1.274 0.0 0.31623 994.0 2.2019 13.0 64.0 2.0071 0.0 0.674 0.0 0.31623 992.0 1.9922 12.0 64.0 3.4071 0.0 0.174 0.0 0.2 991.0 1.9016 11.0 63.0 4.5071 0.0 0.0 -0.026 0.2 990.0 1.7625 11.0 
0.025 255.95422 53.0 3773.0 1.0 54.0 0.0 -3.2929 0.0 -0.626 0.5 999.0 2.1274 11.0 54.0 0.0 -0.8929 0.0 -2.126 0.44721 998.0 1.9855 10.0 57.0 1.3071 0.0 0.0 -3.126 0.44721 997.0 2.074 12.0 61.0 3.3071 0.0 0.0 -3.926 0.3 993.0 1.9003 10.0 70.0 5.1071 0.0 0.0 -4.126 0.3 986.0 1.8536 8.0 
0.14815 93.62417 45.0 3774.0 1.0 63.0 0.0 -1.9929 3.174 0.0 0.70711 999.0 2.5 10.0 63.0 0.5071 0.0 0.674 0.0 0.56569 997.0 2.5 9.0 67.0 2.9071 0.0 0.0 -1.326 0.5 994.0 2.4131 9.0 75.0 5.1071 0.0 0.0 -2.826 0.44721 990.0 2.4979 8.0 85.0 7.2071 0.0 0.0 -3.826 0.41231 981.0 2.3061 7.0 
0.01761 291.66835 57.0 3775.0 1.0 56.0 0.0 -2.5929 0.0 -2.326 0.41231 998.0 2.1353 10.0 56.0 0.0 -0.0929 0.0 -2.626 0.41231 998.0 2.1353 13.0 57.0 2.0071 0.0 0.0 -2.926 0.31623 995.0 1.8436 11.0 62.0 3.6071 0.0 0.0 -3.026 0.2 991.0 1.7846 10.0 76.0 4.9071 0.0 0.0 -2.826 0.22361 982.0 1.903 9.0 
0.0957 218.67807 41.0 3777.0 1.0 96.0 0.0 -1.3929 3.674 0.0 0.5831 978.0 2.5 9.0 115.0 1.3071 0.0 1.474 0.0 0.56569 964.0 2.5 8.0 139.0 3.9071 0.0 0.0 -0.626 0.56569 936.0 2.5 5.0 152.0 6.4071 0.0 0.0 -2.426 0.36056 920.0 2.5 5.0 149.0 8.4071 0.0 0.0 -3.626 0.31623 918.0 2.3869 4.0 
0.15507 132.05205 281.0 3778.0 1.0 102.0 0.0 -1.1929 2.974 0.0 0.42426 976.0 2.5 10.0 106.0 0.8071 0.0 0.874 0.0 0.36056 969.0 2.5 9.0 104.0 2.5071 0.0 0.0 -0.426 0.31623 965.0 2.3015 9.0 105.0 4.0071 0.0 0.0 -1.026 0.22361 961.0 2.1655 8.0 104.0 5.3071 0.0 0.0 -1.226 0.22361 960.0 2.0844 8.0 
0.01265 131.53413 45.0 3779.0 1.0 66.0 0.0 -3.3929 2.274 0.0 0.80623 1000.0 2.5 12.0 62.0 0.0 -0.5929 0.0 -1.026 0.64031 999.0 2.5 11.0 64.0 2.1071 0.0 0.0 -3.526 0.70711 997.0 2.5 9.0 67.0 4.8071 0.0 0.0 -5.926 0.5 995.0 2.5 11.0 70.0 7.0071 0.0 0.0 -7.626 0.42426 990.0 2.176 9.0 
0.10062 234.34953 44.0 3781.0 1.0 77.0 0.0 -0.9929 3.374 0.0 0.5 991.0 2.5 15.0 79.0 1.4071 0.0 1.574 0.0 0.44721 990.0 2.5 14.0 82.0 3.8071 0.0 0.074 0.0 0.5 988.0 2.5 13.0 83.0 6.0071 0.0 0.0 -1.426 0.36056 985.0 2.5 12.0 80.0 7.7071 0.0 0.0 -2.626 0.28284 984.0 2.2541 12.0 
0.24835 32.11459 73.0 3783.0 1.0 52.0 0.0 -1.1929 0.074 0.0 0.2 995.0 1.5343 14.0 56.0 0.0 -0.0929 0.274 0.0 0.22361 994.0 1.6858 13.0 56.0 1.1071 0.0 0.474 0.0 0.3 994.0 1.6858 13.0 54.0 2.4071 0.0 0.474 0.0 0.2 995.0 1.6546 13.0 52.0 3.4071 0.0 0.474 0.0 0.22361 995.0 1.5343 13.0 
0.08895 218.16136 55.0 3784.0 1.0 88.0 0.0 -0.6929 3.874 0.0 0.64031 989.0 2.5 8.0 86.0 1.7071 0.0 0.974 0.0 0.64031 988.0 2.5 8.0 80.0 3.6071 0.0 0.0 -1.126 0.42426 987.0 2.5 7.0 78.0 5.2071 0.0 0.0 -2.526 0.28284 984.0 2.1428 7.0 71.0 6.4071 0.0 0.0 -3.426 0.22361 987.0 1.9803 7.0 
0.07936 272.11954 49.0 3785.0 1.0 77.0 0.0 -0.9929 3.974 0.0 0.56569 993.0 2.5 12.0 81.0 1.3071 0.0 2.074 0.0 0.44721 988.0 2.5 10.0 84.0 3.3071 0.0 0.774 0.0 0.36056 982.0 2.3248 9.0 92.0 5.0071 0.0 0.0 -0.026 0.22361 975.0 2.275 8.0 95.0 6.5071 0.0 0.0 -0.426 0.3 971.0 2.1947 7.0 
0.14722 93.62417 322.0 3786.0 1.0 60.0 0.0 -1.6929 1.974 0.0 0.5 996.0 2.1629 12.0 64.0 0.5071 0.0 0.674 0.0 0.36056 994.0 2.2019 12.0 71.0 2.3071 0.0 0.0 -0.326 0.31623 989.0 2.1453 11.0 79.0 4.0071 0.0 0.0 -0.826 0.22361 982.0 2.0563 9.0 95.0 5.4071 0.0 0.0 -1.126 0.3 968.0 2.0484 7.0 
0.01424 252.66113 52.0 3787.0 1.0 47.0 0.0 -3.3929 0.574 0.0 0.5 1000.0 1.7355 13.0 48.0 0.0 -1.5929 0.0 -1.626 0.56569 1000.0 1.8102 12.0 51.0 0.4071 0.0 0.0 -3.526 0.44721 999.0 1.8976 11.0 52.0 2.5071 0.0 0.0 -4.626 0.44721 997.0 1.7261 9.0 56.0 4.5071 0.0 0.0 -5.626 0.36056 996.0 1.8841 12.0 
0.0571 159.12176 61.0 3788.0 1.0 53.0 0.1071 0.0 3.074 0.0 0.53852 1000.0 2.207 16.0 51.0 1.4071 0.0 0.274 0.0 0.36056 999.0 1.8976 14.0 50.0 2.5071 0.0 0.0 -1.726 0.28284 997.0 1.5959 13.0 49.0 3.7071 0.0 0.0 -2.826 0.28284 996.0 1.4425 12.0 54.0 4.9071 0.0 0.0 -3.326 0.22361 994.0 1.5675 13.0 
0.15751 201.71074 58.0 3789.0 1.0 99.0 0.0 -0.9929 2.374 0.0 0.31623 969.0 2.2751 9.0 103.0 0.7071 0.0 1.674 0.0 0.31623 965.0 2.2574 9.0 109.0 2.3071 0.0 1.074 0.0 0.22361 958.0 2.2064 8.0 121.0 3.8071 0.0 0.474 0.0 0.22361 945.0 2.1991 7.0 134.0 5.1071 0.0 0.0 -0.226 0.28284 930.0 2.2096 6.0 
0.0966 185.81567 90.0 3790.0 1.0 41.0 0.0 -0.9929 2.174 0.0 0.28284 999.0 1.2264 12.0 45.0 0.0071 0.0 1.674 0.0 0.1 997.0 1.2927 11.0 51.0 0.8071 0.0 1.874 0.0 0.14142 994.0 1.3982 10.0 54.0 1.3071 0.0 2.474 0.0 0.14142 993.0 1.4892 9.0 55.0 1.8071 0.0 3.074 0.0 0.1 992.0 1.4713 8.0 
0.16799 85.01661 182.0 3793.0 1.0 60.0 0.0 -0.0929 1.474 0.0 0.22361 990.0 1.5987 11.0 62.0 0.5071 0.0 0.574 0.0 0.14142 989.0 1.6359 11.0 61.0 1.2071 0.0 0.0 -0.026 0.14142 989.0 1.5836 11.0 60.0 1.8071 0.0 0.0 -0.326 0.1 989.0 1.5321 11.0 60.0 2.4071 0.0 0.0 -0.326 0.1 989.0 1.5321 10.0 
0.05632 273.42719 53.0 3796.0 1.0 89.0 0.4071 0.0 3.074 0.0 0.36056 976.0 2.1866 8.0 94.0 1.8071 0.0 1.674 0.0 0.36056 972.0 2.2012 7.0 101.0 3.3071 0.0 0.374 0.0 0.28284 967.0 2.265 7.0 117.0 4.8071 0.0 0.0 -1.026 0.36056 953.0 2.3303 6.0 113.0 6.1071 0.0 0.0 -2.626 0.36056 957.0 2.3289 6.0 
0.07424 290.75955 60.0 3797.0 1.0 42.0 1.0071 0.0 2.674 0.0 0.1 996.0 1.0598 14.0 41.0 1.1071 0.0 2.374 0.0 0.1 997.0 1.0731 14.0 41.0 1.5071 0.0 2.374 0.0 0.1 998.0 1.1446 15.0 41.0 2.1071 0.0 2.574 0.0 0.14142 999.0 1.2264 16.0 40.0 2.8071 0.0 3.274 0.0 0.14142 1000.0 1.2571 18.0 
0.1028 205.41978 43.0 3798.0 1.0 91.0 0.0 -1.4929 4.274 0.0 0.78102 990.0 2.5 11.0 90.0 1.5071 0.0 1.074 0.0 0.64031 989.0 2.5 11.0 87.0 4.2071 0.0 0.0 -1.326 0.56569 988.0 2.5 10.0 80.0 6.5071 0.0 0.0 -3.726 0.5 990.0 2.5 11.0 73.0 8.1071 0.0 0.0 -6.126 0.44721 990.0 2.3665 11.0 
0.07201 306.80461 51.0 3799.0 1.0 63.0 0.0 -1.9929 3.874 0.0 0.53852 1000.0 2.5 19.0 63.0 1.0071 0.0 2.574 0.0 0.53852 998.0 2.5 17.0 60.0 3.6071 0.0 1.374 0.0 0.36056 998.0 2.4513 16.0 54.0 5.5071 0.0 0.374 0.0 0.31623 998.0 1.9855 16.0 49.0 6.9071 0.0 0.0 -0.426 0.22361 998.0 1.6349 16.0 
0.07154 163.67688 63.0 3800.0 1.0 54.0 0.0071 0.0 2.374 0.0 0.28284 998.0 1.9855 15.0 49.0 1.1071 0.0 0.974 0.0 0.28284 998.0 1.6349 16.0 45.0 2.1071 0.0 0.074 0.0 0.28284 999.0 1.4773 17.0 40.0 3.0071 0.0 0.0 -0.526 0.14142 999.0 1.1673 17.0 37.0 3.6071 0.0 0.0 -0.826 0.14142 1000.0 1.0756 18.0 
0.03373 296.78557 108.0 3801.0 1.0 51.0 0.8071 0.0 3.274 0.0 0.36056 999.0 1.8976 16.0 49.0 1.9071 0.0 1.874 0.0 0.28284 998.0 1.6349 16.0 46.0 3.0071 0.0 0.874 0.0 0.22361 998.0 1.4408 16.0 42.0 3.8071 0.0 0.174 0.0 0.14142 999.0 1.2869 16.0 40.0 4.5071 0.0 0.0 -0.326 0.1 999.0 1.1673 17.0 
0.12026 163.42753 139.0 3802.0 1.0 47.0 0.7071 0.0 1.574 0.0 0.1 995.0 1.2535 14.0 45.0 1.0071 0.0 1.074 0.0 0.1 995.0 1.149 14.0 44.0 1.3071 0.0 0.974 0.0 0.1 995.0 1.0985 14.0 46.0 1.6071 0.0 1.074 0.0 0.14142 995.0 1.2007 13.0 48.0 1.9071 0.0 1.374 0.0 0.1 993.0 1.1766 13.0 
0.10101 256.42697 124.0 3803.0 1.0 55.0 0.0071 0.0 2.474 0.0 0.1 990.0 1.3433 11.0 58.0 0.4071 0.0 2.274 0.0 0.1 989.0 1.4316 11.0 60.0 0.9071 0.0 2.174 0.0 0.1 989.0 1.5321 10.0 60.0 1.4071 0.0 2.074 0.0 0.14142 988.0 1.4708 10.0 60.0 1.9071 0.0 1.774 0.0 0.14142 989.0 1.5321 10.0 
0.03717 298.71472 62.0 3804.0 1.0 57.0 1.2071 0.0 2.774 0.0 0.28284 994.0 1.7465 13.0 54.0 2.1071 0.0 1.674 0.0 0.22361 995.0 1.6546 13.0 52.0 3.1071 0.0 0.774 0.0 0.14142 996.0 1.6246 14.0 50.0 4.1071 0.0 0.074 0.0 0.14142 997.0 1.5959 14.0 47.0 5.1071 0.0 0.0 -0.526 0.14142 997.0 1.4101 15.0 
0.05426 271.75526 72.0 3805.0 1.0 41.0 0.4071 0.0 2.674 0.0 0.14142 998.0 1.1446 12.0 38.0 0.9071 0.0 2.274 0.0 0.1 999.0 1.0535 13.0 35.0 1.4071 0.0 2.274 0.0 0.1 1000.0 1.0 13.0 34.0 1.9071 0.0 2.574 0.0 0.0 1000.0 1.0 14.0 33.0 2.3071 0.0 3.074 0.0 0.1 1001.0 1.0 15.0 
0.0399 287.44942 57.0 3806.0 1.0 66.0 0.2071 0.0 3.374 0.0 0.36056 992.0 2.1186 11.0 59.0 1.4071 0.0 2.174 0.0 0.22361 994.0 1.8713 13.0 51.0 2.6071 0.0 1.474 0.0 0.22361 997.0 1.6604 14.0 45.0 3.6071 0.0 1.074 0.0 0.14142 998.0 1.3789 16.0 40.0 4.4071 0.0 0.774 0.0 0.2 999.0 1.1673 17.0 
0.1195 230.21535 61.0 3807.0 1.0 100.0 0.0 -1.3929 2.474 0.0 0.22361 965.0 2.1279 7.0 101.0 0.0071 0.0 2.074 0.0 0.3 964.0 2.1263 7.0 101.0 1.5071 0.0 1.974 0.0 0.2 965.0 2.1706 7.0 96.0 2.9071 0.0 2.174 0.0 0.31623 970.0 2.1891 7.0 89.0 4.4071 0.0 2.674 0.0 0.22361 975.0 2.129 8.0 
0.18752 69.94114 105.0 3811.0 1.0 70.0 0.0 -0.6929 1.374 0.0 0.28284 989.0 2.0853 10.0 67.0 0.5071 0.0 0.374 0.0 0.22361 989.0 1.9104 11.0 63.0 1.5071 0.0 0.0 -0.226 0.22361 990.0 1.7625 11.0 60.0 2.5071 0.0 0.0 -0.726 0.14142 991.0 1.6713 11.0 58.0 3.3071 0.0 0.0 -1.126 0.2 991.0 1.5618 11.0 
0.13539 100.68908 82.0 3812.0 1.0 60.0 0.0 -0.0929 1.774 0.0 0.22361 991.0 1.6713 12.0 69.0 0.6071 0.0 0.674 0.0 0.14142 986.0 1.801 10.0 83.0 1.5071 0.0 0.074 0.0 0.14142 975.0 1.8516 8.0 92.0 2.4071 0.0 0.0 -0.126 0.2 968.0 1.9211 7.0 95.0 3.4071 0.0 0.174 0.0 0.14142 966.0 1.9613 7.0 
0.03662 242.9482 99.0 3813.0 1.0 64.0 1.4071 0.0 2.074 0.0 0.2 988.0 1.6734 10.0 64.0 1.9071 0.0 1.074 0.0 0.14142 988.0 1.6734 10.0 64.0 2.5071 0.0 0.374 0.0 0.14142 987.0 1.6091 10.0 67.0 3.1071 0.0 0.0 -0.026 0.1 985.0 1.6375 9.0 72.0 3.7071 0.0 0.0 -0.126 0.14142 981.0 1.6546 9.0 
0.0621 292.49093 56.0 3815.0 1.0 54.0 0.1071 0.0 3.074 0.0 0.14142 995.0 1.6546 13.0 50.0 0.9071 0.0 2.474 0.0 0.2 996.0 1.502 14.0 46.0 1.8071 0.0 2.274 0.0 0.1 997.0 1.3508 15.0 43.0 2.5071 0.0 2.474 0.0 0.1 998.0 1.259 16.0 40.0 3.2071 0.0 2.974 0.0 0.22361 999.0 1.1673 17.0 
0.07937 253.75742 76.0 3816.0 1.0 67.0 0.2071 0.0 2.674 0.0 0.14142 984.0 1.581 9.0 72.0 0.7071 0.0 2.174 0.0 0.2 981.0 1.6546 9.0 81.0 1.5071 0.0 1.874 0.0 0.1 975.0 1.7635 8.0 88.0 2.3071 0.0 1.874 0.0 0.22361 972.0 1.9291 7.0 88.0 3.3071 0.0 2.174 0.0 0.2 972.0 1.9291 7.0 
0.03392 266.93657 76.0 3817.0 1.0 80.0 0.5071 0.0 2.974 0.0 0.28284 983.0 2.1789 9.0 76.0 1.5071 0.0 1.874 0.0 0.22361 983.0 1.9665 9.0 73.0 2.3071 0.0 1.274 0.0 0.22361 983.0 1.8143 9.0 71.0 3.2071 0.0 0.874 0.0 0.1 984.0 1.7754 9.0 68.0 4.0071 0.0 0.574 0.0 0.2 987.0 1.8165 10.0 
0.04123 187.78321 59.0 3818.0 1.0 50.0 0.1071 0.0 2.774 0.0 0.36056 998.0 1.7023 13.0 52.0 1.3071 0.0 1.074 0.0 0.28284 997.0 1.7261 14.0 58.0 2.6071 0.0 0.174 0.0 0.22361 994.0 1.8084 13.0 62.0 3.9071 0.0 0.0 -0.026 0.2 991.0 1.7846 12.0 64.0 5.1071 0.0 0.174 0.0 0.22361 990.0 1.8189 11.0 
0.0167 288.97303 55.0 3819.0 1.0 89.0 0.5071 0.0 3.674 0.0 0.36056 980.0 2.4516 8.0 88.0 1.8071 0.0 1.874 0.0 0.28284 978.0 2.2599 8.0 90.0 3.1071 0.0 0.774 0.0 0.28284 974.0 2.1213 8.0 102.0 4.4071 0.0 0.0 -0.026 0.22361 963.0 2.1253 6.0 115.0 5.7071 0.0 0.0 -0.526 0.2 950.0 2.1441 6.0 
0.09132 143.94806 166.0 3820.0 1.0 56.0 0.3071 0.0 1.974 0.0 0.36056 995.0 1.7795 14.0 52.0 1.2071 0.0 0.474 0.0 0.28284 996.0 1.6246 15.0 48.0 2.1071 0.0 0.0 -0.626 0.14142 997.0 1.4708 15.0 46.0 2.8071 0.0 0.0 -1.526 0.22361 995.0 1.2007 11.0 48.0 3.5071 0.0 0.0 -2.126 0.14142 993.0 1.1766 10.0 
0.0914 296.81505 114.0 3821.0 1.0 53.0 0.0 -0.3929 2.774 0.0 0.1 991.0 1.3041 11.0 55.0 0.0071 0.0 2.674 0.0 0.1 991.0 1.4044 11.0 56.0 0.6071 0.0 2.774 0.0 0.1 991.0 1.4559 11.0 57.0 1.2071 0.0 2.874 0.0 0.1 991.0 1.5084 11.0 58.0 1.8071 0.0 3.074 0.0 0.1 990.0 1.4939 11.0 
0.06258 230.44483 70.0 3822.0 1.0 52.0 0.0 -1.8929 2.574 0.0 0.31623 999.0 1.9727 17.0 52.0 0.0 -0.0929 2.074 0.0 0.3 998.0 1.8412 16.0 50.0 1.4071 0.0 1.874 0.0 0.22361 997.0 1.5959 15.0 48.0 2.6071 0.0 1.674 0.0 0.14142 997.0 1.4708 15.0 47.0 3.6071 0.0 1.574 0.0 0.1 997.0 1.4101 15.0 
0.10062 37.62661 119.0 3823.0 1.0 27.0 0.0 -0.6929 0.174 0.0 0.14142 1002.0 1.0 14.0 28.0 0.0 -0.0929 0.0 -0.326 0.14142 1001.0 1.0 18.0 30.0 0.4071 0.0 0.0 -0.626 0.1 1001.0 1.0 16.0 34.0 0.9071 0.0 0.0 -0.426 0.0 999.0 1.0 14.0 38.0 1.3071 0.0 0.0 -0.026 0.14142 998.0 1.0 13.0 
0.07846 218.30081 160.0 3824.0 1.0 43.0 1.2071 0.0 1.774 0.0 0.1 996.0 1.1109 14.0 42.0 1.4071 0.0 1.374 0.0 0.1 996.0 1.0598 14.0 42.0 1.7071 0.0 1.174 0.0 0.1 996.0 1.0598 14.0 43.0 2.0071 0.0 0.874 0.0 0.1 996.0 1.1109 14.0 43.0 2.4071 0.0 0.774 0.0 0.1 996.0 1.1109 14.0 
0.05254 260.90683 72.0 3825.0 1.0 54.0 1.8071 0.0 1.874 0.0 0.1 992.0 1.4182 12.0 53.0 1.9071 0.0 1.374 0.0 0.1 991.0 1.3041 11.0 52.0 2.1071 0.0 1.274 0.0 0.0 991.0 1.2554 11.0 51.0 2.3071 0.0 1.474 0.0 0.1 992.0 1.265 12.0 48.0 2.5071 0.0 1.874 0.0 0.0 995.0 1.3074 13.0 
0.16324 77.04923 92.0 3826.0 1.0 53.0 0.0 -0.3929 1.674 0.0 0.22361 997.0 1.7931 14.0 50.0 0.5071 0.0 0.474 0.0 0.28284 997.0 1.5959 15.0 47.0 1.5071 0.0 0.0 -0.326 0.14142 998.0 1.5041 15.0 43.0 2.3071 0.0 0.0 -0.826 0.1 998.0 1.259 16.0 40.0 2.9071 0.0 0.0 -1.026 0.1 998.0 1.0895 16.0 
0.0654 251.65701 64.0 3827.0 1.0 69.0 1.4071 0.0 0.0 -1.926 0.14142 982.0 1.5686 11.0 87.0 1.9071 0.0 0.0 -1.226 0.14142 970.0 1.7979 9.0 95.0 2.5071 0.0 0.0 -0.426 0.14142 964.0 1.8812 9.0 118.0 3.1071 0.0 0.474 0.0 0.22361 944.0 2.0611 7.0 124.0 3.9071 0.0 1.674 0.0 0.22361 942.0 2.2119 7.0 
0.0493 300.09125 180.0 3828.0 1.0 53.0 1.1071 0.0 2.774 0.0 0.22361 993.0 1.4345 12.0 56.0 1.6071 0.0 2.174 0.0 0.1 991.0 1.4559 11.0 61.0 2.2071 0.0 1.974 0.0 0.14142 989.0 1.5836 11.0 63.0 2.9071 0.0 1.874 0.0 0.1 987.0 1.5592 10.0 63.0 3.5071 0.0 1.874 0.0 0.1 987.0 1.5592 10.0 
0.05834 245.50847 64.0 3829.0 1.0 74.0 0.0 -0.7929 2.974 0.0 0.22361 985.0 1.9975 9.0 75.0 0.4071 0.0 2.174 0.0 0.2 983.0 1.9151 9.0 79.0 1.5071 0.0 1.974 0.0 0.2 980.0 1.9316 8.0 84.0 2.7071 0.0 2.174 0.0 0.22361 977.0 2.0019 8.0 87.0 3.9071 0.0 2.774 0.0 0.22361 976.0 2.0894 8.0 
0.127 311.21214 73.0 3830.0 1.0 45.0 0.4071 0.0 2.874 0.0 0.1 995.0 1.149 13.0 43.0 0.4071 0.0 2.774 0.0 0.1 995.0 1.0492 13.0 43.0 0.7071 0.0 2.874 0.0 0.0 996.0 1.1109 14.0 42.0 1.1071 0.0 3.074 0.0 0.0 997.0 1.1261 15.0 41.0 1.6071 0.0 3.174 0.0 0.14142 998.0 1.1446 16.0 
0.11722 108.43208 58.0 3831.0 1.0 45.0 0.0 -0.5929 1.674 0.0 0.28284 1000.0 1.591 18.0 46.0 0.7071 0.0 0.674 0.0 0.22361 999.0 1.5437 18.0 47.0 2.1071 0.0 0.0 -0.226 0.28284 999.0 1.6116 18.0 47.0 3.5071 0.0 0.0 -1.026 0.31623 999.0 1.6116 17.0 46.0 5.0071 0.0 0.0 -1.526 0.2 999.0 1.5437 17.0 
0.0392 254.57763 217.0 3832.0 1.0 50.0 1.0071 0.0 2.774 0.0 0.31623 998.0 1.7023 17.0 49.0 1.9071 0.0 1.274 0.0 0.28284 998.0 1.6349 16.0 48.0 2.9071 0.0 0.174 0.0 0.22361 997.0 1.4708 15.0 49.0 3.9071 0.0 0.0 -0.626 0.14142 996.0 1.4425 14.0 50.0 4.7071 0.0 0.0 -1.226 0.1 995.0 1.4186 13.0 
0.03271 258.3804 42.0 3833.0 1.0 60.0 0.0 -0.5929 4.374 0.0 0.5831 999.0 2.5 15.0 59.0 1.5071 0.0 1.774 0.0 0.56569 997.0 2.2221 13.0 60.0 3.6071 0.0 0.0 -0.126 0.44721 996.0 2.1629 15.0 69.0 5.9071 0.0 0.0 -1.526 0.5 992.0 2.3156 13.0 77.0 8.2071 0.0 0.0 -3.526 0.5 989.0 2.5 12.0 
0.06807 168.68372 111.0 3834.0 1.0 52.0 0.9071 0.0 1.874 0.0 0.31623 997.0 1.7261 15.0 47.0 1.4071 0.0 0.574 0.0 0.22361 997.0 1.4101 15.0 44.0 1.8071 0.0 0.0 -0.326 0.14142 997.0 1.2359 15.0 42.0 2.2071 0.0 0.0 -0.926 0.1 997.0 1.1261 15.0 40.0 2.6071 0.0 0.0 -1.226 0.1 998.0 1.0895 15.0 
0.08793 261.25463 56.0 3835.0 1.0 39.0 0.5071 0.0 2.474 0.0 0.1 998.0 1.0357 15.0 36.0 0.6071 0.0 2.274 0.0 0.1 998.0 1.0 16.0 35.0 0.8071 0.0 2.274 0.0 0.1 999.0 1.0 17.0 34.0 1.1071 0.0 2.374 0.0 0.1 1000.0 1.0 18.0 33.0 1.5071 0.0 2.574 0.0 0.14142 1000.0 1.0 19.0 
0.10551 143.87015 213.0 3836.0 1.0 57.0 0.0 -0.2929 2.574 0.0 0.42426 997.0 2.074 16.0 55.0 1.1071 0.0 0.674 0.0 0.28284 997.0 1.931 15.0 53.0 2.4071 0.0 0.0 -0.526 0.28284 996.0 1.6877 15.0 52.0 3.6071 0.0 0.0 -1.526 0.22361 996.0 1.6246 14.0 56.0 4.6071 0.0 0.0 -2.326 0.22361 991.0 1.4559 9.0 
0.07128 147.73872 190.0 3837.0 1.0 73.0 0.0 -0.0929 2.374 0.0 0.28284 987.0 2.0934 10.0 69.0 0.9071 0.0 0.974 0.0 0.14142 988.0 1.9451 10.0 66.0 1.7071 0.0 0.074 0.0 0.14142 988.0 1.7796 10.0 65.0 2.5071 0.0 0.0 -0.526 0.14142 987.0 1.6597 10.0 65.0 3.2071 0.0 0.0 -0.926 0.14142 987.0 1.6597 10.0 
0.03886 315.57139 58.0 3838.0 1.0 52.0 0.0 -0.0929 3.174 0.0 0.22361 996.0 1.6246 10.0 53.0 1.2071 0.0 2.574 0.0 0.2 996.0 1.6877 11.0 52.0 2.6071 0.0 2.074 0.0 0.31623 997.0 1.7261 11.0 49.0 4.0071 0.0 1.474 0.0 0.22361 998.0 1.6349 12.0 46.0 5.3071 0.0 1.074 0.0 0.22361 999.0 1.5437 12.0 
0.16971 32.65484 80.0 3840.0 1.0 47.0 0.0 -0.9929 2.674 0.0 0.44721 1001.0 1.8802 13.0 45.0 0.1071 0.0 0.274 0.0 0.36056 1000.0 1.591 11.0 43.0 1.2071 0.0 0.0 -1.426 0.28284 999.0 1.3489 10.0 42.0 2.2071 0.0 0.0 -2.426 0.22361 998.0 1.2011 13.0 45.0 3.3071 0.0 0.0 -2.826 0.14142 997.0 1.2927 12.0 
0.0764 313.42725 148.0 3841.0 1.0 49.0 0.6071 0.0 2.874 0.0 0.0 993.0 1.2262 9.0 49.0 0.9071 0.0 2.674 0.0 0.1 993.0 1.2262 9.0 49.0 1.3071 0.0 2.674 0.0 0.1 993.0 1.2262 9.0 49.0 1.7071 0.0 2.674 0.0 0.0 993.0 1.2262 9.0 49.0 1.9071 0.0 2.774 0.0 0.1 993.0 1.2262 9.0 
0.11935 100.68908 82.0 3844.0 1.0 60.0 0.0 -0.7929 1.674 0.0 0.36056 995.0 2.0427 13.0 55.0 0.6071 0.0 0.674 0.0 0.22361 996.0 1.8174 14.0 50.0 1.7071 0.0 0.174 0.0 0.2 996.0 1.502 14.0 46.0 2.6071 0.0 0.074 0.0 0.1 997.0 1.3508 15.0 43.0 3.3071 0.0 0.174 0.0 0.1 998.0 1.259 15.0 
0.15067 208.12563 90.0 3845.0 1.0 60.0 0.0 -2.3929 2.374 0.0 0.5 1000.0 2.5 19.0 61.0 0.6071 0.0 1.774 0.0 0.53852 1000.0 2.5 18.0 56.0 3.2071 0.0 0.474 0.0 0.44721 1000.0 2.4639 19.0 48.0 5.3071 0.0 0.0 -0.626 0.31623 1000.0 1.8102 19.0 41.0 6.8071 0.0 0.0 -0.926 0.22361 1001.0 1.4308 20.0 
0.05125 242.9482 92.0 3846.0 1.0 43.0 1.6071 0.0 1.874 0.0 0.1 998.0 1.259 16.0 44.0 1.9071 0.0 1.074 0.0 0.14142 997.0 1.2359 15.0 45.0 2.4071 0.0 0.574 0.0 0.14142 996.0 1.2166 14.0 47.0 3.0071 0.0 0.274 0.0 0.14142 995.0 1.2535 14.0 50.0 3.6071 0.0 0.074 0.0 0.14142 994.0 1.3439 13.0 
0.04395 249.16833 96.0 3848.0 1.0 53.0 1.7071 0.0 2.074 0.0 0.22361 996.0 1.6877 14.0 49.0 2.1071 0.0 0.774 0.0 0.22361 996.0 1.4425 14.0 46.0 2.5071 0.0 0.0 -0.126 0.14142 997.0 1.3508 14.0 44.0 2.9071 0.0 0.0 -0.626 0.14142 997.0 1.2359 14.0 44.0 3.4071 0.0 0.0 -0.926 0.1 997.0 1.2359 14.0 
0.06585 171.21175 60.0 3849.0 1.0 89.0 0.0 -0.4929 2.774 0.0 0.42426 980.0 2.4516 8.0 87.0 1.1071 0.0 1.074 0.0 0.28284 980.0 2.3427 8.0 85.0 2.4071 0.0 0.0 -0.126 0.28284 979.0 2.1704 8.0 85.0 3.7071 0.0 0.0 -1.226 0.22361 978.0 2.1084 8.0 84.0 4.9071 0.0 0.0 -2.126 0.22361 978.0 2.0591 8.0 
0.12288 232.74735 99.0 3850.0 1.0 75.0 0.2071 0.0 2.274 0.0 0.14142 978.0 1.6415 11.0 91.0 0.7071 0.0 1.974 0.0 0.1 966.0 1.7996 9.0 107.0 1.4071 0.0 1.974 0.0 0.14142 953.0 1.9489 7.0 120.0 2.2071 0.0 2.474 0.0 0.22361 942.0 2.0715 7.0 131.0 3.1071 0.0 3.474 0.0 0.22361 932.0 2.1639 6.0 
0.11462 85.01661 60.0 3851.0 1.0 49.0 0.0 -1.1929 2.874 0.0 0.5831 1000.0 1.8864 12.0 49.0 0.5071 0.0 0.574 0.0 0.5 999.0 1.7517 11.0 50.0 2.1071 0.0 0.0 -1.326 0.42426 999.0 1.8239 14.0 51.0 3.8071 0.0 0.0 -2.926 0.28284 998.0 1.7711 13.0 52.0 5.2071 0.0 0.0 -3.926 0.28284 995.0 1.5343 11.0 
0.07943 247.43208 55.0 3852.0 1.0 101.0 0.0 -0.3929 3.074 0.0 0.36056 970.0 2.423 9.0 101.0 1.2071 0.0 1.874 0.0 0.36056 968.0 2.3153 9.0 100.0 2.8071 0.0 0.874 0.0 0.28284 968.0 2.2697 9.0 106.0 4.3071 0.0 0.0 -0.226 0.22361 962.0 2.2502 8.0 117.0 5.7071 0.0 0.0 -1.226 0.22361 944.0 2.0263 6.0 
0.08335 211.34081 74.0 3853.0 1.0 75.0 0.0 -0.0929 2.374 0.0 0.22361 981.0 1.7954 11.0 82.0 0.9071 0.0 1.674 0.0 0.22361 978.0 1.9622 11.0 89.0 2.1071 0.0 0.974 0.0 0.22361 974.0 2.0744 10.0 95.0 3.3071 0.0 0.474 0.0 0.22361 968.0 2.0484 9.0 104.0 4.3071 0.0 0.0 -0.026 0.14142 957.0 1.9727 8.0 
0.02822 229.97278 79.0 3854.0 1.0 63.0 0.9071 0.0 2.674 0.0 0.31623 992.0 1.9304 12.0 60.0 1.7071 0.0 1.174 0.0 0.28284 993.0 1.8385 12.0 58.0 2.6071 0.0 0.074 0.0 0.28284 993.0 1.7179 12.0 57.0 3.5071 0.0 0.0 -0.826 0.28284 993.0 1.6592 12.0 57.0 4.3071 0.0 0.0 -1.626 0.14142 992.0 1.5802 12.0 
0.12408 85.49496 63.0 3855.0 1.0 43.0 0.0 -0.5929 1.774 0.0 0.28284 999.0 1.3489 15.0 45.0 0.6071 0.0 0.474 0.0 0.28284 998.0 1.3789 13.0 49.0 1.7071 0.0 0.0 -0.426 0.36056 995.0 1.3624 12.0 57.0 3.1071 0.0 0.0 -1.026 0.2 993.0 1.6592 13.0 67.0 4.3071 0.0 0.0 -1.026 0.2 987.0 1.7634 10.0 
0.0729 297.70288 76.0 3856.0 1.0 49.0 0.0 -0.2929 2.974 0.0 0.14142 995.0 1.3624 10.0 49.0 0.2071 0.0 2.674 0.0 0.1 994.0 1.2907 10.0 49.0 0.7071 0.0 2.674 0.0 0.1 994.0 1.2907 9.0 48.0 1.2071 0.0 2.774 0.0 0.1 995.0 1.3074 10.0 45.0 1.8071 0.0 2.974 0.0 0.1 996.0 1.2166 10.0 
0.25755 117.17765 60.0 3857.0 1.0 122.0 0.0 -1.3929 1.374 0.0 0.3 949.0 2.3753 7.0 113.0 0.4071 0.0 0.974 0.0 0.31623 957.0 2.3289 8.0 104.0 2.2071 0.0 0.474 0.0 0.31623 966.0 2.3505 9.0 99.0 3.9071 0.0 0.0 -0.226 0.31623 969.0 2.2751 9.0 91.0 5.4071 0.0 0.0 -0.926 0.22361 973.0 2.1145 10.0 
0.08642 282.76139 203.0 3858.0 1.0 60.0 0.0071 0.0 2.874 0.0 0.14142 990.0 1.5987 11.0 56.0 0.6071 0.0 2.474 0.0 0.2 991.0 1.4559 11.0 55.0 1.4071 0.0 2.574 0.0 0.1 993.0 1.5448 12.0 57.0 2.4071 0.0 3.174 0.0 0.22361 994.0 1.7465 13.0 57.0 3.6071 0.0 4.274 0.0 0.28284 995.0 1.8436 13.0 
0.11382 196.48588 106.0 3859.0 1.0 52.0 1.1071 0.0 1.574 0.0 0.14142 993.0 1.3809 16.0 52.0 1.4071 0.0 1.074 0.0 0.1 992.0 1.3151 15.0 54.0 1.7071 0.0 0.874 0.0 0.1 991.0 1.3538 14.0 57.0 2.1071 0.0 0.774 0.0 0.1 989.0 1.3827 14.0 62.0 2.5071 0.0 0.674 0.0 0.1 986.0 1.4541 13.0 
0.06443 194.80947 54.0 3862.0 1.0 58.0 0.2071 0.0 2.574 0.0 0.28284 996.0 2.0211 14.0 52.0 1.2071 0.0 1.274 0.0 0.14142 996.0 1.6246 14.0 47.0 2.0071 0.0 0.474 0.0 0.22361 997.0 1.4101 15.0 44.0 2.8071 0.0 0.0 -0.026 0.1 998.0 1.3183 16.0 41.0 3.5071 0.0 0.0 -0.226 0.1 999.0 1.2264 16.0 
0.08282 304.36772 117.0 3863.0 1.0 63.0 0.0 -0.1929 2.974 0.0 0.22361 989.0 1.6891 11.0 64.0 0.6071 0.0 2.674 0.0 0.1 987.0 1.6091 10.0 66.0 1.2071 0.0 2.574 0.0 0.1 985.0 1.589 9.0 66.0 1.7071 0.0 2.674 0.0 0.1 985.0 1.589 9.0 65.0 2.3071 0.0 2.874 0.0 0.1 986.0 1.5983 9.0 
0.08155 216.84885 38.0 3865.0 1.0 43.0 0.7071 0.0 2.074 0.0 0.0 997.0 1.1803 15.0 39.0 1.0071 0.0 1.674 0.0 0.1 998.0 1.0357 16.0 36.0 1.5071 0.0 1.474 0.0 0.0 999.0 1.0 17.0 33.0 1.9071 0.0 1.574 0.0 0.1 1000.0 1.0 19.0 31.0 2.2071 0.0 1.974 0.0 0.14142 1001.0 1.0 21.0 
0.08003 211.4766 56.0 3867.0 1.0 59.0 0.0 -0.2929 2.774 0.0 0.28284 997.0 2.2221 15.0 56.0 1.2071 0.0 1.474 0.0 0.36056 997.0 2.0019 15.0 53.0 2.8071 0.0 0.474 0.0 0.36056 998.0 1.9127 15.0 51.0 4.3071 0.0 0.0 -0.426 0.22361 998.0 1.7711 16.0 48.0 5.6071 0.0 0.0 -1.326 0.28284 999.0 1.6809 17.0 
0.03917 187.25955 69.0 3871.0 1.0 66.0 0.0 -0.5929 2.174 0.0 0.22361 989.0 1.8538 8.0 65.0 0.6071 0.0 1.574 0.0 0.31623 989.0 1.798 8.0 65.0 1.9071 0.0 0.974 0.0 0.22361 989.0 1.798 8.0 66.0 3.2071 0.0 0.374 0.0 0.22361 989.0 1.8538 8.0 69.0 4.5071 0.0 0.0 -0.226 0.22361 987.0 1.8703 8.0 
0.16844 183.55744 53.0 3872.0 1.0 90.0 0.0 -1.7929 2.774 0.0 0.44721 985.0 2.5 9.0 78.0 0.5071 0.0 1.574 0.0 0.31623 988.0 2.4856 10.0 68.0 2.5071 0.0 1.074 0.0 0.3 992.0 2.249 12.0 60.0 4.4071 0.0 0.974 0.0 0.3 995.0 2.0427 13.0 52.0 6.0071 0.0 0.874 0.0 0.3 997.0 1.7261 15.0 
0.17699 75.75263 53.0 3873.0 1.0 54.0 0.0 -0.7929 1.274 0.0 0.14142 995.0 1.6546 13.0 50.0 0.1071 0.0 0.674 0.0 0.2 996.0 1.502 14.0 47.0 1.1071 0.0 0.474 0.0 0.1 997.0 1.4101 15.0 43.0 2.0071 0.0 0.474 0.0 0.14142 999.0 1.3489 16.0 39.0 2.8071 0.0 0.774 0.0 0.1 1000.0 1.195 18.0 
0.09122 315.92336 83.0 3874.0 1.0 52.0 0.2071 0.0 3.274 0.0 0.28284 998.0 1.8412 16.0 46.0 1.4071 0.0 2.474 0.0 0.22361 999.0 1.5437 16.0 42.0 2.4071 0.0 1.874 0.0 0.22361 999.0 1.2869 17.0 38.0 3.2071 0.0 1.474 0.0 0.1 1000.0 1.1345 18.0 34.0 3.8071 0.0 1.374 0.0 0.1 1000.0 1.0 19.0 
0.23864 108.43208 84.0 3875.0 1.0 91.0 0.0 -0.6929 2.074 0.0 0.42426 977.0 2.3494 10.0 92.0 0.7071 0.0 0.674 0.0 0.31623 970.0 2.0104 7.0 96.0 2.0071 0.0 0.0 -0.226 0.22361 965.0 1.961 7.0 109.0 3.0071 0.0 0.0 -0.826 0.22361 951.0 1.9572 6.0 120.0 3.9071 0.0 0.0 -1.126 0.2 938.0 1.961 5.0 
0.07909 202.60424 51.0 3876.0 1.0 54.0 0.0 -0.7929 3.574 0.0 0.56569 999.0 2.1274 11.0 53.0 1.3071 0.0 1.274 0.0 0.42426 999.0 2.0493 11.0 53.0 3.1071 0.0 0.0 -0.926 0.5 998.0 1.9127 10.0 56.0 4.7071 0.0 0.0 -3.226 0.44721 996.0 1.8841 9.0 61.0 6.0071 0.0 0.0 -5.326 0.44721 994.0 2.0003 10.0 
0.08238 302.9366 43.0 3877.0 1.0 80.0 0.0 -2.9929 4.174 0.0 0.8544 998.0 2.5 17.0 75.0 0.9071 0.0 2.574 0.0 0.53852 996.0 2.5 14.0 70.0 3.7071 0.0 1.074 0.0 0.53852 995.0 2.5 14.0 66.0 6.1071 0.0 0.0 -0.226 0.36056 995.0 2.4717 13.0 63.0 8.0071 0.0 0.0 -1.726 0.42426 995.0 2.2521 14.0 
0.06621 203.01067 64.0 3878.0 1.0 64.0 0.2071 0.0 2.074 0.0 0.22361 989.0 1.7431 14.0 67.0 1.2071 0.0 1.374 0.0 0.22361 987.0 1.7634 13.0 70.0 2.2071 0.0 0.574 0.0 0.22361 984.0 1.7258 10.0 78.0 3.2071 0.0 0.0 -0.226 0.22361 979.0 1.8277 9.0 92.0 4.3071 0.0 0.0 -1.026 0.28284 968.0 1.9211 7.0 
0.07201 213.60353 54.0 3879.0 1.0 61.0 0.0 -1.0929 3.474 0.0 0.64031 999.0 2.5 18.0 54.0 1.1071 0.0 1.574 0.0 0.5 1000.0 2.291 18.0 50.0 2.9071 0.0 0.0 -0.126 0.42426 1000.0 1.9642 19.0 46.0 4.4071 0.0 0.0 -1.726 0.36056 1000.0 1.6625 20.0 43.0 5.7071 0.0 0.0 -3.226 0.36056 1001.0 1.5738 21.0 
0.05823 308.14341 29.0 3880.0 1.0 48.0 0.0 -1.1929 3.174 0.0 0.31623 999.0 1.6809 17.0 42.0 0.1071 0.0 2.774 0.0 0.1 1000.0 1.3859 18.0 37.0 1.1071 0.0 2.774 0.0 0.1 1001.0 1.1652 20.0 32.0 1.9071 0.0 2.874 0.0 0.1 1002.0 1.0 22.0 27.0 2.7071 0.0 3.174 0.0 0.1 1003.0 1.0 27.0 
0.13615 208.35343 59.0 3881.0 1.0 68.0 0.0 -1.8929 2.674 0.0 0.36056 994.0 2.4857 13.0 63.0 0.1071 0.0 1.874 0.0 0.3 994.0 2.1336 13.0 60.0 1.9071 0.0 1.874 0.0 0.36056 996.0 2.1629 14.0 56.0 3.7071 0.0 2.674 0.0 0.36056 997.0 2.0019 15.0 51.0 5.3071 0.0 3.674 0.0 0.31623 999.0 1.8976 16.0 
0.03444 288.58221 211.0 3882.0 1.0 63.0 1.5071 0.0 2.574 0.0 0.22361 991.0 1.8426 11.0 60.0 2.2071 0.0 1.374 0.0 0.28284 991.0 1.6713 12.0 58.0 2.9071 0.0 0.474 0.0 0.14142 991.0 1.5618 11.0 57.0 3.4071 0.0 0.0 -0.126 0.14142 990.0 1.4428 11.0 58.0 3.9071 0.0 0.0 -0.626 0.1 989.0 1.4316 11.0 
0.06397 216.33574 59.0 3883.0 1.0 68.0 0.0 -0.4929 2.174 0.0 0.22361 989.0 1.9678 10.0 62.0 0.8071 0.0 1.774 0.0 0.2 992.0 1.8696 12.0 57.0 2.1071 0.0 1.474 0.0 0.22361 994.0 1.7465 13.0 55.0 3.4071 0.0 0.974 0.0 0.31623 996.0 1.8174 14.0 52.0 4.8071 0.0 0.374 0.0 0.31623 997.0 1.7261 15.0 
0.19502 85.91761 251.0 3884.0 1.0 57.0 0.0 -0.5929 0.974 0.0 0.1 990.0 1.4428 11.0 59.0 0.0071 0.0 0.774 0.0 0.1 989.0 1.4814 11.0 64.0 0.6071 0.0 0.674 0.0 0.14142 986.0 1.5495 10.0 68.0 1.3071 0.0 0.474 0.0 0.1 984.0 1.6286 9.0 71.0 1.9071 0.0 0.474 0.0 0.1 982.0 1.6609 9.0 
0.03919 237.69831 122.0 3885.0 1.0 59.0 1.5071 0.0 1.874 0.0 0.22361 991.0 1.6161 11.0 58.0 1.9071 0.0 0.974 0.0 0.14142 991.0 1.5618 11.0 57.0 2.4071 0.0 0.374 0.0 0.1 990.0 1.4428 11.0 57.0 2.8071 0.0 0.0 -0.126 0.14142 990.0 1.4428 11.0 59.0 3.2071 0.0 0.0 -0.526 0.14142 989.0 1.4814 10.0 
0.09045 155.51597 56.0 3887.0 1.0 61.0 0.0 -1.2929 2.674 0.0 0.5 998.0 2.5 12.0 64.0 1.0071 0.0 0.974 0.0 0.36056 996.0 2.4609 11.0 63.0 2.9071 0.0 0.0 -0.426 0.42426 994.0 2.1336 10.0 65.0 4.5071 0.0 0.0 -1.726 0.22361 992.0 2.0549 9.0 69.0 5.9071 0.0 0.0 -2.626 0.28284 988.0 1.9451 8.0 
0.0747 312.12968 144.0 3888.0 1.0 60.0 0.4071 0.0 3.174 0.0 0.28284 992.0 1.7509 12.0 58.0 1.5071 0.0 2.374 0.0 0.22361 993.0 1.7179 12.0 54.0 2.5071 0.0 1.774 0.0 0.2 994.0 1.5675 13.0 51.0 3.4071 0.0 1.374 0.0 0.1 995.0 1.4759 13.0 48.0 4.2071 0.0 1.174 0.0 0.22361 996.0 1.3843 14.0 
0.10594 108.91054 60.0 3889.0 1.0 44.0 0.7071 0.0 1.574 0.0 0.2 999.0 1.4124 16.0 40.0 0.9071 0.0 0.374 0.0 0.22361 999.0 1.1673 17.0 38.0 1.2071 0.0 0.0 -0.526 0.22361 1000.0 1.1345 18.0 37.0 1.6071 0.0 0.0 -1.326 0.14142 1000.0 1.0756 18.0 39.0 2.0071 0.0 0.0 -1.726 0.1 998.0 1.0357 16.0 
0.2496 164.04532 56.0 3891.0 1.0 85.0 0.0 -1.6929 1.474 0.0 0.3 980.0 2.2362 11.0 98.0 0.1071 0.0 1.474 0.0 0.22361 969.0 2.2294 9.0 117.0 1.7071 0.0 1.874 0.0 0.31623 951.0 2.2551 7.0 135.0 3.3071 0.0 2.374 0.0 0.31623 934.0 2.3563 6.0 127.0 5.0071 0.0 2.974 0.0 0.22361 941.0 2.288 7.0 
0.03393 259.61584 69.0 3892.0 1.0 52.0 0.9071 0.0 3.474 0.0 0.53852 998.0 1.8412 11.0 52.0 2.2071 0.0 0.774 0.0 0.44721 997.0 1.7261 10.0 52.0 3.4071 0.0 0.0 -1.426 0.36056 997.0 1.7261 13.0 55.0 4.5071 0.0 0.0 -3.326 0.36056 994.0 1.6261 11.0 61.0 5.4071 0.0 0.0 -4.826 0.28284 989.0 1.5836 9.0 
0.0162 288.97303 38.0 3895.0 1.0 55.0 0.0 -0.7929 4.374 0.0 0.64031 1002.0 2.5 23.0 58.0 1.8071 0.0 1.874 0.0 0.5 1001.0 2.5 20.0 61.0 4.4071 0.0 0.0 -0.126 0.53852 1000.0 2.5 18.0 60.0 7.1071 0.0 0.0 -1.626 0.44721 999.0 2.5 17.0 56.0 9.5071 0.0 0.0 -2.526 0.41231 999.0 2.2879 17.0 
0.0839 195.01871 71.0 3896.0 1.0 77.0 0.0 -0.1929 3.374 0.0 0.5 989.0 2.5 11.0 79.0 1.3071 0.0 1.174 0.0 0.5 987.0 2.4517 10.0 80.0 2.8071 0.0 0.0 -0.526 0.28284 984.0 2.2541 9.0 82.0 4.1071 0.0 0.0 -1.526 0.14142 979.0 2.0199 8.0 80.0 5.1071 0.0 0.0 -1.926 0.1 978.0 1.8677 8.0 
0.11286 191.53424 112.0 3897.0 1.0 50.0 0.4071 0.0 1.774 0.0 0.1 994.0 1.3439 9.0 49.0 0.7071 0.0 1.574 0.0 0.1 993.0 1.2262 9.0 49.0 1.0071 0.0 1.574 0.0 0.1 993.0 1.2262 9.0 50.0 1.1071 0.0 1.874 0.0 0.1 992.0 1.2159 9.0 52.0 1.2071 0.0 2.374 0.0 0.1 992.0 1.3151 9.0 
0.06618 191.61849 195.0 3898.0 1.0 52.0 0.1071 0.0 0.0 -1.826 0.1 992.0 1.3151 13.0 62.0 0.8071 0.0 0.0 -1.526 0.1 986.0 1.4541 12.0 76.0 1.4071 0.0 0.0 -1.326 0.1 978.0 1.6856 10.0 77.0 1.8071 0.0 0.0 -1.126 0.1 976.0 1.6367 10.0 74.0 2.1071 0.0 0.0 -0.826 0.1 978.0 1.598 10.0 
0.05034 289.68377 51.0 3900.0 1.0 147.0 0.0 -0.9929 5.074 0.0 0.78102 945.0 2.5 5.0 127.0 1.7071 0.0 1.974 0.0 0.56569 959.0 2.5 6.0 113.0 3.8071 0.0 0.0 -0.626 0.5 966.0 2.5 7.0 92.0 5.4071 0.0 0.0 -2.826 0.36056 979.0 2.5 8.0 73.0 6.7071 0.0 0.0 -4.426 0.28284 988.0 2.1772 10.0 
0.06824 218.30081 147.0 3901.0 1.0 53.0 0.8071 0.0 1.974 0.0 0.14142 993.0 1.4345 12.0 53.0 1.4071 0.0 1.374 0.0 0.14142 993.0 1.4345 12.0 53.0 2.0071 0.0 0.974 0.0 0.1 992.0 1.3662 12.0 52.0 2.4071 0.0 0.774 0.0 0.14142 992.0 1.3151 12.0 54.0 2.7071 0.0 0.674 0.0 0.1 990.0 1.2949 11.0 
0.10546 176.88004 109.0 3902.0 1.0 77.0 0.0 -0.0929 1.874 0.0 0.14142 981.0 1.8924 8.0 71.0 0.8071 0.0 1.374 0.0 0.1 985.0 1.8388 9.0 66.0 1.6071 0.0 1.074 0.0 0.22361 987.0 1.7112 10.0 61.0 2.3071 0.0 0.674 0.0 0.2 989.0 1.5836 10.0 57.0 2.9071 0.0 0.374 0.0 0.1 991.0 1.5084 11.0 
0.11613 152.12534 232.0 3903.0 1.0 61.0 0.0 -0.5929 1.974 0.0 0.22361 994.0 2.0003 13.0 55.0 0.7071 0.0 1.174 0.0 0.3 995.0 1.7165 14.0 52.0 2.0071 0.0 1.274 0.0 0.22361 996.0 1.6246 14.0 53.0 3.2071 0.0 2.274 0.0 0.36056 997.0 1.7931 15.0 53.0 4.5071 0.0 3.874 0.0 0.36056 998.0 1.9127 16.0 
0.03148 285.43508 216.0 3905.0 1.0 78.0 1.4071 0.0 2.474 0.0 0.14142 981.0 1.9419 9.0 77.0 2.1071 0.0 1.474 0.0 0.14142 980.0 1.8351 8.0 77.0 2.6071 0.0 0.774 0.0 0.14142 978.0 1.7302 8.0 81.0 3.0071 0.0 0.274 0.0 0.14142 974.0 1.7183 8.0 84.0 3.4071 0.0 0.0 -0.326 0.14142 972.0 1.7578 7.0 
0.05304 247.43208 58.0 3906.0 1.0 68.0 0.0 -0.1929 2.774 0.0 0.31623 990.0 2.0534 11.0 66.0 1.2071 0.0 1.874 0.0 0.36056 991.0 2.0223 11.0 64.0 2.6071 0.0 0.874 0.0 0.22361 992.0 1.9922 12.0 61.0 3.9071 0.0 0.0 -0.026 0.28284 993.0 1.9003 12.0 58.0 5.1071 0.0 0.0 -1.026 0.22361 994.0 1.8084 13.0 
0.05827 253.61463 56.0 3907.0 1.0 78.0 0.0 -0.3929 2.874 0.0 0.36056 987.0 2.39 10.0 77.0 1.3071 0.0 1.874 0.0 0.31623 985.0 2.1628 9.0 81.0 2.9071 0.0 1.374 0.0 0.2 980.0 2.0307 9.0 91.0 4.3071 0.0 0.974 0.0 0.22361 972.0 2.0629 7.0 101.0 5.5071 0.0 0.374 0.0 0.22361 964.0 2.1263 7.0 
0.0816 161.73528 62.0 3908.0 1.0 75.0 0.0 -0.8929 2.574 0.0 0.36056 988.0 2.2981 13.0 76.0 0.7071 0.0 1.274 0.0 0.31623 986.0 2.185 13.0 78.0 2.2071 0.0 0.374 0.0 0.22361 984.0 2.1428 12.0 84.0 3.5071 0.0 0.0 -0.226 0.31623 978.0 2.0591 11.0 93.0 4.8071 0.0 0.0 -0.726 0.22361 970.0 2.0544 9.0 
0.10835 124.12592 88.0 3909.0 1.0 60.0 0.3071 0.0 1.474 0.0 0.22361 990.0 1.5987 11.0 60.0 0.8071 0.0 0.774 0.0 0.14142 988.0 1.4708 11.0 63.0 1.3071 0.0 0.174 0.0 0.14142 986.0 1.5014 10.0 65.0 1.8071 0.0 0.0 -0.326 0.1 985.0 1.5412 10.0 69.0 2.4071 0.0 0.0 -0.726 0.14142 983.0 1.6209 9.0 
0.07164 226.37542 52.0 3910.0 1.0 79.0 0.0 -1.0929 4.874 0.0 0.78102 994.0 2.5 11.0 75.0 1.5071 0.0 1.374 0.0 0.72111 994.0 2.5 11.0 72.0 3.7071 0.0 0.0 -1.526 0.5 992.0 2.5 9.0 78.0 5.3071 0.0 0.0 -3.726 0.36056 983.0 2.0713 7.0 96.0 6.6071 0.0 0.0 -5.226 0.28284 969.0 2.1393 7.0 
0.02953 206.44766 114.0 3911.0 1.0 66.0 0.0 -2.8929 0.0 -0.726 0.41231 993.0 2.2245 10.0 77.0 0.0 -0.6929 0.0 -1.726 0.31623 988.0 2.4223 10.0 82.0 1.1071 0.0 0.0 -2.326 0.2 982.0 2.2154 9.0 68.0 2.4071 0.0 0.0 -2.326 0.2 988.0 1.8891 10.0 57.0 3.4071 0.0 0.0 -2.226 0.14142 993.0 1.6592 12.0 
0.14743 137.92644 78.0 3912.0 1.0 50.0 0.0 -0.2929 1.474 0.0 0.1 995.0 1.4186 13.0 52.0 0.4071 0.0 1.174 0.0 0.1 994.0 1.4536 13.0 55.0 1.1071 0.0 1.274 0.0 0.14142 993.0 1.5448 12.0 58.0 1.8071 0.0 1.674 0.0 0.14142 991.0 1.5618 11.0 62.0 2.5071 0.0 2.174 0.0 0.14142 989.0 1.6359 11.0 
0.10779 172.16692 73.0 3913.0 1.0 82.0 0.0071 0.0 2.574 0.0 0.28284 984.0 2.3682 9.0 81.0 1.2071 0.0 0.974 0.0 0.28284 983.0 2.2337 9.0 80.0 2.4071 0.0 0.0 -0.326 0.28284 982.0 2.1086 9.0 79.0 3.4071 0.0 0.0 -1.426 0.28284 982.0 2.0563 9.0 70.0 4.4071 0.0 0.0 -2.326 0.22361 986.0 1.8536 10.0 
0.04446 269.08301 73.0 3914.0 1.0 68.0 0.1071 0.0 2.674 0.0 0.22361 989.0 1.9678 10.0 70.0 1.4071 0.0 1.974 0.0 0.2 988.0 2.0019 10.0 70.0 2.5071 0.0 1.474 0.0 0.22361 986.0 1.8536 10.0 71.0 3.5071 0.0 0.874 0.0 0.22361 985.0 1.8388 9.0 72.0 4.4071 0.0 0.274 0.0 0.28284 984.0 1.8258 9.0 
0.0715 229.08438 63.0 3915.0 1.0 54.0 0.0 -0.3929 3.474 0.0 0.42426 999.0 2.1274 17.0 50.0 1.2071 0.0 1.674 0.0 0.36056 999.0 1.8239 18.0 48.0 2.6071 0.0 0.0 -0.026 0.36056 999.0 1.6809 14.0 48.0 3.9071 0.0 0.0 -1.726 0.28284 998.0 1.5688 14.0 50.0 5.0071 0.0 0.0 -3.226 0.28284 998.0 1.7023 16.0 
0.10017 124.78821 78.0 3916.0 1.0 60.0 0.0 -0.6929 1.774 0.0 0.28284 995.0 2.0427 14.0 57.0 0.7071 0.0 0.874 0.0 0.22361 994.0 1.7465 13.0 55.0 1.8071 0.0 0.274 0.0 0.22361 994.0 1.6261 13.0 55.0 2.8071 0.0 0.0 -0.126 0.14142 993.0 1.5448 12.0 56.0 3.7071 0.0 0.0 -0.626 0.1 993.0 1.6015 12.0 
0.05925 159.94659 83.0 3917.0 1.0 50.0 0.0 -0.9929 0.0 -1.726 0.2 995.0 1.4186 11.0 58.0 0.2071 0.0 0.0 -1.426 0.2 992.0 1.6361 11.0 71.0 1.4071 0.0 0.0 -1.226 0.22361 985.0 1.8388 10.0 83.0 2.6071 0.0 0.0 -1.026 0.2 976.0 1.9017 8.0 94.0 3.6071 0.0 0.0 -0.826 0.22361 967.0 1.9619 7.0 
0.0537 226.43256 65.0 3918.0 1.0 80.0 0.0 -0.2929 2.574 0.0 0.28284 981.0 2.0427 9.0 91.0 1.0071 0.0 1.774 0.0 0.22361 973.0 2.1145 7.0 100.0 2.4071 0.0 1.274 0.0 0.2 965.0 2.1279 7.0 105.0 3.7071 0.0 0.974 0.0 0.2 961.0 2.1655 6.0 88.0 4.9071 0.0 0.974 0.0 0.2 974.0 2.0281 7.0 
0.01494 313.68699 66.0 3919.0 1.0 53.0 0.0 -1.8929 0.0 -2.526 0.31623 996.0 1.6877 11.0 58.0 0.0071 0.0 0.0 -2.826 0.3 994.0 1.8084 10.0 67.0 1.8071 0.0 0.0 -2.826 0.22361 987.0 1.7634 8.0 85.0 3.4071 0.0 0.0 -2.726 0.2 977.0 2.0498 8.0 104.0 4.8071 0.0 0.0 -2.626 0.2 959.0 2.0458 6.0 
0.08781 275.67418 66.0 3920.0 1.0 93.0 0.0 -0.0929 3.274 0.0 0.36056 976.0 2.3875 8.0 92.0 1.5071 0.0 1.974 0.0 0.31623 975.0 2.275 8.0 86.0 2.9071 0.0 1.074 0.0 0.28284 978.0 2.1583 8.0 77.0 4.0071 0.0 0.174 0.0 0.22361 983.0 2.0186 9.0 69.0 5.0071 0.0 0.0 -0.526 0.22361 987.0 1.8703 10.0 
0.14191 165.22105 63.0 3921.0 1.0 62.0 0.0 -1.8929 1.974 0.0 0.41231 997.0 2.4538 15.0 64.0 0.2071 0.0 1.474 0.0 0.4 994.0 2.2019 13.0 65.0 2.2071 0.0 1.274 0.0 0.3 993.0 2.1576 12.0 62.0 3.8071 0.0 1.174 0.0 0.3 993.0 1.9631 12.0 56.0 5.2071 0.0 1.174 0.0 0.2 994.0 1.6858 13.0 
0.03377 306.32393 51.0 3922.0 1.0 54.0 0.0 -0.4929 3.574 0.0 0.36056 998.0 1.9855 16.0 62.0 1.4071 0.0 2.374 0.0 0.36056 995.0 2.1812 14.0 63.0 3.2071 0.0 1.274 0.0 0.36056 994.0 2.1336 13.0 63.0 4.8071 0.0 0.274 0.0 0.22361 993.0 2.0269 12.0 62.0 6.2071 0.0 0.0 -0.526 0.22361 992.0 1.8696 12.0 
0.07744 275.67418 62.0 3923.0 1.0 98.0 0.5071 0.0 2.674 0.0 0.22361 966.0 2.0871 9.0 101.0 1.5071 0.0 1.974 0.0 0.22361 962.0 2.0429 8.0 109.0 2.6071 0.0 1.474 0.0 0.22361 955.0 2.0922 8.0 111.0 3.7071 0.0 1.174 0.0 0.2 953.0 2.0974 7.0 113.0 4.9071 0.0 1.074 0.0 0.2 945.0 1.9179 6.0 
0.05777 208.12563 56.0 3925.0 1.0 71.0 0.0 -0.9929 2.374 0.0 0.31623 990.0 2.2386 11.0 70.0 0.6071 0.0 1.774 0.0 0.3 989.0 2.0853 11.0 72.0 2.2071 0.0 1.574 0.0 0.3 988.0 2.1179 10.0 71.0 3.8071 0.0 1.474 0.0 0.22361 988.0 2.0595 10.0 65.0 5.2071 0.0 1.274 0.0 0.2 991.0 1.9615 11.0 
0.082 208.12563 86.0 3927.0 1.0 72.0 0.1071 0.0 2.074 0.0 0.14142 982.0 1.708 9.0 75.0 0.6071 0.0 1.774 0.0 0.1 978.0 1.6415 8.0 83.0 1.2071 0.0 1.674 0.0 0.1 972.0 1.7162 7.0 92.0 2.0071 0.0 1.774 0.0 0.1 967.0 1.8793 7.0 99.0 3.0071 0.0 1.974 0.0 0.2 963.0 2.0021 6.0 
0.07855 260.95971 71.0 3929.0 1.0 60.0 0.6071 0.0 2.374 0.0 0.14142 989.0 1.5321 11.0 60.0 1.1071 0.0 2.074 0.0 0.1 988.0 1.4708 10.0 63.0 1.6071 0.0 1.874 0.0 0.1 986.0 1.5014 10.0 68.0 2.3071 0.0 1.574 0.0 0.1 984.0 1.6286 9.0 75.0 3.0071 0.0 1.374 0.0 0.14142 980.0 1.741 8.0 
0.04559 245.42515 114.0 3931.0 1.0 44.0 1.3071 0.0 2.374 0.0 0.22361 999.0 1.4124 17.0 40.0 1.8071 0.0 1.274 0.0 0.14142 1000.0 1.2571 18.0 37.0 2.4071 0.0 0.574 0.0 0.14142 1000.0 1.0756 18.0 36.0 3.1071 0.0 0.074 0.0 0.1 1000.0 1.0182 19.0 34.0 3.7071 0.0 0.0 -0.226 0.1 1000.0 1.0 19.0 
0.05626 187.34835 56.0 3932.0 1.0 43.0 0.0 -0.0929 2.374 0.0 0.28284 1000.0 1.4527 19.0 44.0 1.1071 0.0 1.274 0.0 0.28284 1000.0 1.5211 18.0 44.0 2.3071 0.0 0.374 0.0 0.36056 1000.0 1.5211 18.0 46.0 3.7071 0.0 0.0 -0.426 0.31623 1000.0 1.6625 18.0 46.0 5.2071 0.0 0.0 -1.326 0.28284 1000.0 1.6625 19.0 
0.09725 225.65856 67.0 3934.0 1.0 46.0 0.0 -2.6929 1.274 0.0 0.3 1000.0 1.6625 20.0 47.0 0.0 -0.9929 1.774 0.0 0.22361 1000.0 1.7355 18.0 45.0 0.4071 0.0 2.574 0.0 0.31623 1000.0 1.591 18.0 43.0 1.8071 0.0 3.374 0.0 0.22361 1000.0 1.4527 19.0 40.0 2.9071 0.0 4.174 0.0 0.28284 1001.0 1.3618 20.0 
0.14186 143.02583 236.0 3935.0 1.0 68.0 0.0 -1.7929 1.274 0.0 0.31623 990.0 2.0534 14.0 75.0 0.0 -0.1929 1.274 0.0 0.22361 985.0 2.0519 12.0 79.0 1.1071 0.0 1.774 0.0 0.28284 981.0 1.992 11.0 84.0 2.3071 0.0 2.474 0.0 0.22361 978.0 2.0591 10.0 86.0 3.5071 0.0 3.274 0.0 0.28284 973.0 1.8885 8.0 
0.09675 207.37362 66.0 3937.0 1.0 39.0 2.0071 0.0 0.374 0.0 0.1 998.0 1.0357 15.0 38.0 1.8071 0.0 0.474 0.0 0.1 997.0 1.0 15.0 42.0 1.9071 0.0 0.974 0.0 0.1 997.0 1.1261 15.0 43.0 2.0071 0.0 1.774 0.0 0.1 998.0 1.259 15.0 41.0 2.2071 0.0 2.574 0.0 0.2 998.0 1.1446 16.0 
0.0427 272.11954 68.0 3938.0 1.0 42.0 0.7071 0.0 2.774 0.0 0.22361 998.0 1.2011 12.0 44.0 1.3071 0.0 2.074 0.0 0.1 997.0 1.2359 11.0 46.0 2.0071 0.0 1.674 0.0 0.22361 997.0 1.3508 11.0 49.0 2.9071 0.0 1.374 0.0 0.22361 996.0 1.4425 11.0 52.0 4.1071 0.0 1.274 0.0 0.2 996.0 1.6246 10.0 
0.07893 180.48772 52.0 3939.0 1.0 36.0 0.0 -1.6929 0.0 -1.126 0.36056 1001.0 1.1031 18.0 42.0 0.0071 0.0 0.0 -1.626 0.31623 1000.0 1.3859 17.0 48.0 2.1071 0.0 0.0 -1.826 0.31623 999.0 1.6809 15.0 47.0 4.0071 0.0 0.0 -2.226 0.41231 999.0 1.6116 17.0 50.0 5.8071 0.0 0.0 -2.726 0.22361 998.0 1.7023 17.0 
0.01658 258.85349 57.0 3940.0 1.0 60.0 0.6071 0.0 3.074 0.0 0.36056 995.0 2.0427 10.0 60.0 1.8071 0.0 1.474 0.0 0.28284 994.0 1.9352 10.0 59.0 2.9071 0.0 0.174 0.0 0.28284 994.0 1.8713 9.0 60.0 4.1071 0.0 0.0 -0.926 0.22361 993.0 1.8385 9.0 63.0 5.3071 0.0 0.0 -1.626 0.22361 991.0 1.8426 8.0 
0.06778 310.03964 53.0 3941.0 1.0 62.0 0.0 -0.4929 3.374 0.0 0.22361 992.0 1.8696 9.0 59.0 0.8071 0.0 2.674 0.0 0.31623 994.0 1.8713 9.0 58.0 2.4071 0.0 2.174 0.0 0.3 995.0 1.9088 10.0 55.0 4.1071 0.0 1.774 0.0 0.36056 997.0 1.931 11.0 51.0 5.7071 0.0 0.874 0.0 0.31623 999.0 1.8976 12.0 
0.04217 167.40355 60.0 3942.0 1.0 64.0 0.0 -0.7929 2.474 0.0 0.36056 993.0 2.0918 12.0 68.0 0.8071 0.0 1.274 0.0 0.36056 992.0 2.249 12.0 69.0 2.5071 0.0 0.0 -0.126 0.42426 992.0 2.3156 12.0 64.0 4.2071 0.0 0.0 -1.626 0.28284 994.0 2.2019 12.0 54.0 5.4071 0.0 0.0 -2.926 0.28284 997.0 1.8615 14.0 
0.07345 276.01677 40.0 3943.0 1.0 61.0 0.0 -1.5929 4.374 0.0 0.56569 1000.0 2.5 15.0 63.0 1.2071 0.0 2.174 0.0 0.5831 999.0 2.5 13.0 64.0 4.1071 0.0 0.174 0.0 0.5 999.0 2.5 13.0 58.0 6.6071 0.0 0.0 -1.426 0.44721 999.0 2.4542 13.0 51.0 8.6071 0.0 0.0 -2.426 0.31623 999.0 1.8976 13.0 
0.04307 223.86987 55.0 3944.0 1.0 81.0 0.0 -0.0929 3.974 0.0 0.5831 992.0 2.5 12.0 74.0 1.7071 0.0 1.074 0.0 0.5 992.0 2.5 12.0 71.0 3.3071 0.0 0.0 -1.126 0.36056 991.0 2.3403 11.0 81.0 4.6071 0.0 0.0 -2.826 0.28284 982.0 2.1617 9.0 103.0 5.9071 0.0 0.0 -4.126 0.28284 964.0 2.2114 7.0 
0.09248 136.08828 56.0 3945.0 1.0 54.0 0.0 -1.3929 0.0 -1.126 0.3 995.0 1.6546 14.0 67.0 0.0071 0.0 0.0 -1.226 0.2 989.0 1.9104 11.0 78.0 1.6071 0.0 0.0 -1.226 0.3 985.0 2.2193 9.0 77.0 3.4071 0.0 0.0 -1.126 0.2 986.0 2.2429 10.0 75.0 5.0071 0.0 0.0 -1.326 0.2 986.0 2.1279 10.0 
0.09382 156.27706 50.0 3946.0 1.0 49.0 0.0 -1.9929 1.974 0.0 0.41231 1001.0 2.0436 16.0 52.0 0.3071 0.0 1.374 0.0 0.31623 1000.0 2.1245 14.0 52.0 2.4071 0.0 0.874 0.0 0.31623 999.0 1.9727 13.0 50.0 4.4071 0.0 0.474 0.0 0.31623 1000.0 1.9642 13.0 46.0 6.2071 0.0 0.174 0.0 0.22361 1000.0 1.6625 14.0 
0.05869 323.94179 60.0 3948.0 1.0 55.0 0.0 -1.4929 3.474 0.0 0.31623 998.0 2.0598 12.0 59.0 0.5071 0.0 2.874 0.0 0.3 996.0 2.0914 11.0 59.0 2.4071 0.0 2.774 0.0 0.3 995.0 1.9752 10.0 57.0 4.0071 0.0 2.874 0.0 0.22361 995.0 1.8436 10.0 53.0 5.2071 0.0 3.374 0.0 0.22361 995.0 1.5939 10.0 
0.25433 53.71602 127.0 3949.0 1.0 86.0 0.0 -0.1929 1.074 0.0 0.14142 972.0 1.8425 7.0 80.0 0.3071 0.0 0.374 0.0 0.1 976.0 1.7667 8.0 71.0 0.8071 0.0 0.0 -0.026 0.1 982.0 1.6609 9.0 65.0 1.3071 0.0 0.0 -0.226 0.1 985.0 1.5412 9.0 61.0 1.7071 0.0 0.0 -0.326 0.1 987.0 1.4617 10.0 
0.05296 260.1241 56.0 3952.0 1.0 46.0 0.4071 0.0 2.674 0.0 0.28284 998.0 1.4408 16.0 49.0 1.4071 0.0 1.874 0.0 0.22361 997.0 1.5327 15.0 53.0 2.6071 0.0 1.074 0.0 0.28284 997.0 1.7931 15.0 54.0 4.0071 0.0 0.074 0.0 0.22361 997.0 1.8615 14.0 53.0 5.3071 0.0 0.0 -0.826 0.31623 997.0 1.7931 15.0 
0.09567 275.67418 53.0 3953.0 1.0 61.0 0.0 -0.6929 3.374 0.0 0.5 998.0 2.5 16.0 59.0 1.5071 0.0 1.974 0.0 0.41231 998.0 2.3703 16.0 55.0 3.6071 0.0 1.274 0.0 0.31623 998.0 2.0598 16.0 49.0 5.2071 0.0 0.774 0.0 0.31623 999.0 1.7517 16.0 44.0 6.4071 0.0 0.174 0.0 0.22361 999.0 1.4124 17.0 
0.10355 207.4164 56.0 3955.0 1.0 67.0 0.0 -1.1929 3.874 0.0 0.5 997.0 2.5 16.0 66.0 1.0071 0.0 1.574 0.0 0.5 996.0 2.5 14.0 64.0 3.0071 0.0 0.0 -0.226 0.36056 995.0 2.3242 13.0 65.0 4.7071 0.0 0.0 -1.526 0.28284 993.0 2.1576 12.0 66.0 6.0071 0.0 0.0 -2.626 0.28284 990.0 1.9344 11.0 
0.10461 202.03239 54.0 3956.0 1.0 74.0 0.0 -1.5929 2.774 0.0 0.44721 990.0 2.4318 11.0 76.0 0.4071 0.0 1.774 0.0 0.41231 988.0 2.3598 10.0 82.0 2.4071 0.0 0.874 0.0 0.36056 983.0 2.2892 9.0 97.0 4.3071 0.0 0.0 -0.326 0.36056 973.0 2.4025 7.0 102.0 5.8071 0.0 0.0 -1.726 0.28284 967.0 2.3101 7.0 
0.1703 169.73952 53.0 3957.0 1.0 98.0 0.0 -0.7929 1.874 0.0 0.22361 965.0 2.0436 7.0 92.0 0.4071 0.0 1.474 0.0 0.2 971.0 2.0583 7.0 92.0 1.9071 0.0 1.274 0.0 0.31623 974.0 2.2166 8.0 90.0 3.7071 0.0 1.074 0.0 0.3 973.0 2.0683 6.0 92.0 5.5071 0.0 0.874 0.0 0.3 973.0 2.1612 6.0 
0.02845 266.93657 60.0 3958.0 1.0 64.0 0.6071 0.0 2.874 0.0 0.14142 989.0 1.7431 8.0 66.0 1.5071 0.0 1.874 0.0 0.22361 988.0 1.7796 8.0 70.0 2.7071 0.0 1.374 0.0 0.2 986.0 1.8536 7.0 75.0 4.1071 0.0 1.374 0.0 0.3 984.0 1.9811 7.0 76.0 5.5071 0.0 1.674 0.0 0.3 984.0 2.0343 7.0 
0.06221 188.63686 67.0 3959.0 1.0 44.0 0.0 -1.9929 1.474 0.0 0.2 1000.0 1.5211 19.0 52.0 0.0 -0.2929 1.674 0.0 0.31623 998.0 1.8412 16.0 52.0 1.3071 0.0 1.774 0.0 0.2 997.0 1.7261 15.0 50.0 2.6071 0.0 1.774 0.0 0.2 997.0 1.5959 15.0 48.0 3.7071 0.0 1.774 0.0 0.1 997.0 1.4708 15.0 
0.018 288.97303 84.0 3960.0 1.0 78.0 0.5071 0.0 3.374 0.0 0.36056 987.0 2.39 10.0 72.0 1.8071 0.0 1.874 0.0 0.28284 987.0 2.0365 10.0 67.0 2.8071 0.0 0.874 0.0 0.14142 987.0 1.7634 10.0 66.0 3.6071 0.0 0.274 0.0 0.1 987.0 1.7112 10.0 66.0 4.3071 0.0 0.0 -0.126 0.14142 986.0 1.6478 10.0 
0.04212 245.42515 59.0 3963.0 1.0 69.0 0.8071 0.0 2.874 0.0 0.36056 989.0 2.0261 14.0 72.0 1.8071 0.0 1.274 0.0 0.36056 987.0 2.0365 13.0 79.0 3.0071 0.0 0.0 -0.226 0.28284 983.0 2.1248 12.0 91.0 4.3071 0.0 0.0 -1.426 0.36056 976.0 2.2859 10.0 97.0 5.8071 0.0 0.0 -2.426 0.28284 970.0 2.2349 9.0 
0.09688 208.01549 52.0 3964.0 1.0 61.0 0.0 -1.6929 2.574 0.0 0.31623 995.0 2.1114 13.0 63.0 0.0071 0.0 1.874 0.0 0.3 994.0 2.1336 12.0 66.0 1.7071 0.0 1.374 0.0 0.31623 992.0 2.1186 11.0 72.0 3.5071 0.0 0.774 0.0 0.31623 990.0 2.3021 11.0 72.0 5.4071 0.0 0.174 0.0 0.41231 991.0 2.4067 11.0 
0.03361 310.03964 58.0 3965.0 1.0 48.0 0.0 -0.5929 3.374 0.0 0.22361 998.0 1.5688 17.0 54.0 0.8071 0.0 2.674 0.0 0.31623 996.0 1.752 14.0 58.0 2.4071 0.0 1.974 0.0 0.36056 995.0 1.9088 14.0 60.0 4.0071 0.0 0.974 0.0 0.28284 994.0 1.9352 13.0 60.0 5.3071 0.0 0.074 0.0 0.31623 993.0 1.8385 12.0 
0.04001 290.10581 46.0 3966.0 1.0 80.0 0.0 -0.5929 4.674 0.0 0.72111 994.0 2.5 13.0 77.0 2.0071 0.0 1.674 0.0 0.64031 993.0 2.5 13.0 72.0 4.1071 0.0 0.0 -0.526 0.42426 992.0 2.5 12.0 73.0 5.9071 0.0 0.0 -2.226 0.28284 989.0 2.2679 11.0 75.0 7.3071 0.0 0.0 -3.526 0.36056 986.0 2.1279 10.0 
0.06117 306.32393 100.0 3967.0 1.0 49.0 0.6071 0.0 2.874 0.0 0.14142 996.0 1.4425 11.0 47.0 1.4071 0.0 2.374 0.0 0.1 996.0 1.3272 11.0 44.0 2.0071 0.0 2.174 0.0 0.1 997.0 1.2359 11.0 42.0 2.5071 0.0 2.074 0.0 0.1 997.0 1.1261 11.0 41.0 3.0071 0.0 1.974 0.0 0.1 998.0 1.1446 11.0 
0.24827 85.49496 50.0 3968.0 1.0 75.0 0.0 -0.8929 1.674 0.0 0.36056 986.0 2.1279 13.0 84.0 0.6071 0.0 0.474 0.0 0.36056 981.0 2.2521 11.0 97.0 2.4071 0.0 0.0 -0.626 0.31623 972.0 2.3439 10.0 119.0 4.3071 0.0 0.0 -1.626 0.36056 954.0 2.4515 8.0 124.0 6.2071 0.0 0.0 -2.726 0.36056 949.0 2.4538 7.0 
0.08318 149.94232 58.0 3969.0 1.0 65.0 0.1071 0.0 2.274 0.0 0.36056 991.0 1.9615 15.0 70.0 1.1071 0.0 0.774 0.0 0.28284 987.0 1.9249 13.0 82.0 2.2071 0.0 0.0 -0.526 0.28284 980.0 2.0811 11.0 100.0 3.6071 0.0 0.0 -1.526 0.28284 966.0 2.1731 9.0 126.0 5.1071 0.0 0.0 -2.226 0.31623 941.0 2.2521 7.0 
0.07036 163.42753 59.0 3970.0 1.0 56.0 0.4071 0.0 1.874 0.0 0.14142 992.0 1.5252 9.0 57.0 1.0071 0.0 1.074 0.0 0.22361 992.0 1.5802 9.0 58.0 1.8071 0.0 0.574 0.0 0.22361 992.0 1.6361 9.0 59.0 2.8071 0.0 0.274 0.0 0.22361 992.0 1.693 9.0 62.0 4.0071 0.0 0.074 0.0 0.31623 991.0 1.7846 8.0 
0.04683 242.05755 104.0 3971.0 1.0 72.0 0.4071 0.0 3.074 0.0 0.36056 989.0 2.2062 11.0 72.0 1.6071 0.0 1.474 0.0 0.28284 987.0 2.0365 10.0 73.0 2.6071 0.0 0.274 0.0 0.28284 984.0 1.8769 9.0 82.0 3.6071 0.0 0.0 -0.826 0.14142 977.0 1.9077 8.0 92.0 4.4071 0.0 0.0 -1.726 0.14142 968.0 1.9211 7.0 
0.06881 189.9562 66.0 3972.0 1.0 45.0 0.8071 0.0 1.974 0.0 0.22361 998.0 1.3789 16.0 45.0 1.4071 0.0 0.974 0.0 0.14142 997.0 1.2927 15.0 46.0 2.2071 0.0 0.274 0.0 0.14142 997.0 1.3508 15.0 49.0 3.0071 0.0 0.0 -0.326 0.22361 996.0 1.4425 14.0 51.0 4.0071 0.0 0.0 -0.826 0.22361 996.0 1.5627 14.0 
0.13024 69.94114 43.0 3973.0 1.0 43.0 0.3071 0.0 0.874 0.0 0.1 996.0 1.1109 14.0 40.0 0.5071 0.0 0.374 0.0 0.14142 998.0 1.0895 16.0 38.0 1.0071 0.0 0.0 -0.026 0.14142 999.0 1.0535 17.0 38.0 1.7071 0.0 0.0 -0.326 0.2 1000.0 1.1345 19.0 38.0 2.8071 0.0 0.0 -0.226 0.2 1001.0 1.2291 20.0 
0.05841 179.1179 83.0 3974.0 1.0 30.0 0.7071 0.0 1.874 0.0 0.2 1001.0 1.0 18.0 31.0 1.1071 0.0 1.174 0.0 0.14142 1000.0 1.0 16.0 34.0 1.6071 0.0 0.774 0.0 0.14142 1000.0 1.0 20.0 39.0 2.2071 0.0 0.574 0.0 0.1 998.0 1.0357 17.0 44.0 2.9071 0.0 0.374 0.0 0.22361 997.0 1.2359 15.0 
0.06257 135.01663 52.0 3975.0 1.0 51.0 0.0 -2.3929 0.274 0.0 0.36056 997.0 1.6604 12.0 60.0 0.0 -0.8929 0.0 -0.826 0.28284 994.0 1.9352 13.0 73.0 0.8071 0.0 0.0 -1.726 0.44721 990.0 2.3665 11.0 74.0 3.0071 0.0 0.0 -2.326 0.31623 991.0 2.5 11.0 67.0 5.1071 0.0 0.0 -2.926 0.41231 994.0 2.4131 12.0 
0.15879 88.79073 49.0 3976.0 1.0 58.0 0.0 -1.3929 3.074 0.0 0.64031 1000.0 2.5 19.0 56.0 0.7071 0.0 0.374 0.0 0.5 1000.0 2.4639 19.0 53.0 2.7071 0.0 0.0 -1.726 0.5 1000.0 2.207 19.0 55.0 4.7071 0.0 0.0 -3.126 0.36056 999.0 2.2069 17.0 53.0 6.6071 0.0 0.0 -4.326 0.36056 999.0 2.0493 17.0 
0.08586 133.60022 54.0 3977.0 1.0 44.0 0.0 -0.3929 2.174 0.0 0.22361 999.0 1.4124 18.0 49.0 0.7071 0.0 0.974 0.0 0.36056 998.0 1.6349 17.0 52.0 2.1071 0.0 0.0 -0.226 0.36056 998.0 1.8412 16.0 53.0 3.6071 0.0 0.0 -1.526 0.36056 998.0 1.9127 16.0 53.0 5.4071 0.0 0.0 -2.626 0.36056 999.0 2.0493 17.0 
0.05065 189.09548 118.0 3978.0 1.0 92.0 0.0 -0.1929 2.474 0.0 0.28284 974.0 2.2166 8.0 92.0 1.0071 0.0 1.374 0.0 0.22361 971.0 2.0583 7.0 94.0 2.0071 0.0 0.774 0.0 0.22361 966.0 1.9202 7.0 96.0 2.9071 0.0 0.274 0.0 0.1 964.0 1.921 7.0 103.0 3.6071 0.0 0.0 -0.126 0.14142 956.0 1.901 6.0 
0.02957 115.03084 68.0 3979.0 1.0 44.0 0.0 -1.8929 1.474 0.0 0.44721 1000.0 1.5211 12.0 44.0 0.0 -0.8929 0.0 -0.526 0.36056 998.0 1.3183 10.0 49.0 0.3071 0.0 0.0 -2.126 0.36056 997.0 1.5327 9.0 55.0 2.0071 0.0 0.0 -3.126 0.31623 995.0 1.7165 11.0 65.0 3.8071 0.0 0.0 -3.726 0.22361 990.0 1.8762 9.0 
0.13049 69.94114 56.0 3981.0 1.0 66.0 0.0 -0.5929 1.374 0.0 0.28284 987.0 1.7112 10.0 69.0 0.5071 0.0 0.374 0.0 0.22361 988.0 1.9451 10.0 70.0 1.8071 0.0 0.0 -0.526 0.31623 988.0 2.0019 10.0 72.0 3.4071 0.0 0.0 -1.526 0.36056 989.0 2.2062 11.0 68.0 5.1071 0.0 0.0 -2.726 0.28284 992.0 2.249 12.0 
0.11637 78.1117 88.0 3982.0 1.0 42.0 0.0 -0.1929 1.174 0.0 0.14142 998.0 1.2011 12.0 41.0 0.4071 0.0 0.574 0.0 0.1 998.0 1.1446 12.0 39.0 1.1071 0.0 0.474 0.0 0.1 999.0 1.1096 12.0 40.0 1.8071 0.0 0.774 0.0 0.14142 999.0 1.1673 13.0 41.0 2.4071 0.0 1.574 0.0 0.22361 999.0 1.2264 13.0 
0.08879 262.79555 65.0 3983.0 1.0 76.0 0.3071 0.0 2.674 0.0 0.22361 981.0 1.8436 7.0 77.0 1.3071 0.0 1.974 0.0 0.22361 980.0 1.8351 6.0 79.0 2.3071 0.0 1.474 0.0 0.14142 978.0 1.8213 6.0 84.0 3.3071 0.0 1.074 0.0 0.14142 975.0 1.8965 6.0 92.0 4.3071 0.0 0.474 0.0 0.22361 970.0 2.0104 5.0 
0.06665 143.87015 62.0 3984.0 1.0 45.0 0.0 -0.2929 2.774 0.0 0.44721 999.0 1.4773 12.0 47.0 1.1071 0.0 0.674 0.0 0.42426 999.0 1.6116 13.0 48.0 2.6071 0.0 0.0 -1.026 0.36056 998.0 1.5688 14.0 49.0 4.0071 0.0 0.0 -2.426 0.28284 997.0 1.5327 13.0 51.0 5.2071 0.0 0.0 -3.526 0.22361 994.0 1.3982 11.0 
0.055 288.97303 54.0 3985.0 1.0 92.0 0.0 -0.1929 4.074 0.0 0.5 983.0 2.5 12.0 92.0 1.8071 0.0 1.874 0.0 0.42426 980.0 2.5 11.0 93.0 3.5071 0.0 0.474 0.0 0.36056 975.0 2.3247 10.0 98.0 5.0071 0.0 0.0 -0.226 0.22361 968.0 2.1798 9.0 100.0 6.2071 0.0 0.0 -0.726 0.22361 963.0 2.0427 8.0 
0.04706 175.11728 90.0 3986.0 1.0 47.0 0.0 -2.7929 0.0 -0.126 0.36056 998.0 1.5041 15.0 50.0 0.0 -0.9929 0.0 -1.226 0.28284 997.0 1.5959 13.0 53.0 0.5071 0.0 0.0 -2.226 0.31623 994.0 1.51 11.0 57.0 1.8071 0.0 0.0 -2.926 0.22361 991.0 1.5084 13.0 68.0 2.9071 0.0 0.0 -3.226 0.2 983.0 1.5743 10.0 
0.12555 174.71578 73.0 3989.0 1.0 89.0 0.0 -1.1929 1.874 0.0 0.22361 973.0 2.0226 10.0 99.0 0.0071 0.0 1.574 0.0 0.2 964.0 2.043 8.0 105.0 1.1071 0.0 1.674 0.0 0.2 958.0 2.0474 8.0 106.0 2.1071 0.0 2.074 0.0 0.22361 958.0 2.0866 8.0 107.0 3.2071 0.0 2.674 0.0 0.22361 957.0 2.0882 8.0 
0.11477 269.13383 69.0 3993.0 1.0 79.0 0.0 -1.9929 2.574 0.0 0.2 982.0 2.0563 12.0 91.0 0.0 -0.4929 2.374 0.0 0.22361 973.0 2.1145 10.0 93.0 0.9071 0.0 2.974 0.0 0.28284 973.0 2.2085 10.0 96.0 2.1071 0.0 4.274 0.0 0.36056 972.0 2.2958 9.0 101.0 3.3071 0.0 6.074 0.0 0.36056 968.0 2.3153 9.0 
0.10879 163.24121 85.0 3995.0 1.0 67.0 0.7071 0.0 1.474 0.0 0.22361 985.0 1.6375 12.0 73.0 1.3071 0.0 0.674 0.0 0.22361 983.0 1.8143 12.0 78.0 2.1071 0.0 0.0 -0.126 0.14142 979.0 1.8277 11.0 86.0 2.9071 0.0 0.0 -0.726 0.14142 973.0 1.8885 10.0 93.0 3.6071 0.0 0.0 -1.326 0.14142 967.0 1.9204 9.0 
0.1444 93.62417 54.0 3996.0 1.0 54.0 0.0 -1.4929 3.474 0.0 0.5831 1000.0 2.291 12.0 53.0 0.5071 0.0 0.674 0.0 0.5 1000.0 2.207 13.0 52.0 2.2071 0.0 0.0 -1.526 0.44721 999.0 1.9727 14.0 51.0 3.8071 0.0 0.0 -3.226 0.36056 998.0 1.7711 13.0 54.0 5.4071 0.0 0.0 -4.326 0.31623 995.0 1.6546 11.0 
0.15507 78.1117 133.0 3997.0 1.0 51.0 0.2071 0.0 0.874 0.0 0.1 992.0 1.265 9.0 56.0 0.4071 0.0 0.574 0.0 0.1 990.0 1.3926 8.0 57.0 0.8071 0.0 0.374 0.0 0.1 989.0 1.3827 8.0 57.0 1.2071 0.0 0.574 0.0 0.1 989.0 1.3827 8.0 58.0 1.4071 0.0 1.074 0.0 0.1 989.0 1.4316 8.0 
0.11465 252.62455 56.0 4000.0 1.0 96.0 0.0 -1.9929 2.674 0.0 0.31623 973.0 2.3532 10.0 110.0 0.0 -0.0929 2.274 0.0 0.4 962.0 2.4233 8.0 124.0 1.9071 0.0 2.374 0.0 0.3 948.0 2.4161 7.0 130.0 3.9071 0.0 2.774 0.0 0.31623 942.0 2.4312 7.0 134.0 5.7071 0.0 3.574 0.0 0.28284 929.0 2.1833 5.0 
0.09862 107.02187 72.0 744.0 2.0 51.0 0.0 -0.8929 1.874 0.0 0.22361 998.0 1.7711 16.0 55.0 0.4071 0.0 0.874 0.0 0.31623 996.0 1.8174 14.0 57.0 1.7071 0.0 0.0 -0.026 0.28284 994.0 1.7465 13.0 58.0 2.8071 0.0 0.0 -0.926 0.14142 992.0 1.6361 12.0 62.0 3.7071 0.0 0.0 -1.426 0.22361 989.0 1.6359 11.0 
0.05532 247.63516 51.0 2223.0 2.0 60.0 0.0071 0.0 4.074 0.0 0.72111 999.0 2.5 16.0 58.0 2.0071 0.0 0.974 0.0 0.5831 998.0 2.2906 14.0 56.0 3.6071 0.0 0.0 -1.626 0.36056 996.0 1.8841 13.0 55.0 5.0071 0.0 0.0 -3.526 0.28284 995.0 1.7165 12.0 60.0 6.3071 0.0 0.0 -4.826 0.22361 992.0 1.7509 13.0 
0.06493 315.20182 41.0 3181.0 2.0 58.0 0.0 -2.4929 3.374 0.0 0.5 1001.0 2.5 15.0 58.0 0.6071 0.0 2.774 0.0 0.5099 1001.0 2.5 15.0 54.0 3.4071 0.0 1.874 0.0 0.41231 1001.0 2.4819 16.0 49.0 5.9071 0.0 0.774 0.0 0.44721 1002.0 2.2294 17.0 44.0 8.0071 0.0 0.0 -0.526 0.36056 1002.0 1.7976 19.0 
0.03306 263.87963 60.0 420.0 2.0 57.0 0.3071 0.0 3.374 0.0 0.5 1000.0 2.5 18.0 53.0 2.0071 0.0 1.274 0.0 0.42426 999.0 2.0493 17.0 51.0 3.4071 0.0 0.0 -0.426 0.36056 998.0 1.7711 17.0 53.0 4.7071 0.0 0.0 -1.926 0.28284 997.0 1.7931 15.0 53.0 5.9071 0.0 0.0 -3.026 0.14142 996.0 1.6877 14.0 
0.08328 132.36053 64.0 1535.0 2.0 42.0 0.0 -0.2929 2.974 0.0 0.44721 1001.0 1.5014 19.0 43.0 0.9071 0.0 0.774 0.0 0.42426 1001.0 1.5738 17.0 45.0 2.3071 0.0 0.0 -1.026 0.42426 1000.0 1.591 16.0 46.0 3.7071 0.0 0.0 -2.526 0.22361 999.0 1.5437 14.0 48.0 4.9071 0.0 0.0 -3.526 0.22361 997.0 1.4708 16.0 
0.05522 124.72204 98.0 1444.0 2.0 43.0 0.0 -2.2929 1.174 0.0 0.36056 1001.0 1.5738 13.0 40.0 0.0 -0.9929 0.0 -0.526 0.36056 1000.0 1.2571 12.0 38.0 0.0 -0.0929 0.0 -1.726 0.14142 1000.0 1.1345 15.0 39.0 0.6071 0.0 0.0 -2.326 0.22361 998.0 1.0357 13.0 41.0 1.3071 0.0 0.0 -2.426 0.1 996.0 1.01 12.0 
0.06667 259.20738 76.0 3824.0 2.0 36.0 0.0 -1.0929 0.0 -2.426 0.2 1001.0 1.1031 18.0 39.0 0.2071 0.0 0.0 -2.326 0.3 1000.0 1.195 16.0 44.0 1.5071 0.0 0.0 -2.126 0.3 999.0 1.4124 18.0 46.0 2.8071 0.0 0.0 -1.726 0.22361 998.0 1.4408 16.0 50.0 3.9071 0.0 0.0 -0.926 0.28284 997.0 1.5959 15.0 
0.20422 30.42421 59.0 3647.0 2.0 43.0 0.0 -1.5929 0.674 0.0 0.31623 1001.0 1.5738 15.0 44.0 0.0071 0.0 0.274 0.0 0.31623 1000.0 1.5211 14.0 43.0 1.4071 0.0 0.0 -0.226 0.31623 1000.0 1.4527 14.0 42.0 2.8071 0.0 0.0 -0.626 0.22361 1000.0 1.3859 14.0 41.0 4.1071 0.0 0.0 -0.926 0.2 1001.0 1.4308 15.0 
0.04722 310.58559 44.0 2270.0 2.0 44.0 0.0 -0.2929 3.574 0.0 0.28284 1001.0 1.6478 21.0 50.0 1.3071 0.0 2.474 0.0 0.31623 999.0 1.8239 17.0 54.0 3.2071 0.0 2.074 0.0 0.31623 998.0 1.9855 16.0 59.0 5.2071 0.0 2.674 0.0 0.5 997.0 2.2221 15.0 65.0 7.3071 0.0 4.174 0.0 0.5 996.0 2.5 14.0 
0.20079 129.3265 67.0 2344.0 2.0 44.0 0.0 -0.5929 0.0 -2.026 0.28284 1001.0 1.6478 21.0 43.0 0.7071 0.0 0.0 -0.926 0.22361 1000.0 1.4527 19.0 40.0 1.7071 0.0 0.174 0.0 0.28284 1001.0 1.3618 20.0 39.0 2.7071 0.0 1.174 0.0 0.14142 1001.0 1.2946 20.0 36.0 3.7071 0.0 1.974 0.0 0.14142 1001.0 1.1031 22.0 
0.09322 25.57494 89.0 877.0 2.0 32.0 0.0 -0.6929 0.974 0.0 0.14142 1000.0 1.0 13.0 34.0 0.0 -0.1929 0.0 -0.126 0.1 1000.0 1.0 16.0 38.0 0.3071 0.0 0.0 -1.026 0.22361 998.0 1.0 14.0 43.0 1.1071 0.0 0.0 -1.826 0.22361 997.0 1.1803 13.0 47.0 2.1071 0.0 0.0 -2.426 0.2 994.0 1.1875 11.0 
0.10326 155.51597 46.0 880.0 2.0 58.0 0.0 -0.5929 4.174 0.0 0.53852 1000.0 2.5 16.0 58.0 1.0071 0.0 0.974 0.0 0.5 999.0 2.4542 14.0 62.0 2.9071 0.0 0.0 -1.526 0.42426 996.0 2.3095 12.0 62.0 4.9071 0.0 0.0 -3.226 0.44721 995.0 2.1812 11.0 68.0 6.9071 0.0 0.0 -4.326 0.31623 992.0 2.249 12.0 
0.03312 251.98434 53.0 871.0 2.0 80.0 0.0 -0.1929 4.174 0.0 0.64031 992.0 2.5 11.0 76.0 1.8071 0.0 1.374 0.0 0.5 992.0 2.5 11.0 72.0 3.5071 0.0 0.0 -0.726 0.42426 991.0 2.4067 11.0 68.0 5.0071 0.0 0.0 -2.326 0.28284 991.0 2.1467 11.0 63.0 6.2071 0.0 0.0 -3.326 0.22361 991.0 1.8426 11.0 
0.0831 186.5357 64.0 1973.0 2.0 42.0 0.0 -0.3929 1.974 0.0 0.22361 1000.0 1.3859 18.0 45.0 0.8071 0.0 1.474 0.0 0.3 999.0 1.4773 17.0 45.0 2.1071 0.0 0.974 0.0 0.22361 999.0 1.4773 17.0 45.0 3.2071 0.0 0.274 0.0 0.22361 999.0 1.4773 17.0 46.0 4.4071 0.0 0.0 -0.426 0.28284 999.0 1.5437 17.0 
0.08571 281.57238 81.0 3918.0 2.0 69.0 0.0 -0.0929 3.274 0.0 0.28284 990.0 2.1142 14.0 71.0 1.3071 0.0 2.174 0.0 0.22361 988.0 2.0595 13.0 72.0 2.6071 0.0 1.374 0.0 0.22361 986.0 1.961 12.0 74.0 3.6071 0.0 0.674 0.0 0.28284 984.0 1.9286 12.0 78.0 4.6071 0.0 0.0 -0.326 0.22361 981.0 1.9419 11.0 
0.07804 208.01549 77.0 3320.0 2.0 58.0 0.0 -1.1929 2.074 0.0 0.22361 993.0 1.7179 12.0 64.0 0.0071 0.0 1.874 0.0 0.2 990.0 1.8189 11.0 70.0 1.2071 0.0 1.974 0.0 0.2 987.0 1.9249 10.0 75.0 2.4071 0.0 2.174 0.0 0.2 984.0 1.9811 9.0 76.0 3.5071 0.0 2.574 0.0 0.2 982.0 1.903 9.0 
0.03996 312.12968 70.0 566.0 2.0 50.0 0.6071 0.0 3.074 0.0 0.28284 997.0 1.5959 11.0 45.0 1.5071 0.0 2.374 0.0 0.22361 997.0 1.2927 12.0 41.0 2.3071 0.0 2.274 0.0 0.1 998.0 1.1446 12.0 39.0 3.0071 0.0 2.474 0.0 0.1 999.0 1.1096 13.0 38.0 3.6071 0.0 2.774 0.0 0.14142 999.0 1.0535 13.0 
0.08145 253.61463 39.0 2558.0 2.0 71.0 0.0 -2.5929 4.674 0.0 0.86023 1002.0 2.5 22.0 66.0 1.3071 0.0 1.874 0.0 0.72111 1001.0 2.5 21.0 58.0 4.4071 0.0 0.0 -0.226 0.5831 1001.0 2.5 21.0 51.0 7.0071 0.0 0.0 -1.626 0.44721 1001.0 2.2138 22.0 42.0 9.0071 0.0 0.0 -2.526 0.36056 1002.0 1.6379 23.0 
0.11239 108.43208 83.0 3507.0 2.0 86.0 0.0 -0.5929 2.174 0.0 0.36056 980.0 2.2891 11.0 91.0 0.7071 0.0 0.674 0.0 0.28284 975.0 2.2258 10.0 91.0 1.9071 0.0 0.0 -0.326 0.36056 973.0 2.1145 10.0 94.0 3.2071 0.0 0.0 -0.826 0.31623 970.0 2.0988 9.0 98.0 4.5071 0.0 0.0 -1.026 0.2 965.0 2.0436 9.0 
0.09617 167.54553 217.0 1801.0 2.0 44.0 0.0071 0.0 0.0 -1.926 0.22361 999.0 1.4124 14.0 47.0 1.1071 0.0 0.0 -1.026 0.22361 997.0 1.4101 16.0 54.0 1.9071 0.0 0.0 -0.026 0.22361 994.0 1.5675 13.0 59.0 2.8071 0.0 1.074 0.0 0.14142 992.0 1.693 12.0 60.0 3.7071 0.0 1.874 0.0 0.14142 991.0 1.6713 11.0 
0.08127 273.42719 48.0 3928.0 2.0 63.0 0.0071 0.0 3.174 0.0 0.36056 995.0 2.2521 13.0 68.0 1.8071 0.0 1.674 0.0 0.36056 993.0 2.3614 12.0 73.0 3.7071 0.0 0.174 0.0 0.36056 990.0 2.3665 11.0 75.0 5.4071 0.0 0.0 -1.026 0.31623 988.0 2.2981 10.0 75.0 6.9071 0.0 0.0 -1.626 0.31623 985.0 2.0519 9.0 
0.06832 138.01396 65.0 3916.0 2.0 55.0 0.0 -1.6929 0.0 -2.126 0.36056 997.0 1.931 10.0 66.0 0.2071 0.0 0.0 -1.226 0.41231 993.0 2.2245 9.0 74.0 2.0071 0.0 0.0 -0.226 0.31623 988.0 2.2372 7.0 77.0 3.6071 0.0 0.974 0.0 0.42426 987.0 2.3291 7.0 73.0 5.0071 0.0 2.874 0.0 0.36056 990.0 2.3665 8.0 
0.09715 92.42951 59.0 2493.0 2.0 62.0 0.0 -1.2929 1.374 0.0 0.31623 993.0 1.9631 9.0 62.0 0.3071 0.0 0.774 0.0 0.22361 993.0 1.9631 9.0 59.0 1.8071 0.0 0.074 0.0 0.22361 995.0 1.9752 10.0 55.0 3.3071 0.0 0.0 -0.526 0.22361 996.0 1.8174 10.0 50.0 4.7071 0.0 0.0 -1.026 0.2 998.0 1.7023 12.0 
0.06678 231.10153 38.0 4165.0 2.0 53.0 0.0 -1.9929 3.174 0.0 0.53852 1001.0 2.3909 21.0 59.0 0.9071 0.0 1.874 0.0 0.63246 1000.0 2.5 20.0 62.0 4.2071 0.0 0.574 0.0 0.53852 1000.0 2.5 19.0 58.0 7.2071 0.0 0.0 -0.326 0.5099 1000.0 2.5 19.0 54.0 9.9071 0.0 0.0 -0.726 0.41231 999.0 2.1274 19.0 
0.04865 290.10581 64.0 1059.0 2.0 58.0 0.3071 0.0 3.174 0.0 0.36056 998.0 2.2906 16.0 51.0 2.0071 0.0 1.674 0.0 0.28284 999.0 1.8976 17.0 46.0 3.3071 0.0 0.474 0.0 0.28284 1000.0 1.6625 18.0 42.0 4.4071 0.0 0.0 -0.526 0.28284 1000.0 1.3859 19.0 38.0 5.3071 0.0 0.0 -1.426 0.22361 1001.0 1.2291 20.0 
0.09236 244.99102 67.0 3441.0 2.0 42.0 0.0 -1.9929 0.0 -1.426 0.28284 998.0 1.2011 14.0 48.0 0.0 -0.5929 0.0 -2.126 0.22361 997.0 1.4708 17.0 52.0 0.7071 0.0 0.0 -2.326 0.2 994.0 1.4536 14.0 62.0 1.9071 0.0 0.0 -1.826 0.22361 991.0 1.7846 15.0 75.0 3.1071 0.0 0.0 -0.826 0.28284 985.0 2.0519 12.0 
0.10662 163.42753 47.0 3235.0 2.0 71.0 0.0 -1.3929 3.374 0.0 0.56569 994.0 2.5 14.0 77.0 1.0071 0.0 1.074 0.0 0.42426 991.0 2.5 15.0 85.0 3.1071 0.0 0.0 -0.926 0.5 985.0 2.5 12.0 97.0 5.1071 0.0 0.0 -2.526 0.36056 975.0 2.5 10.0 108.0 6.9071 0.0 0.0 -3.726 0.31623 963.0 2.3827 8.0 
0.06459 228.6758 64.0 1314.0 2.0 51.0 0.0 -3.7929 0.0 -1.726 0.64031 1002.0 2.4151 25.0 53.0 0.0 -1.6929 1.174 0.0 0.53852 1001.0 2.3909 21.0 51.0 0.0 -0.1929 3.574 0.0 0.42426 1000.0 2.0435 19.0 49.0 1.5071 0.0 4.574 0.0 0.3 999.0 1.7517 17.0 50.0 3.3071 0.0 4.574 0.0 0.3 999.0 1.8239 17.0 
0.0531 293.6286 137.0 3854.0 2.0 44.0 0.9071 0.0 2.974 0.0 0.22361 998.0 1.3183 16.0 44.0 1.5071 0.0 2.174 0.0 0.22361 998.0 1.3183 16.0 43.0 2.2071 0.0 1.574 0.0 0.14142 997.0 1.1803 15.0 43.0 2.7071 0.0 1.074 0.0 0.14142 997.0 1.1803 15.0 42.0 3.1071 0.0 0.774 0.0 0.1 997.0 1.1261 15.0 
0.5546 57.41677 109.0 3144.0 2.0 84.0 0.0 -0.1929 0.874 0.0 0.1 974.0 1.8479 12.0 84.0 0.2071 0.0 0.474 0.0 0.1 971.0 1.7159 12.0 87.0 0.6071 0.0 0.274 0.0 0.0 968.0 1.7179 11.0 93.0 1.0071 0.0 0.174 0.0 0.1 963.0 1.7668 11.0 103.0 1.3071 0.0 0.0 -0.026 0.1 954.0 1.8366 9.0 
0.14137 186.09991 51.0 3715.0 2.0 69.0 0.0 -1.8929 1.874 0.0 0.31623 990.0 2.1142 11.0 75.0 0.0 -0.0929 1.674 0.0 0.3 987.0 2.2097 10.0 77.0 1.8071 0.0 1.574 0.0 0.3 987.0 2.3291 10.0 76.0 3.8071 0.0 1.274 0.0 0.3 987.0 2.269 10.0 74.0 5.7071 0.0 0.874 0.0 0.3 987.0 2.1512 10.0 
0.05639 257.74158 69.0 3273.0 2.0 105.0 0.4071 0.0 3.174 0.0 0.36056 967.0 2.448 9.0 100.0 1.7071 0.0 1.574 0.0 0.36056 968.0 2.2697 9.0 97.0 2.9071 0.0 0.574 0.0 0.28284 967.0 2.0892 9.0 98.0 3.9071 0.0 0.0 -0.126 0.2 965.0 2.0436 9.0 100.0 4.8071 0.0 0.0 -0.426 0.2 961.0 1.9642 8.0 
0.04233 297.33762 43.0 832.0 2.0 67.0 0.0 -0.3929 4.574 0.0 0.64031 999.0 2.5 16.0 64.0 2.0071 0.0 1.774 0.0 0.56569 999.0 2.5 17.0 58.0 4.3071 0.0 0.0 -0.026 0.44721 999.0 2.4542 17.0 51.0 6.3071 0.0 0.0 -0.926 0.31623 999.0 1.8976 17.0 46.0 8.0071 0.0 0.0 -1.326 0.22361 1000.0 1.6625 18.0 
0.05008 180.93975 50.0 1451.0 2.0 59.0 0.0 -1.0929 4.074 0.0 0.72111 1001.0 2.5 17.0 58.0 1.3071 0.0 0.974 0.0 0.5 1000.0 2.5 15.0 56.0 3.3071 0.0 0.0 -1.426 0.5 998.0 2.1353 14.0 57.0 5.1071 0.0 0.0 -3.326 0.42426 997.0 2.074 16.0 61.0 6.6071 0.0 0.0 -4.726 0.28284 994.0 2.0003 13.0 
0.26994 77.04923 41.0 2182.0 2.0 60.0 0.0 -1.6929 3.274 0.0 0.5831 1000.0 2.5 11.0 57.0 0.5071 0.0 0.474 0.0 0.56569 999.0 2.3703 10.0 61.0 2.8071 0.0 0.0 -1.926 0.56569 997.0 2.3753 9.0 72.0 5.5071 0.0 0.0 -4.326 0.67082 996.0 2.5 11.0 81.0 8.6071 0.0 0.0 -6.526 0.5831 991.0 2.5 9.0 
0.043 289.11412 54.0 3438.0 2.0 63.0 0.5071 0.0 3.774 0.0 0.36056 994.0 2.1336 13.0 66.0 1.9071 0.0 1.774 0.0 0.42426 994.0 2.3416 13.0 67.0 3.4071 0.0 0.0 -0.326 0.42426 993.0 2.2925 12.0 69.0 4.8071 0.0 0.0 -2.226 0.36056 991.0 2.2103 12.0 72.0 6.1071 0.0 0.0 -3.826 0.28284 988.0 2.1179 10.0 
0.36219 30.42421 88.0 2018.0 2.0 54.0 0.0 -0.9929 0.674 0.0 0.22361 993.0 1.4892 10.0 61.0 0.0071 0.0 0.274 0.0 0.2 990.0 1.6524 11.0 75.0 1.0071 0.0 0.374 0.0 0.14142 980.0 1.741 9.0 88.0 1.7071 0.0 1.074 0.0 0.14142 971.0 1.8832 7.0 86.0 2.2071 0.0 1.874 0.0 0.2 973.0 1.8885 7.0 
0.03356 263.91931 69.0 336.0 2.0 37.0 0.0 -1.6929 0.0 -1.926 0.22361 1000.0 1.0756 12.0 39.0 0.0 -0.4929 0.0 -2.326 0.22361 998.0 1.0357 10.0 43.0 0.7071 0.0 0.0 -2.626 0.2 997.0 1.1803 9.0 49.0 1.9071 0.0 0.0 -2.826 0.2 995.0 1.3624 11.0 57.0 3.0071 0.0 0.0 -2.826 0.22361 990.0 1.4428 9.0 
0.18882 25.57494 78.0 2834.0 2.0 61.0 0.0 -2.6929 2.374 0.0 0.64031 1001.0 2.5 18.0 52.0 0.0 -0.1929 0.0 -0.126 0.42426 1001.0 2.3015 16.0 47.0 1.6071 0.0 0.0 -1.826 0.28284 1000.0 1.7355 15.0 45.0 3.0071 0.0 0.0 -2.726 0.2 998.0 1.3789 13.0 49.0 4.2071 0.0 0.0 -2.826 0.22361 996.0 1.4425 15.0 
0.05536 291.24011 60.0 3384.0 2.0 89.0 0.0 -0.0929 3.574 0.0 0.42426 981.0 2.5 9.0 94.0 1.6071 0.0 2.074 0.0 0.31623 975.0 2.375 8.0 97.0 3.2071 0.0 1.074 0.0 0.31623 970.0 2.2349 7.0 102.0 4.6071 0.0 0.274 0.0 0.22361 963.0 2.1253 6.0 108.0 5.7071 0.0 0.0 -0.126 0.22361 955.0 2.054 6.0 
0.06371 146.82772 83.0 3352.0 2.0 54.0 0.0 -2.2929 0.0 -0.526 0.28284 996.0 1.752 11.0 65.0 0.0 -0.9929 0.874 0.0 0.28284 991.0 1.9615 9.0 74.0 0.3071 0.0 2.174 0.0 0.36056 986.0 2.0715 7.0 81.0 1.7071 0.0 3.074 0.0 0.31623 981.0 2.0941 6.0 83.0 3.2071 0.0 3.374 0.0 0.2 979.0 2.0695 6.0 
0.07569 289.68377 49.0 3426.0 2.0 85.0 0.0 -0.5929 4.074 0.0 0.64031 988.0 2.5 10.0 83.0 1.7071 0.0 1.974 0.0 0.5 987.0 2.5 10.0 76.0 3.5071 0.0 0.174 0.0 0.42426 988.0 2.3598 10.0 73.0 5.0071 0.0 0.0 -1.426 0.36056 989.0 2.2679 10.0 69.0 6.5071 0.0 0.0 -2.826 0.28284 990.0 2.1142 11.0 
0.18966 132.3298 40.0 2272.0 2.0 53.0 0.0 -2.7929 0.0 -2.626 0.67082 1002.0 2.5 24.0 62.0 0.6071 0.0 0.0 -1.026 0.60828 1001.0 2.5 20.0 62.0 3.9071 0.0 0.0 -0.526 0.5 1000.0 2.5 18.0 57.0 6.7071 0.0 0.0 -0.626 0.4 999.0 2.3703 17.0 55.0 9.0071 0.0 0.0 -0.826 0.4 999.0 2.2069 17.0 
0.22156 48.39733 63.0 4231.0 2.0 51.0 0.0 -1.9929 0.274 0.0 0.31623 999.0 1.8976 14.0 52.0 0.0 -0.0929 0.0 -0.426 0.31623 997.0 1.7261 12.0 57.0 1.6071 0.0 0.0 -0.726 0.31623 995.0 1.8436 14.0 61.0 3.1071 0.0 0.0 -0.926 0.22361 992.0 1.8098 12.0 66.0 4.3071 0.0 0.0 -1.226 0.22361 989.0 1.8538 10.0 
0.05686 134.69869 66.0 1873.0 2.0 45.0 0.0 -1.4929 1.574 0.0 0.41231 1001.0 1.7236 12.0 42.0 0.3071 0.0 1.174 0.0 0.3 1000.0 1.3859 11.0 41.0 1.6071 0.0 0.974 0.0 0.22361 998.0 1.1446 10.0 45.0 2.7071 0.0 0.674 0.0 0.14142 997.0 1.2927 12.0 52.0 3.6071 0.0 0.374 0.0 0.2 994.0 1.4536 10.0 
0.09353 152.12534 67.0 2705.0 2.0 51.0 0.0 -0.9929 2.074 0.0 0.31623 998.0 1.7711 13.0 57.0 0.7071 0.0 1.174 0.0 0.31623 996.0 1.952 14.0 60.0 2.2071 0.0 0.274 0.0 0.22361 993.0 1.8385 13.0 64.0 3.5071 0.0 0.0 -0.626 0.22361 991.0 1.9016 11.0 69.0 4.7071 0.0 0.0 -1.326 0.22361 987.0 1.8703 10.0 
0.05725 281.57238 198.0 1705.0 2.0 63.0 0.3071 0.0 2.874 0.0 0.22361 990.0 1.7625 11.0 66.0 1.3071 0.0 2.174 0.0 0.22361 988.0 1.7796 10.0 70.0 2.4071 0.0 1.574 0.0 0.22361 986.0 1.8536 10.0 73.0 3.5071 0.0 0.974 0.0 0.14142 984.0 1.8769 9.0 74.0 4.4071 0.0 0.374 0.0 0.22361 983.0 1.8643 9.0 
0.18587 108.76564 57.0 1582.0 2.0 69.0 0.0 -1.5929 1.274 0.0 0.31623 987.0 1.8703 14.0 87.0 0.1071 0.0 0.974 0.0 0.3 978.0 2.2088 13.0 111.0 1.8071 0.0 0.474 0.0 0.31623 958.0 2.2881 10.0 133.0 3.5071 0.0 0.0 -0.426 0.31623 937.0 2.3772 8.0 141.0 5.0071 0.0 0.0 -1.226 0.31623 926.0 2.334 8.0 
0.27606 48.75749 61.0 270.0 2.0 43.0 0.0 -1.9929 0.0 -0.026 0.41231 1002.0 1.7168 19.0 43.0 0.1071 0.0 0.0 -0.426 0.31623 1001.0 1.5738 21.0 43.0 1.9071 0.0 0.0 -0.626 0.3 1001.0 1.5738 21.0 45.0 3.5071 0.0 0.0 -0.626 0.2 999.0 1.4773 18.0 46.0 4.8071 0.0 0.0 -0.526 0.22361 999.0 1.5437 17.0 
0.03203 269.99085 47.0 2541.0 2.0 55.0 0.2071 0.0 4.074 0.0 0.5831 1001.0 2.5 20.0 53.0 2.0071 0.0 1.374 0.0 0.5 1001.0 2.3909 20.0 50.0 3.7071 0.0 0.0 -0.826 0.42426 1001.0 2.1279 20.0 47.0 5.4071 0.0 0.0 -2.526 0.36056 1001.0 1.8802 21.0 44.0 7.0071 0.0 0.0 -3.926 0.36056 1001.0 1.6478 21.0 
0.0955 154.23674 67.0 1056.0 2.0 53.0 0.0 -1.6929 2.074 0.0 0.44721 999.0 2.0493 14.0 51.0 0.2071 0.0 1.374 0.0 0.3 998.0 1.7711 14.0 57.0 1.8071 0.0 1.374 0.0 0.3 995.0 1.8436 14.0 61.0 3.3071 0.0 1.474 0.0 0.2 992.0 1.8098 12.0 63.0 4.6071 0.0 1.374 0.0 0.22361 990.0 1.7625 11.0 
0.0851 212.05435 55.0 1819.0 2.0 69.0 0.0 -1.0929 3.674 0.0 0.64031 999.0 2.5 18.0 66.0 1.5071 0.0 1.174 0.0 0.56569 997.0 2.5 15.0 61.0 3.4071 0.0 0.0 -0.626 0.42426 996.0 2.2356 14.0 59.0 4.8071 0.0 0.0 -1.726 0.36056 994.0 1.8713 13.0 59.0 6.1071 0.0 0.0 -2.326 0.1 992.0 1.693 12.0 
0.09324 285.772 63.0 2701.0 2.0 56.0 0.1071 0.0 3.174 0.0 0.28284 996.0 1.8841 14.0 53.0 1.2071 0.0 2.274 0.0 0.22361 996.0 1.6877 14.0 52.0 2.3071 0.0 1.674 0.0 0.14142 996.0 1.6246 14.0 51.0 3.3071 0.0 1.274 0.0 0.1 995.0 1.4759 14.0 52.0 4.2071 0.0 1.274 0.0 0.2 995.0 1.5343 13.0 
0.10176 174.71578 68.0 1280.0 2.0 69.0 0.0 -1.5929 1.674 0.0 0.31623 990.0 2.1142 11.0 73.0 0.0071 0.0 1.574 0.0 0.2 986.0 2.0159 10.0 76.0 1.4071 0.0 1.674 0.0 0.22361 984.0 2.0343 9.0 76.0 2.7071 0.0 1.974 0.0 0.2 983.0 1.9665 9.0 77.0 3.9071 0.0 2.274 0.0 0.2 981.0 1.8924 9.0 
0.03342 269.39831 64.0 3211.0 2.0 54.0 0.0 -3.2929 0.0 -2.126 0.4 997.0 1.8615 14.0 60.0 0.0 -0.6929 0.0 -2.326 0.41231 994.0 1.9352 12.0 61.0 1.6071 0.0 0.0 -2.926 0.31623 992.0 1.8098 14.0 66.0 3.3071 0.0 0.0 -3.526 0.2 987.0 1.7112 13.0 80.0 4.6071 0.0 0.0 -3.926 0.2 977.0 1.8158 11.0 
0.04986 300.09125 45.0 3344.0 2.0 66.0 0.0 -0.7929 4.174 0.0 0.56569 998.0 2.5 17.0 64.0 1.6071 0.0 2.174 0.0 0.5 997.0 2.5 15.0 62.0 3.6071 0.0 0.774 0.0 0.44721 996.0 2.3095 14.0 63.0 5.5071 0.0 0.0 -0.226 0.31623 994.0 2.1336 13.0 63.0 7.3071 0.0 0.0 -0.726 0.3 993.0 2.0269 12.0 
0.18136 73.18987 83.0 1154.0 2.0 40.0 0.0 -0.4929 0.0 -1.326 0.22361 999.0 1.1673 18.0 47.0 0.2071 0.0 0.0 -0.626 0.22361 996.0 1.3272 14.0 53.0 1.1071 0.0 0.0 -0.526 0.2 994.0 1.51 13.0 57.0 2.1071 0.0 0.0 -0.726 0.22361 993.0 1.6592 12.0 60.0 3.1071 0.0 0.0 -1.026 0.2 991.0 1.6713 11.0 
0.10084 224.88738 45.0 767.0 2.0 47.0 0.0 -2.3929 0.0 -1.426 0.44721 1001.0 1.8802 17.0 51.0 0.0071 0.0 0.0 -2.026 0.4 1000.0 2.0435 18.0 56.0 2.3071 0.0 0.0 -1.526 0.44721 999.0 2.2879 17.0 64.0 4.6071 0.0 0.0 -0.226 0.5 997.0 2.5 15.0 62.0 7.0071 0.0 0.774 0.0 0.44721 997.0 2.4538 15.0 
0.05684 263.51518 65.0 3711.0 2.0 66.0 0.0 -1.3929 2.774 0.0 0.31623 991.0 2.0223 11.0 68.0 0.0071 0.0 2.374 0.0 0.2 988.0 1.8891 10.0 73.0 1.2071 0.0 2.474 0.0 0.22361 984.0 1.8769 9.0 77.0 2.3071 0.0 2.774 0.0 0.2 982.0 1.9535 9.0 70.0 3.6071 0.0 2.874 0.0 0.2 987.0 1.9249 10.0 
0.05392 230.44483 59.0 2525.0 2.0 41.0 0.0 -1.7929 2.474 0.0 0.31623 1001.0 1.4308 22.0 46.0 0.0 -0.0929 2.074 0.0 0.3 1000.0 1.6625 19.0 49.0 1.6071 0.0 1.974 0.0 0.31623 999.0 1.7517 18.0 49.0 3.3071 0.0 1.674 0.0 0.31623 999.0 1.7517 17.0 47.0 4.9071 0.0 1.174 0.0 0.22361 999.0 1.6116 17.0 
0.05207 226.37542 49.0 3242.0 2.0 74.0 0.0 -0.1929 3.674 0.0 0.5 993.0 2.5 16.0 74.0 1.5071 0.0 1.374 0.0 0.5 991.0 2.5 15.0 77.0 3.2071 0.0 0.0 -0.526 0.42426 987.0 2.3291 13.0 86.0 4.9071 0.0 0.0 -2.026 0.42426 981.0 2.3606 11.0 96.0 6.5071 0.0 0.0 -3.226 0.36056 972.0 2.2958 10.0 
0.29792 130.72136 266.0 959.0 2.0 85.0 0.0 -2.8929 1.474 0.0 0.5099 986.0 2.5 14.0 96.0 0.0 -0.0929 1.174 0.0 0.4 977.0 2.5 13.0 109.0 2.3071 0.0 1.274 0.0 0.41231 967.0 2.5 11.0 111.0 4.7071 0.0 1.674 0.0 0.3 964.0 2.5 11.0 105.0 6.7071 0.0 1.974 0.0 0.3 966.0 2.3959 11.0 
0.06121 298.16812 98.0 1987.0 2.0 49.0 1.1071 0.0 2.674 0.0 0.14142 995.0 1.3624 13.0 49.0 1.7071 0.0 2.074 0.0 0.22361 996.0 1.4425 14.0 47.0 2.4071 0.0 1.574 0.0 0.14142 996.0 1.3272 14.0 45.0 3.0071 0.0 1.174 0.0 0.14142 996.0 1.2166 14.0 44.0 3.6071 0.0 0.874 0.0 0.14142 997.0 1.2359 15.0 
0.05425 247.0314 58.0 4111.0 2.0 109.0 0.0 -1.0929 3.374 0.0 0.42426 962.0 2.3794 6.0 120.0 0.8071 0.0 2.074 0.0 0.31623 951.0 2.3722 6.0 115.0 2.5071 0.0 1.174 0.0 0.31623 955.0 2.3289 6.0 111.0 4.1071 0.0 0.574 0.0 0.22361 956.0 2.2078 6.0 108.0 5.4071 0.0 0.174 0.0 0.2 956.0 2.0901 6.0 
0.15396 44.37868 75.0 1106.0 2.0 37.0 0.0 -0.5929 0.0 -0.926 0.2 998.0 1.0 14.0 44.0 0.0 -0.3929 0.074 0.0 0.22361 997.0 1.2359 15.0 52.0 0.0 -0.0929 1.074 0.0 0.14142 994.0 1.4536 13.0 57.0 0.5071 0.0 1.874 0.0 0.14142 992.0 1.5802 12.0 65.0 1.5071 0.0 2.574 0.0 0.22361 990.0 1.8762 11.0 
0.09061 157.098 56.0 3878.0 2.0 31.0 0.0 -0.4929 0.0 -1.726 0.2 1002.0 1.0 19.0 37.0 0.7071 0.0 0.0 -1.226 0.22361 1001.0 1.1652 16.0 43.0 2.0071 0.0 0.0 -0.526 0.31623 1000.0 1.4527 14.0 44.0 3.4071 0.0 0.274 0.0 0.28284 1000.0 1.5211 14.0 45.0 4.7071 0.0 1.174 0.0 0.22361 1000.0 1.591 13.0 
0.03663 290.74344 51.0 2181.0 2.0 39.0 0.0 -2.5929 0.0 -2.326 0.31623 1002.0 1.4123 18.0 44.0 0.0 -0.6929 0.0 -2.526 0.41231 1001.0 1.6478 17.0 50.0 1.5071 0.0 0.0 -2.526 0.4 1001.0 2.1279 20.0 49.0 3.7071 0.0 0.0 -2.526 0.41231 1000.0 1.8864 17.0 52.0 5.6071 0.0 0.0 -2.826 0.3 998.0 1.8412 16.0 
0.06283 236.21119 73.0 893.0 2.0 41.0 0.0 -1.0929 0.0 -2.026 0.14142 999.0 1.2264 14.0 44.0 0.0 -0.0929 0.0 -2.126 0.2 997.0 1.2359 12.0 53.0 1.0071 0.0 0.0 -2.026 0.2 994.0 1.51 13.0 63.0 2.1071 0.0 0.0 -1.826 0.2 990.0 1.7625 11.0 64.0 3.3071 0.0 0.0 -1.426 0.22361 990.0 1.8189 11.0 
0.15518 158.13844 42.0 305.0 2.0 65.0 0.0 -2.0929 3.474 0.0 0.70711 1000.0 2.5 18.0 64.0 0.8071 0.0 1.174 0.0 0.5831 1000.0 2.5 18.0 62.0 3.5071 0.0 0.0 -0.426 0.5 999.0 2.5 16.0 58.0 6.0071 0.0 0.0 -1.626 0.36056 999.0 2.4542 17.0 54.0 8.2071 0.0 0.0 -2.426 0.41231 999.0 2.1274 17.0 
0.05172 260.22118 60.0 4008.0 2.0 36.0 0.0 -2.2929 1.574 0.0 0.22361 1001.0 1.1031 22.0 43.0 0.0 -1.0929 2.074 0.0 0.22361 1000.0 1.4527 18.0 51.0 0.4071 0.0 2.774 0.0 0.31623 999.0 1.8976 16.0 54.0 2.2071 0.0 3.474 0.0 0.41231 998.0 1.9855 16.0 52.0 4.1071 0.0 3.674 0.0 0.3 999.0 1.9727 16.0 
0.57522 22.93337 58.0 4060.0 2.0 67.0 0.0 -2.0929 0.0 -1.026 0.36056 991.0 2.0841 9.0 79.0 0.0 -0.1929 0.074 0.0 0.36056 985.0 2.2766 9.0 91.0 1.4071 0.0 1.174 0.0 0.36056 976.0 2.2859 8.0 87.0 2.9071 0.0 2.274 0.0 0.36056 979.0 2.2738 8.0 78.0 4.3071 0.0 3.274 0.0 0.36056 984.0 2.1428 9.0 
0.18682 62.69156 69.0 377.0 2.0 64.0 0.0 -1.5929 1.274 0.0 0.44721 996.0 2.4609 14.0 62.0 0.3071 0.0 0.474 0.0 0.31623 994.0 2.0664 13.0 62.0 1.9071 0.0 0.074 0.0 0.31623 992.0 1.8696 12.0 65.0 3.4071 0.0 0.0 -0.326 0.2 991.0 1.9615 11.0 67.0 4.8071 0.0 0.0 -0.726 0.22361 990.0 1.9935 11.0 
0.07745 257.5833 52.0 3401.0 2.0 97.0 0.0 -0.1929 3.774 0.0 0.5 979.0 2.5 11.0 97.0 1.6071 0.0 1.674 0.0 0.36056 976.0 2.5 10.0 98.0 3.2071 0.0 0.174 0.0 0.36056 971.0 2.3355 9.0 105.0 4.6071 0.0 0.0 -0.926 0.31623 961.0 2.1655 8.0 125.0 6.0071 0.0 0.0 -1.726 0.22361 941.0 2.2165 7.0 
0.14819 140.98863 57.0 1469.0 2.0 62.0 0.0 -0.6929 2.774 0.0 0.5 996.0 2.3095 15.0 61.0 1.0071 0.0 0.774 0.0 0.36056 994.0 2.0003 14.0 63.0 2.5071 0.0 0.0 -0.926 0.36056 992.0 1.9304 13.0 72.0 3.9071 0.0 0.0 -2.326 0.28284 985.0 1.891 10.0 89.0 5.2071 0.0 0.0 -3.426 0.28284 973.0 2.0226 9.0 
0.0896 251.22187 70.0 3361.0 2.0 81.0 0.0 -0.1929 3.174 0.0 0.42426 983.0 2.2337 12.0 75.0 1.1071 0.0 1.974 0.0 0.36056 985.0 2.0519 12.0 71.0 2.5071 0.0 1.074 0.0 0.28284 987.0 1.9803 13.0 69.0 3.8071 0.0 0.174 0.0 0.28284 988.0 1.9451 13.0 68.0 4.9071 0.0 0.0 -0.926 0.14142 989.0 1.9678 14.0 
0.02356 289.11412 69.0 778.0 2.0 66.0 1.0071 0.0 2.774 0.0 0.28284 989.0 1.8538 11.0 67.0 1.9071 0.0 1.774 0.0 0.14142 987.0 1.7634 10.0 71.0 2.7071 0.0 1.174 0.0 0.14142 984.0 1.7754 9.0 76.0 3.6071 0.0 0.674 0.0 0.14142 980.0 1.7877 9.0 83.0 4.5071 0.0 0.274 0.0 0.14142 975.0 1.8516 8.0 
0.07007 151.31814 69.0 3348.0 2.0 58.0 0.0 -1.9929 0.274 0.0 0.22361 993.0 1.7179 9.0 72.0 0.0 -0.6929 1.174 0.0 0.36056 986.0 1.961 7.0 82.0 0.5071 0.0 2.474 0.0 0.42426 980.0 2.0811 6.0 95.0 1.9071 0.0 3.774 0.0 0.28284 971.0 2.1947 5.0 100.0 3.2071 0.0 4.874 0.0 0.28284 966.0 2.1731 5.0 
0.06413 293.6286 68.0 2231.0 2.0 67.0 0.0 -0.0929 2.974 0.0 0.31623 991.0 2.0841 11.0 67.0 1.5071 0.0 2.174 0.0 0.22361 990.0 1.9935 11.0 66.0 2.7071 0.0 1.274 0.0 0.22361 990.0 1.9344 11.0 66.0 3.8071 0.0 0.274 0.0 0.14142 989.0 1.8538 11.0 67.0 4.7071 0.0 0.0 -0.626 0.22361 988.0 1.834 10.0 
0.05033 285.772 96.0 2371.0 2.0 59.0 0.6071 0.0 2.774 0.0 0.14142 992.0 1.693 11.0 55.0 1.2071 0.0 2.274 0.0 0.1 992.0 1.4713 12.0 52.0 1.8071 0.0 2.174 0.0 0.1 993.0 1.3809 12.0 49.0 2.2071 0.0 2.274 0.0 0.1 994.0 1.2907 12.0 46.0 2.6071 0.0 2.274 0.0 0.1 995.0 1.2007 13.0 
0.09098 161.73528 50.0 3603.0 2.0 57.0 0.0 -1.4929 3.074 0.0 0.56569 1001.0 2.5 21.0 55.0 0.7071 0.0 1.274 0.0 0.44721 1000.0 2.3767 18.0 54.0 2.8071 0.0 0.374 0.0 0.31623 999.0 2.1274 17.0 52.0 4.7071 0.0 0.174 0.0 0.3 999.0 1.9727 16.0 49.0 6.3071 0.0 0.174 0.0 0.3 999.0 1.7517 16.0 
0.05497 206.28347 64.0 223.0 2.0 75.0 0.0 -0.1929 2.374 0.0 0.22361 983.0 1.9151 9.0 75.0 0.8071 0.0 1.674 0.0 0.22361 983.0 1.9151 9.0 75.0 1.9071 0.0 0.974 0.0 0.31623 984.0 1.9811 9.0 76.0 3.2071 0.0 0.174 0.0 0.28284 985.0 2.1069 9.0 76.0 4.5071 0.0 0.0 -0.726 0.28284 984.0 2.0343 9.0 
0.05045 300.09125 60.0 2499.0 2.0 62.0 0.2071 0.0 3.274 0.0 0.36056 993.0 1.9631 9.0 62.0 1.6071 0.0 2.174 0.0 0.22361 993.0 1.9631 9.0 61.0 2.8071 0.0 1.474 0.0 0.22361 992.0 1.8098 9.0 60.0 3.9071 0.0 0.974 0.0 0.2 992.0 1.7509 9.0 59.0 4.9071 0.0 0.874 0.0 0.2 992.0 1.693 9.0 
0.03884 240.52259 65.0 1595.0 2.0 44.0 0.0 -2.5929 0.0 -0.926 0.36056 999.0 1.4124 13.0 48.0 0.0 -0.9929 0.0 -1.926 0.22361 998.0 1.5688 13.0 53.0 0.5071 0.0 0.0 -2.426 0.3 995.0 1.5939 11.0 60.0 2.0071 0.0 0.0 -2.126 0.31623 993.0 1.8385 13.0 66.0 3.5071 0.0 0.0 -1.426 0.28284 990.0 1.9344 11.0 
0.0121 269.99085 55.0 2064.0 2.0 75.0 0.4071 0.0 3.274 0.0 0.42426 989.0 2.3938 8.0 76.0 2.0071 0.0 1.374 0.0 0.36056 987.0 2.269 8.0 76.0 3.6071 0.0 0.274 0.0 0.28284 985.0 2.1069 7.0 78.0 4.9071 0.0 0.0 -0.526 0.28284 982.0 2.0045 6.0 78.0 6.1071 0.0 0.0 -1.326 0.14142 981.0 1.9419 6.0 
0.11763 108.43208 54.0 2403.0 2.0 50.0 0.0 -1.2929 2.574 0.0 0.5 1001.0 2.1279 17.0 48.0 0.7071 0.0 0.674 0.0 0.36056 1000.0 1.8102 18.0 50.0 2.5071 0.0 0.0 -0.426 0.36056 999.0 1.8239 18.0 53.0 4.2071 0.0 0.0 -1.426 0.28284 998.0 1.9127 16.0 52.0 5.7071 0.0 0.0 -2.426 0.28284 997.0 1.7261 16.0 
0.08706 41.06496 80.0 141.0 2.0 34.0 0.0 -1.0929 0.774 0.0 0.28284 1001.0 1.0 17.0 37.0 0.0 -0.2929 0.0 -0.226 0.28284 1000.0 1.0756 15.0 40.0 0.5071 0.0 0.0 -1.126 0.22361 999.0 1.1673 14.0 43.0 1.4071 0.0 0.0 -1.726 0.14142 997.0 1.1803 12.0 45.0 2.3071 0.0 0.0 -2.026 0.22361 997.0 1.2927 12.0 
0.0792 148.18256 47.0 2186.0 2.0 59.0 0.0 -3.0929 0.0 -0.726 0.5 996.0 2.0914 12.0 69.0 0.0 -0.7929 1.074 0.0 0.5 994.0 2.5 13.0 76.0 1.5071 0.0 2.074 0.0 0.4 990.0 2.5 11.0 82.0 3.9071 0.0 1.474 0.0 0.44721 987.0 2.5 10.0 80.0 6.4071 0.0 0.474 0.0 0.44721 989.0 2.5 10.0 
0.04561 241.889 43.0 1080.0 2.0 62.0 0.0 -1.0929 4.574 0.0 0.78102 1000.0 2.5 12.0 58.0 1.5071 0.0 1.574 0.0 0.64031 1000.0 2.5 16.0 61.0 3.8071 0.0 0.0 -1.226 0.5831 999.0 2.5 14.0 65.0 5.9071 0.0 0.0 -4.226 0.56569 997.0 2.5 13.0 67.0 7.9071 0.0 0.0 -6.826 0.5 996.0 2.5 14.0 
0.13354 113.37695 90.0 2356.0 2.0 56.0 0.1071 0.0 0.0 -1.526 0.14142 991.0 1.4559 10.0 72.0 0.8071 0.0 0.0 -0.626 0.14142 984.0 1.8258 9.0 83.0 1.3071 0.0 0.674 0.0 0.31623 978.0 2.0104 8.0 92.0 1.7071 0.0 2.374 0.0 0.31623 973.0 2.1612 7.0 91.0 2.2071 0.0 4.174 0.0 0.31623 973.0 2.1145 7.0 
0.08436 88.79073 66.0 4238.0 2.0 49.0 0.0 -0.2929 3.174 0.0 0.5099 999.0 1.7517 12.0 47.0 0.7071 0.0 0.374 0.0 0.41231 998.0 1.5041 11.0 48.0 1.7071 0.0 0.0 -1.826 0.44721 998.0 1.5688 14.0 50.0 2.9071 0.0 0.0 -3.726 0.28284 996.0 1.502 12.0 53.0 4.0071 0.0 0.0 -5.026 0.28284 993.0 1.4345 11.0 
0.06783 234.60701 69.0 2391.0 2.0 44.0 0.0 -0.7929 2.474 0.0 0.22361 998.0 1.3183 13.0 49.0 0.4071 0.0 2.074 0.0 0.2 997.0 1.5327 15.0 57.0 1.7071 0.0 1.774 0.0 0.2 993.0 1.6592 13.0 62.0 2.9071 0.0 1.474 0.0 0.22361 991.0 1.7846 11.0 65.0 4.1071 0.0 0.974 0.0 0.22361 989.0 1.798 11.0 
0.18372 138.42312 132.0 579.0 2.0 30.0 1.6071 0.0 0.0 -0.026 0.14142 1001.0 1.0 23.0 32.0 1.1071 0.0 0.574 0.0 0.1 1000.0 1.0 21.0 34.0 0.8071 0.0 1.074 0.0 0.0 999.0 1.0 18.0 37.0 0.5071 0.0 1.374 0.0 0.1 998.0 1.0 17.0 39.0 0.3071 0.0 1.674 0.0 0.1 997.0 1.0 15.0 
0.05553 221.16333 169.0 506.0 2.0 68.0 0.0 -0.5929 2.674 0.0 0.36056 991.0 2.1467 11.0 72.0 0.9071 0.0 1.774 0.0 0.22361 987.0 2.0365 10.0 79.0 2.2071 0.0 1.174 0.0 0.3 981.0 1.992 9.0 90.0 3.6071 0.0 0.874 0.0 0.2 974.0 2.1213 7.0 90.0 4.9071 0.0 0.574 0.0 0.2 973.0 2.0683 7.0 
0.16627 102.82857 53.0 484.0 2.0 64.0 0.0 -1.5929 1.974 0.0 0.36056 994.0 2.2019 13.0 69.0 0.3071 0.0 0.874 0.0 0.31623 992.0 2.3156 12.0 72.0 2.3071 0.0 0.0 -0.126 0.36056 991.0 2.4067 11.0 73.0 4.1071 0.0 0.0 -1.026 0.31623 989.0 2.2679 10.0 75.0 5.8071 0.0 0.0 -1.726 0.22361 985.0 2.0519 10.0 
0.14643 112.1609 88.0 2471.0 2.0 64.0 0.0 -1.3929 1.974 0.0 0.44721 995.0 2.3242 13.0 61.0 0.5071 0.0 0.874 0.0 0.36056 995.0 2.1114 13.0 55.0 2.0071 0.0 0.0 -0.026 0.22361 996.0 1.8174 14.0 50.0 3.1071 0.0 0.0 -0.626 0.2 997.0 1.5959 14.0 45.0 4.0071 0.0 0.0 -0.826 0.1 997.0 1.2927 15.0 
0.09357 152.12534 53.0 3527.0 2.0 71.0 0.0 -1.0929 2.774 0.0 0.42426 991.0 2.3403 12.0 79.0 0.7071 0.0 1.174 0.0 0.36056 985.0 2.2766 10.0 88.0 2.5071 0.0 0.274 0.0 0.31623 978.0 2.2599 8.0 97.0 4.2071 0.0 0.0 -0.026 0.31623 969.0 2.1841 7.0 103.0 5.8071 0.0 0.0 -0.126 0.22361 964.0 2.2114 6.0 
0.10153 41.06496 64.0 3731.0 2.0 50.0 0.0 -1.4929 1.974 0.0 0.44721 998.0 1.7023 15.0 50.0 0.0 -0.2929 0.0 -0.226 0.36056 996.0 1.502 13.0 54.0 1.0071 0.0 0.0 -2.026 0.36056 993.0 1.4892 11.0 60.0 2.4071 0.0 0.0 -3.326 0.36056 991.0 1.6713 13.0 71.0 3.9071 0.0 0.0 -4.326 0.31623 986.0 1.9069 13.0 
0.34164 24.41152 57.0 2150.0 2.0 54.0 0.0 -1.8929 1.574 0.0 0.5 1000.0 2.291 20.0 52.0 0.2071 0.0 0.074 0.0 0.36056 999.0 1.9727 18.0 50.0 1.9071 0.0 0.0 -1.326 0.36056 999.0 1.8239 18.0 51.0 3.5071 0.0 0.0 -2.426 0.31623 998.0 1.7711 16.0 54.0 5.1071 0.0 0.0 -3.126 0.31623 997.0 1.8615 15.0 
0.33247 66.91619 85.0 569.0 2.0 60.0 0.0 -0.4929 0.0 -1.326 0.28284 989.0 1.5321 9.0 74.0 0.5071 0.0 0.0 -0.326 0.14142 982.0 1.8042 9.0 88.0 1.5071 0.0 0.374 0.0 0.22361 973.0 1.9774 7.0 101.0 2.7071 0.0 0.674 0.0 0.3 963.0 2.0838 6.0 109.0 4.0071 0.0 0.774 0.0 0.1 954.0 2.0568 6.0 
0.07736 240.80161 121.0 364.0 2.0 42.0 0.0 -2.9929 0.874 0.0 0.22361 1001.0 1.5014 21.0 46.0 0.0 -1.4929 1.574 0.0 0.28284 999.0 1.5437 18.0 50.0 0.0 -0.0929 2.574 0.0 0.36056 999.0 1.8239 17.0 51.0 1.4071 0.0 3.474 0.0 0.36056 998.0 1.7711 16.0 48.0 2.9071 0.0 4.174 0.0 0.3 999.0 1.6809 17.0 
0.05302 222.81675 65.0 3924.0 2.0 46.0 1.3071 0.0 2.074 0.0 0.2 997.0 1.3508 15.0 49.0 1.8071 0.0 0.874 0.0 0.22361 997.0 1.5327 15.0 53.0 2.6071 0.0 0.0 -0.326 0.28284 996.0 1.6877 14.0 56.0 3.7071 0.0 0.0 -1.426 0.14142 995.0 1.7795 13.0 56.0 4.7071 0.0 0.0 -2.226 0.28284 995.0 1.7795 13.0 
0.05467 95.70533 84.0 2171.0 2.0 48.0 0.0 -2.7929 1.074 0.0 0.5 999.0 1.6809 11.0 54.0 0.0 -0.5929 0.0 -0.626 0.36056 997.0 1.8615 10.0 53.0 1.1071 0.0 0.0 -1.926 0.22361 996.0 1.6877 12.0 57.0 2.4071 0.0 0.0 -2.626 0.22361 992.0 1.5802 9.0 67.0 3.5071 0.0 0.0 -2.826 0.1 986.0 1.6981 10.0 
0.03646 213.65889 80.0 2452.0 2.0 36.0 0.0 -2.5929 0.0 -0.726 0.22361 1000.0 1.0182 12.0 40.0 0.0 -1.2929 0.0 -1.426 0.28284 999.0 1.1673 11.0 42.0 0.0 -0.0929 0.0 -2.226 0.22361 998.0 1.2011 14.0 46.0 1.0071 0.0 0.0 -2.826 0.1 996.0 1.2713 12.0 53.0 2.1071 0.0 0.0 -3.126 0.2 992.0 1.3662 10.0 
0.10284 269.13383 131.0 2841.0 2.0 54.0 0.0 -1.7929 2.474 0.0 0.3 997.0 1.8615 16.0 51.0 0.0 -0.4929 2.374 0.0 0.22361 996.0 1.5627 14.0 50.0 0.5071 0.0 2.574 0.0 0.1 995.0 1.4186 14.0 49.0 1.2071 0.0 2.674 0.0 0.1 995.0 1.3624 13.0 48.0 1.7071 0.0 2.674 0.0 0.0 994.0 1.2385 13.0 
0.05751 291.24011 54.0 941.0 2.0 92.0 0.0 -0.6929 4.374 0.0 0.64031 986.0 2.5 10.0 88.0 1.6071 0.0 2.074 0.0 0.5 984.0 2.5 9.0 85.0 3.6071 0.0 0.574 0.0 0.36056 983.0 2.4598 9.0 79.0 5.2071 0.0 0.0 -0.326 0.22361 983.0 2.1248 9.0 69.0 6.4071 0.0 0.0 -0.826 0.2 987.0 1.8703 10.0 
0.09153 321.55584 56.0 3032.0 2.0 79.0 0.0 -0.1929 3.374 0.0 0.36056 985.0 2.2766 9.0 82.0 1.5071 0.0 2.474 0.0 0.22361 982.0 2.2154 9.0 85.0 3.0071 0.0 1.874 0.0 0.22361 978.0 2.1084 8.0 89.0 4.3071 0.0 1.574 0.0 0.31623 974.0 2.0744 7.0 92.0 5.6071 0.0 1.474 0.0 0.2 971.0 2.0583 7.0 
0.1211 293.6286 250.0 1295.0 2.0 81.0 0.0 -0.2929 3.574 0.0 0.42426 987.0 2.5 13.0 78.0 1.5071 0.0 2.174 0.0 0.36056 986.0 2.3015 13.0 70.0 2.9071 0.0 1.174 0.0 0.22361 987.0 1.9249 13.0 65.0 4.0071 0.0 0.674 0.0 0.14142 988.0 1.7261 13.0 63.0 4.8071 0.0 0.274 0.0 0.1 988.0 1.6215 13.0 
0.05518 261.47761 46.0 1865.0 2.0 58.0 0.0 -1.3929 3.474 0.0 0.44721 999.0 2.4542 17.0 58.0 0.9071 0.0 2.174 0.0 0.44721 999.0 2.4542 17.0 56.0 3.2071 0.0 0.874 0.0 0.44721 1000.0 2.4639 18.0 51.0 5.4071 0.0 0.0 -0.226 0.36056 1000.0 2.0435 19.0 45.0 7.2071 0.0 0.0 -1.026 0.36056 1001.0 1.7236 20.0 
0.09751 132.05205 63.0 1734.0 2.0 46.0 0.0 -0.1929 1.974 0.0 0.28284 998.0 1.4408 16.0 50.0 0.8071 0.0 0.874 0.0 0.28284 997.0 1.5959 15.0 52.0 2.0071 0.0 0.0 -0.226 0.28284 997.0 1.7261 15.0 53.0 3.3071 0.0 0.0 -1.126 0.31623 996.0 1.6877 15.0 52.0 4.6071 0.0 0.0 -2.026 0.14142 996.0 1.6246 15.0 
0.0498 81.03809 72.0 1994.0 2.0 60.0 0.0 -2.8929 1.974 0.0 0.64031 999.0 2.5 14.0 59.0 0.0 -0.5929 0.0 -0.426 0.42426 997.0 2.2221 13.0 58.0 1.2071 0.0 0.0 -1.926 0.31623 995.0 1.9088 11.0 61.0 2.7071 0.0 0.0 -2.526 0.3 992.0 1.8098 12.0 73.0 4.0071 0.0 0.0 -2.626 0.14142 984.0 1.8769 9.0 
0.08195 109.93408 133.0 2653.0 2.0 35.0 0.1071 0.0 1.574 0.0 0.14142 1001.0 1.0427 17.0 35.0 0.8071 0.0 0.574 0.0 0.14142 1000.0 1.0 16.0 35.0 1.5071 0.0 0.0 -0.026 0.1 1000.0 1.0 20.0 36.0 1.9071 0.0 0.0 -0.326 0.1 998.0 1.0 17.0 41.0 2.3071 0.0 0.0 -0.126 0.0 997.0 1.0731 15.0 
0.13294 64.32701 48.0 1381.0 2.0 53.0 0.0 -3.1929 1.074 0.0 0.5831 1002.0 2.5 19.0 51.0 0.0 -0.3929 0.0 -0.426 0.5 1001.0 2.2138 18.0 51.0 2.0071 0.0 0.0 -1.626 0.44721 1001.0 2.2138 21.0 53.0 4.3071 0.0 0.0 -2.626 0.36056 999.0 2.0493 18.0 54.0 6.3071 0.0 0.0 -3.426 0.31623 998.0 1.9855 16.0 
0.06962 212.05435 51.0 3414.0 2.0 56.0 0.0 -0.3929 4.174 0.0 0.67082 999.0 2.2879 16.0 56.0 1.5071 0.0 1.174 0.0 0.5831 998.0 2.1353 15.0 58.0 3.3071 0.0 0.0 -1.526 0.44721 996.0 2.0211 13.0 60.0 4.9071 0.0 0.0 -3.826 0.5 994.0 1.9352 15.0 63.0 6.4071 0.0 0.0 -5.626 0.36056 990.0 1.7625 13.0 
0.03125 115.88136 45.0 1384.0 2.0 50.0 0.0 -2.9929 0.0 -0.026 0.44721 1001.0 2.1279 12.0 55.0 0.0 -0.1929 0.0 -1.026 0.44721 1000.0 2.3767 11.0 58.0 2.5071 0.0 0.0 -2.226 0.5 999.0 2.4542 12.0 64.0 5.1071 0.0 0.0 -3.726 0.44721 997.0 2.5 11.0 64.0 7.2071 0.0 0.0 -5.326 0.42426 996.0 2.4609 10.0 
0.04083 222.32905 60.0 265.0 2.0 66.0 0.0 -1.0929 2.574 0.0 0.31623 990.0 1.9344 9.0 80.0 0.7071 0.0 1.874 0.0 0.31623 984.0 2.2541 9.0 95.0 2.6071 0.0 1.274 0.0 0.31623 973.0 2.3045 8.0 105.0 4.3071 0.0 0.874 0.0 0.31623 963.0 2.2521 6.0 100.0 5.8071 0.0 0.774 0.0 0.22361 965.0 2.1279 7.0 
0.07443 161.73528 70.0 838.0 2.0 47.0 0.0 -0.1929 2.174 0.0 0.14142 998.0 1.5041 16.0 48.0 0.7071 0.0 1.274 0.0 0.22361 997.0 1.4708 15.0 49.0 1.7071 0.0 0.574 0.0 0.14142 997.0 1.5327 14.0 50.0 2.6071 0.0 0.174 0.0 0.14142 996.0 1.502 14.0 51.0 3.6071 0.0 0.0 -0.126 0.14142 995.0 1.4759 14.0 
0.13971 70.24699 56.0 1390.0 2.0 54.0 0.0 -2.9929 0.674 0.0 0.53852 1001.0 2.4819 18.0 53.0 0.0 -0.0929 0.0 -0.626 0.5 1001.0 2.3909 17.0 50.0 2.2071 0.0 0.0 -2.026 0.36056 1000.0 1.9642 15.0 49.0 3.9071 0.0 0.0 -3.326 0.31623 999.0 1.7517 18.0 51.0 5.3071 0.0 0.0 -4.126 0.28284 997.0 1.6604 15.0 
0.14566 80.58985 66.0 275.0 2.0 45.0 0.0 -0.9929 0.0 -0.826 0.1 995.0 1.149 11.0 55.0 0.0071 0.0 0.0 -0.726 0.1 992.0 1.4713 11.0 71.0 1.1071 0.0 0.0 -0.726 0.2 985.0 1.8388 10.0 82.0 2.4071 0.0 0.0 -0.826 0.22361 978.0 1.9622 8.0 93.0 3.6071 0.0 0.0 -1.126 0.22361 969.0 2.0077 7.0 
0.0164 130.28802 42.0 2831.0 2.0 57.0 0.0 -2.9929 2.374 0.0 0.67082 1000.0 2.5 12.0 54.0 0.0 -0.9929 0.0 -0.626 0.5 999.0 2.1274 11.0 60.0 1.3071 0.0 0.0 -3.026 0.5 997.0 2.2981 10.0 62.0 3.6071 0.0 0.0 -5.126 0.5 996.0 2.3095 12.0 67.0 5.5071 0.0 0.0 -7.126 0.42426 992.0 2.1833 10.0 
0.09492 241.889 59.0 280.0 2.0 78.0 0.4071 0.0 2.674 0.0 0.28284 982.0 2.0045 9.0 89.0 1.5071 0.0 1.574 0.0 0.22361 974.0 2.0744 8.0 96.0 2.5071 0.0 0.574 0.0 0.22361 967.0 2.0463 7.0 104.0 3.6071 0.0 0.0 -0.326 0.22361 961.0 2.1245 6.0 103.0 4.8071 0.0 0.0 -1.126 0.22361 962.0 2.1247 6.0 
0.07376 241.889 55.0 2524.0 2.0 84.0 0.0 -0.0929 3.374 0.0 0.36056 984.0 2.4851 9.0 78.0 1.5071 0.0 1.574 0.0 0.28284 984.0 2.1428 8.0 76.0 2.8071 0.0 0.074 0.0 0.28284 984.0 2.0343 7.0 80.0 4.1071 0.0 0.0 -1.326 0.28284 981.0 2.0427 7.0 92.0 5.5071 0.0 0.0 -2.626 0.28284 973.0 2.1612 6.0 
0.07505 70.43091 73.0 4251.0 2.0 41.0 0.0 -1.1929 1.374 0.0 0.31623 999.0 1.2264 16.0 42.0 0.0 -0.5929 0.0 -0.226 0.31623 999.0 1.2869 19.0 45.0 0.1071 0.0 0.0 -1.526 0.22361 997.0 1.2927 16.0 50.0 1.0071 0.0 0.0 -2.326 0.14142 995.0 1.4186 18.0 60.0 2.0071 0.0 0.0 -2.626 0.2 991.0 1.6713 15.0 
0.08662 273.31587 100.0 781.0 2.0 42.0 2.6071 0.0 0.374 0.0 0.2 999.0 1.2869 17.0 41.0 2.1071 0.0 1.274 0.0 0.1 998.0 1.1446 16.0 40.0 1.8071 0.0 1.974 0.0 0.1 998.0 1.0895 16.0 38.0 1.5071 0.0 2.374 0.0 0.0 998.0 1.0 16.0 36.0 1.4071 0.0 2.474 0.0 0.0 998.0 1.0 16.0 
0.07847 166.73835 108.0 115.0 2.0 51.0 0.0 -0.9929 2.774 0.0 0.36056 1000.0 2.0435 19.0 47.0 0.6071 0.0 1.374 0.0 0.22361 1000.0 1.7355 19.0 43.0 2.0071 0.0 0.774 0.0 0.22361 1000.0 1.4527 19.0 41.0 3.2071 0.0 0.374 0.0 0.2 1000.0 1.3207 19.0 38.0 4.2071 0.0 0.274 0.0 0.2 1000.0 1.1345 19.0 
0.02074 256.1568 62.0 135.0 2.0 55.0 0.5071 0.0 3.474 0.0 0.5831 999.0 2.2069 11.0 52.0 2.2071 0.0 0.674 0.0 0.5 999.0 1.9727 11.0 51.0 3.6071 0.0 0.0 -1.426 0.44721 997.0 1.6604 9.0 53.0 4.8071 0.0 0.0 -3.226 0.36056 996.0 1.6877 11.0 59.0 5.8071 0.0 0.0 -4.626 0.22361 991.0 1.6161 9.0 
0.0547 302.817 66.0 1327.0 2.0 79.0 0.0 -0.0929 3.574 0.0 0.36056 986.0 2.3609 7.0 80.0 1.5071 0.0 2.274 0.0 0.36056 983.0 2.1789 7.0 77.0 2.9071 0.0 1.274 0.0 0.28284 983.0 2.0186 7.0 75.0 3.9071 0.0 0.474 0.0 0.22361 981.0 1.7954 6.0 79.0 4.8071 0.0 0.0 -0.026 0.22361 978.0 1.8213 6.0 
0.02076 280.05426 59.0 1409.0 2.0 48.0 0.0 -2.6929 0.0 -1.926 0.31623 998.0 1.5688 10.0 52.0 0.0 -0.6929 0.0 -2.426 0.41231 997.0 1.7261 11.0 57.0 1.3071 0.0 0.0 -2.826 0.31623 994.0 1.7465 11.0 64.0 3.0071 0.0 0.0 -2.926 0.3 989.0 1.7431 9.0 79.0 4.5071 0.0 0.0 -2.726 0.31623 981.0 1.992 9.0 
0.21546 26.90838 86.0 4070.0 2.0 28.0 0.1071 0.0 0.0 -0.626 0.1 1001.0 1.0 22.0 32.0 0.2071 0.0 0.0 -0.126 0.14142 1000.0 1.0 19.0 35.0 0.5071 0.0 0.174 0.0 0.14142 999.0 1.0 18.0 37.0 0.9071 0.0 0.374 0.0 0.0 999.0 1.0 17.0 39.0 1.3071 0.0 0.374 0.0 0.1 998.0 1.0357 16.0 
0.07553 247.43208 48.0 2694.0 2.0 74.0 0.0 -1.0929 3.374 0.0 0.36056 991.0 2.5 11.0 79.0 1.2071 0.0 1.874 0.0 0.36056 989.0 2.5 11.0 83.0 3.5071 0.0 0.374 0.0 0.42426 987.0 2.5 10.0 84.0 5.5071 0.0 0.0 -1.226 0.42426 984.0 2.4851 9.0 82.0 7.0071 0.0 0.0 -2.426 0.31623 981.0 2.1462 9.0 
0.1351 108.11687 48.0 4016.0 2.0 60.0 0.0 -0.9929 0.774 0.0 0.22361 990.0 1.5987 11.0 67.0 0.0071 0.0 0.974 0.0 0.2 986.0 1.6981 10.0 76.0 1.2071 0.0 0.974 0.0 0.31623 983.0 1.9665 9.0 88.0 3.0071 0.0 0.874 0.0 0.3 979.0 2.3263 8.0 94.0 5.3071 0.0 0.874 0.0 0.5 979.0 2.5 8.0 
0.12072 110.53094 91.0 878.0 2.0 34.0 0.0071 0.0 1.074 0.0 0.1 999.0 1.0 17.0 36.0 0.2071 0.0 0.974 0.0 0.1 998.0 1.0 16.0 38.0 0.6071 0.0 0.874 0.0 0.0 998.0 1.0 16.0 40.0 1.1071 0.0 0.874 0.0 0.1 998.0 1.0895 16.0 42.0 1.7071 0.0 0.874 0.0 0.1 998.0 1.2011 16.0 
0.12194 134.30846 51.0 20.0 2.0 51.0 0.0 -2.3929 1.474 0.0 0.44721 999.0 1.8976 14.0 55.0 0.0 -0.2929 1.174 0.0 0.31623 998.0 2.0598 16.0 64.0 1.8071 0.0 2.074 0.0 0.36056 995.0 2.3242 13.0 64.0 3.7071 0.0 2.674 0.0 0.3 994.0 2.2019 12.0 62.0 5.5071 0.0 2.374 0.0 0.31623 994.0 2.0664 13.0 
0.24721 102.71108 37.0 2844.0 2.0 63.0 0.0 -3.3929 1.574 0.0 0.70711 1001.0 2.5 18.0 65.0 0.5071 0.0 0.774 0.0 0.72801 1001.0 2.5 21.0 68.0 4.2071 0.0 0.0 -0.626 0.63246 999.0 2.5 18.0 66.0 7.4071 0.0 0.0 -1.826 0.5099 998.0 2.5 16.0 62.0 10.1071 0.0 0.0 -2.626 0.41231 997.0 2.4538 15.0 
0.2723 69.49047 58.0 3568.0 2.0 55.0 0.0 -1.9929 0.0 -0.626 0.3 998.0 2.0598 13.0 57.0 0.0071 0.0 0.0 -0.626 0.3 996.0 1.952 15.0 63.0 1.6071 0.0 0.0 -0.126 0.28284 992.0 1.9304 12.0 71.0 2.8071 0.0 0.874 0.0 0.36056 988.0 2.0595 10.0 77.0 4.2071 0.0 1.874 0.0 0.36056 985.0 2.1628 9.0 
0.30556 19.33007 82.0 2498.0 2.0 35.0 0.0071 0.0 0.174 0.0 0.0 997.0 1.0 12.0 36.0 0.0071 0.0 0.174 0.0 0.1 996.0 1.0 12.0 48.0 0.2071 0.0 0.374 0.0 0.1 994.0 1.2385 13.0 58.0 0.8071 0.0 0.674 0.0 0.14142 990.0 1.4939 11.0 67.0 1.5071 0.0 1.274 0.0 0.22361 987.0 1.7634 10.0 
0.05028 203.72254 141.0 2455.0 2.0 59.0 0.5071 0.0 2.474 0.0 0.36056 997.0 2.2221 15.0 55.0 1.7071 0.0 0.674 0.0 0.28284 996.0 1.8174 15.0 52.0 2.7071 0.0 0.0 -0.626 0.22361 996.0 1.6246 14.0 48.0 3.3071 0.0 0.0 -1.626 0.14142 996.0 1.3843 14.0 47.0 3.7071 0.0 0.0 -2.226 0.1 995.0 1.2535 13.0 
0.10857 103.89543 98.0 2794.0 2.0 53.0 0.0 -0.0929 1.874 0.0 0.22361 997.0 1.7931 15.0 51.0 0.8071 0.0 0.474 0.0 0.28284 997.0 1.6604 15.0 49.0 1.8071 0.0 0.0 -0.526 0.28284 997.0 1.5327 15.0 48.0 2.8071 0.0 0.0 -1.326 0.22361 997.0 1.4708 15.0 45.0 3.6071 0.0 0.0 -1.726 0.2 997.0 1.2927 15.0 
0.76451 18.35579 62.0 4054.0 2.0 71.0 0.0 -1.4929 0.574 0.0 0.31623 986.0 1.9069 11.0 88.0 0.1071 0.0 0.0 -0.126 0.3 976.0 2.1377 10.0 100.0 1.7071 0.0 0.0 -0.526 0.31623 967.0 2.2204 9.0 102.0 3.2071 0.0 0.0 -0.926 0.2 964.0 2.1686 8.0 101.0 4.5071 0.0 0.0 -1.026 0.2 963.0 2.0838 8.0 
0.04424 296.82916 46.0 153.0 2.0 49.0 0.0071 0.0 3.574 0.0 0.36056 1000.0 1.8864 18.0 45.0 1.4071 0.0 2.274 0.0 0.36056 1000.0 1.591 19.0 44.0 2.9071 0.0 1.774 0.0 0.3 1001.0 1.6478 19.0 45.0 4.7071 0.0 2.174 0.0 0.31623 1001.0 1.7236 21.0 47.0 6.7071 0.0 3.174 0.0 0.44721 1002.0 2.0511 22.0 
0.04144 223.72508 70.0 1017.0 2.0 65.0 0.0 -0.5929 2.574 0.0 0.14142 989.0 1.798 11.0 70.0 0.4071 0.0 1.974 0.0 0.2 985.0 1.7874 8.0 77.0 1.7071 0.0 1.874 0.0 0.2 979.0 1.7811 6.0 81.0 2.8071 0.0 1.974 0.0 0.22361 976.0 1.8111 6.0 82.0 3.9071 0.0 2.174 0.0 0.1 975.0 1.8073 6.0 
0.02408 294.59924 47.0 16.0 2.0 62.0 0.5071 0.0 4.074 0.0 0.5831 998.0 2.5 15.0 62.0 2.2071 0.0 1.474 0.0 0.5 998.0 2.5 15.0 62.0 3.9071 0.0 0.0 -0.826 0.5 997.0 2.4538 15.0 57.0 5.7071 0.0 0.0 -2.826 0.28284 998.0 2.2123 16.0 50.0 7.1071 0.0 0.0 -3.926 0.31623 998.0 1.7023 16.0 
0.1695 39.17945 60.0 3770.0 2.0 49.0 0.0 -0.6929 3.074 0.0 0.53852 1000.0 1.8864 13.0 46.0 0.3071 0.0 0.174 0.0 0.44721 1000.0 1.6625 17.0 45.0 1.2071 0.0 0.0 -2.126 0.41231 999.0 1.4773 16.0 46.0 2.2071 0.0 0.0 -4.026 0.31623 997.0 1.3508 14.0 51.0 3.4071 0.0 0.0 -5.526 0.36056 995.0 1.4759 12.0 
0.07432 263.78202 45.0 106.0 2.0 58.0 0.0 -3.1929 3.474 0.0 0.63246 1002.0 2.5 17.0 59.0 0.1071 0.0 2.374 0.0 0.60828 1001.0 2.5 16.0 53.0 2.9071 0.0 1.474 0.0 0.41231 1001.0 2.3909 15.0 49.0 5.2071 0.0 0.774 0.0 0.41231 1001.0 2.0436 15.0 45.0 7.2071 0.0 0.274 0.0 0.41231 1001.0 1.7236 16.0 
0.0745 207.4164 45.0 2717.0 2.0 59.0 0.0 -1.2929 3.474 0.0 0.56569 1000.0 2.5 18.0 57.0 1.0071 0.0 1.574 0.0 0.5 1000.0 2.5 18.0 56.0 3.4071 0.0 0.074 0.0 0.5 1000.0 2.4639 18.0 54.0 5.5071 0.0 0.0 -1.726 0.5 1000.0 2.291 19.0 50.0 7.3071 0.0 0.0 -3.426 0.36056 1001.0 2.1279 19.0 
0.10925 92.26407 56.0 1429.0 2.0 41.0 0.0 -1.8929 0.0 -0.426 0.41231 1001.0 1.4308 17.0 43.0 0.0 -0.0929 0.0 -0.826 0.31623 1000.0 1.4527 16.0 47.0 1.6071 0.0 0.0 -1.226 0.3 1000.0 1.7355 19.0 52.0 3.3071 0.0 0.0 -1.426 0.3 998.0 1.8412 15.0 54.0 4.9071 0.0 0.0 -1.226 0.3 997.0 1.8615 14.0 
0.40546 19.33007 58.0 1273.0 2.0 54.0 0.0 -2.2929 0.0 -0.326 0.5099 999.0 2.1274 15.0 55.0 0.0071 0.0 0.174 0.0 0.41231 998.0 2.0598 16.0 58.0 2.0071 0.0 0.374 0.0 0.3 996.0 2.0211 14.0 58.0 3.7071 0.0 0.174 0.0 0.2 995.0 1.9088 13.0 56.0 5.0071 0.0 0.0 -0.126 0.22361 994.0 1.6858 13.0 
0.07043 180.26231 62.0 3041.0 2.0 58.0 0.0 -0.8929 3.174 0.0 0.42426 999.0 2.4542 13.0 56.0 1.0071 0.0 1.274 0.0 0.42426 998.0 2.1353 12.0 53.0 2.5071 0.0 0.0 -0.226 0.42426 997.0 1.7931 12.0 53.0 3.8071 0.0 0.0 -1.426 0.28284 996.0 1.6877 11.0 56.0 4.9071 0.0 0.0 -2.126 0.22361 993.0 1.6015 9.0 
0.22007 37.19517 85.0 1989.0 2.0 50.0 0.0 -1.5929 0.0 -0.226 0.31623 998.0 1.7023 12.0 54.0 0.0 -0.1929 0.274 0.0 0.31623 996.0 1.752 10.0 55.0 1.3071 0.0 0.774 0.0 0.2 996.0 1.8174 10.0 51.0 2.6071 0.0 0.774 0.0 0.31623 997.0 1.6604 11.0 47.0 3.9071 0.0 0.474 0.0 0.22361 998.0 1.5041 12.0 
0.2072 117.17765 62.0 2033.0 2.0 80.0 0.0 -0.9929 2.374 0.0 0.42426 985.0 2.3346 12.0 84.0 0.4071 0.0 0.974 0.0 0.31623 980.0 2.1839 11.0 85.0 1.7071 0.0 0.174 0.0 0.22361 977.0 2.0498 10.0 85.0 2.9071 0.0 0.0 -0.126 0.2 977.0 2.0498 10.0 83.0 4.1071 0.0 0.074 0.0 0.2 978.0 2.0104 10.0 
0.02413 306.81947 198.0 862.0 2.0 52.0 0.0 -0.0929 3.774 0.0 0.42426 999.0 1.9727 15.0 53.0 1.7071 0.0 2.174 0.0 0.36056 999.0 2.0493 17.0 57.0 3.3071 0.0 1.074 0.0 0.36056 996.0 1.952 14.0 59.0 4.9071 0.0 0.274 0.0 0.31623 994.0 1.8713 13.0 60.0 6.3071 0.0 0.0 -0.326 0.22361 993.0 1.8385 12.0 
0.10284 119.15354 287.0 3636.0 2.0 50.0 0.0 -0.8929 2.774 0.0 0.5 1000.0 1.9642 13.0 47.0 0.9071 0.0 0.574 0.0 0.42426 1000.0 1.7355 12.0 45.0 2.5071 0.0 0.0 -1.126 0.36056 999.0 1.4773 13.0 45.0 3.7071 0.0 0.0 -2.526 0.28284 998.0 1.3789 14.0 46.0 4.7071 0.0 0.0 -3.426 0.14142 996.0 1.2713 12.0 
0.04969 256.8341 54.0 201.0 2.0 58.0 0.0 -0.3929 3.474 0.0 0.42426 996.0 2.0211 14.0 60.0 1.2071 0.0 1.974 0.0 0.36056 996.0 2.1629 14.0 59.0 2.9071 0.0 0.474 0.0 0.42426 996.0 2.0914 14.0 57.0 4.5071 0.0 0.0 -1.026 0.28284 996.0 1.952 15.0 53.0 5.9071 0.0 0.0 -1.926 0.28284 997.0 1.7931 15.0 
0.09067 161.73528 54.0 149.0 2.0 47.0 0.0 -0.6929 1.674 0.0 0.3 998.0 1.5041 16.0 48.0 0.7071 0.0 1.274 0.0 0.31623 999.0 1.6809 16.0 47.0 2.1071 0.0 0.874 0.0 0.31623 999.0 1.6116 17.0 45.0 3.6071 0.0 0.674 0.0 0.2 999.0 1.4773 18.0 44.0 5.0071 0.0 0.674 0.0 0.3 1000.0 1.5211 19.0 
0.03054 161.05662 69.0 1365.0 2.0 53.0 0.0 -3.3929 1.574 0.0 0.64031 1001.0 2.3909 13.0 49.0 0.0 -1.1929 0.0 -0.826 0.5 1000.0 1.8864 12.0 48.0 0.6071 0.0 0.0 -2.826 0.42426 999.0 1.6809 11.0 49.0 2.3071 0.0 0.0 -4.526 0.28284 998.0 1.6349 10.0 52.0 3.9071 0.0 0.0 -5.826 0.22361 997.0 1.7261 12.0 
0.07303 274.95456 234.0 2673.0 2.0 62.0 0.0 -1.1929 3.174 0.0 0.44721 996.0 2.3095 14.0 61.0 0.7071 0.0 2.374 0.0 0.31623 995.0 2.1114 13.0 60.0 2.3071 0.0 1.774 0.0 0.2 994.0 1.9352 13.0 59.0 3.7071 0.0 1.474 0.0 0.2 993.0 1.7777 12.0 58.0 4.9071 0.0 1.374 0.0 0.2 993.0 1.7179 12.0 
0.06136 128.67033 56.0 1726.0 2.0 45.0 0.0071 0.0 2.174 0.0 0.36056 1000.0 1.591 14.0 49.0 1.0071 0.0 0.574 0.0 0.28284 999.0 1.7517 12.0 51.0 2.3071 0.0 0.0 -0.626 0.28284 998.0 1.7711 12.0 54.0 3.7071 0.0 0.0 -1.626 0.31623 997.0 1.8615 11.0 53.0 5.1071 0.0 0.0 -2.526 0.22361 997.0 1.7931 11.0 
0.08403 159.06755 172.0 1961.0 2.0 53.0 0.0 -0.8929 1.974 0.0 0.28284 997.0 1.7931 15.0 52.0 0.4071 0.0 1.374 0.0 0.1 996.0 1.6246 14.0 51.0 1.4071 0.0 1.074 0.0 0.2 996.0 1.5627 14.0 49.0 2.4071 0.0 0.874 0.0 0.2 996.0 1.4425 14.0 48.0 3.4071 0.0 0.574 0.0 0.14142 996.0 1.3843 14.0 
0.04436 232.85955 109.0 2086.0 2.0 59.0 1.6071 0.0 1.974 0.0 0.2 992.0 1.693 12.0 57.0 1.9071 0.0 0.874 0.0 0.14142 992.0 1.5802 12.0 56.0 2.2071 0.0 0.174 0.0 0.1 991.0 1.4559 11.0 57.0 2.5071 0.0 0.0 -0.326 0.1 990.0 1.4428 11.0 59.0 2.8071 0.0 0.0 -0.726 0.14142 989.0 1.4814 10.0 
0.05681 212.87897 87.0 4005.0 2.0 36.0 1.3071 0.0 2.174 0.0 0.22361 1000.0 1.0182 16.0 39.0 1.7071 0.0 0.874 0.0 0.22361 1000.0 1.195 19.0 41.0 2.2071 0.0 0.0 -0.226 0.22361 999.0 1.2264 17.0 43.0 2.7071 0.0 0.0 -1.026 0.14142 997.0 1.1803 15.0 44.0 3.2071 0.0 0.0 -1.326 0.1 996.0 1.1632 14.0 
0.06728 210.50196 177.0 2481.0 2.0 53.0 0.6071 0.0 2.374 0.0 0.22361 996.0 1.6877 14.0 50.0 1.3071 0.0 1.374 0.0 0.14142 995.0 1.4186 14.0 48.0 2.0071 0.0 0.874 0.0 0.1 995.0 1.3074 13.0 48.0 2.6071 0.0 0.874 0.0 0.1 995.0 1.3074 13.0 48.0 3.1071 0.0 0.974 0.0 0.1 995.0 1.3074 13.0 
0.04958 290.88283 72.0 1611.0 2.0 45.0 0.0 -0.0929 0.0 -2.926 0.22361 998.0 1.3789 17.0 54.0 1.2071 0.0 0.0 -2.326 0.2 996.0 1.752 14.0 58.0 2.5071 0.0 0.0 -2.126 0.2 993.0 1.7179 12.0 59.0 3.7071 0.0 0.0 -2.226 0.14142 992.0 1.693 12.0 59.0 4.7071 0.0 0.0 -2.526 0.2 992.0 1.693 11.0 
0.09095 242.9482 47.0 3059.0 2.0 65.0 0.0 -0.2929 4.674 0.0 0.80623 999.0 2.5 11.0 60.0 1.9071 0.0 1.074 0.0 0.5831 998.0 2.4513 11.0 59.0 3.6071 0.0 0.0 -2.026 0.53852 997.0 2.2221 13.0 60.0 4.9071 0.0 0.0 -4.726 0.5 995.0 2.0427 11.0 61.0 6.1071 0.0 0.0 -6.726 0.36056 990.0 1.6524 10.0 
0.14099 48.64617 81.0 2036.0 2.0 42.0 0.0 -1.1929 0.774 0.0 0.28284 999.0 1.2869 14.0 45.0 0.0 -0.2929 0.0 -0.326 0.14142 997.0 1.2927 12.0 51.0 0.6071 0.0 0.0 -0.926 0.14142 995.0 1.4759 14.0 59.0 1.5071 0.0 0.0 -1.226 0.1 990.0 1.5458 11.0 66.0 2.4071 0.0 0.0 -1.026 0.1 987.0 1.7112 10.0 
0.05068 234.34953 45.0 4174.0 2.0 55.0 0.0 -0.7929 3.774 0.0 0.5 1001.0 2.5 16.0 55.0 1.4071 0.0 1.574 0.0 0.5 1000.0 2.3767 15.0 56.0 3.4071 0.0 0.0 -0.426 0.42426 999.0 2.2879 17.0 61.0 5.3071 0.0 0.0 -1.926 0.36056 996.0 2.2356 14.0 64.0 7.2071 0.0 0.0 -2.726 0.31623 994.0 2.2019 12.0 
0.11104 209.41869 105.0 3761.0 2.0 48.0 0.0 -2.0929 0.774 0.0 0.14142 996.0 1.3843 13.0 56.0 0.0 -1.2929 1.374 0.0 0.14142 992.0 1.5252 12.0 59.0 0.0 -0.6929 1.974 0.0 0.14142 990.0 1.5458 11.0 61.0 0.0 -0.2929 2.674 0.0 0.14142 989.0 1.5836 10.0 64.0 0.2071 0.0 3.574 0.0 0.14142 987.0 1.6091 10.0 
0.10611 141.91281 56.0 2960.0 2.0 51.0 0.0 -1.8929 1.674 0.0 0.31623 998.0 1.7711 17.0 59.0 0.1071 0.0 1.274 0.0 0.3 996.0 2.0914 14.0 60.0 1.9071 0.0 1.074 0.0 0.3 995.0 2.0427 13.0 60.0 3.6071 0.0 0.874 0.0 0.3 994.0 1.9352 13.0 58.0 5.2071 0.0 0.874 0.0 0.2 994.0 1.8084 13.0 
0.20429 72.25976 112.0 2655.0 2.0 43.0 0.0 -0.4929 1.274 0.0 0.28284 998.0 1.259 17.0 49.0 0.3071 0.0 0.574 0.0 0.1 995.0 1.3624 14.0 53.0 1.1071 0.0 0.374 0.0 0.14142 993.0 1.4345 12.0 57.0 1.9071 0.0 0.274 0.0 0.1 991.0 1.5084 11.0 61.0 2.7071 0.0 0.274 0.0 0.14142 989.0 1.5836 11.0 
0.03088 111.09577 35.0 462.0 2.0 53.0 0.0 -2.2929 3.274 0.0 0.63246 1000.0 2.207 18.0 50.0 0.0 -0.9929 0.0 -0.126 0.53852 1000.0 1.9642 17.0 49.0 0.3071 0.0 0.0 -2.826 0.44721 998.0 1.6349 16.0 53.0 1.7071 0.0 0.0 -5.326 0.44721 997.0 1.7931 14.0 59.0 3.2071 0.0 0.0 -7.826 0.53852 996.0 2.0914 17.0 
0.07114 189.9562 60.0 4050.0 2.0 72.0 0.0 -0.2929 2.474 0.0 0.36056 992.0 2.5 9.0 70.0 1.4071 0.0 0.974 0.0 0.36056 990.0 2.176 8.0 70.0 2.8071 0.0 0.0 -0.126 0.28284 988.0 2.0019 8.0 73.0 4.0071 0.0 0.0 -1.026 0.22361 985.0 1.9439 7.0 71.0 5.0071 0.0 0.0 -1.626 0.22361 985.0 1.8388 7.0 
0.10015 85.49496 77.0 1393.0 2.0 45.0 0.0 -0.6929 2.274 0.0 0.36056 1000.0 1.591 12.0 44.0 0.6071 0.0 0.474 0.0 0.36056 999.0 1.4124 11.0 47.0 1.9071 0.0 0.0 -0.926 0.28284 997.0 1.4101 9.0 51.0 3.1071 0.0 0.0 -2.126 0.28284 996.0 1.5627 11.0 56.0 4.2071 0.0 0.0 -3.126 0.22361 991.0 1.4559 9.0 
0.08375 241.14112 105.0 1473.0 2.0 47.0 0.2071 0.0 2.374 0.0 0.14142 996.0 1.3272 14.0 51.0 0.9071 0.0 1.974 0.0 0.1 994.0 1.3982 13.0 54.0 1.5071 0.0 1.774 0.0 0.14142 992.0 1.4182 12.0 57.0 2.0071 0.0 1.674 0.0 0.1 990.0 1.4428 11.0 59.0 2.5071 0.0 1.774 0.0 0.14142 988.0 1.4222 10.0 
0.08914 213.60353 88.0 4163.0 2.0 40.0 1.2071 0.0 1.574 0.0 0.0 997.0 1.0214 11.0 40.0 1.1071 0.0 1.574 0.0 0.14142 997.0 1.0214 11.0 39.0 0.9071 0.0 1.774 0.0 0.0 997.0 1.0 11.0 36.0 0.9071 0.0 1.974 0.0 0.0 998.0 1.0 12.0 36.0 1.0071 0.0 2.174 0.0 0.1 999.0 1.0 12.0 
0.06539 252.62455 68.0 438.0 2.0 62.0 0.0 -1.3929 2.174 0.0 0.3 990.0 1.707 15.0 71.0 0.0 -0.0929 2.274 0.0 0.2 986.0 1.9069 13.0 79.0 1.2071 0.0 2.174 0.0 0.3 981.0 1.992 11.0 88.0 2.5071 0.0 1.974 0.0 0.2 974.0 2.0281 10.0 97.0 3.7071 0.0 1.774 0.0 0.2 965.0 2.0021 9.0 
0.17956 76.71589 57.0 4007.0 2.0 44.0 0.0 -2.2929 0.474 0.0 0.36056 1001.0 1.6478 17.0 48.0 0.0 -0.2929 0.0 -0.626 0.31623 1000.0 1.8102 18.0 52.0 1.6071 0.0 0.0 -1.226 0.41231 999.0 1.9727 17.0 56.0 3.5071 0.0 0.0 -1.526 0.3 997.0 2.0019 15.0 55.0 5.1071 0.0 0.0 -1.826 0.3 996.0 1.8174 14.0 
0.03394 80.89962 73.0 3735.0 2.0 57.0 0.0 -2.9929 2.574 0.0 0.64031 1000.0 2.5 12.0 55.0 0.0 -0.6929 0.0 -0.226 0.5831 999.0 2.2069 11.0 52.0 1.2071 0.0 0.0 -2.326 0.5 999.0 1.9727 14.0 51.0 2.9071 0.0 0.0 -3.426 0.22361 997.0 1.6604 12.0 54.0 4.2071 0.0 0.0 -3.626 0.2 994.0 1.5675 12.0 
0.14887 54.46995 63.0 2503.0 2.0 47.0 0.0 -1.3929 2.374 0.0 0.5 1001.0 1.8802 13.0 46.0 0.4071 0.0 0.274 0.0 0.42426 1000.0 1.6625 12.0 47.0 2.0071 0.0 0.0 -1.426 0.42426 999.0 1.6116 11.0 46.0 3.4071 0.0 0.0 -3.026 0.36056 998.0 1.4408 10.0 47.0 4.5071 0.0 0.0 -4.226 0.28284 997.0 1.4101 12.0 
0.25358 54.46995 63.0 1364.0 2.0 52.0 0.0 -1.2929 1.774 0.0 0.42426 998.0 1.8412 14.0 56.0 0.4071 0.0 0.274 0.0 0.31623 997.0 2.0019 15.0 60.0 2.2071 0.0 0.0 -0.726 0.28284 995.0 2.0427 13.0 61.0 3.6071 0.0 0.0 -1.626 0.22361 992.0 1.8098 12.0 63.0 4.8071 0.0 0.0 -2.326 0.1 989.0 1.6891 11.0 
0.04154 305.34255 40.0 4189.0 2.0 75.0 0.0 -0.9929 4.774 0.0 0.64031 997.0 2.5 20.0 74.0 1.8071 0.0 2.074 0.0 0.5831 995.0 2.5 17.0 73.0 4.3071 0.0 0.174 0.0 0.5 993.0 2.5 16.0 75.0 6.7071 0.0 0.0 -1.326 0.36056 991.0 2.5 15.0 76.0 8.8071 0.0 0.0 -2.226 0.31623 988.0 2.3598 13.0 
0.19555 30.02471 68.0 3888.0 2.0 46.0 0.0 -0.9929 2.074 0.0 0.44721 999.0 1.5437 11.0 46.0 0.2071 0.0 0.174 0.0 0.28284 998.0 1.4408 10.0 48.0 1.4071 0.0 0.0 -1.226 0.14142 997.0 1.4708 12.0 53.0 2.5071 0.0 0.0 -2.126 0.22361 994.0 1.51 10.0 63.0 3.7071 0.0 0.0 -2.626 0.14142 990.0 1.7625 11.0 
0.02837 302.817 98.0 306.0 2.0 74.0 0.8071 0.0 3.274 0.0 0.22361 984.0 1.9286 9.0 77.0 1.5071 0.0 2.274 0.0 0.22361 980.0 1.8351 8.0 75.0 2.3071 0.0 1.574 0.0 0.22361 982.0 1.8533 9.0 71.0 3.1071 0.0 1.274 0.0 0.1 983.0 1.7162 9.0 69.0 3.8071 0.0 1.374 0.0 0.14142 983.0 1.6209 9.0 
1.10645 22.67945 54.0 3131.0 2.0 113.0 0.0 -1.5929 0.874 0.0 0.31623 956.0 2.2881 10.0 131.0 0.1071 0.0 0.174 0.0 0.31623 939.0 2.3686 8.0 129.0 1.8071 0.0 0.0 -0.126 0.2 939.0 2.2968 8.0 136.0 3.4071 0.0 0.0 -0.026 0.2 930.0 2.2761 8.0 154.0 5.0071 0.0 0.274 0.0 0.3 910.0 2.3517 7.0 
0.30407 38.12432 70.0 3842.0 2.0 59.0 0.0 -1.5929 1.574 0.0 0.36056 996.0 2.0914 15.0 64.0 0.2071 0.0 0.274 0.0 0.22361 994.0 2.2019 13.0 62.0 1.7071 0.0 0.0 -0.626 0.22361 993.0 1.9631 12.0 61.0 2.9071 0.0 0.0 -1.126 0.14142 992.0 1.8098 11.0 61.0 3.9071 0.0 0.0 -1.626 0.22361 991.0 1.7275 11.0 
0.09502 109.18961 61.0 3265.0 2.0 47.0 0.0 -0.7929 2.674 0.0 0.36056 999.0 1.6116 11.0 47.0 0.6071 0.0 0.774 0.0 0.28284 998.0 1.5041 10.0 50.0 2.0071 0.0 0.0 -0.826 0.28284 996.0 1.502 9.0 55.0 3.3071 0.0 0.0 -2.226 0.36056 994.0 1.6261 11.0 63.0 4.5071 0.0 0.0 -3.426 0.28284 989.0 1.6891 9.0 
0.03009 153.51129 63.0 2874.0 2.0 58.0 0.0 -3.2929 0.074 0.0 0.5831 1000.0 2.5 16.0 57.0 0.0 -0.3929 0.0 -1.326 0.44721 999.0 2.3703 14.0 56.0 1.9071 0.0 0.0 -2.126 0.41231 997.0 2.0019 12.0 56.0 3.8071 0.0 0.0 -2.426 0.3 996.0 1.8841 14.0 61.0 5.2071 0.0 0.0 -2.326 0.22361 992.0 1.8098 12.0 
0.55716 22.93337 47.0 3171.0 2.0 76.0 0.0 -3.3929 2.274 0.0 0.64031 993.0 2.5 11.0 83.0 0.0 -0.1929 0.074 0.0 0.64031 990.0 2.5 12.0 94.0 2.8071 0.0 0.0 -1.926 0.44721 979.0 2.5 9.0 113.0 5.1071 0.0 0.0 -3.326 0.36056 962.0 2.5 8.0 126.0 7.0071 0.0 0.0 -4.226 0.22361 944.0 2.35 7.0 
0.19489 56.88427 97.0 823.0 2.0 55.0 0.1071 0.0 1.074 0.0 0.2 994.0 1.6261 13.0 55.0 0.5071 0.0 0.074 0.0 0.14142 993.0 1.5448 12.0 54.0 1.1071 0.0 0.0 -0.426 0.1 992.0 1.4182 12.0 55.0 1.7071 0.0 0.0 -0.526 0.0 991.0 1.4044 11.0 57.0 2.2071 0.0 0.0 -0.126 0.14142 991.0 1.5084 11.0 
0.03884 293.6286 47.0 2855.0 2.0 46.0 0.1071 0.0 3.074 0.0 0.31623 1000.0 1.6625 18.0 47.0 1.5071 0.0 2.174 0.0 0.31623 999.0 1.6116 17.0 48.0 3.1071 0.0 1.474 0.0 0.22361 999.0 1.6809 18.0 47.0 4.7071 0.0 1.074 0.0 0.31623 1000.0 1.7355 18.0 46.0 6.5071 0.0 0.874 0.0 0.3 1001.0 1.801 20.0 
0.0465 243.24116 68.0 2335.0 2.0 65.0 0.8071 0.0 2.674 0.0 0.28284 990.0 1.8762 11.0 64.0 1.7071 0.0 1.374 0.0 0.14142 990.0 1.8189 11.0 64.0 2.5071 0.0 0.274 0.0 0.14142 990.0 1.8189 11.0 64.0 3.3071 0.0 0.0 -0.726 0.22361 990.0 1.8189 11.0 64.0 4.2071 0.0 0.0 -1.826 0.22361 990.0 1.8189 11.0 
0.04407 192.11039 62.0 3202.0 2.0 43.0 0.0 -2.7929 0.0 -1.026 0.41231 1002.0 1.7168 19.0 44.0 0.0 -0.5929 0.0 -1.626 0.31623 1001.0 1.6478 17.0 45.0 1.4071 0.0 0.0 -2.326 0.31623 1000.0 1.591 19.0 46.0 3.1071 0.0 0.0 -2.826 0.31623 999.0 1.5437 18.0 49.0 4.6071 0.0 0.0 -3.126 0.22361 998.0 1.6349 16.0 
0.08074 274.50878 53.0 1731.0 2.0 49.0 0.0 -3.0929 1.974 0.0 0.4 1001.0 2.0436 22.0 52.0 0.0 -0.6929 2.374 0.0 0.41231 1001.0 2.3015 20.0 49.0 1.5071 0.0 3.374 0.0 0.31623 1001.0 2.0436 20.0 44.0 3.4071 0.0 4.174 0.0 0.36056 1001.0 1.6478 21.0 41.0 5.1071 0.0 4.874 0.0 0.22361 1002.0 1.5608 22.0 
0.05141 164.681 57.0 2364.0 2.0 61.0 0.0 -0.5929 2.574 0.0 0.36056 997.0 2.3753 15.0 58.0 0.9071 0.0 1.174 0.0 0.36056 996.0 2.0211 14.0 57.0 2.3071 0.0 0.0 -0.026 0.22361 995.0 1.8436 13.0 59.0 3.5071 0.0 0.0 -0.926 0.22361 993.0 1.7777 13.0 63.0 4.8071 0.0 0.0 -1.526 0.3 991.0 1.8426 11.0 
0.09015 202.37423 132.0 2193.0 2.0 43.0 0.8071 0.0 0.0 -2.026 0.14142 999.0 1.3489 17.0 47.0 1.5071 0.0 0.0 -1.026 0.28284 998.0 1.5041 16.0 49.0 2.4071 0.0 0.0 -0.026 0.22361 997.0 1.5327 15.0 49.0 3.5071 0.0 0.674 0.0 0.14142 997.0 1.5327 15.0 49.0 4.7071 0.0 1.174 0.0 0.2 997.0 1.5327 15.0 
0.12948 194.80947 42.0 791.0 2.0 83.0 0.0 -2.0929 3.874 0.0 0.72111 995.0 2.5 14.0 78.0 1.2071 0.0 1.274 0.0 0.64031 995.0 2.5 13.0 73.0 4.0071 0.0 0.0 -1.226 0.56569 996.0 2.5 14.0 66.0 6.3071 0.0 0.0 -3.426 0.42426 997.0 2.5 14.0 60.0 8.1071 0.0 0.0 -5.326 0.42426 997.0 2.2981 15.0 
0.08705 229.24245 59.0 3710.0 2.0 86.0 0.0 -0.8929 2.574 0.0 0.31623 976.0 2.0416 10.0 105.0 0.6071 0.0 1.974 0.0 0.31623 961.0 2.1655 8.0 123.0 2.1071 0.0 1.474 0.0 0.3 945.0 2.2724 7.0 121.0 3.5071 0.0 1.274 0.0 0.3 944.0 2.1672 7.0 130.0 4.8071 0.0 1.474 0.0 0.2 927.0 2.0071 5.0 
0.16909 69.49047 119.0 1134.0 2.0 35.0 0.0 -1.3929 0.0 -0.526 0.3 1000.0 1.0 17.0 40.0 0.0071 0.0 0.0 -0.626 0.22361 999.0 1.1673 16.0 45.0 1.4071 0.0 0.0 -1.126 0.28284 998.0 1.3789 18.0 50.0 2.7071 0.0 0.0 -1.926 0.36056 996.0 1.502 16.0 55.0 4.0071 0.0 0.0 -2.626 0.22361 994.0 1.6261 17.0 
0.52068 13.18352 55.0 2725.0 2.0 54.0 0.0 -2.4929 1.174 0.0 0.44721 1000.0 2.291 14.0 59.0 0.0 -0.0929 0.074 0.0 0.44721 998.0 2.3703 12.0 58.0 2.2071 0.0 0.0 -1.326 0.36056 998.0 2.2906 12.0 53.0 4.1071 0.0 0.0 -2.226 0.31623 998.0 1.9127 12.0 48.0 5.7071 0.0 0.0 -2.626 0.2 999.0 1.6809 12.0 
0.05413 281.38153 65.0 1506.0 2.0 116.0 0.3071 0.0 3.074 0.0 0.36056 952.0 2.253 6.0 114.0 1.7071 0.0 1.874 0.0 0.28284 955.0 2.2886 6.0 108.0 3.0071 0.0 0.674 0.0 0.28284 959.0 2.2062 6.0 105.0 4.2071 0.0 0.0 -0.426 0.22361 961.0 2.1655 6.0 100.0 5.2071 0.0 0.0 -1.426 0.14142 963.0 2.0427 6.0 
0.05229 238.77972 120.0 2388.0 2.0 42.0 1.7071 0.0 1.574 0.0 0.1 999.0 1.2869 17.0 39.0 2.0071 0.0 0.774 0.0 0.1 999.0 1.1096 17.0 37.0 2.4071 0.0 0.374 0.0 0.0 999.0 1.0 17.0 36.0 2.8071 0.0 0.274 0.0 0.0 999.0 1.0 17.0 34.0 3.0071 0.0 0.374 0.0 0.1 999.0 1.0 17.0 
0.07753 276.41288 99.0 2313.0 2.0 60.0 2.5071 0.0 0.874 0.0 0.14142 989.0 1.5321 10.0 61.0 2.0071 0.0 1.474 0.0 0.22361 989.0 1.5836 11.0 61.0 1.6071 0.0 2.374 0.0 0.14142 989.0 1.5836 11.0 61.0 1.2071 0.0 3.074 0.0 0.1 988.0 1.5202 10.0 62.0 1.0071 0.0 3.674 0.0 0.1 987.0 1.5101 10.0 
0.13402 86.73259 64.0 3899.0 2.0 44.0 0.0 -0.8929 1.474 0.0 0.22361 999.0 1.4124 16.0 45.0 0.1071 0.0 0.774 0.0 0.2 998.0 1.3789 16.0 45.0 1.1071 0.0 0.374 0.0 0.2 998.0 1.3789 16.0 46.0 2.3071 0.0 0.174 0.0 0.2 999.0 1.5437 16.0 47.0 3.6071 0.0 0.174 0.0 0.3 999.0 1.6116 16.0 
0.05952 206.28347 78.0 2168.0 2.0 40.0 0.1071 0.0 1.974 0.0 0.14142 999.0 1.1673 13.0 41.0 0.8071 0.0 1.674 0.0 0.2 998.0 1.1446 12.0 42.0 1.5071 0.0 1.374 0.0 0.14142 998.0 1.2011 12.0 42.0 2.1071 0.0 0.774 0.0 0.1 998.0 1.2011 12.0 43.0 2.4071 0.0 0.0 -0.026 0.14142 998.0 1.259 12.0 
0.10962 141.95101 62.0 3482.0 2.0 43.0 0.0 -1.1929 2.274 0.0 0.36056 1002.0 1.7168 24.0 44.0 0.5071 0.0 1.174 0.0 0.22361 1001.0 1.6478 21.0 43.0 2.0071 0.0 0.874 0.0 0.3 1000.0 1.4527 19.0 42.0 3.4071 0.0 1.274 0.0 0.28284 1000.0 1.3859 19.0 42.0 4.6071 0.0 2.174 0.0 0.28284 1001.0 1.5014 20.0 
0.06923 175.98266 65.0 3620.0 2.0 43.0 0.0 -2.1929 0.0 -0.326 0.42426 1001.0 1.5738 17.0 41.0 0.0 -0.6929 0.0 -1.426 0.22361 1000.0 1.3207 16.0 43.0 0.6071 0.0 0.0 -1.726 0.3 999.0 1.3489 14.0 47.0 1.9071 0.0 0.0 -1.526 0.22361 997.0 1.4101 12.0 57.0 3.2071 0.0 0.0 -0.926 0.22361 994.0 1.7465 13.0 
0.11222 143.02583 50.0 4052.0 2.0 49.0 0.0 -2.1929 0.874 0.0 0.31623 1000.0 1.8864 18.0 53.0 0.0 -0.1929 1.274 0.0 0.4 999.0 2.0493 17.0 53.0 1.9071 0.0 1.274 0.0 0.4 999.0 2.0493 17.0 51.0 4.0071 0.0 1.174 0.0 0.3 1000.0 2.0435 18.0 47.0 5.9071 0.0 1.274 0.0 0.31623 1000.0 1.7355 19.0 
0.11041 94.49135 266.0 1857.0 2.0 45.0 0.0 -0.9929 2.574 0.0 0.42426 1000.0 1.591 13.0 47.0 0.7071 0.0 0.474 0.0 0.5 999.0 1.6116 12.0 50.0 2.5071 0.0 0.0 -1.726 0.36056 999.0 1.8239 15.0 52.0 4.1071 0.0 0.0 -3.826 0.42426 998.0 1.8412 14.0 55.0 5.6071 0.0 0.0 -5.726 0.42426 996.0 1.8174 12.0 
0.17529 106.36594 63.0 2552.0 2.0 43.0 0.0 -1.8929 0.774 0.0 0.2 1001.0 1.5738 20.0 47.0 0.0 -0.3929 0.874 0.0 0.31623 999.0 1.6116 17.0 52.0 1.2071 0.0 1.174 0.0 0.3 998.0 1.8412 16.0 52.0 2.8071 0.0 1.174 0.0 0.2 997.0 1.7261 15.0 49.0 4.2071 0.0 0.974 0.0 0.2 998.0 1.6349 15.0 
0.0424 242.40648 52.0 362.0 2.0 51.0 0.0 -1.3929 2.374 0.0 0.2 998.0 1.7711 12.0 57.0 0.2071 0.0 2.174 0.0 0.2 995.0 1.8436 10.0 63.0 1.8071 0.0 1.774 0.0 0.31623 992.0 1.9304 9.0 67.0 3.5071 0.0 1.174 0.0 0.3 991.0 2.0841 8.0 71.0 5.3071 0.0 0.774 0.0 0.3 989.0 2.1453 8.0 
0.04418 233.34002 45.0 1485.0 2.0 57.0 0.0 -0.4929 4.074 0.0 0.64031 1000.0 2.5 12.0 58.0 1.8071 0.0 1.074 0.0 0.64031 999.0 2.4542 11.0 58.0 4.0071 0.0 0.0 -1.726 0.5 998.0 2.2906 10.0 60.0 5.9071 0.0 0.0 -4.026 0.5 997.0 2.2981 12.0 63.0 7.5071 0.0 0.0 -6.226 0.36056 993.0 2.0269 10.0 
0.13061 275.57449 38.0 4032.0 2.0 79.0 0.0 -3.0929 1.974 0.0 0.60828 993.0 2.5 9.0 88.0 0.2071 0.0 2.474 0.0 0.5 987.0 2.5 8.0 101.0 3.6071 0.0 2.474 0.0 0.6 981.0 2.5 6.0 100.0 7.2071 0.0 2.474 0.0 0.5 981.0 2.5 6.0 89.0 10.0071 0.0 2.574 0.0 0.4 983.0 2.5 7.0 
0.02695 260.1241 52.0 1143.0 2.0 45.0 0.0 -0.2929 3.674 0.0 0.42426 1001.0 1.7236 13.0 45.0 1.4071 0.0 1.874 0.0 0.36056 1000.0 1.591 12.0 47.0 3.1071 0.0 0.374 0.0 0.36056 1000.0 1.7355 15.0 50.0 4.7071 0.0 0.0 -1.126 0.22361 998.0 1.7023 13.0 50.0 6.1071 0.0 0.0 -1.726 0.3 996.0 1.502 11.0 
0.23166 59.5095 59.0 2035.0 2.0 56.0 0.0 -1.5929 3.074 0.0 0.72111 1001.0 2.5 13.0 52.0 0.5071 0.0 0.174 0.0 0.5 1001.0 2.3015 12.0 50.0 2.3071 0.0 0.0 -2.126 0.42426 999.0 1.8239 11.0 50.0 3.9071 0.0 0.0 -3.726 0.36056 998.0 1.7023 9.0 53.0 5.3071 0.0 0.0 -4.826 0.28284 996.0 1.6877 11.0 
0.16308 108.43208 71.0 904.0 2.0 43.0 0.0 -0.8929 2.374 0.0 0.28284 1001.0 1.5738 18.0 44.0 0.7071 0.0 0.674 0.0 0.42426 1001.0 1.6478 23.0 45.0 2.3071 0.0 0.0 -0.926 0.28284 1000.0 1.591 20.0 46.0 3.6071 0.0 0.0 -2.226 0.28284 998.0 1.4408 18.0 48.0 4.8071 0.0 0.0 -3.326 0.14142 996.0 1.3843 16.0 
0.08228 118.12228 46.0 660.0 2.0 57.0 0.0 -1.7929 3.874 0.0 0.78102 1001.0 2.5 13.0 54.0 0.6071 0.0 0.874 0.0 0.56569 1000.0 2.291 12.0 53.0 2.8071 0.0 0.0 -1.526 0.5 999.0 2.0493 11.0 54.0 4.6071 0.0 0.0 -3.826 0.44721 998.0 1.9855 10.0 58.0 6.0071 0.0 0.0 -6.126 0.5 997.0 2.1474 12.0 
0.19133 39.17945 334.0 2764.0 2.0 51.0 0.0 -1.1929 1.674 0.0 0.36056 998.0 1.7711 13.0 53.0 0.3071 0.0 0.174 0.0 0.42426 996.0 1.6877 12.0 56.0 1.8071 0.0 0.0 -1.026 0.28284 993.0 1.6015 10.0 63.0 3.1071 0.0 0.0 -1.926 0.22361 988.0 1.6215 10.0 77.0 4.2071 0.0 0.0 -2.326 0.22361 978.0 1.7302 9.0 
0.19315 21.89443 64.0 407.0 2.0 46.0 0.0 -1.5929 1.774 0.0 0.28284 999.0 1.5437 12.0 45.0 0.0 -0.0929 0.174 0.0 0.36056 999.0 1.4773 15.0 46.0 1.3071 0.0 0.0 -1.026 0.22361 998.0 1.4408 14.0 49.0 2.6071 0.0 0.0 -1.926 0.22361 995.0 1.3624 12.0 57.0 3.9071 0.0 0.0 -2.626 0.28284 993.0 1.6592 13.0 
0.09791 118.43582 70.0 847.0 2.0 41.0 0.0 -1.7929 0.0 -0.726 0.3 1000.0 1.3207 16.0 44.0 0.0 -0.2929 0.0 -1.026 0.22361 999.0 1.4124 14.0 47.0 1.0071 0.0 0.0 -1.426 0.2 998.0 1.5041 16.0 53.0 2.1071 0.0 0.0 -1.626 0.2 995.0 1.5939 13.0 57.0 3.1071 0.0 0.0 -1.626 0.2 993.0 1.6592 12.0 
0.08954 149.12413 69.0 2459.0 2.0 48.0 0.0 -0.8929 2.774 0.0 0.42426 999.0 1.6809 16.0 48.0 0.8071 0.0 1.074 0.0 0.42426 998.0 1.5688 15.0 51.0 2.4071 0.0 0.0 -0.426 0.36056 997.0 1.6604 13.0 53.0 3.8071 0.0 0.0 -1.826 0.36056 995.0 1.5939 13.0 57.0 4.9071 0.0 0.0 -3.026 0.28284 992.0 1.5802 13.0 
0.15071 72.25976 70.0 2640.0 2.0 42.0 0.0 -0.6929 1.074 0.0 0.22361 998.0 1.2011 12.0 48.0 0.3071 0.0 0.574 0.0 0.22361 996.0 1.3843 11.0 54.0 1.4071 0.0 0.074 0.0 0.14142 995.0 1.6546 10.0 57.0 2.4071 0.0 0.0 -0.426 0.22361 993.0 1.6592 9.0 60.0 3.5071 0.0 0.0 -0.826 0.2 991.0 1.6713 8.0 
0.09222 159.16666 52.0 1377.0 2.0 58.0 0.0 -0.3929 2.474 0.0 0.42426 997.0 2.1474 15.0 58.0 1.2071 0.0 0.774 0.0 0.42426 996.0 2.0211 15.0 60.0 2.9071 0.0 0.0 -0.726 0.28284 994.0 1.9352 12.0 70.0 4.5071 0.0 0.0 -2.126 0.36056 990.0 2.176 11.0 82.0 6.0071 0.0 0.0 -3.526 0.28284 982.0 2.2154 9.0 
0.04042 281.38153 67.0 355.0 2.0 46.0 0.3071 0.0 3.174 0.0 0.36056 1001.0 1.801 21.0 40.0 1.7071 0.0 1.874 0.0 0.31623 1001.0 1.3618 22.0 37.0 3.1071 0.0 1.274 0.0 0.22361 1002.0 1.2711 23.0 34.0 4.3071 0.0 0.974 0.0 0.1 1002.0 1.0734 23.0 31.0 5.2071 0.0 1.074 0.0 0.2 1002.0 1.0 24.0 
0.13158 97.0172 57.0 644.0 2.0 60.0 0.0 -2.3929 0.674 0.0 0.4 997.0 2.2981 12.0 63.0 0.0071 0.0 0.874 0.0 0.41231 993.0 2.0269 10.0 70.0 1.9071 0.0 1.074 0.0 0.3 989.0 2.0853 11.0 78.0 3.6071 0.0 1.174 0.0 0.2 982.0 2.0045 9.0 89.0 5.1071 0.0 1.074 0.0 0.2 973.0 2.0226 8.0 
0.12777 211.97996 56.0 370.0 2.0 82.0 0.0 -1.2929 2.574 0.0 0.36056 986.0 2.5 10.0 83.0 0.7071 0.0 1.774 0.0 0.41231 983.0 2.3454 9.0 78.0 2.6071 0.0 1.574 0.0 0.4 985.0 2.2193 9.0 74.0 4.4071 0.0 1.674 0.0 0.3 987.0 2.1512 10.0 71.0 5.9071 0.0 1.574 0.0 0.3 987.0 1.9803 10.0 
0.03092 296.78557 48.0 2944.0 2.0 82.0 0.0 -0.2929 4.174 0.0 0.64031 991.0 2.5 11.0 77.0 1.9071 0.0 1.874 0.0 0.5 991.0 2.5 11.0 73.0 3.9071 0.0 0.174 0.0 0.42426 991.0 2.474 11.0 69.0 5.6071 0.0 0.0 -1.126 0.36056 991.0 2.2103 11.0 65.0 7.0071 0.0 0.0 -2.126 0.22361 992.0 2.0549 11.0 
0.31861 47.29257 57.0 731.0 2.0 54.0 0.0 -1.9929 0.0 -0.026 0.31623 997.0 1.8615 12.0 61.0 0.0071 0.0 0.0 -0.426 0.3 995.0 2.1114 14.0 67.0 1.8071 0.0 0.0 -0.326 0.22361 991.0 2.0841 11.0 73.0 3.4071 0.0 0.174 0.0 0.28284 987.0 2.0934 10.0 77.0 4.9071 0.0 0.974 0.0 0.22361 985.0 2.1628 9.0 
0.0483 116.44034 60.0 1251.0 2.0 48.0 0.0 -2.6929 0.474 0.0 0.5 1000.0 1.8102 12.0 49.0 0.0 -0.4929 0.0 -0.926 0.44721 999.0 1.7517 11.0 48.0 1.4071 0.0 0.0 -2.026 0.31623 998.0 1.5688 12.0 49.0 3.0071 0.0 0.0 -2.826 0.22361 997.0 1.5327 12.0 53.0 4.2071 0.0 0.0 -3.426 0.22361 993.0 1.4345 10.0 
0.12145 64.54308 96.0 1596.0 2.0 35.0 0.0 -1.5929 0.874 0.0 0.3 1002.0 1.1374 13.0 39.0 0.0 -0.0929 0.574 0.0 0.3 1001.0 1.2946 12.0 42.0 1.6071 0.0 0.374 0.0 0.3 1000.0 1.3859 13.0 46.0 3.2071 0.0 0.074 0.0 0.22361 999.0 1.5437 13.0 48.0 4.5071 0.0 0.0 -0.426 0.22361 997.0 1.4708 11.0 
0.04591 269.99085 52.0 2675.0 2.0 65.0 0.6071 0.0 2.874 0.0 0.28284 992.0 2.0549 18.0 66.0 2.0071 0.0 1.374 0.0 0.36056 990.0 1.9344 15.0 68.0 3.4071 0.0 0.074 0.0 0.36056 989.0 1.9678 14.0 75.0 4.8071 0.0 0.0 -1.126 0.28284 984.0 1.9811 13.0 88.0 6.1071 0.0 0.0 -2.326 0.22361 974.0 2.0281 10.0 
0.60428 17.37652 57.0 3947.0 2.0 67.0 0.0 -2.2929 0.474 0.0 0.41231 993.0 2.2925 13.0 79.0 0.0 -0.0929 0.0 -0.126 0.31623 986.0 2.3609 10.0 84.0 1.8071 0.0 0.0 -0.726 0.31623 983.0 2.4023 9.0 79.0 3.5071 0.0 0.0 -1.326 0.22361 984.0 2.1981 9.0 74.0 4.9071 0.0 0.0 -1.826 0.22361 986.0 2.0715 9.0 
0.3137 21.60552 56.0 2729.0 2.0 54.0 0.0 -1.7929 1.574 0.0 0.42426 996.0 1.752 12.0 59.0 0.0 -0.1929 0.0 -0.026 0.28284 993.0 1.7777 10.0 67.0 1.4071 0.0 0.0 -1.026 0.36056 987.0 1.7634 8.0 77.0 3.2071 0.0 0.0 -1.626 0.3 985.0 2.1628 12.0 94.0 4.8071 0.0 0.0 -1.626 0.3 973.0 2.2562 10.0 
0.20451 88.79073 61.0 2040.0 2.0 68.0 0.0 -0.6929 1.874 0.0 0.42426 991.0 2.1467 11.0 74.0 0.7071 0.0 0.374 0.0 0.36056 986.0 2.0715 10.0 80.0 2.1071 0.0 0.0 -0.626 0.28284 981.0 2.0427 9.0 91.0 3.4071 0.0 0.0 -1.426 0.22361 972.0 2.0629 7.0 107.0 4.6071 0.0 0.0 -2.026 0.22361 956.0 2.0515 6.0 
0.08813 315.57139 60.0 3876.0 2.0 106.0 0.0 -0.1929 3.474 0.0 0.28284 964.0 2.3421 7.0 104.0 1.2071 0.0 2.574 0.0 0.31623 963.0 2.2094 6.0 101.0 2.6071 0.0 1.974 0.0 0.2 964.0 2.1263 7.0 97.0 3.9071 0.0 1.574 0.0 0.22361 968.0 2.1356 7.0 91.0 5.2071 0.0 1.174 0.0 0.22361 972.0 2.0629 7.0 
0.05322 198.92199 86.0 1224.0 2.0 24.0 1.1071 0.0 0.0 -1.626 0.1 1002.0 1.0 19.0 27.0 1.3071 0.0 0.0 -1.226 0.1 1001.0 1.0 17.0 29.0 1.6071 0.0 0.0 -0.926 0.0 1001.0 1.0 20.0 34.0 1.8071 0.0 0.0 -0.726 0.0 999.0 1.0 17.0 39.0 2.0071 0.0 0.0 -0.526 0.1 998.0 1.0357 15.0 
0.05279 241.889 52.0 2901.0 2.0 45.0 0.5071 0.0 2.774 0.0 0.28284 999.0 1.4773 18.0 46.0 1.5071 0.0 1.574 0.0 0.28284 999.0 1.5437 17.0 47.0 2.6071 0.0 0.574 0.0 0.22361 998.0 1.5041 16.0 49.0 3.9071 0.0 0.0 -0.226 0.22361 998.0 1.6349 16.0 52.0 5.4071 0.0 0.0 -0.826 0.22361 998.0 1.8412 16.0 
0.05679 297.06318 46.0 3981.0 2.0 67.0 0.0 -0.5929 4.674 0.0 0.64031 999.0 2.5 18.0 62.0 1.8071 0.0 1.974 0.0 0.56569 999.0 2.5 18.0 59.0 4.0071 0.0 0.0 -0.426 0.5 999.0 2.5 18.0 55.0 5.8071 0.0 0.0 -2.626 0.5 1000.0 2.3767 18.0 51.0 7.3071 0.0 0.0 -4.826 0.44721 1000.0 2.0435 19.0 
0.2035 14.00819 93.0 1026.0 2.0 42.0 0.0 -0.8929 0.974 0.0 0.22361 999.0 1.2869 15.0 42.0 0.0071 0.0 0.0 -0.126 0.14142 998.0 1.2011 13.0 46.0 0.8071 0.0 0.0 -0.726 0.14142 996.0 1.2713 15.0 52.0 1.5071 0.0 0.0 -1.026 0.1 993.0 1.3809 12.0 56.0 2.2071 0.0 0.0 -1.026 0.1 991.0 1.4559 11.0 
0.13165 147.58686 49.0 797.0 2.0 51.0 0.0 -1.3929 0.0 -2.926 0.56569 1002.0 2.4151 19.0 43.0 0.7071 0.0 0.0 -1.126 0.31623 1001.0 1.5738 18.0 45.0 2.6071 0.0 0.0 -1.026 0.3 1001.0 1.7236 21.0 52.0 4.6071 0.0 0.0 -1.326 0.4 999.0 1.9727 18.0 51.0 6.5071 0.0 0.0 -1.526 0.3 998.0 1.7711 16.0 
0.06561 125.41067 61.0 1054.0 2.0 53.0 0.0 -2.4929 0.0 -0.326 0.44721 1000.0 2.207 15.0 57.0 0.0 -0.0929 0.0 -1.126 0.41231 998.0 2.2123 12.0 58.0 1.9071 0.0 0.0 -1.626 0.31623 996.0 2.0211 11.0 55.0 3.6071 0.0 0.0 -2.326 0.2 996.0 1.8174 11.0 51.0 5.0071 0.0 0.0 -2.726 0.22361 997.0 1.6604 11.0 
0.05075 106.76945 62.0 2644.0 2.0 42.0 0.0 -1.9929 0.774 0.0 0.36056 1001.0 1.5014 13.0 42.0 0.0 -0.4929 0.0 -0.826 0.36056 1000.0 1.3859 12.0 43.0 0.7071 0.0 0.0 -2.426 0.28284 1000.0 1.4527 15.0 46.0 2.1071 0.0 0.0 -3.626 0.28284 998.0 1.4408 13.0 52.0 3.6071 0.0 0.0 -4.526 0.31623 996.0 1.6246 12.0 
0.32469 34.21005 39.0 9.0 2.0 71.0 0.0 -3.4929 3.274 0.0 0.92195 1000.0 2.5 12.0 70.0 0.3071 0.0 0.0 -0.026 0.78102 1000.0 2.5 15.0 75.0 3.8071 0.0 0.0 -3.026 0.78102 998.0 2.5 13.0 71.0 6.9071 0.0 0.0 -5.826 0.64031 996.0 2.5 11.0 69.0 9.1071 0.0 0.0 -7.826 0.42426 993.0 2.4314 13.0 
0.29389 32.65484 56.0 159.0 2.0 51.0 0.0 -1.9929 1.474 0.0 0.44721 1001.0 2.2138 21.0 50.0 0.1071 0.0 0.274 0.0 0.36056 1000.0 1.9642 19.0 48.0 1.9071 0.0 0.0 -0.626 0.31623 1000.0 1.8102 19.0 45.0 3.5071 0.0 0.0 -1.126 0.3 1000.0 1.591 18.0 44.0 4.9071 0.0 0.0 -1.226 0.3 1000.0 1.5211 18.0 
0.19436 57.38457 188.0 486.0 2.0 45.0 0.0 -1.6929 0.0 -0.326 0.2 998.0 1.3789 13.0 52.0 0.0 -0.2929 0.0 -0.426 0.22361 996.0 1.6246 15.0 58.0 0.9071 0.0 0.0 -0.826 0.2 993.0 1.7179 12.0 59.0 2.1071 0.0 0.0 -1.226 0.22361 992.0 1.693 12.0 60.0 3.1071 0.0 0.0 -1.726 0.22361 991.0 1.6713 11.0 
0.05633 227.10248 56.0 2776.0 2.0 70.0 0.1071 0.0 2.474 0.0 0.36056 989.0 2.0853 10.0 71.0 1.3071 0.0 1.574 0.0 0.22361 987.0 1.9803 10.0 70.0 2.5071 0.0 0.874 0.0 0.22361 987.0 1.9249 10.0 65.0 3.8071 0.0 0.374 0.0 0.2 991.0 1.9615 11.0 59.0 5.2071 0.0 0.074 0.0 0.22361 994.0 1.8713 13.0 
0.01997 281.08844 58.0 3038.0 2.0 80.0 0.1071 0.0 3.574 0.0 0.42426 989.0 2.5 10.0 77.0 1.8071 0.0 1.774 0.0 0.36056 988.0 2.4223 10.0 73.0 3.4071 0.0 0.574 0.0 0.28284 987.0 2.0934 10.0 73.0 4.7071 0.0 0.0 -0.326 0.22361 986.0 2.0159 10.0 71.0 5.8071 0.0 0.0 -0.926 0.22361 986.0 1.9069 10.0 
0.11087 265.94929 43.0 3607.0 2.0 92.0 0.0 -1.9929 3.974 0.0 0.70711 989.0 2.5 13.0 93.0 1.0071 0.0 2.174 0.0 0.53852 984.0 2.5 12.0 90.0 3.8071 0.0 1.374 0.0 0.41231 983.0 2.5 12.0 80.0 6.0071 0.0 0.974 0.0 0.4 985.0 2.3346 11.0 75.0 7.9071 0.0 0.674 0.0 0.3 984.0 1.9811 10.0 
0.07374 163.42753 56.0 347.0 2.0 67.0 0.0 -1.6929 4.174 0.0 0.78102 999.0 2.5 12.0 60.0 1.0071 0.0 1.074 0.0 0.64031 998.0 2.4513 13.0 55.0 2.8071 0.0 0.0 -1.326 0.42426 997.0 1.931 13.0 53.0 4.3071 0.0 0.0 -2.726 0.28284 995.0 1.5939 11.0 59.0 5.6071 0.0 0.0 -3.626 0.22361 992.0 1.693 13.0 
0.10723 174.71578 53.0 1754.0 2.0 59.0 0.0 -1.8929 1.874 0.0 0.4 996.0 2.0914 15.0 66.0 0.0071 0.0 1.574 0.0 0.31623 992.0 2.1186 12.0 71.0 1.8071 0.0 1.874 0.0 0.31623 989.0 2.1453 11.0 75.0 3.5071 0.0 2.374 0.0 0.31623 986.0 2.1279 10.0 78.0 5.1071 0.0 2.774 0.0 0.3 984.0 2.1428 9.0 
0.07292 200.60886 84.0 2877.0 2.0 32.0 1.9071 0.0 0.374 0.0 0.1 999.0 1.0 15.0 34.0 1.8071 0.0 0.0 -0.026 0.1 998.0 1.0 13.0 37.0 1.8071 0.0 0.0 -0.426 0.0 996.0 1.0 12.0 45.0 1.9071 0.0 0.0 -0.626 0.0 994.0 1.0886 13.0 56.0 2.2071 0.0 0.0 -0.626 0.1 989.0 1.3346 11.0 
0.03635 285.71509 45.0 2483.0 2.0 44.0 0.0 -2.1929 2.274 0.0 0.3 1001.0 1.6478 21.0 52.0 0.0071 0.0 2.574 0.0 0.41231 1000.0 2.1245 19.0 54.0 2.3071 0.0 2.974 0.0 0.4 1000.0 2.291 18.0 53.0 4.6071 0.0 3.374 0.0 0.4 1000.0 2.207 18.0 52.0 6.9071 0.0 3.574 0.0 0.4 1000.0 2.1245 18.0 
0.09106 197.65626 292.0 128.0 2.0 63.0 0.0 -0.4929 2.174 0.0 0.22361 991.0 1.8426 15.0 64.0 0.6071 0.0 1.674 0.0 0.2 990.0 1.8189 14.0 63.0 1.7071 0.0 1.674 0.0 0.2 990.0 1.7625 14.0 62.0 2.7071 0.0 1.774 0.0 0.2 990.0 1.707 14.0 60.0 3.7071 0.0 1.774 0.0 0.1 990.0 1.5987 14.0 
0.0726 233.99754 96.0 975.0 2.0 64.0 0.1071 0.0 2.674 0.0 0.36056 992.0 1.9922 9.0 64.0 1.5071 0.0 1.474 0.0 0.31623 991.0 1.9016 9.0 64.0 2.9071 0.0 0.574 0.0 0.22361 991.0 1.9016 8.0 63.0 4.1071 0.0 0.0 -0.226 0.22361 990.0 1.7625 8.0 62.0 5.0071 0.0 0.0 -1.026 0.14142 990.0 1.707 8.0 
0.20993 78.1117 51.0 3439.0 2.0 60.0 0.0 -1.4929 2.374 0.0 0.42426 994.0 1.9352 9.0 62.0 0.4071 0.0 0.574 0.0 0.36056 994.0 2.0664 14.0 69.0 2.2071 0.0 0.0 -0.726 0.31623 988.0 1.9451 11.0 82.0 3.9071 0.0 0.0 -1.426 0.31623 981.0 2.1462 11.0 98.0 5.6071 0.0 0.0 -1.726 0.3 970.0 2.2812 9.0 
0.12693 326.05381 138.0 2969.0 2.0 45.0 0.6071 0.0 2.974 0.0 0.0 994.0 1.0886 13.0 47.0 0.6071 0.0 2.874 0.0 0.1 993.0 1.1281 12.0 51.0 0.9071 0.0 2.874 0.0 0.0 992.0 1.265 12.0 54.0 1.3071 0.0 2.874 0.0 0.1 991.0 1.3538 11.0 55.0 1.8071 0.0 2.674 0.0 0.0 991.0 1.4044 11.0 
0.03721 284.25551 109.0 3573.0 2.0 55.0 2.2071 0.0 1.574 0.0 0.1 992.0 1.4713 12.0 55.0 2.4071 0.0 0.874 0.0 0.14142 991.0 1.4044 11.0 56.0 2.7071 0.0 0.274 0.0 0.1 990.0 1.3926 11.0 58.0 3.0071 0.0 0.0 -0.326 0.1 989.0 1.4316 11.0 61.0 3.3071 0.0 0.0 -0.726 0.14142 987.0 1.4617 10.0 
0.04592 267.54699 45.0 2712.0 2.0 67.0 0.0 -0.9929 4.774 0.0 0.78102 1001.0 2.5 17.0 63.0 1.9071 0.0 1.474 0.0 0.70711 1000.0 2.5 15.0 59.0 4.5071 0.0 0.0 -0.826 0.42426 999.0 2.5 16.0 58.0 6.4071 0.0 0.0 -2.426 0.28284 997.0 2.1474 15.0 57.0 7.7071 0.0 0.0 -3.526 0.28284 994.0 1.7465 13.0 
0.07888 267.31433 59.0 601.0 2.0 51.0 2.3071 0.0 0.0 -1.126 0.2 995.0 1.4759 17.0 54.0 2.4071 0.0 0.074 0.0 0.2 994.0 1.5675 17.0 54.0 2.7071 0.0 1.274 0.0 0.2 994.0 1.5675 16.0 53.0 3.2071 0.0 2.174 0.0 0.2 994.0 1.51 17.0 54.0 4.2071 0.0 2.474 0.0 0.2 994.0 1.5675 17.0 
0.07612 67.88686 84.0 2488.0 2.0 32.0 0.4071 0.0 1.174 0.0 0.22361 1001.0 1.0 12.0 33.0 0.6071 0.0 0.074 0.0 0.22361 1000.0 1.0 11.0 36.0 0.9071 0.0 0.0 -0.926 0.14142 999.0 1.0 10.0 39.0 1.3071 0.0 0.0 -1.626 0.1 998.0 1.0357 12.0 46.0 1.8071 0.0 0.0 -1.826 0.1 995.0 1.2007 10.0 
0.14797 112.1609 60.0 1172.0 2.0 59.0 0.0 -1.4929 2.574 0.0 0.5 998.0 2.3703 16.0 64.0 0.5071 0.0 0.874 0.0 0.36056 995.0 2.3242 13.0 64.0 2.1071 0.0 0.0 -0.326 0.31623 993.0 2.0918 12.0 64.0 3.5071 0.0 0.0 -1.026 0.2 990.0 1.8189 11.0 67.0 4.6071 0.0 0.0 -1.326 0.2 988.0 1.834 10.0 
0.40556 58.39132 55.0 3618.0 2.0 69.0 0.0 -2.0929 0.0 -0.126 0.31623 991.0 2.2103 12.0 79.0 0.0071 0.0 0.0 -0.526 0.3 983.0 2.1248 10.0 95.0 1.9071 0.0 0.0 -0.126 0.31623 973.0 2.3045 10.0 109.0 3.7071 0.0 0.674 0.0 0.31623 962.0 2.3794 8.0 111.0 5.3071 0.0 1.374 0.0 0.31623 957.0 2.2472 8.0 
0.62412 34.02587 67.0 510.0 2.0 58.0 0.0 -0.4929 0.0 -0.926 0.14142 991.0 1.5618 15.0 70.0 0.2071 0.0 0.0 -0.226 0.14142 984.0 1.7258 12.0 75.0 1.0071 0.0 0.174 0.0 0.22361 981.0 1.7954 11.0 80.0 2.0071 0.0 0.174 0.0 0.2 979.0 1.9226 11.0 86.0 3.1071 0.0 0.0 -0.126 0.2 975.0 1.9879 10.0 
0.10973 320.44196 48.0 222.0 2.0 83.0 0.0 -1.4929 3.774 0.0 0.53852 988.0 2.5 9.0 94.0 1.3071 0.0 2.574 0.0 0.44721 981.0 2.5 9.0 95.0 3.7071 0.0 1.474 0.0 0.36056 975.0 2.4258 7.0 95.0 5.5071 0.0 0.674 0.0 0.36056 969.0 2.095 5.0 91.0 6.9071 0.0 0.174 0.0 0.31623 971.0 2.0138 5.0 
0.04919 241.49494 57.0 1425.0 2.0 48.0 0.0 -2.8929 0.0 -1.126 0.5 1000.0 1.8102 16.0 49.0 0.0 -0.7929 0.0 -2.026 0.31623 999.0 1.7517 14.0 52.0 1.1071 0.0 0.0 -2.326 0.31623 997.0 1.7261 12.0 57.0 2.9071 0.0 0.0 -2.026 0.31623 995.0 1.8436 14.0 66.0 4.5071 0.0 0.0 -1.526 0.3 991.0 2.0223 11.0 
0.03904 174.91031 53.0 3465.0 2.0 56.0 0.0 -2.8929 0.0 -0.826 0.41231 997.0 2.0019 9.0 63.0 0.0 -0.3929 0.0 -1.526 0.41231 995.0 2.2521 11.0 70.0 1.7071 0.0 0.0 -2.126 0.4 988.0 2.0019 8.0 76.0 3.7071 0.0 0.0 -2.226 0.3 985.0 2.1069 10.0 96.0 5.5071 0.0 0.0 -2.126 0.3 971.0 2.2412 7.0 
0.28103 25.09838 78.0 3549.0 2.0 45.0 0.0 -1.2929 0.474 0.0 0.28284 999.0 1.4773 14.0 49.0 0.0071 0.0 0.0 -0.226 0.2 997.0 1.5327 15.0 54.0 1.2071 0.0 0.0 -0.426 0.2 994.0 1.5675 13.0 56.0 2.2071 0.0 0.0 -0.326 0.14142 993.0 1.6015 12.0 58.0 3.1071 0.0 0.0 -0.026 0.1 991.0 1.5618 11.0 
0.06419 129.71082 184.0 3077.0 2.0 40.0 1.1071 0.0 1.174 0.0 0.2 999.0 1.1673 13.0 37.0 1.1071 0.0 0.374 0.0 0.14142 999.0 1.0 13.0 36.0 1.3071 0.0 0.0 -0.126 0.1 999.0 1.0 12.0 36.0 1.5071 0.0 0.0 -0.326 0.1 998.0 1.0 12.0 37.0 1.7071 0.0 0.0 -0.326 0.14142 998.0 1.0 12.0 
0.02662 309.0876 53.0 2207.0 2.0 57.0 0.0 -0.5929 4.374 0.0 0.56569 999.0 2.3703 15.0 58.0 1.6071 0.0 2.274 0.0 0.5 998.0 2.2906 17.0 60.0 3.6071 0.0 0.674 0.0 0.42426 996.0 2.1629 15.0 60.0 5.2071 0.0 0.0 -0.826 0.28284 994.0 1.9352 13.0 59.0 6.4071 0.0 0.0 -2.126 0.28284 994.0 1.8713 13.0 
0.03815 115.03084 58.0 836.0 2.0 41.0 0.0 -2.1929 1.474 0.0 0.44721 1001.0 1.4308 13.0 43.0 0.0 -0.8929 0.0 -0.526 0.36056 1000.0 1.4527 12.0 46.0 0.5071 0.0 0.0 -2.326 0.36056 1000.0 1.6625 15.0 51.0 2.1071 0.0 0.0 -3.726 0.36056 998.0 1.7711 13.0 56.0 4.0071 0.0 0.0 -4.626 0.31623 995.0 1.7795 11.0 
0.05114 253.61463 79.0 1028.0 2.0 35.0 0.7071 0.0 2.574 0.0 0.14142 1000.0 1.0 16.0 36.0 1.3071 0.0 1.874 0.0 0.22361 1000.0 1.0182 20.0 41.0 2.1071 0.0 1.574 0.0 0.1 998.0 1.1446 16.0 47.0 2.9071 0.0 1.674 0.0 0.1 997.0 1.4101 15.0 49.0 3.8071 0.0 1.874 0.0 0.1 996.0 1.4425 14.0 
0.11838 243.49429 63.0 2137.0 2.0 60.0 0.0 -2.4929 2.274 0.0 0.4 998.0 2.4513 16.0 63.0 0.0 -0.2929 2.174 0.0 0.31623 994.0 2.1336 13.0 67.0 1.4071 0.0 2.774 0.0 0.31623 991.0 2.0841 11.0 68.0 2.9071 0.0 3.674 0.0 0.22361 990.0 2.0534 11.0 65.0 4.1071 0.0 4.474 0.0 0.14142 989.0 1.798 11.0 
0.00651 145.63887 33.0 1706.0 2.0 68.0 0.0 -3.9929 3.274 0.0 0.86023 1001.0 2.5 13.0 63.0 0.0 -1.0929 0.0 -0.726 0.72111 1000.0 2.5 12.0 60.0 1.3071 0.0 0.0 -4.026 0.5831 999.0 2.5 11.0 61.0 3.5071 0.0 0.0 -6.726 0.5 998.0 2.5 13.0 65.0 5.8071 0.0 0.0 -8.526 0.5 995.0 2.3974 11.0 
0.46202 21.89443 65.0 3378.0 2.0 48.0 0.0 -1.9929 1.574 0.0 0.42426 999.0 1.6809 20.0 52.0 0.0 -0.0929 0.174 0.0 0.36056 997.0 1.7261 18.0 56.0 1.8071 0.0 0.0 -1.026 0.31623 995.0 1.7795 16.0 60.0 3.4071 0.0 0.0 -1.926 0.28284 992.0 1.7509 17.0 68.0 4.7071 0.0 0.0 -2.926 0.22361 988.0 1.8891 17.0 
0.20936 23.16855 66.0 4073.0 2.0 53.0 0.0 -1.4929 1.774 0.0 0.42426 998.0 1.9127 10.0 53.0 0.2071 0.0 0.0 -0.026 0.36056 996.0 1.6877 9.0 57.0 1.6071 0.0 0.0 -1.526 0.28284 994.0 1.7465 10.0 66.0 2.9071 0.0 0.0 -2.526 0.22361 986.0 1.6478 8.0 85.0 4.1071 0.0 0.0 -3.126 0.2 975.0 1.942 8.0 
0.07281 291.14152 110.0 3931.0 2.0 55.0 0.0071 0.0 3.274 0.0 0.28284 996.0 1.8174 14.0 55.0 1.3071 0.0 2.274 0.0 0.22361 996.0 1.8174 14.0 53.0 2.5071 0.0 1.674 0.0 0.22361 996.0 1.6877 14.0 50.0 3.6071 0.0 1.574 0.0 0.2 996.0 1.502 14.0 47.0 4.5071 0.0 1.874 0.0 0.2 997.0 1.4101 15.0 
0.06582 180.78034 74.0 3358.0 2.0 36.0 0.0 -1.2929 0.0 -1.426 0.22361 1001.0 1.1031 12.0 40.0 0.0 -0.0929 0.0 -1.626 0.31623 1000.0 1.2571 10.0 46.0 1.2071 0.0 0.0 -1.626 0.2 998.0 1.4408 12.0 52.0 2.5071 0.0 0.0 -1.526 0.2 996.0 1.6246 10.0 55.0 3.6071 0.0 0.0 -1.326 0.22361 995.0 1.7165 10.0 
0.16057 77.04923 71.0 2047.0 2.0 51.0 0.0 -1.5929 1.974 0.0 0.5 1001.0 2.2138 17.0 49.0 0.5071 0.0 0.474 0.0 0.36056 1000.0 1.8864 15.0 47.0 2.1071 0.0 0.0 -0.526 0.31623 998.0 1.5041 13.0 51.0 3.5071 0.0 0.0 -0.826 0.2 996.0 1.5627 15.0 58.0 4.6071 0.0 0.0 -0.726 0.2 993.0 1.7179 12.0 
0.24284 61.84866 74.0 826.0 2.0 50.0 0.0 -2.1929 0.074 0.0 0.3 998.0 1.7023 15.0 57.0 0.0 -0.2929 0.474 0.0 0.31623 996.0 1.952 14.0 61.0 1.3071 0.0 1.274 0.0 0.36056 994.0 2.0003 13.0 62.0 2.6071 0.0 2.374 0.0 0.22361 992.0 1.8696 12.0 63.0 3.7071 0.0 3.174 0.0 0.22361 991.0 1.8426 11.0 
0.28748 48.75749 54.0 2240.0 2.0 42.0 0.0 -1.2929 0.0 -0.226 0.2 1000.0 1.3859 18.0 51.0 0.1071 0.0 0.0 -0.426 0.31623 998.0 1.7711 15.0 56.0 1.8071 0.0 0.0 -0.826 0.31623 997.0 2.0019 14.0 57.0 3.5071 0.0 0.0 -1.426 0.36056 996.0 1.952 14.0 57.0 5.2071 0.0 0.0 -2.426 0.36056 997.0 2.074 14.0 
0.30047 232.49841 54.0 3177.0 2.0 85.0 0.0 -3.7929 1.974 0.0 0.60828 990.0 2.5 11.0 98.0 0.0 -0.2929 2.074 0.0 0.5099 982.0 2.5 9.0 98.0 2.6071 0.0 2.674 0.0 0.41231 978.0 2.5 8.0 95.0 4.8071 0.0 3.674 0.0 0.36056 977.0 2.5 8.0 96.0 6.4071 0.0 5.474 0.0 0.36056 974.0 2.4136 8.0 
0.03837 241.06549 94.0 734.0 2.0 74.0 2.0071 0.0 0.0 -1.526 0.2 982.0 1.8042 11.0 70.0 2.1071 0.0 0.0 -0.526 0.14142 983.0 1.6682 12.0 69.0 2.3071 0.0 0.074 0.0 0.1 982.0 1.5686 11.0 71.0 2.4071 0.0 0.474 0.0 0.14142 980.0 1.5602 11.0 73.0 2.8071 0.0 0.574 0.0 0.0 979.0 1.6009 11.0 
0.31528 116.7183 50.0 3488.0 2.0 87.0 0.0 -1.9929 3.874 0.0 0.86023 992.0 2.5 13.0 89.0 0.8071 0.0 0.674 0.0 0.56569 988.0 2.5 13.0 90.0 3.1071 0.0 0.0 -1.426 0.5 982.0 2.5 12.0 104.0 4.9071 0.0 0.0 -2.926 0.42426 964.0 2.2545 8.0 142.0 6.5071 0.0 0.0 -4.326 0.28284 926.0 2.3672 6.0 
0.05283 319.01497 51.0 1184.0 2.0 47.0 0.0 -1.4929 3.574 0.0 0.36056 999.0 1.6116 14.0 49.0 0.0071 0.0 2.874 0.0 0.3 996.0 1.4425 12.0 57.0 1.5071 0.0 3.074 0.0 0.22361 994.0 1.7465 13.0 73.0 3.2071 0.0 3.674 0.0 0.41231 989.0 2.2679 11.0 82.0 5.5071 0.0 3.874 0.0 0.4 985.0 2.4528 10.0 
0.01437 302.817 47.0 3738.0 2.0 54.0 0.0 -0.7929 3.874 0.0 0.5 1000.0 2.291 20.0 56.0 1.5071 0.0 2.274 0.0 0.5 1000.0 2.4639 18.0 54.0 3.7071 0.0 0.874 0.0 0.31623 999.0 2.1274 18.0 51.0 5.6071 0.0 0.174 0.0 0.31623 999.0 1.8976 17.0 47.0 7.2071 0.0 0.0 -0.326 0.3 999.0 1.6116 17.0 
0.04809 266.00859 58.0 302.0 2.0 64.0 0.6071 0.0 2.474 0.0 0.36056 991.0 1.9016 11.0 66.0 1.8071 0.0 1.574 0.0 0.22361 989.0 1.8538 11.0 68.0 2.9071 0.0 0.674 0.0 0.28284 987.0 1.8165 10.0 72.0 3.9071 0.0 0.0 -0.426 0.28284 986.0 1.961 10.0 77.0 5.1071 0.0 0.0 -1.526 0.28284 984.0 2.0882 9.0 
0.09265 158.13844 45.0 3408.0 2.0 67.0 0.0 -1.8929 3.774 0.0 0.70711 999.0 2.5 14.0 64.0 0.8071 0.0 1.174 0.0 0.56569 997.0 2.5 12.0 66.0 3.1071 0.0 0.0 -0.626 0.44721 995.0 2.4717 14.0 76.0 5.3071 0.0 0.0 -1.826 0.36056 989.0 2.4581 11.0 83.0 7.3071 0.0 0.0 -2.726 0.36056 984.0 2.4263 9.0 
0.14439 57.41677 80.0 2423.0 2.0 52.0 0.0 -0.2929 0.874 0.0 0.14142 993.0 1.3809 9.0 54.0 0.2071 0.0 0.474 0.0 0.1 992.0 1.4182 9.0 55.0 0.8071 0.0 0.274 0.0 0.1 992.0 1.4713 8.0 53.0 1.4071 0.0 0.274 0.0 0.1 993.0 1.4345 9.0 49.0 2.0071 0.0 0.274 0.0 0.1 995.0 1.3624 10.0 
0.07412 212.05435 74.0 424.0 2.0 44.0 0.4071 0.0 2.774 0.0 0.28284 1000.0 1.5211 26.0 44.0 1.5071 0.0 1.174 0.0 0.28284 1000.0 1.5211 25.0 44.0 2.6071 0.0 0.0 -0.226 0.31623 999.0 1.4124 24.0 44.0 3.4071 0.0 0.0 -1.426 0.28284 997.0 1.2359 17.0 48.0 4.2071 0.0 0.0 -2.326 0.22361 995.0 1.3074 15.0 
0.18647 67.73423 55.0 84.0 2.0 46.0 0.0 -1.0929 1.074 0.0 0.22361 999.0 1.5437 17.0 47.0 0.2071 0.0 0.574 0.0 0.22361 999.0 1.6116 17.0 47.0 1.6071 0.0 0.0 -0.026 0.2 999.0 1.6116 17.0 48.0 3.1071 0.0 0.0 -0.026 0.2 999.0 1.6809 17.0 47.0 4.6071 0.0 0.274 0.0 0.31623 999.0 1.6116 17.0 
0.38071 41.52148 49.0 3956.0 2.0 61.0 0.0 -2.9929 3.074 0.0 0.78102 1001.0 2.5 13.0 58.0 0.0071 0.0 0.374 0.0 0.64031 1000.0 2.5 12.0 57.0 2.6071 0.0 0.0 -1.826 0.56569 999.0 2.3703 11.0 55.0 4.9071 0.0 0.0 -3.726 0.5 997.0 1.931 10.0 56.0 6.7071 0.0 0.0 -5.426 0.36056 996.0 1.8841 12.0 
0.01931 304.66834 49.0 1355.0 2.0 60.0 0.0071 0.0 3.774 0.0 0.42426 998.0 2.4513 16.0 60.0 1.9071 0.0 1.974 0.0 0.36056 997.0 2.2981 15.0 59.0 3.7071 0.0 0.474 0.0 0.36056 997.0 2.2221 15.0 55.0 5.4071 0.0 0.0 -0.726 0.31623 997.0 1.931 15.0 49.0 6.9071 0.0 0.0 -1.326 0.22361 998.0 1.6349 16.0 
0.09442 315.92336 90.0 1336.0 2.0 59.0 0.0 -0.2929 3.674 0.0 0.42426 998.0 2.3703 16.0 52.0 1.4071 0.0 2.474 0.0 0.31623 998.0 1.8412 16.0 45.0 2.7071 0.0 1.974 0.0 0.2 999.0 1.4773 17.0 40.0 3.7071 0.0 1.974 0.0 0.1 999.0 1.1673 18.0 38.0 4.4071 0.0 2.274 0.0 0.22361 1000.0 1.1345 18.0 
0.07367 179.1179 60.0 2105.0 2.0 54.0 0.0 -0.0929 2.774 0.0 0.36056 997.0 1.8615 12.0 55.0 1.1071 0.0 1.174 0.0 0.28284 994.0 1.6261 11.0 57.0 2.2071 0.0 0.0 -0.026 0.28284 992.0 1.5802 10.0 63.0 3.3071 0.0 0.0 -1.026 0.22361 988.0 1.6215 8.0 80.0 4.5071 0.0 0.0 -1.826 0.22361 979.0 1.9226 9.0 
0.14207 35.39254 75.0 2324.0 2.0 47.0 0.0 -1.6929 1.374 0.0 0.36056 998.0 1.5041 11.0 47.0 0.0 -0.2929 0.0 -0.126 0.28284 997.0 1.4101 13.0 50.0 0.9071 0.0 0.0 -1.226 0.22361 994.0 1.3439 11.0 56.0 2.0071 0.0 0.0 -1.926 0.2 990.0 1.3926 11.0 58.0 3.0071 0.0 0.0 -2.326 0.1 988.0 1.3744 10.0 
0.15362 78.1117 57.0 3195.0 2.0 56.0 0.0 -1.7929 3.474 0.0 0.64031 1001.0 2.5 13.0 53.0 0.4071 0.0 0.574 0.0 0.56569 1001.0 2.3909 17.0 50.0 2.3071 0.0 0.0 -1.726 0.42426 1000.0 1.9642 15.0 50.0 3.8071 0.0 0.0 -3.326 0.36056 998.0 1.7023 13.0 53.0 5.2071 0.0 0.0 -4.626 0.28284 997.0 1.7931 15.0 
0.02367 234.69733 44.0 4128.0 2.0 64.0 0.0 -0.0929 3.674 0.0 0.5831 997.0 2.5 15.0 60.0 1.6071 0.0 1.374 0.0 0.42426 997.0 2.2981 15.0 57.0 3.3071 0.0 0.0 -0.226 0.36056 997.0 2.074 15.0 58.0 5.1071 0.0 0.0 -1.426 0.44721 997.0 2.1474 15.0 60.0 7.3071 0.0 0.0 -2.826 0.44721 998.0 2.4513 16.0 
0.22245 62.69156 114.0 1671.0 2.0 64.0 0.0 -1.0929 0.774 0.0 0.3 991.0 1.9016 9.0 73.0 0.3071 0.0 0.474 0.0 0.22361 984.0 1.8769 9.0 86.0 1.4071 0.0 0.674 0.0 0.14142 974.0 1.9369 8.0 87.0 2.3071 0.0 1.074 0.0 0.14142 973.0 1.9327 7.0 76.0 3.2071 0.0 1.474 0.0 0.14142 981.0 1.8436 8.0 
0.0879 234.60701 61.0 1666.0 2.0 78.0 0.0 -1.4929 2.474 0.0 0.3 987.0 2.39 13.0 82.0 0.4071 0.0 2.074 0.0 0.2 982.0 2.2154 11.0 89.0 1.9071 0.0 1.774 0.0 0.22361 975.0 2.129 10.0 99.0 3.3071 0.0 1.374 0.0 0.22361 966.0 2.1299 9.0 114.0 4.6071 0.0 1.074 0.0 0.22361 951.0 2.1409 7.0 
0.23402 48.39733 46.0 4010.0 2.0 62.0 0.0 -2.5929 0.0 -0.126 0.4 996.0 2.3095 9.0 74.0 0.0 -0.0929 0.0 -0.426 0.41231 991.0 2.5 9.0 84.0 2.5071 0.0 0.0 -1.226 0.53852 987.0 2.5 7.0 85.0 5.0071 0.0 0.0 -2.126 0.41231 984.0 2.5 7.0 84.0 7.1071 0.0 0.0 -2.826 0.31623 983.0 2.4023 7.0 
0.09915 172.68783 64.0 1926.0 2.0 51.0 0.0 -2.3929 0.674 0.0 0.31623 998.0 1.7711 16.0 56.0 0.0 -0.8929 1.274 0.0 0.28284 995.0 1.7795 13.0 60.0 0.2071 0.0 1.974 0.0 0.22361 992.0 1.7509 12.0 64.0 1.5071 0.0 2.574 0.0 0.22361 990.0 1.8189 11.0 69.0 2.9071 0.0 2.874 0.0 0.3 989.0 2.0261 10.0 
0.0692 315.92336 53.0 1990.0 2.0 79.0 0.0 -0.7929 3.274 0.0 0.41231 988.0 2.5 10.0 87.0 1.4071 0.0 2.474 0.0 0.41231 982.0 2.4938 9.0 93.0 3.3071 0.0 1.374 0.0 0.36056 976.0 2.3875 8.0 91.0 4.9071 0.0 0.274 0.0 0.31623 977.0 2.3494 8.0 84.0 6.3071 0.0 0.0 -0.626 0.22361 979.0 2.1196 8.0 
0.07282 140.98863 50.0 3182.0 2.0 48.0 0.0 -0.2929 2.674 0.0 0.36056 998.0 1.5688 14.0 56.0 1.0071 0.0 0.774 0.0 0.42426 996.0 1.8841 12.0 64.0 2.8071 0.0 0.0 -1.026 0.36056 994.0 2.2019 13.0 72.0 4.6071 0.0 0.0 -2.426 0.36056 990.0 2.3021 11.0 79.0 6.2071 0.0 0.0 -3.626 0.31623 984.0 2.1981 9.0 
0.04576 197.05256 73.0 702.0 2.0 67.0 0.0 -0.9929 0.0 -2.526 0.44721 993.0 2.2925 13.0 71.0 0.9071 0.0 0.0 -1.526 0.22361 987.0 1.9803 12.0 83.0 2.1071 0.0 0.0 -0.726 0.22361 978.0 2.0104 11.0 94.0 3.0071 0.0 0.174 0.0 0.14142 968.0 2.0055 9.0 101.0 3.7071 0.0 0.974 0.0 0.14142 961.0 2.0037 8.0 
0.05775 278.05547 56.0 1147.0 2.0 66.0 0.0 -1.2929 2.374 0.0 0.1 985.0 1.589 10.0 79.0 0.0 -0.3929 2.474 0.0 0.14142 979.0 1.8748 8.0 87.0 0.9071 0.0 2.374 0.0 0.31623 978.0 2.2088 8.0 85.0 2.8071 0.0 1.674 0.0 0.31623 982.0 2.3805 9.0 75.0 4.6071 0.0 1.374 0.0 0.3 987.0 2.2097 10.0 
0.05908 244.59289 81.0 293.0 2.0 41.0 0.4071 0.0 2.374 0.0 0.14142 999.0 1.2264 17.0 45.0 1.3071 0.0 1.774 0.0 0.2 998.0 1.3789 16.0 45.0 2.2071 0.0 1.274 0.0 0.22361 998.0 1.3789 16.0 44.0 3.0071 0.0 0.674 0.0 0.14142 998.0 1.3183 15.0 44.0 3.6071 0.0 0.074 0.0 0.14142 998.0 1.3183 15.0 
0.11608 166.73835 57.0 1168.0 2.0 58.0 0.0 -1.2929 2.374 0.0 0.44721 996.0 2.0211 16.0 63.0 0.6071 0.0 1.374 0.0 0.31623 993.0 2.0269 16.0 67.0 2.2071 0.0 1.074 0.0 0.2 989.0 1.9104 14.0 75.0 3.6071 0.0 1.174 0.0 0.2 985.0 2.0519 12.0 86.0 5.1071 0.0 1.174 0.0 0.3 978.0 2.1583 11.0 
0.08213 140.40892 55.0 1338.0 2.0 44.0 0.0 -0.7929 2.474 0.0 0.42426 1001.0 1.6478 17.0 46.0 0.8071 0.0 0.974 0.0 0.36056 1000.0 1.6625 15.0 48.0 2.3071 0.0 0.0 -0.326 0.36056 999.0 1.6809 13.0 52.0 3.7071 0.0 0.0 -1.426 0.36056 997.0 1.7261 15.0 60.0 5.1071 0.0 0.0 -2.426 0.36056 994.0 1.9352 13.0 
0.1974 41.52148 72.0 3953.0 2.0 46.0 0.0 -1.4929 1.474 0.0 0.36056 1000.0 1.6625 20.0 45.0 0.0071 0.0 0.374 0.0 0.31623 1000.0 1.591 19.0 43.0 1.3071 0.0 0.0 -0.326 0.2 1000.0 1.4527 18.0 41.0 2.5071 0.0 0.0 -0.426 0.2 1000.0 1.3207 18.0 41.0 3.6071 0.0 0.0 -0.026 0.14142 1000.0 1.3207 18.0 
0.23752 118.12228 93.0 3654.0 2.0 87.0 0.0 -1.4929 2.074 0.0 0.44721 982.0 2.4938 9.0 99.0 0.6071 0.0 0.874 0.0 0.36056 973.0 2.5 7.0 97.0 2.3071 0.0 0.0 -0.226 0.31623 971.0 2.2881 7.0 92.0 3.6071 0.0 0.0 -1.126 0.22361 971.0 2.0583 7.0 87.0 4.5071 0.0 0.0 -1.826 0.28284 973.0 1.9327 7.0 
0.03749 266.22295 116.0 2633.0 2.0 36.0 0.0 -1.9929 0.0 -1.626 0.22361 1000.0 1.0182 12.0 38.0 0.0 -0.8929 0.0 -2.226 0.22361 999.0 1.0535 11.0 42.0 0.2071 0.0 0.0 -2.426 0.22361 998.0 1.2011 11.0 49.0 1.3071 0.0 0.0 -2.426 0.22361 996.0 1.4425 11.0 56.0 2.3071 0.0 0.0 -2.026 0.22361 993.0 1.6015 9.0 
0.78631 38.08876 82.0 743.0 2.0 72.0 0.0 -1.3929 0.0 -0.926 0.31623 985.0 1.891 10.0 89.0 0.1071 0.0 0.0 -0.326 0.22361 975.0 2.129 10.0 100.0 1.4071 0.0 0.474 0.0 0.22361 967.0 2.2204 9.0 101.0 2.6071 0.0 1.374 0.0 0.28284 964.0 2.1263 8.0 100.0 3.6071 0.0 2.174 0.0 0.22361 963.0 2.0427 8.0 
0.85855 18.35579 58.0 1002.0 2.0 72.0 0.0 -1.6929 0.0 -0.626 0.3 989.0 2.2062 11.0 86.0 0.1071 0.0 0.0 -0.126 0.31623 979.0 2.2218 8.0 92.0 1.9071 0.0 0.374 0.0 0.3 975.0 2.275 8.0 88.0 3.6071 0.0 0.774 0.0 0.31623 978.0 2.2599 8.0 79.0 5.2071 0.0 1.374 0.0 0.31623 983.0 2.1248 9.0 
0.3888 22.93337 72.0 3872.0 2.0 59.0 0.0 -2.7929 2.074 0.0 0.5831 999.0 2.5 16.0 57.0 0.0 -0.1929 0.074 0.0 0.5 998.0 2.2123 14.0 53.0 1.8071 0.0 0.0 -1.526 0.28284 996.0 1.6877 13.0 52.0 3.2071 0.0 0.0 -2.726 0.14142 994.0 1.4536 11.0 57.0 4.2071 0.0 0.0 -3.326 0.14142 990.0 1.4428 12.0 
0.03464 205.90863 57.0 456.0 2.0 48.0 0.0 -2.7929 0.0 -0.026 0.42426 1000.0 1.8102 12.0 47.0 0.0 -0.8929 0.0 -1.626 0.36056 999.0 1.6116 11.0 48.0 0.8071 0.0 0.0 -2.826 0.36056 998.0 1.5688 12.0 53.0 2.6071 0.0 0.0 -3.626 0.22361 996.0 1.6877 12.0 61.0 4.3071 0.0 0.0 -4.126 0.31623 992.0 1.8098 10.0 
0.11062 104.99253 73.0 2982.0 2.0 44.0 0.0 -1.2929 0.0 -0.626 0.22361 998.0 1.3183 13.0 50.0 0.0 -0.1929 0.0 -0.926 0.22361 996.0 1.502 14.0 60.0 1.0071 0.0 0.0 -0.926 0.2 992.0 1.7509 12.0 63.0 2.2071 0.0 0.0 -0.726 0.2 991.0 1.8426 11.0 63.0 3.4071 0.0 0.0 -0.326 0.22361 991.0 1.8426 11.0 
0.05221 250.64248 71.0 1149.0 2.0 46.0 0.0 -1.2929 1.974 0.0 0.0 995.0 1.2007 13.0 55.0 0.0 -0.8929 2.074 0.0 0.1 991.0 1.4044 11.0 59.0 0.0 -0.3929 2.374 0.0 0.1 990.0 1.5458 11.0 65.0 0.5071 0.0 2.274 0.0 0.2 989.0 1.798 10.0 70.0 1.9071 0.0 1.574 0.0 0.22361 988.0 2.0019 10.0 
0.24081 64.32701 129.0 3006.0 2.0 41.0 0.0 -1.1929 0.074 0.0 0.14142 998.0 1.1446 18.0 46.0 0.0 -0.3929 0.0 -0.426 0.14142 995.0 1.2007 15.0 55.0 0.4071 0.0 0.0 -0.826 0.2 992.0 1.4713 16.0 65.0 1.3071 0.0 0.0 -1.026 0.2 987.0 1.6597 13.0 72.0 2.2071 0.0 0.0 -1.126 0.1 982.0 1.708 11.0 
0.08571 236.14911 46.0 4037.0 2.0 77.0 0.0 -1.1929 2.874 0.0 0.41231 988.0 2.4223 17.0 91.0 1.0071 0.0 1.874 0.0 0.41231 979.0 2.4876 14.0 101.0 3.1071 0.0 0.874 0.0 0.36056 971.0 2.4807 12.0 111.0 5.0071 0.0 0.0 -0.026 0.31623 960.0 2.3744 10.0 124.0 6.9071 0.0 0.0 -0.426 0.3 946.0 2.344 9.0 
0.07649 235.85728 72.0 3829.0 2.0 43.0 2.2071 0.0 0.674 0.0 0.1 996.0 1.1109 18.0 43.0 2.1071 0.0 0.274 0.0 0.14142 996.0 1.1109 18.0 43.0 2.2071 0.0 0.0 -0.026 0.14142 995.0 1.0492 18.0 46.0 2.5071 0.0 0.0 -0.326 0.14142 995.0 1.2007 17.0 50.0 3.0071 0.0 0.0 -0.626 0.14142 994.0 1.3439 17.0 
0.15835 136.34878 58.0 1750.0 2.0 45.0 0.0 -0.2929 0.0 -2.126 0.28284 998.0 1.3789 16.0 58.0 0.8071 0.0 0.0 -0.926 0.28284 994.0 1.8084 13.0 67.0 2.0071 0.0 0.574 0.0 0.36056 992.0 2.1833 12.0 70.0 3.3071 0.0 2.474 0.0 0.36056 991.0 2.2749 11.0 71.0 4.6071 0.0 4.374 0.0 0.36056 990.0 2.2386 11.0 
0.03203 258.10129 55.0 2807.0 2.0 52.0 0.1071 0.0 3.274 0.0 0.5 1001.0 2.3015 23.0 49.0 2.0071 0.0 1.174 0.0 0.5 1001.0 2.0436 21.0 46.0 3.5071 0.0 0.0 -0.526 0.28284 1000.0 1.6625 19.0 47.0 4.7071 0.0 0.0 -1.626 0.28284 999.0 1.6116 17.0 48.0 5.9071 0.0 0.0 -2.426 0.22361 998.0 1.5688 16.0 
0.1061 159.58258 118.0 720.0 2.0 62.0 0.4071 0.0 0.0 -1.526 0.1 987.0 1.5101 13.0 81.0 1.0071 0.0 0.0 -1.026 0.14142 976.0 1.8111 10.0 84.0 1.5071 0.0 0.0 -0.426 0.14142 973.0 1.8017 9.0 83.0 1.9071 0.0 0.174 0.0 0.1 973.0 1.7591 10.0 84.0 2.1071 0.0 0.874 0.0 0.14142 972.0 1.7578 9.0 
0.08712 191.53424 57.0 1164.0 2.0 43.0 0.0 -0.2929 2.174 0.0 0.22361 998.0 1.259 13.0 48.0 0.7071 0.0 1.574 0.0 0.2 996.0 1.3843 15.0 55.0 1.7071 0.0 1.474 0.0 0.2 993.0 1.5448 12.0 61.0 2.7071 0.0 1.674 0.0 0.14142 990.0 1.6524 11.0 71.0 3.9071 0.0 1.974 0.0 0.2 986.0 1.9069 10.0 
0.4586 27.7603 65.0 2341.0 2.0 40.0 0.0 -0.9929 0.0 -0.926 0.22361 999.0 1.1673 14.0 46.0 0.1071 0.0 0.0 -0.226 0.22361 998.0 1.4408 16.0 54.0 1.1071 0.0 0.674 0.0 0.22361 995.0 1.6546 13.0 60.0 2.2071 0.0 1.674 0.0 0.22361 993.0 1.8385 12.0 64.0 3.5071 0.0 2.574 0.0 0.22361 991.0 1.9016 11.0 
0.06125 143.87015 51.0 2268.0 2.0 51.0 0.0 -0.6929 3.174 0.0 0.5 1000.0 2.0435 17.0 51.0 1.1071 0.0 0.674 0.0 0.42426 999.0 1.8976 15.0 51.0 2.7071 0.0 0.0 -1.326 0.42426 997.0 1.6604 14.0 52.0 4.3071 0.0 0.0 -2.926 0.36056 997.0 1.7261 17.0 57.0 5.8071 0.0 0.0 -4.226 0.36056 994.0 1.7465 14.0 
0.05789 226.19519 51.0 3435.0 2.0 49.0 0.0 -0.6929 2.874 0.0 0.44721 1001.0 2.0436 27.0 53.0 1.4071 0.0 1.474 0.0 0.36056 999.0 2.0493 24.0 55.0 3.3071 0.0 0.0 -0.126 0.42426 998.0 2.0598 21.0 56.0 4.9071 0.0 0.0 -1.726 0.42426 997.0 2.0019 20.0 55.0 6.4071 0.0 0.0 -3.126 0.28284 997.0 1.931 19.0 
0.32795 25.57494 62.0 1416.0 2.0 61.0 0.0 -1.4929 0.974 0.0 0.28284 992.0 1.8098 10.0 72.0 0.0 -0.1929 0.0 -0.126 0.31623 987.0 2.0365 10.0 87.0 1.2071 0.0 0.0 -0.926 0.28284 976.0 2.0894 8.0 93.0 2.5071 0.0 0.0 -1.526 0.22361 972.0 2.1546 7.0 96.0 3.9071 0.0 0.0 -2.026 0.31623 969.0 2.1393 7.0 
0.06721 285.90003 90.0 2940.0 2.0 62.0 0.0 -1.0929 2.874 0.0 0.22361 990.0 1.707 11.0 65.0 0.0 -0.0929 2.574 0.0 0.2 988.0 1.7261 10.0 68.0 1.0071 0.0 2.674 0.0 0.2 987.0 1.8165 10.0 70.0 2.2071 0.0 2.974 0.0 0.2 987.0 1.9249 10.0 68.0 3.4071 0.0 3.374 0.0 0.22361 988.0 1.8891 10.0 
0.29251 58.29206 66.0 1790.0 2.0 47.0 0.0 -1.0929 0.0 -0.826 0.2 999.0 1.6116 18.0 50.0 0.3071 0.0 0.0 -0.426 0.31623 998.0 1.7023 16.0 49.0 1.6071 0.0 0.174 0.0 0.22361 998.0 1.6349 16.0 47.0 2.9071 0.0 0.774 0.0 0.22361 999.0 1.6116 16.0 46.0 4.2071 0.0 1.374 0.0 0.22361 999.0 1.5437 17.0 
0.10783 230.21535 70.0 2003.0 2.0 46.0 0.0 -0.6929 2.274 0.0 0.1 995.0 1.2007 15.0 54.0 0.0071 0.0 2.074 0.0 0.2 992.0 1.4182 16.0 66.0 0.9071 0.0 2.074 0.0 0.1 987.0 1.7112 13.0 78.0 1.8071 0.0 2.074 0.0 0.2 980.0 1.883 11.0 88.0 2.9071 0.0 1.974 0.0 0.2 971.0 1.8832 9.0 
0.14417 186.1939 65.0 1663.0 2.0 106.0 0.0 -2.0929 1.474 0.0 0.5 970.0 2.5 7.0 112.0 0.1071 0.0 1.674 0.0 0.3 959.0 2.3726 6.0 117.0 1.7071 0.0 1.674 0.0 0.3 950.0 2.2193 6.0 120.0 3.2071 0.0 1.574 0.0 0.22361 945.0 2.1629 5.0 120.0 4.4071 0.0 1.274 0.0 0.22361 944.0 2.1316 5.0 
0.05121 218.30081 85.0 1284.0 2.0 48.0 0.2071 0.0 2.674 0.0 0.28284 999.0 1.6809 18.0 45.0 1.4071 0.0 1.374 0.0 0.28284 1000.0 1.591 18.0 42.0 2.4071 0.0 0.374 0.0 0.14142 1000.0 1.3859 18.0 39.0 3.2071 0.0 0.0 -0.526 0.14142 1000.0 1.195 19.0 39.0 3.9071 0.0 0.0 -1.226 0.14142 1000.0 1.195 19.0 
0.07008 229.08438 50.0 687.0 2.0 60.0 0.0 -0.7929 2.874 0.0 0.44721 997.0 2.2981 15.0 61.0 1.2071 0.0 1.674 0.0 0.36056 996.0 2.2356 14.0 59.0 3.1071 0.0 0.474 0.0 0.36056 996.0 2.0914 14.0 57.0 4.8071 0.0 0.0 -0.626 0.31623 997.0 2.074 15.0 54.0 6.4071 0.0 0.0 -1.626 0.28284 998.0 1.9855 15.0 
0.07669 146.67239 69.0 2407.0 2.0 47.0 0.0 -2.2929 0.0 -0.626 0.36056 1000.0 1.7355 15.0 48.0 0.0 -0.4929 0.0 -1.226 0.31623 999.0 1.6809 14.0 50.0 1.2071 0.0 0.0 -1.426 0.2 998.0 1.7023 16.0 55.0 2.5071 0.0 0.0 -1.426 0.2 994.0 1.6261 13.0 59.0 3.7071 0.0 0.0 -1.426 0.2 992.0 1.693 12.0 
0.11129 263.51518 82.0 3834.0 2.0 65.0 0.0 -0.9929 2.574 0.0 0.2 988.0 1.7261 13.0 67.0 0.0071 0.0 2.374 0.0 0.1 987.0 1.7634 13.0 70.0 1.0071 0.0 2.474 0.0 0.1 985.0 1.7874 12.0 74.0 2.0071 0.0 2.674 0.0 0.14142 983.0 1.8643 12.0 80.0 2.9071 0.0 2.974 0.0 0.22361 978.0 1.8677 11.0 
0.09589 216.90509 55.0 1745.0 2.0 38.0 1.7071 0.0 0.0 -1.726 0.2 1000.0 1.1345 19.0 44.0 1.9071 0.0 0.0 -0.426 0.22361 999.0 1.4124 17.0 47.0 2.5071 0.0 0.774 0.0 0.22361 998.0 1.5041 16.0 48.0 3.4071 0.0 1.574 0.0 0.2 998.0 1.5688 15.0 51.0 4.9071 0.0 1.474 0.0 0.31623 998.0 1.7711 16.0 
0.23555 88.93632 54.0 2695.0 2.0 66.0 0.0 -2.6929 2.474 0.0 0.64031 997.0 2.5 13.0 67.0 0.2071 0.0 0.774 0.0 0.53852 995.0 2.5 15.0 70.0 2.7071 0.0 0.0 -0.326 0.41231 992.0 2.3832 16.0 73.0 4.6071 0.0 0.0 -0.726 0.3 987.0 2.0934 13.0 79.0 6.0071 0.0 0.0 -0.626 0.2 981.0 1.992 11.0 
0.02004 285.43508 53.0 3119.0 2.0 80.0 0.4071 0.0 3.574 0.0 0.5 988.0 2.5 10.0 79.0 2.1071 0.0 1.474 0.0 0.42426 987.0 2.4517 10.0 82.0 3.7071 0.0 0.0 -0.126 0.36056 982.0 2.2154 9.0 94.0 4.9071 0.0 0.0 -1.626 0.28284 971.0 2.1488 7.0 107.0 6.0071 0.0 0.0 -2.926 0.28284 959.0 2.1655 6.0 
0.08519 186.5357 116.0 2563.0 2.0 50.0 0.0 -0.1929 2.174 0.0 0.22361 996.0 1.502 15.0 52.0 0.8071 0.0 1.474 0.0 0.22361 995.0 1.5343 13.0 53.0 1.7071 0.0 0.974 0.0 0.22361 994.0 1.51 13.0 54.0 2.5071 0.0 0.474 0.0 0.14142 993.0 1.4892 12.0 54.0 3.1071 0.0 0.0 -0.126 0.14142 992.0 1.4182 12.0 
0.05415 257.90167 97.0 772.0 2.0 71.0 2.2071 0.0 0.0 -0.826 0.1 979.0 1.5143 11.0 70.0 2.2071 0.0 0.0 -0.726 0.1 979.0 1.472 11.0 70.0 2.4071 0.0 0.0 -0.726 0.1 980.0 1.5166 11.0 68.0 2.7071 0.0 0.0 -0.726 0.1 981.0 1.4759 11.0 68.0 3.0071 0.0 0.0 -0.926 0.1 980.0 1.4312 10.0 
0.05841 282.99137 81.0 3734.0 2.0 44.0 0.5071 0.0 0.0 -2.626 0.22361 997.0 1.2359 12.0 51.0 1.4071 0.0 0.0 -2.126 0.2 994.0 1.3982 13.0 59.0 2.2071 0.0 0.0 -1.826 0.2 990.0 1.5458 11.0 62.0 3.1071 0.0 0.0 -1.726 0.22361 989.0 1.6359 11.0 61.0 4.0071 0.0 0.0 -1.926 0.2 990.0 1.6524 11.0 
0.35776 12.23339 73.0 2828.0 2.0 61.0 0.0 -1.3929 1.274 0.0 0.28284 995.0 2.1114 14.0 62.0 0.1071 0.0 0.0 -0.026 0.36056 993.0 1.9631 12.0 60.0 1.5071 0.0 0.0 -0.726 0.22361 993.0 1.8385 12.0 59.0 2.8071 0.0 0.0 -1.126 0.22361 993.0 1.7777 12.0 59.0 3.9071 0.0 0.0 -1.526 0.22361 992.0 1.693 12.0 
0.44496 8.25172 88.0 327.0 2.0 44.0 0.0 -0.2929 0.0 -0.926 0.1 997.0 1.2359 15.0 54.0 0.0071 0.0 0.074 0.0 0.1 993.0 1.4892 12.0 61.0 0.4071 0.0 1.174 0.0 0.2 990.0 1.6524 11.0 65.0 0.9071 0.0 2.274 0.0 0.22361 989.0 1.798 10.0 68.0 1.8071 0.0 3.174 0.0 0.22361 987.0 1.8165 10.0 
0.13515 136.17336 88.0 2325.0 2.0 61.0 0.0 -1.7929 0.774 0.0 0.2 991.0 1.7275 12.0 71.0 0.0 -0.5929 1.074 0.0 0.22361 985.0 1.8388 10.0 73.0 0.4071 0.0 1.774 0.0 0.14142 983.0 1.8143 9.0 77.0 1.3071 0.0 2.474 0.0 0.14142 980.0 1.8351 8.0 83.0 2.1071 0.0 2.974 0.0 0.1 974.0 1.8042 8.0 
0.43152 141.4162 95.0 724.0 2.0 50.0 0.0 -0.3929 1.374 0.0 0.1 992.0 1.2159 29.0 53.0 0.0071 0.0 1.274 0.0 0.1 991.0 1.3041 28.0 57.0 0.4071 0.0 1.374 0.0 0.14142 989.0 1.3827 26.0 63.0 0.8071 0.0 1.674 0.0 0.14142 986.0 1.5014 24.0 72.0 1.3071 0.0 2.074 0.0 0.14142 979.0 1.5573 19.0 
0.13178 162.56959 104.0 3083.0 2.0 54.0 0.0 -0.1929 1.774 0.0 0.14142 993.0 1.4892 12.0 53.0 0.5071 0.0 1.374 0.0 0.1 993.0 1.4345 12.0 54.0 1.0071 0.0 1.374 0.0 0.1 991.0 1.3538 12.0 57.0 1.6071 0.0 1.274 0.0 0.1 990.0 1.4428 11.0 60.0 2.2071 0.0 1.074 0.0 0.1 989.0 1.5321 10.0 
0.09363 195.01871 52.0 2404.0 2.0 53.0 0.0 -0.3929 2.874 0.0 0.42426 999.0 2.0493 17.0 55.0 1.3071 0.0 1.174 0.0 0.36056 998.0 2.0598 16.0 56.0 3.0071 0.0 0.0 -0.326 0.36056 997.0 2.0019 15.0 58.0 4.7071 0.0 0.0 -1.726 0.42426 997.0 2.1474 15.0 54.0 6.2071 0.0 0.0 -3.126 0.36056 997.0 1.8615 16.0 
0.19092 84.17478 67.0 3445.0 2.0 53.0 0.0 -0.1929 1.574 0.0 0.22361 994.0 1.51 18.0 56.0 0.7071 0.0 0.274 0.0 0.36056 993.0 1.6015 17.0 58.0 1.8071 0.0 0.0 -0.926 0.22361 990.0 1.4939 13.0 67.0 2.9071 0.0 0.0 -1.626 0.22361 982.0 1.479 10.0 89.0 3.9071 0.0 0.0 -2.126 0.2 966.0 1.7213 9.0 
0.10042 201.71074 73.0 3391.0 2.0 48.0 0.0071 0.0 2.074 0.0 0.14142 996.0 1.3843 14.0 49.0 0.7071 0.0 1.674 0.0 0.1 995.0 1.3624 14.0 50.0 1.6071 0.0 1.474 0.0 0.1 995.0 1.4186 13.0 51.0 2.5071 0.0 1.674 0.0 0.2 996.0 1.5627 14.0 50.0 3.4071 0.0 2.074 0.0 0.22361 996.0 1.502 14.0 
0.09206 64.32701 50.0 3429.0 2.0 67.0 0.0 -3.1929 1.774 0.0 0.64031 998.0 2.5 14.0 64.0 0.0 -0.3929 0.0 -0.426 0.5 996.0 2.4609 12.0 66.0 1.9071 0.0 0.0 -2.126 0.5 994.0 2.3416 14.0 73.0 4.0071 0.0 0.0 -3.326 0.31623 987.0 2.0934 11.0 87.0 6.0071 0.0 0.0 -3.926 0.31623 979.0 2.2738 11.0 
0.13851 158.62698 56.0 657.0 2.0 63.0 0.0 -2.3929 1.174 0.0 0.3 993.0 2.0269 14.0 71.0 0.0 -0.3929 1.374 0.0 0.31623 987.0 1.9803 11.0 88.0 1.4071 0.0 1.674 0.0 0.3 977.0 2.1971 11.0 106.0 3.2071 0.0 1.574 0.0 0.31623 963.0 2.2952 8.0 130.0 4.9071 0.0 1.274 0.0 0.31623 936.0 2.2417 7.0 
0.04961 72.87608 35.0 1350.0 2.0 63.0 0.0 -2.4929 3.474 0.0 0.89443 1000.0 2.5 12.0 60.0 0.0 -0.3929 0.0 -0.526 0.72111 999.0 2.5 11.0 58.0 1.5071 0.0 0.0 -3.626 0.5831 997.0 2.1474 10.0 61.0 3.3071 0.0 0.0 -6.126 0.5 996.0 2.2356 12.0 68.0 5.3071 0.0 0.0 -7.926 0.44721 992.0 2.249 10.0 
0.08101 152.2047 68.0 1581.0 2.0 63.0 0.0 -0.9929 2.274 0.0 0.36056 994.0 2.1336 12.0 60.0 0.5071 0.0 1.274 0.0 0.31623 994.0 1.9352 13.0 57.0 1.9071 0.0 0.674 0.0 0.2 995.0 1.8436 13.0 54.0 3.2071 0.0 0.374 0.0 0.2 995.0 1.6546 13.0 51.0 4.3071 0.0 0.274 0.0 0.2 996.0 1.5627 14.0 
0.16726 152.97662 61.0 4132.0 2.0 75.0 0.0 -1.5929 1.974 0.0 0.31623 989.0 2.3938 11.0 72.0 0.1071 0.0 1.374 0.0 0.2 988.0 2.1179 10.0 64.0 1.4071 0.0 1.274 0.0 0.2 991.0 1.9016 11.0 55.0 2.5071 0.0 1.274 0.0 0.2 994.0 1.6261 12.0 47.0 3.4071 0.0 1.274 0.0 0.1 996.0 1.3272 14.0 
0.11663 101.0933 90.0 707.0 2.0 62.0 0.0 -0.0929 1.574 0.0 0.14142 991.0 1.7846 11.0 65.0 0.7071 0.0 0.574 0.0 0.14142 988.0 1.7261 10.0 70.0 1.5071 0.0 0.0 -0.126 0.1 984.0 1.7258 9.0 71.0 2.2071 0.0 0.0 -0.426 0.1 982.0 1.6609 9.0 75.0 2.8071 0.0 0.0 -0.326 0.14142 980.0 1.741 8.0 
0.02674 262.29294 45.0 32.0 2.0 58.0 0.0 -4.1929 0.0 -1.326 0.5099 1000.0 2.5 15.0 66.0 0.0 -0.7929 0.0 -2.226 0.63246 998.0 2.5 14.0 68.0 2.5071 0.0 0.0 -3.526 0.53852 996.0 2.5 12.0 69.0 5.1071 0.0 0.0 -4.526 0.41231 994.0 2.5 13.0 69.0 7.2071 0.0 0.0 -4.926 0.31623 990.0 2.1142 11.0 
0.41176 18.35579 63.0 3160.0 2.0 62.0 0.0 -1.5929 1.274 0.0 0.36056 993.0 1.9631 7.0 71.0 0.1071 0.0 0.0 -0.126 0.36056 989.0 2.1453 8.0 82.0 1.6071 0.0 0.0 -1.226 0.28284 980.0 2.0811 6.0 91.0 2.9071 0.0 0.0 -2.026 0.22361 971.0 2.0138 5.0 100.0 4.0071 0.0 0.0 -2.326 0.2 963.0 2.0427 5.0 
0.03059 271.43498 112.0 4183.0 2.0 61.0 0.0 -0.8929 0.0 -2.526 0.2 990.0 1.6524 9.0 71.0 0.3071 0.0 0.0 -2.426 0.2 982.0 1.6609 8.0 92.0 1.2071 0.0 0.0 -2.326 0.2 967.0 1.8793 7.0 104.0 2.0071 0.0 0.0 -2.126 0.1 956.0 1.9381 6.0 96.0 2.7071 0.0 0.0 -1.826 0.0 962.0 1.8457 6.0 
0.05172 281.67125 47.0 356.0 2.0 92.0 0.0071 0.0 3.674 0.0 0.42426 981.0 2.5 9.0 95.0 1.9071 0.0 1.674 0.0 0.42426 977.0 2.5 8.0 99.0 3.8071 0.0 0.0 -0.126 0.42426 973.0 2.5 7.0 99.0 5.6071 0.0 0.0 -1.426 0.36056 972.0 2.4416 7.0 90.0 7.2071 0.0 0.0 -2.026 0.22361 975.0 2.1771 8.0 
0.19531 93.11877 90.0 2360.0 2.0 45.0 0.0 -1.9929 0.0 -0.826 0.28284 1000.0 1.591 18.0 48.0 0.0 -0.7929 0.274 0.0 0.31623 998.0 1.5688 16.0 49.0 0.0071 0.0 1.774 0.0 0.22361 998.0 1.6349 16.0 47.0 0.6071 0.0 3.274 0.0 0.22361 998.0 1.5041 16.0 43.0 1.0071 0.0 4.574 0.0 0.22361 999.0 1.3489 17.0 
0.05174 256.8341 43.0 3459.0 2.0 60.0 0.0 -1.3929 3.774 0.0 0.64031 1000.0 2.5 19.0 58.0 1.2071 0.0 1.974 0.0 0.5 1000.0 2.5 18.0 57.0 3.6071 0.0 0.574 0.0 0.44721 999.0 2.3703 18.0 55.0 5.9071 0.0 0.0 -0.626 0.31623 1000.0 2.3767 18.0 50.0 7.9071 0.0 0.0 -1.426 0.44721 1000.0 1.9642 19.0 
0.11874 244.59289 51.0 258.0 2.0 65.0 0.0 -0.7929 3.674 0.0 0.42426 996.0 2.5 15.0 68.0 1.3071 0.0 1.774 0.0 0.5 994.0 2.4857 13.0 67.0 3.2071 0.0 0.174 0.0 0.36056 992.0 2.1833 12.0 68.0 4.9071 0.0 0.0 -1.026 0.28284 990.0 2.0534 11.0 71.0 6.3071 0.0 0.0 -2.026 0.22361 987.0 1.9803 10.0 
0.03409 283.12456 54.0 1398.0 2.0 63.0 0.6071 0.0 2.974 0.0 0.36056 993.0 2.0269 12.0 66.0 2.0071 0.0 1.574 0.0 0.36056 993.0 2.2245 12.0 64.0 3.7071 0.0 0.274 0.0 0.28284 994.0 2.2019 12.0 57.0 5.1071 0.0 0.0 -0.926 0.22361 996.0 1.952 14.0 49.0 6.3071 0.0 0.0 -1.726 0.22361 998.0 1.6349 15.0 
0.0379 310.58559 58.0 1145.0 2.0 50.0 0.0071 0.0 3.374 0.0 0.28284 998.0 1.7023 16.0 52.0 1.3071 0.0 2.474 0.0 0.31623 997.0 1.7261 15.0 54.0 2.8071 0.0 1.774 0.0 0.22361 996.0 1.752 14.0 52.0 4.1071 0.0 1.274 0.0 0.2 996.0 1.6246 14.0 51.0 5.3071 0.0 1.174 0.0 0.1 995.0 1.4759 14.0 
0.23858 22.67945 63.0 2589.0 2.0 43.0 0.0 -1.0929 1.774 0.0 0.36056 1000.0 1.4527 18.0 47.0 0.1071 0.0 0.174 0.0 0.28284 999.0 1.6116 18.0 48.0 1.4071 0.0 0.0 -1.026 0.31623 999.0 1.6809 17.0 48.0 2.8071 0.0 0.0 -1.826 0.22361 998.0 1.5688 16.0 46.0 4.0071 0.0 0.0 -2.326 0.22361 999.0 1.5437 17.0 
0.01623 212.05435 82.0 3503.0 2.0 89.0 0.4071 0.0 3.074 0.0 0.44721 980.0 2.4516 8.0 85.0 1.5071 0.0 1.174 0.0 0.28284 980.0 2.2362 8.0 81.0 2.7071 0.0 0.0 -0.026 0.14142 980.0 2.0307 8.0 80.0 3.7071 0.0 0.0 -0.626 0.2 979.0 1.9226 8.0 81.0 4.6071 0.0 0.0 -0.726 0.2 976.0 1.8111 8.0 
0.39256 8.25172 110.0 1970.0 2.0 42.0 0.0 -0.7929 0.0 -0.026 0.1 998.0 1.2011 15.0 48.0 0.0071 0.0 0.074 0.0 0.2 996.0 1.3843 14.0 52.0 0.7071 0.0 0.374 0.0 0.1 993.0 1.3809 12.0 54.0 1.3071 0.0 0.574 0.0 0.1 992.0 1.4182 12.0 54.0 1.7071 0.0 0.674 0.0 0.1 991.0 1.3538 11.0 
0.45288 14.00819 67.0 2527.0 2.0 56.0 0.0 -1.9929 0.0 -0.126 0.4 997.0 2.0019 9.0 60.0 0.0071 0.0 0.0 -0.126 0.22361 994.0 1.9352 10.0 68.0 1.6071 0.0 0.0 -0.026 0.2 989.0 1.9678 8.0 73.0 3.0071 0.0 0.174 0.0 0.2 984.0 1.8769 7.0 77.0 4.1071 0.0 0.174 0.0 0.2 981.0 1.8924 6.0 
0.03779 277.97437 244.0 2786.0 2.0 88.0 0.9071 0.0 3.474 0.0 0.5831 984.0 2.5 12.0 86.0 2.3071 0.0 0.974 0.0 0.36056 982.0 2.4368 11.0 86.0 3.6071 0.0 0.0 -0.526 0.28284 978.0 2.1583 11.0 90.0 4.8071 0.0 0.0 -1.326 0.22361 973.0 2.0683 10.0 97.0 6.0071 0.0 0.0 -1.526 0.2 967.0 2.0892 9.0 
0.06725 112.86066 95.0 3831.0 2.0 43.0 0.0 -2.1929 0.174 0.0 0.36056 1000.0 1.4527 12.0 42.0 0.0 -0.5929 0.0 -0.826 0.36056 999.0 1.2869 11.0 43.0 0.9071 0.0 0.0 -1.626 0.22361 998.0 1.259 14.0 43.0 2.1071 0.0 0.0 -2.026 0.22361 997.0 1.1803 13.0 47.0 3.1071 0.0 0.0 -2.426 0.1 994.0 1.1875 11.0 
0.07133 162.56959 83.0 2081.0 2.0 56.0 0.1071 0.0 1.674 0.0 0.0 990.0 1.3926 8.0 58.0 0.5071 0.0 1.374 0.0 0.1 990.0 1.4939 8.0 60.0 1.2071 0.0 1.274 0.0 0.1 989.0 1.5321 8.0 62.0 1.9071 0.0 1.374 0.0 0.1 988.0 1.5705 8.0 64.0 2.5071 0.0 1.574 0.0 0.1 987.0 1.6091 7.0 
0.07839 108.91054 49.0 870.0 2.0 55.0 0.0 -0.7929 3.574 0.0 0.67082 1001.0 2.5 17.0 55.0 0.9071 0.0 0.374 0.0 0.5 1000.0 2.3767 15.0 54.0 2.8071 0.0 0.0 -1.826 0.42426 999.0 2.1274 16.0 54.0 4.7071 0.0 0.0 -3.126 0.31623 998.0 1.9855 16.0 58.0 6.4071 0.0 0.0 -3.626 0.22361 995.0 1.9088 13.0 
0.25312 77.04923 95.0 446.0 2.0 36.0 0.2071 0.0 0.674 0.0 0.1 998.0 1.0 17.0 42.0 0.5071 0.0 0.474 0.0 0.1 996.0 1.0598 18.0 51.0 0.9071 0.0 0.374 0.0 0.14142 992.0 1.265 15.0 55.0 1.3071 0.0 0.174 0.0 0.14142 991.0 1.4044 14.0 56.0 1.8071 0.0 0.0 -0.026 0.1 990.0 1.3926 14.0 
0.08827 82.03842 55.0 3805.0 2.0 42.0 0.0 -2.0929 0.574 0.0 0.42426 1001.0 1.5014 13.0 44.0 0.0 -0.3929 0.0 -0.626 0.36056 1000.0 1.5211 16.0 47.0 1.2071 0.0 0.0 -1.526 0.31623 999.0 1.6116 14.0 53.0 2.9071 0.0 0.0 -2.626 0.36056 998.0 1.9127 13.0 58.0 4.8071 0.0 0.0 -3.826 0.22361 996.0 2.0211 14.0 
0.10054 124.78821 49.0 2888.0 2.0 64.0 0.0 -1.1929 2.874 0.0 0.5 996.0 2.4609 14.0 64.0 0.7071 0.0 0.874 0.0 0.36056 996.0 2.4609 14.0 63.0 2.6071 0.0 0.0 -0.726 0.36056 996.0 2.3846 14.0 62.0 4.5071 0.0 0.0 -2.026 0.36056 996.0 2.3095 14.0 56.0 6.4071 0.0 0.0 -3.026 0.31623 998.0 2.1353 15.0 
0.0786 148.01451 87.0 1837.0 2.0 67.0 0.1071 0.0 2.474 0.0 0.36056 991.0 2.0841 11.0 66.0 1.0071 0.0 0.874 0.0 0.28284 990.0 1.9344 11.0 64.0 1.8071 0.0 0.0 -0.326 0.14142 989.0 1.7431 11.0 65.0 2.5071 0.0 0.0 -1.026 0.1 987.0 1.6597 10.0 69.0 3.2071 0.0 0.0 -1.126 0.2 984.0 1.6768 9.0 
0.07121 242.39428 56.0 3979.0 2.0 62.0 0.8071 0.0 0.0 -2.826 0.22361 993.0 1.9631 12.0 75.0 1.8071 0.0 0.0 -1.226 0.28284 985.0 2.0519 10.0 86.0 3.0071 0.0 0.174 0.0 0.28284 979.0 2.2218 8.0 88.0 4.2071 0.0 1.174 0.0 0.36056 977.0 2.1971 8.0 80.0 5.6071 0.0 1.874 0.0 0.22361 981.0 2.0427 9.0 
0.08982 251.26993 47.0 2867.0 2.0 84.0 0.0 -1.3929 3.874 0.0 0.56569 988.0 2.5 10.0 88.0 0.9071 0.0 2.074 0.0 0.44721 984.0 2.5 9.0 87.0 3.2071 0.0 0.774 0.0 0.41231 983.0 2.5 9.0 85.0 5.3071 0.0 0.0 -0.126 0.31623 982.0 2.3805 9.0 81.0 6.9071 0.0 0.0 -0.726 0.31623 982.0 2.1617 9.0 
0.11232 35.39254 77.0 1608.0 2.0 35.0 0.0 -1.3929 0.574 0.0 0.22361 1000.0 1.0 12.0 37.0 0.0 -0.2929 0.0 -0.126 0.28284 1000.0 1.0756 11.0 40.0 0.8071 0.0 0.0 -0.826 0.22361 999.0 1.1673 14.0 45.0 1.9071 0.0 0.0 -1.426 0.2 997.0 1.2927 12.0 52.0 3.1071 0.0 0.0 -1.826 0.22361 994.0 1.4536 10.0 
0.11334 102.71108 86.0 695.0 2.0 48.0 0.0 -0.6929 1.474 0.0 0.22361 998.0 1.5688 16.0 52.0 0.5071 0.0 0.774 0.0 0.3 997.0 1.7261 15.0 54.0 1.8071 0.0 0.374 0.0 0.2 995.0 1.6546 13.0 54.0 2.8071 0.0 0.174 0.0 0.2 994.0 1.5675 13.0 54.0 3.7071 0.0 0.174 0.0 0.1 993.0 1.4892 12.0 
0.17706 132.32608 47.0 2075.0 2.0 65.0 0.0 -2.5929 1.974 0.0 0.53852 998.0 2.5 13.0 64.0 0.2071 0.0 1.174 0.0 0.53852 997.0 2.5 15.0 68.0 2.6071 0.0 0.774 0.0 0.41231 993.0 2.3614 12.0 74.0 4.7071 0.0 0.274 0.0 0.36056 990.0 2.4318 11.0 77.0 6.7071 0.0 0.0 -0.626 0.31623 987.0 2.3291 10.0 
0.08002 275.67418 44.0 822.0 2.0 96.0 0.0 -1.6929 4.774 0.0 0.78102 988.0 2.5 10.0 95.0 1.5071 0.0 1.974 0.0 0.64031 985.0 2.5 10.0 91.0 4.0071 0.0 0.0 -0.626 0.56569 984.0 2.5 9.0 84.0 6.1071 0.0 0.0 -2.726 0.5 986.0 2.5 10.0 73.0 7.8071 0.0 0.0 -4.526 0.42426 989.0 2.2679 11.0 
0.09264 280.0525 80.0 2496.0 2.0 59.0 0.0 -2.4929 2.174 0.0 0.3 995.0 1.9752 13.0 62.0 0.0 -1.0929 2.274 0.0 0.22361 992.0 1.8696 11.0 59.0 0.0071 0.0 2.874 0.0 0.22361 993.0 1.7777 12.0 56.0 1.0071 0.0 3.774 0.0 0.22361 994.0 1.6858 13.0 52.0 1.9071 0.0 4.674 0.0 0.22361 996.0 1.6246 14.0 
0.0724 191.53424 58.0 1630.0 2.0 43.0 0.0 -0.6929 2.274 0.0 0.31623 1000.0 1.4527 20.0 45.0 0.7071 0.0 1.574 0.0 0.22361 999.0 1.4773 18.0 46.0 2.0071 0.0 1.174 0.0 0.22361 999.0 1.5437 17.0 49.0 3.4071 0.0 0.774 0.0 0.31623 999.0 1.7517 16.0 49.0 4.9071 0.0 0.374 0.0 0.2 998.0 1.6349 16.0 
0.04938 241.14112 90.0 2479.0 2.0 52.0 0.0 -0.7929 2.974 0.0 0.36056 1000.0 2.1245 18.0 52.0 0.9071 0.0 1.974 0.0 0.2 998.0 1.8412 16.0 50.0 2.3071 0.0 1.674 0.0 0.2 997.0 1.5959 15.0 50.0 3.4071 0.0 1.874 0.0 0.2 996.0 1.502 14.0 50.0 4.5071 0.0 2.074 0.0 0.2 996.0 1.502 14.0 
0.11878 183.08024 67.0 2857.0 2.0 51.0 0.0 -1.7929 1.674 0.0 0.3 997.0 1.6604 15.0 50.0 0.0 -0.4929 1.574 0.0 0.22361 996.0 1.502 14.0 49.0 0.5071 0.0 2.174 0.0 0.22361 997.0 1.5327 15.0 49.0 1.6071 0.0 2.874 0.0 0.22361 998.0 1.6349 15.0 47.0 2.9071 0.0 3.474 0.0 0.2 999.0 1.6116 16.0 
0.20814 18.35579 57.0 4209.0 2.0 44.0 0.0 -1.5929 0.974 0.0 0.36056 1002.0 1.7976 18.0 41.0 0.1071 0.0 0.0 -0.126 0.31623 1001.0 1.4308 17.0 43.0 1.7071 0.0 0.0 -0.826 0.2 1000.0 1.4527 20.0 47.0 3.1071 0.0 0.0 -1.126 0.31623 999.0 1.6116 17.0 49.0 4.6071 0.0 0.0 -1.426 0.3 999.0 1.7517 16.0 
0.08427 191.29221 69.0 2504.0 2.0 44.0 0.0 -1.8929 1.074 0.0 0.2 996.0 1.1632 12.0 54.0 0.0 -0.8929 1.474 0.0 0.22361 994.0 1.5675 13.0 62.0 0.1071 0.0 2.274 0.0 0.22361 990.0 1.707 11.0 69.0 1.2071 0.0 2.774 0.0 0.2 986.0 1.801 10.0 75.0 2.5071 0.0 2.774 0.0 0.31623 983.0 1.9151 9.0 
0.04187 122.04986 266.0 2412.0 2.0 41.0 0.0 -2.1929 0.274 0.0 0.36056 1001.0 1.4308 13.0 42.0 0.0 -0.5929 0.0 -0.926 0.36056 1000.0 1.3859 12.0 43.0 1.0071 0.0 0.0 -1.826 0.31623 1000.0 1.4527 16.0 45.0 2.5071 0.0 0.0 -2.526 0.22361 998.0 1.3789 14.0 49.0 3.8071 0.0 0.0 -3.126 0.28284 996.0 1.4425 12.0 
0.27494 43.18263 51.0 3828.0 2.0 50.0 0.0 -2.2929 0.774 0.0 0.4 1001.0 2.1279 16.0 50.0 0.1071 0.0 0.374 0.0 0.31623 1000.0 1.9642 15.0 52.0 2.1071 0.0 0.0 -0.426 0.36056 999.0 1.9727 17.0 54.0 3.7071 0.0 0.0 -1.326 0.31623 997.0 1.8615 15.0 59.0 5.3071 0.0 0.0 -2.226 0.36056 996.0 2.0914 14.0 
0.03315 226.19519 45.0 4058.0 2.0 50.0 0.0 -0.6929 2.774 0.0 0.44721 1001.0 2.1279 20.0 50.0 1.4071 0.0 1.474 0.0 0.44721 1001.0 2.1279 20.0 48.0 3.3071 0.0 0.074 0.0 0.36056 1001.0 1.961 20.0 46.0 5.1071 0.0 0.0 -1.226 0.36056 1001.0 1.801 21.0 43.0 6.9071 0.0 0.0 -2.426 0.36056 1002.0 1.7168 23.0 
0.1039 216.04052 157.0 889.0 2.0 28.0 0.0 -1.3929 1.474 0.0 0.0 1001.0 1.0 17.0 32.0 0.0 -0.9929 1.674 0.0 0.1 1000.0 1.0 20.0 38.0 0.0 -0.6929 2.174 0.0 0.22361 999.0 1.0535 17.0 42.0 0.0 -0.3929 2.974 0.0 0.14142 997.0 1.1261 15.0 44.0 0.0 -0.0929 3.674 0.0 0.2 997.0 1.2359 15.0 
0.09175 201.65087 74.0 609.0 2.0 60.0 0.0 -0.0929 2.474 0.0 0.28284 995.0 2.0427 13.0 54.0 0.9071 0.0 1.574 0.0 0.22361 995.0 1.6546 13.0 49.0 1.7071 0.0 1.274 0.0 0.1 995.0 1.3624 13.0 46.0 2.2071 0.0 1.374 0.0 0.0 996.0 1.2713 13.0 45.0 2.6071 0.0 1.274 0.0 0.14142 996.0 1.2166 14.0 
0.0183 297.27297 66.0 1063.0 2.0 63.0 1.3071 0.0 2.874 0.0 0.36056 995.0 2.2521 13.0 59.0 2.4071 0.0 1.174 0.0 0.28284 994.0 1.8713 13.0 57.0 3.4071 0.0 0.0 -0.026 0.22361 993.0 1.6592 13.0 59.0 4.3071 0.0 0.0 -0.926 0.14142 992.0 1.693 12.0 61.0 5.1071 0.0 0.0 -1.626 0.14142 990.0 1.6524 11.0 
0.13961 244.59289 48.0 1530.0 2.0 102.0 0.0 -1.7929 4.174 0.0 0.70711 982.0 2.5 14.0 104.0 1.3071 0.0 1.774 0.0 0.5831 978.0 2.5 13.0 100.0 3.8071 0.0 0.274 0.0 0.42426 974.0 2.5 12.0 99.0 5.6071 0.0 0.0 -0.926 0.36056 971.0 2.3834 12.0 101.0 7.0071 0.0 0.0 -1.826 0.28284 966.0 2.2168 11.0 
0.37784 53.71602 78.0 3270.0 2.0 61.0 0.0 -0.8929 1.374 0.0 0.28284 991.0 1.7275 16.0 71.0 0.3071 0.0 0.374 0.0 0.22361 986.0 1.9069 16.0 85.0 1.5071 0.0 0.0 -0.326 0.22361 976.0 1.9944 13.0 95.0 2.7071 0.0 0.0 -0.826 0.2 968.0 2.0484 11.0 109.0 3.8071 0.0 0.0 -1.126 0.2 955.0 2.0922 10.0 
0.0569 161.59047 65.0 4120.0 2.0 49.0 0.0 -2.3929 0.0 -0.926 0.41231 1000.0 1.8864 19.0 54.0 0.0 -0.2929 0.0 -1.426 0.31623 998.0 1.9855 16.0 53.0 1.4071 0.0 0.0 -1.326 0.22361 997.0 1.7931 15.0 50.0 2.8071 0.0 0.0 -0.726 0.22361 998.0 1.7023 15.0 47.0 4.0071 0.0 0.0 -0.226 0.22361 998.0 1.5041 16.0 
0.08531 158.18985 102.0 965.0 2.0 38.0 1.4071 0.0 1.274 0.0 0.3 1001.0 1.2291 17.0 35.0 1.4071 0.0 0.0 -0.226 0.1 1000.0 1.0 16.0 34.0 1.4071 0.0 0.0 -1.026 0.1 999.0 1.0 14.0 36.0 1.4071 0.0 0.0 -1.526 0.0 997.0 1.0 12.0 42.0 1.4071 0.0 0.0 -1.526 0.0 994.0 1.0 13.0 
0.1041 152.12534 55.0 2242.0 2.0 52.0 0.0 -1.1929 2.174 0.0 0.36056 999.0 1.9727 13.0 54.0 0.7071 0.0 1.174 0.0 0.31623 998.0 1.9855 12.0 55.0 2.4071 0.0 0.174 0.0 0.36056 997.0 1.931 11.0 56.0 3.9071 0.0 0.0 -0.926 0.36056 996.0 1.8841 11.0 57.0 5.3071 0.0 0.0 -1.926 0.28284 995.0 1.8436 10.0 
0.40047 2.99167 98.0 3258.0 2.0 40.0 0.0 -0.8929 0.174 0.0 0.14142 998.0 1.0895 18.0 44.0 0.0071 0.0 0.0 -0.026 0.1 996.0 1.1632 15.0 50.0 0.7071 0.0 0.074 0.0 0.1 993.0 1.2767 17.0 61.0 1.2071 0.0 0.174 0.0 0.0 987.0 1.4617 13.0 68.0 1.4071 0.0 0.474 0.0 0.1 983.0 1.5743 12.0 
0.07291 107.02187 69.0 1678.0 2.0 40.0 0.0 -0.8929 2.174 0.0 0.36056 1002.0 1.4856 13.0 38.0 0.4071 0.0 0.874 0.0 0.22361 1001.0 1.2291 17.0 40.0 1.6071 0.0 0.374 0.0 0.22361 1000.0 1.2571 14.0 44.0 2.8071 0.0 0.174 0.0 0.2 999.0 1.4124 13.0 45.0 4.0071 0.0 0.274 0.0 0.2 998.0 1.3789 12.0 
0.02301 205.27698 45.0 1509.0 2.0 53.0 0.0 -2.6929 0.0 -0.426 0.42426 999.0 2.0493 11.0 56.0 0.0 -0.2929 0.0 -1.826 0.44721 998.0 2.1353 13.0 63.0 2.2071 0.0 0.0 -2.726 0.5099 996.0 2.3846 11.0 71.0 4.9071 0.0 0.0 -3.226 0.41231 993.0 2.5 13.0 78.0 7.2071 0.0 0.0 -3.626 0.41231 987.0 2.39 10.0 
0.11076 131.83447 50.0 3699.0 2.0 47.0 0.0 -1.0929 2.374 0.0 0.28284 998.0 1.5041 17.0 52.0 0.5071 0.0 1.074 0.0 0.36056 998.0 1.8412 17.0 56.0 2.4071 0.0 0.0 -0.526 0.42426 998.0 2.1353 17.0 56.0 4.3071 0.0 0.0 -2.226 0.42426 998.0 2.1353 17.0 59.0 6.0071 0.0 0.0 -3.926 0.42426 996.0 2.0914 15.0 
0.26781 72.25976 55.0 1333.0 2.0 59.0 0.0 -1.7929 2.074 0.0 0.42426 996.0 2.0914 12.0 63.0 0.3071 0.0 0.574 0.0 0.31623 994.0 2.1336 14.0 71.0 2.2071 0.0 0.0 -0.426 0.36056 988.0 2.0595 11.0 85.0 4.0071 0.0 0.0 -1.426 0.28284 980.0 2.2362 11.0 106.0 5.5071 0.0 0.0 -2.426 0.28284 963.0 2.2952 8.0 
0.09466 202.03239 56.0 1869.0 2.0 52.0 0.0 -1.6929 2.474 0.0 0.44721 999.0 1.9727 14.0 53.0 0.4071 0.0 1.774 0.0 0.4 998.0 1.9127 15.0 59.0 2.4071 0.0 1.474 0.0 0.3 995.0 1.9752 14.0 62.0 4.1071 0.0 1.074 0.0 0.31623 993.0 1.9631 13.0 63.0 5.6071 0.0 0.474 0.0 0.22361 991.0 1.8426 12.0 
0.11561 241.889 77.0 392.0 2.0 63.0 0.0 -0.0929 2.774 0.0 0.36056 995.0 2.2521 18.0 64.0 1.5071 0.0 1.574 0.0 0.36056 993.0 2.0918 16.0 64.0 2.9071 0.0 0.574 0.0 0.31623 991.0 1.9016 15.0 65.0 4.1071 0.0 0.0 -0.026 0.22361 989.0 1.798 14.0 67.0 5.0071 0.0 0.0 -0.326 0.1 986.0 1.6981 12.0 
0.16559 62.18838 56.0 4105.0 2.0 52.0 0.0 -2.1929 0.874 0.0 0.44721 999.0 1.9727 16.0 50.0 0.0 -0.1929 0.0 -0.526 0.36056 998.0 1.7023 14.0 51.0 1.6071 0.0 0.0 -1.526 0.22361 997.0 1.6604 16.0 57.0 3.1071 0.0 0.0 -2.226 0.36056 993.0 1.6592 14.0 69.0 4.8071 0.0 0.0 -3.126 0.22361 990.0 2.1142 14.0 
0.29233 85.01661 50.0 171.0 2.0 77.0 0.0 -3.2929 2.174 0.0 0.76158 999.0 2.5 14.0 69.0 0.5071 0.0 0.574 0.0 0.53852 998.0 2.5 16.0 66.0 3.1071 0.0 0.0 -0.426 0.44721 995.0 2.4717 13.0 66.0 5.1071 0.0 0.0 -1.326 0.31623 992.0 2.1186 12.0 66.0 6.6071 0.0 0.0 -1.926 0.22361 990.0 1.9344 11.0 
0.07619 107.02187 59.0 1189.0 2.0 32.0 0.0 -0.5929 1.374 0.0 0.14142 1002.0 1.0 19.0 34.0 0.4071 0.0 0.874 0.0 0.2 1001.0 1.0 17.0 38.0 1.5071 0.0 0.574 0.0 0.22361 1001.0 1.2291 21.0 44.0 2.7071 0.0 0.274 0.0 0.2 999.0 1.4124 18.0 48.0 4.0071 0.0 0.074 0.0 0.2 998.0 1.5688 16.0 
0.08288 146.70683 48.0 1524.0 2.0 66.0 0.0 -1.0929 3.074 0.0 0.44721 995.0 2.4717 13.0 69.0 0.6071 0.0 1.174 0.0 0.36056 992.0 2.3156 12.0 73.0 2.5071 0.0 0.0 -0.126 0.36056 990.0 2.3665 11.0 79.0 4.5071 0.0 0.0 -1.226 0.44721 987.0 2.4517 10.0 81.0 6.5071 0.0 0.0 -2.326 0.31623 985.0 2.3933 9.0 
0.16835 63.97938 77.0 1450.0 2.0 36.0 0.0 -0.4929 1.174 0.0 0.22361 1000.0 1.0182 22.0 39.0 0.5071 0.0 0.274 0.0 0.22361 999.0 1.1096 20.0 44.0 1.6071 0.0 0.0 -0.326 0.22361 998.0 1.3183 22.0 46.0 2.6071 0.0 0.0 -0.626 0.1 997.0 1.3508 20.0 47.0 3.4071 0.0 0.0 -0.626 0.14142 996.0 1.3272 18.0 
0.07311 174.71578 74.0 775.0 2.0 64.0 0.0 -1.1929 1.674 0.0 0.2 989.0 1.7431 11.0 76.0 0.0071 0.0 1.574 0.0 0.1 981.0 1.8436 9.0 89.0 1.0071 0.0 1.474 0.0 0.2 971.0 1.9263 7.0 95.0 2.0071 0.0 1.474 0.0 0.22361 966.0 1.9613 7.0 102.0 3.1071 0.0 1.374 0.0 0.1 959.0 1.9678 6.0 
0.12723 133.60022 66.0 281.0 2.0 63.0 0.0 -0.6929 1.874 0.0 0.31623 991.0 1.8426 12.0 73.0 0.7071 0.0 0.974 0.0 0.22361 985.0 1.9439 13.0 82.0 1.9071 0.0 0.274 0.0 0.28284 979.0 2.0199 11.0 93.0 3.0071 0.0 0.0 -0.526 0.28284 969.0 2.0077 9.0 120.0 4.1071 0.0 0.0 -1.226 0.22361 943.0 2.1011 7.0 
0.27204 187.04361 53.0 1793.0 2.0 87.0 0.0 -2.1929 2.174 0.0 0.41231 977.0 2.1474 9.0 108.0 0.0 -0.1929 1.674 0.0 0.4 963.0 2.3827 8.0 130.0 1.8071 0.0 1.774 0.0 0.4 941.0 2.3974 7.0 140.0 3.8071 0.0 1.774 0.0 0.31623 930.0 2.4119 6.0 135.0 5.6071 0.0 1.274 0.0 0.22361 934.0 2.3563 6.0 
0.09975 93.62417 177.0 3437.0 2.0 50.0 0.0 -0.1929 1.674 0.0 0.22361 996.0 1.502 11.0 51.0 0.5071 0.0 0.674 0.0 0.22361 995.0 1.4759 10.0 53.0 1.3071 0.0 0.0 -0.126 0.22361 994.0 1.51 10.0 53.0 2.2071 0.0 0.0 -0.626 0.1 994.0 1.51 9.0 53.0 3.0071 0.0 0.0 -0.826 0.22361 993.0 1.4345 9.0 
0.03665 269.99085 62.0 500.0 2.0 44.0 1.0071 0.0 3.474 0.0 0.41231 1000.0 1.5211 16.0 45.0 2.0071 0.0 1.374 0.0 0.36056 1000.0 1.591 15.0 47.0 3.2071 0.0 0.0 -0.626 0.36056 999.0 1.6116 15.0 50.0 4.5071 0.0 0.0 -2.426 0.36056 998.0 1.7023 13.0 55.0 5.8071 0.0 0.0 -4.026 0.28284 995.0 1.7165 11.0 
0.09053 142.52618 78.0 487.0 2.0 60.0 0.0 -2.2929 0.0 -0.226 0.22361 992.0 1.7509 12.0 73.0 0.0 -1.0929 0.674 0.0 0.22361 985.0 1.9439 9.0 77.0 0.0 -0.1929 1.674 0.0 0.22361 981.0 1.8924 9.0 76.0 0.8071 0.0 2.074 0.0 0.14142 981.0 1.8436 9.0 79.0 1.7071 0.0 2.074 0.0 0.22361 979.0 1.8748 8.0 
0.30013 32.11459 84.0 722.0 2.0 47.0 0.0 -0.7929 0.174 0.0 0.1 995.0 1.2535 11.0 58.0 0.0 -0.0929 0.274 0.0 0.22361 991.0 1.5618 11.0 68.0 0.7071 0.0 0.574 0.0 0.14142 986.0 1.7492 9.0 71.0 1.4071 0.0 1.074 0.0 0.14142 984.0 1.7754 9.0 67.0 2.0071 0.0 1.874 0.0 0.14142 987.0 1.7634 10.0 
0.23659 77.04923 46.0 1843.0 2.0 54.0 0.0 -1.9929 2.374 0.0 0.5 1001.0 2.4819 17.0 56.0 0.5071 0.0 0.474 0.0 0.5831 999.0 2.2879 15.0 55.0 2.9071 0.0 0.0 -0.826 0.44721 998.0 2.0598 13.0 60.0 4.9071 0.0 0.0 -1.626 0.41231 996.0 2.1629 14.0 65.0 6.8071 0.0 0.0 -2.226 0.31623 993.0 2.1576 12.0 
0.01531 304.66834 49.0 1496.0 2.0 55.0 0.1071 0.0 3.974 0.0 0.5 1000.0 2.3767 18.0 53.0 1.9071 0.0 1.974 0.0 0.42426 1000.0 2.207 18.0 51.0 3.6071 0.0 0.374 0.0 0.36056 1000.0 2.0435 18.0 49.0 5.3071 0.0 0.0 -0.926 0.42426 1000.0 1.8864 18.0 46.0 6.8071 0.0 0.0 -2.126 0.28284 1000.0 1.6625 19.0 
0.06962 264.33541 48.0 1504.0 2.0 74.0 0.0 -1.8929 3.074 0.0 0.44721 993.0 2.5 9.0 80.0 0.7071 0.0 2.274 0.0 0.5 989.0 2.5 8.0 82.0 3.3071 0.0 2.074 0.0 0.3 986.0 2.5 7.0 75.0 5.3071 0.0 1.974 0.0 0.31623 987.0 2.2097 7.0 70.0 6.8071 0.0 1.874 0.0 0.2 988.0 2.0019 7.0 
0.08036 215.08886 50.0 3967.0 2.0 47.0 0.0 -2.1929 1.474 0.0 0.31623 1001.0 1.8802 21.0 44.0 0.0 -0.4929 1.874 0.0 0.31623 1001.0 1.6478 20.0 42.0 1.1071 0.0 2.174 0.0 0.22361 1001.0 1.5014 20.0 39.0 2.5071 0.0 2.274 0.0 0.22361 1001.0 1.2946 21.0 35.0 3.8071 0.0 2.074 0.0 0.2 1002.0 1.1374 22.0 
0.05773 251.22187 63.0 3248.0 2.0 62.0 0.1071 0.0 2.874 0.0 0.28284 992.0 1.8696 8.0 61.0 1.1071 0.0 1.974 0.0 0.22361 992.0 1.8098 9.0 56.0 2.3071 0.0 1.374 0.0 0.14142 994.0 1.6858 9.0 51.0 3.4071 0.0 1.074 0.0 0.22361 996.0 1.5627 10.0 47.0 4.5071 0.0 0.974 0.0 0.22361 998.0 1.5041 12.0 
0.08589 266.36685 46.0 1205.0 2.0 67.0 0.0 -0.9929 3.174 0.0 0.44721 993.0 2.2925 14.0 73.0 1.2071 0.0 2.074 0.0 0.31623 987.0 2.0934 11.0 85.0 3.0071 0.0 1.674 0.0 0.3 977.0 2.0498 8.0 106.0 5.0071 0.0 1.174 0.0 0.31623 961.0 2.207 7.0 123.0 6.9071 0.0 0.574 0.0 0.3 944.0 2.2395 6.0 
0.0689 227.86887 62.0 830.0 2.0 44.0 1.1071 0.0 2.174 0.0 0.22361 998.0 1.3183 17.0 48.0 1.8071 0.0 0.974 0.0 0.28284 997.0 1.4708 20.0 54.0 2.6071 0.0 0.0 -0.226 0.28284 995.0 1.6546 17.0 61.0 3.5071 0.0 0.0 -1.426 0.28284 991.0 1.7275 15.0 68.0 4.4071 0.0 0.0 -2.426 0.22361 987.0 1.8165 13.0 
0.0863 64.32701 252.0 2684.0 2.0 68.0 0.0 -3.9929 1.974 0.0 0.72111 999.0 2.5 11.0 66.0 0.0 -0.3929 0.0 -0.426 0.5831 999.0 2.5 14.0 65.0 2.4071 0.0 0.0 -2.426 0.56569 997.0 2.5 12.0 65.0 4.6071 0.0 0.0 -4.426 0.42426 993.0 2.1576 10.0 68.0 6.1071 0.0 0.0 -5.826 0.22361 989.0 1.9678 11.0 
0.16893 107.02187 51.0 679.0 2.0 51.0 0.0 -1.5929 1.674 0.0 0.36056 998.0 1.7711 14.0 55.0 0.4071 0.0 0.874 0.0 0.36056 996.0 1.8174 12.0 63.0 2.3071 0.0 0.0 -0.026 0.36056 994.0 2.1336 13.0 68.0 4.1071 0.0 0.0 -0.826 0.31623 991.0 2.1467 11.0 74.0 5.8071 0.0 0.0 -1.226 0.31623 986.0 2.0715 10.0 
0.1115 77.04923 53.0 2173.0 2.0 40.0 0.0 -1.0929 1.274 0.0 0.31623 1001.0 1.3618 18.0 41.0 0.5071 0.0 0.474 0.0 0.31623 1001.0 1.4308 17.0 44.0 2.2071 0.0 0.0 -0.126 0.22361 1000.0 1.5211 20.0 48.0 3.7071 0.0 0.0 -0.726 0.3 999.0 1.6809 17.0 52.0 5.2071 0.0 0.0 -1.126 0.22361 997.0 1.7261 15.0 
0.1607 77.04923 72.0 4144.0 2.0 59.0 0.0 -0.8929 1.774 0.0 0.36056 997.0 2.2221 15.0 54.0 0.5071 0.0 0.474 0.0 0.31623 997.0 1.8615 14.0 50.0 1.7071 0.0 0.0 -0.026 0.22361 997.0 1.5959 14.0 49.0 2.8071 0.0 0.0 -0.126 0.1 997.0 1.5327 14.0 48.0 3.7071 0.0 0.0 -0.126 0.22361 997.0 1.4708 14.0 
0.05743 218.67807 60.0 2436.0 2.0 62.0 0.0 -0.3929 2.774 0.0 0.36056 995.0 2.1812 14.0 62.0 1.3071 0.0 1.474 0.0 0.31623 995.0 2.1812 13.0 58.0 2.9071 0.0 0.474 0.0 0.31623 995.0 1.9088 13.0 55.0 4.4071 0.0 0.0 -0.126 0.22361 996.0 1.8174 14.0 50.0 5.5071 0.0 0.0 -0.426 0.1 996.0 1.502 14.0 
0.08204 296.49524 70.0 4079.0 2.0 93.0 0.0 -0.0929 3.174 0.0 0.22361 970.0 2.0544 7.0 95.0 1.0071 0.0 2.474 0.0 0.2 968.0 2.0484 7.0 97.0 2.1071 0.0 2.074 0.0 0.2 966.0 2.0447 7.0 99.0 3.2071 0.0 1.874 0.0 0.2 963.0 2.0021 6.0 102.0 4.2071 0.0 2.074 0.0 0.22361 960.0 2.005 6.0 
0.22537 63.71887 105.0 390.0 2.0 63.0 0.0 -1.0929 1.074 0.0 0.22361 991.0 1.8426 12.0 72.0 0.0071 0.0 0.574 0.0 0.2 985.0 1.891 9.0 78.0 1.1071 0.0 0.674 0.0 0.2 980.0 1.883 8.0 79.0 2.1071 0.0 1.074 0.0 0.22361 980.0 1.9316 8.0 77.0 3.1071 0.0 1.774 0.0 0.14142 981.0 1.8924 9.0 
0.04242 135.31835 54.0 1099.0 2.0 45.0 0.0 -2.8929 0.674 0.0 0.36056 1001.0 1.7236 19.0 48.0 0.0 -0.7929 0.0 -0.926 0.5 1001.0 1.961 17.0 50.0 1.2071 0.0 0.0 -2.626 0.5 1000.0 1.9642 15.0 51.0 3.2071 0.0 0.0 -4.026 0.36056 999.0 1.8976 14.0 55.0 5.0071 0.0 0.0 -4.926 0.31623 997.0 1.931 16.0 
0.71509 73.93353 36.0 3745.0 2.0 79.0 0.0 -3.4929 3.074 0.0 0.86023 999.0 2.5 10.0 77.0 0.6071 0.0 0.274 0.0 0.72111 997.0 2.5 12.0 82.0 4.5071 0.0 0.0 -1.826 0.63246 994.0 2.5 10.0 81.0 8.0071 0.0 0.0 -3.026 0.41231 991.0 2.5 11.0 80.0 10.6071 0.0 0.0 -3.026 0.44721 987.0 2.5 10.0 
0.88925 38.12432 51.0 1699.0 2.0 82.0 0.0 -2.6929 2.074 0.0 0.67082 990.0 2.5 12.0 83.0 0.2071 0.0 0.274 0.0 0.5831 987.0 2.5 11.0 87.0 2.6071 0.0 0.0 -1.426 0.5 982.0 2.4938 9.0 113.0 4.7071 0.0 0.0 -3.126 0.36056 956.0 2.2881 6.0 141.0 6.4071 0.0 0.0 -4.426 0.28284 917.0 2.1152 5.0 
0.06681 239.20143 50.0 1281.0 2.0 60.0 0.0 -0.0929 3.574 0.0 0.5 999.0 2.5 17.0 57.0 1.8071 0.0 1.174 0.0 0.42426 999.0 2.3703 17.0 53.0 3.5071 0.0 0.0 -0.726 0.36056 999.0 2.0493 17.0 50.0 4.9071 0.0 0.0 -2.326 0.28284 999.0 1.8239 17.0 49.0 6.3071 0.0 0.0 -3.526 0.28284 999.0 1.7517 17.0 
0.09213 176.94829 60.0 3977.0 2.0 61.0 0.0 -1.2929 2.474 0.0 0.44721 996.0 2.2356 14.0 63.0 0.6071 0.0 1.474 0.0 0.31623 994.0 2.1336 13.0 65.0 2.3071 0.0 0.774 0.0 0.31623 992.0 2.0549 12.0 65.0 3.9071 0.0 0.174 0.0 0.22361 991.0 1.9615 11.0 66.0 5.1071 0.0 0.0 -0.526 0.22361 989.0 1.8538 11.0 
0.25222 47.29257 82.0 2329.0 2.0 44.0 0.0 -1.5929 0.0 -0.026 0.31623 999.0 1.4124 15.0 47.0 0.0071 0.0 0.0 -0.426 0.22361 998.0 1.5041 17.0 50.0 1.3071 0.0 0.0 -0.626 0.22361 995.0 1.4186 15.0 57.0 2.4071 0.0 0.0 -0.926 0.2 993.0 1.6592 16.0 63.0 3.4071 0.0 0.0 -1.126 0.22361 988.0 1.6215 14.0 
0.07667 250.64248 67.0 3633.0 2.0 47.0 0.0 -1.9929 1.874 0.0 0.2 998.0 1.5041 15.0 51.0 0.0 -0.8929 2.074 0.0 0.22361 996.0 1.5627 14.0 52.0 0.2071 0.0 2.674 0.0 0.22361 996.0 1.6246 14.0 53.0 1.5071 0.0 3.474 0.0 0.31623 997.0 1.7931 15.0 53.0 3.2071 0.0 4.474 0.0 0.36056 999.0 2.0493 16.0 
0.05344 281.08844 71.0 1434.0 2.0 49.0 0.9071 0.0 2.574 0.0 0.14142 996.0 1.4425 15.0 53.0 1.8071 0.0 1.774 0.0 0.22361 995.0 1.5939 13.0 54.0 2.7071 0.0 1.274 0.0 0.1 993.0 1.4892 12.0 56.0 3.4071 0.0 1.274 0.0 0.2 991.0 1.4559 11.0 61.0 4.2071 0.0 1.474 0.0 0.1 989.0 1.5836 11.0 
0.39478 61.36266 65.0 1005.0 2.0 70.0 0.0 -1.8929 1.674 0.0 0.44721 995.0 2.5 18.0 72.0 0.4071 0.0 0.374 0.0 0.31623 991.0 2.4067 15.0 74.0 2.3071 0.0 0.0 -0.126 0.31623 988.0 2.2372 13.0 77.0 3.9071 0.0 0.0 -0.326 0.2 983.0 2.0186 12.0 84.0 5.1071 0.0 0.0 -0.326 0.1 975.0 1.8965 10.0 
0.08275 186.90786 215.0 916.0 2.0 63.0 0.2071 0.0 2.374 0.0 0.28284 991.0 1.8426 15.0 66.0 1.2071 0.0 1.174 0.0 0.28284 989.0 1.8538 14.0 68.0 2.2071 0.0 0.174 0.0 0.22361 987.0 1.8165 13.0 71.0 3.0071 0.0 0.0 -0.626 0.22361 984.0 1.7754 12.0 77.0 3.8071 0.0 0.0 -1.126 0.2 979.0 1.7811 11.0 
0.33662 62.69156 68.0 1285.0 2.0 63.0 0.0 -1.2929 1.174 0.0 0.31623 993.0 2.0269 16.0 72.0 0.3071 0.0 0.474 0.0 0.22361 987.0 2.0365 13.0 78.0 1.6071 0.0 0.0 -0.326 0.22361 982.0 2.0045 11.0 85.0 2.6071 0.0 0.0 -0.926 0.2 975.0 1.942 10.0 92.0 3.6071 0.0 0.0 -1.326 0.14142 969.0 1.9647 9.0 
0.22735 183.55744 62.0 1561.0 2.0 76.0 0.0 -1.7929 2.574 0.0 0.44721 991.0 2.5 12.0 80.0 0.5071 0.0 1.574 0.0 0.41231 987.0 2.5 10.0 82.0 2.6071 0.0 0.974 0.0 0.3 983.0 2.2892 9.0 83.0 4.3071 0.0 0.774 0.0 0.22361 980.0 2.1322 8.0 87.0 5.6071 0.0 0.774 0.0 0.1 973.0 1.9327 7.0 
0.08581 204.62411 61.0 1999.0 2.0 84.0 0.0 -0.8929 3.374 0.0 0.56569 987.0 2.5 10.0 81.0 1.1071 0.0 1.474 0.0 0.36056 986.0 2.4819 10.0 74.0 2.8071 0.0 0.474 0.0 0.22361 987.0 2.1512 10.0 69.0 4.2071 0.0 0.174 0.0 0.2 988.0 1.9451 10.0 65.0 5.3071 0.0 0.274 0.0 0.22361 989.0 1.798 11.0 
0.05984 256.01534 73.0 629.0 2.0 51.0 0.0 -2.1929 1.474 0.0 0.22361 994.0 1.3982 10.0 62.0 0.0 -1.1929 1.974 0.0 0.14142 990.0 1.707 11.0 73.0 0.0 -0.1929 2.574 0.0 0.22361 984.0 1.8769 9.0 79.0 1.0071 0.0 2.774 0.0 0.2 981.0 1.992 9.0 75.0 2.4071 0.0 2.574 0.0 0.2 985.0 2.0519 9.0 
0.11998 132.36053 49.0 4177.0 2.0 62.0 0.0 -0.9929 3.374 0.0 0.5831 999.0 2.5 17.0 57.0 0.9071 0.0 0.774 0.0 0.36056 999.0 2.3703 17.0 54.0 2.6071 0.0 0.0 -1.126 0.42426 999.0 2.1274 18.0 54.0 4.4071 0.0 0.0 -2.826 0.36056 999.0 2.1274 17.0 57.0 6.1071 0.0 0.0 -4.226 0.42426 998.0 2.2123 15.0 
0.26178 47.29257 52.0 267.0 2.0 58.0 0.0 -2.8929 0.774 0.0 0.63246 1002.0 2.5 19.0 50.0 0.0071 0.0 0.0 -0.426 0.44721 1001.0 2.1279 17.0 50.0 2.2071 0.0 0.0 -1.426 0.36056 1000.0 1.9642 19.0 50.0 4.1071 0.0 0.0 -2.326 0.36056 1000.0 1.9642 18.0 50.0 5.9071 0.0 0.0 -2.926 0.31623 999.0 1.8239 17.0 
0.06564 132.36053 69.0 3870.0 2.0 45.0 0.0 -0.7929 2.074 0.0 0.36056 1000.0 1.591 12.0 45.0 0.9071 0.0 0.774 0.0 0.36056 999.0 1.4773 11.0 45.0 2.3071 0.0 0.0 -0.626 0.22361 998.0 1.3789 10.0 46.0 3.2071 0.0 0.0 -1.826 0.22361 997.0 1.3508 12.0 53.0 4.1071 0.0 0.0 -2.726 0.22361 993.0 1.4345 10.0 
0.77401 23.16855 51.0 1062.0 2.0 55.0 0.0 -1.5929 0.0 -2.126 0.42426 999.0 2.2069 17.0 62.0 0.2071 0.0 0.0 -0.026 0.44721 997.0 2.4538 15.0 61.0 1.6071 0.0 1.974 0.0 0.36056 996.0 2.2356 14.0 58.0 3.0071 0.0 3.374 0.0 0.36056 996.0 2.0211 14.0 59.0 4.8071 0.0 4.074 0.0 0.31623 996.0 2.0914 14.0 
0.05172 256.8341 59.0 1962.0 2.0 78.0 0.0 -0.1929 2.874 0.0 0.22361 985.0 2.2193 9.0 78.0 1.2071 0.0 1.974 0.0 0.31623 984.0 2.1428 9.0 75.0 2.6071 0.0 1.274 0.0 0.36056 985.0 2.0519 9.0 72.0 4.0071 0.0 0.574 0.0 0.22361 986.0 1.961 10.0 69.0 5.3071 0.0 0.074 0.0 0.2 987.0 1.8703 10.0 
0.10073 281.57238 50.0 1114.0 2.0 79.0 0.0 -1.2929 4.174 0.0 0.64031 994.0 2.5 17.0 78.0 1.3071 0.0 2.174 0.0 0.44721 990.0 2.5 14.0 78.0 3.5071 0.0 1.074 0.0 0.36056 987.0 2.39 13.0 77.0 5.2071 0.0 0.674 0.0 0.3 984.0 2.0882 12.0 79.0 6.7071 0.0 1.074 0.0 0.22361 982.0 2.0563 11.0 
0.04419 224.51946 96.0 1575.0 2.0 52.0 1.1071 0.0 2.074 0.0 0.28284 996.0 1.6246 14.0 51.0 1.9071 0.0 0.674 0.0 0.22361 996.0 1.5627 15.0 50.0 2.7071 0.0 0.0 -0.626 0.22361 995.0 1.4186 11.0 51.0 3.5071 0.0 0.0 -1.726 0.22361 994.0 1.3982 10.0 56.0 4.2071 0.0 0.0 -2.626 0.22361 990.0 1.3926 9.0 
0.27698 75.75263 53.0 3231.0 2.0 76.0 0.0 -2.1929 2.274 0.0 0.5 988.0 2.3598 9.0 92.0 0.1071 0.0 0.674 0.0 0.44721 980.0 2.5 9.0 106.0 2.3071 0.0 0.0 -0.626 0.36056 967.0 2.4948 7.0 125.0 4.2071 0.0 0.0 -1.626 0.31623 944.0 2.3129 5.0 140.0 5.8071 0.0 0.0 -2.326 0.2 924.0 2.2493 5.0 
0.22188 53.94034 66.0 410.0 2.0 47.0 0.0 -1.8929 0.974 0.0 0.41231 1001.0 1.8802 19.0 49.0 0.1071 0.0 0.474 0.0 0.31623 999.0 1.7517 18.0 51.0 1.7071 0.0 0.0 -0.226 0.22361 998.0 1.7711 16.0 51.0 3.1071 0.0 0.0 -1.026 0.22361 997.0 1.6604 15.0 53.0 4.3071 0.0 0.0 -1.626 0.14142 996.0 1.6877 14.0 
0.07772 268.46828 47.0 3593.0 2.0 43.0 1.3071 0.0 0.0 -3.226 0.44721 1001.0 1.5738 21.0 50.0 2.3071 0.0 0.0 -0.726 0.44721 1001.0 2.1279 20.0 51.0 3.7071 0.0 1.474 0.0 0.42426 1000.0 2.0435 19.0 51.0 5.3071 0.0 3.574 0.0 0.42426 1000.0 2.0435 19.0 49.0 7.0071 0.0 5.174 0.0 0.36056 1000.0 1.8864 19.0 
0.02407 186.02972 48.0 472.0 2.0 56.0 0.0 -3.5929 0.0 -0.226 0.5831 1001.0 2.5 16.0 57.0 0.0 -0.6929 0.0 -1.526 0.44721 999.0 2.3703 14.0 56.0 1.8071 0.0 0.0 -2.326 0.44721 998.0 2.1353 15.0 59.0 3.9071 0.0 0.0 -2.826 0.31623 996.0 2.0914 14.0 68.0 6.0071 0.0 0.0 -3.126 0.31623 992.0 2.249 12.0 
0.04504 267.78313 284.0 612.0 2.0 44.0 1.9071 0.0 1.974 0.0 0.2 998.0 1.3183 16.0 43.0 2.2071 0.0 0.974 0.0 0.14142 997.0 1.1803 16.0 43.0 2.6071 0.0 0.374 0.0 0.1 997.0 1.1803 15.0 46.0 3.1071 0.0 0.0 -0.026 0.14142 996.0 1.2713 14.0 49.0 3.7071 0.0 0.0 -0.226 0.1 994.0 1.2907 13.0 
0.1153 228.91651 99.0 2714.0 2.0 45.0 2.2071 0.0 0.0 -0.026 0.0 995.0 1.149 13.0 48.0 2.0071 0.0 0.474 0.0 0.1 995.0 1.3074 13.0 49.0 1.8071 0.0 1.274 0.0 0.2 995.0 1.3624 14.0 48.0 1.7071 0.0 2.374 0.0 0.2 996.0 1.3843 14.0 46.0 1.6071 0.0 3.374 0.0 0.2 997.0 1.3508 15.0 
0.10027 132.05205 73.0 2385.0 2.0 38.0 0.1071 0.0 1.574 0.0 0.14142 999.0 1.0535 14.0 41.0 0.8071 0.0 0.874 0.0 0.22361 997.0 1.0731 13.0 47.0 1.6071 0.0 0.574 0.0 0.22361 996.0 1.3272 14.0 54.0 2.5071 0.0 0.474 0.0 0.2 993.0 1.4892 12.0 61.0 3.6071 0.0 0.274 0.0 0.14142 990.0 1.6524 11.0 
0.16702 47.29257 79.0 4075.0 2.0 61.0 0.0 -2.0929 1.274 0.0 0.5 996.0 2.2356 12.0 66.0 0.0071 0.0 0.0 -0.426 0.36056 994.0 2.3416 13.0 72.0 1.6071 0.0 0.0 -1.526 0.31623 988.0 2.1179 10.0 70.0 3.0071 0.0 0.0 -2.026 0.2 987.0 1.9249 10.0 67.0 4.2071 0.0 0.0 -2.326 0.2 988.0 1.834 10.0 
0.07095 249.69441 50.0 3493.0 2.0 83.0 0.0 -1.0929 5.074 0.0 0.72111 996.0 2.5 15.0 74.0 1.6071 0.0 1.574 0.0 0.56569 996.0 2.5 14.0 65.0 3.7071 0.0 0.0 -0.826 0.5 996.0 2.5 14.0 57.0 5.4071 0.0 0.0 -2.726 0.42426 997.0 2.074 16.0 52.0 6.8071 0.0 0.0 -4.526 0.36056 997.0 1.7261 13.0 
0.27812 72.25976 58.0 304.0 2.0 65.0 0.0 -1.4929 1.174 0.0 0.31623 990.0 1.8762 12.0 80.0 0.3071 0.0 0.574 0.0 0.31623 984.0 2.2541 12.0 95.0 2.1071 0.0 0.0 -0.126 0.28284 972.0 2.2483 10.0 113.0 3.6071 0.0 0.0 -1.126 0.22361 955.0 2.2486 8.0 128.0 4.9071 0.0 0.0 -2.026 0.31623 938.0 2.2312 7.0 
0.05739 119.67357 53.0 753.0 2.0 56.0 0.0 -2.9929 1.574 0.0 0.56569 999.0 2.2879 16.0 57.0 0.0 -0.6929 0.0 -0.826 0.5 998.0 2.2123 14.0 57.0 1.5071 0.0 0.0 -2.426 0.44721 997.0 2.074 16.0 59.0 3.5071 0.0 0.0 -3.226 0.3 994.0 1.8713 14.0 68.0 5.4071 0.0 0.0 -3.326 0.2 990.0 2.0534 15.0 
0.03322 275.67418 52.0 54.0 2.0 61.0 0.0 -0.5929 4.174 0.0 0.56569 1000.0 2.5 19.0 56.0 1.5071 0.0 1.974 0.0 0.5 1000.0 2.4639 18.0 50.0 3.3071 0.0 0.474 0.0 0.36056 999.0 1.8239 18.0 47.0 4.8071 0.0 0.0 -0.526 0.22361 1000.0 1.7355 18.0 44.0 6.2071 0.0 0.0 -1.326 0.22361 1000.0 1.5211 19.0 
0.1896 92.42951 144.0 4048.0 2.0 72.0 0.0 -1.4929 2.074 0.0 0.36056 992.0 2.5 12.0 74.0 0.3071 0.0 0.774 0.0 0.36056 988.0 2.2372 10.0 73.0 1.8071 0.0 0.0 -0.126 0.28284 987.0 2.0934 10.0 71.0 3.0071 0.0 0.0 -0.926 0.22361 986.0 1.9069 10.0 68.0 3.9071 0.0 0.0 -1.426 0.22361 986.0 1.7492 10.0 
0.28428 42.77555 73.0 1920.0 2.0 57.0 0.0 -1.3929 0.274 0.0 0.2 994.0 1.7465 13.0 69.0 0.0 -0.0929 0.374 0.0 0.2 987.0 1.8703 10.0 80.0 1.3071 0.0 0.374 0.0 0.2 980.0 1.9808 8.0 89.0 2.5071 0.0 0.374 0.0 0.2 973.0 2.0226 7.0 94.0 3.7071 0.0 0.474 0.0 0.2 969.0 2.0511 7.0 
0.09272 289.68377 52.0 2988.0 2.0 94.0 0.0 -0.3929 3.574 0.0 0.5 979.0 2.5 8.0 104.0 1.7071 0.0 1.974 0.0 0.36056 970.0 2.5 7.0 102.0 3.6071 0.0 0.574 0.0 0.36056 970.0 2.4712 7.0 93.0 5.2071 0.0 0.0 -0.726 0.22361 974.0 2.2651 8.0 85.0 6.4071 0.0 0.0 -1.626 0.22361 978.0 2.1084 8.0 
0.02965 203.81385 67.0 1481.0 2.0 39.0 0.0 -1.7929 0.0 -1.326 0.31623 1001.0 1.2946 13.0 41.0 0.0 -0.1929 0.0 -1.826 0.31623 1000.0 1.3207 11.0 43.0 1.4071 0.0 0.0 -2.126 0.3 999.0 1.3489 10.0 47.0 2.9071 0.0 0.0 -2.326 0.2 998.0 1.5041 11.0 54.0 4.2071 0.0 0.0 -2.326 0.2 995.0 1.6546 10.0 
0.24785 53.16963 66.0 842.0 2.0 46.0 0.0 -1.4929 0.0 -0.226 0.2 998.0 1.4408 17.0 51.0 0.0 -0.3929 0.274 0.0 0.28284 996.0 1.5627 14.0 56.0 0.9071 0.0 1.274 0.0 0.28284 996.0 1.8841 14.0 58.0 2.4071 0.0 2.174 0.0 0.31623 996.0 2.0211 14.0 55.0 4.1071 0.0 2.674 0.0 0.31623 997.0 1.931 14.0 
0.05461 192.96022 72.0 4119.0 2.0 52.0 0.0 -1.5929 0.0 -2.226 0.31623 996.0 1.6246 8.0 63.0 0.2071 0.0 0.0 -1.726 0.3 993.0 2.0269 9.0 72.0 1.8071 0.0 0.0 -1.526 0.22361 987.0 2.0365 7.0 72.0 3.2071 0.0 0.0 -1.226 0.31623 987.0 2.0365 7.0 70.0 4.5071 0.0 0.0 -0.626 0.14142 987.0 1.9249 7.0 
0.0831 122.04986 47.0 1971.0 2.0 46.0 0.0 -2.6929 0.574 0.0 0.5 1002.0 1.9647 18.0 47.0 0.0 -0.5929 0.0 -0.926 0.36056 1001.0 1.8802 17.0 53.0 1.6071 0.0 0.0 -1.826 0.41231 1000.0 2.207 19.0 56.0 4.0071 0.0 0.0 -2.526 0.41231 999.0 2.2879 17.0 58.0 6.3071 0.0 0.0 -3.226 0.41231 998.0 2.2906 15.0 
0.0505 180.26231 65.0 2975.0 2.0 74.0 0.0 -0.2929 2.274 0.0 0.28284 987.0 2.1512 10.0 73.0 1.0071 0.0 1.274 0.0 0.22361 987.0 2.0934 10.0 74.0 2.4071 0.0 0.474 0.0 0.22361 986.0 2.0715 10.0 75.0 3.8071 0.0 0.0 -0.026 0.22361 985.0 2.0519 9.0 73.0 5.1071 0.0 0.0 -0.226 0.1 984.0 1.8769 9.0 
0.18753 102.82857 42.0 2517.0 2.0 64.0 0.0 -2.7929 1.474 0.0 0.5099 998.0 2.5 17.0 71.0 0.3071 0.0 0.874 0.0 0.5099 996.0 2.5 14.0 71.0 3.2071 0.0 0.174 0.0 0.41231 995.0 2.5 13.0 70.0 5.7071 0.0 0.0 -0.426 0.41231 994.0 2.5 12.0 65.0 8.0071 0.0 0.0 -1.026 0.4 995.0 2.3974 13.0 
0.08301 226.37542 316.0 3139.0 2.0 91.0 0.0 -0.1929 3.574 0.0 0.5 981.0 2.5 11.0 89.0 1.5071 0.0 1.374 0.0 0.42426 980.0 2.4516 11.0 84.0 2.8071 0.0 0.0 -0.326 0.28284 979.0 2.1196 11.0 82.0 3.9071 0.0 0.0 -1.726 0.28284 979.0 2.0199 11.0 110.0 4.9071 0.0 0.0 -2.926 0.22361 954.0 2.0947 8.0 
0.04507 186.5357 102.0 923.0 2.0 62.0 0.0 -0.5929 2.374 0.0 0.22361 993.0 1.9631 12.0 62.0 0.8071 0.0 1.474 0.0 0.22361 993.0 1.9631 12.0 60.0 1.9071 0.0 0.674 0.0 0.28284 992.0 1.7509 12.0 58.0 2.8071 0.0 0.0 -0.026 0.22361 992.0 1.6361 12.0 57.0 3.6071 0.0 0.0 -0.426 0.14142 991.0 1.5084 11.0 
0.28355 77.04923 32.0 1418.0 2.0 76.0 0.0 -2.0929 6.374 0.0 1.07703 1000.0 2.5 13.0 73.0 0.5071 0.0 0.474 0.0 0.8544 999.0 2.5 11.0 65.0 2.5071 0.0 0.0 -4.226 0.63246 998.0 2.5 11.0 61.0 4.1071 0.0 0.0 -7.726 0.44721 998.0 2.5 13.0 62.0 5.9071 0.0 0.0 -10.126 0.42426 995.0 2.1812 11.0 
0.08979 198.27926 56.0 1723.0 2.0 48.0 1.0071 0.0 0.0 -2.326 0.31623 999.0 1.6809 17.0 53.0 1.7071 0.0 0.0 -0.526 0.44721 998.0 1.9127 15.0 55.0 2.7071 0.0 1.474 0.0 0.41231 998.0 2.0598 15.0 54.0 3.7071 0.0 3.574 0.0 0.31623 998.0 1.9855 16.0 49.0 4.8071 0.0 5.174 0.0 0.28284 999.0 1.7517 17.0 
0.09537 256.8341 76.0 1906.0 2.0 86.0 0.1071 0.0 3.074 0.0 0.28284 977.0 2.0984 8.0 86.0 1.2071 0.0 1.974 0.0 0.22361 976.0 2.0416 8.0 86.0 2.3071 0.0 1.174 0.0 0.14142 974.0 1.9369 8.0 86.0 3.1071 0.0 0.774 0.0 0.14142 972.0 1.8425 7.0 89.0 3.8071 0.0 0.574 0.0 0.1 968.0 1.7978 7.0 
0.15418 83.38209 52.0 4103.0 2.0 63.0 0.0 -2.6929 0.0 -0.326 0.4 995.0 2.2521 11.0 73.0 0.0 -0.1929 0.0 -0.726 0.41231 991.0 2.474 12.0 80.0 2.1071 0.0 0.0 -1.426 0.3 986.0 2.421 10.0 84.0 4.0071 0.0 0.0 -1.726 0.2 981.0 2.2521 9.0 91.0 5.6071 0.0 0.0 -1.826 0.3 975.0 2.2258 8.0 
0.03528 296.78557 45.0 817.0 2.0 93.0 0.0071 0.0 4.074 0.0 0.5 982.0 2.5 11.0 89.0 1.9071 0.0 1.874 0.0 0.5 979.0 2.3795 9.0 89.0 3.8071 0.0 0.674 0.0 0.36056 977.0 2.2473 8.0 92.0 5.6071 0.0 0.074 0.0 0.31623 973.0 2.1612 8.0 94.0 7.3071 0.0 0.0 -0.326 0.3 971.0 2.1488 7.0 
0.04477 218.30081 60.0 2513.0 2.0 69.0 0.0 -0.1929 3.374 0.0 0.5831 995.0 2.5 14.0 65.0 1.4071 0.0 1.374 0.0 0.42426 994.0 2.2712 13.0 63.0 2.9071 0.0 0.074 0.0 0.28284 993.0 2.0269 12.0 64.0 4.2071 0.0 0.0 -0.826 0.28284 991.0 1.9016 11.0 67.0 5.4071 0.0 0.0 -1.726 0.22361 989.0 1.9104 11.0 
0.07982 283.12456 53.0 595.0 2.0 80.0 0.3071 0.0 3.174 0.0 0.5 987.0 2.5 10.0 84.0 2.0071 0.0 1.574 0.0 0.36056 981.0 2.2521 9.0 91.0 3.3071 0.0 0.474 0.0 0.36056 974.0 2.1687 8.0 99.0 4.6071 0.0 0.0 -0.126 0.22361 965.0 2.0855 7.0 94.0 5.9071 0.0 0.0 -0.326 0.2 969.0 2.0511 7.0 
0.12426 119.65915 61.0 1294.0 2.0 42.0 0.0 -1.3929 1.074 0.0 0.3 999.0 1.2869 14.0 47.0 0.0 -0.0929 1.074 0.0 0.2 997.0 1.4101 12.0 57.0 1.3071 0.0 0.674 0.0 0.31623 994.0 1.7465 13.0 67.0 2.9071 0.0 0.074 0.0 0.31623 990.0 1.9935 11.0 73.0 4.4071 0.0 0.0 -0.326 0.31623 986.0 2.0159 10.0 
0.1597 78.1117 57.0 1424.0 2.0 63.0 0.0 -1.3929 1.674 0.0 0.36056 995.0 2.2521 13.0 67.0 0.4071 0.0 0.574 0.0 0.22361 992.0 2.1833 12.0 68.0 1.9071 0.0 0.0 -0.026 0.31623 990.0 2.0534 11.0 70.0 3.4071 0.0 0.0 -0.526 0.31623 988.0 2.0019 10.0 75.0 4.9071 0.0 0.0 -0.926 0.31623 986.0 2.1279 10.0 
0.09984 66.82775 83.0 2052.0 2.0 41.0 0.0 -1.3929 0.574 0.0 0.28284 999.0 1.2264 15.0 43.0 0.0 -0.2929 0.0 -0.526 0.28284 997.0 1.1803 14.0 46.0 0.7071 0.0 0.0 -1.326 0.22361 995.0 1.2007 12.0 52.0 1.7071 0.0 0.0 -1.726 0.1 993.0 1.3809 13.0 61.0 2.6071 0.0 0.0 -1.826 0.14142 987.0 1.4617 12.0 
0.05627 222.77416 61.0 52.0 2.0 49.0 0.2071 0.0 2.374 0.0 0.28284 996.0 1.4425 15.0 56.0 1.1071 0.0 1.674 0.0 0.2 993.0 1.6015 12.0 61.0 2.1071 0.0 1.474 0.0 0.14142 990.0 1.6524 11.0 63.0 3.1071 0.0 1.374 0.0 0.2 990.0 1.7625 11.0 62.0 4.3071 0.0 1.274 0.0 0.1 991.0 1.7846 11.0 
0.05143 234.69733 56.0 3262.0 2.0 62.0 0.1071 0.0 3.974 0.0 0.5 996.0 2.3095 12.0 60.0 1.6071 0.0 1.374 0.0 0.5 995.0 2.0427 11.0 62.0 3.0071 0.0 0.0 -0.826 0.5 992.0 1.8696 10.0 72.0 4.4071 0.0 0.0 -2.726 0.42426 988.0 2.1179 11.0 87.0 5.8071 0.0 0.0 -4.326 0.28284 975.0 2.0344 8.0 
0.04373 281.67125 286.0 1934.0 2.0 80.0 0.3071 0.0 3.274 0.0 0.42426 986.0 2.421 10.0 78.0 1.9071 0.0 1.674 0.0 0.28284 985.0 2.2193 9.0 75.0 3.2071 0.0 0.274 0.0 0.28284 986.0 2.1279 10.0 75.0 4.4071 0.0 0.0 -0.926 0.28284 985.0 2.0519 9.0 73.0 5.4071 0.0 0.0 -2.026 0.22361 985.0 1.9439 9.0 
0.03259 261.80536 68.0 654.0 2.0 42.0 0.0 -3.0929 0.0 -0.426 0.42426 1000.0 1.3859 13.0 42.0 0.0 -1.4929 0.0 -1.826 0.28284 999.0 1.2869 12.0 44.0 0.0071 0.0 0.0 -3.026 0.28284 998.0 1.3183 13.0 47.0 1.5071 0.0 0.0 -4.026 0.22361 997.0 1.4101 13.0 52.0 2.9071 0.0 0.0 -4.826 0.22361 994.0 1.4536 11.0 
0.08631 236.14911 37.0 3542.0 2.0 50.0 0.0 -0.4929 2.874 0.0 0.36056 1000.0 1.9642 18.0 44.0 1.0071 0.0 1.874 0.0 0.22361 1000.0 1.5211 19.0 39.0 2.1071 0.0 1.474 0.0 0.2 1001.0 1.2946 19.0 34.0 3.1071 0.0 1.474 0.0 0.1 1001.0 1.0 21.0 30.0 3.9071 0.0 1.474 0.0 0.2 1002.0 1.0 25.0 
0.09417 82.03842 65.0 4244.0 2.0 43.0 0.0 -2.3929 0.574 0.0 0.44721 1000.0 1.4527 12.0 46.0 0.0 -0.3929 0.0 -0.626 0.36056 999.0 1.5437 11.0 49.0 1.5071 0.0 0.0 -1.926 0.28284 998.0 1.6349 10.0 49.0 3.0071 0.0 0.0 -3.126 0.28284 997.0 1.5327 13.0 54.0 4.2071 0.0 0.0 -4.226 0.28284 994.0 1.5675 11.0 
0.03094 265.39138 47.0 2297.0 2.0 81.0 0.0 -0.3929 4.074 0.0 0.5 991.0 2.5 8.0 81.0 1.7071 0.0 1.674 0.0 0.56569 989.0 2.5 8.0 79.0 3.8071 0.0 0.0 -0.126 0.42426 987.0 2.4517 7.0 80.0 5.6071 0.0 0.0 -1.226 0.22361 984.0 2.2541 7.0 70.0 7.1071 0.0 0.0 -1.426 0.3 988.0 2.0019 8.0 
0.05917 258.45955 49.0 1946.0 2.0 38.0 0.0 -1.4929 0.0 -2.326 0.2 1001.0 1.2291 11.0 46.0 0.1071 0.0 0.0 -2.326 0.3 999.0 1.5437 10.0 59.0 2.0071 0.0 0.0 -2.026 0.4 997.0 2.2221 11.0 58.0 4.0071 0.0 0.0 -1.726 0.31623 996.0 2.0211 11.0 66.0 5.9071 0.0 0.0 -1.226 0.4 993.0 2.2245 9.0 
0.12118 193.44107 183.0 1659.0 2.0 46.0 1.9071 0.0 0.274 0.0 0.1 994.0 1.1375 13.0 52.0 1.6071 0.0 0.674 0.0 0.2 992.0 1.3151 12.0 59.0 1.5071 0.0 1.574 0.0 0.2 990.0 1.5458 11.0 64.0 1.6071 0.0 2.674 0.0 0.22361 988.0 1.6734 10.0 70.0 1.9071 0.0 3.874 0.0 0.22361 985.0 1.7874 9.0 
0.0762 310.58559 50.0 2728.0 2.0 76.0 0.0 -2.0929 4.874 0.0 0.72111 996.0 2.5 12.0 77.0 1.3071 0.0 2.474 0.0 0.67082 994.0 2.5 14.0 76.0 3.9071 0.0 0.774 0.0 0.44721 990.0 2.5 11.0 75.0 5.7071 0.0 0.0 -0.426 0.28284 986.0 2.1279 10.0 79.0 6.9071 0.0 0.0 -1.326 0.22361 980.0 1.9316 9.0 
0.07038 307.01618 43.0 2205.0 2.0 64.0 0.0 -1.6929 4.074 0.0 0.42426 995.0 2.3242 13.0 70.0 0.7071 0.0 2.674 0.0 0.5099 995.0 2.5 13.0 68.0 3.6071 0.0 2.374 0.0 0.4 996.0 2.5 14.0 61.0 6.0071 0.0 3.174 0.0 0.36056 997.0 2.3753 15.0 58.0 7.9071 0.0 4.774 0.0 0.42426 998.0 2.2906 16.0 
0.19185 48.39733 63.0 4270.0 2.0 52.0 0.0 -1.7929 1.274 0.0 0.42426 997.0 1.7261 14.0 54.0 0.0 -0.0929 0.0 -0.426 0.36056 994.0 1.5675 12.0 58.0 1.5071 0.0 0.0 -1.626 0.28284 992.0 1.6361 14.0 65.0 2.8071 0.0 0.0 -2.326 0.22361 988.0 1.7261 14.0 80.0 4.0071 0.0 0.0 -2.726 0.2 976.0 1.7667 11.0 
0.02754 296.78557 92.0 3087.0 2.0 57.0 0.7071 0.0 3.374 0.0 0.36056 997.0 2.074 15.0 55.0 1.9071 0.0 1.874 0.0 0.28284 996.0 1.8174 14.0 53.0 3.0071 0.0 0.874 0.0 0.14142 995.0 1.5939 14.0 49.0 3.8071 0.0 0.374 0.0 0.14142 995.0 1.3624 13.0 48.0 4.3071 0.0 0.174 0.0 0.1 994.0 1.2385 13.0 
0.1609 152.97662 57.0 517.0 2.0 95.0 0.0 -1.0929 1.674 0.0 0.22361 966.0 1.9613 11.0 116.0 0.1071 0.0 1.374 0.0 0.2 948.0 2.1144 9.0 132.0 1.5071 0.0 1.074 0.0 0.22361 933.0 2.2245 8.0 147.0 3.0071 0.0 0.374 0.0 0.31623 918.0 2.3232 7.0 156.0 4.7071 0.0 0.0 -0.326 0.22361 907.0 2.3449 7.0 
0.10743 94.49135 144.0 3117.0 2.0 65.0 0.0 -0.5929 2.074 0.0 0.36056 993.0 2.1576 12.0 63.0 0.7071 0.0 0.474 0.0 0.22361 993.0 2.0269 12.0 60.0 1.8071 0.0 0.0 -0.726 0.22361 993.0 1.8385 12.0 57.0 2.7071 0.0 0.0 -1.526 0.22361 993.0 1.6592 12.0 57.0 3.5071 0.0 0.0 -2.126 0.22361 992.0 1.5802 12.0 
0.0483 295.62212 54.0 690.0 2.0 83.0 0.0 -0.1929 3.474 0.0 0.28284 982.0 2.2698 9.0 86.0 1.2071 0.0 2.374 0.0 0.31623 979.0 2.2218 8.0 84.0 2.8071 0.0 1.674 0.0 0.31623 980.0 2.1839 8.0 81.0 4.4071 0.0 1.074 0.0 0.31623 982.0 2.1617 9.0 76.0 5.9071 0.0 0.574 0.0 0.31623 985.0 2.1069 9.0 
0.05486 194.80947 199.0 1767.0 2.0 64.0 0.0 -0.0929 2.474 0.0 0.28284 992.0 1.9922 12.0 67.0 1.2071 0.0 1.274 0.0 0.28284 990.0 1.9935 11.0 68.0 2.3071 0.0 0.074 0.0 0.28284 989.0 1.9678 11.0 69.0 3.4071 0.0 0.0 -1.026 0.22361 987.0 1.8703 10.0 71.0 4.4071 0.0 0.0 -1.626 0.14142 985.0 1.8388 9.0 
0.15192 45.79963 66.0 3833.0 2.0 59.0 0.0 -2.1929 1.074 0.0 0.41231 998.0 2.3703 15.0 59.0 0.0 -0.3929 0.0 -0.126 0.42426 996.0 2.0914 14.0 63.0 1.1071 0.0 0.0 -1.126 0.31623 992.0 1.9304 12.0 60.0 2.5071 0.0 0.0 -1.326 0.2 993.0 1.8385 12.0 56.0 3.7071 0.0 0.0 -1.326 0.2 994.0 1.6858 12.0 
0.07985 231.10153 52.0 837.0 2.0 64.0 0.0 -0.2929 2.674 0.0 0.22361 991.0 1.9016 11.0 66.0 0.9071 0.0 1.874 0.0 0.2 989.0 1.8538 10.0 70.0 2.1071 0.0 1.474 0.0 0.2 987.0 1.9249 10.0 76.0 3.6071 0.0 1.274 0.0 0.22361 985.0 2.1069 9.0 80.0 5.3071 0.0 0.974 0.0 0.3 984.0 2.2541 9.0 
0.04778 193.3831 163.0 1736.0 2.0 50.0 0.5071 0.0 3.174 0.0 0.44721 1001.0 2.1279 21.0 45.0 1.5071 0.0 0.874 0.0 0.36056 1001.0 1.7236 20.0 39.0 2.3071 0.0 0.0 -0.526 0.28284 1000.0 1.195 20.0 36.0 3.0071 0.0 0.0 -1.326 0.14142 1000.0 1.0182 19.0 38.0 3.5071 0.0 0.0 -1.826 0.1 999.0 1.0535 17.0 
0.21433 130.85513 47.0 3631.0 2.0 60.0 0.0 -2.1929 3.174 0.0 0.56569 998.0 2.4513 14.0 61.0 0.1071 0.0 1.174 0.0 0.41231 997.0 2.3753 12.0 66.0 2.5071 0.0 0.674 0.0 0.41231 994.0 2.3416 13.0 71.0 4.6071 0.0 1.474 0.0 0.41231 991.0 2.3403 11.0 73.0 6.5071 0.0 2.274 0.0 0.4 989.0 2.2679 11.0 
0.3329 8.25172 92.0 2511.0 2.0 46.0 0.0 -0.9929 0.374 0.0 0.1 996.0 1.2713 12.0 52.0 0.0071 0.0 0.074 0.0 0.22361 994.0 1.4536 12.0 61.0 1.0071 0.0 0.0 -0.126 0.2 990.0 1.6524 11.0 68.0 1.9071 0.0 0.0 -0.126 0.22361 985.0 1.6867 10.0 76.0 2.8071 0.0 0.174 0.0 0.1 980.0 1.7877 8.0 
0.02763 242.05755 51.0 4123.0 2.0 49.0 0.0 -0.1929 3.074 0.0 0.42426 1001.0 2.0436 16.0 51.0 1.6071 0.0 1.474 0.0 0.42426 1000.0 2.0435 14.0 52.0 3.4071 0.0 0.0 -0.026 0.36056 999.0 1.9727 13.0 52.0 4.9071 0.0 0.0 -1.226 0.22361 998.0 1.8412 12.0 54.0 6.2071 0.0 0.0 -2.226 0.28284 996.0 1.752 11.0 
0.14438 101.5299 237.0 3862.0 2.0 40.0 0.0 -1.3929 0.0 -0.226 0.22361 1000.0 1.2571 15.0 40.0 0.0 -0.3929 0.0 -0.826 0.14142 998.0 1.0895 13.0 45.0 0.4071 0.0 0.0 -1.026 0.1 997.0 1.2927 15.0 53.0 1.2071 0.0 0.0 -0.826 0.1 993.0 1.4345 12.0 58.0 2.0071 0.0 0.0 -0.426 0.1 991.0 1.5618 11.0 
0.11123 276.06051 52.0 1246.0 2.0 70.0 0.0 -1.7929 3.174 0.0 0.41231 996.0 2.5 14.0 73.0 1.0071 0.0 2.274 0.0 0.44721 994.0 2.5 12.0 71.0 3.3071 0.0 1.074 0.0 0.44721 993.0 2.5 12.0 62.0 5.1071 0.0 0.0 -0.026 0.36056 995.0 2.1812 13.0 50.0 6.5071 0.0 0.0 -0.826 0.22361 998.0 1.7023 15.0 
0.0749 281.67125 58.0 3193.0 2.0 95.0 0.2071 0.0 3.374 0.0 0.42426 977.0 2.5 10.0 100.0 1.9071 0.0 1.674 0.0 0.36056 971.0 2.4318 9.0 99.0 3.4071 0.0 0.274 0.0 0.36056 970.0 2.328 9.0 98.0 4.8071 0.0 0.0 -0.826 0.14142 962.0 1.9234 7.0 114.0 5.8071 0.0 0.0 -1.626 0.22361 944.0 1.9237 6.0 
0.05118 257.74158 55.0 2777.0 2.0 72.0 0.0 -0.3929 3.874 0.0 0.5831 995.0 2.5 14.0 71.0 1.7071 0.0 1.574 0.0 0.56569 993.0 2.5 12.0 70.0 3.5071 0.0 0.0 -0.126 0.42426 991.0 2.2749 11.0 71.0 5.0071 0.0 0.0 -1.326 0.28284 988.0 2.0595 10.0 73.0 6.2071 0.0 0.0 -2.326 0.22361 985.0 1.9439 9.0 
0.03428 179.34545 59.0 3570.0 2.0 56.0 0.1071 0.0 1.974 0.0 0.28284 994.0 1.6858 9.0 59.0 1.2071 0.0 1.074 0.0 0.22361 993.0 1.7777 9.0 59.0 2.4071 0.0 0.174 0.0 0.22361 993.0 1.7777 9.0 57.0 3.5071 0.0 0.0 -0.626 0.28284 994.0 1.7465 9.0 54.0 4.6071 0.0 0.0 -1.426 0.22361 995.0 1.6546 10.0 
0.04153 236.43955 48.0 70.0 2.0 56.0 0.0071 0.0 3.474 0.0 0.5 1000.0 2.4639 18.0 56.0 1.7071 0.0 1.274 0.0 0.42426 999.0 2.2879 17.0 57.0 3.4071 0.0 0.0 -0.726 0.36056 998.0 2.2123 16.0 58.0 5.1071 0.0 0.0 -2.726 0.36056 998.0 2.2906 16.0 54.0 6.7071 0.0 0.0 -4.226 0.36056 998.0 1.9855 16.0 
0.0469 243.24116 65.0 1243.0 2.0 45.0 0.4071 0.0 3.074 0.0 0.36056 1000.0 1.591 21.0 46.0 1.7071 0.0 1.374 0.0 0.28284 999.0 1.5437 19.0 47.0 2.9071 0.0 0.0 -0.026 0.22361 998.0 1.5041 17.0 49.0 3.8071 0.0 0.0 -1.126 0.14142 997.0 1.5327 19.0 56.0 4.5071 0.0 0.0 -2.026 0.14142 993.0 1.6015 16.0 
0.05435 176.88004 67.0 1304.0 2.0 67.0 0.0 -0.2929 2.274 0.0 0.28284 989.0 1.9104 11.0 71.0 0.8071 0.0 1.374 0.0 0.22361 985.0 1.8388 10.0 79.0 1.9071 0.0 0.774 0.0 0.1 979.0 1.8748 8.0 89.0 2.8071 0.0 0.474 0.0 0.22361 970.0 1.8815 7.0 98.0 3.7071 0.0 0.174 0.0 0.22361 963.0 1.9619 6.0 
0.02768 189.87446 59.0 2550.0 2.0 60.0 0.0 -3.6929 0.474 0.0 0.5 999.0 2.5 10.0 58.0 0.0 -1.1929 0.0 -1.226 0.42426 997.0 2.1474 9.0 60.0 0.9071 0.0 0.0 -2.326 0.31623 994.0 1.9352 11.0 64.0 2.7071 0.0 0.0 -2.926 0.3 990.0 1.8189 9.0 77.0 4.3071 0.0 0.0 -3.126 0.31623 983.0 2.0186 9.0 
0.05864 255.92004 76.0 2950.0 2.0 42.0 0.0071 0.0 2.674 0.0 0.22361 999.0 1.2869 18.0 43.0 1.0071 0.0 2.074 0.0 0.2 999.0 1.3489 17.0 44.0 2.2071 0.0 1.974 0.0 0.1 999.0 1.4124 17.0 44.0 3.3071 0.0 2.174 0.0 0.14142 999.0 1.4124 17.0 42.0 4.3071 0.0 2.674 0.0 0.14142 999.0 1.2869 17.0 
0.05695 147.73872 58.0 2178.0 2.0 61.0 0.0 -0.7929 2.474 0.0 0.42426 996.0 2.2356 14.0 58.0 0.9071 0.0 0.974 0.0 0.36056 996.0 2.0211 14.0 56.0 2.4071 0.0 0.0 -0.026 0.31623 996.0 1.8841 14.0 55.0 3.8071 0.0 0.0 -0.726 0.2 995.0 1.7165 14.0 55.0 5.0071 0.0 0.0 -1.126 0.3 995.0 1.7165 13.0 
0.0531 263.87963 70.0 3288.0 2.0 54.0 1.0071 0.0 3.074 0.0 0.44721 998.0 1.9855 21.0 52.0 2.0071 0.0 1.274 0.0 0.36056 997.0 1.7261 20.0 51.0 2.8071 0.0 0.0 -0.126 0.28284 996.0 1.5627 19.0 54.0 3.6071 0.0 0.0 -1.226 0.22361 994.0 1.5675 17.0 58.0 4.4071 0.0 0.0 -2.026 0.14142 992.0 1.6361 15.0 
0.1159 54.46995 85.0 1430.0 2.0 42.0 0.0 -0.8929 1.674 0.0 0.42426 1001.0 1.5014 17.0 42.0 0.4071 0.0 0.274 0.0 0.36056 1000.0 1.3859 15.0 42.0 1.4071 0.0 0.0 -0.926 0.28284 999.0 1.2869 18.0 47.0 2.3071 0.0 0.0 -1.726 0.22361 997.0 1.4101 15.0 49.0 3.2071 0.0 0.0 -2.126 0.1 995.0 1.3624 14.0 
0.09489 174.71578 58.0 2132.0 2.0 42.0 0.0 -1.4929 2.074 0.0 0.31623 1001.0 1.5014 17.0 40.0 0.0071 0.0 1.574 0.0 0.2 1000.0 1.2571 20.0 45.0 1.4071 0.0 1.574 0.0 0.2 999.0 1.4773 17.0 49.0 2.7071 0.0 1.574 0.0 0.2 998.0 1.6349 16.0 52.0 4.1071 0.0 1.274 0.0 0.22361 997.0 1.7261 15.0 
0.03141 296.78557 56.0 3088.0 2.0 102.0 0.3071 0.0 3.574 0.0 0.42426 970.0 2.4712 7.0 112.0 1.9071 0.0 1.874 0.0 0.36056 959.0 2.3726 6.0 117.0 3.4071 0.0 0.574 0.0 0.28284 951.0 2.2551 6.0 118.0 4.7071 0.0 0.0 -0.426 0.28284 949.0 2.2221 6.0 104.0 5.9071 0.0 0.0 -1.326 0.14142 961.0 2.1245 6.0 
0.17635 247.0314 53.0 1553.0 2.0 119.0 0.0 -1.7929 3.574 0.0 0.5831 966.0 2.5 9.0 111.0 0.8071 0.0 2.074 0.0 0.44721 966.0 2.5 9.0 106.0 2.8071 0.0 0.774 0.0 0.36056 966.0 2.4417 9.0 106.0 4.5071 0.0 0.0 -0.426 0.36056 964.0 2.3421 9.0 104.0 6.0071 0.0 0.0 -1.326 0.22361 963.0 2.2094 8.0 
0.04807 252.67868 73.0 3308.0 2.0 60.0 0.9071 0.0 2.974 0.0 0.36056 995.0 2.0427 19.0 54.0 2.0071 0.0 1.074 0.0 0.28284 995.0 1.6546 19.0 54.0 2.9071 0.0 0.0 -0.226 0.22361 991.0 1.3538 13.0 63.0 3.7071 0.0 0.0 -1.326 0.14142 987.0 1.5592 14.0 77.0 4.5071 0.0 0.0 -1.926 0.14142 975.0 1.5936 11.0 
0.03834 203.01067 55.0 2032.0 2.0 47.0 0.0 -0.3929 3.474 0.0 0.44721 1000.0 1.7355 12.0 48.0 1.2071 0.0 1.374 0.0 0.42426 1000.0 1.8102 11.0 49.0 2.8071 0.0 0.0 -0.426 0.42426 998.0 1.6349 10.0 51.0 4.3071 0.0 0.0 -2.026 0.28284 997.0 1.6604 12.0 56.0 5.6071 0.0 0.0 -3.326 0.28284 994.0 1.6858 10.0 
0.14665 51.90795 67.0 152.0 2.0 47.0 0.0 -1.9929 1.374 0.0 0.5 1001.0 1.8802 13.0 45.0 0.0 -0.1929 0.0 -0.426 0.42426 1001.0 1.7236 12.0 46.0 1.6071 0.0 0.0 -1.526 0.22361 1000.0 1.6625 14.0 48.0 3.1071 0.0 0.0 -2.026 0.22361 998.0 1.5688 12.0 46.0 4.4071 0.0 0.0 -2.326 0.2 998.0 1.4408 12.0 
0.0729 285.90003 66.0 3266.0 2.0 51.0 0.0 -1.6929 2.974 0.0 0.31623 999.0 1.8976 17.0 49.0 0.0 -0.0929 2.574 0.0 0.2 998.0 1.6349 16.0 47.0 1.1071 0.0 2.774 0.0 0.14142 998.0 1.5041 15.0 46.0 2.1071 0.0 3.274 0.0 0.22361 998.0 1.4408 16.0 46.0 3.2071 0.0 3.974 0.0 0.22361 999.0 1.5437 16.0 
0.136 307.91501 82.0 41.0 2.0 33.0 0.0 -0.1929 2.874 0.0 0.1 998.0 1.0 13.0 38.0 0.0071 0.0 2.774 0.0 0.1 996.0 1.0 12.0 47.0 0.3071 0.0 2.874 0.0 0.0 993.0 1.1281 13.0 57.0 0.7071 0.0 2.974 0.0 0.14142 990.0 1.4428 11.0 65.0 1.3071 0.0 3.274 0.0 0.22361 987.0 1.6597 10.0 
0.10053 127.3962 68.0 1483.0 2.0 60.0 0.0 -0.3929 1.874 0.0 0.28284 993.0 1.8385 12.0 58.0 0.6071 0.0 0.974 0.0 0.22361 993.0 1.7179 12.0 57.0 1.5071 0.0 0.574 0.0 0.2 992.0 1.5802 12.0 57.0 2.4071 0.0 0.474 0.0 0.1 992.0 1.5802 12.0 56.0 3.2071 0.0 0.574 0.0 0.2 993.0 1.6015 12.0 
0.02985 297.33762 57.0 3296.0 2.0 98.0 0.0 -0.2929 4.574 0.0 0.64031 984.0 2.5 12.0 97.0 2.0071 0.0 1.774 0.0 0.56569 980.0 2.5 11.0 97.0 3.8071 0.0 0.0 -0.126 0.36056 974.0 2.4641 10.0 101.0 5.1071 0.0 0.0 -1.526 0.28284 966.0 2.2168 9.0 105.0 6.2071 0.0 0.0 -2.526 0.14142 960.0 2.1246 8.0 
0.11169 175.30996 50.0 2560.0 2.0 41.0 0.0 -1.1929 0.0 -2.226 0.31623 1001.0 1.4308 16.0 45.0 0.4071 0.0 0.0 -1.526 0.31623 1000.0 1.591 19.0 51.0 2.1071 0.0 0.0 -0.926 0.31623 998.0 1.7711 16.0 54.0 3.8071 0.0 0.0 -0.626 0.3 997.0 1.8615 15.0 57.0 5.6071 0.0 0.0 -0.826 0.3 997.0 2.074 15.0 
0.03783 278.63933 64.0 606.0 2.0 64.0 2.4071 0.0 0.0 -1.026 0.22361 986.0 1.5495 10.0 71.0 2.5071 0.0 0.0 -0.126 0.22361 983.0 1.7162 9.0 78.0 2.9071 0.0 0.774 0.0 0.14142 979.0 1.8277 8.0 79.0 3.5071 0.0 1.474 0.0 0.22361 979.0 1.8748 8.0 69.0 4.4071 0.0 2.074 0.0 0.22361 986.0 1.801 10.0 
0.07906 157.25086 52.0 1078.0 2.0 48.0 0.0 -2.5929 0.574 0.0 0.31623 1000.0 1.8102 19.0 56.0 0.0 -0.7929 1.174 0.0 0.36056 997.0 2.0019 15.0 64.0 1.1071 0.0 2.174 0.0 0.36056 995.0 2.3242 13.0 67.0 3.2071 0.0 3.174 0.0 0.41231 994.0 2.4131 13.0 64.0 5.2071 0.0 4.074 0.0 0.31623 994.0 2.2019 13.0 
0.19272 27.12273 63.0 2911.0 2.0 53.0 0.0 -1.3929 1.274 0.0 0.36056 998.0 1.9127 17.0 53.0 0.0 -0.0929 0.0 -0.226 0.28284 995.0 1.5939 15.0 59.0 1.2071 0.0 0.0 -0.826 0.2 993.0 1.7777 16.0 71.0 2.6071 0.0 0.0 -0.326 0.36056 988.0 2.0595 13.0 82.0 4.0071 0.0 0.674 0.0 0.31623 980.0 2.0811 11.0 
0.0985 296.29862 60.0 2346.0 2.0 85.0 0.0 -1.0929 3.174 0.0 0.31623 982.0 2.3805 9.0 88.0 0.7071 0.0 2.574 0.0 0.31623 978.0 2.2599 8.0 91.0 2.3071 0.0 1.974 0.0 0.22361 975.0 2.2258 8.0 91.0 3.7071 0.0 1.474 0.0 0.31623 973.0 2.1145 7.0 91.0 5.1071 0.0 1.074 0.0 0.22361 973.0 2.1145 7.0 
0.12471 86.73259 52.0 465.0 2.0 60.0 0.0 -1.1929 0.774 0.0 0.2 991.0 1.6713 11.0 73.0 0.1071 0.0 0.774 0.0 0.2 986.0 2.0159 10.0 81.0 1.8071 0.0 0.0 -0.026 0.44721 986.0 2.4819 10.0 83.0 3.9071 0.0 0.0 -1.426 0.42426 985.0 2.5 9.0 82.0 5.7071 0.0 0.0 -2.726 0.36056 984.0 2.3682 9.0 
0.13565 122.52341 71.0 1909.0 2.0 41.0 0.0 -0.7929 0.0 -1.326 0.22361 998.0 1.1446 14.0 48.0 0.4071 0.0 0.0 -1.026 0.2 997.0 1.4708 15.0 56.0 1.7071 0.0 0.0 -1.126 0.3 994.0 1.6858 13.0 59.0 3.0071 0.0 0.0 -1.226 0.2 992.0 1.693 12.0 61.0 4.1071 0.0 0.0 -1.026 0.22361 990.0 1.6524 11.0 
0.07038 244.59289 71.0 3417.0 2.0 68.0 0.4071 0.0 2.674 0.0 0.28284 988.0 1.8891 10.0 69.0 1.3071 0.0 1.774 0.0 0.22361 986.0 1.801 10.0 74.0 2.2071 0.0 1.274 0.0 0.22361 982.0 1.8042 9.0 83.0 3.2071 0.0 1.074 0.0 0.2 975.0 1.8516 8.0 92.0 4.2071 0.0 1.274 0.0 0.1 967.0 1.8793 7.0 
0.06111 277.49037 49.0 263.0 2.0 92.0 0.6071 0.0 3.474 0.0 0.5 982.0 2.5 11.0 96.0 2.2071 0.0 1.174 0.0 0.42426 976.0 2.5 10.0 102.0 3.7071 0.0 0.0 -0.826 0.42426 971.0 2.5 9.0 107.0 5.2071 0.0 0.0 -2.626 0.42426 965.0 2.4362 9.0 111.0 6.6071 0.0 0.0 -4.226 0.36056 954.0 2.1329 6.0 
0.36581 14.00819 60.0 3419.0 2.0 58.0 0.0 -2.0929 2.474 0.0 0.64031 998.0 2.2906 20.0 57.0 0.0071 0.0 0.0 -0.126 0.56569 996.0 1.952 18.0 56.0 1.8071 0.0 0.0 -2.126 0.36056 994.0 1.6858 16.0 57.0 3.3071 0.0 0.0 -3.426 0.28284 992.0 1.5802 18.0 65.0 4.5071 0.0 0.0 -4.226 0.22361 988.0 1.7261 18.0 
0.02347 273.42719 53.0 1328.0 2.0 65.0 0.4071 0.0 3.874 0.0 0.44721 995.0 2.3974 18.0 64.0 1.8071 0.0 1.674 0.0 0.42426 994.0 2.2019 17.0 64.0 3.2071 0.0 0.0 -0.026 0.36056 993.0 2.0918 16.0 65.0 4.5071 0.0 0.0 -1.426 0.28284 992.0 2.0549 15.0 68.0 5.8071 0.0 0.0 -2.526 0.28284 989.0 1.9678 14.0 
0.07794 111.65554 54.0 3321.0 2.0 46.0 0.0 -1.9929 0.074 0.0 0.28284 998.0 1.4408 12.0 55.0 0.0 -0.3929 0.0 -0.926 0.36056 996.0 1.8174 11.0 65.0 1.6071 0.0 0.0 -1.426 0.31623 991.0 1.9615 9.0 76.0 3.5071 0.0 0.0 -1.326 0.31623 986.0 2.185 10.0 87.0 5.2071 0.0 0.0 -0.526 0.31623 978.0 2.2088 8.0 
0.09783 297.06318 50.0 2882.0 2.0 58.0 0.0071 0.0 3.074 0.0 0.41231 998.0 2.2906 16.0 53.0 1.8071 0.0 1.974 0.0 0.31623 998.0 1.9127 16.0 49.0 3.4071 0.0 1.074 0.0 0.22361 999.0 1.7517 17.0 47.0 4.8071 0.0 0.474 0.0 0.22361 999.0 1.6116 17.0 46.0 6.2071 0.0 0.0 -0.026 0.3 999.0 1.5437 18.0 
0.1184 264.5148 48.0 3992.0 2.0 76.0 0.0 -2.2929 3.374 0.0 0.53852 990.0 2.5 12.0 85.0 0.2071 0.0 2.374 0.0 0.4 985.0 2.5 12.0 96.0 2.6071 0.0 2.174 0.0 0.4 976.0 2.5 10.0 102.0 4.8071 0.0 2.174 0.0 0.3 970.0 2.4712 9.0 102.0 6.7071 0.0 2.074 0.0 0.2 962.0 2.0836 7.0 
0.10981 43.70729 96.0 574.0 2.0 33.0 0.0 -0.3929 0.0 -0.426 0.0 998.0 1.0 13.0 39.0 0.0 -0.3929 0.0 -0.026 0.1 996.0 1.0 12.0 49.0 0.0 -0.3929 0.574 0.0 0.1 993.0 1.2262 13.0 55.0 0.0 -0.1929 1.174 0.0 0.1 990.0 1.3433 11.0 63.0 0.1071 0.0 1.674 0.0 0.14142 986.0 1.5014 10.0 
0.17197 2.99167 68.0 3799.0 2.0 37.0 0.0 -1.1929 1.174 0.0 0.28284 1000.0 1.0756 13.0 40.0 0.0071 0.0 0.0 -0.026 0.28284 1000.0 1.2571 16.0 43.0 1.3071 0.0 0.0 -1.126 0.22361 999.0 1.3489 14.0 45.0 2.5071 0.0 0.0 -1.826 0.2 997.0 1.2927 13.0 49.0 3.6071 0.0 0.0 -1.926 0.2 995.0 1.3624 14.0 
0.06397 230.52074 65.0 1896.0 2.0 61.0 0.0 -0.8929 2.374 0.0 0.2 991.0 1.7275 11.0 66.0 0.1071 0.0 2.074 0.0 0.2 988.0 1.7796 10.0 71.0 1.2071 0.0 1.874 0.0 0.2 985.0 1.8388 9.0 76.0 2.4071 0.0 1.774 0.0 0.2 983.0 1.9665 9.0 80.0 3.6071 0.0 1.774 0.0 0.2 980.0 1.9808 8.0 
0.05393 171.21175 54.0 801.0 2.0 49.0 0.0 -0.6929 3.074 0.0 0.42426 1000.0 1.8864 16.0 53.0 1.1071 0.0 1.074 0.0 0.42426 999.0 2.0493 14.0 55.0 2.9071 0.0 0.0 -0.826 0.42426 997.0 1.931 13.0 60.0 4.6071 0.0 0.0 -2.326 0.36056 995.0 2.0427 14.0 62.0 6.0071 0.0 0.0 -3.026 0.31623 992.0 1.8696 12.0 
0.05098 280.01114 64.0 4066.0 2.0 48.0 0.0 -1.6929 2.174 0.0 0.2 996.0 1.3843 15.0 59.0 0.0 -0.4929 2.474 0.0 0.31623 993.0 1.7777 12.0 66.0 1.0071 0.0 2.674 0.0 0.2 990.0 1.9344 11.0 71.0 2.4071 0.0 2.474 0.0 0.22361 987.0 1.9803 10.0 73.0 3.7071 0.0 2.174 0.0 0.22361 985.0 1.9439 9.0 
0.0822 171.69251 65.0 1447.0 2.0 50.0 0.3071 0.0 2.074 0.0 0.22361 996.0 1.502 14.0 51.0 1.0071 0.0 1.174 0.0 0.28284 995.0 1.4759 14.0 52.0 1.8071 0.0 0.374 0.0 0.22361 995.0 1.5343 13.0 54.0 2.7071 0.0 0.0 -0.226 0.22361 994.0 1.5675 13.0 55.0 3.7071 0.0 0.0 -0.526 0.14142 994.0 1.6261 12.0 
0.08824 108.91054 83.0 1621.0 2.0 83.0 0.0 -0.1929 1.974 0.0 0.36056 981.0 2.1988 9.0 86.0 0.9071 0.0 0.374 0.0 0.28284 977.0 2.0984 8.0 92.0 2.1071 0.0 0.0 -0.626 0.22361 971.0 2.0583 7.0 97.0 3.3071 0.0 0.0 -1.226 0.22361 966.0 2.0447 7.0 101.0 4.3071 0.0 0.0 -1.526 0.2 960.0 1.9659 6.0 
0.09637 164.18421 54.0 1858.0 2.0 50.0 0.0 -2.1929 0.0 -1.126 0.31623 997.0 1.5959 12.0 60.0 0.0 -0.3929 0.0 -1.426 0.31623 995.0 2.0427 14.0 75.0 1.7071 0.0 0.0 -1.626 0.3 989.0 2.3938 11.0 79.0 3.8071 0.0 0.0 -1.826 0.3 986.0 2.3609 10.0 77.0 5.6071 0.0 0.0 -1.926 0.3 986.0 2.2429 9.0 
0.30983 2.99167 66.0 1140.0 2.0 40.0 0.0 -0.7929 0.474 0.0 0.14142 999.0 1.1673 13.0 46.0 0.0071 0.0 0.0 -0.026 0.14142 996.0 1.2713 11.0 51.0 0.9071 0.0 0.0 -0.326 0.14142 994.0 1.3982 10.0 56.0 1.9071 0.0 0.0 -0.526 0.14142 993.0 1.6015 9.0 62.0 3.0071 0.0 0.0 -0.726 0.2 990.0 1.707 8.0 
0.25838 12.23339 65.0 3036.0 2.0 52.0 0.0 -1.5929 1.474 0.0 0.42426 999.0 1.9727 11.0 49.0 0.1071 0.0 0.0 -0.026 0.28284 997.0 1.5327 9.0 52.0 1.4071 0.0 0.0 -1.026 0.22361 994.0 1.4536 8.0 59.0 2.7071 0.0 0.0 -1.726 0.22361 991.0 1.6161 9.0 63.0 3.9071 0.0 0.0 -2.126 0.22361 990.0 1.7625 11.0 
0.19343 92.42951 54.0 2852.0 2.0 47.0 0.0 -1.5929 2.174 0.0 0.42426 1001.0 1.8802 17.0 48.0 0.3071 0.0 0.774 0.0 0.36056 1000.0 1.8102 20.0 52.0 2.2071 0.0 0.0 -0.326 0.31623 999.0 1.9727 17.0 54.0 3.9071 0.0 0.0 -0.826 0.31623 997.0 1.8615 15.0 54.0 5.5071 0.0 0.0 -1.426 0.22361 996.0 1.752 14.0 
0.03779 296.78557 68.0 908.0 2.0 71.0 0.5071 0.0 3.174 0.0 0.36056 990.0 2.2386 11.0 69.0 1.9071 0.0 1.874 0.0 0.22361 989.0 2.0261 11.0 67.0 3.0071 0.0 0.974 0.0 0.22361 988.0 1.834 10.0 68.0 3.9071 0.0 0.574 0.0 0.2 985.0 1.6867 10.0 73.0 4.7071 0.0 0.474 0.0 0.14142 981.0 1.7009 9.0 
0.02644 258.45955 64.0 2480.0 2.0 52.0 0.0 -2.4929 0.0 -1.926 0.41231 1000.0 2.1245 15.0 56.0 0.1071 0.0 0.0 -2.326 0.41231 998.0 2.1353 13.0 57.0 2.3071 0.0 0.0 -2.826 0.3 997.0 2.074 16.0 61.0 4.1071 0.0 0.0 -3.026 0.22361 993.0 1.9003 12.0 65.0 5.4071 0.0 0.0 -2.626 0.22361 990.0 1.8762 11.0 
0.14415 53.71602 102.0 2116.0 2.0 49.0 0.0 -0.9929 1.774 0.0 0.36056 999.0 1.7517 15.0 45.0 0.3071 0.0 0.374 0.0 0.28284 998.0 1.3789 13.0 44.0 1.2071 0.0 0.0 -0.326 0.14142 996.0 1.1632 13.0 49.0 1.7071 0.0 0.0 -0.326 0.1 993.0 1.2262 12.0 58.0 2.0071 0.0 0.274 0.0 0.14142 989.0 1.4316 11.0 
0.01891 260.45356 45.0 892.0 2.0 71.0 0.0 -4.8929 1.074 0.0 0.98995 1001.0 2.5 13.0 68.0 0.0 -0.9929 0.0 -2.126 0.80623 1000.0 2.5 11.0 62.0 2.4071 0.0 0.0 -4.026 0.5831 999.0 2.5 14.0 59.0 5.1071 0.0 0.0 -5.326 0.44721 997.0 2.2221 12.0 60.0 7.2071 0.0 0.0 -6.226 0.31623 994.0 1.9352 11.0 
0.11192 150.73401 60.0 1474.0 2.0 46.0 0.0 -2.1929 0.0 -0.626 0.41231 998.0 1.4408 11.0 48.0 0.0 -0.2929 0.0 -1.326 0.31623 998.0 1.5688 14.0 51.0 1.4071 0.0 0.0 -1.826 0.31623 996.0 1.5627 12.0 56.0 2.9071 0.0 0.0 -2.126 0.31623 994.0 1.6858 14.0 66.0 4.4071 0.0 0.0 -2.626 0.2 988.0 1.7796 11.0 
0.39864 80.82953 35.0 3104.0 2.0 62.0 0.0 -1.9929 4.274 0.0 0.78102 1001.0 2.5 18.0 64.0 0.7071 0.0 0.174 0.0 0.80623 1000.0 2.5 17.0 62.0 2.8071 0.0 0.0 -3.726 0.67082 999.0 2.5 15.0 60.0 4.6071 0.0 0.0 -7.026 0.53852 998.0 2.4513 16.0 60.0 6.0071 0.0 0.0 -9.726 0.44721 996.0 2.1629 16.0 
0.07146 161.91497 63.0 1917.0 2.0 42.0 0.0 -1.4929 0.0 -1.626 0.4 1001.0 1.5014 17.0 42.0 0.3071 0.0 0.0 -1.426 0.2 1000.0 1.3859 16.0 44.0 1.8071 0.0 0.0 -1.326 0.2 999.0 1.4124 16.0 50.0 3.2071 0.0 0.0 -1.426 0.3 998.0 1.7023 16.0 53.0 4.6071 0.0 0.0 -1.526 0.22361 996.0 1.6877 14.0 
0.03303 229.97278 56.0 2244.0 2.0 61.0 0.0071 0.0 3.574 0.0 0.5 998.0 2.5 17.0 58.0 1.7071 0.0 1.174 0.0 0.42426 998.0 2.2906 16.0 54.0 3.2071 0.0 0.0 -0.526 0.28284 997.0 1.8615 15.0 51.0 4.4071 0.0 0.0 -1.426 0.2 996.0 1.5627 14.0 52.0 5.5071 0.0 0.0 -1.626 0.2 995.0 1.5343 14.0 
0.12981 139.82063 62.0 2027.0 2.0 83.0 0.0 -1.1929 3.074 0.0 0.56569 990.0 2.5 14.0 83.0 0.9071 0.0 0.874 0.0 0.42426 986.0 2.5 13.0 82.0 2.6071 0.0 0.0 -0.726 0.36056 983.0 2.2892 12.0 82.0 3.9071 0.0 0.0 -1.926 0.28284 980.0 2.0811 11.0 84.0 5.0071 0.0 0.0 -2.826 0.28284 977.0 2.0019 10.0 
0.0728 167.48964 89.0 3557.0 2.0 52.0 1.4071 0.0 0.974 0.0 0.1 994.0 1.4536 13.0 54.0 1.5071 0.0 0.074 0.0 0.14142 992.0 1.4182 12.0 56.0 1.9071 0.0 0.0 -0.626 0.14142 991.0 1.4559 11.0 59.0 2.4071 0.0 0.0 -1.026 0.14142 989.0 1.4814 11.0 63.0 3.0071 0.0 0.0 -1.126 0.1 986.0 1.5014 10.0 
0.04592 227.64058 56.0 551.0 2.0 85.0 0.0 -0.1929 3.574 0.0 0.56569 987.0 2.5 8.0 84.0 1.6071 0.0 1.274 0.0 0.42426 983.0 2.4023 7.0 84.0 3.0071 0.0 0.0 -0.526 0.28284 980.0 2.1839 6.0 95.0 4.3071 0.0 0.0 -1.926 0.36056 971.0 2.1947 5.0 105.0 5.7071 0.0 0.0 -3.026 0.22361 961.0 2.1655 5.0 
0.07313 96.56275 85.0 1519.0 2.0 45.0 0.0 -2.2929 0.974 0.0 0.42426 1000.0 1.591 12.0 43.0 0.0 -0.6929 0.0 -0.526 0.28284 1000.0 1.4527 16.0 43.0 0.6071 0.0 0.0 -1.526 0.28284 998.0 1.259 14.0 45.0 1.8071 0.0 0.0 -2.126 0.22361 996.0 1.2166 13.0 50.0 3.0071 0.0 0.0 -2.526 0.22361 994.0 1.3439 12.0 
0.23089 2.99167 83.0 1748.0 2.0 28.0 0.1071 0.0 0.0 -0.726 0.1 1001.0 1.0 17.0 32.0 0.0071 0.0 0.0 -0.026 0.1 1000.0 1.0 15.0 35.0 0.0071 0.0 0.674 0.0 0.1 999.0 1.0 18.0 43.0 0.2071 0.0 1.474 0.0 0.2 997.0 1.1803 15.0 50.0 0.5071 0.0 2.574 0.0 0.22361 996.0 1.502 14.0 
0.05206 178.57711 105.0 2583.0 2.0 69.0 1.6071 0.0 0.0 -1.326 0.2 985.0 1.7367 10.0 79.0 1.6071 0.0 0.074 0.0 0.2 978.0 1.8213 8.0 88.0 1.7071 0.0 1.274 0.0 0.2 970.0 1.8394 7.0 96.0 1.9071 0.0 2.274 0.0 0.22361 963.0 1.8826 6.0 97.0 2.3071 0.0 3.274 0.0 0.14142 963.0 1.922 6.0 
0.01621 161.05662 28.0 440.0 2.0 76.0 0.0 -3.1929 4.974 0.0 1.17047 1000.0 2.5 12.0 72.0 0.0 -1.1929 0.0 -0.826 0.94868 999.0 2.5 11.0 69.0 0.8071 0.0 0.0 -5.526 0.76158 998.0 2.5 11.0 73.0 2.9071 0.0 0.0 -9.526 0.67082 995.0 2.5 11.0 77.0 4.9071 0.0 0.0 -12.826 0.5 991.0 2.5 9.0 
0.08782 142.48208 89.0 658.0 2.0 30.0 0.0 -1.3929 0.274 0.0 0.1 999.0 1.0 14.0 37.0 0.0 -1.1929 0.474 0.0 0.1 997.0 1.0 12.0 48.0 0.0 -0.8929 1.174 0.0 0.14142 995.0 1.3074 14.0 59.0 0.0 -0.2929 2.174 0.0 0.22361 991.0 1.6161 12.0 67.0 0.5071 0.0 3.174 0.0 0.22361 987.0 1.7634 10.0 
0.01797 287.44942 53.0 1438.0 2.0 76.0 0.1071 0.0 3.774 0.0 0.36056 987.0 2.269 10.0 82.0 1.4071 0.0 2.174 0.0 0.22361 981.0 2.1462 9.0 89.0 2.7071 0.0 1.374 0.0 0.2 974.0 2.0744 8.0 98.0 4.1071 0.0 1.174 0.0 0.3 967.0 2.1324 7.0 97.0 5.6071 0.0 0.974 0.0 0.3 969.0 2.1841 7.0 
0.02759 283.12456 50.0 1316.0 2.0 66.0 0.3071 0.0 3.674 0.0 0.42426 995.0 2.4717 13.0 65.0 2.0071 0.0 1.574 0.0 0.42426 995.0 2.3974 13.0 63.0 3.6071 0.0 0.0 -0.226 0.42426 995.0 2.2521 13.0 62.0 5.1071 0.0 0.0 -1.826 0.36056 994.0 2.0664 13.0 61.0 6.4071 0.0 0.0 -3.226 0.28284 994.0 2.0003 13.0 
0.08474 203.03434 53.0 272.0 2.0 56.0 0.0 -2.3929 0.0 -1.626 0.41231 998.0 2.1353 10.0 60.0 0.1071 0.0 0.0 -1.826 0.4 996.0 2.1629 12.0 65.0 2.3071 0.0 0.0 -1.826 0.3 991.0 1.9615 9.0 68.0 4.0071 0.0 0.0 -1.926 0.31623 988.0 1.8891 8.0 81.0 5.7071 0.0 0.0 -2.126 0.3 981.0 2.0941 9.0 
0.12284 302.81944 52.0 3453.0 2.0 61.0 0.0 -2.3929 0.0 -2.926 0.41231 993.0 1.9003 11.0 75.0 0.1071 0.0 0.0 -2.726 0.4 989.0 2.3938 11.0 91.0 2.4071 0.0 0.0 -2.026 0.44721 980.0 2.5 11.0 97.0 4.5071 0.0 0.0 -1.026 0.31623 974.0 2.4641 10.0 106.0 6.2071 0.0 0.0 -0.226 0.22361 962.0 2.2502 8.0 
0.17111 198.2513 119.0 616.0 2.0 32.0 0.0 -0.4929 2.074 0.0 0.1 1001.0 1.0 34.0 37.0 0.2071 0.0 1.774 0.0 0.2 1000.0 1.0756 30.0 42.0 1.1071 0.0 1.674 0.0 0.1 998.0 1.2011 27.0 44.0 1.9071 0.0 1.574 0.0 0.1 997.0 1.2359 25.0 46.0 2.7071 0.0 1.474 0.0 0.1 997.0 1.3508 24.0 
0.25882 25.09838 90.0 3971.0 2.0 40.0 0.0 -0.8929 0.074 0.0 0.22361 998.0 1.0895 14.0 45.0 0.0071 0.0 0.0 -0.226 0.14142 997.0 1.2927 15.0 51.0 0.8071 0.0 0.0 -0.326 0.2 994.0 1.3982 13.0 54.0 1.6071 0.0 0.0 -0.326 0.2 992.0 1.4182 12.0 57.0 2.4071 0.0 0.0 -0.226 0.1 991.0 1.5084 11.0 
0.07238 185.81567 71.0 319.0 2.0 44.0 0.0 -1.8929 1.574 0.0 0.3 1001.0 1.6478 17.0 45.0 0.0071 0.0 1.674 0.0 0.31623 1000.0 1.591 15.0 46.0 1.7071 0.0 1.574 0.0 0.22361 999.0 1.5437 16.0 49.0 3.0071 0.0 1.174 0.0 0.14142 996.0 1.4425 15.0 52.0 4.0071 0.0 0.974 0.0 0.1 994.0 1.4536 13.0 
0.06992 147.54679 64.0 1378.0 2.0 56.0 0.0 -2.3929 0.0 -0.726 0.44721 998.0 2.1353 13.0 58.0 0.0 -0.0929 0.0 -1.326 0.31623 996.0 2.0211 11.0 61.0 1.7071 0.0 0.0 -1.526 0.3 992.0 1.8098 11.0 70.0 3.2071 0.0 0.0 -1.426 0.22361 986.0 1.8536 10.0 83.0 4.3071 0.0 0.0 -0.826 0.22361 977.0 1.9545 8.0 
0.05417 234.34953 60.0 195.0 2.0 48.0 0.2071 0.0 2.674 0.0 0.28284 999.0 1.6809 17.0 47.0 1.4071 0.0 1.574 0.0 0.31623 999.0 1.6116 17.0 47.0 2.8071 0.0 0.674 0.0 0.22361 999.0 1.6116 17.0 47.0 4.1071 0.0 0.0 -0.226 0.28284 999.0 1.6116 17.0 45.0 5.3071 0.0 0.0 -1.126 0.28284 999.0 1.4773 17.0 
0.20953 45.79963 274.0 2713.0 2.0 52.0 0.0 -2.4929 1.574 0.0 0.5 1000.0 2.1245 16.0 52.0 0.0 -0.3929 0.0 -0.126 0.42426 998.0 1.8412 14.0 52.0 1.3071 0.0 0.0 -1.426 0.31623 997.0 1.7261 16.0 54.0 2.9071 0.0 0.0 -2.026 0.3 995.0 1.6546 14.0 53.0 4.3071 0.0 0.0 -1.826 0.22361 994.0 1.51 14.0 
0.04562 284.57652 34.0 741.0 2.0 44.0 0.4071 0.0 3.174 0.0 0.28284 1000.0 1.5211 18.0 42.0 1.5071 0.0 2.074 0.0 0.22361 1000.0 1.3859 19.0 38.0 2.5071 0.0 1.174 0.0 0.22361 1001.0 1.2291 21.0 33.0 3.4071 0.0 0.574 0.0 0.22361 1002.0 1.0112 23.0 29.0 4.3071 0.0 0.174 0.0 0.14142 1003.0 1.0 26.0 
0.01882 297.06318 69.0 2674.0 2.0 75.0 0.5071 0.0 3.474 0.0 0.28284 988.0 2.2981 10.0 72.0 1.8071 0.0 1.974 0.0 0.28284 988.0 2.1179 10.0 70.0 2.9071 0.0 0.874 0.0 0.28284 986.0 1.8536 10.0 72.0 3.9071 0.0 0.074 0.0 0.14142 984.0 1.8258 9.0 75.0 4.7071 0.0 0.0 -0.526 0.14142 981.0 1.7954 9.0 
0.07316 288.85788 118.0 2061.0 2.0 67.0 0.2071 0.0 2.774 0.0 0.1 985.0 1.6375 9.0 72.0 0.8071 0.0 2.474 0.0 0.1 982.0 1.708 9.0 71.0 1.4071 0.0 2.374 0.0 0.14142 982.0 1.6609 9.0 68.0 2.0071 0.0 2.274 0.0 0.1 984.0 1.6286 9.0 64.0 2.5071 0.0 2.374 0.0 0.1 986.0 1.5495 10.0 
0.05741 176.21985 57.0 1830.0 2.0 50.0 0.0 -1.2929 2.374 0.0 0.28284 998.0 1.7023 13.0 55.0 0.2071 0.0 1.574 0.0 0.2 995.0 1.7165 11.0 59.0 1.7071 0.0 1.374 0.0 0.3 993.0 1.7777 9.0 62.0 3.2071 0.0 1.374 0.0 0.3 991.0 1.7846 9.0 62.0 4.6071 0.0 1.374 0.0 0.2 991.0 1.7846 9.0 
0.06699 245.98277 81.0 2980.0 2.0 74.0 0.4071 0.0 2.474 0.0 0.14142 980.0 1.6949 9.0 84.0 1.0071 0.0 1.974 0.0 0.1 972.0 1.7578 7.0 90.0 1.6071 0.0 1.774 0.0 0.2 968.0 1.8385 7.0 93.0 2.4071 0.0 1.874 0.0 0.1 965.0 1.8404 7.0 95.0 3.2071 0.0 2.074 0.0 0.14142 965.0 1.9204 7.0 
0.2138 52.6199 261.0 1915.0 2.0 53.0 0.0 -1.1929 1.074 0.0 0.22361 993.0 1.4345 10.0 66.0 0.0071 0.0 0.474 0.0 0.2 989.0 1.8538 11.0 80.0 1.5071 0.0 0.0 -0.026 0.22361 982.0 2.1086 9.0 90.0 3.0071 0.0 0.0 -0.426 0.31623 975.0 2.1771 8.0 101.0 4.5071 0.0 0.0 -0.726 0.3 963.0 2.0838 7.0 
0.13807 97.07306 89.0 3798.0 2.0 60.0 0.0 -0.3929 1.274 0.0 0.1 989.0 1.5321 11.0 65.0 0.4071 0.0 0.774 0.0 0.1 987.0 1.6597 10.0 69.0 1.1071 0.0 0.474 0.0 0.22361 984.0 1.6768 9.0 75.0 1.9071 0.0 0.274 0.0 0.1 980.0 1.741 8.0 85.0 2.6071 0.0 0.274 0.0 0.1 972.0 1.7999 7.0 
0.07757 257.5833 70.0 2277.0 2.0 56.0 0.8071 0.0 2.674 0.0 0.22361 995.0 1.7795 13.0 55.0 1.6071 0.0 1.674 0.0 0.14142 993.0 1.5448 12.0 55.0 2.2071 0.0 1.174 0.0 0.1 992.0 1.4713 12.0 57.0 2.8071 0.0 1.074 0.0 0.14142 990.0 1.4428 11.0 59.0 3.5071 0.0 1.274 0.0 0.2 990.0 1.5458 11.0 
0.05514 197.99881 66.0 4117.0 2.0 45.0 0.8071 0.0 2.374 0.0 0.31623 1000.0 1.591 19.0 46.0 1.6071 0.0 0.774 0.0 0.22361 999.0 1.5437 17.0 48.0 2.5071 0.0 0.0 -0.326 0.22361 997.0 1.4708 15.0 50.0 3.4071 0.0 0.0 -1.026 0.22361 996.0 1.502 14.0 53.0 4.3071 0.0 0.0 -1.526 0.1 994.0 1.51 13.0 
0.04345 233.99754 41.0 587.0 2.0 60.0 0.0 -0.6929 5.074 0.0 0.80623 1001.0 2.5 17.0 61.0 1.5071 0.0 1.474 0.0 0.64031 1000.0 2.5 15.0 61.0 3.9071 0.0 0.0 -1.226 0.5 998.0 2.5 13.0 63.0 6.2071 0.0 0.0 -2.726 0.44721 996.0 2.3846 15.0 68.0 8.5071 0.0 0.0 -3.626 0.41231 993.0 2.3614 12.0 
0.08357 156.04509 56.0 3797.0 2.0 53.0 0.0 -0.6929 2.274 0.0 0.36056 998.0 1.9127 21.0 56.0 0.9071 0.0 1.074 0.0 0.42426 997.0 2.0019 19.0 59.0 2.5071 0.0 0.0 -0.226 0.36056 995.0 1.9752 18.0 62.0 4.1071 0.0 0.0 -1.326 0.31623 994.0 2.0664 16.0 64.0 5.6071 0.0 0.0 -2.026 0.31623 991.0 1.9016 15.0 
0.1842 85.49496 60.0 2923.0 2.0 60.0 0.0 -1.2929 3.274 0.0 0.64031 998.0 2.4513 10.0 57.0 0.6071 0.0 0.474 0.0 0.44721 997.0 2.074 11.0 56.0 2.1071 0.0 0.0 -1.426 0.36056 996.0 1.8841 11.0 62.0 3.6071 0.0 0.0 -2.526 0.31623 991.0 1.7846 9.0 75.0 5.0071 0.0 0.0 -3.326 0.22361 983.0 1.9151 8.0 
0.18315 18.35579 56.0 3879.0 2.0 46.0 0.0 -0.8929 1.774 0.0 0.44721 1000.0 1.6625 11.0 47.0 0.1071 0.0 0.0 -0.126 0.28284 998.0 1.5041 9.0 51.0 1.3071 0.0 0.0 -1.326 0.22361 997.0 1.6604 11.0 60.0 2.7071 0.0 0.0 -1.826 0.31623 993.0 1.8385 9.0 66.0 4.3071 0.0 0.0 -2.326 0.22361 991.0 2.0223 8.0 
0.03843 260.90683 50.0 4147.0 2.0 46.0 0.5071 0.0 3.474 0.0 0.36056 1000.0 1.6625 11.0 50.0 1.9071 0.0 1.374 0.0 0.5 999.0 1.8239 14.0 54.0 3.3071 0.0 0.0 -0.626 0.36056 997.0 1.8615 12.0 55.0 4.6071 0.0 0.0 -2.226 0.28284 995.0 1.7165 11.0 57.0 6.0071 0.0 0.0 -3.226 0.28284 994.0 1.7465 13.0 
0.04806 288.97303 78.0 2044.0 2.0 70.0 0.9071 0.0 2.774 0.0 0.22361 985.0 1.7874 9.0 72.0 1.8071 0.0 1.874 0.0 0.14142 984.0 1.8258 9.0 73.0 2.7071 0.0 1.274 0.0 0.22361 984.0 1.8769 9.0 75.0 3.7071 0.0 0.874 0.0 0.14142 982.0 1.8533 9.0 77.0 4.6071 0.0 0.474 0.0 0.22361 980.0 1.8351 8.0 
0.28774 38.12432 53.0 676.0 2.0 53.0 0.0 -1.2929 1.474 0.0 0.36056 995.0 1.5939 8.0 56.0 0.2071 0.0 0.274 0.0 0.36056 992.0 1.5252 7.0 67.0 1.8071 0.0 0.0 -0.526 0.31623 988.0 1.834 8.0 84.0 3.5071 0.0 0.0 -1.126 0.31623 980.0 2.1839 9.0 108.0 5.2071 0.0 0.0 -1.626 0.31623 961.0 2.291 6.0 
0.1063 264.5148 53.0 2505.0 2.0 87.0 0.0 -1.5929 2.974 0.0 0.31623 979.0 2.2738 11.0 93.0 0.2071 0.0 2.374 0.0 0.3 976.0 2.3875 10.0 98.0 2.1071 0.0 1.874 0.0 0.3 966.0 2.0871 7.0 107.0 3.8071 0.0 1.574 0.0 0.3 958.0 2.1261 6.0 115.0 5.4071 0.0 1.474 0.0 0.31623 951.0 2.1787 6.0 
0.09893 163.93864 54.0 4170.0 2.0 65.0 0.0 -2.5929 1.774 0.0 0.44721 996.0 2.5 11.0 67.0 0.0 -0.0929 1.474 0.0 0.41231 995.0 2.5 10.0 62.0 2.1071 0.0 1.974 0.0 0.41231 996.0 2.3095 10.0 55.0 3.9071 0.0 2.674 0.0 0.36056 997.0 1.931 11.0 49.0 5.4071 0.0 3.474 0.0 0.22361 998.0 1.6349 12.0 
0.03348 263.87963 49.0 2069.0 2.0 56.0 0.0 -0.0929 4.174 0.0 0.64031 1000.0 2.4639 12.0 55.0 2.0071 0.0 1.274 0.0 0.5 999.0 2.2069 11.0 54.0 3.7071 0.0 0.0 -0.926 0.5 997.0 1.8615 9.0 56.0 5.3071 0.0 0.0 -2.826 0.36056 996.0 1.8841 12.0 60.0 6.7071 0.0 0.0 -4.426 0.36056 993.0 1.8385 10.0 
0.088 235.74859 54.0 1713.0 2.0 58.0 0.0 -0.2929 3.274 0.0 0.42426 997.0 2.1474 15.0 55.0 1.3071 0.0 1.674 0.0 0.36056 998.0 2.0598 15.0 54.0 2.9071 0.0 0.274 0.0 0.28284 998.0 1.9855 16.0 51.0 4.4071 0.0 0.0 -0.926 0.36056 999.0 1.8976 16.0 48.0 5.8071 0.0 0.0 -2.026 0.22361 999.0 1.6809 17.0 
0.05431 302.817 66.0 2177.0 2.0 50.0 0.7071 0.0 2.874 0.0 0.22361 995.0 1.4186 13.0 50.0 1.5071 0.0 2.274 0.0 0.2 995.0 1.4186 14.0 50.0 2.4071 0.0 1.974 0.0 0.2 996.0 1.502 14.0 49.0 3.3071 0.0 1.874 0.0 0.22361 996.0 1.4425 14.0 49.0 4.2071 0.0 2.174 0.0 0.22361 996.0 1.4425 14.0 
0.07477 274.95456 58.0 1626.0 2.0 73.0 0.0 -0.6929 2.674 0.0 0.3 986.0 2.0159 13.0 77.0 0.7071 0.0 2.374 0.0 0.2 982.0 1.9535 11.0 85.0 2.0071 0.0 2.274 0.0 0.22361 976.0 1.9944 10.0 96.0 3.3071 0.0 1.974 0.0 0.2 968.0 2.0918 9.0 114.0 4.6071 0.0 1.574 0.0 0.31623 953.0 2.2123 8.0 
0.01547 267.54699 67.0 3081.0 2.0 69.0 1.1071 0.0 3.174 0.0 0.31623 991.0 2.2103 11.0 66.0 1.9071 0.0 1.474 0.0 0.28284 990.0 1.9344 11.0 67.0 2.8071 0.0 0.274 0.0 0.22361 989.0 1.9104 10.0 71.0 4.0071 0.0 0.0 -0.526 0.22361 986.0 1.9069 10.0 77.0 5.2071 0.0 0.0 -0.926 0.1 982.0 1.9535 9.0 
0.26626 53.615 45.0 289.0 2.0 60.0 0.0 -3.1929 0.574 0.0 0.6 1001.0 2.5 16.0 59.0 0.0 -0.0929 0.474 0.0 0.4 1000.0 2.5 13.0 61.0 2.6071 0.0 0.374 0.0 0.4 998.0 2.5 12.0 58.0 5.0071 0.0 0.274 0.0 0.4 998.0 2.2906 12.0 52.0 7.1071 0.0 0.574 0.0 0.41231 999.0 1.9727 13.0 
0.04571 257.667 64.0 3096.0 2.0 46.0 1.2071 0.0 3.074 0.0 0.44721 999.0 1.5437 16.0 45.0 2.1071 0.0 0.974 0.0 0.36056 998.0 1.3789 20.0 47.0 2.9071 0.0 0.0 -0.626 0.31623 997.0 1.4101 17.0 49.0 3.8071 0.0 0.0 -2.026 0.22361 995.0 1.3624 16.0 52.0 4.7071 0.0 0.0 -3.126 0.22361 994.0 1.4536 18.0 
0.1123 152.12534 86.0 2690.0 2.0 56.0 0.0 -0.9929 2.074 0.0 0.31623 997.0 2.0019 11.0 58.0 0.7071 0.0 1.174 0.0 0.22361 995.0 1.9088 10.0 57.0 2.1071 0.0 0.274 0.0 0.22361 994.0 1.7465 10.0 55.0 3.3071 0.0 0.0 -0.426 0.14142 994.0 1.6261 9.0 55.0 4.2071 0.0 0.0 -0.926 0.14142 993.0 1.5448 9.0 
0.08379 156.64953 71.0 3360.0 2.0 42.0 0.0 -0.3929 2.274 0.0 0.22361 1000.0 1.3859 19.0 45.0 0.6071 0.0 1.274 0.0 0.22361 999.0 1.4773 17.0 48.0 1.8071 0.0 0.774 0.0 0.2 998.0 1.5688 16.0 49.0 3.0071 0.0 0.774 0.0 0.1 997.0 1.5327 15.0 50.0 4.0071 0.0 0.974 0.0 0.22361 996.0 1.502 14.0 
0.29294 12.23339 50.0 3176.0 2.0 50.0 0.0 -1.3929 2.674 0.0 0.53852 1000.0 1.9642 12.0 49.0 0.1071 0.0 0.0 -0.026 0.5 999.0 1.7517 14.0 52.0 1.7071 0.0 0.0 -2.126 0.5 998.0 1.8412 14.0 57.0 3.6071 0.0 0.0 -4.126 0.42426 996.0 1.952 12.0 63.0 5.6071 0.0 0.0 -5.926 0.36056 993.0 2.0269 11.0 
0.12941 190.86341 73.0 3910.0 2.0 74.0 0.0 -1.2929 1.474 0.0 0.2 982.0 1.8042 12.0 80.0 0.0 -0.3929 1.674 0.0 0.22361 978.0 1.8677 10.0 83.0 0.5071 0.0 1.874 0.0 0.2 975.0 1.8516 10.0 87.0 1.4071 0.0 1.874 0.0 0.22361 972.0 1.8856 10.0 91.0 2.4071 0.0 1.674 0.0 0.1 964.0 1.7261 7.0 
0.07861 210.50196 67.0 146.0 2.0 64.0 0.2071 0.0 2.674 0.0 0.36056 992.0 1.9922 15.0 65.0 1.3071 0.0 1.374 0.0 0.28284 990.0 1.8762 15.0 67.0 2.5071 0.0 0.274 0.0 0.22361 989.0 1.9104 14.0 72.0 3.7071 0.0 0.0 -0.426 0.22361 984.0 1.8258 12.0 87.0 4.7071 0.0 0.0 -0.926 0.2 973.0 1.9327 10.0 
0.09868 171.69251 219.0 3284.0 2.0 50.0 0.0 -0.0929 2.474 0.0 0.36056 997.0 1.5959 13.0 51.0 1.0071 0.0 1.174 0.0 0.22361 996.0 1.5627 15.0 54.0 2.0071 0.0 0.474 0.0 0.14142 994.0 1.5675 13.0 57.0 2.8071 0.0 0.074 0.0 0.1 991.0 1.5084 11.0 64.0 3.6071 0.0 0.0 -0.126 0.1 987.0 1.6091 10.0 
0.05632 247.79184 61.0 3600.0 2.0 59.0 0.0 -1.0929 2.674 0.0 0.31623 995.0 1.9752 14.0 66.0 0.5071 0.0 2.174 0.0 0.3 991.0 2.0223 11.0 70.0 2.0071 0.0 2.174 0.0 0.3 988.0 2.0019 10.0 72.0 3.4071 0.0 2.374 0.0 0.2 986.0 1.961 10.0 71.0 4.6071 0.0 2.674 0.0 0.2 985.0 1.8388 9.0 
0.07367 226.37542 62.0 2107.0 2.0 57.0 0.1071 0.0 2.474 0.0 0.36056 996.0 1.952 14.0 56.0 1.5071 0.0 1.374 0.0 0.22361 996.0 1.8841 14.0 55.0 2.7071 0.0 0.474 0.0 0.36056 996.0 1.8174 14.0 54.0 3.9071 0.0 0.0 -0.526 0.22361 996.0 1.752 14.0 56.0 5.1071 0.0 0.0 -1.526 0.28284 995.0 1.7795 13.0 
0.25626 41.52148 58.0 1329.0 2.0 42.0 0.0 -0.9929 0.974 0.0 0.22361 996.0 1.0598 9.0 48.0 0.0071 0.0 0.374 0.0 0.2 995.0 1.3074 11.0 61.0 1.3071 0.0 0.0 -0.126 0.31623 992.0 1.8098 12.0 75.0 3.0071 0.0 0.0 -0.826 0.31623 986.0 2.1279 10.0 91.0 4.7071 0.0 0.0 -1.326 0.31623 974.0 2.1687 8.0 
0.03545 226.76369 55.0 2896.0 2.0 51.0 0.0 -3.4929 0.0 -0.726 0.41231 1001.0 2.2138 17.0 50.0 0.0 -1.0929 0.0 -1.726 0.44721 1000.0 1.9642 15.0 51.0 1.0071 0.0 0.0 -2.626 0.41231 999.0 1.8976 14.0 56.0 3.0071 0.0 0.0 -3.226 0.41231 997.0 2.0019 15.0 61.0 4.9071 0.0 0.0 -3.726 0.3 994.0 2.0003 13.0 
0.07574 260.1241 65.0 966.0 2.0 53.0 0.8071 0.0 2.374 0.0 0.14142 993.0 1.4345 12.0 55.0 1.4071 0.0 1.874 0.0 0.1 992.0 1.4713 12.0 60.0 2.0071 0.0 1.674 0.0 0.2 990.0 1.5987 11.0 66.0 2.9071 0.0 1.674 0.0 0.22361 987.0 1.7112 10.0 70.0 4.0071 0.0 1.874 0.0 0.22361 986.0 1.8536 10.0 
0.07928 152.86221 60.0 1959.0 2.0 52.0 0.0 -1.2929 1.374 0.0 0.2 996.0 1.6246 14.0 59.0 0.0 -0.0929 1.374 0.0 0.2 992.0 1.693 12.0 67.0 1.2071 0.0 1.374 0.0 0.2 989.0 1.9104 10.0 73.0 2.5071 0.0 1.374 0.0 0.2 985.0 1.9439 9.0 81.0 3.8071 0.0 1.374 0.0 0.31623 981.0 2.0941 8.0 
0.14265 81.24308 65.0 1490.0 2.0 47.0 0.0 -1.8929 0.0 -0.226 0.41231 1000.0 1.7355 20.0 50.0 0.0 -0.0929 0.0 -0.726 0.31623 999.0 1.8239 17.0 52.0 1.5071 0.0 0.0 -0.926 0.2 997.0 1.7261 15.0 52.0 2.9071 0.0 0.0 -0.926 0.2 997.0 1.7261 15.0 50.0 4.3071 0.0 0.0 -0.926 0.22361 997.0 1.5959 15.0 
0.07814 312.74644 52.0 122.0 2.0 67.0 0.4071 0.0 3.274 0.0 0.28284 992.0 2.1833 15.0 78.0 1.9071 0.0 2.074 0.0 0.36056 985.0 2.2193 12.0 92.0 3.4071 0.0 0.774 0.0 0.42426 976.0 2.3365 10.0 102.0 4.8071 0.0 0.0 -0.526 0.31623 960.0 2.005 7.0 122.0 6.1071 0.0 0.0 -1.326 0.31623 939.0 2.0543 5.0 
0.0334 216.33574 56.0 3765.0 2.0 56.0 0.0 -0.6929 2.774 0.0 0.36056 997.0 2.0019 11.0 57.0 0.8071 0.0 1.774 0.0 0.22361 995.0 1.8436 10.0 58.0 2.2071 0.0 1.074 0.0 0.2 994.0 1.8084 9.0 60.0 3.5071 0.0 0.674 0.0 0.3 993.0 1.8385 9.0 62.0 5.0071 0.0 0.474 0.0 0.22361 992.0 1.8696 9.0 
0.36829 25.09838 56.0 3388.0 2.0 46.0 0.0 -1.0929 0.074 0.0 0.22361 996.0 1.2713 12.0 55.0 0.0071 0.0 0.0 -0.226 0.2 994.0 1.6261 13.0 69.0 1.3071 0.0 0.0 -0.226 0.22361 987.0 1.8703 10.0 81.0 2.7071 0.0 0.0 -0.026 0.31623 980.0 2.0307 9.0 88.0 4.3071 0.0 0.274 0.0 0.31623 977.0 2.1971 8.0 
0.28437 10.70814 58.0 309.0 2.0 46.0 0.0 -1.7929 1.174 0.0 0.36056 999.0 1.5437 10.0 49.0 0.0 -0.0929 0.0 -0.026 0.31623 997.0 1.5327 9.0 53.0 1.6071 0.0 0.0 -1.026 0.36056 995.0 1.5939 8.0 58.0 3.2071 0.0 0.0 -2.026 0.28284 994.0 1.8084 10.0 67.0 4.7071 0.0 0.0 -3.026 0.36056 988.0 1.834 8.0 
0.07886 138.42312 53.0 467.0 2.0 71.0 0.0 -0.4929 2.474 0.0 0.42426 992.0 2.4518 12.0 73.0 1.1071 0.0 0.574 0.0 0.36056 989.0 2.2679 11.0 78.0 2.8071 0.0 0.0 -0.726 0.36056 985.0 2.2193 10.0 88.0 4.5071 0.0 0.0 -1.726 0.28284 977.0 2.1971 8.0 102.0 5.9071 0.0 0.0 -2.726 0.31623 966.0 2.2609 7.0 
0.05855 291.24815 46.0 851.0 2.0 55.0 1.3071 0.0 3.974 0.0 0.63246 999.0 2.2069 16.0 56.0 2.5071 0.0 0.774 0.0 0.53852 998.0 2.1353 14.0 59.0 4.0071 0.0 0.0 -1.926 0.42426 997.0 2.2221 16.0 62.0 5.8071 0.0 0.0 -3.726 0.36056 994.0 2.0664 14.0 67.0 7.4071 0.0 0.0 -4.726 0.22361 990.0 1.9935 14.0 
0.15765 131.83447 73.0 2765.0 2.0 67.0 0.0 -1.1929 1.874 0.0 0.31623 992.0 2.1833 12.0 74.0 0.5071 0.0 1.074 0.0 0.36056 987.0 2.1512 10.0 76.0 2.0071 0.0 0.174 0.0 0.31623 985.0 2.1069 9.0 74.0 3.3071 0.0 0.0 -0.426 0.22361 984.0 1.9286 9.0 74.0 4.5071 0.0 0.0 -0.726 0.14142 980.0 1.6949 7.0 
0.22175 173.0257 56.0 1802.0 2.0 78.0 0.0 -1.3929 2.274 0.0 0.31623 988.0 2.4856 10.0 79.0 0.5071 0.0 1.474 0.0 0.31623 986.0 2.3609 10.0 77.0 2.3071 0.0 1.174 0.0 0.3 986.0 2.2429 10.0 74.0 4.0071 0.0 1.074 0.0 0.31623 987.0 2.1512 10.0 69.0 5.6071 0.0 0.974 0.0 0.2 989.0 2.0261 10.0 
0.11523 155.94083 43.0 692.0 2.0 58.0 0.0 -3.4929 0.674 0.0 0.5099 1001.0 2.5 22.0 59.0 0.0 -0.2929 1.374 0.0 0.5099 1000.0 2.5 19.0 58.0 2.5071 0.0 1.474 0.0 0.5099 1000.0 2.5 18.0 58.0 5.2071 0.0 0.574 0.0 0.5099 1000.0 2.5 18.0 54.0 7.6071 0.0 0.0 -0.326 0.41231 1000.0 2.291 18.0 
0.06611 307.91501 82.0 2485.0 2.0 54.0 0.0 -0.9929 3.174 0.0 0.22361 994.0 1.5675 13.0 56.0 0.0071 0.0 2.774 0.0 0.2 993.0 1.6015 12.0 60.0 1.0071 0.0 2.874 0.0 0.2 991.0 1.6713 11.0 62.0 1.9071 0.0 3.074 0.0 0.22361 989.0 1.6359 11.0 63.0 2.8071 0.0 3.374 0.0 0.1 989.0 1.6891 10.0 
0.05239 232.74735 78.0 44.0 2.0 46.0 0.0 -0.8929 3.074 0.0 0.36056 1000.0 1.6625 15.0 49.0 0.7071 0.0 1.974 0.0 0.31623 999.0 1.7517 13.0 51.0 2.3071 0.0 1.374 0.0 0.3 998.0 1.7711 12.0 50.0 3.8071 0.0 0.874 0.0 0.22361 997.0 1.5959 11.0 48.0 4.9071 0.0 0.374 0.0 0.14142 997.0 1.4708 11.0 
0.20751 101.0933 68.0 4051.0 2.0 77.0 0.0 -1.1929 1.974 0.0 0.42426 989.0 2.5 10.0 75.0 0.7071 0.0 0.574 0.0 0.36056 988.0 2.2981 10.0 71.0 2.3071 0.0 0.0 -0.726 0.36056 989.0 2.1453 11.0 66.0 3.7071 0.0 0.0 -1.926 0.28284 988.0 1.7796 8.0 77.0 4.8071 0.0 0.0 -2.926 0.28284 980.0 1.8351 8.0 
0.11724 158.46145 144.0 1577.0 2.0 46.0 1.2071 0.0 0.874 0.0 0.1 994.0 1.1375 13.0 47.0 1.3071 0.0 0.574 0.0 0.1 994.0 1.1875 13.0 47.0 1.5071 0.0 0.474 0.0 0.0 993.0 1.1281 12.0 48.0 1.6071 0.0 0.574 0.0 0.1 992.0 1.1206 12.0 51.0 1.7071 0.0 0.674 0.0 0.1 991.0 1.2075 11.0 
0.5839 78.26613 53.0 4081.0 2.0 83.0 0.0 -2.7929 2.574 0.0 0.67082 989.0 2.5 11.0 86.0 0.2071 0.0 0.674 0.0 0.5 986.0 2.5 10.0 84.0 2.6071 0.0 0.0 -1.326 0.5 985.0 2.5 10.0 98.0 4.5071 0.0 0.0 -2.926 0.28284 969.0 2.2294 7.0 117.0 6.0071 0.0 0.0 -3.926 0.22361 944.0 2.0263 6.0 
0.12604 48.64617 64.0 2288.0 2.0 45.0 0.0 -1.6929 1.274 0.0 0.36056 1000.0 1.591 16.0 46.0 0.0 -0.2929 0.0 -0.326 0.36056 999.0 1.5437 14.0 48.0 1.1071 0.0 0.0 -1.326 0.36056 997.0 1.4708 12.0 55.0 2.6071 0.0 0.0 -2.026 0.22361 995.0 1.7165 14.0 60.0 4.0071 0.0 0.0 -2.426 0.2 993.0 1.8385 12.0 
0.02752 269.99085 135.0 3645.0 2.0 62.0 0.1071 0.0 4.074 0.0 0.5831 1000.0 2.5 19.0 57.0 2.0071 0.0 1.374 0.0 0.5 1000.0 2.5 18.0 55.0 3.8071 0.0 0.0 -0.926 0.36056 999.0 2.2069 18.0 53.0 5.3071 0.0 0.0 -2.726 0.36056 998.0 1.9127 16.0 51.0 6.4071 0.0 0.0 -4.226 0.28284 998.0 1.7711 16.0 
0.12749 98.73925 185.0 3303.0 2.0 49.0 0.0 -0.0929 1.474 0.0 0.28284 998.0 1.6349 16.0 46.0 0.8071 0.0 0.374 0.0 0.22361 998.0 1.4408 16.0 45.0 1.6071 0.0 0.0 -0.326 0.14142 997.0 1.2927 15.0 45.0 2.2071 0.0 0.0 -0.726 0.1 996.0 1.2166 14.0 46.0 2.7071 0.0 0.0 -1.026 0.1 995.0 1.2007 14.0 
0.21102 77.39705 62.0 2095.0 2.0 38.0 0.0 -0.8929 0.0 -1.126 0.2 1001.0 1.2291 17.0 40.0 0.3071 0.0 0.0 -0.626 0.22361 1000.0 1.2571 14.0 45.0 1.2071 0.0 0.274 0.0 0.28284 999.0 1.4773 12.0 48.0 2.2071 0.0 1.474 0.0 0.28284 998.0 1.5688 12.0 46.0 3.3071 0.0 2.474 0.0 0.22361 999.0 1.5437 12.0 
0.12201 137.41811 52.0 3986.0 2.0 47.0 0.0 -2.3929 0.974 0.0 0.41231 1001.0 1.8802 20.0 50.0 0.0 -0.3929 1.174 0.0 0.31623 999.0 1.8239 18.0 53.0 1.4071 0.0 1.974 0.0 0.36056 999.0 2.0493 16.0 51.0 3.2071 0.0 2.874 0.0 0.31623 999.0 1.8976 17.0 51.0 4.9071 0.0 3.574 0.0 0.31623 999.0 1.8976 17.0 
0.08466 132.05205 52.0 1500.0 2.0 59.0 0.0 -1.6929 3.574 0.0 0.70711 1001.0 2.5 17.0 55.0 0.8071 0.0 0.874 0.0 0.56569 1000.0 2.3767 16.0 54.0 2.9071 0.0 0.0 -1.126 0.42426 999.0 2.1274 14.0 55.0 4.7071 0.0 0.0 -2.726 0.36056 998.0 2.0598 16.0 59.0 6.2071 0.0 0.0 -4.026 0.28284 995.0 1.9752 13.0 
0.03105 283.12456 92.0 3623.0 2.0 55.0 1.8071 0.0 2.074 0.0 0.1 990.0 1.3433 8.0 56.0 2.0071 0.0 1.574 0.0 0.1 990.0 1.3926 8.0 57.0 2.4071 0.0 1.274 0.0 0.0 989.0 1.3827 8.0 60.0 2.7071 0.0 1.174 0.0 0.1 987.0 1.4142 7.0 65.0 3.1071 0.0 1.374 0.0 0.14142 984.0 1.488 7.0 
0.02903 182.08353 85.0 3082.0 2.0 44.0 0.0 -2.4929 0.574 0.0 0.44721 999.0 1.4124 11.0 45.0 0.0 -1.1929 0.0 -1.126 0.36056 998.0 1.3789 10.0 47.0 0.1071 0.0 0.0 -2.326 0.22361 997.0 1.4101 13.0 51.0 1.3071 0.0 0.0 -3.026 0.1 994.0 1.3982 11.0 59.0 2.3071 0.0 0.0 -3.326 0.2 988.0 1.4222 8.0 
0.25406 14.4498 86.0 2532.0 2.0 43.0 1.0071 0.0 0.0 -0.526 0.22361 999.0 1.3489 17.0 43.0 0.1071 0.0 0.074 0.0 0.14142 998.0 1.259 16.0 45.0 0.0 -0.4929 0.674 0.0 0.14142 997.0 1.2927 15.0 46.0 0.0 -0.8929 1.474 0.0 0.1 996.0 1.2713 14.0 49.0 0.0 -0.8929 2.474 0.0 0.22361 996.0 1.4425 14.0 
0.08087 281.57238 107.0 955.0 2.0 72.0 0.0 -0.0929 3.174 0.0 0.31623 989.0 2.2062 11.0 67.0 1.3071 0.0 2.174 0.0 0.22361 989.0 1.9104 11.0 63.0 2.3071 0.0 1.474 0.0 0.14142 990.0 1.7625 11.0 59.0 3.1071 0.0 1.074 0.0 0.14142 990.0 1.5458 11.0 56.0 3.6071 0.0 0.774 0.0 0.1 991.0 1.4559 11.0 
0.2253 173.18157 97.0 1721.0 2.0 40.0 1.5071 0.0 0.574 0.0 0.0 996.0 1.0 14.0 44.0 1.4071 0.0 0.674 0.0 0.1 995.0 1.0985 13.0 49.0 1.3071 0.0 1.074 0.0 0.1 993.0 1.2262 12.0 55.0 1.1071 0.0 1.874 0.0 0.14142 992.0 1.4713 12.0 61.0 0.9071 0.0 2.774 0.0 0.22361 990.0 1.6524 11.0 
0.11295 109.93408 48.0 1904.0 2.0 46.0 0.0 -0.4929 2.674 0.0 0.5 1001.0 1.801 17.0 45.0 0.8071 0.0 0.574 0.0 0.36056 1000.0 1.591 16.0 48.0 2.0071 0.0 0.0 -1.126 0.42426 999.0 1.6809 18.0 53.0 3.7071 0.0 0.0 -2.526 0.36056 999.0 2.0493 17.0 63.0 5.8071 0.0 0.0 -3.526 0.44721 996.0 2.3846 14.0 
0.42755 113.60601 42.0 3803.0 2.0 70.0 0.0 -2.1929 4.074 0.0 0.92195 999.0 2.5 11.0 67.0 0.9071 0.0 0.474 0.0 0.64031 998.0 2.5 10.0 66.0 3.6071 0.0 0.0 -2.326 0.64031 996.0 2.5 9.0 66.0 6.1071 0.0 0.0 -4.426 0.5 994.0 2.3416 11.0 71.0 8.1071 0.0 0.0 -6.326 0.42426 989.0 2.1453 9.0 
0.23657 8.25172 81.0 1889.0 2.0 30.0 0.0 -0.3929 0.0 -0.626 0.14142 1001.0 1.0 17.0 34.0 0.0071 0.0 0.074 0.0 0.22361 1000.0 1.0 15.0 38.0 0.4071 0.0 0.874 0.0 0.22361 998.0 1.0 13.0 46.0 1.0071 0.0 1.774 0.0 0.14142 997.0 1.3508 15.0 53.0 1.8071 0.0 2.474 0.0 0.1 994.0 1.51 13.0 
0.49644 64.81358 43.0 2154.0 2.0 66.0 0.0 -2.9929 3.274 0.0 0.70711 999.0 2.5 23.0 70.0 0.1071 0.0 0.574 0.0 0.64031 998.0 2.5 21.0 66.0 3.1071 0.0 0.0 -1.326 0.5 997.0 2.5 21.0 61.0 5.6071 0.0 0.0 -2.926 0.5 998.0 2.5 21.0 57.0 7.7071 0.0 0.0 -4.526 0.36056 997.0 2.074 16.0 
0.10591 128.67033 55.0 621.0 2.0 44.0 0.0 -0.3929 2.374 0.0 0.36056 1001.0 1.6478 17.0 47.0 1.0071 0.0 0.574 0.0 0.42426 1000.0 1.7355 15.0 52.0 2.7071 0.0 0.0 -1.126 0.36056 999.0 1.9727 16.0 55.0 4.4071 0.0 0.0 -2.526 0.36056 998.0 2.0598 16.0 57.0 6.0071 0.0 0.0 -3.626 0.22361 995.0 1.8436 14.0 
0.43782 22.67945 53.0 1693.0 2.0 60.0 0.0 -2.4929 2.274 0.0 0.64031 999.0 2.5 15.0 59.0 0.1071 0.0 0.174 0.0 0.44721 997.0 2.2221 13.0 58.0 2.3071 0.0 0.0 -1.026 0.31623 996.0 2.0211 15.0 62.0 4.1071 0.0 0.0 -1.526 0.3 991.0 1.7846 13.0 73.0 5.7071 0.0 0.0 -1.726 0.2 987.0 2.0934 13.0 
0.05795 186.5357 55.0 249.0 2.0 59.0 0.0 -1.1929 3.174 0.0 0.56569 997.0 2.2221 12.0 63.0 0.8071 0.0 1.474 0.0 0.36056 995.0 2.2521 14.0 65.0 2.6071 0.0 0.274 0.0 0.31623 992.0 2.0549 12.0 69.0 4.2071 0.0 0.0 -0.526 0.22361 989.0 2.0261 11.0 73.0 5.6071 0.0 0.0 -1.226 0.22361 986.0 2.0159 10.0 
0.02726 291.24011 58.0 2596.0 2.0 91.0 0.4071 0.0 3.274 0.0 0.28284 974.0 2.1687 7.0 95.0 1.6071 0.0 2.074 0.0 0.22361 971.0 2.1947 7.0 90.0 2.8071 0.0 1.174 0.0 0.36056 975.0 2.1771 8.0 87.0 4.2071 0.0 0.374 0.0 0.28284 977.0 2.1474 8.0 84.0 5.5071 0.0 0.0 -0.426 0.22361 978.0 2.0591 8.0 
0.0904 136.34878 67.0 2283.0 2.0 63.0 0.0 -0.1929 0.0 -2.326 0.28284 992.0 1.9304 12.0 77.0 0.8071 0.0 0.0 -0.926 0.28284 983.0 2.0186 9.0 85.0 1.9071 0.0 0.0 -0.026 0.22361 976.0 1.9944 8.0 89.0 3.0071 0.0 0.474 0.0 0.2 973.0 2.0226 7.0 85.0 4.1071 0.0 0.674 0.0 0.2 975.0 1.942 8.0 
1.0089 12.23339 59.0 232.0 2.0 67.0 0.0 -1.2929 0.074 0.0 0.2 986.0 1.6981 14.0 84.0 0.1071 0.0 0.0 -0.026 0.2 974.0 1.8479 11.0 113.0 1.6071 0.0 0.0 -0.226 0.31623 954.0 2.2105 10.0 130.0 3.1071 0.0 0.0 -0.726 0.31623 936.0 2.2417 8.0 138.0 4.6071 0.0 0.0 -1.226 0.22361 928.0 2.2884 8.0 
0.33055 12.23339 101.0 1460.0 2.0 34.0 0.0 -0.2929 0.0 -0.826 0.14142 1000.0 1.0 12.0 41.0 0.1071 0.0 0.0 -0.026 0.14142 998.0 1.1446 12.0 46.0 0.5071 0.0 0.774 0.0 0.1 996.0 1.2713 11.0 48.0 0.7071 0.0 1.574 0.0 0.1 995.0 1.3074 10.0 50.0 0.8071 0.0 2.274 0.0 0.1 993.0 1.2767 9.0 
0.14572 76.71589 49.0 2569.0 2.0 51.0 0.0 -2.3929 0.674 0.0 0.42426 999.0 1.8976 11.0 53.0 0.0 -0.2929 0.0 -0.626 0.41231 998.0 1.9127 13.0 59.0 1.8071 0.0 0.0 -1.526 0.44721 995.0 1.9752 11.0 63.0 3.9071 0.0 0.0 -2.426 0.41231 994.0 2.1336 13.0 75.0 5.9071 0.0 0.0 -3.126 0.31623 988.0 2.2981 10.0 
0.09325 94.49135 67.0 2506.0 2.0 60.0 0.4071 0.0 1.674 0.0 0.31623 992.0 1.7509 9.0 58.0 0.7071 0.0 0.474 0.0 0.22361 991.0 1.5618 8.0 56.0 1.2071 0.0 0.0 -0.126 0.2 991.0 1.4559 8.0 60.0 2.1071 0.0 0.0 -0.426 0.2 991.0 1.6713 8.0 64.0 3.2071 0.0 0.0 -0.726 0.31623 991.0 1.9016 8.0 
0.09395 102.71108 60.0 2578.0 2.0 36.0 0.0 -0.2929 1.474 0.0 0.22361 999.0 1.0 20.0 40.0 0.5071 0.0 0.774 0.0 0.22361 997.0 1.0214 14.0 46.0 1.5071 0.0 0.0 -0.126 0.28284 996.0 1.2713 12.0 55.0 2.7071 0.0 0.0 -1.326 0.28284 993.0 1.5448 11.0 67.0 4.1071 0.0 0.0 -2.726 0.28284 989.0 1.9104 12.0 
0.16417 194.1525 45.0 790.0 2.0 59.0 0.0 -2.3929 1.974 0.0 0.5099 1000.0 2.5 18.0 61.0 0.5071 0.0 1.674 0.0 0.41231 999.0 2.5 17.0 60.0 3.1071 0.0 0.974 0.0 0.41231 999.0 2.5 16.0 55.0 5.4071 0.0 0.374 0.0 0.31623 999.0 2.2069 16.0 51.0 7.2071 0.0 0.0 -0.326 0.36056 999.0 1.8976 17.0 
0.04844 183.55744 50.0 1765.0 2.0 48.0 0.0 -1.1929 2.574 0.0 0.36056 1000.0 1.8102 14.0 50.0 0.5071 0.0 1.574 0.0 0.31623 999.0 1.8239 13.0 49.0 2.3071 0.0 1.174 0.0 0.31623 999.0 1.7517 13.0 48.0 4.0071 0.0 0.674 0.0 0.36056 1000.0 1.8102 14.0 49.0 5.8071 0.0 0.0 -0.626 0.42426 1001.0 2.0436 15.0 
0.06383 260.41713 186.0 343.0 2.0 55.0 2.1071 0.0 0.0 -2.126 0.3 994.0 1.6261 13.0 61.0 2.3071 0.0 0.0 -0.426 0.31623 993.0 1.9003 12.0 61.0 2.6071 0.0 1.374 0.0 0.31623 993.0 1.9003 12.0 61.0 2.9071 0.0 3.174 0.0 0.2 993.0 1.9003 12.0 60.0 3.1071 0.0 4.774 0.0 0.3 992.0 1.7509 12.0 
0.05844 222.77416 79.0 1479.0 2.0 51.0 0.0 -0.5929 2.974 0.0 0.28284 998.0 1.7711 15.0 58.0 1.1071 0.0 1.674 0.0 0.36056 996.0 2.0211 15.0 62.0 2.8071 0.0 0.674 0.0 0.28284 993.0 1.9631 13.0 62.0 4.2071 0.0 0.0 -0.126 0.2 991.0 1.7846 12.0 62.0 5.2071 0.0 0.0 -0.326 0.1 989.0 1.6359 11.0 
0.14363 54.46995 61.0 2420.0 2.0 43.0 0.0 -0.7929 1.974 0.0 0.36056 1001.0 1.5738 23.0 43.0 0.4071 0.0 0.274 0.0 0.28284 1000.0 1.4527 20.0 44.0 1.7071 0.0 0.0 -0.826 0.22361 999.0 1.4124 18.0 47.0 3.0071 0.0 0.0 -1.426 0.3 998.0 1.5041 17.0 50.0 4.5071 0.0 0.0 -1.726 0.22361 997.0 1.5959 16.0 
0.28588 43.18263 88.0 1673.0 2.0 66.0 0.0 -1.8929 0.374 0.0 0.4 993.0 2.2245 12.0 72.0 0.1071 0.0 0.374 0.0 0.3 989.0 2.2062 10.0 73.0 1.7071 0.0 0.574 0.0 0.2 986.0 2.0159 10.0 75.0 2.9071 0.0 0.774 0.0 0.22361 983.0 1.9151 9.0 74.0 3.8071 0.0 1.174 0.0 0.22361 982.0 1.8042 9.0 
0.10672 102.78902 62.0 608.0 2.0 34.0 0.0 -0.9929 0.0 -0.926 0.2 1000.0 1.0 14.0 39.0 0.0071 0.0 0.0 -0.926 0.2 999.0 1.1096 14.0 45.0 1.1071 0.0 0.0 -0.926 0.3 997.0 1.2927 12.0 52.0 2.4071 0.0 0.0 -1.026 0.2 995.0 1.5343 14.0 62.0 3.7071 0.0 0.0 -1.026 0.2 991.0 1.7846 12.0 
0.26674 73.18987 54.0 2198.0 2.0 39.0 0.0 -0.8929 0.0 -0.626 0.2 999.0 1.1096 15.0 43.0 0.2071 0.0 0.0 -0.626 0.2 998.0 1.259 13.0 53.0 1.4071 0.0 0.0 -0.026 0.36056 996.0 1.6877 14.0 63.0 3.0071 0.0 0.874 0.0 0.31623 993.0 2.0269 12.0 69.0 4.7071 0.0 1.674 0.0 0.36056 990.0 2.1142 11.0 
0.06194 310.03964 70.0 1649.0 2.0 77.0 0.0 -1.3929 3.474 0.0 0.44721 991.0 2.5 11.0 77.0 0.8071 0.0 2.674 0.0 0.31623 987.0 2.3291 10.0 78.0 2.5071 0.0 2.374 0.0 0.2 983.0 2.0713 9.0 81.0 3.7071 0.0 2.774 0.0 0.22361 978.0 1.9146 8.0 89.0 4.5071 0.0 3.374 0.0 0.14142 970.0 1.8815 7.0 
0.0927 307.91501 45.0 783.0 2.0 54.0 0.0 -2.8929 2.674 0.0 0.5 999.0 2.1274 14.0 66.0 0.0071 0.0 2.774 0.0 0.5099 997.0 2.5 16.0 73.0 3.1071 0.0 3.074 0.0 0.5 994.0 2.5 13.0 70.0 5.7071 0.0 2.874 0.0 0.31623 992.0 2.3832 12.0 68.0 7.5071 0.0 2.374 0.0 0.3 990.0 2.0534 11.0 
0.18815 47.29257 71.0 3486.0 2.0 49.0 0.0 -1.5929 0.374 0.0 0.36056 997.0 1.5327 13.0 54.0 0.0071 0.0 0.0 -0.426 0.22361 995.0 1.6546 13.0 61.0 1.3071 0.0 0.0 -0.926 0.22361 991.0 1.7275 12.0 66.0 2.4071 0.0 0.0 -1.026 0.2 987.0 1.7112 10.0 70.0 3.4071 0.0 0.0 -0.926 0.14142 984.0 1.7258 9.0 
0.27493 162.56959 54.0 1263.0 2.0 71.0 0.0 -1.8929 2.374 0.0 0.44721 992.0 2.4518 13.0 80.0 0.5071 0.0 1.374 0.0 0.44721 987.0 2.5 13.0 88.0 2.6071 0.0 0.374 0.0 0.36056 980.0 2.3968 11.0 97.0 4.3071 0.0 0.0 -0.426 0.31623 970.0 2.2349 9.0 105.0 5.8071 0.0 0.0 -1.026 0.2 956.0 1.9755 6.0 
0.04412 278.30705 77.0 688.0 2.0 52.0 0.0 -0.8929 2.674 0.0 0.22361 996.0 1.6246 13.0 59.0 0.4071 0.0 2.474 0.0 0.2 992.0 1.693 12.0 66.0 1.6071 0.0 2.174 0.0 0.2 989.0 1.8538 11.0 73.0 2.8071 0.0 1.774 0.0 0.14142 984.0 1.8769 9.0 82.0 3.9071 0.0 1.074 0.0 0.22361 978.0 1.9622 8.0 
0.0287 289.68377 90.0 3046.0 2.0 66.0 0.0 -0.2929 4.074 0.0 0.56569 997.0 2.5 15.0 60.0 1.7071 0.0 1.974 0.0 0.42426 998.0 2.4513 15.0 56.0 3.4071 0.0 0.274 0.0 0.42426 998.0 2.1353 16.0 51.0 4.7071 0.0 0.0 -1.226 0.28284 998.0 1.7711 16.0 47.0 5.6071 0.0 0.0 -2.426 0.22361 998.0 1.5041 16.0 
0.24601 17.37652 78.0 4213.0 2.0 51.0 0.0 -1.5929 1.674 0.0 0.36056 999.0 1.8976 20.0 49.0 0.0 -0.0929 0.0 -0.126 0.28284 998.0 1.6349 18.0 53.0 1.4071 0.0 0.0 -1.226 0.28284 997.0 1.7931 20.0 56.0 2.6071 0.0 0.0 -1.926 0.22361 994.0 1.6858 17.0 58.0 3.6071 0.0 0.0 -2.426 0.2 991.0 1.5618 15.0 
0.31006 32.11459 55.0 1428.0 2.0 47.0 0.0 -2.2929 1.474 0.0 0.44721 1001.0 1.8802 13.0 48.0 0.0 -0.0929 0.274 0.0 0.44721 1000.0 1.8102 12.0 51.0 2.1071 0.0 0.0 -0.926 0.36056 999.0 1.8976 15.0 52.0 3.9071 0.0 0.0 -2.126 0.36056 998.0 1.8412 13.0 55.0 5.4071 0.0 0.0 -3.326 0.28284 996.0 1.8174 13.0 
0.0391 214.55603 103.0 2019.0 2.0 70.0 1.0071 0.0 2.074 0.0 0.22361 986.0 1.8536 10.0 67.0 1.6071 0.0 1.074 0.0 0.14142 986.0 1.6981 10.0 67.0 2.3071 0.0 0.374 0.0 0.1 986.0 1.6981 10.0 67.0 3.0071 0.0 0.0 -0.026 0.2 986.0 1.6981 10.0 68.0 3.7071 0.0 0.0 -0.226 0.1 985.0 1.6867 9.0 
0.16657 92.39084 54.0 1446.0 2.0 49.0 0.0 -0.9929 0.0 -1.526 0.31623 998.0 1.6349 12.0 59.0 0.4071 0.0 0.0 -0.726 0.36056 995.0 1.9752 10.0 67.0 1.8071 0.0 0.674 0.0 0.28284 992.0 2.1833 9.0 67.0 3.4071 0.0 2.174 0.0 0.36056 993.0 2.2925 9.0 62.0 5.2071 0.0 3.674 0.0 0.36056 996.0 2.3095 10.0 
0.22198 127.49095 77.0 3349.0 2.0 72.0 0.0 -0.3929 1.574 0.0 0.14142 983.0 1.7649 15.0 78.0 0.4071 0.0 1.074 0.0 0.1 979.0 1.8277 13.0 85.0 1.3071 0.0 1.074 0.0 0.1 974.0 1.8922 12.0 92.0 2.2071 0.0 1.374 0.0 0.2 969.0 1.9647 11.0 109.0 3.3071 0.0 1.774 0.0 0.14142 950.0 1.9262 8.0 
0.101 169.73952 53.0 2410.0 2.0 49.0 0.0 -1.7929 2.174 0.0 0.44721 1001.0 2.0436 17.0 48.0 0.4071 0.0 1.474 0.0 0.31623 1001.0 1.961 20.0 52.0 2.4071 0.0 1.074 0.0 0.3 999.0 1.9727 17.0 53.0 4.3071 0.0 0.674 0.0 0.31623 998.0 1.9127 16.0 50.0 6.0071 0.0 0.174 0.0 0.22361 999.0 1.8239 17.0 
0.21159 233.302 58.0 683.0 2.0 64.0 0.0 -3.5929 0.574 0.0 0.41231 992.0 1.9922 13.0 75.0 0.0 -1.3929 1.574 0.0 0.42426 987.0 2.2097 14.0 91.0 0.4071 0.0 3.174 0.0 0.31623 978.0 2.4166 13.0 114.0 2.5071 0.0 3.974 0.0 0.3 960.0 2.5 10.0 133.0 4.5071 0.0 4.074 0.0 0.31623 939.0 2.4415 8.0 
0.03803 164.60991 75.0 4187.0 2.0 59.0 0.0 -1.8929 0.0 -2.226 0.41231 998.0 2.3703 16.0 64.0 0.4071 0.0 0.0 -1.426 0.31623 995.0 2.3242 13.0 61.0 2.2071 0.0 0.0 -1.026 0.31623 994.0 2.0003 13.0 59.0 3.7071 0.0 0.0 -0.626 0.22361 994.0 1.8713 13.0 58.0 4.9071 0.0 0.074 0.0 0.28284 994.0 1.8084 12.0 
0.0425 227.86887 70.0 3001.0 2.0 66.0 0.7071 0.0 2.574 0.0 0.36056 993.0 2.2245 12.0 61.0 1.8071 0.0 0.974 0.0 0.36056 994.0 2.0003 13.0 58.0 3.0071 0.0 0.0 -0.626 0.28284 995.0 1.9088 13.0 57.0 4.2071 0.0 0.0 -2.026 0.22361 995.0 1.8436 14.0 62.0 5.3071 0.0 0.0 -3.226 0.14142 991.0 1.7846 12.0 
0.04842 190.88665 81.0 992.0 2.0 46.0 0.0 -2.4929 0.0 -0.326 0.36056 1000.0 1.6625 11.0 47.0 0.0 -0.7929 0.0 -1.526 0.36056 999.0 1.6116 14.0 48.0 0.6071 0.0 0.0 -2.226 0.22361 997.0 1.4708 12.0 50.0 1.8071 0.0 0.0 -2.326 0.1 995.0 1.4186 11.0 51.0 2.8071 0.0 0.0 -1.926 0.22361 993.0 1.3283 10.0 
0.20564 187.25955 262.0 1088.0 2.0 97.0 0.0 -0.6929 1.874 0.0 0.2 966.0 2.0447 9.0 120.0 0.6071 0.0 1.574 0.0 0.3 946.0 2.1952 7.0 129.0 2.2071 0.0 1.074 0.0 0.2 939.0 2.2968 7.0 127.0 3.7071 0.0 0.874 0.0 0.2 939.0 2.2262 7.0 124.0 5.0071 0.0 1.074 0.0 0.3 940.0 2.1513 7.0 
0.34165 66.91619 83.0 2401.0 2.0 59.0 0.2071 0.0 0.0 -1.126 0.22361 988.0 1.4222 11.0 78.0 0.5071 0.0 0.0 -0.326 0.14142 977.0 1.7261 8.0 86.0 0.8071 0.0 0.574 0.0 0.22361 971.0 1.7986 7.0 95.0 1.3071 0.0 1.474 0.0 0.22361 964.0 1.8812 7.0 104.0 1.9071 0.0 2.274 0.0 0.22361 957.0 1.9727 6.0 
0.41423 30.02471 66.0 3300.0 2.0 56.0 0.0 -0.9929 0.674 0.0 0.22361 992.0 1.5252 11.0 65.0 0.2071 0.0 0.174 0.0 0.14142 987.0 1.6597 11.0 81.0 1.3071 0.0 0.0 -0.326 0.2 979.0 1.9709 11.0 88.0 2.4071 0.0 0.0 -0.526 0.2 972.0 1.9291 10.0 105.0 3.4071 0.0 0.0 -0.326 0.22361 957.0 2.0108 8.0 
0.34758 67.73423 58.0 2225.0 2.0 63.0 0.0 -2.3929 2.274 0.0 0.5831 996.0 2.3846 12.0 70.0 0.2071 0.0 0.574 0.0 0.5 993.0 2.5 10.0 71.0 2.5071 0.0 0.0 -0.726 0.31623 990.0 2.2386 10.0 81.0 4.3071 0.0 0.0 -1.226 0.22361 981.0 2.0941 9.0 88.0 5.6071 0.0 0.0 -1.126 0.22361 973.0 1.9774 7.0 
0.30118 57.41677 251.0 1614.0 2.0 76.0 0.0 -1.3929 1.574 0.0 0.36056 986.0 2.185 10.0 85.0 0.2071 0.0 0.474 0.0 0.31623 979.0 2.1704 8.0 92.0 1.7071 0.0 0.0 -0.026 0.31623 972.0 2.1085 7.0 99.0 3.2071 0.0 0.0 -0.326 0.2 965.0 2.0855 7.0 106.0 4.4071 0.0 0.0 -0.426 0.2 957.0 2.0493 6.0 
0.04893 183.15492 65.0 4206.0 2.0 54.0 0.5071 0.0 3.674 0.0 0.63246 1000.0 2.291 12.0 51.0 1.6071 0.0 0.374 0.0 0.44721 999.0 1.8976 11.0 49.0 2.8071 0.0 0.0 -2.126 0.36056 998.0 1.6349 14.0 48.0 3.8071 0.0 0.0 -3.926 0.28284 996.0 1.3843 13.0 50.0 4.8071 0.0 0.0 -5.026 0.28284 993.0 1.2767 11.0 
0.02483 258.3804 49.0 2880.0 2.0 72.0 0.0071 0.0 4.474 0.0 0.5831 995.0 2.5 13.0 66.0 1.5071 0.0 1.774 0.0 0.42426 994.0 2.3416 13.0 64.0 3.1071 0.0 0.0 -0.126 0.42426 995.0 2.3242 13.0 61.0 4.8071 0.0 0.0 -1.726 0.28284 995.0 2.1114 14.0 59.0 6.4071 0.0 0.0 -3.226 0.42426 996.0 2.0914 14.0 
0.1399 88.44035 56.0 599.0 2.0 55.0 0.0 -2.7929 1.274 0.0 0.56569 1000.0 2.3767 22.0 54.0 0.0 -0.4929 0.0 -0.626 0.5 999.0 2.1274 19.0 55.0 1.7071 0.0 0.0 -1.726 0.31623 997.0 1.931 17.0 55.0 3.6071 0.0 0.0 -2.126 0.3 996.0 1.8174 17.0 60.0 5.3071 0.0 0.0 -2.126 0.2 993.0 1.8385 16.0 
0.07611 257.5833 80.0 3610.0 2.0 43.0 1.6071 0.0 1.874 0.0 0.1 995.0 1.0492 13.0 44.0 1.6071 0.0 1.674 0.0 0.1 994.0 1.0407 13.0 45.0 1.8071 0.0 1.574 0.0 0.0 994.0 1.0886 13.0 48.0 2.0071 0.0 1.574 0.0 0.1 993.0 1.1766 12.0 52.0 2.5071 0.0 1.774 0.0 0.0 992.0 1.3151 12.0 
0.05019 289.2658 87.0 2409.0 2.0 40.0 0.5071 0.0 0.0 -2.826 0.22361 1000.0 1.2571 17.0 44.0 1.5071 0.0 0.0 -2.126 0.22361 998.0 1.3183 17.0 48.0 2.4071 0.0 0.0 -1.526 0.22361 997.0 1.4708 15.0 49.0 3.2071 0.0 0.0 -1.226 0.22361 996.0 1.4425 14.0 49.0 3.9071 0.0 0.0 -1.026 0.1 995.0 1.3624 13.0 
0.15368 83.38209 48.0 405.0 2.0 50.0 0.0 -2.1929 0.0 -0.326 0.31623 997.0 1.5959 10.0 55.0 0.0 -0.1929 0.0 -0.726 0.4 995.0 1.7165 8.0 63.0 1.8071 0.0 0.0 -1.226 0.3 990.0 1.7625 7.0 75.0 3.9071 0.0 0.0 -1.726 0.31623 986.0 2.1279 8.0 92.0 6.0071 0.0 0.0 -2.326 0.41231 977.0 2.4014 8.0 
0.07971 285.71509 70.0 497.0 2.0 44.0 0.0 -1.2929 2.674 0.0 0.31623 999.0 1.4124 18.0 43.0 0.0071 0.0 2.574 0.0 0.2 999.0 1.3489 17.0 42.0 1.0071 0.0 2.574 0.0 0.1 998.0 1.2011 17.0 41.0 1.8071 0.0 2.474 0.0 0.2 998.0 1.1446 17.0 42.0 2.7071 0.0 2.074 0.0 0.22361 999.0 1.2869 17.0 
0.18826 45.79963 58.0 4254.0 2.0 51.0 0.0 -2.4929 1.574 0.0 0.5 1001.0 2.2138 17.0 49.0 0.0 -0.3929 0.0 -0.126 0.42426 1000.0 1.8864 15.0 48.0 1.4071 0.0 0.0 -1.426 0.22361 999.0 1.6809 14.0 51.0 2.9071 0.0 0.0 -2.026 0.22361 997.0 1.6604 15.0 53.0 4.3071 0.0 0.0 -2.226 0.22361 996.0 1.6877 14.0 
0.06678 111.65554 62.0 512.0 2.0 55.0 0.0 -3.2929 0.074 0.0 0.44721 1000.0 2.3767 16.0 58.0 0.0 -0.3929 0.0 -0.926 0.41231 999.0 2.4542 14.0 56.0 2.0071 0.0 0.0 -1.526 0.4 998.0 2.1353 14.0 56.0 3.7071 0.0 0.0 -1.526 0.31623 995.0 1.7795 14.0 57.0 4.8071 0.0 0.0 -0.926 0.28284 993.0 1.6592 12.0 
0.0798 281.67125 45.0 53.0 2.0 74.0 0.0 -0.4929 3.774 0.0 0.5 993.0 2.5 13.0 80.0 1.9071 0.0 1.674 0.0 0.56569 990.0 2.5 11.0 84.0 4.2071 0.0 0.0 -0.526 0.42426 987.0 2.5 10.0 82.0 6.1071 0.0 0.0 -2.326 0.36056 985.0 2.4528 9.0 75.0 7.6071 0.0 0.0 -3.526 0.22361 986.0 2.1279 10.0 
0.06246 229.24245 98.0 1838.0 2.0 56.0 0.0 -0.7929 2.174 0.0 0.31623 996.0 1.8841 14.0 55.0 0.6071 0.0 1.974 0.0 0.2 995.0 1.7165 13.0 52.0 1.7071 0.0 1.974 0.0 0.22361 995.0 1.5343 13.0 50.0 2.6071 0.0 2.274 0.0 0.1 995.0 1.4186 13.0 46.0 3.2071 0.0 2.674 0.0 0.1 996.0 1.2713 14.0 
0.20932 101.0933 103.0 3020.0 2.0 61.0 0.7071 0.0 0.574 0.0 0.0 985.0 1.3573 10.0 61.0 0.7071 0.0 0.574 0.0 0.1 985.0 1.3573 9.0 65.0 0.8071 0.0 0.774 0.0 0.1 983.0 1.4384 9.0 72.0 0.9071 0.0 1.374 0.0 0.1 980.0 1.6045 8.0 79.0 1.1071 0.0 2.074 0.0 0.2 976.0 1.7228 8.0 
0.03402 267.54699 52.0 287.0 2.0 53.0 0.2071 0.0 3.774 0.0 0.5 999.0 2.0493 15.0 52.0 1.9071 0.0 1.474 0.0 0.42426 999.0 1.9727 14.0 51.0 3.5071 0.0 0.0 -0.526 0.44721 998.0 1.7711 14.0 51.0 5.0071 0.0 0.0 -2.326 0.42426 998.0 1.7711 13.0 50.0 6.4071 0.0 0.0 -4.026 0.36056 998.0 1.7023 13.0 
0.09965 129.55114 55.0 1923.0 2.0 56.0 0.0 -1.6929 0.0 -1.726 0.31623 997.0 2.0019 12.0 61.0 0.3071 0.0 0.0 -1.126 0.31623 995.0 2.1114 14.0 71.0 2.2071 0.0 0.0 -0.926 0.3 989.0 2.1453 11.0 79.0 4.0071 0.0 0.0 -1.026 0.22361 983.0 2.1248 9.0 90.0 5.5071 0.0 0.0 -1.226 0.2 973.0 2.0683 8.0 
0.08872 271.19748 48.0 3538.0 2.0 45.0 0.0 -0.7929 0.0 -2.726 0.3 1000.0 1.591 15.0 50.0 1.0071 0.0 0.0 -2.226 0.31623 999.0 1.8239 17.0 58.0 2.7071 0.0 0.0 -1.326 0.36056 997.0 2.1474 14.0 63.0 4.6071 0.0 0.0 -0.126 0.36056 995.0 2.2521 13.0 61.0 6.4071 0.0 1.074 0.0 0.31623 996.0 2.2356 14.0 
0.80231 39.17945 42.0 3229.0 2.0 68.0 0.0 -2.5929 1.974 0.0 0.5831 996.0 2.5 16.0 74.0 0.3071 0.0 0.174 0.0 0.5831 993.0 2.5 13.0 79.0 3.2071 0.0 0.0 -1.626 0.5 990.0 2.5 12.0 81.0 5.7071 0.0 0.0 -3.326 0.5 987.0 2.5 11.0 73.0 8.0071 0.0 0.0 -4.626 0.31623 989.0 2.2679 11.0 
0.13851 93.62417 66.0 3806.0 2.0 50.0 0.0 -0.1929 1.274 0.0 0.14142 995.0 1.4186 14.0 48.0 0.5071 0.0 0.674 0.0 0.22361 996.0 1.3843 14.0 47.0 1.4071 0.0 0.274 0.0 0.14142 997.0 1.4101 15.0 46.0 2.3071 0.0 0.0 -0.026 0.22361 998.0 1.4408 15.0 45.0 3.4071 0.0 0.0 -0.426 0.14142 998.0 1.3789 16.0 
0.08619 72.7102 81.0 3263.0 2.0 41.0 0.0 -1.5929 0.0 -0.026 0.31623 1001.0 1.4308 18.0 38.0 0.0 -0.1929 0.0 -0.626 0.22361 1000.0 1.1345 16.0 37.0 0.8071 0.0 0.0 -1.026 0.14142 999.0 1.0 14.0 40.0 1.4071 0.0 0.0 -1.226 0.2 998.0 1.0895 16.0 49.0 2.1071 0.0 0.0 -1.126 0.1 994.0 1.2907 13.0 
0.18522 136.17788 50.0 804.0 2.0 39.0 0.0 -0.0929 0.0 -1.826 0.14142 1000.0 1.195 19.0 47.0 0.9071 0.0 0.0 -0.826 0.28284 998.0 1.5041 16.0 55.0 2.2071 0.0 0.474 0.0 0.36056 997.0 1.931 15.0 61.0 3.7071 0.0 2.474 0.0 0.44721 997.0 2.3753 15.0 63.0 5.4071 0.0 4.674 0.0 0.56569 997.0 2.5 15.0 
0.08024 201.65087 42.0 2148.0 2.0 60.0 0.0 -1.9929 4.274 0.0 0.78102 1001.0 2.5 17.0 60.0 0.9071 0.0 1.574 0.0 0.5831 1000.0 2.5 20.0 62.0 3.7071 0.0 0.0 -0.126 0.53852 999.0 2.5 17.0 61.0 6.2071 0.0 0.0 -1.626 0.42426 998.0 2.5 16.0 57.0 8.1071 0.0 0.0 -3.126 0.36056 997.0 2.074 15.0 
0.05954 166.30106 102.0 774.0 2.0 39.0 0.0 -1.9929 2.074 0.0 0.41231 1001.0 1.2946 19.0 38.0 0.0 -1.4929 0.0 -0.126 0.3 1001.0 1.2291 18.0 36.0 0.0 -0.9929 0.0 -1.726 0.2 1000.0 1.0182 16.0 36.0 0.0 -0.3929 0.0 -2.626 0.14142 999.0 1.0 20.0 41.0 0.4071 0.0 0.0 -2.926 0.14142 998.0 1.1446 17.0 
0.03063 287.33753 146.0 4025.0 2.0 52.0 1.4071 0.0 2.774 0.0 0.31623 998.0 1.8412 16.0 49.0 2.3071 0.0 1.174 0.0 0.36056 998.0 1.6349 16.0 46.0 3.2071 0.0 0.0 -0.126 0.22361 998.0 1.4408 16.0 43.0 4.0071 0.0 0.0 -1.026 0.14142 999.0 1.3489 17.0 40.0 4.7071 0.0 0.0 -1.626 0.14142 999.0 1.1673 17.0 
0.02578 289.11412 43.0 2016.0 2.0 49.0 0.2071 0.0 3.874 0.0 0.44721 1001.0 2.0436 21.0 51.0 1.9071 0.0 1.774 0.0 0.5 1001.0 2.2138 20.0 53.0 4.0071 0.0 0.074 0.0 0.42426 1000.0 2.207 19.0 53.0 6.0071 0.0 0.0 -1.326 0.36056 1000.0 2.207 18.0 50.0 7.8071 0.0 0.0 -2.526 0.36056 1000.0 1.9642 18.0 
0.03799 258.10129 133.0 1335.0 2.0 48.0 0.8071 0.0 3.274 0.0 0.44721 1000.0 1.8102 21.0 44.0 2.0071 0.0 1.174 0.0 0.36056 1001.0 1.6478 21.0 41.0 3.0071 0.0 0.0 -0.426 0.36056 1000.0 1.3207 16.0 40.0 4.0071 0.0 0.0 -1.726 0.14142 999.0 1.1673 14.0 42.0 4.7071 0.0 0.0 -2.526 0.14142 997.0 1.1261 13.0 
0.06609 81.03809 53.0 907.0 2.0 51.0 0.0 -2.6929 1.974 0.0 0.56569 1001.0 2.2138 13.0 51.0 0.0 -0.5929 0.0 -0.426 0.5 1000.0 2.0435 17.0 51.0 1.5071 0.0 0.0 -2.226 0.42426 999.0 1.8976 15.0 53.0 3.5071 0.0 0.0 -3.426 0.31623 998.0 1.9127 13.0 56.0 5.4071 0.0 0.0 -4.026 0.31623 996.0 1.8841 15.0 
0.11644 204.80106 81.0 1290.0 2.0 76.0 0.0 -1.2929 2.374 0.0 0.31623 987.0 2.269 10.0 85.0 0.5071 0.0 1.774 0.0 0.3 981.0 2.3061 8.0 83.0 2.0071 0.0 1.374 0.0 0.22361 979.0 2.0695 8.0 77.0 3.1071 0.0 0.974 0.0 0.2 981.0 1.8924 9.0 73.0 4.0071 0.0 0.774 0.0 0.2 982.0 1.7558 9.0 
0.66296 8.25172 49.0 980.0 2.0 61.0 0.0 -2.2929 0.0 -0.226 0.4 996.0 2.2356 13.0 69.0 0.0071 0.0 0.074 0.0 0.44721 993.0 2.4314 12.0 76.0 2.2071 0.0 0.874 0.0 0.44721 990.0 2.5 11.0 73.0 4.4071 0.0 1.374 0.0 0.4 991.0 2.474 11.0 64.0 6.4071 0.0 1.274 0.0 0.3 994.0 2.2019 13.0 
0.11393 92.68509 56.0 638.0 2.0 51.0 0.0 -1.5929 0.0 -0.326 0.22361 995.0 1.4759 12.0 64.0 0.0 -0.4929 0.674 0.0 0.36056 990.0 1.8189 11.0 77.0 0.8071 0.0 2.074 0.0 0.36056 985.0 2.1628 10.0 88.0 2.6071 0.0 3.074 0.0 0.36056 979.0 2.3263 8.0 94.0 4.4071 0.0 3.574 0.0 0.31623 974.0 2.3141 7.0 
0.01505 297.33762 53.0 2719.0 2.0 72.0 1.0071 0.0 3.374 0.0 0.36056 987.0 2.0365 8.0 75.0 2.0071 0.0 1.774 0.0 0.28284 985.0 2.0519 7.0 77.0 3.1071 0.0 0.574 0.0 0.28284 983.0 2.0186 7.0 84.0 4.4071 0.0 0.0 -0.326 0.28284 977.0 2.0019 6.0 92.0 5.7071 0.0 0.0 -1.026 0.22361 971.0 2.0583 5.0 
0.13762 159.06755 68.0 3810.0 2.0 50.0 0.3071 0.0 1.474 0.0 0.0 992.0 1.2159 12.0 52.0 0.4071 0.0 1.374 0.0 0.1 991.0 1.2554 11.0 58.0 0.7071 0.0 1.474 0.0 0.1 988.0 1.3744 10.0 62.0 1.1071 0.0 1.674 0.0 0.1 987.0 1.5101 10.0 63.0 1.9071 0.0 1.974 0.0 0.14142 989.0 1.6891 11.0 
0.11602 141.91281 70.0 3150.0 2.0 69.0 0.0 -1.0929 1.674 0.0 0.31623 988.0 1.9451 10.0 69.0 0.1071 0.0 1.274 0.0 0.2 986.0 1.801 10.0 73.0 1.1071 0.0 1.374 0.0 0.1 982.0 1.7558 9.0 83.0 1.9071 0.0 1.674 0.0 0.22361 976.0 1.9017 8.0 87.0 3.0071 0.0 2.174 0.0 0.2 974.0 1.9822 7.0 
0.0762 166.73835 49.0 1717.0 2.0 52.0 0.0 -1.5929 2.774 0.0 0.5 1000.0 2.1245 16.0 52.0 0.6071 0.0 1.374 0.0 0.41231 998.0 1.8412 14.0 54.0 2.6071 0.0 0.674 0.0 0.4 998.0 1.9855 16.0 59.0 4.5071 0.0 0.374 0.0 0.31623 995.0 1.9752 14.0 64.0 6.3071 0.0 0.0 -0.226 0.28284 993.0 2.0918 12.0 
0.11331 101.5299 62.0 1751.0 2.0 39.0 0.0 -1.5929 0.0 -0.626 0.2 1000.0 1.195 16.0 42.0 0.0 -0.3929 0.0 -0.826 0.22361 999.0 1.2869 18.0 50.0 0.8071 0.0 0.0 -1.326 0.2 997.0 1.5959 15.0 56.0 2.3071 0.0 0.0 -1.826 0.3 997.0 2.0019 14.0 54.0 4.0071 0.0 0.0 -2.226 0.2 997.0 1.8615 15.0 
0.15558 139.82063 117.0 2930.0 2.0 44.0 0.8071 0.0 0.974 0.0 0.1 995.0 1.0985 10.0 44.0 0.9071 0.0 0.874 0.0 0.1 994.0 1.0407 10.0 46.0 1.0071 0.0 0.874 0.0 0.1 993.0 1.0806 9.0 48.0 1.1071 0.0 1.074 0.0 0.0 993.0 1.1766 9.0 49.0 1.1071 0.0 1.274 0.0 0.0 993.0 1.2262 9.0 
0.10204 123.5678 91.0 2451.0 2.0 69.0 0.0 -0.9929 0.874 0.0 0.14142 983.0 1.6209 9.0 75.0 0.0 -0.2929 1.074 0.0 0.14142 980.0 1.741 8.0 79.0 0.5071 0.0 1.274 0.0 0.2 978.0 1.8213 8.0 83.0 1.3071 0.0 1.474 0.0 0.2 975.0 1.8516 8.0 83.0 2.0071 0.0 1.874 0.0 0.14142 974.0 1.8042 7.0 
0.07218 78.1732 39.0 1433.0 2.0 82.0 0.0 -4.8929 4.574 0.0 1.20416 999.0 2.5 12.0 76.0 0.0 -0.6929 0.0 -0.126 0.92195 999.0 2.5 15.0 68.0 2.6071 0.0 0.0 -3.326 0.64031 998.0 2.5 14.0 63.0 5.0071 0.0 0.0 -6.026 0.5 995.0 2.2521 12.0 64.0 6.7071 0.0 0.0 -8.126 0.42426 993.0 2.0918 14.0 
0.18951 102.82857 42.0 1325.0 2.0 69.0 0.0 -2.9929 2.174 0.0 0.63246 997.0 2.5 12.0 74.0 0.3071 0.0 0.874 0.0 0.53852 993.0 2.5 10.0 84.0 3.3071 0.0 0.0 -0.626 0.5 989.0 2.5 11.0 97.0 5.9071 0.0 0.0 -2.226 0.5 978.0 2.5 8.0 110.0 8.2071 0.0 0.0 -3.626 0.36056 966.0 2.5 7.0 
0.13192 134.30846 63.0 3289.0 2.0 53.0 0.0 -2.8929 0.874 0.0 0.5 1002.0 2.5 24.0 49.0 0.0 -0.2929 1.174 0.0 0.41231 1001.0 2.0436 21.0 49.0 1.7071 0.0 1.674 0.0 0.31623 1000.0 1.8864 18.0 46.0 3.3071 0.0 1.874 0.0 0.2 999.0 1.5437 17.0 45.0 4.6071 0.0 1.674 0.0 0.22361 999.0 1.4773 17.0 
0.08593 312.12968 46.0 3700.0 2.0 85.0 0.0 -1.0929 4.274 0.0 0.5831 989.0 2.5 10.0 84.0 1.5071 0.0 2.374 0.0 0.5 988.0 2.5 10.0 79.0 3.6071 0.0 0.974 0.0 0.36056 988.0 2.5 10.0 75.0 5.4071 0.0 0.174 0.0 0.31623 987.0 2.2097 10.0 70.0 7.1071 0.0 0.0 -0.026 0.22361 989.0 2.0853 10.0 
0.15876 256.42697 46.0 144.0 2.0 65.0 0.0 -3.2929 2.674 0.0 0.7 1001.0 2.5 16.0 63.0 0.4071 0.0 2.274 0.0 0.5099 1000.0 2.5 19.0 60.0 3.2071 0.0 1.574 0.0 0.41231 998.0 2.4513 16.0 58.0 5.4071 0.0 0.674 0.0 0.36056 997.0 2.1474 15.0 56.0 7.2071 0.0 0.0 -0.126 0.31623 997.0 2.0019 15.0 
0.05985 157.02583 50.0 580.0 2.0 40.0 0.0 -2.0929 0.0 -0.326 0.36056 1001.0 1.3618 18.0 42.0 0.0 -0.4929 0.0 -1.326 0.36056 1000.0 1.3859 16.0 47.0 1.2071 0.0 0.0 -2.226 0.31623 998.0 1.5041 14.0 50.0 3.2071 0.0 0.0 -2.526 0.3 997.0 1.5959 14.0 57.0 5.3071 0.0 0.0 -1.826 0.44721 997.0 2.074 16.0 
0.1611 92.42951 53.0 1499.0 2.0 55.0 0.0 -0.8929 1.274 0.0 0.22361 993.0 1.5448 10.0 67.0 0.3071 0.0 0.774 0.0 0.2 988.0 1.834 10.0 83.0 1.7071 0.0 0.674 0.0 0.3 980.0 2.1322 8.0 90.0 3.4071 0.0 0.674 0.0 0.3 976.0 2.236 8.0 87.0 5.1071 0.0 0.574 0.0 0.3 978.0 2.2088 8.0 
0.08699 189.09548 49.0 1126.0 2.0 52.0 0.0 -0.9929 2.174 0.0 0.41231 1000.0 2.1245 19.0 51.0 1.0071 0.0 1.374 0.0 0.44721 999.0 1.8976 18.0 50.0 2.9071 0.0 0.374 0.0 0.36056 999.0 1.8239 18.0 49.0 4.7071 0.0 0.0 -0.626 0.36056 999.0 1.7517 18.0 48.0 6.4071 0.0 0.0 -1.926 0.36056 999.0 1.6809 14.0 
0.18115 87.40194 118.0 2740.0 2.0 64.0 0.0 -1.0929 1.974 0.0 0.28284 993.0 2.0918 16.0 64.0 0.4071 0.0 0.674 0.0 0.36056 993.0 2.0918 16.0 61.0 1.8071 0.0 0.0 -0.526 0.22361 993.0 1.9003 16.0 59.0 2.8071 0.0 0.0 -1.326 0.22361 992.0 1.693 15.0 58.0 3.7071 0.0 0.0 -1.926 0.14142 992.0 1.6361 15.0 
0.11556 62.18838 79.0 2721.0 2.0 45.0 0.0 -1.7929 0.474 0.0 0.36056 999.0 1.4773 10.0 50.0 0.0 -0.1929 0.0 -0.526 0.31623 998.0 1.7023 12.0 59.0 1.4071 0.0 0.0 -1.426 0.22361 994.0 1.8713 10.0 62.0 2.7071 0.0 0.0 -1.926 0.2 991.0 1.7846 9.0 61.0 3.8071 0.0 0.0 -1.926 0.2 990.0 1.6524 8.0 
0.054 143.87015 45.0 3206.0 2.0 46.0 0.0 -0.3929 3.274 0.0 0.53852 1001.0 1.801 13.0 48.0 1.1071 0.0 0.674 0.0 0.44721 1000.0 1.8102 12.0 50.0 2.6071 0.0 0.0 -1.826 0.5 999.0 1.8239 11.0 54.0 4.1071 0.0 0.0 -4.226 0.5 998.0 1.9855 14.0 61.0 5.7071 0.0 0.0 -6.626 0.42426 996.0 2.2356 12.0 
0.02395 162.06633 57.0 1467.0 2.0 53.0 0.0 -3.2929 0.374 0.0 0.5 999.0 2.0493 11.0 58.0 0.0 -0.7929 0.0 -1.226 0.44721 998.0 2.2906 13.0 60.0 1.5071 0.0 0.0 -2.426 0.41231 996.0 2.1629 11.0 63.0 3.5071 0.0 0.0 -3.226 0.36056 991.0 1.8426 9.0 75.0 5.1071 0.0 0.0 -3.926 0.31623 986.0 2.1279 10.0 
0.1761 92.73958 43.0 1502.0 2.0 57.0 0.0 -2.1929 2.674 0.0 0.64031 1002.0 2.5 13.0 54.0 0.6071 0.0 0.574 0.0 0.5831 1002.0 2.5 17.0 56.0 3.3071 0.0 0.0 -0.826 0.41231 1000.0 2.4639 15.0 57.0 5.8071 0.0 0.0 -1.726 0.36056 999.0 2.3703 13.0 53.0 7.9071 0.0 0.0 -2.426 0.3 999.0 2.0493 12.0 
0.10863 201.71074 55.0 2474.0 2.0 69.0 0.0 -1.3929 2.674 0.0 0.5 993.0 2.4314 12.0 71.0 0.7071 0.0 1.674 0.0 0.31623 990.0 2.2386 11.0 74.0 2.5071 0.0 1.274 0.0 0.3 987.0 2.1512 10.0 77.0 4.0071 0.0 1.474 0.0 0.22361 984.0 2.0882 9.0 76.0 5.3071 0.0 2.174 0.0 0.31623 985.0 2.1069 9.0 
0.24415 166.73835 46.0 1029.0 2.0 73.0 0.0 -1.9929 2.774 0.0 0.5 992.0 2.5 12.0 82.0 0.6071 0.0 1.374 0.0 0.53852 988.0 2.5 10.0 90.0 3.4071 0.0 0.074 0.0 0.44721 983.0 2.5 9.0 87.0 5.6071 0.0 0.0 -1.226 0.36056 981.0 2.4159 9.0 80.0 7.2071 0.0 0.0 -2.226 0.31623 983.0 2.1789 9.0 
0.15154 69.35559 76.0 1015.0 2.0 45.0 0.0 -0.6929 1.774 0.0 0.36056 1000.0 1.591 19.0 49.0 0.4071 0.0 0.474 0.0 0.28284 998.0 1.6349 16.0 50.0 1.5071 0.0 0.0 -0.626 0.14142 997.0 1.5959 15.0 50.0 2.5071 0.0 0.0 -1.426 0.22361 997.0 1.5959 15.0 51.0 3.5071 0.0 0.0 -2.026 0.22361 996.0 1.5627 14.0 
0.09537 51.90795 66.0 2731.0 2.0 49.0 0.0 -1.7929 1.974 0.0 0.5 1001.0 2.0436 13.0 46.0 0.0 -0.1929 0.0 -0.426 0.36056 1000.0 1.6625 12.0 46.0 1.2071 0.0 0.0 -2.226 0.36056 1000.0 1.6625 15.0 47.0 2.6071 0.0 0.0 -3.326 0.31623 998.0 1.5041 13.0 49.0 3.9071 0.0 0.0 -3.826 0.22361 995.0 1.3624 11.0 
0.18961 10.70814 60.0 3118.0 2.0 42.0 0.0 -1.0929 1.074 0.0 0.22361 999.0 1.2869 15.0 44.0 0.0 -0.0929 0.0 -0.026 0.28284 998.0 1.3183 13.0 47.0 1.1071 0.0 0.0 -0.926 0.22361 996.0 1.3272 12.0 54.0 2.3071 0.0 0.0 -1.726 0.22361 993.0 1.4892 10.0 65.0 3.6071 0.0 0.0 -2.626 0.36056 988.0 1.7261 8.0 
0.024 247.0314 42.0 2260.0 2.0 51.0 0.0 -1.6929 3.674 0.0 0.5831 1001.0 2.2138 18.0 51.0 0.8071 0.0 2.074 0.0 0.44721 1000.0 2.0435 16.0 54.0 3.2071 0.0 0.974 0.0 0.41231 999.0 2.1274 15.0 57.0 5.8071 0.0 0.374 0.0 0.4 999.0 2.3703 17.0 58.0 8.0071 0.0 0.374 0.0 0.3 997.0 2.1474 15.0 
0.07702 152.51604 66.0 269.0 2.0 59.0 0.0 -1.2929 1.774 0.0 0.22361 992.0 1.693 12.0 70.0 0.0071 0.0 1.374 0.0 0.2 987.0 1.9249 10.0 81.0 1.4071 0.0 1.174 0.0 0.31623 981.0 2.0941 9.0 85.0 2.9071 0.0 0.674 0.0 0.2 978.0 2.1084 8.0 83.0 4.2071 0.0 0.474 0.0 0.2 978.0 2.0104 8.0 
0.17357 61.36266 139.0 631.0 2.0 69.0 0.0 -0.8929 1.474 0.0 0.28284 990.0 2.1142 11.0 69.0 0.4071 0.0 0.374 0.0 0.28284 988.0 1.9451 10.0 68.0 1.4071 0.0 0.0 -0.526 0.22361 987.0 1.8165 10.0 67.0 2.2071 0.0 0.0 -1.126 0.1 986.0 1.6981 10.0 67.0 2.8071 0.0 0.0 -1.426 0.1 984.0 1.581 9.0 
0.27833 64.81358 61.0 2814.0 2.0 51.0 0.0 -1.1929 1.274 0.0 0.22361 996.0 1.5627 15.0 58.0 0.1071 0.0 0.574 0.0 0.31623 994.0 1.8084 17.0 66.0 1.6071 0.0 0.174 0.0 0.2 990.0 1.9344 14.0 70.0 3.0071 0.0 0.174 0.0 0.2 987.0 1.9249 13.0 77.0 4.3071 0.0 0.274 0.0 0.2 979.0 1.7811 9.0 
0.11495 123.68142 214.0 3598.0 2.0 54.0 1.0071 0.0 0.0 -0.726 0.1 991.0 1.3538 11.0 56.0 1.1071 0.0 0.0 -0.126 0.14142 990.0 1.3926 11.0 57.0 1.4071 0.0 0.474 0.0 0.1 990.0 1.4428 11.0 59.0 1.7071 0.0 1.074 0.0 0.1 989.0 1.4814 11.0 61.0 2.0071 0.0 1.874 0.0 0.14142 989.0 1.5836 11.0 
0.08793 284.57652 158.0 3706.0 2.0 79.0 0.0 -0.3929 3.474 0.0 0.5 984.0 2.1981 7.0 81.0 1.5071 0.0 2.074 0.0 0.36056 983.0 2.2337 7.0 80.0 3.3071 0.0 0.774 0.0 0.28284 984.0 2.2541 7.0 80.0 4.9071 0.0 0.0 -0.526 0.31623 983.0 2.1789 7.0 78.0 6.4071 0.0 0.0 -1.526 0.36056 983.0 2.0713 7.0 
0.09923 241.14112 53.0 1001.0 2.0 119.0 0.0 -1.8929 3.974 0.0 0.5831 964.0 2.5 7.0 137.0 0.9071 0.0 1.974 0.0 0.44721 944.0 2.5 5.0 123.0 3.2071 0.0 0.574 0.0 0.36056 953.0 2.5 6.0 105.0 5.1071 0.0 0.0 -0.326 0.2 964.0 2.2981 7.0 88.0 6.4071 0.0 0.0 -0.726 0.22361 974.0 2.0281 8.0 
0.05899 179.43061 101.0 2101.0 2.0 44.0 1.3071 0.0 1.974 0.0 0.31623 1000.0 1.5211 19.0 42.0 1.6071 0.0 0.174 0.0 0.31623 1000.0 1.3859 19.0 39.0 1.9071 0.0 0.0 -1.226 0.22361 1000.0 1.195 19.0 36.0 2.2071 0.0 0.0 -1.926 0.1 999.0 1.0 17.0 32.0 2.2071 0.0 0.0 -2.126 0.1 999.0 1.0 17.0 
0.03647 296.78557 58.0 3475.0 2.0 85.0 0.3071 0.0 3.574 0.0 0.42426 983.0 2.4598 12.0 90.0 1.9071 0.0 1.874 0.0 0.42426 978.0 2.3637 11.0 94.0 3.4071 0.0 0.374 0.0 0.28284 973.0 2.2562 10.0 100.0 4.6071 0.0 0.0 -0.726 0.28284 965.0 2.1279 9.0 110.0 5.7071 0.0 0.0 -1.526 0.22361 954.0 2.0947 8.0 
0.07143 285.71509 53.0 3280.0 2.0 73.0 0.0 -1.4929 2.774 0.0 0.22361 986.0 2.0159 13.0 88.0 0.0071 0.0 2.574 0.0 0.3 976.0 2.1377 10.0 111.0 1.7071 0.0 2.874 0.0 0.31623 958.0 2.2881 8.0 130.0 3.5071 0.0 3.274 0.0 0.31623 940.0 2.3645 7.0 127.0 5.4071 0.0 3.774 0.0 0.36056 940.0 2.2567 6.0 
0.01776 300.90555 59.0 426.0 2.0 64.0 1.4071 0.0 2.674 0.0 0.22361 990.0 1.8189 8.0 67.0 2.2071 0.0 1.574 0.0 0.22361 988.0 1.834 8.0 68.0 3.2071 0.0 0.874 0.0 0.22361 987.0 1.8165 7.0 68.0 4.3071 0.0 0.374 0.0 0.2 988.0 1.8891 7.0 61.0 5.5071 0.0 0.074 0.0 0.2 992.0 1.8098 8.0 
0.05205 309.0876 270.0 1718.0 2.0 72.0 0.0071 0.0 3.174 0.0 0.28284 987.0 2.0365 10.0 82.0 1.6071 0.0 2.274 0.0 0.36056 983.0 2.2892 9.0 87.0 3.2071 0.0 1.074 0.0 0.36056 979.0 2.2738 8.0 92.0 4.7071 0.0 0.0 -0.126 0.28284 974.0 2.2166 8.0 96.0 6.0071 0.0 0.0 -1.226 0.36056 970.0 2.1891 7.0 
0.24356 57.41677 55.0 906.0 2.0 51.0 0.0 -1.8929 1.874 0.0 0.5 1001.0 2.2138 22.0 51.0 0.2071 0.0 0.474 0.0 0.44721 1000.0 2.0435 19.0 51.0 2.3071 0.0 0.0 -0.326 0.31623 999.0 1.8976 18.0 50.0 4.1071 0.0 0.0 -0.926 0.22361 999.0 1.8239 17.0 48.0 5.6071 0.0 0.0 -1.226 0.2 998.0 1.5688 16.0 
0.06438 295.62212 56.0 2062.0 2.0 49.0 0.0 -0.0929 3.374 0.0 0.28284 999.0 1.7517 17.0 46.0 1.2071 0.0 2.374 0.0 0.22361 999.0 1.5437 18.0 42.0 2.4071 0.0 1.974 0.0 0.2 1000.0 1.3859 18.0 40.0 3.5071 0.0 2.174 0.0 0.22361 1000.0 1.2571 19.0 41.0 4.6071 0.0 2.974 0.0 0.28284 1001.0 1.4308 20.0 
1.48 23.16855 264.0 2829.0 2.0 73.0 0.0 -2.7929 0.274 0.0 0.5099 993.0 2.5 10.0 83.0 0.2071 0.0 0.0 -0.026 0.4 988.0 2.5 10.0 91.0 2.9071 0.0 0.074 0.0 0.41231 982.0 2.5 9.0 90.0 5.4071 0.0 0.0 -0.426 0.41231 982.0 2.5 9.0 89.0 7.7071 0.0 0.0 -0.926 0.4 981.0 2.5 9.0 
0.07994 123.55085 65.0 2139.0 2.0 66.0 0.4071 0.0 1.674 0.0 0.22361 989.0 1.8538 11.0 67.0 1.0071 0.0 0.474 0.0 0.14142 986.0 1.6981 10.0 71.0 1.6071 0.0 0.0 -0.226 0.14142 982.0 1.6609 9.0 75.0 2.2071 0.0 0.0 -0.526 0.14142 979.0 1.6898 8.0 83.0 3.0071 0.0 0.0 -0.626 0.1 974.0 1.8042 8.0 
0.07166 296.81505 52.0 3480.0 2.0 64.0 0.0 -3.0929 3.374 0.0 0.63246 1000.0 2.5 12.0 51.0 0.0071 0.0 2.674 0.0 0.4 1000.0 2.0435 16.0 50.0 2.2071 0.0 2.674 0.0 0.41231 999.0 1.8239 14.0 51.0 4.2071 0.0 2.974 0.0 0.22361 997.0 1.6604 12.0 56.0 5.8071 0.0 2.974 0.0 0.2 995.0 1.7795 14.0 
0.22306 74.81815 52.0 55.0 2.0 55.0 0.0 -2.9929 1.774 0.0 0.53852 1001.0 2.5 20.0 60.0 0.0071 0.0 0.674 0.0 0.5099 1000.0 2.5 18.0 56.0 2.6071 0.0 0.0 -0.026 0.4 999.0 2.2879 18.0 50.0 4.7071 0.0 0.0 -0.226 0.3 999.0 1.8239 17.0 43.0 6.2071 0.0 0.074 0.0 0.2 1000.0 1.4527 18.0 
0.02429 301.46232 41.0 956.0 2.0 64.0 0.0 -4.5929 0.0 -0.826 0.72111 1001.0 2.5 17.0 67.0 0.0 -0.6929 0.0 -2.626 0.72801 1000.0 2.5 16.0 66.0 3.0071 0.0 0.0 -3.726 0.60828 999.0 2.5 18.0 64.0 6.1071 0.0 0.0 -4.226 0.5099 997.0 2.5 15.0 60.0 8.4071 0.0 0.0 -4.326 0.31623 996.0 2.1629 14.0 
0.12445 117.17765 50.0 562.0 2.0 51.0 0.0 -1.7929 2.674 0.0 0.5 1001.0 2.2138 17.0 51.0 0.4071 0.0 0.974 0.0 0.44721 1000.0 2.0435 15.0 53.0 2.6071 0.0 0.0 -0.126 0.41231 999.0 2.0493 18.0 59.0 4.7071 0.0 0.0 -0.826 0.31623 997.0 2.2221 15.0 60.0 6.5071 0.0 0.0 -1.526 0.22361 995.0 2.0427 13.0 
0.20387 85.01661 59.0 2871.0 2.0 73.0 0.0 -1.4929 2.774 0.0 0.56569 994.0 2.5 13.0 70.0 0.5071 0.0 0.574 0.0 0.42426 993.0 2.5 12.0 68.0 2.1071 0.0 0.0 -1.026 0.36056 991.0 2.1467 12.0 70.0 3.6071 0.0 0.0 -2.026 0.31623 989.0 2.0853 11.0 75.0 5.1071 0.0 0.0 -2.626 0.22361 985.0 2.0519 9.0 
0.18517 32.65484 158.0 4101.0 2.0 47.0 0.0 -1.6929 2.274 0.0 0.42426 1001.0 1.8802 13.0 46.0 0.1071 0.0 0.274 0.0 0.36056 1000.0 1.6625 12.0 44.0 1.5071 0.0 0.0 -1.326 0.36056 999.0 1.4124 11.0 45.0 2.8071 0.0 0.0 -2.426 0.28284 998.0 1.3789 14.0 49.0 4.0071 0.0 0.0 -3.326 0.22361 996.0 1.4425 12.0 
0.01262 139.80301 35.0 3212.0 2.0 54.0 0.0 -3.3929 2.074 0.0 0.64031 1000.0 2.291 13.0 55.0 0.0 -1.0929 0.0 -0.626 0.5831 999.0 2.2069 11.0 57.0 1.0071 0.0 0.0 -3.326 0.5831 998.0 2.2123 10.0 59.0 3.0071 0.0 0.0 -5.926 0.5 996.0 2.0914 9.0 62.0 4.8071 0.0 0.0 -8.126 0.42426 995.0 2.1812 11.0 
0.17472 39.17945 60.0 3721.0 2.0 45.0 0.0 -1.0929 2.174 0.0 0.44721 1000.0 1.591 13.0 43.0 0.3071 0.0 0.174 0.0 0.28284 999.0 1.3489 12.0 44.0 1.7071 0.0 0.0 -1.226 0.28284 999.0 1.4124 15.0 45.0 3.1071 0.0 0.0 -2.326 0.28284 998.0 1.3789 14.0 49.0 4.5071 0.0 0.0 -3.226 0.36056 997.0 1.5327 12.0 
0.0557 288.16905 39.0 3243.0 2.0 56.0 1.0071 0.0 4.174 0.0 0.67082 1000.0 2.4639 16.0 60.0 2.5071 0.0 0.674 0.0 0.67082 998.0 2.4513 14.0 66.0 4.4071 0.0 0.0 -2.726 0.5831 996.0 2.5 12.0 74.0 6.3071 0.0 0.0 -6.026 0.67082 994.0 2.5 12.0 82.0 8.0071 0.0 0.0 -9.426 0.63246 989.0 2.5 11.0 
0.29737 81.1004 100.0 2415.0 2.0 69.0 0.0 -0.0929 0.0 -1.326 0.14142 983.0 1.6209 11.0 88.0 0.5071 0.0 0.0 -0.526 0.14142 970.0 1.8394 9.0 97.0 1.0071 0.0 0.474 0.0 0.14142 964.0 1.9612 8.0 103.0 1.6071 0.0 1.574 0.0 0.22361 960.0 2.0445 8.0 96.0 2.2071 0.0 2.674 0.0 0.14142 966.0 2.0028 9.0 
0.09417 138.42312 66.0 940.0 2.0 43.0 0.8071 0.0 1.274 0.0 0.1 998.0 1.259 16.0 41.0 1.1071 0.0 0.574 0.0 0.14142 998.0 1.1446 16.0 39.0 1.6071 0.0 0.174 0.0 0.14142 999.0 1.1096 16.0 38.0 2.1071 0.0 0.0 -0.026 0.1 999.0 1.0535 17.0 38.0 2.8071 0.0 0.174 0.0 0.1 1000.0 1.1345 18.0 
0.18194 63.71887 60.0 2204.0 2.0 44.0 0.0 -1.2929 0.974 0.0 0.22361 999.0 1.4124 14.0 46.0 0.0071 0.0 0.574 0.0 0.2 998.0 1.4408 16.0 54.0 1.2071 0.0 0.574 0.0 0.2 994.0 1.5675 13.0 60.0 2.5071 0.0 0.674 0.0 0.22361 992.0 1.7509 12.0 67.0 3.9071 0.0 0.474 0.0 0.22361 989.0 1.9104 11.0 
0.00249 201.07326 31.0 3073.0 2.0 62.0 0.0 -4.2929 2.474 0.0 0.78102 1000.0 2.5 12.0 63.0 0.0 -1.4929 0.0 -1.026 0.78102 999.0 2.5 11.0 64.0 1.0071 0.0 0.0 -4.526 0.64031 998.0 2.5 10.0 67.0 3.2071 0.0 0.0 -7.826 0.5831 997.0 2.5 12.0 69.0 5.4071 0.0 0.0 -10.426 0.5 993.0 2.4314 10.0 
0.12814 66.82775 94.0 2990.0 2.0 40.0 0.0 -1.2929 0.0 -0.126 0.2 999.0 1.1673 14.0 43.0 0.0 -0.2929 0.0 -0.526 0.14142 997.0 1.1803 12.0 48.0 0.5071 0.0 0.0 -0.826 0.1 994.0 1.2385 10.0 52.0 1.2071 0.0 0.0 -0.826 0.1 992.0 1.3151 9.0 54.0 1.9071 0.0 0.0 -0.726 0.1 991.0 1.3538 9.0 
0.0471 257.5833 61.0 2389.0 2.0 69.0 0.2071 0.0 3.174 0.0 0.36056 991.0 2.2103 8.0 68.0 1.6071 0.0 1.674 0.0 0.28284 990.0 2.0534 8.0 66.0 2.7071 0.0 0.374 0.0 0.22361 990.0 1.9344 8.0 69.0 3.7071 0.0 0.0 -0.726 0.22361 988.0 1.9451 7.0 71.0 4.7071 0.0 0.0 -1.626 0.22361 987.0 1.9803 7.0 
0.04716 187.78321 91.0 3317.0 2.0 42.0 0.5071 0.0 2.274 0.0 0.31623 1000.0 1.3859 14.0 42.0 1.3071 0.0 1.074 0.0 0.14142 999.0 1.2869 13.0 41.0 2.0071 0.0 0.374 0.0 0.14142 998.0 1.1446 12.0 42.0 2.7071 0.0 0.0 -0.026 0.1 997.0 1.1261 12.0 45.0 3.3071 0.0 0.0 -0.326 0.1 996.0 1.2166 11.0 
0.0509 101.5299 74.0 3307.0 2.0 41.0 0.0 -1.9929 0.074 0.0 0.31623 1000.0 1.3207 12.0 41.0 0.0 -0.3929 0.0 -0.826 0.22361 1000.0 1.3207 11.0 43.0 1.0071 0.0 0.0 -1.626 0.22361 999.0 1.3489 12.0 45.0 2.2071 0.0 0.0 -2.326 0.22361 997.0 1.2927 12.0 51.0 3.3071 0.0 0.0 -2.826 0.2 994.0 1.3982 10.0 
0.08888 222.82062 44.0 2269.0 2.0 53.0 0.0 -0.8929 0.0 -3.526 0.56569 1001.0 2.3909 15.0 62.0 1.5071 0.0 0.0 -1.326 0.5 999.0 2.5 13.0 63.0 3.8071 0.0 0.374 0.0 0.5 997.0 2.5 11.0 60.0 5.8071 0.0 1.974 0.0 0.36056 996.0 2.1629 11.0 59.0 7.5071 0.0 3.174 0.0 0.31623 996.0 2.0914 10.0 
0.07628 157.37774 88.0 969.0 2.0 55.0 1.2071 0.0 1.074 0.0 0.14142 993.0 1.5448 12.0 54.0 1.4071 0.0 0.174 0.0 0.14142 992.0 1.4182 12.0 54.0 1.7071 0.0 0.0 -0.426 0.0 991.0 1.3538 11.0 55.0 2.0071 0.0 0.0 -0.526 0.1 990.0 1.3433 11.0 59.0 2.4071 0.0 0.0 -0.226 0.1 988.0 1.4222 10.0 
0.05009 299.43032 64.0 1510.0 2.0 56.0 0.0 -0.9929 3.374 0.0 0.31623 997.0 2.0019 11.0 55.0 0.8071 0.0 2.574 0.0 0.2 997.0 1.931 11.0 49.0 2.2071 0.0 2.174 0.0 0.22361 997.0 1.5327 11.0 45.0 3.4071 0.0 1.874 0.0 0.2 998.0 1.3789 12.0 42.0 4.5071 0.0 1.974 0.0 0.14142 999.0 1.2869 13.0 
0.11709 156.35509 67.0 323.0 2.0 50.0 0.0 -0.0929 0.0 -2.726 0.28284 999.0 1.8239 17.0 60.0 1.2071 0.0 0.0 -0.726 0.5 997.0 2.2981 15.0 62.0 2.4071 0.0 1.774 0.0 0.44721 996.0 2.3095 14.0 61.0 3.7071 0.0 4.274 0.0 0.44721 997.0 2.3753 15.0 59.0 4.9071 0.0 6.574 0.0 0.44721 997.0 2.2221 15.0 
0.09482 140.98863 72.0 1682.0 2.0 67.0 0.0071 0.0 1.774 0.0 0.28284 989.0 1.9104 14.0 69.0 1.0071 0.0 0.774 0.0 0.22361 983.0 1.6209 10.0 78.0 2.1071 0.0 0.274 0.0 0.14142 977.0 1.7261 8.0 90.0 3.2071 0.0 0.0 -0.126 0.22361 969.0 1.8803 7.0 109.0 4.3071 0.0 0.0 -0.526 0.22361 952.0 1.9893 6.0 
0.10106 264.33541 111.0 498.0 2.0 48.0 0.3071 0.0 2.474 0.0 0.0 995.0 1.3074 13.0 47.0 0.7071 0.0 2.274 0.0 0.1 995.0 1.2535 13.0 47.0 1.2071 0.0 2.274 0.0 0.14142 995.0 1.2535 13.0 48.0 1.7071 0.0 2.274 0.0 0.14142 995.0 1.3074 13.0 48.0 2.3071 0.0 2.574 0.0 0.14142 995.0 1.3074 13.0 
0.33598 105.1813 156.0 3858.0 2.0 46.0 1.2071 0.0 0.0 -0.926 0.2 996.0 1.2713 11.0 51.0 0.9071 0.0 0.274 0.0 0.2 995.0 1.4759 10.0 55.0 0.6071 0.0 1.674 0.0 0.3 994.0 1.6261 10.0 55.0 0.5071 0.0 3.374 0.0 0.31623 994.0 1.6261 10.0 55.0 0.3071 0.0 5.074 0.0 0.3 995.0 1.7165 10.0 
0.09104 138.42312 77.0 1744.0 2.0 49.0 0.0071 0.0 2.274 0.0 0.36056 1000.0 1.8864 19.0 46.0 1.1071 0.0 0.574 0.0 0.28284 999.0 1.5437 18.0 44.0 2.1071 0.0 0.0 -0.526 0.14142 998.0 1.3183 17.0 45.0 2.8071 0.0 0.0 -1.326 0.22361 997.0 1.2927 15.0 52.0 3.6071 0.0 0.0 -1.826 0.1 993.0 1.3809 13.0 
0.05887 257.74158 105.0 2021.0 2.0 56.0 0.7071 0.0 2.674 0.0 0.28284 996.0 1.8841 14.0 53.0 1.7071 0.0 1.574 0.0 0.14142 995.0 1.5939 14.0 49.0 2.4071 0.0 0.874 0.0 0.14142 995.0 1.3624 14.0 48.0 3.0071 0.0 0.374 0.0 0.14142 995.0 1.3074 14.0 48.0 3.6071 0.0 0.0 -0.026 0.14142 995.0 1.3074 13.0 
0.02837 274.47556 49.0 2161.0 2.0 64.0 0.3071 0.0 3.474 0.0 0.42426 996.0 2.4609 10.0 61.0 1.9071 0.0 1.574 0.0 0.42426 996.0 2.2356 11.0 56.0 3.5071 0.0 0.0 -0.026 0.36056 997.0 2.0019 11.0 52.0 5.1071 0.0 0.0 -1.126 0.36056 998.0 1.8412 12.0 48.0 6.6071 0.0 0.0 -2.126 0.31623 999.0 1.6809 13.0 
0.05037 241.60155 111.0 1710.0 2.0 65.0 0.4071 0.0 2.474 0.0 0.14142 988.0 1.7261 8.0 66.0 1.1071 0.0 1.874 0.0 0.2 986.0 1.6478 7.0 70.0 1.9071 0.0 1.574 0.0 0.1 983.0 1.6682 7.0 72.0 2.7071 0.0 1.474 0.0 0.1 981.0 1.6546 6.0 72.0 3.3071 0.0 1.474 0.0 0.1 981.0 1.6546 6.0 
0.08557 264.33541 41.0 1940.0 2.0 55.0 0.0 -2.0929 2.974 0.0 0.5099 1001.0 2.5 17.0 56.0 0.7071 0.0 2.274 0.0 0.5099 1000.0 2.4639 20.0 58.0 3.5071 0.0 1.974 0.0 0.41231 999.0 2.4542 18.0 57.0 6.0071 0.0 1.974 0.0 0.4 999.0 2.3703 17.0 60.0 8.3071 0.0 2.474 0.0 0.44721 997.0 2.2981 15.0 
0.10191 218.65722 41.0 4194.0 2.0 69.0 0.0 -2.4929 3.574 0.0 0.67082 998.0 2.5 17.0 71.0 0.6071 0.0 1.874 0.0 0.53852 996.0 2.5 14.0 73.0 3.3071 0.0 0.574 0.0 0.53852 993.0 2.5 13.0 73.0 6.0071 0.0 0.0 -0.126 0.4 992.0 2.5 12.0 72.0 8.3071 0.0 0.0 -0.326 0.4 991.0 2.4067 11.0 
0.05202 241.14112 58.0 2017.0 2.0 62.0 0.0 -0.5929 3.074 0.0 0.36056 994.0 2.0664 10.0 64.0 0.9071 0.0 1.974 0.0 0.31623 992.0 1.9922 9.0 65.0 2.4071 0.0 1.474 0.0 0.2 991.0 1.9615 8.0 66.0 3.7071 0.0 1.474 0.0 0.3 990.0 1.9344 8.0 64.0 5.1071 0.0 1.274 0.0 0.2 991.0 1.9016 8.0 
0.30171 52.57774 88.0 514.0 2.0 54.0 0.0 -1.5929 0.0 -0.826 0.31623 999.0 2.1274 17.0 55.0 0.2071 0.0 0.0 -0.426 0.22361 996.0 1.8174 14.0 56.0 1.5071 0.0 0.0 -0.026 0.14142 994.0 1.6858 13.0 56.0 2.4071 0.0 0.374 0.0 0.1 992.0 1.5252 12.0 57.0 3.1071 0.0 0.574 0.0 0.1 991.0 1.5084 11.0 
0.08675 153.45992 59.0 3960.0 2.0 64.0 0.0 -0.6929 3.474 0.0 0.5831 997.0 2.5 12.0 66.0 1.2071 0.0 0.674 0.0 0.42426 994.0 2.3416 11.0 70.0 3.0071 0.0 0.0 -1.326 0.36056 990.0 2.176 9.0 83.0 4.5071 0.0 0.0 -2.926 0.28284 981.0 2.1988 9.0 103.0 5.8071 0.0 0.0 -3.926 0.22361 962.0 2.1247 6.0 
0.15919 116.39166 113.0 3013.0 2.0 55.0 0.4071 0.0 0.0 -1.526 0.14142 992.0 1.4713 12.0 68.0 0.9071 0.0 0.0 -0.526 0.22361 986.0 1.7492 10.0 73.0 1.4071 0.0 0.874 0.0 0.22361 984.0 1.8769 9.0 77.0 1.8071 0.0 2.174 0.0 0.2 981.0 1.8924 9.0 82.0 2.0071 0.0 3.474 0.0 0.2 976.0 1.8561 8.0 
0.1057 165.42227 186.0 3693.0 2.0 44.0 0.3071 0.0 2.074 0.0 0.28284 999.0 1.4124 18.0 43.0 1.2071 0.0 0.874 0.0 0.22361 999.0 1.3489 17.0 41.0 2.0071 0.0 0.074 0.0 0.14142 999.0 1.2264 17.0 40.0 2.6071 0.0 0.0 -0.426 0.1 998.0 1.0895 16.0 38.0 2.9071 0.0 0.0 -0.726 0.0 997.0 1.0 15.0 
0.06145 207.24644 82.0 684.0 2.0 45.0 0.0 -2.5929 0.0 -0.526 0.31623 998.0 1.3789 13.0 52.0 0.0 -1.5929 0.974 0.0 0.36056 997.0 1.7261 15.0 60.0 0.0 -0.5929 2.574 0.0 0.28284 993.0 1.8385 12.0 64.0 0.4071 0.0 3.874 0.0 0.28284 991.0 1.9016 11.0 67.0 1.6071 0.0 4.874 0.0 0.22361 989.0 1.9104 10.0 
0.20818 54.46995 66.0 859.0 2.0 50.0 0.0 -1.2929 2.574 0.0 0.5 1000.0 1.9642 12.0 49.0 0.4071 0.0 0.274 0.0 0.44721 998.0 1.6349 11.0 48.0 1.8071 0.0 0.0 -1.726 0.28284 997.0 1.4708 10.0 50.0 3.0071 0.0 0.0 -3.126 0.28284 996.0 1.502 12.0 55.0 4.1071 0.0 0.0 -4.126 0.28284 992.0 1.4713 10.0 
0.07481 202.37423 62.0 2793.0 2.0 52.0 0.6071 0.0 0.0 -2.326 0.28284 997.0 1.7261 15.0 53.0 1.5071 0.0 0.0 -1.026 0.28284 996.0 1.6877 14.0 50.0 2.2071 0.0 0.174 0.0 0.22361 997.0 1.5959 14.0 45.0 2.6071 0.0 1.474 0.0 0.2 998.0 1.3789 16.0 41.0 2.7071 0.0 2.674 0.0 0.2 1000.0 1.3207 18.0 
0.065 183.86527 54.0 3431.0 2.0 48.0 0.7071 0.0 1.874 0.0 0.14142 996.0 1.3843 14.0 52.0 1.4071 0.0 0.874 0.0 0.22361 995.0 1.5343 14.0 57.0 2.5071 0.0 0.0 -0.126 0.28284 995.0 1.8436 13.0 61.0 3.9071 0.0 0.0 -1.326 0.22361 994.0 2.0003 13.0 62.0 5.5071 0.0 0.0 -2.326 0.22361 994.0 2.0664 13.0 
0.46235 18.35579 65.0 2190.0 2.0 39.0 0.0 -0.7929 0.0 -0.926 0.14142 999.0 1.1096 15.0 45.0 0.1071 0.0 0.0 -0.126 0.28284 998.0 1.3789 17.0 55.0 1.2071 0.0 0.874 0.0 0.28284 995.0 1.7165 14.0 59.0 2.4071 0.0 1.974 0.0 0.28284 994.0 1.8713 13.0 62.0 3.5071 0.0 3.074 0.0 0.28284 992.0 1.8696 12.0 
0.16239 139.40851 121.0 470.0 2.0 45.0 0.0 -1.1929 0.474 0.0 0.1 996.0 1.2166 19.0 53.0 0.0 -0.7929 0.974 0.0 0.1 992.0 1.3662 15.0 58.0 0.0 -0.4929 1.474 0.0 0.14142 989.0 1.4316 14.0 62.0 0.0 -0.1929 2.074 0.0 0.1 987.0 1.5101 13.0 67.0 0.1071 0.0 2.574 0.0 0.14142 984.0 1.581 12.0 
0.10189 254.70537 42.0 310.0 2.0 57.0 0.0 -2.5929 2.974 0.0 0.44721 999.0 2.3703 17.0 66.0 0.3071 0.0 2.274 0.0 0.5099 997.0 2.5 15.0 68.0 3.2071 0.0 1.774 0.0 0.5099 996.0 2.5 14.0 66.0 5.9071 0.0 1.174 0.0 0.41231 995.0 2.4717 14.0 64.0 8.1071 0.0 0.874 0.0 0.4 995.0 2.3242 13.0 
0.18825 123.55085 82.0 3880.0 2.0 40.0 0.9071 0.0 1.274 0.0 0.2 999.0 1.1673 27.0 40.0 1.0071 0.0 0.474 0.0 0.14142 998.0 1.0895 26.0 41.0 1.3071 0.0 0.0 -0.026 0.1 997.0 1.0731 25.0 43.0 1.6071 0.0 0.0 -0.326 0.1 996.0 1.1109 23.0 45.0 2.1071 0.0 0.0 -0.426 0.1 995.0 1.149 22.0 
0.14376 81.24308 61.0 1665.0 2.0 46.0 0.0 -1.8929 0.0 -1.026 0.31623 1001.0 1.801 16.0 47.0 0.0 -0.0929 0.0 -0.726 0.3 1000.0 1.7355 14.0 46.0 1.6071 0.0 0.0 -0.726 0.2 999.0 1.5437 13.0 44.0 3.0071 0.0 0.0 -0.926 0.22361 1000.0 1.5211 13.0 42.0 4.3071 0.0 0.0 -1.326 0.22361 1000.0 1.3859 14.0 
0.06097 176.94829 66.0 806.0 2.0 40.0 0.0 -0.7929 2.274 0.0 0.36056 1001.0 1.3618 17.0 40.0 0.6071 0.0 1.474 0.0 0.31623 1000.0 1.2571 16.0 44.0 2.1071 0.0 1.274 0.0 0.2 1000.0 1.5211 19.0 49.0 3.5071 0.0 1.074 0.0 0.2 997.0 1.5327 16.0 52.0 4.8071 0.0 0.874 0.0 0.22361 996.0 1.6246 14.0 
0.26898 43.18263 53.0 2226.0 2.0 40.0 0.0 -1.5929 1.474 0.0 0.36056 1001.0 1.3618 19.0 48.0 0.1071 0.0 0.374 0.0 0.31623 1000.0 1.8102 19.0 53.0 2.0071 0.0 0.0 -0.226 0.31623 999.0 2.0493 16.0 55.0 4.0071 0.0 0.0 -0.326 0.3 998.0 2.0598 16.0 51.0 5.7071 0.0 0.174 0.0 0.28284 998.0 1.7711 16.0 
0.14313 82.21395 199.0 705.0 2.0 77.0 0.0 -0.6929 1.874 0.0 0.22361 985.0 2.1628 9.0 79.0 0.3071 0.0 0.674 0.0 0.22361 981.0 1.992 9.0 76.0 1.3071 0.0 0.0 -0.026 0.22361 981.0 1.8436 9.0 71.0 2.2071 0.0 0.0 -0.426 0.1 983.0 1.7162 9.0 68.0 2.8071 0.0 0.0 -0.526 0.14142 983.0 1.5743 9.0 
0.05843 176.88004 128.0 2825.0 2.0 63.0 0.0 -0.5929 2.374 0.0 0.28284 993.0 2.0269 12.0 62.0 0.8071 0.0 1.374 0.0 0.22361 992.0 1.8696 12.0 59.0 2.0071 0.0 0.874 0.0 0.2 993.0 1.7777 12.0 54.0 3.0071 0.0 0.774 0.0 0.1 994.0 1.5675 12.0 51.0 3.8071 0.0 0.774 0.0 0.1 994.0 1.3982 13.0 
0.04968 197.65626 85.0 2753.0 2.0 62.0 0.0 -0.4929 2.074 0.0 0.22361 990.0 1.707 11.0 67.0 0.6071 0.0 1.674 0.0 0.2 988.0 1.834 10.0 71.0 1.7071 0.0 1.374 0.0 0.14142 985.0 1.8388 9.0 74.0 2.7071 0.0 1.074 0.0 0.2 983.0 1.8643 9.0 74.0 3.7071 0.0 1.074 0.0 0.1 983.0 1.8643 9.0 
0.06396 210.50196 57.0 2034.0 2.0 65.0 0.1071 0.0 2.574 0.0 0.28284 991.0 1.9615 15.0 68.0 1.3071 0.0 1.374 0.0 0.28284 989.0 1.9678 14.0 73.0 2.6071 0.0 0.474 0.0 0.22361 986.0 2.0159 12.0 80.0 3.9071 0.0 0.0 -0.226 0.22361 981.0 2.0427 11.0 92.0 5.3071 0.0 0.0 -0.926 0.22361 972.0 2.1085 10.0 
0.27871 8.25172 45.0 2304.0 2.0 59.0 0.0 -2.5929 2.974 0.0 0.64031 1000.0 2.5 12.0 59.0 0.0071 0.0 0.074 0.0 0.64031 999.0 2.5 11.0 59.0 2.3071 0.0 0.0 -2.626 0.56569 998.0 2.3703 10.0 62.0 4.6071 0.0 0.0 -4.826 0.56569 996.0 2.3095 9.0 69.0 6.9071 0.0 0.0 -6.926 0.5 994.0 2.5 10.0 
0.05789 232.11335 58.0 2762.0 2.0 61.0 0.0 -0.4929 2.974 0.0 0.36056 995.0 2.1114 13.0 61.0 1.1071 0.0 1.774 0.0 0.36056 995.0 2.1114 13.0 57.0 2.7071 0.0 0.674 0.0 0.22361 996.0 1.952 14.0 52.0 4.1071 0.0 0.0 -0.126 0.22361 997.0 1.7261 15.0 48.0 5.4071 0.0 0.0 -0.526 0.2 998.0 1.5688 16.0 
0.05725 256.10436 115.0 2328.0 2.0 44.0 2.1071 0.0 0.0 -1.326 0.22361 997.0 1.2359 15.0 51.0 2.3071 0.0 0.0 -0.026 0.3 996.0 1.5627 14.0 56.0 2.5071 0.0 1.674 0.0 0.3 995.0 1.7795 13.0 58.0 2.8071 0.0 3.374 0.0 0.2 993.0 1.7179 12.0 58.0 3.2071 0.0 4.774 0.0 0.22361 992.0 1.6361 12.0 
0.1695 127.3962 44.0 2126.0 2.0 55.0 0.0 -1.9929 2.874 0.0 0.56569 1001.0 2.5 13.0 53.0 0.6071 0.0 0.974 0.0 0.44721 1000.0 2.207 11.0 54.0 3.0071 0.0 0.0 -0.326 0.44721 999.0 2.1274 14.0 62.0 5.3071 0.0 0.0 -2.026 0.56569 997.0 2.4538 12.0 66.0 7.5071 0.0 0.0 -4.026 0.42426 995.0 2.4717 14.0 
0.09832 226.19519 69.0 2257.0 2.0 61.0 0.0 -0.0929 2.974 0.0 0.36056 995.0 2.1114 14.0 60.0 1.4071 0.0 1.474 0.0 0.28284 995.0 2.0427 13.0 60.0 2.7071 0.0 0.174 0.0 0.28284 994.0 1.9352 13.0 59.0 3.9071 0.0 0.0 -0.926 0.28284 993.0 1.7777 12.0 59.0 4.9071 0.0 0.0 -1.826 0.14142 991.0 1.6161 12.0 
0.14541 81.45815 59.0 285.0 2.0 45.0 0.0 -1.2929 0.0 -0.426 0.22361 999.0 1.4773 18.0 51.0 0.1071 0.0 0.0 -0.726 0.22361 997.0 1.6604 15.0 55.0 1.6071 0.0 0.0 -1.126 0.22361 996.0 1.8174 14.0 52.0 3.0071 0.0 0.0 -1.726 0.22361 997.0 1.7261 15.0 49.0 4.4071 0.0 0.0 -2.226 0.22361 998.0 1.6349 16.0 
0.07354 180.26231 62.0 909.0 2.0 62.0 0.0 -0.6929 2.974 0.0 0.42426 995.0 2.1812 13.0 65.0 1.0071 0.0 1.274 0.0 0.42426 994.0 2.2712 13.0 64.0 2.7071 0.0 0.0 -0.126 0.28284 993.0 2.0918 12.0 64.0 4.1071 0.0 0.0 -0.926 0.2 991.0 1.9016 11.0 66.0 5.3071 0.0 0.0 -1.026 0.1 988.0 1.7796 10.0 
0.10845 305.74297 54.0 3564.0 2.0 84.0 1.3071 0.0 2.474 0.0 0.14142 975.0 1.8965 12.0 86.0 2.1071 0.0 1.774 0.0 0.22361 974.0 1.9369 12.0 89.0 3.0071 0.0 0.874 0.0 0.22361 973.0 2.0226 12.0 89.0 4.0071 0.0 0.0 -0.226 0.22361 975.0 2.129 12.0 87.0 5.1071 0.0 0.0 -1.526 0.36056 977.0 2.1474 13.0 
0.2062 42.04636 59.0 3052.0 2.0 57.0 0.0 -2.1929 0.674 0.0 0.36056 996.0 1.952 11.0 66.0 0.0 -0.1929 0.0 -0.326 0.31623 991.0 2.0223 9.0 78.0 1.7071 0.0 0.0 -1.026 0.41231 985.0 2.2193 10.0 96.0 3.5071 0.0 0.0 -1.426 0.2 970.0 2.1891 7.0 104.0 4.9071 0.0 0.0 -1.426 0.3 961.0 2.1245 6.0 
0.15478 162.56959 39.0 82.0 2.0 62.0 0.0 -3.2929 1.774 0.0 0.70711 1000.0 2.5 16.0 67.0 0.5071 0.0 1.374 0.0 0.60828 999.0 2.5 14.0 69.0 4.0071 0.0 0.374 0.0 0.53852 998.0 2.5 16.0 71.0 6.9071 0.0 0.0 -0.526 0.53852 994.0 2.5 13.0 72.0 9.4071 0.0 0.0 -1.526 0.44721 993.0 2.5 12.0 
0.09003 145.46449 48.0 3333.0 2.0 54.0 0.0 -2.5929 2.674 0.0 0.5831 1002.0 2.5 26.0 52.0 0.3071 0.0 1.274 0.0 0.53852 1002.0 2.5 23.0 51.0 2.9071 0.0 0.074 0.0 0.41231 1001.0 2.2138 21.0 47.0 5.1071 0.0 0.0 -0.626 0.36056 1001.0 1.8802 21.0 42.0 6.9071 0.0 0.0 -1.226 0.22361 1001.0 1.5014 21.0 
0.2012 25.09838 84.0 1045.0 2.0 53.0 0.0 -1.7929 2.274 0.0 0.5831 1000.0 2.207 13.0 47.0 0.0071 0.0 0.0 -0.226 0.42426 1000.0 1.7355 12.0 43.0 1.4071 0.0 0.0 -1.826 0.31623 999.0 1.3489 15.0 43.0 2.6071 0.0 0.0 -2.726 0.22361 998.0 1.259 13.0 45.0 3.6071 0.0 0.0 -3.326 0.22361 995.0 1.149 12.0 
0.14603 41.06496 64.0 3670.0 2.0 52.0 0.0 -2.4929 1.474 0.0 0.5 999.0 1.9727 11.0 56.0 0.0 -0.2929 0.0 -0.226 0.42426 997.0 2.0019 9.0 59.0 1.7071 0.0 0.0 -1.826 0.42426 996.0 2.0914 11.0 65.0 3.4071 0.0 0.0 -3.226 0.36056 991.0 1.9615 9.0 75.0 4.8071 0.0 0.0 -4.326 0.31623 983.0 1.9151 8.0 
0.15609 218.1766 104.0 1982.0 2.0 51.0 0.0 -1.0929 1.874 0.0 0.1 994.0 1.3982 13.0 52.0 0.0 -0.5929 1.874 0.0 0.14142 992.0 1.3151 12.0 53.0 0.0 -0.1929 2.174 0.0 0.1 991.0 1.3041 11.0 56.0 0.1071 0.0 2.574 0.0 0.14142 990.0 1.3926 11.0 57.0 0.4071 0.0 2.974 0.0 0.14142 990.0 1.4428 11.0 
0.0372 284.57652 46.0 478.0 2.0 55.0 0.0 -0.9929 4.174 0.0 0.56569 1001.0 2.5 22.0 55.0 1.5071 0.0 2.074 0.0 0.5 1001.0 2.5 21.0 52.0 3.8071 0.0 0.274 0.0 0.44721 1001.0 2.3015 20.0 47.0 5.7071 0.0 0.0 -1.126 0.31623 1001.0 1.8802 20.0 44.0 7.3071 0.0 0.0 -2.026 0.28284 1001.0 1.6478 20.0 
0.04067 312.74644 74.0 1427.0 2.0 48.0 0.4071 0.0 3.174 0.0 0.36056 1000.0 1.8102 19.0 45.0 1.9071 0.0 2.074 0.0 0.22361 1000.0 1.591 19.0 41.0 3.2071 0.0 1.074 0.0 0.14142 1001.0 1.4308 20.0 36.0 4.1071 0.0 0.274 0.0 0.28284 1001.0 1.1031 21.0 31.0 4.8071 0.0 0.0 -0.426 0.14142 1002.0 1.0 22.0 
0.05384 232.74735 57.0 2152.0 2.0 44.0 0.0 -0.6929 2.374 0.0 0.3 999.0 1.4124 17.0 47.0 0.7071 0.0 1.974 0.0 0.31623 999.0 1.6116 17.0 49.0 2.4071 0.0 1.574 0.0 0.31623 999.0 1.7517 17.0 47.0 4.0071 0.0 1.174 0.0 0.3 999.0 1.6116 18.0 44.0 5.5071 0.0 1.074 0.0 0.2 1000.0 1.5211 18.0 
0.15459 17.37652 61.0 2067.0 2.0 43.0 0.0 -1.4929 1.674 0.0 0.42426 1001.0 1.5738 13.0 42.0 0.0 -0.0929 0.0 -0.126 0.36056 1000.0 1.3859 12.0 43.0 1.3071 0.0 0.0 -1.626 0.28284 999.0 1.3489 11.0 46.0 2.6071 0.0 0.0 -2.826 0.28284 999.0 1.5437 14.0 49.0 3.8071 0.0 0.0 -3.826 0.22361 996.0 1.4425 12.0 
0.09643 232.74735 46.0 982.0 2.0 86.0 0.0 -2.6929 3.374 0.0 0.67082 992.0 2.5 12.0 85.0 0.7071 0.0 1.974 0.0 0.63246 991.0 2.5 11.0 82.0 3.6071 0.0 0.774 0.0 0.44721 989.0 2.5 10.0 78.0 5.8071 0.0 0.0 -0.326 0.36056 987.0 2.39 10.0 76.0 7.3071 0.0 0.0 -1.126 0.22361 984.0 2.0343 9.0 
0.06302 225.1223 47.0 1048.0 2.0 50.0 0.0 -2.3929 0.0 -2.326 0.4 1001.0 2.1279 12.0 50.0 0.0 -0.0929 0.0 -2.026 0.4 1000.0 1.9642 10.0 55.0 2.1071 0.0 0.0 -1.626 0.41231 998.0 2.0598 12.0 63.0 4.3071 0.0 0.0 -1.326 0.4 996.0 2.3846 10.0 66.0 6.5071 0.0 0.0 -1.526 0.4 994.0 2.3416 9.0 
0.08638 171.21175 112.0 1012.0 2.0 60.0 0.7071 0.0 1.774 0.0 0.14142 990.0 1.5987 11.0 60.0 1.1071 0.0 1.074 0.0 0.1 988.0 1.4708 10.0 63.0 1.5071 0.0 0.774 0.0 0.14142 987.0 1.5592 10.0 66.0 2.1071 0.0 0.574 0.0 0.1 986.0 1.6478 10.0 66.0 2.9071 0.0 0.574 0.0 0.1 986.0 1.6478 10.0 
0.16818 180.46314 75.0 3218.0 2.0 72.0 0.0 -1.1929 2.074 0.0 0.3 987.0 2.0365 10.0 87.0 0.4071 0.0 1.574 0.0 0.31623 977.0 2.1474 8.0 98.0 1.9071 0.0 1.174 0.0 0.31623 968.0 2.1798 7.0 101.0 3.2071 0.0 1.074 0.0 0.2 962.0 2.0429 6.0 98.0 4.2071 0.0 1.274 0.0 0.2 964.0 2.0019 6.0 
0.30546 92.73958 66.0 3194.0 2.0 90.0 0.0 -1.5929 2.074 0.0 0.44721 982.0 2.5 12.0 102.0 0.6071 0.0 0.574 0.0 0.36056 972.0 2.5 9.0 99.0 2.3071 0.0 0.0 -0.526 0.22361 970.0 2.328 9.0 99.0 3.7071 0.0 0.0 -1.226 0.22361 967.0 2.1762 9.0 102.0 4.8071 0.0 0.0 -1.626 0.2 961.0 2.0435 8.0 
0.44934 24.41152 50.0 412.0 2.0 57.0 0.0 -2.4929 0.074 0.0 0.5 1000.0 2.5 15.0 54.0 0.2071 0.0 0.074 0.0 0.31623 998.0 1.9855 14.0 58.0 2.3071 0.0 0.0 -0.526 0.41231 997.0 2.1474 15.0 65.0 4.3071 0.0 0.0 -1.226 0.31623 993.0 2.1576 12.0 68.0 6.2071 0.0 0.0 -1.826 0.3 990.0 2.0534 11.0 
0.19862 22.67945 64.0 2440.0 2.0 39.0 0.0 -1.0929 0.874 0.0 0.22361 999.0 1.1096 11.0 41.0 0.1071 0.0 0.174 0.0 0.28284 999.0 1.2264 15.0 44.0 1.3071 0.0 0.0 -0.526 0.14142 997.0 1.2359 13.0 51.0 2.4071 0.0 0.0 -1.026 0.31623 995.0 1.4759 11.0 61.0 3.7071 0.0 0.0 -1.626 0.2 989.0 1.5836 9.0 
0.06654 156.56692 67.0 458.0 2.0 43.0 0.0 -0.4929 2.374 0.0 0.36056 1001.0 1.5738 17.0 44.0 1.1071 0.0 0.874 0.0 0.36056 1000.0 1.5211 16.0 45.0 2.7071 0.0 0.0 -0.526 0.28284 999.0 1.4773 11.0 47.0 4.0071 0.0 0.0 -1.926 0.36056 998.0 1.5041 12.0 51.0 5.3071 0.0 0.0 -3.326 0.22361 996.0 1.5627 12.0 
0.07653 227.10248 54.0 1560.0 2.0 71.0 0.0 -0.7929 3.374 0.0 0.42426 995.0 2.5 13.0 69.0 1.3071 0.0 1.574 0.0 0.42426 994.0 2.5 13.0 68.0 3.2071 0.0 0.0 -0.026 0.36056 993.0 2.3614 12.0 67.0 4.7071 0.0 0.0 -1.426 0.36056 991.0 2.0841 11.0 68.0 6.1071 0.0 0.0 -2.626 0.28284 990.0 2.0534 11.0 
0.06622 201.6857 58.0 436.0 2.0 51.0 0.0 -1.8929 1.474 0.0 0.2 995.0 1.4759 15.0 63.0 0.0 -0.3929 1.774 0.0 0.22361 992.0 1.9304 16.0 76.0 1.3071 0.0 1.974 0.0 0.31623 985.0 2.1069 13.0 88.0 3.0071 0.0 1.674 0.0 0.31623 978.0 2.2599 11.0 96.0 4.8071 0.0 1.274 0.0 0.22361 971.0 2.2412 9.0 
0.45928 32.11459 71.0 2457.0 2.0 62.0 0.0 -1.9929 0.774 0.0 0.36056 995.0 2.1812 18.0 67.0 0.0 -0.0929 0.274 0.0 0.2 991.0 2.0841 15.0 69.0 1.3071 0.0 0.274 0.0 0.2 988.0 1.9451 13.0 70.0 2.6071 0.0 0.074 0.0 0.22361 986.0 1.8536 13.0 71.0 3.7071 0.0 0.0 -0.226 0.22361 985.0 1.8388 12.0 
0.06528 241.31529 56.0 681.0 2.0 49.0 0.0 -1.2929 2.474 0.0 0.22361 998.0 1.6349 16.0 55.0 0.0071 0.0 2.174 0.0 0.2 995.0 1.7165 13.0 59.0 1.3071 0.0 2.074 0.0 0.2 993.0 1.7777 12.0 64.0 2.7071 0.0 2.074 0.0 0.2 991.0 1.9016 11.0 69.0 4.1071 0.0 2.174 0.0 0.31623 989.0 2.0261 10.0 
0.08839 174.71578 125.0 2046.0 2.0 68.0 0.0 -1.1929 1.674 0.0 0.2 985.0 1.6867 8.0 86.0 0.0071 0.0 1.574 0.0 0.22361 974.0 1.9369 8.0 107.0 1.0071 0.0 1.974 0.0 0.2 955.0 2.0162 6.0 114.0 1.8071 0.0 2.774 0.0 0.22361 948.0 2.0421 5.0 110.0 2.3071 0.0 3.874 0.0 0.2 952.0 2.026 6.0 
0.25075 77.21057 46.0 81.0 2.0 60.0 0.0 -3.4929 0.474 0.0 0.5 999.0 2.5 14.0 66.0 0.0 -0.3929 0.574 0.0 0.60828 998.0 2.5 16.0 70.0 2.5071 0.0 0.874 0.0 0.5 994.0 2.5 13.0 70.0 4.9071 0.0 1.074 0.0 0.4 992.0 2.3832 12.0 70.0 7.0071 0.0 1.274 0.0 0.3 991.0 2.2749 11.0 
0.27731 62.69156 45.0 2192.0 2.0 63.0 0.0 -2.0929 3.374 0.0 0.64031 1000.0 2.5 12.0 57.0 0.3071 0.0 0.474 0.0 0.5831 1000.0 2.5 15.0 56.0 2.2071 0.0 0.0 -1.926 0.5 998.0 2.1353 13.0 63.0 4.2071 0.0 0.0 -4.026 0.64031 996.0 2.3846 12.0 75.0 6.8071 0.0 0.0 -6.226 0.64031 994.0 2.5 13.0 
0.02659 296.57626 53.0 4139.0 2.0 54.0 0.0 -3.3929 0.0 -2.526 0.5 998.0 1.9855 10.0 59.0 0.0 -0.4929 0.0 -2.626 0.41231 997.0 2.2221 13.0 56.0 1.5071 0.0 0.0 -3.426 0.31623 995.0 1.7795 11.0 64.0 3.3071 0.0 0.0 -4.226 0.31623 990.0 1.8189 9.0 80.0 5.2071 0.0 0.0 -5.026 0.31623 982.0 2.1086 9.0 
0.07928 195.01871 77.0 2936.0 2.0 57.0 0.4071 0.0 2.174 0.0 0.22361 994.0 1.7465 13.0 54.0 1.3071 0.0 1.174 0.0 0.22361 995.0 1.6546 13.0 52.0 2.2071 0.0 0.474 0.0 0.14142 995.0 1.5343 13.0 50.0 3.0071 0.0 0.074 0.0 0.14142 995.0 1.4186 13.0 50.0 3.9071 0.0 0.0 -0.226 0.1 996.0 1.502 14.0 
0.11668 116.57888 111.0 479.0 2.0 52.0 0.0 -1.3929 0.874 0.0 0.2 995.0 1.5343 14.0 56.0 0.0 -0.3929 0.974 0.0 0.22361 993.0 1.6015 12.0 57.0 0.5071 0.0 1.274 0.0 0.1 991.0 1.5084 11.0 57.0 1.2071 0.0 1.474 0.0 0.14142 991.0 1.5084 11.0 57.0 1.8071 0.0 1.874 0.0 0.0 990.0 1.4428 11.0 
0.02319 293.6286 42.0 2926.0 2.0 62.0 0.0 -0.9929 5.174 0.0 0.64031 1001.0 2.5 20.0 60.0 1.5071 0.0 2.174 0.0 0.64031 1001.0 2.5 20.0 55.0 4.0071 0.0 0.0 -0.126 0.56569 1001.0 2.5 21.0 49.0 6.2071 0.0 0.0 -2.026 0.42426 1002.0 2.2294 22.0 46.0 8.2071 0.0 0.0 -3.726 0.42426 1002.0 1.9647 24.0 
0.07417 236.14911 86.0 3566.0 2.0 63.0 0.5071 0.0 2.374 0.0 0.14142 987.0 1.5592 10.0 66.0 1.0071 0.0 1.874 0.0 0.1 985.0 1.589 9.0 69.0 1.6071 0.0 1.774 0.0 0.1 983.0 1.6209 9.0 71.0 2.2071 0.0 1.974 0.0 0.2 983.0 1.7162 9.0 71.0 2.9071 0.0 2.274 0.0 0.14142 983.0 1.7162 9.0 
0.09419 82.03842 58.0 511.0 2.0 66.0 0.0 -3.0929 1.174 0.0 0.64031 999.0 2.5 14.0 62.0 0.0 -0.3929 0.0 -0.626 0.53852 998.0 2.5 16.0 66.0 2.0071 0.0 0.0 -1.226 0.3 994.0 2.3416 13.0 69.0 3.8071 0.0 0.0 -0.826 0.28284 990.0 2.1142 11.0 70.0 5.1071 0.0 0.374 0.0 0.22361 989.0 2.0853 10.0 
0.03392 262.29294 74.0 3469.0 2.0 51.0 0.0 -2.6929 0.0 -1.526 0.41231 997.0 1.6604 13.0 57.0 0.0 -0.7929 0.0 -2.226 0.31623 994.0 1.7465 11.0 63.0 1.0071 0.0 0.0 -2.726 0.3 989.0 1.6891 9.0 78.0 2.5071 0.0 0.0 -2.526 0.31623 979.0 1.8277 9.0 91.0 3.8071 0.0 0.0 -1.826 0.28284 971.0 2.0138 10.0 
0.20342 47.29257 77.0 2274.0 2.0 52.0 0.0 -1.4929 0.0 -0.026 0.2 997.0 1.7261 15.0 61.0 0.0071 0.0 0.0 -0.426 0.2 993.0 1.9003 12.0 67.0 1.4071 0.0 0.0 -0.426 0.22361 989.0 1.9104 11.0 68.0 2.7071 0.0 0.074 0.0 0.14142 988.0 1.8891 10.0 68.0 3.6071 0.0 0.974 0.0 0.28284 988.0 1.8891 10.0 
0.08536 175.36688 342.0 2824.0 2.0 58.0 0.0 -0.0929 4.074 0.0 0.63246 1001.0 2.5 17.0 56.0 1.5071 0.0 0.474 0.0 0.5831 1000.0 2.4639 16.0 54.0 3.2071 0.0 0.0 -2.326 0.5 999.0 2.1274 14.0 54.0 4.8071 0.0 0.0 -4.326 0.36056 997.0 1.8615 12.0 55.0 6.1071 0.0 0.0 -5.726 0.28284 996.0 1.8174 14.0 
0.03859 260.90683 139.0 2908.0 2.0 51.0 1.2071 0.0 2.274 0.0 0.22361 994.0 1.3982 10.0 51.0 1.9071 0.0 1.374 0.0 0.22361 994.0 1.3982 10.0 51.0 2.6071 0.0 0.674 0.0 0.14142 994.0 1.3982 10.0 51.0 3.2071 0.0 0.074 0.0 0.14142 993.0 1.3283 9.0 52.0 3.7071 0.0 0.0 -0.226 0.1 991.0 1.2554 9.0 
0.07722 196.48588 62.0 2697.0 2.0 64.0 0.0 -0.6929 3.674 0.0 0.64031 997.0 2.5 17.0 63.0 1.4071 0.0 1.074 0.0 0.5 996.0 2.3846 15.0 65.0 3.3071 0.0 0.0 -0.826 0.36056 992.0 2.0549 13.0 69.0 4.6071 0.0 0.0 -2.226 0.22361 988.0 1.9451 14.0 82.0 5.6071 0.0 0.0 -3.026 0.22361 977.0 1.9077 10.0 
0.04727 250.0243 78.0 1785.0 2.0 51.0 0.5071 0.0 2.574 0.0 0.22361 996.0 1.5627 14.0 52.0 1.5071 0.0 1.674 0.0 0.28284 996.0 1.6246 14.0 52.0 2.6071 0.0 0.774 0.0 0.14142 996.0 1.6246 14.0 51.0 3.5071 0.0 0.174 0.0 0.22361 995.0 1.4759 14.0 50.0 4.4071 0.0 0.0 -0.126 0.1 995.0 1.4186 13.0 
0.17057 118.12228 55.0 547.0 2.0 75.0 0.0 -0.8929 1.974 0.0 0.28284 985.0 2.0519 9.0 82.0 0.6071 0.0 0.874 0.0 0.36056 983.0 2.2892 9.0 80.0 2.3071 0.0 0.0 -0.326 0.28284 984.0 2.2541 9.0 73.0 3.8071 0.0 0.0 -1.326 0.36056 988.0 2.1772 10.0 64.0 5.3071 0.0 0.0 -2.026 0.22361 992.0 1.9922 11.0 
0.0484 142.73178 79.0 3135.0 2.0 62.0 0.0 -0.4929 2.174 0.0 0.28284 992.0 1.8696 12.0 65.0 0.7071 0.0 1.074 0.0 0.36056 991.0 1.9615 11.0 65.0 1.9071 0.0 0.074 0.0 0.22361 990.0 1.8762 11.0 63.0 2.8071 0.0 0.0 -0.626 0.1 989.0 1.6891 10.0 65.0 3.7071 0.0 0.0 -1.026 0.1 987.0 1.6597 10.0 
0.02877 273.42719 58.0 3586.0 2.0 89.0 0.0 -0.0929 4.074 0.0 0.5 986.0 2.5 10.0 84.0 1.8071 0.0 1.674 0.0 0.42426 986.0 2.5 10.0 82.0 3.4071 0.0 0.0 -0.226 0.42426 984.0 2.3682 9.0 82.0 4.7071 0.0 0.0 -1.726 0.28284 981.0 2.1462 9.0 78.0 5.7071 0.0 0.0 -2.726 0.22361 980.0 1.883 8.0 
0.07068 272.11954 82.0 3112.0 2.0 85.0 0.0 -0.1929 2.974 0.0 0.36056 979.0 2.1704 8.0 93.0 1.3071 0.0 2.074 0.0 0.22361 972.0 2.1546 7.0 98.0 2.6071 0.0 1.574 0.0 0.22361 966.0 2.0871 7.0 99.0 3.7071 0.0 1.274 0.0 0.2 963.0 2.0021 6.0 98.0 4.7071 0.0 1.074 0.0 0.14142 963.0 1.9619 6.0 
0.14218 115.31113 126.0 4255.0 2.0 28.0 0.0 -0.5929 1.074 0.0 0.1 1000.0 1.0 16.0 29.0 0.0 -0.6929 0.774 0.0 0.1 1000.0 1.0 20.0 36.0 0.0 -0.6929 0.974 0.0 0.0 998.0 1.0 17.0 42.0 0.0 -0.4929 1.474 0.0 0.1 997.0 1.1261 15.0 46.0 0.0 -0.2929 2.174 0.0 0.1 996.0 1.2713 14.0 
0.03278 263.87963 43.0 3927.0 2.0 74.0 0.0 -0.6929 4.474 0.0 0.70711 997.0 2.5 16.0 77.0 2.0071 0.0 1.274 0.0 0.64031 995.0 2.5 13.0 77.0 4.3071 0.0 0.0 -1.526 0.56569 993.0 2.5 12.0 76.0 6.3071 0.0 0.0 -3.726 0.42426 990.0 2.5 11.0 73.0 7.9071 0.0 0.0 -5.326 0.36056 988.0 2.1772 10.0 
0.03087 263.87963 75.0 3868.0 2.0 77.0 0.4071 0.0 3.474 0.0 0.5 991.0 2.5 11.0 69.0 2.0071 0.0 1.274 0.0 0.42426 992.0 2.3156 12.0 62.0 3.4071 0.0 0.0 -0.426 0.36056 994.0 2.0664 13.0 59.0 4.5071 0.0 0.0 -1.926 0.28284 994.0 1.8713 13.0 66.0 5.5071 0.0 0.0 -3.226 0.28284 989.0 1.8538 11.0 
0.29712 42.77555 57.0 2402.0 2.0 36.0 0.0 -1.0929 0.174 0.0 0.1 1001.0 1.1031 21.0 40.0 0.0 -0.0929 0.374 0.0 0.22361 1000.0 1.2571 19.0 45.0 1.1071 0.0 1.374 0.0 0.36056 1000.0 1.591 18.0 50.0 2.4071 0.0 3.074 0.0 0.42426 1000.0 1.9642 18.0 51.0 4.1071 0.0 4.774 0.0 0.42426 1000.0 2.0435 19.0 
0.0477 211.70777 69.0 2881.0 2.0 40.0 2.0071 0.0 0.774 0.0 0.1 999.0 1.1673 16.0 38.0 1.9071 0.0 0.0 -0.026 0.1 999.0 1.0535 17.0 36.0 2.0071 0.0 0.0 -0.626 0.14142 1000.0 1.0182 18.0 34.0 2.2071 0.0 0.0 -1.026 0.14142 1000.0 1.0 18.0 32.0 2.4071 0.0 0.0 -1.326 0.1 1000.0 1.0 19.0 
0.14065 243.22596 66.0 1703.0 2.0 86.0 0.0 -1.3929 3.174 0.0 0.44721 986.0 2.5 13.0 80.0 0.7071 0.0 2.074 0.0 0.31623 985.0 2.3346 12.0 78.0 2.4071 0.0 1.574 0.0 0.2 981.0 1.9419 9.0 77.0 3.6071 0.0 1.374 0.0 0.2 979.0 1.7811 9.0 78.0 4.7071 0.0 1.374 0.0 0.1 978.0 1.7754 8.0 
0.12168 156.27706 53.0 1929.0 2.0 51.0 0.0 -1.9929 2.374 0.0 0.44721 1001.0 2.2138 22.0 51.0 0.3071 0.0 1.374 0.0 0.31623 1000.0 2.0435 19.0 53.0 2.2071 0.0 0.674 0.0 0.31623 999.0 2.0493 17.0 52.0 4.0071 0.0 0.0 -0.026 0.22361 998.0 1.8412 16.0 52.0 5.5071 0.0 0.0 -0.726 0.22361 998.0 1.8412 15.0 
0.05102 281.08844 48.0 2221.0 2.0 39.0 0.8071 0.0 2.974 0.0 0.28284 1000.0 1.195 21.0 42.0 1.8071 0.0 1.774 0.0 0.28284 999.0 1.2869 24.0 49.0 3.0071 0.0 0.774 0.0 0.28284 998.0 1.6349 21.0 55.0 4.4071 0.0 0.0 -0.326 0.36056 997.0 1.931 19.0 60.0 6.2071 0.0 0.0 -1.526 0.36056 996.0 2.1629 18.0 
0.25457 53.71602 52.0 399.0 2.0 59.0 0.0 -1.2929 0.974 0.0 0.31623 995.0 1.9752 14.0 66.0 0.3071 0.0 0.374 0.0 0.31623 991.0 2.0223 11.0 74.0 1.9071 0.0 0.0 -0.326 0.22361 986.0 2.0715 10.0 86.0 3.5071 0.0 0.0 -0.926 0.31623 979.0 2.2218 8.0 90.0 5.2071 0.0 0.0 -1.626 0.22361 976.0 2.236 8.0 
0.13256 309.79514 45.0 1228.0 2.0 111.0 0.0 -2.8929 4.174 0.0 0.67082 976.0 2.5 10.0 116.0 0.3071 0.0 2.774 0.0 0.5099 966.0 2.5 9.0 114.0 2.9071 0.0 2.274 0.0 0.31623 963.0 2.5 8.0 112.0 5.0071 0.0 2.074 0.0 0.41231 962.0 2.5 8.0 113.0 7.1071 0.0 1.774 0.0 0.3 960.0 2.4607 8.0 
0.45617 19.33007 75.0 3883.0 2.0 49.0 0.0 -0.6929 0.374 0.0 0.1 994.0 1.2907 14.0 58.0 0.0071 0.0 0.174 0.0 0.22361 989.0 1.4316 13.0 73.0 0.8071 0.0 0.074 0.0 0.1 982.0 1.7558 11.0 82.0 1.5071 0.0 0.074 0.0 0.2 976.0 1.8561 10.0 85.0 2.4071 0.0 0.174 0.0 0.1 973.0 1.8449 10.0 
0.02425 254.57763 55.0 116.0 2.0 59.0 0.3071 0.0 3.474 0.0 0.5 998.0 2.3703 16.0 56.0 1.9071 0.0 1.274 0.0 0.36056 998.0 2.1353 16.0 53.0 3.3071 0.0 0.0 -0.426 0.28284 998.0 1.9127 16.0 51.0 4.5071 0.0 0.0 -1.726 0.28284 997.0 1.6604 15.0 50.0 5.7071 0.0 0.0 -2.626 0.22361 997.0 1.5959 15.0 
0.08263 130.85513 80.0 3276.0 2.0 56.0 0.0 -1.2929 1.374 0.0 0.3 995.0 1.7795 14.0 61.0 0.1071 0.0 1.174 0.0 0.2 992.0 1.8098 12.0 65.0 1.4071 0.0 0.974 0.0 0.22361 989.0 1.798 11.0 67.0 2.6071 0.0 0.674 0.0 0.2 988.0 1.834 10.0 70.0 3.7071 0.0 0.574 0.0 0.1 985.0 1.7874 9.0 
0.07123 127.09216 56.0 297.0 2.0 46.0 0.0 -2.8929 0.874 0.0 0.42426 1001.0 1.801 19.0 48.0 0.0 -0.7929 0.0 -0.826 0.5 1000.0 1.8102 17.0 49.0 1.4071 0.0 0.0 -2.226 0.44721 1000.0 1.8864 21.0 49.0 3.4071 0.0 0.0 -3.026 0.3 998.0 1.6349 18.0 52.0 5.1071 0.0 0.0 -3.326 0.31623 997.0 1.7261 18.0 
0.02698 254.57763 121.0 1515.0 2.0 68.0 0.6071 0.0 3.074 0.0 0.44721 992.0 2.249 15.0 66.0 1.9071 0.0 1.274 0.0 0.28284 991.0 2.0223 15.0 66.0 3.2071 0.0 0.074 0.0 0.28284 990.0 1.9344 14.0 67.0 4.3071 0.0 0.0 -0.826 0.22361 988.0 1.834 14.0 68.0 5.3071 0.0 0.0 -1.326 0.14142 986.0 1.7492 13.0 
0.30763 8.25172 106.0 2629.0 2.0 51.0 0.0 -1.4929 1.174 0.0 0.36056 998.0 1.7711 16.0 55.0 0.0071 0.0 0.074 0.0 0.22361 996.0 1.8174 14.0 54.0 1.3071 0.0 0.0 -0.726 0.14142 996.0 1.752 14.0 51.0 2.3071 0.0 0.0 -1.326 0.22361 996.0 1.5627 14.0 46.0 3.1071 0.0 0.0 -1.726 0.1 997.0 1.3508 14.0 
0.11125 233.99754 55.0 2038.0 2.0 84.0 0.0 -0.0929 2.874 0.0 0.42426 983.0 2.4023 12.0 85.0 1.5071 0.0 1.474 0.0 0.36056 981.0 2.3061 11.0 85.0 3.0071 0.0 0.474 0.0 0.28284 978.0 2.1084 11.0 94.0 4.3071 0.0 0.0 -0.426 0.22361 967.0 1.9619 7.0 113.0 5.5071 0.0 0.0 -1.326 0.22361 950.0 2.0701 6.0 
0.01778 242.9482 91.0 1998.0 2.0 72.0 1.1071 0.0 2.574 0.0 0.36056 987.0 2.0365 10.0 71.0 1.9071 0.0 1.074 0.0 0.28284 987.0 1.9803 10.0 70.0 2.8071 0.0 0.074 0.0 0.14142 985.0 1.7874 9.0 70.0 3.5071 0.0 0.0 -0.226 0.1 983.0 1.6682 9.0 73.0 4.1071 0.0 0.0 -0.126 0.0 980.0 1.6494 8.0 
0.04753 171.21175 45.0 3126.0 2.0 42.0 0.0 -0.7929 2.874 0.0 0.42426 1001.0 1.5014 18.0 50.0 1.1071 0.0 1.074 0.0 0.5 1000.0 1.9642 16.0 54.0 3.3071 0.0 0.0 -0.626 0.36056 999.0 2.1274 14.0 57.0 5.4071 0.0 0.0 -1.826 0.36056 998.0 2.2123 16.0 60.0 7.3071 0.0 0.0 -2.326 0.3 995.0 2.0427 13.0 
0.06903 135.31835 65.0 1322.0 2.0 39.0 0.0 -2.2929 0.074 0.0 0.31623 999.0 1.1096 12.0 43.0 0.0 -0.7929 0.0 -0.926 0.36056 999.0 1.3489 15.0 48.0 0.8071 0.0 0.0 -1.926 0.28284 997.0 1.4708 13.0 50.0 2.3071 0.0 0.0 -2.926 0.28284 996.0 1.502 12.0 54.0 3.5071 0.0 0.0 -3.726 0.22361 992.0 1.4182 10.0 
0.07994 152.12534 98.0 2097.0 2.0 55.0 0.0 -0.7929 1.774 0.0 0.31623 997.0 1.931 15.0 54.0 0.7071 0.0 1.174 0.0 0.31623 997.0 1.8615 14.0 52.0 2.2071 0.0 0.874 0.0 0.22361 997.0 1.7261 14.0 50.0 3.4071 0.0 0.574 0.0 0.2 997.0 1.5959 15.0 48.0 4.5071 0.0 0.474 0.0 0.2 997.0 1.4708 15.0 
0.14831 108.43208 43.0 1761.0 2.0 59.0 0.0 -1.6929 3.274 0.0 0.64031 1001.0 2.5 18.0 52.0 0.7071 0.0 0.674 0.0 0.5 1001.0 2.3015 17.0 50.0 3.0071 0.0 0.0 -0.226 0.4 1000.0 1.9642 15.0 54.0 5.3071 0.0 0.374 0.0 0.41231 998.0 1.9855 13.0 61.0 7.6071 0.0 0.574 0.0 0.41231 996.0 2.2356 15.0 
0.06974 171.69251 64.0 834.0 2.0 51.0 0.0071 0.0 2.274 0.0 0.28284 997.0 1.6604 15.0 53.0 1.0071 0.0 1.174 0.0 0.22361 996.0 1.6877 14.0 55.0 2.1071 0.0 0.174 0.0 0.22361 995.0 1.7165 13.0 57.0 3.2071 0.0 0.0 -0.626 0.28284 994.0 1.7465 13.0 59.0 4.3071 0.0 0.0 -1.326 0.14142 992.0 1.693 12.0 
0.10573 260.95971 59.0 72.0 2.0 39.0 0.9071 0.0 2.174 0.0 0.0 997.0 1.0 15.0 43.0 1.1071 0.0 2.074 0.0 0.1 996.0 1.1109 14.0 50.0 1.8071 0.0 1.874 0.0 0.1 995.0 1.4186 13.0 56.0 2.7071 0.0 1.374 0.0 0.22361 994.0 1.6858 13.0 62.0 3.9071 0.0 0.474 0.0 0.28284 992.0 1.8696 12.0 
0.01438 296.78557 57.0 4064.0 2.0 84.0 0.5071 0.0 3.374 0.0 0.42426 982.0 2.3248 9.0 83.0 1.9071 0.0 1.874 0.0 0.36056 982.0 2.2698 9.0 78.0 3.3071 0.0 0.874 0.0 0.22361 983.0 2.0713 9.0 72.0 4.4071 0.0 0.374 0.0 0.2 985.0 1.891 9.0 65.0 5.5071 0.0 0.374 0.0 0.2 989.0 1.798 10.0 
0.07712 234.69733 56.0 3037.0 2.0 67.0 0.0 -0.5929 4.974 0.0 0.80623 999.0 2.5 11.0 60.0 1.6071 0.0 1.374 0.0 0.5 999.0 2.5 14.0 56.0 3.1071 0.0 0.0 -1.226 0.36056 997.0 2.0019 12.0 58.0 4.4071 0.0 0.0 -2.926 0.28284 994.0 1.8084 10.0 66.0 5.6071 0.0 0.0 -4.026 0.28284 989.0 1.8538 11.0 
0.57477 61.62514 51.0 3615.0 2.0 41.0 0.0 -0.6929 0.0 -1.826 0.28284 1000.0 1.3207 19.0 54.0 0.5071 0.0 0.0 -0.226 0.36056 998.0 1.9855 16.0 62.0 2.0071 0.0 1.874 0.0 0.42426 996.0 2.3095 14.0 64.0 3.7071 0.0 3.774 0.0 0.42426 995.0 2.3242 13.0 66.0 5.5071 0.0 5.374 0.0 0.36056 995.0 2.4717 13.0 
0.10523 163.42753 56.0 3156.0 2.0 81.0 0.0 -0.9929 3.574 0.0 0.64031 990.0 2.5 11.0 81.0 1.0071 0.0 1.074 0.0 0.5 988.0 2.5 10.0 81.0 2.8071 0.0 0.0 -0.826 0.36056 985.0 2.3933 10.0 81.0 4.2071 0.0 0.0 -2.226 0.36056 982.0 2.1617 9.0 87.0 5.5071 0.0 0.0 -3.226 0.22361 976.0 2.0894 8.0 
0.0613 123.55085 78.0 1386.0 2.0 41.0 0.1071 0.0 2.174 0.0 0.31623 1000.0 1.3207 12.0 41.0 1.0071 0.0 0.474 0.0 0.28284 999.0 1.2264 11.0 42.0 1.9071 0.0 0.0 -0.926 0.22361 998.0 1.2011 14.0 42.0 2.7071 0.0 0.0 -2.126 0.22361 997.0 1.1261 13.0 44.0 3.6071 0.0 0.0 -2.926 0.22361 996.0 1.1632 12.0 
0.06588 141.25405 56.0 266.0 2.0 44.0 0.0 -2.2929 0.074 0.0 0.28284 1000.0 1.5211 13.0 43.0 0.0 -0.5929 0.0 -1.126 0.28284 999.0 1.3489 11.0 45.0 1.0071 0.0 0.0 -1.926 0.31623 999.0 1.4773 14.0 49.0 2.6071 0.0 0.0 -2.726 0.36056 997.0 1.5327 13.0 58.0 4.3071 0.0 0.0 -3.926 0.36056 994.0 1.8084 11.0 
0.12085 21.89443 117.0 1094.0 2.0 36.0 0.0 -0.3929 0.074 0.0 0.1 998.0 1.0 12.0 38.0 0.0 -0.0929 0.174 0.0 0.1 998.0 1.0 11.0 41.0 0.0071 0.0 0.574 0.0 0.1 997.0 1.0731 11.0 43.0 0.1071 0.0 1.274 0.0 0.1 997.0 1.1803 11.0 44.0 0.0071 0.0 1.974 0.0 0.1 997.0 1.2359 11.0 
0.06773 274.47556 50.0 339.0 2.0 87.0 0.0 -0.2929 3.874 0.0 0.56569 987.0 2.5 10.0 87.0 1.9071 0.0 1.574 0.0 0.42426 985.0 2.5 9.0 81.0 3.7071 0.0 0.0 -0.126 0.42426 985.0 2.3933 9.0 80.0 5.2071 0.0 0.0 -1.426 0.36056 983.0 2.1789 9.0 78.0 6.6071 0.0 0.0 -2.426 0.22361 983.0 2.0713 9.0 
0.1342 137.92644 68.0 4078.0 2.0 65.0 0.0 -1.3929 2.174 0.0 0.36056 994.0 2.2712 9.0 65.0 0.4071 0.0 1.174 0.0 0.31623 993.0 2.1576 9.0 60.0 2.0071 0.0 0.574 0.0 0.22361 993.0 1.8385 9.0 56.0 3.2071 0.0 0.274 0.0 0.2 994.0 1.6858 9.0 53.0 4.2071 0.0 0.174 0.0 0.2 995.0 1.5939 10.0 
0.10487 115.31113 66.0 869.0 2.0 47.0 0.0 -1.4929 0.0 -0.326 0.22361 997.0 1.4101 15.0 54.0 0.0 -0.6929 0.774 0.0 0.28284 995.0 1.6546 13.0 56.0 0.4071 0.0 1.574 0.0 0.22361 994.0 1.6858 13.0 60.0 1.7071 0.0 1.974 0.0 0.2 993.0 1.8385 12.0 64.0 3.2071 0.0 2.374 0.0 0.2 991.0 1.9016 12.0 
0.14198 89.16323 106.0 3694.0 2.0 33.0 0.3071 0.0 0.0 -0.926 0.1 998.0 1.0 10.0 39.0 0.6071 0.0 0.0 -0.526 0.14142 997.0 1.0 12.0 43.0 1.0071 0.0 0.0 -0.126 0.1 995.0 1.0492 11.0 52.0 1.5071 0.0 0.074 0.0 0.14142 992.0 1.3151 12.0 65.0 2.0071 0.0 0.374 0.0 0.1 985.0 1.5412 9.0 
0.10152 131.83447 80.0 2057.0 2.0 48.0 0.0 -0.4929 1.974 0.0 0.22361 998.0 1.5688 15.0 48.0 0.5071 0.0 1.074 0.0 0.22361 997.0 1.4708 15.0 47.0 1.5071 0.0 0.374 0.0 0.22361 997.0 1.4101 15.0 46.0 2.4071 0.0 0.0 -0.326 0.14142 998.0 1.4408 15.0 45.0 3.2071 0.0 0.0 -1.026 0.1 998.0 1.3789 16.0 
0.10525 97.07306 60.0 2584.0 2.0 45.0 0.0 -1.1929 1.574 0.0 0.44721 1001.0 1.7236 17.0 42.0 0.4071 0.0 0.774 0.0 0.31623 1000.0 1.3859 15.0 44.0 1.8071 0.0 0.574 0.0 0.2 999.0 1.4124 18.0 50.0 3.1071 0.0 0.774 0.0 0.3 997.0 1.5959 15.0 55.0 4.5071 0.0 1.074 0.0 0.22361 995.0 1.7165 14.0 
0.22756 85.49496 46.0 1270.0 2.0 58.0 0.0 -1.9929 1.974 0.0 0.53852 999.0 2.4542 14.0 61.0 0.6071 0.0 0.474 0.0 0.44721 998.0 2.5 17.0 64.0 2.9071 0.0 0.0 -0.926 0.5 996.0 2.4609 14.0 68.0 5.1071 0.0 0.0 -2.326 0.36056 994.0 2.4857 13.0 70.0 7.1071 0.0 0.0 -3.526 0.36056 992.0 2.3832 12.0 
0.33793 47.45382 76.0 798.0 2.0 50.0 0.0 -0.8929 0.574 0.0 0.2 996.0 1.502 19.0 58.0 0.2071 0.0 0.374 0.0 0.2 992.0 1.6361 15.0 62.0 1.2071 0.0 0.174 0.0 0.2 990.0 1.707 14.0 64.0 2.2071 0.0 0.0 -0.026 0.14142 989.0 1.7431 13.0 63.0 3.1071 0.0 0.0 -0.326 0.2 989.0 1.6891 14.0 
0.01877 292.53895 60.0 4200.0 2.0 68.0 0.9071 0.0 3.574 0.0 0.5 994.0 2.4857 13.0 63.0 2.3071 0.0 1.274 0.0 0.42426 995.0 2.2521 13.0 59.0 3.6071 0.0 0.0 -0.526 0.36056 995.0 1.9752 14.0 56.0 4.9071 0.0 0.0 -1.926 0.36056 996.0 1.8841 14.0 51.0 5.9071 0.0 0.0 -3.126 0.22361 996.0 1.5627 15.0 
0.02608 273.42719 62.0 540.0 2.0 65.0 0.7071 0.0 3.074 0.0 0.28284 993.0 2.1576 12.0 63.0 1.8071 0.0 1.674 0.0 0.22361 991.0 1.8426 11.0 64.0 2.8071 0.0 0.874 0.0 0.22361 989.0 1.7431 11.0 69.0 3.9071 0.0 0.474 0.0 0.14142 986.0 1.801 10.0 75.0 4.8071 0.0 0.174 0.0 0.2 981.0 1.7954 9.0 
0.05754 97.27973 75.0 518.0 2.0 43.0 0.0 -1.7929 0.274 0.0 0.36056 1001.0 1.5738 12.0 44.0 0.0 -0.2929 0.0 -0.826 0.22361 999.0 1.4124 10.0 47.0 1.2071 0.0 0.0 -1.326 0.2 997.0 1.4101 9.0 53.0 2.5071 0.0 0.0 -1.226 0.14142 995.0 1.5939 10.0 61.0 3.5071 0.0 0.0 -0.626 0.14142 991.0 1.7275 8.0 
0.60927 32.11459 56.0 3988.0 2.0 65.0 0.0 -2.9929 1.974 0.0 0.5831 999.0 2.5 17.0 67.0 0.0 -0.0929 0.274 0.0 0.5 997.0 2.5 15.0 66.0 2.5071 0.0 0.0 -1.126 0.44721 996.0 2.5 14.0 60.0 4.5071 0.0 0.0 -2.026 0.31623 996.0 2.1629 14.0 54.0 6.0071 0.0 0.0 -2.426 0.2 996.0 1.752 14.0 
0.03379 243.24116 46.0 3736.0 2.0 56.0 0.0 -0.6929 4.174 0.0 0.64031 1000.0 2.4639 12.0 57.0 1.7071 0.0 1.374 0.0 0.56569 999.0 2.3703 11.0 56.0 4.1071 0.0 0.0 -0.926 0.5 999.0 2.2879 14.0 55.0 6.0071 0.0 0.0 -2.726 0.42426 997.0 1.931 13.0 58.0 7.5071 0.0 0.0 -4.526 0.36056 994.0 1.8084 11.0 
0.06688 293.55348 65.0 3902.0 2.0 62.0 0.0 -0.9929 3.274 0.0 0.28284 993.0 1.9631 13.0 65.0 0.6071 0.0 2.574 0.0 0.2 991.0 1.9615 11.0 68.0 2.1071 0.0 2.574 0.0 0.3 989.0 1.9678 11.0 70.0 3.5071 0.0 3.074 0.0 0.22361 988.0 2.0019 10.0 73.0 4.8071 0.0 4.074 0.0 0.28284 987.0 2.0934 10.0 
0.05327 278.30705 67.0 170.0 2.0 64.0 0.0 -0.5929 2.774 0.0 0.14142 989.0 1.7431 10.0 68.0 0.4071 0.0 2.474 0.0 0.2 987.0 1.8165 10.0 69.0 1.6071 0.0 2.274 0.0 0.22361 988.0 1.9451 10.0 65.0 2.9071 0.0 1.874 0.0 0.31623 991.0 1.9615 11.0 57.0 4.2071 0.0 1.474 0.0 0.2 994.0 1.7465 12.0 
0.06409 216.33574 62.0 1589.0 2.0 96.0 0.0 -0.4929 2.674 0.0 0.28284 968.0 2.0918 7.0 100.0 0.8071 0.0 1.774 0.0 0.22361 963.0 2.0427 7.0 108.0 2.0071 0.0 1.274 0.0 0.22361 955.0 2.054 6.0 118.0 3.3071 0.0 0.774 0.0 0.22361 946.0 2.1226 5.0 126.0 4.6071 0.0 0.374 0.0 0.22361 937.0 2.1336 5.0 
0.02491 294.59924 43.0 3740.0 2.0 53.0 0.8071 0.0 3.774 0.0 0.44721 998.0 1.9127 15.0 53.0 2.2071 0.0 1.474 0.0 0.42426 997.0 1.7931 15.0 59.0 3.8071 0.0 0.0 -0.126 0.44721 995.0 1.9752 15.0 70.0 5.8071 0.0 0.0 -1.126 0.44721 991.0 2.2749 15.0 76.0 7.8071 0.0 0.0 -1.826 0.31623 987.0 2.269 13.0 
0.04697 112.86066 67.0 2441.0 2.0 47.0 0.0 -1.9929 0.574 0.0 0.36056 999.0 1.6116 10.0 47.0 0.0 -0.5929 0.0 -0.826 0.28284 998.0 1.5041 13.0 51.0 0.5071 0.0 0.0 -1.826 0.22361 995.0 1.4759 11.0 60.0 1.8071 0.0 0.0 -2.326 0.22361 990.0 1.5987 9.0 76.0 3.2071 0.0 0.0 -2.526 0.2 983.0 1.9665 9.0 
0.07021 165.42227 170.0 3561.0 2.0 40.0 0.5071 0.0 2.474 0.0 0.31623 1001.0 1.3618 23.0 37.0 1.2071 0.0 0.874 0.0 0.28284 1001.0 1.1652 22.0 34.0 2.0071 0.0 0.0 -0.226 0.14142 1001.0 1.0 22.0 31.0 2.6071 0.0 0.0 -0.726 0.1 1001.0 1.0 21.0 29.0 2.9071 0.0 0.0 -0.926 0.0 1000.0 1.0 20.0 
0.11113 208.12563 51.0 545.0 2.0 65.0 0.0 -1.0929 2.174 0.0 0.31623 990.0 1.8762 12.0 78.0 0.6071 0.0 1.774 0.0 0.41231 982.0 2.0045 9.0 91.0 2.5071 0.0 1.074 0.0 0.31623 974.0 2.1687 8.0 104.0 4.2071 0.0 0.274 0.0 0.31623 963.0 2.2094 7.0 126.0 5.9071 0.0 0.0 -0.226 0.3 940.0 2.2213 5.0 
0.12586 112.1609 75.0 2314.0 2.0 68.0 0.0 -1.1929 1.774 0.0 0.36056 992.0 2.249 9.0 67.0 0.5071 0.0 0.874 0.0 0.31623 991.0 2.0841 8.0 65.0 2.1071 0.0 0.174 0.0 0.22361 991.0 1.9615 8.0 62.0 3.3071 0.0 0.0 -0.326 0.2 991.0 1.7846 8.0 60.0 4.2071 0.0 0.0 -0.526 0.2 990.0 1.5987 8.0 
0.16669 221.74973 51.0 1786.0 2.0 62.0 0.0 -2.5929 2.174 0.0 0.5099 999.0 2.5 18.0 63.0 0.3071 0.0 1.974 0.0 0.5099 998.0 2.5 16.0 60.0 2.7071 0.0 1.274 0.0 0.41231 998.0 2.4513 15.0 54.0 4.7071 0.0 0.374 0.0 0.28284 998.0 1.9855 16.0 50.0 6.3071 0.0 0.0 -0.626 0.28284 999.0 1.8239 17.0 
0.02507 250.44036 62.0 253.0 2.0 46.0 0.0 -3.0929 0.0 -1.126 0.41231 1001.0 1.801 13.0 45.0 0.0 -0.9929 0.0 -2.026 0.44721 1000.0 1.591 12.0 45.0 0.9071 0.0 0.0 -2.826 0.31623 999.0 1.4773 11.0 46.0 2.6071 0.0 0.0 -3.226 0.2 999.0 1.5437 14.0 50.0 4.0071 0.0 0.0 -3.226 0.3 996.0 1.502 12.0 
0.04395 232.85955 57.0 558.0 2.0 66.0 0.2071 0.0 3.474 0.0 0.5831 997.0 2.5 15.0 59.0 1.9071 0.0 0.874 0.0 0.36056 997.0 2.2221 16.0 56.0 3.2071 0.0 0.0 -1.226 0.36056 996.0 1.8841 11.0 60.0 4.4071 0.0 0.0 -2.826 0.22361 994.0 1.9352 13.0 69.0 5.6071 0.0 0.0 -3.726 0.22361 988.0 1.9451 10.0 
0.04893 215.49518 63.0 3890.0 2.0 66.0 0.0 -0.8929 2.474 0.0 0.22361 991.0 2.0223 11.0 67.0 0.5071 0.0 1.874 0.0 0.2 989.0 1.9104 11.0 69.0 1.8071 0.0 1.674 0.0 0.22361 988.0 1.9451 10.0 70.0 3.1071 0.0 1.574 0.0 0.2 987.0 1.9249 10.0 71.0 4.3071 0.0 1.674 0.0 0.2 986.0 1.9069 10.0 
0.13224 72.7102 191.0 3644.0 2.0 48.0 0.0 -2.4929 0.0 -0.126 0.41231 1000.0 1.8102 12.0 49.0 0.0 -0.1929 0.0 -0.626 0.41231 999.0 1.7517 11.0 50.0 1.9071 0.0 0.0 -1.626 0.36056 999.0 1.8239 14.0 53.0 3.6071 0.0 0.0 -2.726 0.31623 996.0 1.6877 12.0 56.0 5.0071 0.0 0.0 -3.526 0.28284 994.0 1.6858 12.0 
0.13364 56.66943 59.0 1139.0 2.0 46.0 0.0 -1.9929 1.574 0.0 0.42426 999.0 1.5437 11.0 49.0 0.0 -0.3929 0.0 -0.326 0.36056 998.0 1.6349 14.0 53.0 1.3071 0.0 0.0 -1.826 0.36056 996.0 1.6877 12.0 57.0 2.9071 0.0 0.0 -3.026 0.36056 993.0 1.6592 11.0 64.0 4.4071 0.0 0.0 -3.926 0.22361 989.0 1.7431 11.0 
0.09204 300.00091 86.0 2175.0 2.0 43.0 0.0 -1.3929 2.674 0.0 0.2 999.0 1.3489 17.0 44.0 0.0 -0.3929 2.674 0.0 0.14142 998.0 1.3183 16.0 45.0 0.4071 0.0 2.974 0.0 0.2 998.0 1.3789 15.0 44.0 1.3071 0.0 3.174 0.0 0.2 998.0 1.3183 16.0 42.0 2.2071 0.0 3.174 0.0 0.22361 999.0 1.2869 17.0 
0.09063 174.71578 80.0 4241.0 2.0 54.0 0.0 -0.6929 1.774 0.0 0.1 993.0 1.4892 12.0 55.0 0.0071 0.0 1.574 0.0 0.1 992.0 1.4713 12.0 57.0 0.6071 0.0 1.574 0.0 0.1 991.0 1.5084 11.0 58.0 1.3071 0.0 1.574 0.0 0.14142 991.0 1.5618 11.0 57.0 1.9071 0.0 1.874 0.0 0.22361 992.0 1.5802 11.0 
0.16432 82.21395 53.0 4041.0 2.0 55.0 0.0 -1.8929 1.974 0.0 0.44721 999.0 2.2069 15.0 54.0 0.3071 0.0 0.674 0.0 0.36056 998.0 1.9855 13.0 57.0 2.1071 0.0 0.0 -0.626 0.36056 995.0 1.8436 11.0 65.0 3.8071 0.0 0.0 -1.826 0.42426 993.0 2.1576 12.0 75.0 5.5071 0.0 0.0 -3.226 0.28284 987.0 2.2097 10.0 
0.06717 232.11335 49.0 1937.0 2.0 78.0 0.0 -1.9929 4.474 0.0 0.84853 998.0 2.5 12.0 75.0 1.1071 0.0 1.774 0.0 0.5831 994.0 2.5 10.0 74.0 3.7071 0.0 0.074 0.0 0.36056 992.0 2.5 9.0 73.0 5.5071 0.0 0.0 -1.526 0.36056 989.0 2.2679 8.0 71.0 6.8071 0.0 0.0 -2.926 0.28284 988.0 2.0595 8.0 
0.10861 132.05205 69.0 2012.0 2.0 68.0 0.0071 0.0 1.974 0.0 0.28284 988.0 1.8891 13.0 75.0 0.8071 0.0 0.874 0.0 0.22361 982.0 1.8533 12.0 82.0 1.7071 0.0 0.274 0.0 0.14142 976.0 1.8561 10.0 89.0 2.5071 0.0 0.174 0.0 0.2 970.0 1.8815 9.0 100.0 3.4071 0.0 0.574 0.0 0.14142 961.0 1.9642 8.0 
0.28037 24.41152 57.0 3121.0 2.0 47.0 0.0 -1.2929 1.274 0.0 0.28284 999.0 1.6116 19.0 48.0 0.2071 0.0 0.074 0.0 0.28284 998.0 1.5688 13.0 51.0 1.7071 0.0 0.0 -1.126 0.42426 997.0 1.6604 12.0 57.0 3.3071 0.0 0.0 -2.526 0.28284 995.0 1.8436 12.0 67.0 4.8071 0.0 0.0 -3.726 0.31623 991.0 2.0841 11.0 
0.0718 260.95971 61.0 636.0 2.0 44.0 0.0071 0.0 2.874 0.0 0.22361 1000.0 1.5211 19.0 40.0 1.1071 0.0 2.074 0.0 0.22361 1000.0 1.2571 19.0 37.0 2.1071 0.0 1.474 0.0 0.22361 1001.0 1.1652 20.0 34.0 3.0071 0.0 1.074 0.0 0.14142 1001.0 1.0 21.0 31.0 3.7071 0.0 0.774 0.0 0.14142 1001.0 1.0 22.0 
0.09064 250.0243 53.0 1218.0 2.0 92.0 0.0 -1.1929 4.374 0.0 0.70711 989.0 2.5 11.0 86.0 1.5071 0.0 1.674 0.0 0.42426 988.0 2.5 10.0 80.0 3.5071 0.0 0.0 -0.226 0.42426 987.0 2.5 10.0 81.0 5.1071 0.0 0.0 -1.626 0.36056 983.0 2.2337 9.0 81.0 6.5071 0.0 0.0 -2.626 0.28284 981.0 2.0941 8.0 
0.09713 122.12656 83.0 1157.0 2.0 31.0 0.0 -1.2929 0.074 0.0 0.0 1000.0 1.0 15.0 37.0 0.0 -0.9929 0.474 0.0 0.1 998.0 1.0 17.0 44.0 0.0 -0.6929 1.074 0.0 0.1 996.0 1.1632 15.0 48.0 0.0 -0.3929 1.874 0.0 0.14142 996.0 1.3843 14.0 51.0 0.1071 0.0 2.674 0.0 0.14142 995.0 1.4759 13.0 
0.2949 45.79963 49.0 1044.0 2.0 58.0 0.0 -3.7929 2.074 0.0 0.72111 1001.0 2.5 18.0 62.0 0.0 -0.3929 0.0 -0.126 0.5831 1000.0 2.5 16.0 57.0 2.6071 0.0 0.0 -1.626 0.5 999.0 2.3703 14.0 51.0 4.8071 0.0 0.0 -2.826 0.31623 998.0 1.7711 14.0 50.0 6.5071 0.0 0.0 -3.426 0.2 997.0 1.5959 16.0 
0.04769 291.14152 52.0 3702.0 2.0 76.0 0.0071 0.0 3.374 0.0 0.28284 982.0 1.903 9.0 91.0 1.3071 0.0 2.274 0.0 0.22361 973.0 2.1145 8.0 105.0 2.8071 0.0 1.274 0.0 0.28284 963.0 2.2521 7.0 120.0 4.4071 0.0 0.274 0.0 0.28284 948.0 2.2627 6.0 128.0 5.9071 0.0 0.0 -0.526 0.31623 938.0 2.2312 5.0 
0.0678 229.08438 41.0 1812.0 2.0 68.0 0.0 -1.8929 4.574 0.0 0.78102 999.0 2.5 11.0 65.0 1.2071 0.0 1.674 0.0 0.64031 999.0 2.5 14.0 64.0 3.8071 0.0 0.0 -0.526 0.5 996.0 2.4609 12.0 67.0 6.1071 0.0 0.0 -2.026 0.44721 993.0 2.2925 10.0 73.0 8.4071 0.0 0.0 -3.326 0.44721 990.0 2.3665 9.0 
0.08812 32.98146 64.0 3579.0 2.0 42.0 0.0 -1.2929 1.574 0.0 0.36056 1000.0 1.3859 13.0 42.0 0.0 -0.1929 0.0 -0.226 0.36056 999.0 1.2869 11.0 42.0 0.8071 0.0 0.0 -1.726 0.28284 998.0 1.2011 12.0 46.0 1.9071 0.0 0.0 -2.926 0.22361 997.0 1.3508 13.0 53.0 3.2071 0.0 0.0 -3.826 0.28284 994.0 1.51 11.0 
0.19458 69.94114 275.0 3487.0 2.0 58.0 0.0 -1.1929 2.074 0.0 0.42426 997.0 2.1474 14.0 62.0 0.5071 0.0 0.374 0.0 0.36056 994.0 2.0664 13.0 61.0 1.9071 0.0 0.0 -0.626 0.31623 992.0 1.8098 12.0 60.0 3.0071 0.0 0.0 -0.926 0.2 991.0 1.6713 11.0 59.0 3.8071 0.0 0.0 -0.726 0.0 989.0 1.4814 11.0 
0.1271 144.57836 58.0 1891.0 2.0 47.0 0.0 -0.1929 0.0 -1.926 0.28284 999.0 1.6116 18.0 50.0 1.0071 0.0 0.0 -0.826 0.22361 997.0 1.5959 15.0 51.0 1.9071 0.0 0.174 0.0 0.28284 996.0 1.5627 14.0 53.0 2.8071 0.0 1.174 0.0 0.22361 995.0 1.5939 13.0 54.0 3.9071 0.0 1.674 0.0 0.22361 995.0 1.6546 13.0 
0.03174 281.08844 60.0 4088.0 2.0 58.0 0.5071 0.0 3.274 0.0 0.28284 996.0 2.0211 14.0 57.0 1.8071 0.0 1.774 0.0 0.28284 996.0 1.952 14.0 55.0 3.0071 0.0 0.574 0.0 0.28284 996.0 1.8174 14.0 53.0 4.0071 0.0 0.0 -0.326 0.22361 995.0 1.5939 13.0 53.0 5.0071 0.0 0.0 -0.926 0.1 995.0 1.5939 13.0 
0.02697 306.32393 51.0 918.0 2.0 58.0 0.0 -1.0929 4.374 0.0 0.56569 1001.0 2.5 22.0 56.0 1.4071 0.0 2.374 0.0 0.5831 1000.0 2.4639 20.0 52.0 3.9071 0.0 1.274 0.0 0.31623 1000.0 2.1245 19.0 46.0 5.7071 0.0 0.874 0.0 0.3 1000.0 1.6625 18.0 41.0 7.0071 0.0 1.074 0.0 0.1 1000.0 1.3207 18.0 
0.05001 297.91677 55.0 4215.0 2.0 46.0 0.0 -0.9929 0.0 -2.926 0.4 1001.0 1.801 17.0 44.0 0.9071 0.0 0.0 -2.526 0.31623 1000.0 1.5211 16.0 47.0 2.4071 0.0 0.0 -1.726 0.36056 999.0 1.6116 18.0 53.0 3.9071 0.0 0.0 -0.826 0.36056 997.0 1.7931 15.0 53.0 5.4071 0.0 0.0 -0.226 0.31623 997.0 1.7931 15.0 
0.07436 155.51597 71.0 989.0 2.0 53.0 0.3071 0.0 1.774 0.0 0.22361 994.0 1.51 10.0 52.0 1.0071 0.0 0.974 0.0 0.14142 993.0 1.3809 9.0 54.0 1.5071 0.0 0.674 0.0 0.1 990.0 1.2949 8.0 60.0 1.9071 0.0 0.674 0.0 0.0 987.0 1.4142 7.0 70.0 2.5071 0.0 1.074 0.0 0.14142 983.0 1.6682 7.0 
0.1357 207.37362 92.0 1464.0 2.0 47.0 2.3071 0.0 0.0 -1.526 0.31623 999.0 1.6116 13.0 47.0 1.8071 0.0 0.474 0.0 0.31623 999.0 1.6116 13.0 45.0 1.5071 0.0 2.174 0.0 0.22361 999.0 1.4773 13.0 40.0 1.3071 0.0 3.374 0.0 0.1 999.0 1.1673 13.0 36.0 1.4071 0.0 3.974 0.0 0.1 999.0 1.0 13.0 
0.02921 306.81947 139.0 3501.0 2.0 58.0 1.0071 0.0 2.974 0.0 0.22361 993.0 1.7179 12.0 58.0 1.7071 0.0 2.174 0.0 0.22361 991.0 1.5618 11.0 59.0 2.4071 0.0 1.774 0.0 0.1 990.0 1.5458 11.0 61.0 3.0071 0.0 1.674 0.0 0.1 988.0 1.5202 10.0 63.0 3.5071 0.0 1.774 0.0 0.1 986.0 1.5014 10.0 
0.04931 228.45802 107.0 2232.0 2.0 59.0 1.6071 0.0 2.074 0.0 0.31623 992.0 1.693 12.0 57.0 1.9071 0.0 0.774 0.0 0.22361 992.0 1.5802 12.0 56.0 2.4071 0.0 0.0 -0.126 0.1 991.0 1.4559 11.0 60.0 2.8071 0.0 0.0 -0.626 0.1 988.0 1.4708 10.0 72.0 3.3071 0.0 0.0 -0.626 0.14142 980.0 1.6045 9.0 
0.08612 108.91054 50.0 3340.0 2.0 56.0 0.0 -0.9929 3.274 0.0 0.67082 1000.0 2.4639 13.0 50.0 0.9071 0.0 0.374 0.0 0.5 999.0 1.8239 12.0 47.0 2.5071 0.0 0.0 -1.626 0.36056 998.0 1.5041 11.0 49.0 3.9071 0.0 0.0 -3.226 0.36056 997.0 1.5327 14.0 55.0 5.1071 0.0 0.0 -5.126 0.36056 995.0 1.7165 12.0 
0.1187 162.56959 73.0 910.0 2.0 72.0 0.0 -0.5929 1.674 0.0 0.22361 984.0 1.8258 12.0 74.0 0.5071 0.0 1.374 0.0 0.2 983.0 1.8643 12.0 77.0 1.7071 0.0 1.274 0.0 0.1 982.0 1.9535 11.0 80.0 2.7071 0.0 1.474 0.0 0.2 979.0 1.9226 11.0 87.0 3.7071 0.0 2.074 0.0 0.28284 974.0 1.9822 10.0 
0.13179 51.90795 68.0 1337.0 2.0 54.0 0.0 -2.1929 0.274 0.0 0.44721 997.0 1.8615 13.0 56.0 0.0 -0.1929 0.0 -0.426 0.36056 994.0 1.6858 11.0 61.0 1.4071 0.0 0.0 -1.026 0.31623 989.0 1.5836 9.0 73.0 2.8071 0.0 0.0 -1.526 0.2 982.0 1.7558 10.0 93.0 4.1071 0.0 0.0 -1.826 0.2 969.0 2.0077 9.0 
0.11988 112.1609 91.0 157.0 2.0 43.0 0.0 -0.4929 1.574 0.0 0.22361 999.0 1.3489 17.0 49.0 0.5071 0.0 0.874 0.0 0.22361 996.0 1.4425 14.0 53.0 1.4071 0.0 0.174 0.0 0.22361 994.0 1.51 13.0 54.0 2.3071 0.0 0.0 -0.526 0.14142 993.0 1.4892 13.0 56.0 3.0071 0.0 0.0 -1.026 0.1 992.0 1.5252 12.0 
0.09239 311.21214 157.0 3572.0 2.0 54.0 0.0 -0.1929 3.074 0.0 0.14142 992.0 1.4182 12.0 56.0 0.4071 0.0 2.774 0.0 0.1 991.0 1.4559 11.0 57.0 0.9071 0.0 2.774 0.0 0.0 990.0 1.4428 11.0 58.0 1.3071 0.0 2.674 0.0 0.1 989.0 1.4316 10.0 58.0 1.7071 0.0 2.774 0.0 0.0 988.0 1.3744 10.0 
0.06012 115.88136 49.0 2301.0 2.0 50.0 0.0 -2.6929 0.0 -0.826 0.4 1000.0 1.9642 12.0 51.0 0.0 -0.1929 0.0 -1.026 0.44721 999.0 1.8976 10.0 54.0 2.0071 0.0 0.0 -1.926 0.36056 997.0 1.8615 9.0 60.0 4.0071 0.0 0.0 -3.226 0.42426 995.0 2.0427 11.0 72.0 6.0071 0.0 0.0 -5.026 0.42426 990.0 2.3021 9.0 
0.12944 42.04636 61.0 4240.0 2.0 46.0 0.0 -1.8929 1.374 0.0 0.42426 1001.0 1.801 16.0 44.0 0.0 -0.1929 0.0 -0.326 0.36056 1001.0 1.6478 17.0 45.0 1.4071 0.0 0.0 -1.526 0.28284 999.0 1.4773 15.0 45.0 2.8071 0.0 0.0 -2.226 0.22361 998.0 1.3789 13.0 52.0 4.1071 0.0 0.0 -2.526 0.22361 996.0 1.6246 14.0 
0.06845 192.96022 95.0 3063.0 2.0 62.0 0.0 -1.3929 0.0 -2.026 0.31623 992.0 1.8696 13.0 71.0 0.2071 0.0 0.0 -1.726 0.2 984.0 1.7754 10.0 87.0 1.5071 0.0 0.0 -1.526 0.14142 974.0 1.9822 10.0 97.0 2.5071 0.0 0.0 -1.326 0.2 965.0 2.0021 9.0 103.0 3.4071 0.0 0.0 -1.326 0.22361 958.0 1.9701 8.0 
0.02878 297.06318 119.0 1493.0 2.0 63.0 0.7071 0.0 3.274 0.0 0.28284 993.0 2.0269 12.0 60.0 1.8071 0.0 1.974 0.0 0.28284 994.0 1.9352 12.0 56.0 2.8071 0.0 0.874 0.0 0.22361 994.0 1.6858 13.0 53.0 3.6071 0.0 0.0 -0.126 0.14142 995.0 1.5939 13.0 50.0 4.3071 0.0 0.0 -0.726 0.22361 995.0 1.4186 14.0 
0.06885 285.90003 71.0 1188.0 2.0 41.0 0.0 -1.3929 2.774 0.0 0.3 1001.0 1.4308 20.0 42.0 0.0 -0.0929 2.574 0.0 0.3 1000.0 1.3859 18.0 42.0 1.2071 0.0 2.474 0.0 0.2 1000.0 1.3859 18.0 41.0 2.2071 0.0 2.674 0.0 0.22361 999.0 1.2264 18.0 41.0 3.3071 0.0 2.974 0.0 0.1 999.0 1.2264 18.0 
0.92479 10.70814 65.0 3688.0 2.0 72.0 0.0 -1.6929 0.0 -0.426 0.31623 986.0 1.961 9.0 91.0 0.0 -0.0929 0.0 -0.026 0.31623 974.0 2.1687 8.0 99.0 1.4071 0.0 0.174 0.0 0.3 967.0 2.1762 7.0 98.0 2.8071 0.0 0.274 0.0 0.2 966.0 2.0871 7.0 99.0 4.0071 0.0 0.474 0.0 0.22361 964.0 2.043 7.0 
0.06822 190.00355 97.0 1680.0 2.0 36.0 1.8071 0.0 0.174 0.0 0.1 999.0 1.0 17.0 36.0 1.7071 0.0 0.0 -0.126 0.1 998.0 1.0 16.0 36.0 1.7071 0.0 0.0 -0.326 0.0 998.0 1.0 16.0 37.0 1.7071 0.0 0.0 -0.426 0.0 997.0 1.0 15.0 40.0 1.9071 0.0 0.0 -0.326 0.0 997.0 1.0214 15.0 
0.05151 297.06318 47.0 4197.0 2.0 60.0 0.2071 0.0 3.674 0.0 0.42426 996.0 2.1629 14.0 59.0 1.8071 0.0 1.974 0.0 0.42426 996.0 2.0914 14.0 59.0 3.3071 0.0 0.374 0.0 0.36056 996.0 2.0914 14.0 60.0 5.0071 0.0 0.0 -0.826 0.36056 996.0 2.1629 14.0 58.0 6.8071 0.0 0.0 -1.626 0.22361 995.0 1.9088 14.0 
0.0325 299.43032 50.0 80.0 2.0 47.0 0.0 -1.2929 3.374 0.0 0.41231 1000.0 1.7355 16.0 52.0 0.8071 0.0 2.574 0.0 0.4 999.0 1.9727 18.0 55.0 2.8071 0.0 2.274 0.0 0.31623 997.0 1.931 15.0 56.0 4.5071 0.0 1.974 0.0 0.3 996.0 1.8841 14.0 57.0 6.2071 0.0 1.774 0.0 0.3 996.0 1.952 14.0 
0.13491 123.80289 98.0 450.0 2.0 44.0 0.0 -1.2929 0.374 0.0 0.14142 997.0 1.2359 15.0 51.0 0.0 -0.6929 0.874 0.0 0.14142 994.0 1.3982 13.0 51.0 0.0 -0.0929 1.374 0.0 0.14142 994.0 1.3982 13.0 51.0 0.4071 0.0 1.774 0.0 0.1 994.0 1.3982 13.0 49.0 1.0071 0.0 1.974 0.0 0.14142 995.0 1.3624 13.0 
0.12544 149.12413 56.0 3226.0 2.0 88.0 0.0 -1.4929 3.174 0.0 0.56569 986.0 2.5 10.0 100.0 0.8071 0.0 1.074 0.0 0.5 975.0 2.5 8.0 111.0 2.8071 0.0 0.0 -0.526 0.36056 960.0 2.3744 6.0 123.0 4.3071 0.0 0.0 -1.726 0.22361 945.0 2.2724 5.0 109.0 5.6071 0.0 0.0 -2.226 0.22361 955.0 2.0922 6.0 
0.28001 108.29109 46.0 2303.0 2.0 48.0 0.0 -1.5929 0.0 -2.326 0.42426 999.0 1.6809 15.0 55.0 0.3071 0.0 0.0 -0.926 0.44721 998.0 2.0598 17.0 63.0 2.5071 0.0 0.0 -0.226 0.41231 996.0 2.3846 14.0 65.0 4.8071 0.0 0.374 0.0 0.31623 994.0 2.2712 13.0 65.0 6.8071 0.0 0.674 0.0 0.3 993.0 2.1576 12.0 
0.0704 186.90786 71.0 603.0 2.0 59.0 0.8071 0.0 1.774 0.0 0.14142 990.0 1.5458 11.0 60.0 1.2071 0.0 1.174 0.0 0.14142 989.0 1.5321 10.0 64.0 1.7071 0.0 0.774 0.0 0.14142 986.0 1.5495 10.0 68.0 2.3071 0.0 0.574 0.0 0.1 984.0 1.6286 9.0 69.0 3.0071 0.0 0.574 0.0 0.1 985.0 1.7367 9.0 
0.07962 132.36053 58.0 696.0 2.0 53.0 0.0 -1.2929 2.574 0.0 0.5 1000.0 2.207 12.0 51.0 0.9071 0.0 0.774 0.0 0.5 1000.0 2.0435 11.0 50.0 2.8071 0.0 0.0 -1.126 0.36056 999.0 1.8239 10.0 50.0 4.1071 0.0 0.0 -2.726 0.28284 997.0 1.5959 9.0 56.0 5.3071 0.0 0.0 -3.926 0.28284 995.0 1.7795 10.0 
0.0445 187.25955 57.0 3705.0 2.0 54.0 0.0 -0.8929 2.374 0.0 0.31623 997.0 1.8615 15.0 55.0 0.6071 0.0 1.574 0.0 0.31623 997.0 1.931 14.0 54.0 2.1071 0.0 0.774 0.0 0.31623 997.0 1.8615 15.0 54.0 3.6071 0.0 0.0 -0.026 0.22361 997.0 1.8615 15.0 53.0 5.0071 0.0 0.0 -0.926 0.22361 997.0 1.7931 15.0 
0.19763 178.33063 47.0 3999.0 2.0 42.0 0.0 -1.1929 0.0 -2.326 0.41231 1002.0 1.6379 19.0 46.0 0.9071 0.0 0.0 -1.326 0.44721 1001.0 1.801 20.0 49.0 3.1071 0.0 0.0 -0.226 0.41231 1000.0 1.8864 20.0 49.0 5.1071 0.0 0.274 0.0 0.3 999.0 1.7517 18.0 49.0 6.9071 0.0 0.0 -0.026 0.22361 999.0 1.7517 17.0 
0.27028 121.41017 67.0 3451.0 2.0 96.0 0.0 -1.6929 1.674 0.0 0.31623 973.0 2.3532 10.0 108.0 0.2071 0.0 1.074 0.0 0.31623 963.0 2.3827 8.0 110.0 2.0071 0.0 0.674 0.0 0.22361 959.0 2.2886 8.0 117.0 3.5071 0.0 0.474 0.0 0.2 949.0 2.1846 7.0 124.0 4.7071 0.0 0.774 0.0 0.22361 940.0 2.1513 7.0 
0.02521 166.63782 55.0 387.0 2.0 51.0 0.0 -3.5929 0.674 0.0 0.5831 1000.0 2.0435 12.0 53.0 0.0 -0.9929 0.0 -1.126 0.5 999.0 2.0493 11.0 53.0 1.1071 0.0 0.0 -2.926 0.56569 998.0 1.9127 10.0 54.0 3.0071 0.0 0.0 -4.626 0.42426 997.0 1.8615 13.0 59.0 4.7071 0.0 0.0 -6.026 0.36056 994.0 1.8713 10.0 
0.17906 69.49047 77.0 2559.0 2.0 56.0 0.0 -1.9929 0.0 -0.226 0.41231 997.0 2.0019 13.0 57.0 0.0071 0.0 0.0 -0.626 0.31623 995.0 1.8436 11.0 64.0 1.7071 0.0 0.0 -0.826 0.2 991.0 1.9016 12.0 70.0 2.9071 0.0 0.0 -0.726 0.2 986.0 1.8536 10.0 81.0 3.9071 0.0 0.0 -0.526 0.2 976.0 1.8111 8.0 
0.11052 129.55114 82.0 2482.0 2.0 36.0 0.0 -0.4929 0.0 -1.226 0.2 1000.0 1.0182 19.0 41.0 0.3071 0.0 0.0 -1.126 0.1 998.0 1.1446 16.0 46.0 1.0071 0.0 0.0 -0.926 0.14142 996.0 1.2713 14.0 46.0 1.6071 0.0 0.0 -0.326 0.14142 997.0 1.3508 14.0 48.0 2.1071 0.0 0.674 0.0 0.22361 997.0 1.4708 15.0 
0.07595 128.67033 68.0 3286.0 2.0 56.0 0.2071 0.0 2.074 0.0 0.36056 995.0 1.7795 14.0 59.0 1.0071 0.0 0.574 0.0 0.28284 992.0 1.693 12.0 64.0 1.9071 0.0 0.0 -0.526 0.22361 989.0 1.7431 11.0 71.0 2.8071 0.0 0.0 -1.326 0.22361 984.0 1.7754 9.0 82.0 3.8071 0.0 0.0 -1.926 0.22361 976.0 1.8561 8.0 
0.05665 267.54699 54.0 3622.0 2.0 92.0 0.0 -0.5929 4.474 0.0 0.64031 990.0 2.5 11.0 82.0 1.9071 0.0 1.474 0.0 0.5 991.0 2.5 11.0 75.0 3.9071 0.0 0.0 -0.926 0.42426 991.0 2.5 11.0 69.0 5.5071 0.0 0.0 -2.926 0.28284 992.0 2.3156 12.0 63.0 6.8071 0.0 0.0 -4.326 0.22361 992.0 1.9304 12.0 
0.08123 239.87422 58.0 2724.0 2.0 80.0 0.0 -1.7929 2.674 0.0 0.41231 988.0 2.5 10.0 85.0 0.6071 0.0 2.074 0.0 0.41231 985.0 2.5 9.0 77.0 2.8071 0.0 1.474 0.0 0.3 987.0 2.3291 10.0 68.0 4.4071 0.0 1.374 0.0 0.31623 990.0 2.0534 11.0 61.0 5.7071 0.0 1.574 0.0 0.22361 992.0 1.8098 11.0 
0.24414 45.6838 63.0 3223.0 2.0 60.0 0.0 -1.2929 1.774 0.0 0.42426 995.0 2.0427 10.0 66.0 0.3071 0.0 0.274 0.0 0.36056 991.0 2.0223 9.0 70.0 1.8071 0.0 0.0 -0.726 0.36056 987.0 1.9249 8.0 74.0 3.2071 0.0 0.0 -1.426 0.31623 984.0 1.9286 7.0 84.0 4.5071 0.0 0.0 -1.826 0.2 976.0 1.9478 6.0 
0.27357 62.18838 59.0 1537.0 2.0 54.0 0.0 -2.1929 0.0 -0.326 0.31623 997.0 1.8615 13.0 59.0 0.0 -0.1929 0.0 -0.526 0.4 995.0 1.9752 13.0 67.0 1.7071 0.0 0.0 -0.426 0.3 991.0 2.0841 12.0 74.0 3.4071 0.0 0.0 -0.226 0.3 986.0 2.0715 10.0 80.0 4.9071 0.0 0.0 -0.026 0.31623 981.0 2.0427 9.0 
0.09975 218.65722 57.0 1389.0 2.0 81.0 0.0 -1.3929 2.974 0.0 0.44721 987.0 2.5 13.0 89.0 0.6071 0.0 1.874 0.0 0.41231 979.0 2.3795 11.0 97.0 2.5071 0.0 1.274 0.0 0.3 972.0 2.3439 9.0 100.0 4.1071 0.0 1.074 0.0 0.2 967.0 2.2204 9.0 100.0 5.5071 0.0 1.174 0.0 0.22361 965.0 2.1279 9.0 
0.65015 34.02587 89.0 3386.0 2.0 54.0 0.0 -0.5929 0.0 -0.926 0.14142 992.0 1.4182 10.0 67.0 0.2071 0.0 0.0 -0.226 0.22361 987.0 1.7634 10.0 81.0 0.9071 0.0 0.874 0.0 0.31623 979.0 1.9709 8.0 87.0 1.4071 0.0 2.474 0.0 0.31623 977.0 2.1474 8.0 85.0 2.0071 0.0 4.374 0.0 0.31623 980.0 2.2362 8.0 
0.09546 238.17627 51.0 2473.0 2.0 87.0 0.0 -0.9929 3.674 0.0 0.56569 985.0 2.5 9.0 90.0 1.2071 0.0 1.774 0.0 0.36056 980.0 2.5 9.0 95.0 3.0071 0.0 0.474 0.0 0.36056 974.0 2.3636 8.0 104.0 4.6071 0.0 0.0 -0.526 0.36056 965.0 2.3015 7.0 101.0 6.1071 0.0 0.0 -1.426 0.22361 966.0 2.2168 7.0 
0.55989 8.25172 48.0 3403.0 2.0 59.0 0.0 -2.9929 0.474 0.0 0.5099 1000.0 2.5 15.0 58.0 0.0071 0.0 0.074 0.0 0.41231 999.0 2.4542 14.0 58.0 2.4071 0.0 0.074 0.0 0.4 997.0 2.1474 14.0 64.0 4.5071 0.0 0.174 0.0 0.3 994.0 2.2019 13.0 69.0 6.4071 0.0 0.0 -0.026 0.3 991.0 2.2103 11.0 
0.27295 19.33007 73.0 2213.0 2.0 41.0 0.0 -1.2929 0.574 0.0 0.22361 1000.0 1.3207 16.0 43.0 0.0071 0.0 0.174 0.0 0.22361 999.0 1.3489 18.0 48.0 1.3071 0.0 0.0 -0.326 0.22361 998.0 1.5688 16.0 49.0 2.4071 0.0 0.0 -0.926 0.22361 997.0 1.5327 15.0 51.0 3.5071 0.0 0.0 -1.426 0.22361 996.0 1.5627 14.0 
0.32236 47.45382 92.0 2411.0 2.0 62.0 0.0 -0.7929 0.674 0.0 0.22361 989.0 1.6359 11.0 69.0 0.2071 0.0 0.374 0.0 0.1 984.0 1.6768 9.0 72.0 1.1071 0.0 0.374 0.0 0.14142 982.0 1.708 9.0 75.0 1.9071 0.0 0.174 0.0 0.2 980.0 1.741 9.0 82.0 2.9071 0.0 0.0 -0.126 0.2 977.0 1.9077 8.0 
0.10313 293.6286 50.0 1602.0 2.0 59.0 0.0071 0.0 3.274 0.0 0.36056 996.0 2.0914 18.0 55.0 1.5071 0.0 2.174 0.0 0.31623 996.0 1.8174 18.0 56.0 3.0071 0.0 1.274 0.0 0.28284 996.0 1.8841 19.0 58.0 4.6071 0.0 0.174 0.0 0.36056 996.0 2.0211 19.0 57.0 6.3071 0.0 0.0 -1.026 0.36056 997.0 2.074 19.0 
0.04791 72.87608 54.0 3232.0 2.0 55.0 0.0 -2.7929 0.574 0.0 0.44721 998.0 2.0598 10.0 58.0 0.0 -0.3929 0.0 -0.526 0.44721 996.0 2.0211 9.0 63.0 1.8071 0.0 0.0 -1.726 0.31623 994.0 2.1336 10.0 73.0 3.7071 0.0 0.0 -2.726 0.22361 986.0 2.0159 8.0 88.0 5.3071 0.0 0.0 -3.526 0.22361 973.0 1.9774 6.0 
0.07124 140.98863 68.0 2380.0 2.0 46.0 0.0 -0.1929 2.474 0.0 0.36056 1000.0 1.6625 16.0 44.0 1.0071 0.0 0.774 0.0 0.36056 999.0 1.4124 13.0 46.0 2.2071 0.0 0.0 -0.826 0.22361 997.0 1.3508 10.0 49.0 3.3071 0.0 0.0 -2.126 0.28284 997.0 1.5327 12.0 55.0 4.4071 0.0 0.0 -3.226 0.28284 993.0 1.5448 10.0 
0.1012 143.87015 64.0 948.0 2.0 53.0 0.6071 0.0 1.774 0.0 0.22361 995.0 1.5939 13.0 51.0 1.1071 0.0 0.674 0.0 0.14142 996.0 1.5627 14.0 49.0 1.8071 0.0 0.0 -0.226 0.22361 997.0 1.5327 14.0 47.0 2.5071 0.0 0.0 -1.126 0.22361 997.0 1.4101 15.0 43.0 3.2071 0.0 0.0 -1.826 0.14142 998.0 1.259 16.0 
0.08052 223.86987 56.0 3396.0 2.0 58.0 0.0071 0.0 2.974 0.0 0.5 998.0 2.2906 12.0 54.0 1.7071 0.0 1.074 0.0 0.42426 999.0 2.1274 12.0 50.0 3.2071 0.0 0.0 -0.426 0.28284 999.0 1.8239 13.0 47.0 4.5071 0.0 0.0 -1.526 0.28284 999.0 1.6116 12.0 46.0 5.6071 0.0 0.0 -2.226 0.22361 999.0 1.5437 12.0 
0.13587 265.51206 57.0 630.0 2.0 82.0 0.0 -1.6929 2.174 0.0 0.2 975.0 1.8073 8.0 116.0 0.0 -0.2929 2.374 0.0 0.31623 950.0 2.1815 7.0 142.0 1.5071 0.0 2.674 0.0 0.3 927.0 2.3948 6.0 148.0 3.4071 0.0 3.074 0.0 0.31623 920.0 2.4056 6.0 140.0 5.1071 0.0 3.474 0.0 0.31623 928.0 2.3552 6.0 
0.11267 167.99645 51.0 101.0 2.0 48.0 0.0 -1.7929 0.0 -1.626 0.5 1002.0 2.1393 25.0 45.0 0.5071 0.0 0.0 -1.426 0.41231 1001.0 1.7236 22.0 45.0 2.3071 0.0 0.0 -0.726 0.36056 1001.0 1.7236 21.0 46.0 4.0071 0.0 0.374 0.0 0.36056 1001.0 1.801 20.0 45.0 5.7071 0.0 1.474 0.0 0.22361 1001.0 1.7236 21.0 
0.08158 281.07704 60.0 1773.0 2.0 44.0 0.1071 0.0 0.0 -2.726 0.22361 998.0 1.3183 13.0 50.0 1.2071 0.0 0.0 -2.226 0.22361 995.0 1.4186 11.0 61.0 2.4071 0.0 0.0 -1.426 0.22361 992.0 1.8098 12.0 71.0 3.6071 0.0 0.0 -0.326 0.28284 987.0 1.9803 10.0 76.0 4.7071 0.0 0.974 0.0 0.22361 984.0 2.0343 9.0 
0.1556 187.34835 49.0 4063.0 2.0 88.0 0.0 -1.2929 3.074 0.0 0.5 985.0 2.5 13.0 99.0 1.1071 0.0 1.274 0.0 0.5 976.0 2.5 10.0 116.0 3.3071 0.0 0.0 -0.726 0.5 961.0 2.5 8.0 128.0 5.2071 0.0 0.0 -2.526 0.36056 948.0 2.5 7.0 102.0 6.7071 0.0 0.0 -4.026 0.36056 969.0 2.4151 9.0 
0.26163 53.615 47.0 6.0 2.0 61.0 0.0 -3.0929 0.0 -0.026 0.5099 999.0 2.5 14.0 64.0 0.0 -0.0929 0.474 0.0 0.5099 996.0 2.4609 12.0 68.0 2.6071 0.0 0.374 0.0 0.4 994.0 2.4857 13.0 74.0 4.9071 0.0 0.274 0.0 0.4 989.0 2.3304 11.0 78.0 6.9071 0.0 0.274 0.0 0.2 985.0 2.2193 9.0 
0.09877 84.17478 97.0 2681.0 2.0 29.0 0.5071 0.0 1.074 0.0 0.1 1002.0 1.0 19.0 29.0 0.7071 0.0 0.274 0.0 0.22361 1002.0 1.0 23.0 30.0 0.9071 0.0 0.0 -0.226 0.14142 1001.0 1.0 20.0 33.0 1.2071 0.0 0.0 -0.426 0.0 999.0 1.0 18.0 35.0 1.4071 0.0 0.0 -0.326 0.1 999.0 1.0 17.0 
0.12391 241.889 60.0 3085.0 2.0 100.0 0.0 -0.5929 3.674 0.0 0.56569 979.0 2.5 14.0 102.0 1.5071 0.0 1.574 0.0 0.36056 972.0 2.5 12.0 104.0 3.1071 0.0 0.374 0.0 0.28284 964.0 2.2545 11.0 114.0 4.4071 0.0 0.0 -0.326 0.22361 952.0 2.176 9.0 125.0 5.5071 0.0 0.0 -0.726 0.2 938.0 2.1279 8.0 
0.13227 163.42753 60.0 2891.0 2.0 95.0 0.0 -0.9929 3.774 0.0 0.5831 984.0 2.5 12.0 93.0 1.0071 0.0 1.074 0.0 0.42426 981.0 2.5 11.0 93.0 2.7071 0.0 0.0 -0.626 0.36056 977.0 2.4538 10.0 95.0 4.3071 0.0 0.0 -1.826 0.22361 972.0 2.2483 10.0 100.0 5.6071 0.0 0.0 -2.726 0.28284 966.0 2.1731 9.0 
0.09076 258.3804 57.0 1952.0 2.0 92.0 0.0 -0.6929 3.874 0.0 0.5 983.0 2.5 9.0 97.0 1.5071 0.0 1.774 0.0 0.42426 978.0 2.5 8.0 97.0 3.3071 0.0 0.074 0.0 0.42426 975.0 2.5 8.0 94.0 4.8071 0.0 0.0 -1.326 0.28284 973.0 2.2562 7.0 85.0 6.0071 0.0 0.0 -2.426 0.22361 978.0 2.1084 8.0 
0.06845 139.91577 72.0 3205.0 2.0 37.0 0.0 -1.2929 0.0 -0.826 0.14142 1000.0 1.0756 12.0 37.0 0.0 -0.2929 0.0 -1.226 0.14142 999.0 1.0 10.0 42.0 0.7071 0.0 0.0 -1.426 0.2 998.0 1.2011 13.0 50.0 1.9071 0.0 0.0 -1.726 0.2 995.0 1.4186 11.0 54.0 3.1071 0.0 0.0 -2.026 0.22361 993.0 1.4892 10.0 
0.07522 282.48151 54.0 718.0 2.0 59.0 1.3071 0.0 0.0 -3.026 0.44721 996.0 2.0914 15.0 65.0 2.4071 0.0 0.0 -0.826 0.44721 994.0 2.2712 12.0 64.0 3.4071 0.0 1.274 0.0 0.31623 993.0 2.0918 12.0 62.0 4.4071 0.0 2.974 0.0 0.28284 993.0 1.9631 12.0 59.0 5.6071 0.0 4.174 0.0 0.22361 994.0 1.8713 13.0 
0.07576 148.45836 63.0 250.0 2.0 46.0 0.0 -1.1929 1.774 0.0 0.22361 999.0 1.5437 18.0 54.0 0.4071 0.0 1.274 0.0 0.3 997.0 1.8615 15.0 58.0 2.1071 0.0 0.674 0.0 0.22361 995.0 1.9088 14.0 58.0 3.6071 0.0 0.0 -0.226 0.22361 995.0 1.9088 13.0 55.0 4.8071 0.0 0.0 -1.126 0.28284 995.0 1.7165 13.0 
0.03899 299.43032 61.0 174.0 2.0 56.0 0.0 -1.2929 3.074 0.0 0.4 998.0 2.1353 16.0 55.0 0.8071 0.0 2.574 0.0 0.31623 999.0 2.2069 16.0 49.0 2.6071 0.0 1.974 0.0 0.28284 999.0 1.7517 17.0 41.0 3.8071 0.0 1.274 0.0 0.22361 1000.0 1.3207 19.0 36.0 4.7071 0.0 0.774 0.0 0.14142 1001.0 1.1031 20.0 
0.05089 308.08662 56.0 2449.0 2.0 50.0 0.0 -1.6929 3.174 0.0 0.31623 998.0 1.7023 16.0 53.0 0.0 -0.0929 2.774 0.0 0.2 997.0 1.7931 15.0 55.0 1.3071 0.0 2.874 0.0 0.31623 996.0 1.8174 14.0 55.0 2.8071 0.0 3.474 0.0 0.28284 996.0 1.8174 14.0 55.0 4.2071 0.0 4.374 0.0 0.22361 997.0 1.931 14.0 
0.1766 121.41017 52.0 594.0 2.0 54.0 0.0 -1.6929 2.074 0.0 0.36056 997.0 1.8615 17.0 60.0 0.2071 0.0 1.074 0.0 0.31623 994.0 1.9352 14.0 70.0 2.1071 0.0 0.674 0.0 0.31623 990.0 2.176 14.0 77.0 3.9071 0.0 1.074 0.0 0.3 986.0 2.2429 13.0 80.0 5.6071 0.0 1.574 0.0 0.22361 983.0 2.1789 12.0 
0.19698 52.6199 67.0 1919.0 2.0 49.0 0.0 -1.8929 1.074 0.0 0.31623 999.0 1.7517 12.0 54.0 0.0071 0.0 0.474 0.0 0.31623 997.0 1.8615 12.0 57.0 1.8071 0.0 0.0 -0.126 0.22361 996.0 1.952 10.0 57.0 3.3071 0.0 0.0 -0.626 0.22361 994.0 1.7465 10.0 58.0 4.5071 0.0 0.0 -0.926 0.22361 992.0 1.6361 9.0 
0.29153 48.39733 77.0 87.0 2.0 40.0 0.0 -1.4929 0.0 -0.226 0.31623 1001.0 1.3618 19.0 43.0 0.0 -0.0929 0.0 -0.426 0.2 1000.0 1.4527 18.0 47.0 1.1071 0.0 0.074 0.0 0.22361 998.0 1.5041 16.0 49.0 2.1071 0.0 0.974 0.0 0.22361 997.0 1.5327 15.0 48.0 3.0071 0.0 1.874 0.0 0.22361 997.0 1.4708 15.0 
0.0915 178.00837 63.0 2754.0 2.0 49.0 0.0 -0.6929 1.974 0.0 0.1 996.0 1.4425 14.0 52.0 0.3071 0.0 1.574 0.0 0.2 995.0 1.5343 14.0 54.0 1.4071 0.0 1.474 0.0 0.2 994.0 1.5675 13.0 54.0 2.5071 0.0 1.674 0.0 0.2 994.0 1.5675 13.0 52.0 3.6071 0.0 1.874 0.0 0.14142 995.0 1.5343 13.0 
0.08745 289.11412 326.0 3196.0 2.0 110.0 0.0071 0.0 3.574 0.0 0.5 966.0 2.5 11.0 123.0 1.9071 0.0 1.774 0.0 0.36056 951.0 2.4923 9.0 131.0 3.5071 0.0 0.474 0.0 0.36056 938.0 2.337 8.0 141.0 4.9071 0.0 0.0 -0.526 0.22361 924.0 2.2816 7.0 148.0 6.2071 0.0 0.0 -1.126 0.2 914.0 2.2598 7.0 
0.08318 163.42753 87.0 2949.0 2.0 65.0 0.0 -0.4929 2.174 0.0 0.28284 993.0 2.1576 12.0 68.0 1.0071 0.0 1.074 0.0 0.36056 990.0 2.0534 11.0 69.0 2.3071 0.0 0.0 -0.126 0.22361 988.0 1.9451 10.0 72.0 3.5071 0.0 0.0 -1.126 0.14142 985.0 1.891 10.0 75.0 4.4071 0.0 0.0 -1.926 0.22361 982.0 1.8533 9.0 
0.19867 78.1117 54.0 888.0 2.0 44.0 0.0 -1.2929 1.874 0.0 0.42426 1000.0 1.5211 22.0 47.0 0.4071 0.0 0.574 0.0 0.36056 999.0 1.6116 20.0 51.0 2.2071 0.0 0.0 -0.526 0.36056 997.0 1.6604 17.0 56.0 3.8071 0.0 0.0 -1.526 0.31623 996.0 1.8841 19.0 62.0 5.4071 0.0 0.0 -2.326 0.22361 993.0 1.9631 16.0 
0.02791 257.5833 95.0 2443.0 2.0 71.0 0.2071 0.0 3.274 0.0 0.36056 990.0 2.2386 8.0 69.0 1.6071 0.0 1.674 0.0 0.28284 990.0 2.1142 8.0 67.0 2.7071 0.0 0.474 0.0 0.28284 989.0 1.9104 8.0 69.0 3.7071 0.0 0.0 -0.626 0.14142 987.0 1.8703 7.0 73.0 4.5071 0.0 0.0 -1.526 0.14142 983.0 1.8143 7.0 
0.01028 213.65889 49.0 1351.0 2.0 62.0 0.0 -3.6929 1.774 0.0 0.67082 999.0 2.5 11.0 62.0 0.0 -1.2929 0.0 -1.426 0.70711 998.0 2.5 10.0 63.0 1.3071 0.0 0.0 -3.826 0.5 997.0 2.5 12.0 66.0 3.6071 0.0 0.0 -5.726 0.44721 993.0 2.2245 10.0 74.0 5.9071 0.0 0.0 -7.026 0.36056 988.0 2.2372 10.0 
0.05928 320.68218 125.0 1832.0 2.0 73.0 0.0 -1.3929 3.574 0.0 0.41231 989.0 2.2679 11.0 82.0 0.8071 0.0 2.774 0.0 0.41231 986.0 2.5 10.0 81.0 2.9071 0.0 2.074 0.0 0.3 984.0 2.3108 9.0 76.0 4.5071 0.0 2.074 0.0 0.3 985.0 2.1069 9.0 69.0 5.8071 0.0 2.374 0.0 0.2 987.0 1.8703 10.0 
0.06572 237.69831 52.0 2263.0 2.0 52.0 0.6071 0.0 3.674 0.0 0.53852 1000.0 2.1245 18.0 48.0 1.9071 0.0 0.974 0.0 0.44721 999.0 1.6809 16.0 47.0 3.0071 0.0 0.0 -1.226 0.36056 998.0 1.5041 14.0 46.0 4.2071 0.0 0.0 -2.826 0.36056 997.0 1.3508 14.0 51.0 5.6071 0.0 0.0 -3.726 0.31623 996.0 1.5627 16.0 
0.40387 28.83574 46.0 295.0 2.0 67.0 0.0 -3.2929 2.774 0.0 0.70711 999.0 2.5 15.0 66.0 0.0 -0.1929 0.174 0.0 0.56569 997.0 2.5 13.0 64.0 2.4071 0.0 0.0 -1.826 0.5 996.0 2.4609 12.0 65.0 4.8071 0.0 0.0 -3.426 0.36056 994.0 2.2712 10.0 72.0 6.9071 0.0 0.0 -4.626 0.31623 990.0 2.3021 11.0 
0.11071 102.78902 46.0 1011.0 2.0 61.0 0.0 -2.8929 0.074 0.0 0.53852 1000.0 2.5 16.0 57.0 0.0071 0.0 0.0 -0.926 0.41231 998.0 2.2123 14.0 60.0 2.5071 0.0 0.0 -1.026 0.5 996.0 2.1629 12.0 68.0 5.0071 0.0 0.0 -0.726 0.4 993.0 2.3614 13.0 70.0 7.0071 0.0 0.0 -1.026 0.31623 990.0 2.176 11.0 
0.28891 52.72984 50.0 1034.0 2.0 57.0 0.0 -3.2929 0.0 -0.326 0.5099 1000.0 2.5 20.0 60.0 0.0 -0.2929 0.374 0.0 0.41231 999.0 2.5 18.0 55.0 2.0071 0.0 0.174 0.0 0.36056 998.0 2.0598 16.0 55.0 3.9071 0.0 0.0 -0.826 0.31623 998.0 2.0598 16.0 56.0 5.7071 0.0 0.0 -1.926 0.36056 997.0 2.0019 16.0 
0.15351 148.97037 43.0 1037.0 2.0 54.0 0.0 -2.9929 0.0 -2.626 0.53852 1002.0 2.5 25.0 56.0 0.2071 0.0 0.0 -1.326 0.5099 1001.0 2.5 22.0 54.0 2.9071 0.0 0.0 -1.026 0.5 1000.0 2.291 20.0 54.0 5.5071 0.0 0.0 -1.426 0.41231 1000.0 2.291 19.0 53.0 7.9071 0.0 0.0 -2.226 0.44721 1000.0 2.207 19.0 
0.30855 27.12273 68.0 19.0 2.0 43.0 0.0 -1.4929 0.274 0.0 0.36056 1000.0 1.4527 15.0 44.0 0.0 -0.0929 0.0 -0.226 0.3 998.0 1.3183 14.0 50.0 1.3071 0.0 0.0 -0.126 0.22361 997.0 1.5959 15.0 55.0 2.4071 0.0 0.474 0.0 0.22361 994.0 1.6261 13.0 59.0 3.4071 0.0 1.174 0.0 0.14142 992.0 1.693 12.0 
0.22202 17.37652 71.0 1046.0 2.0 44.0 0.0 -1.4929 0.974 0.0 0.36056 1000.0 1.5211 16.0 43.0 0.0 -0.0929 0.0 -0.126 0.22361 999.0 1.3489 14.0 43.0 1.1071 0.0 0.0 -0.526 0.2 997.0 1.1803 13.0 50.0 2.2071 0.0 0.0 -0.426 0.1 995.0 1.4186 14.0 58.0 3.3071 0.0 0.0 -0.026 0.22361 992.0 1.6361 12.0 
0.2141 42.04636 69.0 1047.0 2.0 65.0 0.0 -2.0929 0.974 0.0 0.42426 994.0 2.2712 14.0 70.0 0.0 -0.1929 0.0 -0.326 0.22361 990.0 2.176 14.0 75.0 1.3071 0.0 0.0 -0.726 0.2 984.0 1.9811 12.0 79.0 2.6071 0.0 0.0 -0.526 0.3 982.0 2.0563 11.0 81.0 3.9071 0.0 0.0 -0.226 0.22361 980.0 2.0307 11.0 
0.49379 38.12432 77.0 1060.0 2.0 71.0 0.0 -1.7929 2.074 0.0 0.5 992.0 2.4518 10.0 77.0 0.2071 0.0 0.274 0.0 0.36056 987.0 2.3291 10.0 82.0 1.7071 0.0 0.0 -0.726 0.31623 980.0 2.0811 9.0 92.0 3.0071 0.0 0.0 -1.226 0.22361 970.0 2.0104 7.0 100.0 4.0071 0.0 0.0 -1.526 0.2 961.0 1.9642 6.0 
0.34092 8.25172 70.0 1070.0 2.0 54.0 0.0 -1.4929 1.474 0.0 0.36056 996.0 1.752 13.0 56.0 0.0071 0.0 0.074 0.0 0.36056 995.0 1.7795 15.0 60.0 1.3071 0.0 0.0 -0.626 0.22361 992.0 1.7509 15.0 69.0 2.5071 0.0 0.0 -0.826 0.22361 986.0 1.801 13.0 80.0 3.7071 0.0 0.0 -0.926 0.2 979.0 1.9226 11.0 
0.22264 62.69156 63.0 1071.0 2.0 59.0 0.0 -1.6929 3.074 0.0 0.64031 999.0 2.5 14.0 58.0 0.3071 0.0 0.474 0.0 0.5 997.0 2.1474 13.0 58.0 1.9071 0.0 0.0 -1.526 0.36056 994.0 1.8084 11.0 63.0 3.2071 0.0 0.0 -3.026 0.22361 990.0 1.7625 12.0 75.0 4.4071 0.0 0.0 -3.926 0.14142 980.0 1.741 9.0 
0.1534 25.57494 60.0 1073.0 2.0 45.0 0.0 -1.7929 1.174 0.0 0.36056 1001.0 1.7236 17.0 43.0 0.0 -0.1929 0.0 -0.126 0.36056 1000.0 1.4527 15.0 44.0 1.2071 0.0 0.0 -1.026 0.3 999.0 1.4124 14.0 49.0 2.6071 0.0 0.0 -1.126 0.3 997.0 1.5327 14.0 59.0 4.2071 0.0 0.0 -0.926 0.22361 994.0 1.8713 13.0 
0.94831 18.35579 38.0 1076.0 2.0 63.0 0.0 -3.0929 0.0 -1.326 0.63246 999.0 2.5 17.0 72.0 0.1071 0.0 0.0 -0.126 0.60828 996.0 2.5 14.0 77.0 3.4071 0.0 0.674 0.0 0.63246 995.0 2.5 13.0 77.0 6.8071 0.0 1.474 0.0 0.5099 994.0 2.5 13.0 72.0 9.8071 0.0 1.974 0.0 0.4 994.0 2.5 13.0 
0.08456 103.89543 369.0 107.0 2.0 60.0 0.0 -0.5929 3.074 0.0 0.5831 996.0 2.1629 13.0 58.0 0.8071 0.0 0.474 0.0 0.36056 993.0 1.7179 11.0 58.0 2.0071 0.0 0.0 -1.126 0.22361 991.0 1.5618 13.0 57.0 3.0071 0.0 0.0 -2.026 0.22361 990.0 1.4428 12.0 66.0 4.0071 0.0 0.0 -2.626 0.22361 985.0 1.589 12.0 
0.33492 51.90795 54.0 1089.0 2.0 61.0 0.0 -2.4929 0.274 0.0 0.44721 996.0 2.2356 12.0 65.0 0.0 -0.1929 0.0 -0.426 0.41231 992.0 2.0549 10.0 77.0 1.9071 0.0 0.0 -1.026 0.44721 987.0 2.3291 10.0 87.0 3.8071 0.0 0.0 -1.726 0.31623 978.0 2.2088 8.0 102.0 5.4071 0.0 0.0 -2.226 0.31623 964.0 2.1686 7.0 
0.38778 48.39733 48.0 1093.0 2.0 57.0 0.0 -1.8929 0.0 -0.026 0.31623 994.0 1.7465 11.0 69.0 0.0 -0.0929 0.0 -0.426 0.31623 990.0 2.1142 11.0 86.0 2.1071 0.0 0.0 -0.926 0.41231 984.0 2.5 9.0 90.0 4.4071 0.0 0.0 -1.326 0.4 980.0 2.5 8.0 83.0 6.4071 0.0 0.0 -1.226 0.31623 982.0 2.2698 9.0 
0.11204 65.59587 246.0 1100.0 2.0 45.0 0.0 -1.9929 1.674 0.0 0.44721 1002.0 1.8803 19.0 43.0 0.0 -0.4929 0.0 -0.326 0.36056 1001.0 1.5738 17.0 44.0 1.0071 0.0 0.0 -1.726 0.31623 1001.0 1.6478 21.0 49.0 2.7071 0.0 0.0 -2.426 0.3 999.0 1.7517 18.0 50.0 4.3071 0.0 0.0 -2.526 0.2 998.0 1.7023 16.0 
0.33712 13.18352 96.0 1101.0 2.0 40.0 0.0 -0.6929 0.0 -0.426 0.14142 998.0 1.0895 22.0 46.0 0.0 -0.0929 0.074 0.0 0.14142 996.0 1.2713 18.0 49.0 0.3071 0.0 0.674 0.0 0.14142 994.0 1.2907 17.0 51.0 0.7071 0.0 1.174 0.0 0.14142 993.0 1.3283 16.0 53.0 1.3071 0.0 1.474 0.0 0.14142 993.0 1.4345 16.0 
0.31935 25.09838 67.0 1107.0 2.0 39.0 0.0 -0.7929 0.0 -0.626 0.1 999.0 1.1096 24.0 44.0 0.0071 0.0 0.0 -0.226 0.2 997.0 1.2359 20.0 50.0 0.9071 0.0 0.0 -0.426 0.22361 996.0 1.502 18.0 54.0 2.0071 0.0 0.0 -1.026 0.22361 995.0 1.6546 17.0 55.0 3.1071 0.0 0.0 -1.626 0.2 994.0 1.6261 17.0 
0.21265 65.40589 74.0 1111.0 2.0 44.0 0.0 -0.2929 0.0 -1.026 0.14142 997.0 1.2359 16.0 53.0 0.4071 0.0 0.0 -0.426 0.22361 994.0 1.51 13.0 58.0 1.4071 0.0 0.0 -0.226 0.2 992.0 1.6361 12.0 63.0 2.5071 0.0 0.0 -0.626 0.22361 990.0 1.7625 11.0 66.0 3.7071 0.0 0.0 -1.126 0.14142 988.0 1.7796 10.0 
0.13833 72.7102 71.0 1112.0 2.0 54.0 0.0 -1.7929 0.574 0.0 0.42426 997.0 1.8615 13.0 52.0 0.0 -0.1929 0.0 -0.626 0.22361 996.0 1.6246 15.0 60.0 1.2071 0.0 0.0 -1.026 0.3 991.0 1.6713 13.0 70.0 2.7071 0.0 0.0 -1.126 0.2 987.0 1.9249 13.0 80.0 4.0071 0.0 0.0 -0.926 0.2 980.0 1.9808 11.0 
0.28134 30.02471 98.0 1119.0 2.0 46.0 0.0 -0.9929 0.774 0.0 0.22361 999.0 1.5437 17.0 50.0 0.2071 0.0 0.174 0.0 0.1 996.0 1.502 15.0 51.0 1.2071 0.0 0.074 0.0 0.2 995.0 1.4759 14.0 52.0 2.2071 0.0 0.374 0.0 0.22361 994.0 1.4536 13.0 53.0 3.0071 0.0 0.974 0.0 0.28284 994.0 1.51 13.0 
0.12742 138.42312 294.0 1124.0 2.0 57.0 0.0 -1.1929 3.474 0.0 0.64031 1000.0 2.5 17.0 58.0 1.1071 0.0 0.574 0.0 0.64031 998.0 2.2906 15.0 60.0 3.3071 0.0 0.0 -2.326 0.5831 997.0 2.2981 14.0 62.0 5.1071 0.0 0.0 -5.126 0.5 996.0 2.3095 16.0 62.0 6.5071 0.0 0.0 -7.426 0.44721 992.0 1.8696 14.0 
0.50701 21.89443 67.0 1127.0 2.0 53.0 0.0 -1.5929 0.674 0.0 0.31623 995.0 1.5939 15.0 62.0 0.0 -0.0929 0.174 0.0 0.31623 992.0 1.8696 16.0 73.0 1.5071 0.0 0.0 -0.226 0.31623 987.0 2.0934 13.0 81.0 3.1071 0.0 0.0 -0.426 0.3 981.0 2.0941 11.0 88.0 4.5071 0.0 0.0 -0.226 0.22361 974.0 2.0281 10.0 
1.24486 37.62661 52.0 1129.0 2.0 80.0 0.0 -2.4929 0.0 -1.126 0.41231 986.0 2.421 13.0 101.0 0.0 -0.0929 0.0 -0.326 0.41231 973.0 2.5 10.0 110.0 2.3071 0.0 0.074 0.0 0.41231 966.0 2.5 9.0 112.0 4.5071 0.0 0.974 0.0 0.36056 962.0 2.5 8.0 106.0 6.1071 0.0 2.274 0.0 0.42426 965.0 2.3909 9.0 
0.07147 101.5299 56.0 1131.0 2.0 42.0 0.0 -1.9929 0.0 -0.626 0.3 998.0 1.2011 10.0 49.0 0.0 -0.3929 0.0 -0.826 0.31623 996.0 1.4425 9.0 56.0 1.3071 0.0 0.0 -1.526 0.36056 993.0 1.6015 8.0 66.0 3.1071 0.0 0.0 -2.426 0.31623 990.0 1.9344 9.0 79.0 4.8071 0.0 0.0 -3.126 0.2 983.0 2.1248 9.0 
0.19611 14.00819 118.0 1135.0 2.0 33.0 0.0 -0.5929 0.274 0.0 0.14142 1001.0 1.0 19.0 36.0 0.0071 0.0 0.0 -0.126 0.14142 999.0 1.0 18.0 41.0 0.6071 0.0 0.0 -0.326 0.1 998.0 1.1446 16.0 44.0 1.2071 0.0 0.0 -0.426 0.1 997.0 1.2359 15.0 45.0 1.9071 0.0 0.0 -0.526 0.1 997.0 1.2927 15.0 
0.07727 155.51597 46.0 1150.0 2.0 70.0 0.0 -1.7929 3.874 0.0 0.78102 1000.0 2.5 12.0 58.0 1.0071 0.0 0.974 0.0 0.56569 999.0 2.4542 11.0 58.0 3.1071 0.0 0.0 -1.326 0.5 998.0 2.2906 13.0 61.0 5.0071 0.0 0.0 -3.626 0.56569 997.0 2.3753 12.0 69.0 7.0071 0.0 0.0 -5.926 0.42426 993.0 2.4314 10.0 
0.10751 195.01871 44.0 1151.0 2.0 63.0 0.0 -1.1929 4.474 0.0 0.70711 1001.0 2.5 12.0 59.0 1.3071 0.0 1.174 0.0 0.72111 1000.0 2.5 11.0 58.0 3.3071 0.0 0.0 -2.026 0.5831 999.0 2.4542 10.0 60.0 5.0071 0.0 0.0 -4.926 0.5 997.0 2.2981 9.0 66.0 6.9071 0.0 0.0 -7.326 0.5 995.0 2.4717 11.0 
0.50152 13.18352 56.0 1173.0 2.0 40.0 0.0 -1.3929 0.0 -1.726 0.36056 1002.0 1.4856 22.0 47.0 0.0 -0.0929 0.074 0.0 0.44721 1001.0 1.8802 20.0 54.0 1.4071 0.0 2.674 0.0 0.56569 1001.0 2.4819 20.0 48.0 3.4071 0.0 4.574 0.0 0.31623 1001.0 1.961 21.0 40.0 5.1071 0.0 4.974 0.0 0.3 1002.0 1.4856 22.0 
0.56097 13.18352 131.0 1179.0 2.0 40.0 0.0 -0.8929 0.0 -0.726 0.14142 998.0 1.0895 18.0 48.0 0.0 -0.0929 0.074 0.0 0.22361 996.0 1.3843 15.0 63.0 0.8071 0.0 1.774 0.0 0.36056 993.0 2.0269 16.0 79.0 2.2071 0.0 4.174 0.0 0.44721 989.0 2.5 14.0 86.0 4.4071 0.0 5.674 0.0 0.31623 984.0 2.5 12.0 
0.26916 10.70814 62.0 1198.0 2.0 51.0 0.0 -2.1929 1.274 0.0 0.44721 999.0 1.8976 11.0 52.0 0.0 -0.0929 0.0 -0.026 0.31623 998.0 1.8412 10.0 50.0 1.6071 0.0 0.0 -0.726 0.22361 997.0 1.5959 12.0 56.0 2.9071 0.0 0.0 -1.126 0.2 992.0 1.5252 10.0 67.0 4.1071 0.0 0.0 -1.326 0.22361 988.0 1.834 10.0 
0.21345 13.18352 62.0 1199.0 2.0 31.0 0.0 -0.4929 0.0 -0.626 0.14142 1000.0 1.0 16.0 36.0 0.0 -0.0929 0.074 0.0 0.22361 999.0 1.0 14.0 41.0 0.4071 0.0 0.774 0.0 0.14142 998.0 1.1446 14.0 50.0 1.2071 0.0 1.274 0.0 0.2 995.0 1.4186 14.0 58.0 2.3071 0.0 1.474 0.0 0.22361 993.0 1.7179 12.0 
0.33449 21.89443 59.0 1206.0 2.0 47.0 0.0 -2.2929 1.974 0.0 0.5 1002.0 2.0511 24.0 49.0 0.0 -0.0929 0.174 0.0 0.36056 1001.0 2.0436 22.0 45.0 1.7071 0.0 0.0 -1.126 0.36056 1001.0 1.7236 20.0 40.0 3.1071 0.0 0.0 -1.826 0.22361 1001.0 1.3618 20.0 38.0 4.2071 0.0 0.0 -2.026 0.22361 1001.0 1.2291 20.0 
0.50906 12.23339 63.0 1221.0 2.0 60.0 0.0 -1.7929 1.174 0.0 0.5 995.0 2.0427 15.0 63.0 0.1071 0.0 0.0 -0.026 0.22361 993.0 2.0269 14.0 68.0 1.6071 0.0 0.0 -0.526 0.22361 988.0 1.8891 14.0 73.0 2.8071 0.0 0.0 -0.426 0.22361 984.0 1.8769 12.0 84.0 3.8071 0.0 0.274 0.0 0.28284 978.0 2.0591 10.0 
0.3023 49.71343 60.0 1222.0 2.0 29.0 0.0 -0.3929 0.0 -0.726 0.2 1002.0 1.0 24.0 34.0 0.3071 0.0 0.0 -0.326 0.14142 1001.0 1.0 21.0 40.0 1.0071 0.0 0.674 0.0 0.31623 1000.0 1.2571 19.0 47.0 1.8071 0.0 2.374 0.0 0.44721 1000.0 1.7355 18.0 51.0 3.4071 0.0 3.974 0.0 0.44721 1000.0 2.0435 18.0 
0.36291 81.24308 41.0 1225.0 2.0 49.0 0.0 -2.9929 0.0 -0.726 0.41231 1001.0 2.0436 19.0 54.0 0.0 -0.0929 0.0 -0.726 0.5 1001.0 2.4819 22.0 60.0 3.1071 0.0 0.0 -1.326 0.5099 1000.0 2.5 20.0 61.0 6.1071 0.0 0.0 -2.526 0.5831 999.0 2.5 19.0 58.0 8.7071 0.0 0.0 -4.226 0.5 999.0 2.4542 18.0 
0.33565 37.19517 51.0 1234.0 2.0 49.0 0.0 -1.9929 0.574 0.0 0.31623 999.0 1.7517 14.0 54.0 0.0 -0.1929 0.274 0.0 0.31623 997.0 1.8615 15.0 62.0 1.6071 0.0 0.674 0.0 0.31623 994.0 2.0664 13.0 67.0 3.4071 0.0 1.374 0.0 0.31623 992.0 2.1833 12.0 72.0 5.4071 0.0 1.674 0.0 0.4 991.0 2.4067 11.0 
0.53324 17.37652 49.0 1236.0 2.0 52.0 0.0 -2.5929 0.474 0.0 0.41231 999.0 1.9727 19.0 58.0 0.0 -0.0929 0.0 -0.126 0.41231 998.0 2.2906 17.0 60.0 2.3071 0.0 0.0 -0.326 0.3 996.0 2.1629 19.0 65.0 4.2071 0.0 0.0 -0.426 0.3 993.0 2.1576 16.0 71.0 6.2071 0.0 0.0 -0.726 0.31623 990.0 2.2386 14.0 
0.64304 54.46995 71.0 1237.0 2.0 46.0 0.7071 0.0 0.0 -1.926 0.3 998.0 1.4408 16.0 59.0 0.4071 0.0 0.274 0.0 0.4 996.0 2.0914 14.0 69.0 0.8071 0.0 3.274 0.0 0.60828 994.0 2.5 13.0 71.0 2.0071 0.0 5.974 0.0 0.42426 992.0 2.4518 12.0 68.0 3.7071 0.0 7.574 0.0 0.36056 992.0 2.249 12.0 
0.09187 101.5299 55.0 1238.0 2.0 53.0 0.0 -2.8929 0.374 0.0 0.44721 1001.0 2.3909 16.0 54.0 0.0 -0.3929 0.0 -0.826 0.41231 999.0 2.1274 14.0 54.0 1.7071 0.0 0.0 -1.626 0.36056 998.0 1.9855 14.0 54.0 3.4071 0.0 0.0 -2.226 0.31623 997.0 1.8615 15.0 57.0 4.9071 0.0 0.0 -2.626 0.3 994.0 1.7465 13.0 
0.18459 38.12432 79.0 123.0 2.0 54.0 0.0 -0.9929 1.674 0.0 0.36056 998.0 1.9855 12.0 53.0 0.2071 0.0 0.274 0.0 0.22361 997.0 1.7931 11.0 52.0 1.3071 0.0 0.0 -0.426 0.22361 996.0 1.6246 10.0 51.0 2.4071 0.0 0.0 -0.726 0.2 996.0 1.5627 10.0 49.0 3.5071 0.0 0.0 -0.726 0.22361 997.0 1.5327 11.0 
0.20163 91.68939 55.0 1240.0 2.0 44.0 0.0 -0.9929 0.0 -1.226 0.22361 996.0 1.1632 12.0 55.0 0.0071 0.0 0.0 -0.826 0.2 994.0 1.6261 13.0 68.0 1.3071 0.0 0.0 -0.426 0.22361 988.0 1.8891 10.0 79.0 2.6071 0.0 0.274 0.0 0.22361 983.0 2.1248 9.0 91.0 4.2071 0.0 0.874 0.0 0.3 976.0 2.2859 8.0 
0.2966 2.99167 61.0 1242.0 2.0 41.0 0.0 -1.5929 0.474 0.0 0.31623 1001.0 1.4308 13.0 47.0 0.0071 0.0 0.0 -0.026 0.22361 999.0 1.6116 13.0 51.0 1.5071 0.0 0.0 -0.426 0.31623 998.0 1.7711 12.0 51.0 2.9071 0.0 0.0 -0.626 0.2 997.0 1.6604 11.0 51.0 4.1071 0.0 0.0 -0.526 0.2 996.0 1.5627 11.0 
0.7974 2.99167 47.0 1245.0 2.0 68.0 0.0 -2.9929 0.074 0.0 0.5 996.0 2.5 12.0 72.0 0.0071 0.0 0.0 -0.026 0.5 994.0 2.5 13.0 75.0 2.5071 0.0 0.374 0.0 0.31623 989.0 2.3938 11.0 81.0 4.5071 0.0 0.974 0.0 0.41231 985.0 2.3933 10.0 85.0 6.7071 0.0 1.174 0.0 0.3 982.0 2.3805 9.0 
0.45383 12.23339 134.0 124.0 2.0 39.0 0.0 -0.0929 0.0 -0.426 0.1 996.0 1.0 15.0 48.0 0.1071 0.0 0.0 -0.026 0.1 994.0 1.2385 13.0 54.0 0.4071 0.0 0.674 0.0 0.22361 992.0 1.4182 12.0 59.0 0.7071 0.0 1.774 0.0 0.2 991.0 1.6161 11.0 60.0 0.9071 0.0 3.074 0.0 0.2 991.0 1.6713 11.0 
0.25439 47.45382 63.0 1250.0 2.0 43.0 0.0 -1.0929 1.174 0.0 0.28284 999.0 1.3489 20.0 46.0 0.2071 0.0 0.374 0.0 0.28284 998.0 1.4408 17.0 51.0 1.5071 0.0 0.0 -0.426 0.22361 995.0 1.4759 15.0 59.0 2.8071 0.0 0.0 -0.926 0.22361 993.0 1.7777 16.0 66.0 4.1071 0.0 0.0 -1.226 0.22361 989.0 1.8538 14.0 
0.04733 72.3143 49.0 1254.0 2.0 58.0 0.0 -2.9929 2.474 0.0 0.64031 1000.0 2.5 13.0 56.0 0.0 -0.4929 0.0 -0.426 0.56569 999.0 2.2879 11.0 55.0 1.7071 0.0 0.0 -2.726 0.5 998.0 2.0598 10.0 56.0 3.7071 0.0 0.0 -4.526 0.42426 997.0 2.0019 13.0 61.0 5.6071 0.0 0.0 -6.226 0.42426 994.0 2.0003 11.0 
0.29096 24.41152 57.0 1256.0 2.0 52.0 0.0 -1.8929 1.174 0.0 0.44721 999.0 1.9727 10.0 51.0 0.2071 0.0 0.074 0.0 0.36056 998.0 1.7711 11.0 54.0 2.0071 0.0 0.0 -0.726 0.31623 996.0 1.752 11.0 61.0 3.7071 0.0 0.0 -1.226 0.22361 992.0 1.8098 11.0 71.0 5.2071 0.0 0.0 -1.326 0.2 986.0 1.9069 10.0 
0.26546 22.93337 54.0 1258.0 2.0 50.0 0.0 -2.3929 2.174 0.0 0.56569 1001.0 2.1279 19.0 49.0 0.0 -0.1929 0.074 0.0 0.5 1000.0 1.8864 17.0 49.0 1.7071 0.0 0.0 -1.926 0.42426 999.0 1.7517 16.0 51.0 3.4071 0.0 0.0 -3.726 0.42426 998.0 1.7711 14.0 54.0 5.1071 0.0 0.0 -5.326 0.28284 996.0 1.752 12.0 
0.15349 72.7102 78.0 125.0 2.0 47.0 0.0 -1.6929 0.074 0.0 0.22361 999.0 1.6116 14.0 48.0 0.0 -0.1929 0.0 -0.626 0.22361 997.0 1.4708 12.0 52.0 1.1071 0.0 0.0 -0.926 0.1 995.0 1.5343 14.0 58.0 2.1071 0.0 0.0 -0.826 0.22361 991.0 1.5618 12.0 65.0 3.1071 0.0 0.0 -0.626 0.2 988.0 1.7261 10.0 
0.16651 70.49561 60.0 1261.0 2.0 42.0 0.0 -1.4929 0.0 -0.726 0.3 1001.0 1.5014 17.0 41.0 0.1071 0.0 0.0 -0.626 0.2 1000.0 1.3207 15.0 44.0 1.5071 0.0 0.0 -0.326 0.2 999.0 1.4124 13.0 52.0 2.9071 0.0 0.0 -0.126 0.3 997.0 1.7261 15.0 57.0 4.3071 0.0 0.0 -0.026 0.3 994.0 1.7465 13.0 
0.16443 83.38209 48.0 1265.0 2.0 60.0 0.0 -2.9929 0.0 -0.426 0.5099 998.0 2.4513 14.0 61.0 0.0 -0.1929 0.0 -0.726 0.4 996.0 2.2356 12.0 65.0 2.1071 0.0 0.0 -1.026 0.4 992.0 2.0549 10.0 77.0 4.2071 0.0 0.0 -1.526 0.31623 987.0 2.3291 10.0 92.0 6.2071 0.0 0.0 -2.326 0.31623 977.0 2.4014 8.0 
0.34309 10.70814 93.0 1271.0 2.0 35.0 0.0 -0.8929 0.0 -0.726 0.22361 1000.0 1.0 16.0 38.0 0.0 -0.0929 0.0 -0.026 0.28284 1000.0 1.1345 19.0 45.0 0.6071 0.0 0.874 0.0 0.22361 998.0 1.3789 16.0 48.0 1.2071 0.0 1.874 0.0 0.22361 996.0 1.3843 14.0 49.0 1.7071 0.0 2.774 0.0 0.22361 996.0 1.4425 14.0 
0.1262 76.71589 52.0 1272.0 2.0 49.0 0.0 -2.6929 0.374 0.0 0.44721 1001.0 2.0436 17.0 49.0 0.0 -0.2929 0.0 -0.626 0.36056 1000.0 1.8864 15.0 51.0 1.7071 0.0 0.0 -1.526 0.44721 998.0 1.7711 14.0 53.0 3.6071 0.0 0.0 -2.326 0.36056 997.0 1.7931 14.0 60.0 5.4071 0.0 0.0 -3.026 0.31623 994.0 1.9352 13.0 
0.14196 48.39733 59.0 1276.0 2.0 53.0 0.0 -2.1929 0.874 0.0 0.44721 999.0 2.0493 15.0 52.0 0.0 -0.0929 0.0 -0.426 0.36056 997.0 1.7261 13.0 54.0 1.5071 0.0 0.0 -1.426 0.31623 995.0 1.6546 13.0 58.0 3.0071 0.0 0.0 -2.126 0.22361 993.0 1.7179 13.0 65.0 4.5071 0.0 0.0 -2.726 0.22361 988.0 1.7261 11.0 
0.13452 163.42753 45.0 1277.0 2.0 53.0 0.0 -1.8929 3.174 0.0 0.53852 1002.0 2.5 22.0 59.0 1.0071 0.0 1.074 0.0 0.64031 1001.0 2.5 22.0 60.0 3.7071 0.0 0.0 -1.426 0.56569 1000.0 2.5 19.0 54.0 5.8071 0.0 0.0 -3.326 0.42426 999.0 2.1274 18.0 49.0 7.4071 0.0 0.0 -4.626 0.36056 999.0 1.7517 17.0 
0.1404 313.81894 40.0 1289.0 2.0 67.0 0.0 -1.1929 0.0 -3.726 0.44721 995.0 2.5 11.0 80.0 1.6071 0.0 0.0 -2.326 0.5831 991.0 2.5 11.0 91.0 4.4071 0.0 0.0 -0.726 0.5831 984.0 2.5 9.0 92.0 6.8071 0.0 0.574 0.0 0.36056 980.0 2.5 8.0 88.0 8.8071 0.0 1.174 0.0 0.3 980.0 2.3968 8.0 
0.25417 21.60552 65.0 1292.0 2.0 55.0 0.0 -1.9929 2.074 0.0 0.5 997.0 1.931 10.0 56.0 0.0 -0.1929 0.0 -0.026 0.42426 995.0 1.7795 9.0 59.0 1.5071 0.0 0.0 -1.426 0.28284 993.0 1.7777 10.0 62.0 2.9071 0.0 0.0 -2.426 0.31623 988.0 1.5705 9.0 75.0 4.2071 0.0 0.0 -3.126 0.22361 980.0 1.741 9.0 
0.29142 70.24699 66.0 1302.0 2.0 62.0 0.0 -1.9929 0.0 -0.626 0.4 994.0 2.0664 14.0 68.0 0.0 -0.0929 0.0 -0.626 0.3 990.0 2.0534 15.0 76.0 1.5071 0.0 0.0 -0.326 0.2 984.0 2.0343 12.0 80.0 2.9071 0.0 0.0 -0.126 0.2 981.0 2.0427 11.0 85.0 4.2071 0.0 0.0 -0.326 0.2 977.0 2.0498 10.0 
0.3908 12.23339 69.0 1306.0 2.0 54.0 0.0 -0.8929 0.874 0.0 0.22361 995.0 1.6546 14.0 60.0 0.1071 0.0 0.0 -0.026 0.22361 992.0 1.7509 12.0 64.0 1.2071 0.0 0.0 -0.626 0.22361 989.0 1.7431 11.0 66.0 2.2071 0.0 0.0 -1.026 0.2 988.0 1.7796 10.0 68.0 3.2071 0.0 0.0 -1.126 0.22361 986.0 1.7492 10.0 
0.11578 157.098 64.0 130.0 2.0 39.0 0.0 -0.3929 0.0 -1.726 0.22361 1001.0 1.2946 21.0 41.0 0.7071 0.0 0.0 -1.226 0.22361 1000.0 1.3207 18.0 42.0 1.6071 0.0 0.0 -0.426 0.28284 999.0 1.2869 18.0 42.0 2.5071 0.0 0.474 0.0 0.22361 999.0 1.2869 18.0 43.0 3.7071 0.0 0.974 0.0 0.22361 1000.0 1.4527 18.0 
0.3736 2.99167 65.0 1317.0 2.0 46.0 0.0 -1.6929 0.0 -0.526 0.31623 1000.0 1.6625 15.0 47.0 0.0071 0.0 0.0 -0.026 0.31623 999.0 1.6116 18.0 52.0 1.7071 0.0 0.174 0.0 0.2 997.0 1.7261 15.0 57.0 3.3071 0.0 0.274 0.0 0.22361 995.0 1.8436 14.0 57.0 4.7071 0.0 0.474 0.0 0.22361 994.0 1.7465 13.0 
0.11729 81.24308 107.0 1318.0 2.0 47.0 0.0 -1.4929 0.0 -0.426 0.31623 998.0 1.5041 13.0 52.0 0.0 -0.0929 0.0 -0.726 0.3 996.0 1.6246 14.0 58.0 1.1071 0.0 0.0 -0.726 0.22361 993.0 1.7179 12.0 59.0 2.1071 0.0 0.0 -0.426 0.14142 991.0 1.6161 11.0 57.0 3.0071 0.0 0.0 -0.126 0.14142 992.0 1.5802 12.0 
0.2844 53.71602 41.0 1323.0 2.0 58.0 0.0 -1.9929 3.774 0.0 0.72111 999.0 2.4542 13.0 58.0 0.3071 0.0 0.374 0.0 0.72111 999.0 2.4542 11.0 57.0 2.3071 0.0 0.0 -2.726 0.5831 997.0 2.074 10.0 56.0 4.0071 0.0 0.0 -5.326 0.42426 997.0 2.0019 13.0 57.0 5.5071 0.0 0.0 -7.226 0.28284 994.0 1.7465 11.0 
0.32837 25.57494 55.0 1330.0 2.0 51.0 0.0 -1.9929 0.374 0.0 0.31623 998.0 1.7711 13.0 53.0 0.0 -0.1929 0.0 -0.126 0.31623 996.0 1.6877 12.0 59.0 1.4071 0.0 0.0 -0.626 0.2 993.0 1.7777 13.0 65.0 2.8071 0.0 0.0 -1.026 0.2 990.0 1.8762 11.0 76.0 4.3071 0.0 0.0 -1.526 0.31623 985.0 2.1069 9.0 
0.36942 24.41152 64.0 1346.0 2.0 49.0 0.0 -1.2929 1.074 0.0 0.28284 997.0 1.5327 13.0 52.0 0.2071 0.0 0.074 0.0 0.22361 996.0 1.6246 15.0 58.0 1.6071 0.0 0.0 -0.526 0.31623 992.0 1.6361 13.0 68.0 2.9071 0.0 0.0 -1.026 0.2 987.0 1.8165 13.0 78.0 4.0071 0.0 0.0 -1.226 0.22361 980.0 1.883 11.0 
0.12782 48.64617 70.0 1349.0 2.0 47.0 0.0 -1.9929 1.374 0.0 0.42426 1001.0 1.8802 18.0 44.0 0.0 -0.2929 0.0 -0.326 0.28284 1000.0 1.5211 16.0 43.0 1.1071 0.0 0.0 -1.326 0.28284 999.0 1.3489 14.0 45.0 2.3071 0.0 0.0 -2.026 0.2 997.0 1.2927 12.0 48.0 3.4071 0.0 0.0 -2.326 0.2 997.0 1.4708 15.0 
0.09733 83.38209 62.0 1357.0 2.0 44.0 0.0 -1.7929 0.274 0.0 0.36056 1000.0 1.5211 15.0 48.0 0.0 -0.1929 0.0 -0.726 0.28284 998.0 1.5688 13.0 53.0 1.4071 0.0 0.0 -1.426 0.22361 996.0 1.6877 11.0 59.0 2.9071 0.0 0.0 -1.726 0.3 993.0 1.7777 11.0 69.0 4.3071 0.0 0.0 -1.426 0.22361 988.0 1.9451 10.0 
0.40747 12.23339 52.0 1362.0 2.0 52.0 0.0 -1.9929 0.574 0.0 0.31623 999.0 1.9727 10.0 54.0 0.1071 0.0 0.0 -0.026 0.41231 997.0 1.8615 12.0 59.0 2.1071 0.0 0.0 -0.326 0.41231 995.0 1.9752 10.0 65.0 4.0071 0.0 0.0 -0.726 0.31623 991.0 1.9615 9.0 70.0 5.7071 0.0 0.0 -1.226 0.22361 987.0 1.9249 8.0 
0.21431 133.60022 295.0 1367.0 2.0 75.0 0.0 -1.7929 3.074 0.0 0.64031 994.0 2.5 13.0 76.0 0.7071 0.0 0.974 0.0 0.5 991.0 2.5 12.0 76.0 2.9071 0.0 0.0 -0.626 0.36056 986.0 2.185 8.0 91.0 4.7071 0.0 0.0 -1.826 0.28284 975.0 2.2258 8.0 108.0 6.2071 0.0 0.0 -2.826 0.22361 959.0 2.2062 6.0 
0.06669 65.59587 65.0 1369.0 2.0 61.0 0.0 -2.9929 1.774 0.0 0.64031 999.0 2.5 11.0 56.0 0.0 -0.4929 0.0 -0.326 0.56569 998.0 2.1353 10.0 53.0 1.4071 0.0 0.0 -1.826 0.28284 997.0 1.7931 12.0 52.0 2.7071 0.0 0.0 -2.526 0.22361 995.0 1.5343 11.0 58.0 3.9071 0.0 0.0 -2.826 0.2 990.0 1.4939 9.0 
0.66187 23.16855 54.0 1376.0 2.0 63.0 0.0 -2.0929 1.974 0.0 0.56569 996.0 2.3846 12.0 66.0 0.2071 0.0 0.0 -0.026 0.44721 993.0 2.2245 10.0 71.0 2.3071 0.0 0.0 -1.326 0.31623 989.0 2.1453 11.0 84.0 4.0071 0.0 0.0 -2.026 0.31623 978.0 2.0591 9.0 97.0 5.5071 0.0 0.0 -2.426 0.3 965.0 2.0021 7.0 
0.13689 92.26407 201.0 138.0 2.0 54.0 0.0 -1.4929 0.0 -0.326 0.36056 997.0 1.8615 12.0 55.0 0.0 -0.0929 0.0 -0.826 0.31623 994.0 1.6261 12.0 63.0 1.1071 0.0 0.0 -0.726 0.22361 990.0 1.7625 11.0 70.0 2.2071 0.0 0.0 -0.226 0.14142 986.0 1.8536 10.0 79.0 3.3071 0.0 0.074 0.0 0.31623 981.0 1.992 9.0 
0.23367 37.62661 54.0 1392.0 2.0 50.0 0.0 -2.1929 1.174 0.0 0.42426 1001.0 2.1279 17.0 51.0 0.0 -0.0929 0.0 -0.326 0.5 1000.0 2.0435 15.0 52.0 1.9071 0.0 0.0 -1.626 0.31623 998.0 1.8412 13.0 55.0 3.7071 0.0 0.0 -2.526 0.22361 997.0 1.931 15.0 62.0 5.3071 0.0 0.0 -3.126 0.2 993.0 1.9631 12.0 
0.49917 12.23339 75.0 1394.0 2.0 60.0 0.0 -1.8929 0.874 0.0 0.36056 997.0 2.2981 15.0 66.0 0.1071 0.0 0.0 -0.026 0.41231 993.0 2.2245 12.0 68.0 1.9071 0.0 0.0 -0.426 0.3 990.0 2.0534 11.0 67.0 3.3071 0.0 0.0 -0.526 0.2 988.0 1.834 10.0 68.0 4.3071 0.0 0.0 -0.526 0.14142 986.0 1.7492 10.0 
0.40682 19.33007 61.0 1402.0 2.0 48.0 0.0 -1.9929 0.574 0.0 0.41231 1000.0 1.8102 19.0 54.0 0.0071 0.0 0.174 0.0 0.31623 998.0 1.9855 16.0 56.0 1.7071 0.0 0.0 -0.126 0.3 996.0 1.8841 14.0 55.0 3.3071 0.0 0.0 -0.326 0.22361 995.0 1.7165 14.0 55.0 4.5071 0.0 0.0 -0.726 0.2 995.0 1.7165 13.0 
0.2639 53.615 54.0 1408.0 2.0 52.0 0.0 -1.8929 0.074 0.0 0.3 997.0 1.7261 12.0 58.0 0.0 -0.0929 0.474 0.0 0.31623 995.0 1.9088 14.0 69.0 1.6071 0.0 0.974 0.0 0.41231 990.0 2.1142 11.0 77.0 3.5071 0.0 1.474 0.0 0.31623 986.0 2.2429 10.0 79.0 5.3071 0.0 1.974 0.0 0.2 984.0 2.1981 9.0 
0.09371 143.39234 85.0 1413.0 2.0 49.0 0.0 -1.1929 0.0 -1.326 0.3 999.0 1.7517 18.0 52.0 0.4071 0.0 0.0 -1.226 0.3 997.0 1.7261 15.0 54.0 1.7071 0.0 0.0 -0.626 0.22361 995.0 1.6546 14.0 54.0 2.8071 0.0 0.374 0.0 0.28284 996.0 1.752 14.0 52.0 3.7071 0.0 1.574 0.0 0.28284 996.0 1.6246 14.0 
0.4323 30.02471 53.0 1420.0 2.0 55.0 0.0 -1.4929 0.774 0.0 0.36056 996.0 1.8174 12.0 61.0 0.2071 0.0 0.174 0.0 0.3 994.0 2.0003 13.0 69.0 2.0071 0.0 0.174 0.0 0.31623 990.0 2.1142 11.0 76.0 3.7071 0.0 0.674 0.0 0.36056 986.0 2.185 10.0 81.0 5.4071 0.0 1.574 0.0 0.31623 983.0 2.2337 9.0 
0.11936 86.89722 62.0 1422.0 2.0 39.0 0.0 -1.6929 0.0 -0.326 0.22361 1001.0 1.2946 17.0 40.0 0.0 -0.2929 0.0 -0.726 0.22361 1000.0 1.2571 15.0 44.0 1.1071 0.0 0.0 -1.026 0.3 999.0 1.4124 18.0 51.0 2.5071 0.0 0.0 -0.926 0.3 997.0 1.6604 15.0 55.0 3.8071 0.0 0.0 -0.626 0.31623 995.0 1.7165 14.0 
0.42192 37.62661 65.0 1435.0 2.0 53.0 0.0 -1.2929 0.0 -0.026 0.22361 995.0 1.5939 14.0 59.0 0.0 -0.0929 0.0 -0.326 0.2 992.0 1.693 15.0 67.0 0.9071 0.0 0.0 -0.026 0.2 987.0 1.7634 13.0 72.0 1.8071 0.0 0.474 0.0 0.28284 984.0 1.8258 12.0 79.0 2.9071 0.0 1.074 0.0 0.22361 980.0 1.9316 11.0 
0.18444 53.71602 75.0 1436.0 2.0 49.0 0.0 -1.3929 2.074 0.0 0.42426 999.0 1.7517 15.0 50.0 0.3071 0.0 0.374 0.0 0.42426 998.0 1.7023 14.0 51.0 1.9071 0.0 0.0 -1.126 0.28284 996.0 1.5627 12.0 54.0 3.2071 0.0 0.0 -2.126 0.22361 993.0 1.4892 12.0 62.0 4.2071 0.0 0.0 -2.826 0.22361 988.0 1.5705 11.0 
0.07178 189.51008 93.0 1445.0 2.0 60.0 1.8071 0.0 0.0 -1.126 0.2 990.0 1.5987 11.0 61.0 1.7071 0.0 0.0 -0.026 0.2 989.0 1.5836 11.0 61.0 1.7071 0.0 0.974 0.0 0.2 989.0 1.5836 11.0 59.0 1.8071 0.0 1.874 0.0 0.1 989.0 1.4814 11.0 58.0 2.1071 0.0 2.674 0.0 0.22361 990.0 1.4939 11.0 
0.34142 82.32328 77.0 1448.0 2.0 69.0 0.0 -0.6929 0.0 -1.526 0.31623 986.0 1.801 9.0 90.0 0.6071 0.0 0.0 -0.426 0.28284 972.0 2.0178 8.0 117.0 1.7071 0.0 1.074 0.0 0.28284 948.0 2.151 6.0 125.0 2.8071 0.0 2.474 0.0 0.28284 942.0 2.2477 5.0 122.0 4.0071 0.0 3.774 0.0 0.36056 945.0 2.2356 5.0 
0.72934 13.18352 56.0 1453.0 2.0 64.0 0.0 -1.8929 1.074 0.0 0.36056 992.0 1.9922 13.0 72.0 0.0 -0.0929 0.074 0.0 0.31623 988.0 2.1179 14.0 86.0 1.7071 0.0 0.0 -0.526 0.3 980.0 2.2891 11.0 96.0 3.5071 0.0 0.0 -0.826 0.3 972.0 2.2958 9.0 108.0 5.2071 0.0 0.0 -1.126 0.3 960.0 2.2478 8.0 
0.12737 115.88136 59.0 1457.0 2.0 51.0 0.0 -2.0929 0.0 -0.326 0.41231 999.0 1.8976 14.0 50.0 0.0 -0.1929 0.0 -1.026 0.31623 997.0 1.5959 13.0 56.0 1.4071 0.0 0.0 -1.326 0.3 995.0 1.7795 14.0 62.0 2.9071 0.0 0.0 -1.426 0.3 992.0 1.8696 12.0 68.0 4.5071 0.0 0.0 -1.526 0.2 989.0 1.9678 11.0 
0.81308 47.30299 56.0 1458.0 2.0 69.0 0.0 -0.1929 0.0 -1.626 0.31623 983.0 1.6209 10.0 91.0 0.4071 0.0 0.0 -0.126 0.31623 972.0 2.0629 10.0 106.0 1.4071 0.0 1.474 0.0 0.36056 963.0 2.2952 8.0 109.0 2.9071 0.0 3.174 0.0 0.42426 965.0 2.5 9.0 108.0 4.7071 0.0 5.074 0.0 0.28284 966.0 2.5 9.0 
0.09101 78.91674 116.0 1459.0 2.0 33.0 0.4071 0.0 1.074 0.0 0.22361 1001.0 1.0 23.0 31.0 0.7071 0.0 0.074 0.0 0.14142 1001.0 1.0 22.0 30.0 0.9071 0.0 0.0 -0.526 0.0 1000.0 1.0 16.0 32.0 1.0071 0.0 0.0 -0.826 0.0 999.0 1.0 18.0 37.0 1.0071 0.0 0.0 -1.026 0.1 997.0 1.0 16.0 
0.26649 42.04636 301.0 1463.0 2.0 47.0 0.0 -1.6929 0.374 0.0 0.36056 998.0 1.5041 14.0 48.0 0.0 -0.1929 0.0 -0.326 0.31623 997.0 1.4708 17.0 55.0 1.3071 0.0 0.0 -0.726 0.22361 994.0 1.6261 14.0 64.0 2.7071 0.0 0.0 -0.926 0.22361 990.0 1.8189 15.0 74.0 4.0071 0.0 0.0 -1.026 0.22361 984.0 1.9286 12.0 
0.07433 148.36538 50.0 1484.0 2.0 53.0 0.0 -0.9929 3.374 0.0 0.5831 1001.0 2.3909 15.0 55.0 1.2071 0.0 0.574 0.0 0.56569 1000.0 2.3767 16.0 55.0 3.3071 0.0 0.0 -1.826 0.5 999.0 2.2069 14.0 55.0 5.0071 0.0 0.0 -4.026 0.42426 997.0 1.931 13.0 58.0 6.6071 0.0 0.0 -5.626 0.28284 996.0 2.0211 14.0 
0.13873 51.90795 104.0 1489.0 2.0 35.0 0.0 -0.9929 0.074 0.0 0.22361 1000.0 1.0 17.0 34.0 0.0 -0.1929 0.0 -0.426 0.14142 999.0 1.0 15.0 36.0 0.4071 0.0 0.0 -0.726 0.1 998.0 1.0 13.0 41.0 0.8071 0.0 0.0 -0.826 0.1 997.0 1.0731 15.0 48.0 1.2071 0.0 0.0 -0.626 0.1 994.0 1.2385 13.0 
0.20349 70.49561 63.0 1494.0 2.0 45.0 0.0 -1.8929 0.0 -0.126 0.41231 1001.0 1.7236 17.0 45.0 0.1071 0.0 0.0 -0.626 0.31623 1000.0 1.591 20.0 49.0 1.8071 0.0 0.0 -0.926 0.22361 999.0 1.7517 17.0 50.0 3.2071 0.0 0.0 -0.926 0.2 997.0 1.5959 15.0 50.0 4.4071 0.0 0.0 -0.726 0.2 996.0 1.502 14.0 
0.37239 25.09838 48.0 1503.0 2.0 62.0 0.0 -2.7929 1.174 0.0 0.53852 998.0 2.5 13.0 65.0 0.0071 0.0 0.0 -0.226 0.44721 996.0 2.5 11.0 70.0 2.5071 0.0 0.0 -1.226 0.41231 991.0 2.2749 9.0 81.0 4.8071 0.0 0.0 -1.926 0.31623 985.0 2.3933 10.0 88.0 6.6071 0.0 0.0 -2.326 0.3 977.0 2.1971 8.0 
0.32509 127.3962 39.0 1507.0 2.0 71.0 0.0 -2.6929 4.574 0.0 0.86023 1000.0 2.5 11.0 68.0 0.6071 0.0 0.974 0.0 0.78102 999.0 2.5 10.0 69.0 3.8071 0.0 0.0 -1.826 0.70711 998.0 2.5 13.0 70.0 6.8071 0.0 0.0 -4.226 0.5831 996.0 2.5 11.0 69.0 9.3071 0.0 0.0 -5.526 0.44721 993.0 2.4314 13.0 
0.14292 159.58258 126.0 150.0 2.0 38.0 0.3071 0.0 0.0 -1.626 0.2 999.0 1.0535 14.0 43.0 1.0071 0.0 0.0 -1.026 0.14142 997.0 1.1803 16.0 48.0 1.5071 0.0 0.0 -0.426 0.14142 995.0 1.3074 13.0 50.0 1.9071 0.0 0.074 0.0 0.14142 994.0 1.3439 13.0 51.0 2.3071 0.0 0.474 0.0 0.14142 993.0 1.3283 12.0 
0.59896 21.89443 263.0 1514.0 2.0 58.0 0.0 -1.9929 1.674 0.0 0.42426 995.0 1.9088 12.0 63.0 0.0 -0.0929 0.174 0.0 0.36056 993.0 2.0269 14.0 72.0 1.9071 0.0 0.0 -1.026 0.31623 988.0 2.1179 11.0 88.0 3.8071 0.0 0.0 -2.026 0.31623 980.0 2.3968 11.0 98.0 5.6071 0.0 0.0 -2.726 0.31623 971.0 2.3355 9.0 
0.13968 48.64617 66.0 151.0 2.0 48.0 0.0 -2.2929 0.874 0.0 0.36056 1000.0 1.8102 12.0 48.0 0.0 -0.2929 0.0 -0.326 0.36056 999.0 1.6809 10.0 48.0 1.4071 0.0 0.0 -1.126 0.22361 997.0 1.4708 9.0 48.0 2.9071 0.0 0.0 -1.326 0.2 997.0 1.4708 12.0 54.0 4.2071 0.0 0.0 -1.126 0.2 993.0 1.4892 10.0 
0.25263 25.57494 68.0 1526.0 2.0 46.0 0.0 -2.0929 1.374 0.0 0.42426 1000.0 1.6625 13.0 47.0 0.0 -0.1929 0.0 -0.126 0.44721 1000.0 1.7355 11.0 48.0 1.6071 0.0 0.0 -1.426 0.36056 998.0 1.5688 10.0 50.0 3.2071 0.0 0.0 -2.826 0.28284 997.0 1.5959 11.0 55.0 4.4071 0.0 0.0 -4.126 0.28284 994.0 1.6261 11.0 
0.13842 86.89722 68.0 1532.0 2.0 43.0 0.0 -2.0929 0.174 0.0 0.36056 1001.0 1.5738 18.0 43.0 0.0 -0.2929 0.0 -0.726 0.31623 1001.0 1.5738 16.0 45.0 1.5071 0.0 0.0 -1.426 0.28284 1000.0 1.591 15.0 47.0 3.0071 0.0 0.0 -2.126 0.36056 998.0 1.5041 13.0 52.0 4.3071 0.0 0.0 -2.826 0.22361 996.0 1.6246 14.0 
0.37104 22.67945 43.0 1533.0 2.0 58.0 0.0 -2.5929 2.974 0.0 0.70711 1001.0 2.5 13.0 56.0 0.1071 0.0 0.174 0.0 0.56569 1001.0 2.5 17.0 59.0 2.6071 0.0 0.0 -2.426 0.64031 1000.0 2.5 15.0 61.0 4.9071 0.0 0.0 -5.026 0.56569 998.0 2.5 13.0 65.0 7.0071 0.0 0.0 -7.526 0.5 997.0 2.5 16.0 
0.56082 25.09838 50.0 1539.0 2.0 61.0 0.0 -2.0929 0.374 0.0 0.41231 995.0 2.1114 11.0 68.0 0.0071 0.0 0.0 -0.226 0.3 992.0 2.249 12.0 80.0 2.0071 0.0 0.0 -0.226 0.3 984.0 2.2541 9.0 97.0 4.1071 0.0 0.0 -0.026 0.4 974.0 2.4641 8.0 105.0 6.1071 0.0 0.074 0.0 0.31623 965.0 2.346 7.0 
0.12379 100.68908 58.0 1540.0 2.0 49.0 0.0 -0.9929 2.874 0.0 0.44721 999.0 1.7517 11.0 53.0 0.6071 0.0 0.674 0.0 0.42426 998.0 1.9127 10.0 59.0 2.6071 0.0 0.0 -1.326 0.42426 997.0 2.2221 12.0 63.0 4.4071 0.0 0.0 -3.026 0.36056 993.0 2.0269 10.0 69.0 5.8071 0.0 0.0 -4.426 0.22361 986.0 1.801 8.0 
0.20244 53.71602 78.0 1543.0 2.0 57.0 0.0 -0.7929 1.674 0.0 0.28284 996.0 1.952 14.0 53.0 0.3071 0.0 0.374 0.0 0.28284 996.0 1.6877 14.0 50.0 1.2071 0.0 0.0 -0.626 0.22361 996.0 1.502 14.0 50.0 2.0071 0.0 0.0 -1.326 0.22361 996.0 1.502 14.0 50.0 2.9071 0.0 0.0 -1.826 0.1 995.0 1.4186 14.0 
0.1724 62.18838 126.0 1545.0 2.0 47.0 0.0 -1.7929 0.374 0.0 0.36056 999.0 1.6116 15.0 47.0 0.0 -0.1929 0.0 -0.526 0.22361 999.0 1.6116 17.0 52.0 1.1071 0.0 0.0 -0.826 0.2 996.0 1.6246 14.0 54.0 2.2071 0.0 0.0 -0.926 0.1 994.0 1.5675 13.0 58.0 3.2071 0.0 0.0 -1.026 0.1 992.0 1.6361 12.0 
0.2075 59.28963 56.0 1546.0 2.0 52.0 0.0 -2.0929 0.0 -0.026 0.31623 997.0 1.7261 9.0 62.0 0.0 -0.0929 0.0 -0.526 0.41231 995.0 2.1812 10.0 71.0 2.2071 0.0 0.0 -1.026 0.36056 991.0 2.3403 9.0 74.0 4.1071 0.0 0.0 -1.726 0.31623 987.0 2.1512 8.0 77.0 5.6071 0.0 0.0 -2.126 0.2 983.0 2.0186 7.0 
0.2914 19.33007 181.0 1549.0 2.0 46.0 0.0 -1.8929 1.574 0.0 0.5 1001.0 1.801 17.0 46.0 0.0071 0.0 0.174 0.0 0.36056 1000.0 1.6625 16.0 47.0 1.7071 0.0 0.0 -0.826 0.31623 999.0 1.6116 14.0 52.0 3.3071 0.0 0.0 -1.626 0.36056 998.0 1.8412 16.0 58.0 4.8071 0.0 0.0 -2.426 0.31623 995.0 1.9088 13.0 
0.37635 25.57494 58.0 1552.0 2.0 59.0 0.0 -2.3929 0.974 0.0 0.44721 997.0 2.2221 12.0 66.0 0.0 -0.1929 0.0 -0.126 0.31623 992.0 2.1186 9.0 73.0 1.7071 0.0 0.0 -0.926 0.31623 987.0 2.0934 8.0 78.0 3.5071 0.0 0.0 -1.626 0.31623 983.0 2.0713 7.0 88.0 5.1071 0.0 0.0 -2.226 0.3 974.0 2.0281 6.0 
0.27857 35.39254 56.0 1557.0 2.0 58.0 0.0 -2.4929 1.574 0.0 0.5 997.0 2.1474 9.0 62.0 0.0 -0.2929 0.0 -0.126 0.44721 995.0 2.1812 11.0 67.0 1.7071 0.0 0.0 -1.126 0.31623 991.0 2.0841 9.0 74.0 3.6071 0.0 0.0 -1.826 0.3 987.0 2.1512 8.0 80.0 5.3071 0.0 0.0 -2.226 0.2 981.0 2.0427 6.0 
0.1067 125.5501 55.0 1564.0 2.0 48.0 0.0 -1.7929 0.0 -1.526 0.3 999.0 1.6809 17.0 59.0 0.1071 0.0 0.0 -1.126 0.3 996.0 2.0914 14.0 64.0 2.0071 0.0 0.0 -0.726 0.41231 994.0 2.2019 13.0 63.0 3.9071 0.0 0.0 -0.326 0.3 994.0 2.1336 12.0 55.0 5.5071 0.0 0.0 -0.126 0.22361 996.0 1.8174 14.0 
0.32346 22.67945 57.0 1565.0 2.0 52.0 0.0 -1.2929 1.474 0.0 0.28284 998.0 1.8412 13.0 54.0 0.1071 0.0 0.174 0.0 0.28284 996.0 1.752 15.0 63.0 1.5071 0.0 0.0 -0.626 0.31623 992.0 1.9304 12.0 73.0 3.1071 0.0 0.0 -0.926 0.31623 987.0 2.0934 10.0 84.0 4.9071 0.0 0.0 -1.226 0.3 981.0 2.2521 9.0 
0.09184 280.49123 65.0 1566.0 2.0 50.0 0.0 -0.6929 0.0 -2.926 0.22361 996.0 1.502 11.0 59.0 0.7071 0.0 0.0 -2.426 0.31623 992.0 1.693 9.0 74.0 2.3071 0.0 0.0 -1.926 0.31623 986.0 2.0715 10.0 91.0 3.9071 0.0 0.0 -1.526 0.31623 974.0 2.1687 8.0 100.0 5.2071 0.0 0.0 -1.126 0.22361 964.0 2.0844 7.0 
0.10154 242.60615 51.0 1570.0 2.0 51.0 0.0 -1.2929 0.0 -2.626 0.31623 997.0 1.6604 12.0 60.0 0.5071 0.0 0.0 -2.126 0.3 994.0 1.9352 12.0 72.0 2.3071 0.0 0.0 -1.626 0.31623 988.0 2.1179 11.0 84.0 4.1071 0.0 0.0 -1.126 0.31623 982.0 2.3248 9.0 93.0 5.9071 0.0 0.0 -0.826 0.31623 974.0 2.2651 8.0 
0.22632 25.09838 57.0 1572.0 2.0 48.0 0.0 -1.5929 1.574 0.0 0.36056 1000.0 1.8102 16.0 48.0 0.0071 0.0 0.0 -0.226 0.28284 999.0 1.6809 14.0 50.0 1.5071 0.0 0.0 -1.526 0.22361 997.0 1.5959 13.0 56.0 3.0071 0.0 0.0 -2.226 0.2 995.0 1.7795 14.0 65.0 4.6071 0.0 0.0 -2.526 0.3 992.0 2.0549 12.0 
0.10208 126.3464 51.0 1587.0 2.0 57.0 0.0 -3.0929 0.374 0.0 0.5831 1000.0 2.5 15.0 56.0 0.0 -0.4929 0.0 -1.026 0.44721 998.0 2.1353 13.0 58.0 1.7071 0.0 0.0 -1.626 0.31623 996.0 2.0211 13.0 62.0 3.6071 0.0 0.0 -1.726 0.3 994.0 2.0664 13.0 69.0 5.3071 0.0 0.0 -1.326 0.3 990.0 2.1142 11.0 
0.16669 69.94114 56.0 1590.0 2.0 65.0 0.0 -1.0929 1.974 0.0 0.42426 994.0 2.2712 13.0 63.0 0.5071 0.0 0.374 0.0 0.36056 995.0 2.2521 13.0 60.0 2.2071 0.0 0.0 -0.726 0.31623 995.0 2.0427 13.0 57.0 3.8071 0.0 0.0 -1.426 0.22361 996.0 1.952 14.0 53.0 5.2071 0.0 0.0 -1.926 0.31623 997.0 1.7931 14.0 
0.10212 179.69067 97.0 1592.0 2.0 39.0 0.0 -1.9929 1.074 0.0 0.31623 1000.0 1.195 12.0 38.0 0.0 -1.4929 0.0 -0.626 0.31623 999.0 1.0535 11.0 38.0 0.0 -0.9929 0.0 -1.826 0.22361 998.0 1.0 10.0 39.0 0.0 -0.4929 0.0 -2.526 0.14142 996.0 1.0 10.0 46.0 0.0071 0.0 0.0 -2.726 0.1 993.0 1.0806 10.0 
0.16533 76.71589 94.0 1606.0 2.0 55.0 0.0 -1.2929 0.074 0.0 0.28284 992.0 1.4713 10.0 62.0 0.0 -0.2929 0.0 -0.626 0.22361 987.0 1.5101 11.0 79.0 0.7071 0.0 0.0 -0.626 0.14142 975.0 1.6775 8.0 104.0 1.5071 0.0 0.074 0.0 0.22361 958.0 2.0086 8.0 126.0 2.3071 0.0 1.174 0.0 0.28284 938.0 2.162 7.0 
0.26832 77.39705 109.0 1609.0 2.0 38.0 0.0 -0.6929 0.0 -1.226 0.14142 999.0 1.0535 14.0 44.0 0.3071 0.0 0.0 -0.626 0.22361 998.0 1.3183 17.0 52.0 1.5071 0.0 0.0 -0.126 0.22361 995.0 1.5343 14.0 55.0 2.6071 0.0 0.074 0.0 0.2 993.0 1.5448 13.0 57.0 3.6071 0.0 0.0 -0.226 0.1 992.0 1.5802 12.0 
0.18863 81.24308 113.0 1612.0 2.0 39.0 0.0 -1.0929 0.0 -0.426 0.22361 999.0 1.1096 18.0 45.0 0.0 -0.0929 0.0 -0.726 0.14142 997.0 1.2927 20.0 53.0 0.9071 0.0 0.0 -0.826 0.1 994.0 1.51 17.0 56.0 1.9071 0.0 0.0 -0.726 0.1 993.0 1.6015 16.0 58.0 2.8071 0.0 0.0 -0.726 0.14142 991.0 1.5618 15.0 
0.28864 32.65484 71.0 1613.0 2.0 49.0 0.0 -1.3929 1.374 0.0 0.28284 998.0 1.6349 13.0 53.0 0.1071 0.0 0.274 0.0 0.36056 997.0 1.7931 15.0 59.0 1.5071 0.0 0.0 -0.326 0.3 993.0 1.7777 12.0 65.0 2.8071 0.0 0.0 -0.426 0.2 989.0 1.798 11.0 72.0 3.9071 0.0 0.0 -0.226 0.2 984.0 1.8258 9.0 
0.35837 22.67945 57.0 1616.0 2.0 49.0 0.0 -1.3929 2.474 0.0 0.44721 1000.0 1.8864 15.0 51.0 0.1071 0.0 0.174 0.0 0.42426 999.0 1.8976 14.0 54.0 1.9071 0.0 0.0 -1.526 0.36056 997.0 1.8615 12.0 58.0 3.6071 0.0 0.0 -2.726 0.36056 996.0 2.0211 14.0 67.0 5.2071 0.0 0.0 -3.726 0.22361 991.0 2.0841 11.0 
0.34174 21.60552 161.0 1617.0 2.0 59.0 0.0 -1.7929 0.874 0.0 0.31623 995.0 1.9752 11.0 63.0 0.0 -0.1929 0.0 -0.026 0.28284 991.0 1.8426 10.0 70.0 1.1071 0.0 0.0 -0.726 0.22361 986.0 1.8536 10.0 69.0 2.1071 0.0 0.0 -1.326 0.14142 985.0 1.7367 10.0 66.0 2.9071 0.0 0.0 -1.826 0.14142 986.0 1.6478 10.0 
0.27554 178.00837 67.0 1619.0 2.0 92.0 0.0 -1.1929 1.974 0.0 0.22361 974.0 2.2166 12.0 96.0 0.3071 0.0 1.574 0.0 0.3 971.0 2.2412 12.0 99.0 1.9071 0.0 1.274 0.0 0.22361 968.0 2.2245 11.0 102.0 3.4071 0.0 0.774 0.0 0.31623 966.0 2.2609 11.0 108.0 4.8071 0.0 0.274 0.0 0.2 955.0 2.054 9.0 
0.17052 69.94114 63.0 1620.0 2.0 55.0 0.0 -0.8929 2.674 0.0 0.44721 998.0 2.0598 13.0 54.0 0.5071 0.0 0.374 0.0 0.42426 997.0 1.8615 9.0 55.0 2.0071 0.0 0.0 -1.426 0.36056 995.0 1.7165 8.0 61.0 3.5071 0.0 0.0 -2.726 0.22361 992.0 1.8098 9.0 74.0 4.8071 0.0 0.0 -3.626 0.22361 983.0 1.8643 7.0 
0.08597 70.43091 50.0 1623.0 2.0 59.0 0.0 -3.4929 2.074 0.0 0.64031 1001.0 2.5 13.0 56.0 0.0 -0.5929 0.0 -0.226 0.56569 1000.0 2.4639 12.0 56.0 1.8071 0.0 0.0 -2.326 0.5 999.0 2.2879 10.0 57.0 4.2071 0.0 0.0 -3.826 0.44721 998.0 2.2123 13.0 57.0 6.2071 0.0 0.0 -4.626 0.3 995.0 1.8436 11.0 
0.19766 53.71602 93.0 1624.0 2.0 94.0 0.0 -1.0929 1.974 0.0 0.42426 976.0 2.4391 8.0 96.0 0.3071 0.0 0.374 0.0 0.28284 972.0 2.2958 7.0 93.0 1.5071 0.0 0.0 -0.626 0.14142 970.0 2.0544 7.0 86.0 2.4071 0.0 0.0 -1.326 0.14142 974.0 1.9369 7.0 78.0 3.2071 0.0 0.0 -1.726 0.1 979.0 1.8277 8.0 
1.9841 12.23339 73.0 1632.0 2.0 94.0 0.0 -2.1929 2.074 0.0 0.5 981.0 2.5 9.0 111.0 0.1071 0.0 0.0 -0.026 0.44721 966.0 2.5 7.0 117.0 2.2071 0.0 0.0 -1.126 0.36056 956.0 2.4529 6.0 112.0 3.7071 0.0 0.0 -1.726 0.22361 954.0 2.1715 6.0 100.0 4.8071 0.0 0.0 -2.026 0.22361 963.0 2.0427 6.0 
0.32473 53.615 61.0 1634.0 2.0 39.0 0.0 -0.9929 0.774 0.0 0.22361 999.0 1.1096 19.0 43.0 0.0 -0.0929 0.474 0.0 0.2 998.0 1.259 21.0 51.0 0.8071 0.0 0.574 0.0 0.22361 995.0 1.4759 17.0 58.0 1.9071 0.0 1.274 0.0 0.28284 993.0 1.7179 16.0 66.0 3.1071 0.0 2.674 0.0 0.36056 992.0 2.1186 15.0 
0.2595 56.80407 52.0 163.0 2.0 66.0 0.0 -3.1929 0.0 -1.126 0.72111 1000.0 2.5 19.0 59.0 0.0 -0.1929 0.474 0.0 0.44721 1000.0 2.5 18.0 50.0 2.0071 0.0 1.274 0.0 0.31623 1000.0 1.9642 18.0 43.0 3.5071 0.0 1.874 0.0 0.22361 1000.0 1.4527 19.0 37.0 4.6071 0.0 2.474 0.0 0.22361 1001.0 1.1652 20.0 
0.50876 8.25172 58.0 1644.0 2.0 59.0 0.0 -2.6929 1.974 0.0 0.64031 999.0 2.5 15.0 61.0 0.0071 0.0 0.074 0.0 0.5831 998.0 2.5 13.0 64.0 2.6071 0.0 0.0 -1.426 0.42426 995.0 2.3242 11.0 67.0 4.6071 0.0 0.0 -2.826 0.28284 992.0 2.1833 12.0 76.0 6.0071 0.0 0.0 -3.926 0.28284 984.0 2.0343 9.0 
0.2988 30.02471 55.0 1646.0 2.0 46.0 0.0 -1.5929 2.174 0.0 0.42426 1001.0 1.801 18.0 48.0 0.2071 0.0 0.174 0.0 0.42426 1000.0 1.8102 22.0 49.0 2.0071 0.0 0.0 -1.526 0.28284 999.0 1.7517 19.0 48.0 3.6071 0.0 0.0 -2.626 0.36056 998.0 1.5688 18.0 53.0 5.3071 0.0 0.0 -3.526 0.22361 997.0 1.7931 20.0 
0.10357 151.85702 70.0 1648.0 2.0 57.0 0.0 -0.4929 0.0 -1.826 0.22361 991.0 1.5084 9.0 73.0 0.6071 0.0 0.0 -1.226 0.22361 984.0 1.8769 9.0 88.0 1.8071 0.0 0.0 -0.326 0.22361 975.0 2.0815 8.0 91.0 3.0071 0.0 0.474 0.0 0.22361 973.0 2.1145 7.0 90.0 4.3071 0.0 0.974 0.0 0.22361 973.0 2.0683 7.0 
0.4223 51.68435 124.0 1656.0 2.0 44.0 0.0 -0.2929 0.0 -1.226 0.14142 997.0 1.2359 14.0 56.0 0.4071 0.0 0.0 -0.226 0.28284 993.0 1.6015 13.0 65.0 1.2071 0.0 1.074 0.0 0.28284 990.0 1.8762 11.0 70.0 2.1071 0.0 2.174 0.0 0.22361 986.0 1.8536 10.0 75.0 2.8071 0.0 3.274 0.0 0.22361 982.0 1.8533 9.0 
0.2628 53.94034 52.0 165.0 2.0 54.0 0.0 -2.1929 1.274 0.0 0.53852 1001.0 2.4819 20.0 53.0 0.1071 0.0 0.474 0.0 0.41231 1000.0 2.207 18.0 52.0 2.1071 0.0 0.0 -0.326 0.36056 999.0 1.9727 17.0 52.0 3.9071 0.0 0.0 -1.526 0.36056 999.0 1.9727 17.0 50.0 5.6071 0.0 0.0 -2.726 0.31623 999.0 1.8239 17.0 
0.24714 191.22972 54.0 1667.0 2.0 86.0 0.0 -2.4929 2.574 0.0 0.53852 989.0 2.5 11.0 91.0 0.4071 0.0 1.674 0.0 0.5099 983.0 2.5 9.0 90.0 2.9071 0.0 0.974 0.0 0.3 980.0 2.5 8.0 85.0 4.7071 0.0 0.674 0.0 0.22361 978.0 2.1084 8.0 83.0 5.9071 0.0 0.974 0.0 0.2 977.0 1.9545 8.0 
0.46343 57.8912 46.0 1668.0 2.0 43.0 0.0 -0.8929 0.0 -1.526 0.28284 1001.0 1.5738 21.0 43.0 0.4071 0.0 0.0 -0.326 0.36056 1001.0 1.5738 20.0 42.0 1.5071 0.0 1.174 0.0 0.36056 1001.0 1.5014 20.0 39.0 2.6071 0.0 2.374 0.0 0.28284 1001.0 1.2946 22.0 34.0 3.7071 0.0 3.274 0.0 0.22361 1002.0 1.0734 24.0 
0.3695 52.57774 75.0 1676.0 2.0 61.0 0.0 -0.9929 0.0 -0.926 0.22361 990.0 1.6524 9.0 74.0 0.2071 0.0 0.0 -0.426 0.22361 983.0 1.8643 9.0 89.0 1.2071 0.0 0.174 0.0 0.22361 972.0 1.9732 7.0 96.0 2.2071 0.0 0.474 0.0 0.22361 965.0 1.961 7.0 102.0 3.2071 0.0 0.574 0.0 0.2 960.0 2.005 6.0 
0.12955 220.91639 43.0 1689.0 2.0 78.0 0.0 -1.3929 5.674 0.0 1.0 1000.0 2.5 12.0 69.0 1.6071 0.0 1.174 0.0 0.86023 998.0 2.5 11.0 65.0 3.9071 0.0 0.0 -2.526 0.64031 998.0 2.5 14.0 66.0 6.0071 0.0 0.0 -5.526 0.5 995.0 2.4717 12.0 67.0 7.9071 0.0 0.0 -7.726 0.36056 991.0 2.0841 10.0 
0.06238 75.10415 57.0 1695.0 2.0 57.0 0.0 -2.4929 2.974 0.0 0.72111 1001.0 2.5 14.0 51.0 0.0 -0.5929 0.0 -0.326 0.5831 1001.0 2.2138 18.0 47.0 1.0071 0.0 0.0 -2.726 0.36056 1000.0 1.7355 16.0 48.0 2.6071 0.0 0.0 -4.226 0.31623 999.0 1.6809 14.0 50.0 4.2071 0.0 0.0 -4.826 0.31623 997.0 1.5959 12.0 
0.26111 56.47123 49.0 1696.0 2.0 69.0 0.0 -4.1929 2.574 0.0 0.86023 1002.0 2.5 19.0 61.0 0.0 -0.4929 0.0 -0.126 0.64031 1001.0 2.5 18.0 54.0 2.4071 0.0 0.0 -1.526 0.44721 1001.0 2.4819 21.0 52.0 4.7071 0.0 0.0 -1.926 0.3 999.0 1.9727 18.0 51.0 6.5071 0.0 0.0 -1.926 0.3 998.0 1.7711 16.0 
0.29251 62.69156 61.0 1700.0 2.0 63.0 0.0 -1.7929 2.974 0.0 0.64031 997.0 2.5 9.0 62.0 0.3071 0.0 0.474 0.0 0.5 996.0 2.3095 11.0 67.0 2.2071 0.0 0.0 -1.126 0.36056 991.0 2.0841 9.0 76.0 3.8071 0.0 0.0 -2.126 0.31623 985.0 2.1069 9.0 92.0 5.3071 0.0 0.0 -2.526 0.22361 971.0 2.0583 7.0 
0.36147 32.11459 75.0 1702.0 2.0 60.0 0.0 -1.4929 0.074 0.0 0.3 992.0 1.7509 9.0 71.0 0.0 -0.0929 0.274 0.0 0.31623 987.0 1.9803 10.0 79.0 1.1071 0.0 0.874 0.0 0.22361 981.0 1.992 8.0 80.0 2.2071 0.0 1.474 0.0 0.22361 980.0 1.9808 8.0 74.0 3.4071 0.0 1.974 0.0 0.22361 984.0 1.9286 9.0 
0.17406 51.90795 70.0 1709.0 2.0 41.0 0.0 -0.8929 0.0 -0.026 0.14142 997.0 1.0731 12.0 48.0 0.0 -0.1929 0.0 -0.426 0.22361 994.0 1.2385 10.0 62.0 0.8071 0.0 0.0 -0.526 0.22361 990.0 1.707 11.0 72.0 2.1071 0.0 0.0 -0.626 0.2 985.0 1.891 10.0 86.0 3.4071 0.0 0.0 -0.926 0.31623 976.0 2.0416 8.0 
0.41491 19.33007 54.0 1715.0 2.0 44.0 0.0 -1.7929 0.0 -0.726 0.36056 1000.0 1.5211 15.0 52.0 0.0071 0.0 0.174 0.0 0.36056 999.0 1.9727 12.0 57.0 1.6071 0.0 1.374 0.0 0.36056 997.0 2.074 11.0 55.0 3.2071 0.0 2.574 0.0 0.28284 997.0 1.931 11.0 54.0 4.6071 0.0 3.674 0.0 0.31623 997.0 1.8615 11.0 
0.11482 159.58258 61.0 1716.0 2.0 37.0 0.0 -0.1929 0.0 -1.926 0.22361 1001.0 1.1652 13.0 39.0 1.0071 0.0 0.0 -1.026 0.28284 1001.0 1.2946 16.0 45.0 2.2071 0.0 0.174 0.0 0.36056 1000.0 1.591 14.0 50.0 3.5071 0.0 1.674 0.0 0.28284 998.0 1.7023 13.0 50.0 4.6071 0.0 2.974 0.0 0.28284 997.0 1.5959 12.0 
0.13073 121.95089 94.0 1719.0 2.0 37.0 0.0 -0.9929 0.0 -0.626 0.14142 999.0 1.0 14.0 40.0 0.0 -0.3929 0.0 -1.026 0.14142 997.0 1.0214 12.0 46.0 0.3071 0.0 0.0 -1.126 0.1 995.0 1.2007 12.0 58.0 0.9071 0.0 0.0 -0.726 0.14142 990.0 1.4939 11.0 69.0 1.5071 0.0 0.274 0.0 0.28284 986.0 1.801 10.0 
0.17119 32.65484 98.0 1733.0 2.0 44.0 0.0 -1.1929 1.974 0.0 0.36056 1001.0 1.6478 17.0 44.0 0.1071 0.0 0.274 0.0 0.28284 1000.0 1.5211 15.0 43.0 1.3071 0.0 0.0 -0.726 0.22361 999.0 1.3489 16.0 48.0 2.3071 0.0 0.0 -1.126 0.2 997.0 1.4708 15.0 51.0 3.2071 0.0 0.0 -1.226 0.1 994.0 1.3982 13.0 
0.23224 10.70814 95.0 1738.0 2.0 52.0 0.0 -0.0929 0.0 -0.326 0.0 990.0 1.2008 11.0 60.0 0.0 -0.0929 0.0 -0.026 0.1 987.0 1.4142 10.0 64.0 0.0071 0.0 0.574 0.0 0.1 986.0 1.5495 10.0 69.0 0.3071 0.0 1.274 0.0 0.22361 984.0 1.6768 9.0 73.0 0.9071 0.0 2.174 0.0 0.22361 983.0 1.8143 9.0 
0.32012 13.18352 55.0 1739.0 2.0 45.0 0.0 -1.6929 0.974 0.0 0.36056 998.0 1.3789 15.0 47.0 0.0 -0.0929 0.074 0.0 0.31623 998.0 1.5041 18.0 48.0 1.5071 0.0 0.0 -0.326 0.22361 997.0 1.4708 17.0 54.0 3.1071 0.0 0.0 -0.426 0.3 995.0 1.6546 19.0 62.0 4.8071 0.0 0.0 -0.226 0.2 992.0 1.8696 18.0 
0.16004 152.59922 102.0 1741.0 2.0 33.0 1.3071 0.0 0.0 -1.226 0.1 1001.0 1.0 21.0 37.0 1.3071 0.0 0.0 -0.426 0.22361 999.0 1.0 18.0 40.0 1.4071 0.0 0.574 0.0 0.14142 999.0 1.1673 17.0 42.0 1.6071 0.0 1.474 0.0 0.14142 998.0 1.2011 16.0 41.0 2.0071 0.0 2.174 0.0 0.1 998.0 1.1446 16.0 
0.33207 30.02471 63.0 1747.0 2.0 56.0 0.0 -0.6929 0.474 0.0 0.14142 992.0 1.5252 12.0 65.0 0.2071 0.0 0.174 0.0 0.1 988.0 1.7261 10.0 71.0 1.2071 0.0 0.0 -0.126 0.22361 985.0 1.8388 9.0 76.0 2.4071 0.0 0.0 -0.426 0.22361 983.0 1.9665 9.0 81.0 3.8071 0.0 0.0 -0.526 0.3 981.0 2.0941 9.0 
0.10844 190.76591 55.0 1749.0 2.0 59.0 0.4071 0.0 0.0 -2.626 0.36056 994.0 1.8713 17.0 72.0 1.5071 0.0 0.0 -0.826 0.36056 988.0 2.1179 13.0 81.0 2.6071 0.0 1.174 0.0 0.36056 984.0 2.3108 12.0 86.0 3.8071 0.0 3.074 0.0 0.36056 981.0 2.3606 11.0 89.0 5.1071 0.0 4.374 0.0 0.28284 976.0 2.1866 10.0 
0.11528 178.33063 55.0 1752.0 2.0 45.0 0.0 -0.0929 0.0 -2.326 0.22361 998.0 1.3789 17.0 54.0 0.9071 0.0 0.0 -1.326 0.22361 995.0 1.6546 14.0 60.0 2.1071 0.0 0.0 -0.226 0.28284 993.0 1.8385 12.0 62.0 3.3071 0.0 0.874 0.0 0.28284 992.0 1.8696 12.0 64.0 4.6071 0.0 1.774 0.0 0.22361 991.0 1.9016 11.0 
0.31848 75.75263 50.0 1756.0 2.0 53.0 0.0 -1.4929 1.074 0.0 0.31623 995.0 1.5939 15.0 62.0 0.1071 0.0 0.674 0.0 0.31623 992.0 1.8696 14.0 73.0 1.7071 0.0 0.974 0.0 0.31623 987.0 2.0934 13.0 80.0 3.4071 0.0 1.974 0.0 0.28284 984.0 2.2541 12.0 86.0 5.1071 0.0 3.274 0.0 0.36056 981.0 2.3606 11.0 
0.28195 22.67945 92.0 1760.0 2.0 47.0 0.0 -0.8929 0.574 0.0 0.22361 998.0 1.5041 15.0 48.0 0.1071 0.0 0.174 0.0 0.22361 997.0 1.4708 15.0 47.0 1.1071 0.0 0.0 -0.326 0.22361 997.0 1.4101 15.0 45.0 2.0071 0.0 0.0 -0.726 0.22361 998.0 1.3789 15.0 44.0 2.9071 0.0 0.0 -0.926 0.2 998.0 1.3183 16.0 
0.18333 86.89722 101.0 1764.0 2.0 38.0 0.0 -1.0929 0.0 -0.226 0.14142 999.0 1.0535 19.0 40.0 0.0 -0.2929 0.0 -0.726 0.14142 997.0 1.0214 17.0 45.0 0.4071 0.0 0.0 -1.026 0.1 995.0 1.149 19.0 53.0 1.1071 0.0 0.0 -1.026 0.2 991.0 1.3041 16.0 66.0 1.9071 0.0 0.0 -0.926 0.1 986.0 1.6478 16.0 
0.57918 12.23339 86.0 1771.0 2.0 59.0 0.0 -1.7929 0.0 -0.926 0.41231 997.0 2.2221 11.0 63.0 0.1071 0.0 0.0 -0.026 0.28284 994.0 2.1336 9.0 65.0 1.5071 0.0 1.574 0.0 0.36056 993.0 2.1576 9.0 63.0 2.6071 0.0 3.774 0.0 0.41231 995.0 2.2521 10.0 56.0 3.4071 0.0 5.774 0.0 0.31623 996.0 1.8841 10.0 
0.25776 17.37652 70.0 1774.0 2.0 49.0 0.0 -1.4929 1.274 0.0 0.42426 997.0 1.5327 13.0 53.0 0.0 -0.0929 0.0 -0.126 0.28284 995.0 1.5939 15.0 60.0 1.2071 0.0 0.0 -0.926 0.22361 990.0 1.5987 12.0 74.0 2.5071 0.0 0.0 -1.226 0.2 984.0 1.9286 12.0 85.0 3.7071 0.0 0.0 -1.026 0.2 976.0 1.9944 10.0 
0.27705 60.21138 118.0 1780.0 2.0 50.0 0.0 -2.0929 0.0 -1.026 0.36056 999.0 1.8239 18.0 56.0 0.0 -0.3929 0.374 0.0 0.28284 998.0 2.1353 15.0 57.0 1.1071 0.0 1.974 0.0 0.42426 997.0 2.074 15.0 55.0 2.5071 0.0 3.574 0.0 0.28284 997.0 1.931 15.0 53.0 3.8071 0.0 4.974 0.0 0.36056 998.0 1.9127 15.0 
0.15221 136.17788 84.0 1781.0 2.0 90.0 0.0 -2.0929 0.0 -2.826 0.67082 985.0 2.5 9.0 108.0 0.9071 0.0 0.0 -0.826 0.5 971.0 2.5 7.0 118.0 2.9071 0.0 1.174 0.0 0.42426 958.0 2.5 6.0 102.0 4.6071 0.0 2.674 0.0 0.36056 968.0 2.3614 7.0 93.0 5.6071 0.0 4.574 0.0 0.31623 975.0 2.3247 8.0 
0.27017 156.27706 58.0 1782.0 2.0 87.0 0.0 -1.5929 1.874 0.0 0.41231 980.0 2.3427 11.0 100.0 0.3071 0.0 1.374 0.0 0.3 969.0 2.3213 9.0 107.0 2.1071 0.0 1.174 0.0 0.31623 956.0 2.0515 6.0 126.0 3.7071 0.0 0.874 0.0 0.3 937.0 2.1336 5.0 135.0 5.2071 0.0 0.574 0.0 0.31623 928.0 2.1899 5.0 
0.97725 51.68435 298.0 1788.0 2.0 72.0 0.0 -1.0929 0.0 -1.826 0.28284 988.0 2.1179 14.0 91.0 0.4071 0.0 0.0 -0.226 0.42426 978.0 2.4166 11.0 100.0 2.1071 0.0 1.874 0.0 0.42426 974.0 2.5 10.0 102.0 3.7071 0.0 4.374 0.0 0.5 974.0 2.5 10.0 104.0 5.1071 0.0 7.174 0.0 0.53852 973.0 2.5 10.0 
0.54259 24.41152 75.0 1789.0 2.0 41.0 0.0071 0.0 0.0 -1.026 0.22361 998.0 1.1446 17.0 50.0 0.2071 0.0 0.074 0.0 0.2 995.0 1.4186 14.0 54.0 0.5071 0.0 1.274 0.0 0.22361 994.0 1.5675 13.0 55.0 1.0071 0.0 2.474 0.0 0.31623 994.0 1.6261 13.0 53.0 1.5071 0.0 3.874 0.0 0.31623 995.0 1.5939 14.0 
0.10866 119.67357 105.0 1798.0 2.0 32.0 0.0 -1.0929 0.0 -0.126 0.1 1000.0 1.0 16.0 34.0 0.0 -0.6929 0.0 -0.826 0.14142 999.0 1.0 15.0 38.0 0.0 -0.0929 0.0 -1.126 0.14142 998.0 1.0 13.0 45.0 0.6071 0.0 0.0 -1.126 0.1 996.0 1.2166 14.0 54.0 1.2071 0.0 0.0 -1.026 0.1 992.0 1.4182 12.0 
0.1858 102.21686 60.0 1799.0 2.0 70.0 0.0 -1.1929 0.0 -1.726 0.36056 988.0 2.0019 9.0 85.0 0.4071 0.0 0.0 -0.826 0.22361 979.0 2.1704 8.0 92.0 1.7071 0.0 0.074 0.0 0.28284 974.0 2.2166 7.0 93.0 3.1071 0.0 1.174 0.0 0.28284 973.0 2.2085 7.0 88.0 4.5071 0.0 2.174 0.0 0.22361 976.0 2.1377 8.0 
0.43426 21.89443 60.0 1800.0 2.0 58.0 0.0 -1.8929 0.0 -0.626 0.31623 995.0 1.9088 11.0 65.0 0.0 -0.0929 0.174 0.0 0.36056 991.0 1.9615 9.0 74.0 1.6071 0.0 1.474 0.0 0.36056 987.0 2.1512 8.0 78.0 3.3071 0.0 2.874 0.0 0.42426 985.0 2.2193 7.0 81.0 4.9071 0.0 4.774 0.0 0.42426 984.0 2.3108 7.0 
0.72816 42.32382 64.0 1811.0 2.0 65.0 0.0 -1.3929 0.0 -1.326 0.31623 992.0 2.0549 9.0 76.0 0.3071 0.0 0.0 -0.226 0.28284 986.0 2.185 10.0 94.0 1.7071 0.0 1.274 0.0 0.42426 974.0 2.3141 8.0 106.0 3.2071 0.0 3.074 0.0 0.36056 966.0 2.4417 7.0 110.0 4.6071 0.0 5.074 0.0 0.44721 963.0 2.4717 6.0 
0.09967 189.51008 214.0 1813.0 2.0 52.0 1.7071 0.0 0.0 -1.526 0.2 995.0 1.5343 13.0 59.0 1.7071 0.0 0.0 -0.026 0.22361 993.0 1.7777 12.0 64.0 2.1071 0.0 1.674 0.0 0.31623 992.0 1.9922 11.0 65.0 2.8071 0.0 3.574 0.0 0.41231 992.0 2.0549 12.0 66.0 3.5071 0.0 5.874 0.0 0.41231 993.0 2.2245 12.0 
0.10335 158.7318 47.0 1814.0 2.0 48.0 0.0 -2.4929 0.0 -1.326 0.4 1001.0 1.961 21.0 57.0 0.1071 0.0 0.0 -1.426 0.4 999.0 2.3703 18.0 61.0 2.6071 0.0 0.0 -0.926 0.31623 997.0 2.3753 15.0 61.0 4.8071 0.0 0.0 -0.026 0.31623 996.0 2.2356 14.0 58.0 6.7071 0.0 0.874 0.0 0.36056 997.0 2.1474 15.0 
0.299 73.51405 68.0 1815.0 2.0 58.0 0.0 -0.7929 0.0 -1.326 0.22361 994.0 1.8084 12.0 68.0 0.5071 0.0 0.0 -0.426 0.22361 989.0 1.9678 11.0 77.0 1.7071 0.0 0.674 0.0 0.28284 984.0 2.0882 9.0 81.0 3.0071 0.0 1.674 0.0 0.22361 981.0 2.0941 9.0 75.0 4.2071 0.0 2.274 0.0 0.2 983.0 1.9151 9.0 
1.12483 8.25172 64.0 1816.0 2.0 75.0 0.0 -1.4929 0.0 -0.926 0.31623 982.0 1.8533 10.0 95.0 0.0071 0.0 0.074 0.0 0.28284 971.0 2.1947 9.0 109.0 1.5071 0.0 1.174 0.0 0.28284 961.0 2.3336 8.0 113.0 3.0071 0.0 2.474 0.0 0.28284 957.0 2.3289 8.0 112.0 4.4071 0.0 3.774 0.0 0.28284 957.0 2.2879 8.0 
0.72417 57.8912 111.0 1817.0 2.0 79.0 0.0 -1.0929 0.0 -1.826 0.28284 985.0 2.2766 12.0 94.0 0.4071 0.0 0.0 -0.326 0.36056 975.0 2.375 10.0 95.0 1.7071 0.0 1.474 0.0 0.36056 974.0 2.3636 10.0 90.0 2.7071 0.0 3.174 0.0 0.28284 976.0 2.236 10.0 84.0 3.6071 0.0 4.674 0.0 0.22361 978.0 2.0591 10.0 
0.37214 209.11311 44.0 1822.0 2.0 84.0 0.0 -2.4929 2.374 0.0 0.41231 984.0 2.4851 13.0 98.0 0.0 -0.1929 1.874 0.0 0.4 975.0 2.5 12.0 109.0 2.1071 0.0 1.974 0.0 0.4 966.0 2.5 11.0 117.0 4.5071 0.0 1.974 0.0 0.5 960.0 2.5 10.0 132.0 7.2071 0.0 1.774 0.0 0.41231 948.0 2.5 9.0 
0.37957 21.89443 65.0 1824.0 2.0 44.0 0.0 -1.4929 0.274 0.0 0.2 999.0 1.4124 14.0 50.0 0.0 -0.0929 0.174 0.0 0.3 997.0 1.5959 16.0 57.0 1.4071 0.0 0.474 0.0 0.2 995.0 1.8436 13.0 61.0 2.8071 0.0 0.774 0.0 0.22361 993.0 1.9003 12.0 63.0 4.1071 0.0 1.074 0.0 0.2 991.0 1.8426 11.0 
0.18658 35.39254 67.0 1829.0 2.0 42.0 0.0 -1.8929 1.374 0.0 0.36056 1001.0 1.5014 13.0 43.0 0.0 -0.2929 0.0 -0.126 0.36056 1000.0 1.4527 12.0 45.0 1.4071 0.0 0.0 -1.526 0.42426 999.0 1.4773 11.0 48.0 3.0071 0.0 0.0 -3.026 0.28284 999.0 1.6809 14.0 49.0 4.4071 0.0 0.0 -4.226 0.22361 996.0 1.4425 12.0 
0.17406 81.24308 70.0 1844.0 2.0 34.0 0.0 -0.9929 0.0 -0.826 0.14142 1000.0 1.0 16.0 38.0 0.0 -0.0929 0.0 -0.726 0.2 999.0 1.0535 14.0 45.0 1.0071 0.0 0.0 -0.726 0.2 998.0 1.3789 16.0 53.0 2.2071 0.0 0.0 -0.626 0.2 995.0 1.5939 14.0 58.0 3.5071 0.0 0.0 -0.326 0.22361 993.0 1.7179 12.0 
0.1421 125.5501 127.0 1845.0 2.0 43.0 0.0 -1.6929 0.0 -1.226 0.3 1001.0 1.5738 18.0 43.0 0.1071 0.0 0.0 -1.126 0.3 1001.0 1.5738 21.0 48.0 1.8071 0.0 0.0 -1.326 0.3 1000.0 1.8102 18.0 50.0 3.5071 0.0 0.0 -1.726 0.31623 999.0 1.8239 17.0 49.0 5.0071 0.0 0.0 -2.326 0.22361 998.0 1.6349 16.0 
0.37367 66.91619 64.0 1851.0 2.0 48.0 0.0 -0.3929 0.0 -1.526 0.22361 996.0 1.3843 11.0 58.0 0.5071 0.0 0.0 -0.326 0.22361 993.0 1.7179 12.0 67.0 1.5071 0.0 0.774 0.0 0.28284 989.0 1.9104 11.0 74.0 2.7071 0.0 1.674 0.0 0.22361 985.0 1.9975 9.0 80.0 3.8071 0.0 2.474 0.0 0.22361 980.0 1.9808 8.0 
0.29374 52.6199 248.0 1859.0 2.0 54.0 0.0 -1.5929 0.974 0.0 0.31623 996.0 1.752 16.0 59.0 0.0071 0.0 0.474 0.0 0.2 994.0 1.8713 17.0 63.0 1.4071 0.0 0.074 0.0 0.2 991.0 1.8426 15.0 66.0 2.7071 0.0 0.0 -0.326 0.2 989.0 1.8538 14.0 67.0 3.7071 0.0 0.0 -0.626 0.22361 987.0 1.7634 13.0 
0.48638 26.90838 54.0 1861.0 2.0 45.0 0.0 -0.8929 0.0 -0.826 0.22361 998.0 1.3789 16.0 53.0 0.2071 0.0 0.0 -0.126 0.22361 996.0 1.6877 14.0 57.0 1.4071 0.0 0.874 0.0 0.28284 995.0 1.8436 13.0 57.0 2.8071 0.0 1.874 0.0 0.22361 996.0 1.952 14.0 56.0 4.5071 0.0 2.274 0.0 0.22361 997.0 2.0019 15.0 
0.32627 22.67945 40.0 1867.0 2.0 49.0 0.0 -1.8929 2.474 0.0 0.5 1000.0 1.8864 13.0 50.0 0.1071 0.0 0.174 0.0 0.5 1000.0 1.9642 17.0 52.0 1.9071 0.0 0.0 -2.126 0.5 999.0 1.9727 15.0 55.0 3.5071 0.0 0.0 -4.626 0.44721 998.0 2.0598 14.0 59.0 4.8071 0.0 0.0 -7.226 0.5 996.0 2.0914 12.0 
0.09517 143.39234 56.0 1868.0 2.0 44.0 0.0 -1.0929 0.0 -1.626 0.31623 999.0 1.4124 14.0 51.0 0.4071 0.0 0.0 -1.226 0.3 997.0 1.6604 15.0 54.0 1.9071 0.0 0.0 -0.926 0.22361 996.0 1.752 14.0 56.0 3.1071 0.0 0.0 -0.426 0.22361 994.0 1.6858 13.0 62.0 4.3071 0.0 0.174 0.0 0.22361 992.0 1.8696 12.0 
0.33056 47.45382 47.0 1870.0 2.0 46.0 0.0 -2.0929 0.874 0.0 0.4 1001.0 1.801 17.0 49.0 0.2071 0.0 0.374 0.0 0.4 1001.0 2.0436 21.0 54.0 2.5071 0.0 0.174 0.0 0.4 999.0 2.1274 18.0 56.0 4.7071 0.0 0.274 0.0 0.4 998.0 2.1353 16.0 56.0 6.7071 0.0 0.174 0.0 0.3 997.0 2.0019 15.0 
0.22613 97.8178 48.0 1876.0 2.0 61.0 0.0 -2.4929 0.0 -1.626 0.5099 997.0 2.3753 13.0 67.0 0.3071 0.0 0.0 -0.826 0.41231 996.0 2.5 14.0 71.0 2.6071 0.0 0.0 -0.126 0.36056 991.0 2.3403 12.0 78.0 4.6071 0.0 0.474 0.0 0.3 986.0 2.3015 10.0 83.0 6.4071 0.0 0.274 0.0 0.31623 982.0 2.2698 9.0 
0.40129 14.4498 55.0 1880.0 2.0 47.0 0.0 -1.6929 0.774 0.0 0.31623 999.0 1.6116 14.0 52.0 0.1071 0.0 0.074 0.0 0.31623 998.0 1.8412 17.0 60.0 1.9071 0.0 0.0 -0.826 0.31623 995.0 2.0427 14.0 66.0 3.7071 0.0 0.0 -1.926 0.31623 993.0 2.2245 12.0 68.0 5.4071 0.0 0.0 -2.726 0.22361 991.0 2.1467 11.0 
0.19312 69.49047 266.0 1882.0 2.0 52.0 0.0 -1.2929 0.0 -0.626 0.22361 995.0 1.5343 11.0 59.0 0.0071 0.0 0.0 -0.626 0.2 992.0 1.693 12.0 69.0 1.3071 0.0 0.0 -0.626 0.2 988.0 1.9451 10.0 72.0 2.6071 0.0 0.0 -0.726 0.22361 986.0 1.961 10.0 74.0 3.8071 0.0 0.0 -0.826 0.2 983.0 1.8643 9.0 
0.36413 14.4498 70.0 1902.0 2.0 59.0 0.0 -2.0929 0.874 0.0 0.41231 998.0 2.3703 12.0 59.0 0.1071 0.0 0.074 0.0 0.36056 995.0 1.9752 11.0 57.0 1.8071 0.0 0.0 -0.826 0.22361 994.0 1.7465 10.0 54.0 3.1071 0.0 0.0 -1.626 0.14142 994.0 1.5675 10.0 52.0 4.0071 0.0 0.0 -2.226 0.22361 994.0 1.4536 10.0 
0.2827 57.41677 52.0 190.0 2.0 54.0 0.0 -2.4929 2.474 0.0 0.5831 1001.0 2.4819 16.0 57.0 0.2071 0.0 0.474 0.0 0.5 1000.0 2.5 15.0 56.0 2.6071 0.0 0.0 -1.526 0.42426 999.0 2.2879 14.0 58.0 4.5071 0.0 0.0 -3.426 0.36056 997.0 2.1474 15.0 60.0 6.1071 0.0 0.0 -4.726 0.28284 995.0 2.0427 13.0 
0.1983 2.99167 72.0 1911.0 2.0 35.0 0.0 -1.0929 0.674 0.0 0.22361 1000.0 1.0 12.0 38.0 0.0071 0.0 0.0 -0.026 0.22361 999.0 1.0535 11.0 43.0 1.2071 0.0 0.0 -0.926 0.22361 998.0 1.259 12.0 48.0 2.4071 0.0 0.0 -1.826 0.22361 996.0 1.3843 12.0 53.0 3.4071 0.0 0.0 -2.426 0.22361 992.0 1.3662 10.0 
0.19404 94.60993 41.0 1913.0 2.0 54.0 0.0 -1.0929 3.174 0.0 0.64031 999.0 2.1274 16.0 56.0 0.8071 0.0 0.274 0.0 0.5831 997.0 2.0019 15.0 57.0 2.4071 0.0 0.0 -2.426 0.5 996.0 1.952 13.0 59.0 3.8071 0.0 0.0 -4.826 0.44721 994.0 1.8713 15.0 66.0 5.2071 0.0 0.0 -7.026 0.36056 990.0 1.9344 13.0 
0.14955 32.98146 58.0 1921.0 2.0 34.0 0.0 -1.0929 0.274 0.0 0.14142 1000.0 1.0 17.0 36.0 0.0 -0.1929 0.0 -0.226 0.22361 999.0 1.0 15.0 41.0 0.9071 0.0 0.0 -0.526 0.22361 998.0 1.1446 16.0 49.0 2.3071 0.0 0.0 -0.726 0.22361 996.0 1.4425 16.0 59.0 3.9071 0.0 0.0 -0.826 0.3 994.0 1.8713 15.0 
0.40717 8.25172 87.0 1924.0 2.0 41.0 0.0 -0.7929 0.0 -0.226 0.2 998.0 1.1446 15.0 49.0 0.0071 0.0 0.074 0.0 0.2 995.0 1.3624 14.0 55.0 0.9071 0.0 0.174 0.0 0.1 993.0 1.5448 12.0 58.0 1.7071 0.0 0.174 0.0 0.1 991.0 1.5618 11.0 60.0 2.5071 0.0 0.074 0.0 0.1 990.0 1.5987 11.0 
0.21222 32.98146 155.0 1938.0 2.0 34.0 0.0 -0.6929 0.374 0.0 0.14142 1001.0 1.0 19.0 36.0 0.0 -0.1929 0.0 -0.226 0.14142 999.0 1.0 18.0 40.0 0.3071 0.0 0.0 -0.426 0.1 998.0 1.0895 16.0 43.0 0.9071 0.0 0.0 -0.126 0.14142 997.0 1.1803 15.0 44.0 1.4071 0.0 0.474 0.0 0.14142 997.0 1.2359 15.0 
0.47898 45.28017 83.0 1939.0 2.0 35.0 0.4071 0.0 0.0 -1.226 0.1 1000.0 1.0 15.0 41.0 0.4071 0.0 0.0 -0.026 0.3 999.0 1.2264 18.0 48.0 0.5071 0.0 1.374 0.0 0.22361 997.0 1.4708 15.0 51.0 1.0071 0.0 2.474 0.0 0.14142 995.0 1.4759 14.0 52.0 1.8071 0.0 2.974 0.0 0.1 994.0 1.4536 13.0 
0.12487 102.21686 68.0 1941.0 2.0 43.0 0.0 -0.6929 0.0 -1.226 0.2 998.0 1.259 13.0 52.0 0.4071 0.0 0.0 -0.826 0.22361 995.0 1.5343 14.0 58.0 1.4071 0.0 0.0 -0.526 0.22361 992.0 1.6361 12.0 60.0 2.4071 0.0 0.0 -0.326 0.1 991.0 1.6713 11.0 62.0 3.3071 0.0 0.0 -0.326 0.1 990.0 1.707 11.0 
0.24243 37.62661 89.0 1947.0 2.0 46.0 0.0 -1.7929 0.074 0.0 0.31623 1001.0 1.801 22.0 43.0 0.0 -0.0929 0.0 -0.326 0.2 1000.0 1.4527 19.0 43.0 1.2071 0.0 0.0 -0.526 0.2 1000.0 1.4527 18.0 41.0 2.4071 0.0 0.0 -0.926 0.14142 1000.0 1.3207 18.0 40.0 3.4071 0.0 0.0 -1.526 0.22361 1000.0 1.2571 19.0 
0.31465 57.8912 69.0 1949.0 2.0 44.0 0.0 -0.3929 0.0 -0.826 0.22361 998.0 1.3183 16.0 50.0 0.4071 0.0 0.0 -0.326 0.14142 995.0 1.4186 13.0 50.0 1.1071 0.0 0.274 0.0 0.14142 995.0 1.4186 13.0 48.0 1.8071 0.0 0.674 0.0 0.2 996.0 1.3843 14.0 47.0 2.7071 0.0 0.974 0.0 0.1 997.0 1.4101 15.0 
0.24785 58.02088 88.0 1951.0 2.0 49.0 0.0 -2.0929 0.0 -1.126 0.36056 1000.0 1.8864 19.0 49.0 0.0 -0.4929 0.174 0.0 0.36056 999.0 1.7517 18.0 48.0 0.8071 0.0 1.674 0.0 0.36056 999.0 1.6809 18.0 46.0 2.3071 0.0 2.674 0.0 0.22361 1000.0 1.6625 18.0 44.0 3.7071 0.0 3.174 0.0 0.31623 1000.0 1.5211 18.0 
0.19952 104.82693 64.0 1954.0 2.0 47.0 0.0 -0.1929 0.0 -1.826 0.28284 998.0 1.5041 16.0 52.0 0.7071 0.0 0.0 -0.626 0.14142 996.0 1.6246 14.0 50.0 1.5071 0.0 0.274 0.0 0.14142 996.0 1.502 14.0 46.0 2.3071 0.0 0.874 0.0 0.14142 997.0 1.3508 15.0 41.0 3.0071 0.0 1.274 0.0 0.1 999.0 1.2264 16.0 
0.25358 36.19458 67.0 1955.0 2.0 50.0 0.0 -2.1929 0.174 0.0 0.44721 1000.0 1.9642 11.0 49.0 0.0071 0.0 0.0 -0.326 0.31623 998.0 1.6349 10.0 53.0 1.9071 0.0 0.0 -0.826 0.31623 997.0 1.7931 12.0 56.0 3.4071 0.0 0.0 -1.526 0.31623 995.0 1.7795 10.0 60.0 4.7071 0.0 0.0 -2.226 0.22361 991.0 1.6713 9.0 
0.20732 69.49047 58.0 1969.0 2.0 56.0 0.0 -2.5929 0.074 0.0 0.44721 1001.0 2.5 19.0 54.0 0.0071 0.0 0.0 -0.626 0.41231 1000.0 2.291 18.0 55.0 2.1071 0.0 0.0 -1.126 0.31623 998.0 2.0598 16.0 54.0 3.8071 0.0 0.0 -1.826 0.28284 997.0 1.8615 15.0 52.0 5.2071 0.0 0.0 -2.626 0.31623 998.0 1.8412 15.0 
0.33706 86.42805 81.0 1978.0 2.0 47.0 0.6071 0.0 0.0 -1.726 0.2 997.0 1.4101 15.0 53.0 0.7071 0.0 0.0 -0.326 0.31623 995.0 1.5939 13.0 54.0 0.9071 0.0 1.074 0.0 0.1 994.0 1.5675 12.0 51.0 1.2071 0.0 1.974 0.0 0.14142 994.0 1.3982 13.0 48.0 1.7071 0.0 2.574 0.0 0.1 996.0 1.3843 14.0 
0.28568 100.72945 79.0 1983.0 2.0 38.0 1.0071 0.0 0.0 -0.426 0.1 998.0 1.0 16.0 43.0 0.9071 0.0 0.0 -0.026 0.1 997.0 1.1803 15.0 49.0 1.0071 0.0 0.874 0.0 0.2 995.0 1.3624 14.0 54.0 1.4071 0.0 1.974 0.0 0.2 994.0 1.5675 13.0 57.0 1.9071 0.0 3.274 0.0 0.22361 993.0 1.6592 12.0 
0.32448 10.70814 60.0 1988.0 2.0 33.0 0.0 -0.7929 0.0 -1.526 0.31623 1001.0 1.0 13.0 38.0 0.0 -0.0929 0.0 -0.026 0.31623 1001.0 1.2291 17.0 44.0 0.6071 0.0 1.674 0.0 0.31623 1000.0 1.5211 14.0 48.0 1.5071 0.0 3.274 0.0 0.36056 999.0 1.6809 13.0 52.0 2.9071 0.0 4.674 0.0 0.22361 998.0 1.8412 12.0 
0.11649 48.64617 145.0 200.0 2.0 55.0 0.0 -2.6929 1.774 0.0 0.56569 1000.0 2.3767 12.0 52.0 0.0 -0.2929 0.0 -0.326 0.5 1000.0 2.1245 11.0 50.0 1.7071 0.0 0.0 -1.926 0.42426 999.0 1.8239 14.0 51.0 3.3071 0.0 0.0 -3.326 0.36056 997.0 1.6604 13.0 53.0 4.7071 0.0 0.0 -4.326 0.22361 994.0 1.51 11.0 
0.28328 24.41152 65.0 2010.0 2.0 50.0 0.0 -1.4929 2.274 0.0 0.5 1001.0 2.1279 17.0 49.0 0.2071 0.0 0.074 0.0 0.42426 1000.0 1.8864 15.0 49.0 1.7071 0.0 0.0 -1.426 0.36056 998.0 1.6349 13.0 48.0 3.1071 0.0 0.0 -2.326 0.31623 997.0 1.4708 12.0 53.0 4.5071 0.0 0.0 -2.826 0.22361 996.0 1.6877 14.0 
0.21231 14.00819 292.0 2022.0 2.0 41.0 0.0 -1.0929 0.474 0.0 0.22361 999.0 1.2264 15.0 43.0 0.0071 0.0 0.0 -0.126 0.22361 997.0 1.1803 13.0 48.0 0.9071 0.0 0.0 -0.526 0.2 996.0 1.3843 15.0 56.0 1.8071 0.0 0.0 -0.626 0.1 991.0 1.4559 12.0 63.0 2.5071 0.0 0.0 -0.426 0.14142 987.0 1.5592 10.0 
0.29988 54.46995 60.0 2023.0 2.0 72.0 0.0 -1.1929 2.574 0.0 0.5831 993.0 2.5 12.0 68.0 0.4071 0.0 0.274 0.0 0.42426 993.0 2.3614 12.0 64.0 1.9071 0.0 0.0 -1.326 0.36056 992.0 1.9922 12.0 68.0 3.3071 0.0 0.0 -2.326 0.22361 988.0 1.8891 11.0 84.0 4.5071 0.0 0.0 -2.726 0.22361 977.0 2.0019 8.0 
0.34393 19.33007 65.0 2026.0 2.0 49.0 0.0 -1.6929 0.074 0.0 0.3 1000.0 1.8864 18.0 50.0 0.0071 0.0 0.174 0.0 0.22361 998.0 1.7023 16.0 50.0 1.3071 0.0 0.674 0.0 0.22361 997.0 1.5959 15.0 49.0 2.4071 0.0 1.374 0.0 0.14142 997.0 1.5327 15.0 47.0 3.4071 0.0 1.974 0.0 0.22361 998.0 1.5041 15.0 
0.20121 10.70814 90.0 2028.0 2.0 36.0 0.0 -1.1929 0.274 0.0 0.22361 1001.0 1.1031 17.0 37.0 0.0 -0.0929 0.0 -0.026 0.2 1000.0 1.0756 15.0 38.0 0.9071 0.0 0.0 -0.126 0.22361 999.0 1.0535 14.0 44.0 1.8071 0.0 0.174 0.0 0.1 997.0 1.2359 16.0 50.0 2.5071 0.0 0.674 0.0 0.22361 995.0 1.4186 14.0 
0.21649 54.46995 76.0 2031.0 2.0 45.0 0.0 -0.0929 1.274 0.0 0.22361 994.0 1.0886 8.0 49.0 0.4071 0.0 0.274 0.0 0.28284 992.0 1.1678 10.0 59.0 1.1071 0.0 0.0 -0.226 0.14142 987.0 1.3675 11.0 73.0 1.8071 0.0 0.0 -0.226 0.1 980.0 1.6494 11.0 94.0 2.4071 0.0 0.174 0.0 0.14142 957.0 1.6116 7.0 
0.17727 12.23339 85.0 2039.0 2.0 43.0 0.0 -1.3929 1.174 0.0 0.36056 1001.0 1.5738 17.0 41.0 0.1071 0.0 0.0 -0.026 0.22361 1000.0 1.3207 15.0 42.0 1.3071 0.0 0.0 -0.726 0.22361 999.0 1.2869 18.0 46.0 2.3071 0.0 0.0 -0.926 0.2 997.0 1.3508 15.0 48.0 3.2071 0.0 0.0 -0.826 0.1 996.0 1.3843 14.0 
0.26364 34.02587 121.0 203.0 2.0 50.0 0.0 -1.0929 0.0 -0.126 0.31623 997.0 1.5959 10.0 54.0 0.2071 0.0 0.0 -0.226 0.1 994.0 1.5675 10.0 61.0 1.1071 0.0 0.0 -0.126 0.14142 989.0 1.5836 8.0 69.0 1.9071 0.0 0.174 0.0 0.22361 984.0 1.6768 7.0 73.0 2.7071 0.0 0.474 0.0 0.1 982.0 1.7558 6.0 
0.0805 116.44034 120.0 2045.0 2.0 54.0 0.0 -1.9929 0.074 0.0 0.28284 995.0 1.6546 11.0 60.0 0.0 -0.4929 0.0 -0.926 0.22361 992.0 1.7509 13.0 69.0 0.7071 0.0 0.0 -1.326 0.2 983.0 1.6209 10.0 82.0 1.7071 0.0 0.0 -1.226 0.14142 975.0 1.8073 10.0 92.0 2.4071 0.0 0.0 -0.626 0.14142 967.0 1.8793 9.0 
0.10257 57.38457 69.0 2049.0 2.0 44.0 0.0 -1.7929 1.374 0.0 0.36056 1000.0 1.5211 18.0 45.0 0.0 -0.2929 0.0 -0.426 0.36056 1000.0 1.591 16.0 46.0 1.2071 0.0 0.0 -1.926 0.28284 998.0 1.4408 14.0 48.0 2.6071 0.0 0.0 -2.926 0.28284 996.0 1.3843 13.0 52.0 3.9071 0.0 0.0 -3.726 0.28284 995.0 1.5343 15.0 
0.1462 61.36266 81.0 2063.0 2.0 53.0 0.0 -1.1929 3.074 0.0 0.5831 1000.0 2.207 13.0 48.0 0.4071 0.0 0.374 0.0 0.5 1000.0 1.8102 12.0 45.0 1.8071 0.0 0.0 -1.626 0.28284 998.0 1.3789 11.0 44.0 3.0071 0.0 0.0 -2.726 0.14142 998.0 1.3183 13.0 47.0 4.0071 0.0 0.0 -3.326 0.1 995.0 1.2535 11.0 
0.12211 91.63024 53.0 2068.0 2.0 53.0 0.0 -2.3929 0.574 0.0 0.44721 998.0 1.9127 14.0 56.0 0.0 -0.3929 0.0 -0.726 0.36056 996.0 1.8841 12.0 64.0 1.5071 0.0 0.0 -1.626 0.31623 994.0 2.2019 13.0 74.0 3.4071 0.0 0.0 -2.226 0.31623 988.0 2.2372 10.0 83.0 5.3071 0.0 0.0 -2.726 0.3 983.0 2.3454 9.0 
0.06412 56.47123 68.0 2082.0 2.0 45.0 0.0 -1.7929 1.974 0.0 0.5 1001.0 1.7236 13.0 42.0 0.0 -0.4929 0.0 -0.126 0.36056 1000.0 1.3859 12.0 41.0 0.7071 0.0 0.0 -1.626 0.28284 999.0 1.2264 11.0 44.0 1.8071 0.0 0.0 -2.726 0.28284 998.0 1.3183 14.0 50.0 3.1071 0.0 0.0 -3.526 0.22361 996.0 1.502 12.0 
0.39445 12.23339 82.0 2094.0 2.0 61.0 0.0 -1.0929 1.074 0.0 0.42426 990.0 1.6524 9.0 62.0 0.1071 0.0 0.0 -0.026 0.22361 989.0 1.6359 11.0 65.0 1.2071 0.0 0.0 -0.326 0.1 985.0 1.5412 10.0 81.0 2.0071 0.0 0.0 -0.026 0.22361 976.0 1.8111 10.0 104.0 2.7071 0.0 0.674 0.0 0.14142 957.0 1.9727 8.0 
0.39527 10.70814 86.0 2102.0 2.0 49.0 0.0 -1.2929 0.374 0.0 0.22361 997.0 1.5327 15.0 54.0 0.0 -0.0929 0.0 -0.026 0.2 995.0 1.6546 13.0 56.0 1.0071 0.0 0.0 -0.326 0.22361 994.0 1.6858 13.0 55.0 2.0071 0.0 0.0 -0.826 0.2 993.0 1.5448 12.0 55.0 2.9071 0.0 0.0 -1.226 0.14142 993.0 1.5448 12.0 
0.45104 14.00819 62.0 2119.0 2.0 58.0 0.0 -2.7929 1.274 0.0 0.5831 1001.0 2.5 17.0 55.0 0.0071 0.0 0.0 -0.126 0.53852 1000.0 2.3767 15.0 52.0 2.3071 0.0 0.0 -0.926 0.36056 998.0 1.8412 13.0 54.0 4.0071 0.0 0.0 -1.626 0.36056 997.0 1.8615 15.0 60.0 5.4071 0.0 0.0 -2.426 0.28284 993.0 1.8385 12.0 
0.2585 12.23339 70.0 2123.0 2.0 51.0 0.0 -1.8929 0.674 0.0 0.31623 1000.0 2.0435 16.0 48.0 0.1071 0.0 0.0 -0.026 0.31623 999.0 1.6809 14.0 48.0 1.7071 0.0 0.0 -0.126 0.2 998.0 1.5688 17.0 54.0 3.0071 0.0 0.274 0.0 0.2 995.0 1.6546 14.0 57.0 4.1071 0.0 0.674 0.0 0.2 993.0 1.6592 12.0 
0.66508 79.72446 73.0 2134.0 2.0 46.0 0.8071 0.0 0.0 -1.726 0.2 998.0 1.4408 21.0 55.0 0.7071 0.0 0.0 -0.126 0.3 995.0 1.7165 17.0 61.0 0.7071 0.0 1.674 0.0 0.3 992.0 1.8098 15.0 65.0 0.8071 0.0 3.574 0.0 0.31623 991.0 1.9615 15.0 68.0 1.2071 0.0 5.474 0.0 0.31623 990.0 2.0534 14.0 
0.1334 92.26407 71.0 2140.0 2.0 45.0 0.0 -1.1929 0.0 -0.526 0.22361 997.0 1.2927 12.0 52.0 0.0 -0.0929 0.0 -0.826 0.14142 993.0 1.3809 10.0 62.0 0.9071 0.0 0.0 -1.026 0.1 989.0 1.6359 11.0 71.0 1.9071 0.0 0.0 -0.926 0.2 984.0 1.7754 9.0 79.0 3.0071 0.0 0.0 -0.526 0.22361 979.0 1.8748 8.0 
0.11339 171.69251 40.0 2143.0 2.0 67.0 0.0 -2.2929 4.174 0.0 0.78102 1001.0 2.5 12.0 64.0 1.0071 0.0 1.174 0.0 0.70711 1000.0 2.5 11.0 65.0 3.8071 0.0 0.0 -1.726 0.70711 998.0 2.5 10.0 67.0 6.4071 0.0 0.0 -4.726 0.56569 997.0 2.5 11.0 69.0 8.7071 0.0 0.0 -7.126 0.5 995.0 2.5 10.0 
0.20449 134.01918 136.0 2153.0 2.0 34.0 1.2071 0.0 0.0 -0.626 0.1 999.0 1.0 18.0 37.0 1.2071 0.0 0.0 -0.026 0.2 999.0 1.0 17.0 39.0 1.2071 0.0 0.774 0.0 0.2 999.0 1.1096 17.0 41.0 1.3071 0.0 1.674 0.0 0.2 999.0 1.2264 16.0 42.0 1.5071 0.0 2.774 0.0 0.2 999.0 1.2869 17.0 
0.34038 79.72446 105.0 2159.0 2.0 48.0 0.3071 0.0 0.0 -1.426 0.22361 996.0 1.3843 15.0 57.0 0.7071 0.0 0.0 -0.126 0.22361 993.0 1.6592 12.0 61.0 1.1071 0.0 1.274 0.0 0.22361 991.0 1.7275 11.0 63.0 1.6071 0.0 2.474 0.0 0.22361 989.0 1.6891 11.0 64.0 2.2071 0.0 3.374 0.0 0.14142 987.0 1.6091 10.0 
0.25585 92.73958 44.0 215.0 2.0 58.0 0.0 -2.1929 3.374 0.0 0.64031 1001.0 2.5 13.0 58.0 0.6071 0.0 0.574 0.0 0.64031 1001.0 2.5 17.0 58.0 3.0071 0.0 0.0 -2.126 0.64031 1000.0 2.5 15.0 60.0 5.2071 0.0 0.0 -4.826 0.5 998.0 2.4513 13.0 62.0 7.1071 0.0 0.0 -7.326 0.42426 996.0 2.3095 12.0 
0.25342 59.28963 49.0 2162.0 2.0 54.0 0.0 -2.1929 0.374 0.0 0.41231 998.0 1.9855 13.0 61.0 0.0 -0.0929 0.0 -0.526 0.31623 995.0 2.1114 14.0 69.0 1.8071 0.0 0.0 -1.326 0.44721 992.0 2.3156 12.0 72.0 4.0071 0.0 0.0 -1.926 0.4 992.0 2.5 11.0 68.0 6.2071 0.0 0.0 -1.926 0.3 992.0 2.249 12.0 
0.29338 53.71602 53.0 2163.0 2.0 58.0 0.0 -1.4929 1.174 0.0 0.31623 995.0 1.9088 14.0 65.0 0.3071 0.0 0.374 0.0 0.31623 993.0 2.1576 12.0 72.0 2.3071 0.0 0.0 -0.526 0.31623 991.0 2.4067 11.0 77.0 4.4071 0.0 0.0 -1.326 0.31623 988.0 2.4223 10.0 75.0 6.1071 0.0 0.0 -2.026 0.22361 986.0 2.1279 10.0 
0.43167 36.19458 53.0 2180.0 2.0 44.0 0.0 -1.7929 0.0 -0.726 0.3 1000.0 1.5211 11.0 47.0 0.0071 0.0 0.0 -0.326 0.31623 1000.0 1.7355 14.0 54.0 1.8071 0.0 0.574 0.0 0.36056 998.0 1.9855 12.0 58.0 3.4071 0.0 1.674 0.0 0.36056 995.0 1.9088 10.0 61.0 4.9071 0.0 2.874 0.0 0.31623 994.0 2.0003 9.0 
0.45134 13.18352 53.0 2188.0 2.0 43.0 0.0 -1.7929 0.0 -2.126 0.42426 1002.0 1.7168 25.0 47.0 0.0 -0.0929 0.074 0.0 0.36056 1002.0 2.0511 22.0 45.0 1.5071 0.0 1.674 0.0 0.36056 1001.0 1.7236 21.0 45.0 3.3071 0.0 1.974 0.0 0.31623 1001.0 1.7236 21.0 44.0 5.1071 0.0 1.274 0.0 0.36056 1001.0 1.6478 22.0 
0.42528 35.06378 47.0 2194.0 2.0 60.0 0.0 -2.6929 2.674 0.0 0.70711 1001.0 2.5 17.0 60.0 0.3071 0.0 0.074 0.0 0.64031 1000.0 2.5 16.0 59.0 3.3071 0.0 0.0 -1.826 0.5 1000.0 2.5 15.0 54.0 5.6071 0.0 0.0 -3.526 0.42426 999.0 2.1274 14.0 49.0 7.2071 0.0 0.0 -5.126 0.36056 999.0 1.7517 14.0 
0.50519 82.32328 46.0 21.0 2.0 50.0 0.0 -1.9929 0.0 -2.126 0.5831 1002.0 2.3213 24.0 53.0 0.6071 0.0 0.0 -0.426 0.5 1001.0 2.3909 21.0 50.0 2.7071 0.0 1.174 0.0 0.44721 1001.0 2.1279 20.0 46.0 4.8071 0.0 2.074 0.0 0.3 1001.0 1.801 21.0 45.0 6.8071 0.0 2.074 0.0 0.4 1002.0 1.8803 22.0 
0.28166 66.91619 113.0 2200.0 2.0 45.0 0.0 -0.0929 0.0 -1.126 0.14142 996.0 1.2166 15.0 55.0 0.5071 0.0 0.0 -0.326 0.14142 992.0 1.4713 12.0 61.0 1.1071 0.0 0.474 0.0 0.14142 989.0 1.5836 11.0 66.0 1.6071 0.0 1.174 0.0 0.14142 986.0 1.6478 10.0 69.0 2.1071 0.0 1.774 0.0 0.22361 984.0 1.6768 9.0 
0.15498 59.28963 51.0 2201.0 2.0 50.0 0.0 -2.2929 1.074 0.0 0.5 1001.0 2.1279 12.0 53.0 0.0 -0.0929 0.0 -0.526 0.44721 1000.0 2.207 14.0 59.0 2.1071 0.0 0.0 -1.726 0.44721 998.0 2.3703 12.0 59.0 4.3071 0.0 0.0 -2.726 0.41231 997.0 2.2221 11.0 54.0 6.2071 0.0 0.0 -3.326 0.31623 997.0 1.8615 11.0 
0.33056 25.09838 54.0 220.0 2.0 44.0 0.0 -2.0929 0.374 0.0 0.41231 1002.0 1.7976 19.0 43.0 0.0071 0.0 0.0 -0.226 0.41231 1001.0 1.5738 20.0 46.0 2.0071 0.0 0.0 -0.926 0.31623 1001.0 1.801 20.0 50.0 3.7071 0.0 0.0 -1.826 0.36056 999.0 1.8239 18.0 50.0 5.4071 0.0 0.0 -2.826 0.22361 999.0 1.8239 17.0 
0.17556 27.12273 254.0 2212.0 2.0 44.0 0.0 -1.7929 1.374 0.0 0.42426 1001.0 1.6478 18.0 44.0 0.0 -0.0929 0.0 -0.226 0.36056 1001.0 1.6478 16.0 45.0 1.5071 0.0 0.0 -1.526 0.36056 1000.0 1.591 20.0 48.0 3.0071 0.0 0.0 -2.426 0.31623 999.0 1.6809 17.0 53.0 4.5071 0.0 0.0 -2.826 0.31623 997.0 1.7931 15.0 
0.25538 25.09838 72.0 2217.0 2.0 40.0 0.0 -1.6929 0.174 0.0 0.31623 1001.0 1.3618 14.0 46.0 0.0071 0.0 0.0 -0.226 0.31623 1000.0 1.6625 14.0 49.0 1.6071 0.0 0.0 -0.626 0.3 998.0 1.6349 12.0 50.0 3.1071 0.0 0.0 -0.826 0.22361 997.0 1.5959 11.0 52.0 4.3071 0.0 0.0 -1.126 0.22361 995.0 1.5343 10.0 
0.28721 10.70814 69.0 2237.0 2.0 41.0 0.0 -1.3929 0.374 0.0 0.22361 1000.0 1.3207 10.0 47.0 0.0 -0.0929 0.0 -0.026 0.22361 998.0 1.5041 12.0 49.0 1.2071 0.0 0.0 -0.326 0.2 997.0 1.5327 12.0 56.0 2.6071 0.0 0.0 -0.326 0.3 995.0 1.7795 10.0 58.0 4.0071 0.0 0.0 -0.126 0.2 994.0 1.8084 9.0 
0.6452 33.53347 41.0 2238.0 2.0 56.0 0.0 -3.5929 0.0 -0.826 0.53852 1001.0 2.5 20.0 67.0 0.0 -0.2929 0.074 0.0 0.60828 999.0 2.5 17.0 68.0 3.1071 0.0 0.874 0.0 0.63246 998.0 2.5 16.0 64.0 6.0071 0.0 2.074 0.0 0.53852 998.0 2.5 16.0 58.0 8.5071 0.0 2.974 0.0 0.41231 998.0 2.2906 16.0 
0.28137 132.05205 37.0 2243.0 2.0 67.0 0.0 -2.5929 4.074 0.0 0.84853 1000.0 2.5 16.0 68.0 0.8071 0.0 0.874 0.0 0.78102 1000.0 2.5 15.0 72.0 4.1071 0.0 0.0 -2.126 0.78102 998.0 2.5 13.0 73.0 7.4071 0.0 0.0 -4.826 0.70711 997.0 2.5 12.0 76.0 10.3071 0.0 0.0 -7.326 0.56569 995.0 2.5 13.0 
0.18301 22.93337 61.0 2245.0 2.0 42.0 0.0 -1.2929 1.974 0.0 0.36056 1000.0 1.3859 13.0 42.0 0.0 -0.1929 0.074 0.0 0.36056 999.0 1.2869 14.0 44.0 0.9071 0.0 0.0 -1.626 0.36056 998.0 1.3183 15.0 48.0 2.1071 0.0 0.0 -3.226 0.28284 997.0 1.4708 13.0 53.0 3.4071 0.0 0.0 -4.426 0.28284 994.0 1.51 11.0 
0.51149 54.46995 52.0 2248.0 2.0 63.0 0.0 -2.6929 1.874 0.0 0.53852 996.0 2.3846 9.0 72.0 0.4071 0.0 0.274 0.0 0.44721 994.0 2.5 11.0 75.0 3.0071 0.0 0.0 -1.126 0.36056 989.0 2.3938 8.0 72.0 4.9071 0.0 0.0 -2.126 0.22361 988.0 2.1179 11.0 83.0 6.3071 0.0 0.0 -2.826 0.2 978.0 2.0104 8.0 
0.30129 2.99167 55.0 2249.0 2.0 48.0 0.0 -1.7929 1.374 0.0 0.42426 1000.0 1.8102 16.0 48.0 0.0071 0.0 0.0 -0.026 0.36056 1000.0 1.8102 17.0 52.0 1.6071 0.0 0.0 -1.226 0.36056 998.0 1.8412 16.0 54.0 3.1071 0.0 0.0 -2.126 0.22361 996.0 1.752 15.0 59.0 4.6071 0.0 0.0 -2.526 0.3 994.0 1.8713 13.0 
0.38749 30.42421 51.0 2251.0 2.0 32.0 0.0 -1.1929 0.0 -0.026 0.1 1001.0 1.0 21.0 45.0 0.0071 0.0 0.274 0.0 0.22361 999.0 1.4773 18.0 56.0 1.8071 0.0 1.074 0.0 0.31623 998.0 2.1353 16.0 58.0 3.7071 0.0 2.174 0.0 0.36056 997.0 2.1474 15.0 57.0 5.5071 0.0 3.174 0.0 0.31623 997.0 2.074 15.0 
0.38082 30.42421 59.0 2256.0 2.0 56.0 0.0 -2.1929 1.774 0.0 0.44721 998.0 2.1353 13.0 58.0 0.0071 0.0 0.274 0.0 0.36056 997.0 2.1474 14.0 63.0 1.8071 0.0 0.0 -0.926 0.31623 994.0 2.1336 13.0 64.0 3.4071 0.0 0.0 -1.626 0.2 991.0 1.9016 12.0 67.0 4.6071 0.0 0.0 -1.826 0.2 988.0 1.834 10.0 
0.27798 47.45382 44.0 2266.0 2.0 40.0 0.0 -1.7929 0.774 0.0 0.3 1001.0 1.3618 18.0 45.0 0.2071 0.0 0.374 0.0 0.4 1001.0 1.7236 17.0 53.0 2.5071 0.0 0.274 0.0 0.41231 1000.0 2.207 19.0 59.0 5.0071 0.0 0.674 0.0 0.41231 999.0 2.5 16.0 59.0 7.5071 0.0 1.174 0.0 0.41231 998.0 2.3703 16.0 
0.38164 47.45382 43.0 2280.0 2.0 56.0 0.0 -2.5929 0.474 0.0 0.5 998.0 2.1353 13.0 65.0 0.2071 0.0 0.374 0.0 0.5099 995.0 2.3974 11.0 74.0 3.1071 0.0 0.274 0.0 0.41231 993.0 2.5 12.0 75.0 5.6071 0.0 0.574 0.0 0.4 990.0 2.4979 11.0 76.0 7.8071 0.0 0.674 0.0 0.4 988.0 2.3598 10.0 
0.47253 19.33007 86.0 2282.0 2.0 56.0 0.0 -0.8929 0.0 -0.626 0.14142 993.0 1.6015 13.0 67.0 0.0071 0.0 0.174 0.0 0.14142 987.0 1.7634 10.0 71.0 0.7071 0.0 0.774 0.0 0.14142 983.0 1.7162 9.0 75.0 1.4071 0.0 1.174 0.0 0.22361 980.0 1.741 8.0 78.0 2.2071 0.0 1.574 0.0 0.14142 979.0 1.8277 8.0 
0.16775 69.49047 103.0 2284.0 2.0 47.0 0.0 -1.1929 0.0 -0.226 0.22361 997.0 1.4101 12.0 54.0 0.0071 0.0 0.0 -0.626 0.2 995.0 1.6546 13.0 60.0 1.1071 0.0 0.0 -0.526 0.1 991.0 1.6713 11.0 61.0 1.9071 0.0 0.0 -0.126 0.14142 990.0 1.6524 11.0 60.0 2.6071 0.0 0.574 0.0 0.1 990.0 1.5987 11.0 
0.10469 253.21011 38.0 2285.0 2.0 55.0 0.6071 0.0 4.274 0.0 0.5831 1000.0 2.3767 16.0 58.0 2.1071 0.0 0.874 0.0 0.67082 1000.0 2.5 15.0 64.0 3.7071 0.0 0.0 -2.626 0.63246 998.0 2.5 13.0 71.0 5.4071 0.0 0.0 -6.226 0.67082 996.0 2.5 13.0 80.0 7.3071 0.0 0.0 -9.526 0.5831 993.0 2.5 12.0 
0.1743 37.62661 56.0 2289.0 2.0 49.0 0.0 -2.4929 1.774 0.0 0.56569 1001.0 2.0436 18.0 54.0 0.0 -0.0929 0.0 -0.326 0.56569 1000.0 2.291 16.0 53.0 2.1071 0.0 0.0 -2.226 0.44721 999.0 2.0493 15.0 51.0 4.0071 0.0 0.0 -3.426 0.36056 998.0 1.7711 13.0 52.0 5.6071 0.0 0.0 -4.126 0.2 996.0 1.6246 15.0 
0.46925 13.18352 55.0 228.0 2.0 58.0 0.0 -2.5929 1.774 0.0 0.64031 999.0 2.4542 11.0 56.0 0.0 -0.0929 0.074 0.0 0.44721 998.0 2.1353 14.0 57.0 2.0071 0.0 0.0 -1.326 0.44721 996.0 1.952 12.0 63.0 3.8071 0.0 0.0 -2.726 0.36056 993.0 2.0269 11.0 74.0 5.4071 0.0 0.0 -3.926 0.31623 987.0 2.1512 10.0 
0.12966 117.18921 64.0 2292.0 2.0 59.0 0.0 -0.3929 0.0 -1.826 0.22361 989.0 1.4814 9.0 78.0 0.5071 0.0 0.0 -0.926 0.22361 981.0 1.9419 9.0 92.0 1.6071 0.0 0.074 0.0 0.14142 971.0 2.0583 7.0 101.0 2.6071 0.0 0.974 0.0 0.28284 963.0 2.0838 6.0 103.0 3.7071 0.0 1.774 0.0 0.22361 961.0 2.0838 6.0 
0.13392 72.3143 64.0 2298.0 2.0 42.0 0.0 -2.3929 0.474 0.0 0.36056 1002.0 1.6379 19.0 43.0 0.0 -0.4929 0.0 -0.426 0.36056 1001.0 1.5738 17.0 43.0 1.3071 0.0 0.0 -1.226 0.22361 1000.0 1.4527 16.0 46.0 2.9071 0.0 0.0 -1.726 0.3 1000.0 1.6625 18.0 50.0 4.4071 0.0 0.0 -1.926 0.31623 998.0 1.7023 15.0 
0.42653 47.45382 45.0 22.0 2.0 59.0 0.0 -3.2929 1.774 0.0 0.63246 1002.0 2.5 19.0 59.0 0.2071 0.0 0.374 0.0 0.67082 1002.0 2.5 23.0 60.0 3.3071 0.0 0.0 -1.626 0.5 1001.0 2.5 20.0 55.0 5.7071 0.0 0.0 -3.326 0.36056 1000.0 2.3767 18.0 49.0 7.5071 0.0 0.0 -4.426 0.31623 1000.0 1.8864 18.0 
0.13903 212.87897 40.0 2302.0 2.0 64.0 0.0 -0.6929 5.074 0.0 0.89443 1000.0 2.5 12.0 65.0 1.7071 0.0 0.874 0.0 0.67082 1000.0 2.5 15.0 65.0 4.1071 0.0 0.0 -2.626 0.64031 999.0 2.5 14.0 67.0 6.7071 0.0 0.0 -5.426 0.56569 996.0 2.5 12.0 69.0 9.0071 0.0 0.0 -7.626 0.5 995.0 2.5 14.0 
0.35251 156.27706 50.0 230.0 2.0 89.0 0.0 -2.3929 2.174 0.0 0.5099 984.0 2.5 13.0 101.0 0.3071 0.0 1.374 0.0 0.53852 974.0 2.5 12.0 126.0 2.6071 0.0 0.474 0.0 0.41231 950.0 2.5 9.0 137.0 4.7071 0.0 0.0 -0.426 0.36056 935.0 2.4577 8.0 135.0 6.4071 0.0 0.0 -1.226 0.22361 933.0 2.3268 8.0 
0.35171 48.75749 82.0 2311.0 2.0 40.0 0.0 -0.7929 0.0 -0.626 0.2 999.0 1.1673 16.0 45.0 0.1071 0.0 0.0 -0.426 0.22361 997.0 1.2927 15.0 52.0 0.8071 0.0 0.274 0.0 0.22361 994.0 1.4536 13.0 59.0 1.3071 0.0 1.674 0.0 0.31623 993.0 1.7777 12.0 62.0 2.0071 0.0 3.374 0.0 0.36056 993.0 1.9631 12.0 
0.1471 175.75217 114.0 2315.0 2.0 46.0 1.4071 0.0 0.0 -0.726 0.0 993.0 1.0806 16.0 50.0 1.4071 0.0 0.0 -0.726 0.1 991.0 1.1607 15.0 58.0 1.5071 0.0 0.0 -0.526 0.1 988.0 1.3744 13.0 66.0 1.7071 0.0 0.0 -0.026 0.1 984.0 1.5342 12.0 76.0 1.8071 0.0 0.774 0.0 0.1 979.0 1.7351 11.0 
0.16672 102.21686 54.0 2318.0 2.0 65.0 0.0 -1.1929 0.0 -1.526 0.22361 992.0 2.0549 12.0 77.0 0.4071 0.0 0.0 -0.826 0.31623 986.0 2.2429 9.0 76.0 2.2071 0.0 0.0 -0.326 0.3 987.0 2.269 10.0 68.0 3.8071 0.0 0.0 -0.026 0.31623 990.0 2.0534 11.0 59.0 5.3071 0.0 0.274 0.0 0.31623 994.0 1.8713 13.0 
0.28308 62.69156 42.0 2323.0 2.0 60.0 0.0 -2.6929 1.774 0.0 0.5831 1001.0 2.5 18.0 54.0 0.3071 0.0 0.474 0.0 0.41231 1001.0 2.4819 20.0 57.0 2.8071 0.0 0.0 -0.026 0.4 999.0 2.3703 18.0 59.0 5.4071 0.0 0.0 -0.326 0.5 999.0 2.5 17.0 58.0 8.0071 0.0 0.0 -0.626 0.41231 999.0 2.4542 17.0 
0.11896 147.26761 91.0 2330.0 2.0 41.0 0.0 -0.0929 0.0 -1.426 0.1 996.0 1.01 12.0 50.0 0.5071 0.0 0.0 -1.226 0.1 993.0 1.2767 13.0 62.0 1.1071 0.0 0.0 -0.826 0.14142 988.0 1.5705 10.0 69.0 1.7071 0.0 0.0 -0.226 0.22361 985.0 1.7367 9.0 71.0 2.3071 0.0 0.574 0.0 0.2 984.0 1.7754 9.0 
0.10789 102.78902 80.0 2332.0 2.0 47.0 0.0 -1.3929 0.0 -1.026 0.3 998.0 1.5041 13.0 51.0 0.0071 0.0 0.0 -0.926 0.3 995.0 1.4759 11.0 60.0 1.2071 0.0 0.0 -0.826 0.2 991.0 1.6713 12.0 66.0 2.2071 0.0 0.0 -0.626 0.22361 987.0 1.7112 10.0 75.0 3.0071 0.0 0.0 -0.126 0.14142 980.0 1.741 8.0 
0.39182 100.68908 58.0 2334.0 2.0 72.0 0.0 -0.9929 2.374 0.0 0.42426 989.0 2.2062 18.0 79.0 0.6071 0.0 0.674 0.0 0.42426 985.0 2.2766 16.0 89.0 2.2071 0.0 0.0 -0.726 0.36056 978.0 2.3115 13.0 102.0 3.6071 0.0 0.0 -1.926 0.36056 965.0 2.2138 11.0 122.0 5.0071 0.0 0.0 -2.926 0.31623 947.0 2.3034 9.0 
0.51451 8.25172 105.0 2339.0 2.0 44.0 0.0 -0.3929 0.0 -0.226 0.1 995.0 1.0985 14.0 56.0 0.0071 0.0 0.074 0.0 0.1 990.0 1.3926 11.0 65.0 0.4071 0.0 0.474 0.0 0.14142 985.0 1.5412 10.0 70.0 0.8071 0.0 0.974 0.0 0.14142 982.0 1.6144 9.0 81.0 1.3071 0.0 1.574 0.0 0.22361 975.0 1.7635 8.0 
0.45486 49.71343 80.0 2347.0 2.0 64.0 0.0 -0.6929 0.0 -1.526 0.28284 990.0 1.8189 11.0 82.0 0.3071 0.0 0.0 -0.326 0.28284 979.0 2.0199 8.0 91.0 1.2071 0.0 1.174 0.0 0.22361 973.0 2.1145 7.0 95.0 1.9071 0.0 2.674 0.0 0.36056 970.0 2.1437 7.0 92.0 2.8071 0.0 4.074 0.0 0.14142 971.0 2.0583 7.0 
0.12987 64.32701 60.0 2348.0 2.0 43.0 0.0 -2.0929 1.074 0.0 0.36056 1002.0 1.7168 18.0 45.0 0.0 -0.3929 0.0 -0.426 0.36056 1001.0 1.7236 16.0 46.0 1.4071 0.0 0.0 -1.526 0.22361 999.0 1.5437 14.0 48.0 3.0071 0.0 0.0 -2.026 0.31623 998.0 1.5688 13.0 50.0 4.6071 0.0 0.0 -2.226 0.2 998.0 1.7023 16.0 
0.41674 33.53347 48.0 2351.0 2.0 53.0 0.0 -2.8929 0.0 -1.126 0.41231 1001.0 2.3909 15.0 56.0 0.0 -0.2929 0.074 0.0 0.5 1000.0 2.4639 14.0 57.0 2.1071 0.0 1.674 0.0 0.44721 1000.0 2.5 14.0 53.0 4.6071 0.0 2.874 0.0 0.36056 1001.0 2.3909 15.0 48.0 6.6071 0.0 4.074 0.0 0.36056 1001.0 1.961 15.0 
0.32237 21.89443 74.0 2353.0 2.0 43.0 0.0 -1.4929 0.474 0.0 0.31623 1000.0 1.4527 19.0 47.0 0.0 -0.0929 0.174 0.0 0.2 998.0 1.5041 16.0 50.0 1.1071 0.0 0.174 0.0 0.1 996.0 1.502 14.0 52.0 2.2071 0.0 0.174 0.0 0.1 996.0 1.6246 14.0 52.0 3.1071 0.0 0.074 0.0 0.22361 995.0 1.5343 13.0 
0.23867 194.80947 143.0 2357.0 2.0 35.0 1.2071 0.0 1.574 0.0 0.1 999.0 1.0 18.0 36.0 1.2071 0.0 1.274 0.0 0.1 998.0 1.0 16.0 42.0 1.0071 0.0 1.574 0.0 0.1 997.0 1.1261 15.0 46.0 0.7071 0.0 2.274 0.0 0.14142 996.0 1.2713 14.0 48.0 0.3071 0.0 2.974 0.0 0.1 995.0 1.3074 13.0 
0.32375 35.06378 49.0 235.0 2.0 57.0 0.0 -2.0929 2.774 0.0 0.64031 1001.0 2.5 18.0 53.0 0.3071 0.0 0.074 0.0 0.5 1001.0 2.3909 17.0 50.0 2.3071 0.0 0.0 -1.726 0.36056 1001.0 2.1279 20.0 49.0 4.3071 0.0 0.0 -2.426 0.3 1000.0 1.8864 18.0 52.0 6.1071 0.0 0.0 -2.226 0.31623 999.0 1.9727 16.0 
0.24571 2.99167 75.0 2361.0 2.0 38.0 0.0 -1.5929 0.174 0.0 0.3 1002.0 1.3408 19.0 38.0 0.0071 0.0 0.0 -0.026 0.3 1001.0 1.2291 18.0 40.0 1.5071 0.0 0.174 0.0 0.2 1001.0 1.3618 21.0 44.0 2.7071 0.0 0.674 0.0 0.22361 999.0 1.4124 18.0 45.0 3.7071 0.0 1.474 0.0 0.28284 998.0 1.3789 16.0 
0.29305 123.55085 135.0 2365.0 2.0 62.0 1.5071 0.0 0.0 -1.226 0.31623 991.0 1.7846 11.0 68.0 1.0071 0.0 0.474 0.0 0.31623 989.0 1.9678 11.0 73.0 0.5071 0.0 2.574 0.0 0.4 988.0 2.1772 10.0 76.0 0.5071 0.0 4.774 0.0 0.4 986.0 2.185 10.0 78.0 0.8071 0.0 6.874 0.0 0.31623 983.0 2.0713 9.0 
0.13442 208.82243 55.0 2375.0 2.0 41.0 0.2071 0.0 0.0 -2.526 0.22361 1001.0 1.4308 22.0 47.0 1.5071 0.0 0.0 -1.126 0.36056 1000.0 1.7355 19.0 50.0 2.7071 0.0 0.874 0.0 0.36056 999.0 1.8239 18.0 50.0 4.0071 0.0 2.674 0.0 0.42426 999.0 1.8239 18.0 50.0 5.4071 0.0 4.374 0.0 0.36056 999.0 1.8239 18.0 
0.10676 121.95089 85.0 237.0 2.0 49.0 0.0 -2.3929 0.0 -0.226 0.44721 1000.0 1.8864 16.0 48.0 0.0 -0.3929 0.0 -1.026 0.31623 998.0 1.5688 14.0 49.0 1.3071 0.0 0.0 -1.626 0.31623 996.0 1.4425 12.0 49.0 2.6071 0.0 0.0 -2.126 0.22361 996.0 1.4425 15.0 50.0 3.6071 0.0 0.0 -2.626 0.22361 994.0 1.3439 14.0 
0.35198 59.5095 120.0 2381.0 2.0 40.0 0.7071 0.0 0.0 -0.026 0.0 996.0 1.0 14.0 44.0 0.5071 0.0 0.174 0.0 0.1 995.0 1.0985 14.0 48.0 0.4071 0.0 0.574 0.0 0.1 993.0 1.1766 13.0 50.0 0.4071 0.0 0.874 0.0 0.0 992.0 1.2159 12.0 53.0 0.5071 0.0 1.074 0.0 0.1 990.0 1.2474 11.0 
0.11178 177.80753 42.0 238.0 2.0 54.0 0.0071 0.0 0.0 -2.326 0.28284 993.0 1.4892 11.0 66.0 1.3071 0.0 0.0 -0.926 0.31623 989.0 1.8538 12.0 81.0 3.1071 0.0 0.0 -0.426 0.4 984.0 2.3108 12.0 100.0 5.4071 0.0 0.0 -0.526 0.5 973.0 2.5 10.0 115.0 8.0071 0.0 0.0 -0.926 0.41231 963.0 2.5 8.0 
0.40985 61.62514 69.0 2396.0 2.0 49.0 0.0 -0.3929 0.0 -0.826 0.14142 996.0 1.4425 19.0 55.0 0.5071 0.0 0.0 -0.226 0.14142 993.0 1.5448 16.0 58.0 1.3071 0.0 0.574 0.0 0.22361 992.0 1.6361 15.0 60.0 2.3071 0.0 1.474 0.0 0.14142 992.0 1.7509 15.0 59.0 3.4071 0.0 2.274 0.0 0.22361 993.0 1.7777 16.0 
0.13015 51.90795 56.0 23.0 2.0 50.0 0.0 -2.0929 1.774 0.0 0.64031 1001.0 2.1279 16.0 47.0 0.0 -0.1929 0.0 -0.426 0.42426 1001.0 1.8802 17.0 46.0 1.6071 0.0 0.0 -1.926 0.36056 1000.0 1.6625 15.0 49.0 3.2071 0.0 0.0 -3.026 0.36056 998.0 1.6349 13.0 54.0 4.8071 0.0 0.0 -4.226 0.36056 997.0 1.8615 15.0 
0.18457 146.36799 136.0 2417.0 2.0 51.0 1.5071 0.0 0.0 -0.726 0.1 994.0 1.3982 13.0 54.0 1.3071 0.0 0.174 0.0 0.2 993.0 1.4892 12.0 55.0 1.2071 0.0 1.274 0.0 0.2 993.0 1.5448 12.0 53.0 1.1071 0.0 2.374 0.0 0.2 993.0 1.4345 12.0 51.0 1.1071 0.0 3.274 0.0 0.1 994.0 1.3982 13.0 
0.20854 87.49915 67.0 2421.0 2.0 37.0 0.0 -0.7929 0.0 -1.026 0.2 1001.0 1.1652 21.0 42.0 0.3071 0.0 0.0 -0.726 0.22361 999.0 1.2869 18.0 49.0 1.4071 0.0 0.0 -0.026 0.22361 998.0 1.6349 15.0 52.0 2.7071 0.0 0.774 0.0 0.28284 997.0 1.7261 15.0 49.0 4.1071 0.0 1.474 0.0 0.22361 998.0 1.6349 16.0 
0.17979 111.23875 162.0 2428.0 2.0 53.0 0.1071 0.0 0.0 -2.026 0.36056 996.0 1.6877 15.0 60.0 0.9071 0.0 0.0 -0.426 0.31623 993.0 1.8385 12.0 62.0 1.4071 0.0 0.974 0.0 0.22361 990.0 1.707 11.0 62.0 1.9071 0.0 1.874 0.0 0.1 988.0 1.5705 10.0 60.0 2.4071 0.0 2.074 0.0 0.1 988.0 1.4708 10.0 
0.28659 19.33007 65.0 2433.0 2.0 47.0 0.0 -1.4929 0.074 0.0 0.3 1000.0 1.7355 18.0 46.0 0.0071 0.0 0.174 0.0 0.22361 999.0 1.5437 17.0 45.0 1.2071 0.0 0.474 0.0 0.22361 999.0 1.4773 17.0 45.0 2.5071 0.0 0.774 0.0 0.22361 999.0 1.4773 17.0 45.0 3.8071 0.0 0.874 0.0 0.2 999.0 1.4773 17.0 
0.27424 88.79073 158.0 2434.0 2.0 46.0 1.1071 0.0 0.0 -0.326 0.14142 996.0 1.2713 14.0 48.0 0.7071 0.0 0.374 0.0 0.1 995.0 1.3074 13.0 51.0 0.4071 0.0 1.074 0.0 0.1 994.0 1.3982 13.0 52.0 0.1071 0.0 1.874 0.0 0.2 993.0 1.3809 12.0 53.0 0.0071 0.0 2.774 0.0 0.2 993.0 1.4345 12.0 
0.32182 42.77555 49.0 2445.0 2.0 44.0 0.0 -2.4929 0.374 0.0 0.4 1002.0 1.7976 18.0 52.0 0.0 -0.0929 0.374 0.0 0.4 1000.0 2.1245 15.0 56.0 2.4071 0.0 0.0 -0.026 0.4 999.0 2.2879 13.0 55.0 4.6071 0.0 0.0 -0.626 0.31623 998.0 2.0598 12.0 54.0 6.4071 0.0 0.0 -1.426 0.36056 998.0 1.9855 12.0 
0.08852 178.41144 90.0 2448.0 2.0 52.0 1.6071 0.0 0.0 -0.126 0.0 990.0 1.2008 11.0 55.0 1.6071 0.0 0.0 -0.026 0.1 989.0 1.2874 10.0 58.0 1.6071 0.0 0.274 0.0 0.0 987.0 1.3215 10.0 63.0 1.7071 0.0 0.574 0.0 0.1 985.0 1.4478 9.0 65.0 1.9071 0.0 1.174 0.0 0.14142 985.0 1.5412 9.0 
0.25749 22.67945 61.0 244.0 2.0 38.0 0.0 -0.8929 0.474 0.0 0.22361 999.0 1.0535 10.0 43.0 0.1071 0.0 0.174 0.0 0.2 998.0 1.259 13.0 54.0 1.4071 0.0 0.074 0.0 0.2 995.0 1.6546 10.0 62.0 2.9071 0.0 0.0 -0.226 0.31623 992.0 1.8696 9.0 68.0 4.5071 0.0 0.0 -0.726 0.22361 989.0 1.9678 8.0 
0.37315 25.09838 57.0 2450.0 2.0 46.0 0.0 -1.3929 0.0 -0.126 0.22361 1000.0 1.6625 18.0 48.0 0.0071 0.0 0.0 -0.226 0.2 999.0 1.6809 16.0 49.0 1.5071 0.0 0.274 0.0 0.28284 999.0 1.7517 17.0 49.0 2.9071 0.0 1.374 0.0 0.36056 999.0 1.7517 17.0 48.0 4.4071 0.0 2.774 0.0 0.36056 1000.0 1.8102 19.0 
0.1056 120.49951 87.0 2461.0 2.0 54.0 0.2071 0.0 0.0 -1.326 0.14142 992.0 1.4182 12.0 67.0 0.8071 0.0 0.0 -0.726 0.14142 985.0 1.6375 9.0 71.0 1.3071 0.0 0.0 -0.026 0.1 983.0 1.7162 9.0 75.0 1.7071 0.0 0.974 0.0 0.1 981.0 1.7954 9.0 78.0 2.0071 0.0 2.074 0.0 0.22361 980.0 1.883 8.0 
0.36282 32.11459 63.0 2465.0 2.0 67.0 0.0 -2.0929 0.474 0.0 0.41231 994.0 2.4131 13.0 70.0 0.0 -0.0929 0.274 0.0 0.3 990.0 2.176 11.0 68.0 1.6071 0.0 0.174 0.0 0.31623 991.0 2.1467 11.0 63.0 3.1071 0.0 0.374 0.0 0.31623 992.0 1.9304 12.0 57.0 4.5071 0.0 0.874 0.0 0.22361 994.0 1.7465 13.0 
0.30032 47.45382 61.0 2491.0 2.0 64.0 0.0 -2.3929 3.874 0.0 0.72111 1000.0 2.5 12.0 59.0 0.2071 0.0 0.374 0.0 0.5 999.0 2.5 11.0 55.0 2.2071 0.0 0.0 -2.126 0.5 998.0 2.0598 10.0 54.0 3.8071 0.0 0.0 -4.226 0.28284 997.0 1.8615 12.0 56.0 5.2071 0.0 0.0 -5.426 0.28284 993.0 1.6015 10.0 
0.10592 81.24308 93.0 2495.0 2.0 40.0 0.0 -1.0929 0.0 -0.126 0.22361 1000.0 1.2571 15.0 40.0 0.0 -0.0929 0.0 -0.726 0.14142 998.0 1.0895 13.0 45.0 0.6071 0.0 0.0 -1.126 0.2 996.0 1.2166 13.0 55.0 1.5071 0.0 0.0 -1.226 0.1 993.0 1.5448 12.0 63.0 2.4071 0.0 0.0 -1.126 0.1 989.0 1.6891 11.0 
0.13914 103.30197 60.0 2497.0 2.0 50.0 0.0 -1.9929 0.0 -0.926 0.41231 1000.0 1.9642 19.0 53.0 0.0 -0.0929 0.0 -0.926 0.2 998.0 1.9127 16.0 55.0 1.5071 0.0 0.0 -1.026 0.2 996.0 1.8174 14.0 53.0 3.0071 0.0 0.0 -1.326 0.2 997.0 1.7931 15.0 48.0 4.3071 0.0 0.0 -1.626 0.3 998.0 1.5688 16.0 
0.19027 32.98146 55.0 2501.0 2.0 67.0 0.0 -2.8929 2.374 0.0 0.70711 1000.0 2.5 15.0 60.0 0.0 -0.1929 0.0 -0.226 0.56569 999.0 2.5 14.0 62.0 1.9071 0.0 0.0 -1.826 0.44721 996.0 2.3095 15.0 62.0 4.1071 0.0 0.0 -2.526 0.31623 995.0 2.1812 14.0 63.0 5.9071 0.0 0.0 -2.526 0.2 992.0 1.9304 12.0 
0.09406 118.43582 50.0 2508.0 2.0 49.0 0.0 -2.5929 0.0 -0.826 0.4 999.0 1.7517 14.0 57.0 0.0 -0.2929 0.0 -1.026 0.41231 997.0 2.074 12.0 63.0 1.9071 0.0 0.0 -1.326 0.41231 993.0 2.0269 10.0 73.0 3.9071 0.0 0.0 -1.526 0.31623 988.0 2.1772 10.0 84.0 5.7071 0.0 0.0 -1.626 0.2 981.0 2.2521 9.0 
0.31985 2.99167 62.0 251.0 2.0 52.0 0.0 -1.5929 1.374 0.0 0.36056 996.0 1.6246 9.0 55.0 0.0071 0.0 0.0 -0.026 0.36056 995.0 1.7165 11.0 61.0 1.6071 0.0 0.0 -1.126 0.36056 990.0 1.6524 9.0 73.0 3.1071 0.0 0.0 -2.126 0.22361 983.0 1.8143 10.0 94.0 4.4071 0.0 0.0 -2.926 0.22361 965.0 1.8802 7.0 
0.44003 12.23339 51.0 2521.0 2.0 60.0 0.0 -2.2929 1.174 0.0 0.5 999.0 2.5 14.0 55.0 0.1071 0.0 0.0 -0.026 0.31623 997.0 1.931 13.0 59.0 2.1071 0.0 0.0 -0.426 0.31623 996.0 2.0914 14.0 65.0 3.9071 0.0 0.0 -1.026 0.31623 993.0 2.1576 12.0 73.0 5.7071 0.0 0.0 -2.026 0.31623 989.0 2.2679 11.0 
0.24287 32.98146 51.0 2530.0 2.0 48.0 0.0 -2.0929 1.674 0.0 0.42426 1001.0 1.961 18.0 47.0 0.0 -0.1929 0.0 -0.226 0.44721 1001.0 1.8802 16.0 50.0 1.8071 0.0 0.0 -1.726 0.36056 1000.0 1.9642 15.0 54.0 3.8071 0.0 0.0 -2.926 0.36056 999.0 2.1274 17.0 60.0 5.7071 0.0 0.0 -4.126 0.31623 996.0 2.1629 14.0 
0.34141 57.8912 59.0 2533.0 2.0 50.0 0.0 -0.0929 0.0 -0.826 0.14142 994.0 1.3439 13.0 61.0 0.4071 0.0 0.0 -0.326 0.14142 988.0 1.5202 10.0 65.0 0.9071 0.0 0.374 0.0 0.14142 987.0 1.6597 10.0 70.0 1.7071 0.0 1.074 0.0 0.22361 986.0 1.8536 10.0 77.0 3.0071 0.0 1.374 0.0 0.3 984.0 2.0882 9.0 
0.4903 18.35579 54.0 2537.0 2.0 56.0 0.0 -2.0929 1.074 0.0 0.44721 999.0 2.2879 18.0 56.0 0.1071 0.0 0.0 -0.126 0.31623 997.0 2.0019 21.0 60.0 2.0071 0.0 0.0 -0.326 0.3 995.0 2.0427 17.0 62.0 3.7071 0.0 0.0 -0.326 0.3 993.0 1.9631 16.0 67.0 5.3071 0.0 0.0 -0.426 0.31623 991.0 2.0841 15.0 
0.65115 17.37652 64.0 2543.0 2.0 60.0 0.0 -1.6929 0.174 0.0 0.31623 993.0 1.8385 10.0 69.0 0.0 -0.0929 0.0 -0.126 0.3 985.0 1.7367 8.0 86.0 1.5071 0.0 0.074 0.0 0.2 977.0 2.0984 8.0 102.0 2.9071 0.0 0.374 0.0 0.2 961.0 2.0435 6.0 125.0 4.1071 0.0 0.574 0.0 0.1 936.0 2.0726 5.0 
0.08078 101.5299 65.0 2544.0 2.0 45.0 0.0 -2.2929 0.0 -0.026 0.31623 1002.0 1.8803 19.0 42.0 0.0 -0.3929 0.0 -0.826 0.31623 1001.0 1.5014 17.0 41.0 1.2071 0.0 0.0 -1.126 0.3 1000.0 1.3207 15.0 44.0 2.6071 0.0 0.0 -1.226 0.1 999.0 1.4124 17.0 47.0 3.6071 0.0 0.0 -1.326 0.2 997.0 1.4101 15.0 
0.527 109.93408 39.0 2547.0 2.0 71.0 0.0 -2.8929 3.574 0.0 0.78102 999.0 2.5 15.0 74.0 0.8071 0.0 0.574 0.0 0.84853 998.0 2.5 13.0 76.0 4.2071 0.0 0.0 -2.426 0.64031 997.0 2.5 15.0 72.0 7.0071 0.0 0.0 -4.826 0.5 995.0 2.5 14.0 67.0 9.0071 0.0 0.0 -6.926 0.36056 994.0 2.4131 13.0 
0.30419 12.23339 56.0 2549.0 2.0 46.0 0.0 -1.6929 1.174 0.0 0.42426 1001.0 1.801 20.0 47.0 0.1071 0.0 0.0 -0.026 0.31623 1000.0 1.7355 19.0 50.0 1.9071 0.0 0.0 -0.726 0.31623 999.0 1.8239 17.0 51.0 3.5071 0.0 0.0 -1.226 0.31623 998.0 1.7711 16.0 51.0 5.1071 0.0 0.0 -1.826 0.22361 998.0 1.7711 16.0 
0.46669 85.49496 44.0 254.0 2.0 69.0 0.0 -2.8929 3.874 0.0 0.84853 1000.0 2.5 18.0 64.0 0.6071 0.0 0.474 0.0 0.70711 1000.0 2.5 16.0 56.0 3.4071 0.0 0.0 -1.926 0.5 999.0 2.2879 15.0 54.0 5.6071 0.0 0.0 -3.526 0.5 998.0 1.9855 16.0 55.0 7.5071 0.0 0.0 -5.126 0.36056 997.0 1.931 17.0 
0.28961 87.49915 50.0 2551.0 2.0 45.0 0.0 -1.6929 0.0 -1.126 0.3 1001.0 1.7236 22.0 49.0 0.3071 0.0 0.0 -0.726 0.31623 1000.0 1.8864 19.0 51.0 2.2071 0.0 0.0 -0.026 0.31623 999.0 1.8976 18.0 49.0 4.0071 0.0 0.674 0.0 0.31623 999.0 1.7517 18.0 48.0 5.8071 0.0 1.074 0.0 0.3 1000.0 1.8102 19.0 
0.0841 45.79963 71.0 2568.0 2.0 36.0 0.0 -1.2929 0.974 0.0 0.28284 1001.0 1.1031 13.0 35.0 0.0 -0.3929 0.0 -0.126 0.22361 1000.0 1.0 12.0 38.0 0.5071 0.0 0.0 -0.926 0.22361 1000.0 1.1345 15.0 42.0 1.5071 0.0 0.0 -1.426 0.22361 998.0 1.2011 13.0 48.0 2.6071 0.0 0.0 -1.926 0.22361 996.0 1.3843 11.0 
0.08131 129.55114 79.0 2571.0 2.0 50.0 0.0 -1.4929 0.0 -1.526 0.31623 999.0 1.8239 18.0 55.0 0.3071 0.0 0.0 -1.126 0.2 997.0 1.931 15.0 57.0 1.7071 0.0 0.0 -0.726 0.22361 995.0 1.8436 13.0 57.0 2.8071 0.0 0.0 -0.126 0.22361 993.0 1.6592 12.0 55.0 3.5071 0.0 0.674 0.0 0.14142 993.0 1.5448 12.0 
0.2976 14.4498 58.0 2573.0 2.0 50.0 0.0 -1.4929 1.074 0.0 0.36056 998.0 1.7023 14.0 47.0 0.1071 0.0 0.074 0.0 0.22361 997.0 1.4101 13.0 50.0 1.6071 0.0 0.0 -0.226 0.2 996.0 1.502 16.0 57.0 3.0071 0.0 0.0 -0.326 0.2 993.0 1.6592 15.0 67.0 4.4071 0.0 0.0 -0.526 0.2 989.0 1.9104 14.0 
0.10113 94.15302 49.0 2574.0 2.0 50.0 0.0 -2.8929 0.0 -0.526 0.4 1001.0 2.1279 17.0 52.0 0.0 -0.1929 0.0 -0.826 0.44721 1000.0 2.1245 16.0 54.0 2.2071 0.0 0.0 -1.626 0.44721 1000.0 2.291 19.0 59.0 4.5071 0.0 0.0 -2.726 0.36056 998.0 2.3703 15.0 60.0 6.4071 0.0 0.0 -3.926 0.36056 996.0 2.1629 14.0 
0.27471 14.00819 55.0 2577.0 2.0 45.0 0.0 -1.4929 0.874 0.0 0.36056 1000.0 1.591 15.0 46.0 0.0071 0.0 0.0 -0.126 0.31623 999.0 1.5437 14.0 50.0 1.6071 0.0 0.0 -0.526 0.31623 997.0 1.5959 12.0 59.0 3.3071 0.0 0.0 -0.826 0.31623 995.0 1.9752 13.0 67.0 4.9071 0.0 0.0 -1.326 0.31623 991.0 2.0841 11.0 
0.12589 122.52341 82.0 2587.0 2.0 47.0 0.0 -0.6929 0.0 -1.126 0.2 996.0 1.3272 12.0 54.0 0.4071 0.0 0.0 -1.026 0.2 994.0 1.5675 13.0 64.0 1.5071 0.0 0.0 -0.726 0.1 989.0 1.7431 11.0 69.0 2.4071 0.0 0.0 -0.226 0.22361 986.0 1.801 10.0 73.0 3.3071 0.0 0.274 0.0 0.14142 983.0 1.8143 9.0 
0.11203 102.78902 70.0 2594.0 2.0 54.0 0.0 -1.5929 0.0 -0.826 0.22361 995.0 1.6546 11.0 62.0 0.0071 0.0 0.0 -0.926 0.2 991.0 1.7846 10.0 75.0 1.4071 0.0 0.0 -0.826 0.3 984.0 1.9811 9.0 81.0 2.6071 0.0 0.0 -0.526 0.22361 978.0 1.9146 8.0 90.0 3.7071 0.0 0.0 -0.126 0.14142 971.0 1.9698 7.0 
0.08529 121.3777 83.0 2604.0 2.0 51.0 0.3071 0.0 0.0 -1.726 0.28284 996.0 1.5627 11.0 56.0 1.0071 0.0 0.0 -0.426 0.22361 993.0 1.6015 9.0 58.0 1.5071 0.0 0.774 0.0 0.22361 992.0 1.6361 9.0 57.0 2.1071 0.0 1.874 0.0 0.14142 993.0 1.6592 9.0 52.0 2.8071 0.0 2.574 0.0 0.22361 994.0 1.4536 10.0 
0.15743 63.97938 128.0 2605.0 2.0 43.0 0.2071 0.0 1.074 0.0 0.22361 998.0 1.259 16.0 43.0 0.5071 0.0 0.274 0.0 0.14142 997.0 1.1803 15.0 44.0 0.9071 0.0 0.0 -0.326 0.1 996.0 1.1632 14.0 47.0 1.2071 0.0 0.0 -0.726 0.1 994.0 1.1875 13.0 51.0 1.6071 0.0 0.0 -1.026 0.1 993.0 1.3283 12.0 
0.35118 34.21005 57.0 2609.0 2.0 59.0 0.0 -2.0929 2.574 0.0 0.64031 1000.0 2.5 16.0 57.0 0.3071 0.0 0.0 -0.026 0.56569 999.0 2.3703 15.0 55.0 2.4071 0.0 0.0 -1.926 0.36056 998.0 2.0598 13.0 53.0 4.2071 0.0 0.0 -2.826 0.22361 997.0 1.7931 15.0 59.0 5.6071 0.0 0.0 -3.026 0.2 993.0 1.7777 12.0 
0.23765 71.90593 141.0 2611.0 2.0 51.0 0.0 -0.2929 0.0 -1.226 0.14142 996.0 1.5627 11.0 63.0 0.6071 0.0 0.0 -0.226 0.28284 990.0 1.7625 8.0 72.0 1.6071 0.0 0.974 0.0 0.22361 986.0 1.961 7.0 75.0 2.5071 0.0 2.174 0.0 0.22361 984.0 1.9811 7.0 75.0 3.3071 0.0 3.274 0.0 0.28284 983.0 1.9151 7.0 
0.30222 17.37652 74.0 2619.0 2.0 50.0 0.0 -1.5929 1.074 0.0 0.36056 998.0 1.7023 13.0 54.0 0.0 -0.0929 0.0 -0.126 0.22361 996.0 1.752 13.0 61.0 1.2071 0.0 0.0 -0.826 0.22361 992.0 1.8098 12.0 66.0 2.4071 0.0 0.0 -1.326 0.2 989.0 1.8538 10.0 71.0 3.6071 0.0 0.0 -1.326 0.1 985.0 1.8388 9.0 
0.5683 32.11459 55.0 262.0 2.0 60.0 0.0 -2.3929 1.474 0.0 0.5 996.0 2.1629 12.0 64.0 0.0 -0.0929 0.274 0.0 0.44721 992.0 1.9922 10.0 70.0 1.9071 0.0 0.0 -0.726 0.36056 989.0 2.0853 11.0 87.0 3.7071 0.0 0.0 -1.926 0.36056 977.0 2.1474 9.0 113.0 5.4071 0.0 0.0 -3.126 0.28284 957.0 2.3289 8.0 
0.17118 48.39733 74.0 2635.0 2.0 47.0 0.0 -1.1929 0.0 -0.126 0.22361 995.0 1.2535 11.0 55.0 0.0 -0.0929 0.0 -0.426 0.22361 991.0 1.4044 9.0 68.0 1.1071 0.0 0.0 -0.526 0.2 986.0 1.7492 10.0 81.0 2.3071 0.0 0.0 -0.326 0.14142 976.0 1.8111 8.0 96.0 3.3071 0.0 0.174 0.0 0.22361 964.0 1.921 7.0 
0.3651 32.65484 63.0 2645.0 2.0 57.0 0.0 -1.5929 0.774 0.0 0.31623 994.0 1.7465 11.0 64.0 0.1071 0.0 0.274 0.0 0.31623 992.0 1.9922 12.0 75.0 1.8071 0.0 0.0 -0.126 0.3 986.0 2.1279 10.0 81.0 3.5071 0.0 0.0 -0.226 0.3 982.0 2.1617 9.0 88.0 5.0071 0.0 0.0 -0.126 0.2 975.0 2.0815 8.0 
0.48566 34.02587 77.0 2647.0 2.0 54.0 0.0 -0.6929 0.0 -0.726 0.14142 992.0 1.4182 10.0 66.0 0.2071 0.0 0.0 -0.226 0.22361 987.0 1.7112 10.0 72.0 1.1071 0.0 0.374 0.0 0.14142 982.0 1.708 9.0 81.0 1.8071 0.0 0.874 0.0 0.14142 975.0 1.7635 8.0 88.0 2.5071 0.0 1.274 0.0 0.14142 970.0 1.8394 7.0 
0.23613 143.87015 83.0 2651.0 2.0 41.0 1.5071 0.0 0.474 0.0 0.0 997.0 1.0731 15.0 44.0 1.1071 0.0 0.674 0.0 0.1 996.0 1.1632 14.0 47.0 0.9071 0.0 1.274 0.0 0.1 995.0 1.2535 13.0 51.0 0.9071 0.0 1.874 0.0 0.1 993.0 1.3283 12.0 56.0 1.1071 0.0 2.474 0.0 0.14142 991.0 1.4559 11.0 
0.2958 13.18352 63.0 2652.0 2.0 53.0 0.0 -2.1929 1.974 0.0 0.56569 1001.0 2.3909 12.0 49.0 0.0 -0.0929 0.074 0.0 0.5 1000.0 1.8864 11.0 48.0 1.7071 0.0 0.0 -1.326 0.28284 999.0 1.6809 12.0 47.0 3.2071 0.0 0.0 -2.426 0.22361 998.0 1.5041 13.0 50.0 4.5071 0.0 0.0 -2.926 0.22361 995.0 1.4186 11.0 
0.32794 19.33007 89.0 2657.0 2.0 43.0 0.0 -0.7929 0.374 0.0 0.2 997.0 1.1803 12.0 49.0 0.0071 0.0 0.174 0.0 0.1 995.0 1.3624 13.0 52.0 0.7071 0.0 0.374 0.0 0.14142 993.0 1.3809 12.0 62.0 1.2071 0.0 1.174 0.0 0.14142 989.0 1.6359 11.0 68.0 1.8071 0.0 2.274 0.0 0.31623 987.0 1.8165 10.0 
0.31846 88.79073 37.0 2670.0 2.0 59.0 0.0 -1.8929 3.474 0.0 0.70711 1001.0 2.5 12.0 58.0 0.7071 0.0 0.374 0.0 0.5831 1000.0 2.5 11.0 61.0 2.9071 0.0 0.0 -2.826 0.5831 998.0 2.5 10.0 65.0 4.7071 0.0 0.0 -6.226 0.63246 996.0 2.5 9.0 68.0 6.0071 0.0 0.0 -9.526 0.53852 995.0 2.5 11.0 
0.40451 14.4498 55.0 2680.0 2.0 46.0 0.0 -1.4929 0.374 0.0 0.2 1000.0 1.6625 18.0 48.0 0.1071 0.0 0.074 0.0 0.2 999.0 1.6809 17.0 49.0 1.7071 0.0 0.374 0.0 0.31623 999.0 1.7517 17.0 49.0 3.4071 0.0 0.774 0.0 0.3 999.0 1.7517 17.0 48.0 5.1071 0.0 0.674 0.0 0.31623 999.0 1.6809 18.0 
0.49423 30.02471 52.0 2699.0 2.0 56.0 0.0 -1.9929 1.174 0.0 0.36056 997.0 2.0019 13.0 61.0 0.2071 0.0 0.174 0.0 0.36056 995.0 2.1114 13.0 67.0 2.3071 0.0 0.0 -0.426 0.31623 993.0 2.2925 12.0 72.0 4.2071 0.0 0.0 -0.726 0.3 988.0 2.1179 10.0 77.0 5.8071 0.0 0.0 -0.626 0.31623 984.0 2.0882 9.0 
0.26009 112.49216 55.0 26.0 2.0 39.0 0.0 -0.1929 0.0 -2.026 0.28284 1001.0 1.2946 21.0 42.0 0.7071 0.0 0.0 -0.726 0.28284 1000.0 1.3859 19.0 43.0 1.7071 0.0 0.474 0.0 0.28284 1000.0 1.4527 19.0 43.0 3.0071 0.0 1.474 0.0 0.22361 1000.0 1.4527 19.0 42.0 4.3071 0.0 1.874 0.0 0.3 1001.0 1.5014 20.0 
0.22779 165.22105 66.0 2704.0 2.0 77.0 0.0 -1.7929 1.874 0.0 0.41231 987.0 2.3291 12.0 91.0 0.2071 0.0 1.474 0.0 0.41231 977.0 2.3494 10.0 96.0 2.0071 0.0 0.974 0.0 0.31623 971.0 2.2412 9.0 97.0 3.4071 0.0 0.474 0.0 0.22361 968.0 2.1356 9.0 99.0 4.6071 0.0 0.174 0.0 0.22361 964.0 2.043 8.0 
0.06011 76.71589 168.0 2711.0 2.0 60.0 0.0 -3.2929 1.274 0.0 0.5831 1000.0 2.5 11.0 59.0 0.0 -0.2929 0.0 -0.626 0.56569 999.0 2.5 14.0 60.0 2.1071 0.0 0.0 -2.426 0.42426 997.0 2.2981 12.0 62.0 4.1071 0.0 0.0 -4.126 0.36056 994.0 2.0664 10.0 66.0 5.6071 0.0 0.0 -5.226 0.22361 990.0 1.9344 11.0 
0.29326 27.7603 44.0 2716.0 2.0 61.0 0.0 -2.5929 3.074 0.0 0.78102 1000.0 2.5 13.0 59.0 0.1071 0.0 0.0 -0.226 0.64031 999.0 2.5 16.0 55.0 2.2071 0.0 0.0 -2.926 0.5 998.0 2.0598 15.0 54.0 3.9071 0.0 0.0 -5.126 0.42426 996.0 1.752 13.0 55.0 5.4071 0.0 0.0 -6.726 0.42426 994.0 1.6261 11.0 
0.14141 48.39733 74.0 2723.0 2.0 40.0 0.0 -1.6929 0.374 0.0 0.31623 1000.0 1.2571 11.0 45.0 0.0 -0.0929 0.0 -0.426 0.28284 998.0 1.3789 10.0 51.0 1.5071 0.0 0.0 -1.626 0.28284 998.0 1.7711 13.0 54.0 2.9071 0.0 0.0 -2.626 0.31623 994.0 1.5675 11.0 61.0 4.2071 0.0 0.0 -3.126 0.2 991.0 1.7275 12.0 
0.0851 81.03809 59.0 2726.0 2.0 52.0 0.0 -2.6929 1.674 0.0 0.64031 1001.0 2.3015 15.0 49.0 0.0 -0.5929 0.0 -0.426 0.42426 1000.0 1.8864 16.0 49.0 1.2071 0.0 0.0 -1.926 0.42426 999.0 1.7517 14.0 51.0 2.8071 0.0 0.0 -3.026 0.22361 997.0 1.6604 12.0 56.0 4.2071 0.0 0.0 -3.526 0.3 995.0 1.7795 13.0 
0.15535 33.53347 68.0 2734.0 2.0 47.0 0.0 -1.8929 2.474 0.0 0.5831 1000.0 1.7355 13.0 45.0 0.0 -0.2929 0.074 0.0 0.44721 1000.0 1.591 17.0 44.0 1.1071 0.0 0.0 -1.726 0.42426 999.0 1.4124 16.0 44.0 2.4071 0.0 0.0 -3.026 0.22361 998.0 1.3183 14.0 46.0 3.6071 0.0 0.0 -3.826 0.22361 996.0 1.2713 12.0 
0.05493 186.97509 84.0 2739.0 2.0 59.0 0.6071 0.0 0.0 -2.326 0.28284 994.0 1.8713 13.0 63.0 1.4071 0.0 0.0 -0.926 0.28284 991.0 1.8426 11.0 63.0 2.1071 0.0 0.274 0.0 0.14142 990.0 1.7625 11.0 64.0 2.7071 0.0 1.174 0.0 0.22361 989.0 1.7431 10.0 65.0 3.4071 0.0 2.174 0.0 0.14142 988.0 1.7261 10.0 
0.80683 30.02471 37.0 2741.0 2.0 65.0 0.0 -3.6929 0.474 0.0 0.60828 999.0 2.5 16.0 76.0 0.2071 0.0 0.174 0.0 0.70711 997.0 2.5 15.0 81.0 4.1071 0.0 0.0 -0.326 0.60828 995.0 2.5 13.0 78.0 7.6071 0.0 0.0 -0.926 0.5099 994.0 2.5 13.0 74.0 10.5071 0.0 0.0 -1.426 0.41231 993.0 2.5 12.0 
0.08534 86.89722 84.0 2744.0 2.0 62.0 0.0 -2.4929 0.474 0.0 0.44721 996.0 2.3095 12.0 66.0 0.0 -0.2929 0.0 -0.726 0.41231 993.0 2.2245 11.0 75.0 1.6071 0.0 0.0 -1.626 0.31623 987.0 2.2097 10.0 79.0 3.1071 0.0 0.0 -2.126 0.2 981.0 1.992 9.0 82.0 4.1071 0.0 0.0 -2.126 0.2 977.0 1.9077 8.0 
0.601 63.97938 51.0 2755.0 2.0 74.0 0.0 -1.8929 2.374 0.0 0.5 994.0 2.5 13.0 82.0 0.5071 0.0 0.274 0.0 0.5 988.0 2.5 11.0 88.0 2.7071 0.0 0.0 -1.426 0.36056 981.0 2.4717 9.0 100.0 4.5071 0.0 0.0 -2.426 0.31623 969.0 2.3213 7.0 100.0 6.1071 0.0 0.0 -2.926 0.3 966.0 2.1731 7.0 
0.31891 22.67945 83.0 2761.0 2.0 43.0 0.0 -0.4929 0.674 0.0 0.14142 997.0 1.1803 15.0 47.0 0.1071 0.0 0.174 0.0 0.1 996.0 1.3272 14.0 50.0 0.8071 0.0 0.174 0.0 0.14142 995.0 1.4186 13.0 55.0 1.5071 0.0 0.674 0.0 0.22361 993.0 1.5448 12.0 59.0 2.3071 0.0 1.274 0.0 0.22361 991.0 1.6161 11.0 
0.43308 63.71887 57.0 2763.0 2.0 63.0 0.0 -2.8929 2.374 0.0 0.53852 998.0 2.5 13.0 69.0 0.0071 0.0 0.574 0.0 0.5831 996.0 2.5 13.0 73.0 2.6071 0.0 0.0 -1.226 0.44721 993.0 2.5 12.0 72.0 4.5071 0.0 0.0 -2.426 0.36056 989.0 2.2062 11.0 75.0 5.9071 0.0 0.0 -3.426 0.28284 985.0 2.0519 9.0 
0.53197 8.25172 47.0 2771.0 2.0 58.0 0.0 -2.4929 1.274 0.0 0.44721 999.0 2.4542 10.0 58.0 0.0071 0.0 0.074 0.0 0.44721 997.0 2.1474 9.0 63.0 2.4071 0.0 0.0 -1.226 0.41231 993.0 2.0269 8.0 68.0 4.7071 0.0 0.0 -2.126 0.44721 992.0 2.249 9.0 75.0 6.8071 0.0 0.0 -2.826 0.31623 988.0 2.2981 10.0 
0.18921 83.38209 49.0 2772.0 2.0 42.0 0.0 -2.0929 0.0 -0.126 0.31623 1001.0 1.5014 23.0 47.0 0.0 -0.1929 0.0 -0.726 0.36056 1000.0 1.7355 19.0 53.0 1.7071 0.0 0.0 -1.626 0.41231 999.0 2.0493 17.0 55.0 3.8071 0.0 0.0 -2.026 0.4 998.0 2.0598 16.0 54.0 5.9071 0.0 0.0 -1.826 0.31623 998.0 1.9855 16.0 
0.26093 27.12273 251.0 2774.0 2.0 52.0 0.0 -1.9929 1.074 0.0 0.44721 997.0 1.7261 9.0 56.0 0.0 -0.0929 0.0 -0.226 0.36056 996.0 1.8841 11.0 63.0 1.6071 0.0 0.0 -1.526 0.31623 991.0 1.8426 9.0 74.0 3.2071 0.0 0.0 -2.326 0.31623 984.0 1.9286 8.0 93.0 4.6071 0.0 0.0 -2.726 0.3 970.0 2.0544 7.0 
0.21936 49.1426 72.0 2782.0 2.0 51.0 0.0 -1.1929 2.574 0.0 0.5 1000.0 2.0435 17.0 50.0 0.4071 0.0 0.174 0.0 0.5 999.0 1.8239 15.0 49.0 1.9071 0.0 0.0 -1.626 0.36056 997.0 1.5327 13.0 49.0 3.1071 0.0 0.0 -2.826 0.22361 996.0 1.4425 16.0 52.0 4.1071 0.0 0.0 -3.226 0.1 992.0 1.3151 13.0 
0.23708 92.73958 51.0 2787.0 2.0 67.0 0.0 -2.0929 2.974 0.0 0.64031 996.0 2.5 17.0 70.0 0.6071 0.0 0.574 0.0 0.56569 993.0 2.5 14.0 74.0 2.8071 0.0 0.0 -1.426 0.44721 989.0 2.3304 15.0 85.0 4.8071 0.0 0.0 -2.926 0.36056 983.0 2.4598 15.0 96.0 6.4071 0.0 0.0 -4.026 0.22361 972.0 2.2958 12.0 
0.42269 67.73423 65.0 2789.0 2.0 69.0 0.0 -2.2929 2.174 0.0 0.44721 995.0 2.5 18.0 72.0 0.2071 0.0 0.574 0.0 0.5 994.0 2.5 16.0 69.0 2.4071 0.0 0.0 -1.226 0.36056 993.0 2.4314 16.0 64.0 4.1071 0.0 0.0 -2.226 0.22361 992.0 1.9922 15.0 60.0 5.4071 0.0 0.0 -2.626 0.22361 992.0 1.7509 15.0 
0.14465 59.28963 85.0 2797.0 2.0 59.0 0.0 -1.6929 0.074 0.0 0.31623 994.0 1.8713 10.0 66.0 0.0 -0.0929 0.0 -0.526 0.31623 990.0 1.9344 11.0 77.0 1.2071 0.0 0.0 -0.526 0.22361 981.0 1.8924 9.0 87.0 2.2071 0.0 0.074 0.0 0.14142 974.0 1.9822 7.0 91.0 2.9071 0.0 1.074 0.0 0.22361 971.0 2.0138 7.0 
0.25344 42.04636 78.0 2798.0 2.0 55.0 0.0 -1.7929 0.174 0.0 0.36056 996.0 1.8174 13.0 61.0 0.0 -0.1929 0.0 -0.326 0.31623 993.0 1.9003 12.0 63.0 1.1071 0.0 0.0 -0.226 0.22361 990.0 1.7625 11.0 64.0 2.0071 0.0 0.374 0.0 0.14142 988.0 1.6734 10.0 67.0 2.7071 0.0 1.074 0.0 0.22361 985.0 1.6375 10.0 
0.26595 14.00819 68.0 279.0 2.0 47.0 0.0 -2.0929 0.974 0.0 0.44721 1001.0 1.8802 17.0 47.0 0.0071 0.0 0.0 -0.126 0.36056 1000.0 1.7355 16.0 46.0 1.7071 0.0 0.0 -1.026 0.31623 998.0 1.4408 14.0 48.0 3.1071 0.0 0.0 -1.826 0.22361 997.0 1.4708 14.0 54.0 4.1071 0.0 0.0 -2.426 0.22361 994.0 1.5675 13.0 
0.32475 8.25172 74.0 2800.0 2.0 44.0 0.0 -1.1929 0.174 0.0 0.2 1000.0 1.5211 19.0 45.0 0.0071 0.0 0.074 0.0 0.1 998.0 1.3789 16.0 44.0 0.8071 0.0 0.274 0.0 0.14142 998.0 1.3183 15.0 42.0 1.5071 0.0 0.574 0.0 0.14142 998.0 1.2011 15.0 40.0 2.0071 0.0 0.974 0.0 0.1 998.0 1.0895 16.0 
0.28184 57.38457 55.0 2809.0 2.0 47.0 0.0 -1.8929 0.0 -0.026 0.31623 997.0 1.4101 13.0 52.0 0.0 -0.2929 0.0 -0.426 0.31623 995.0 1.5343 11.0 61.0 1.4071 0.0 0.0 -0.526 0.3 992.0 1.8098 13.0 72.0 3.2071 0.0 0.0 -0.526 0.3 988.0 2.1179 13.0 88.0 4.9071 0.0 0.0 -0.926 0.31623 977.0 2.1971 10.0 
0.07945 221.07863 64.0 2812.0 2.0 44.0 0.4071 0.0 0.0 -2.326 0.28284 1001.0 1.6478 20.0 46.0 1.7071 0.0 0.0 -1.026 0.28284 1000.0 1.6625 18.0 44.0 2.6071 0.0 0.474 0.0 0.22361 1000.0 1.5211 18.0 40.0 3.1071 0.0 1.874 0.0 0.22361 1000.0 1.2571 19.0 37.0 3.5071 0.0 2.974 0.0 0.2 1001.0 1.1652 20.0 
0.06624 152.01353 67.0 2813.0 2.0 35.0 0.3071 0.0 0.0 -1.626 0.14142 1000.0 1.0 15.0 41.0 0.9071 0.0 0.0 -1.026 0.2 999.0 1.2264 12.0 43.0 1.7071 0.0 0.0 -0.626 0.14142 998.0 1.259 12.0 42.0 2.5071 0.0 0.0 -0.326 0.2 998.0 1.2011 12.0 42.0 3.4071 0.0 0.0 -0.426 0.14142 999.0 1.2869 12.0 
0.47054 22.67945 49.0 2815.0 2.0 53.0 0.0 -1.6929 1.374 0.0 0.36056 998.0 1.9127 13.0 58.0 0.1071 0.0 0.174 0.0 0.31623 996.0 2.0211 14.0 69.0 2.1071 0.0 0.0 -0.626 0.41231 992.0 2.3156 12.0 76.0 4.2071 0.0 0.0 -1.526 0.31623 988.0 2.3598 10.0 81.0 6.1071 0.0 0.0 -2.526 0.31623 985.0 2.3933 9.0 
0.34948 22.67945 262.0 2817.0 2.0 55.0 0.0 -1.1929 1.674 0.0 0.42426 996.0 1.8174 15.0 60.0 0.1071 0.0 0.174 0.0 0.28284 992.0 1.7509 13.0 70.0 1.3071 0.0 0.0 -0.726 0.22361 987.0 1.9249 13.0 79.0 2.5071 0.0 0.0 -1.226 0.22361 981.0 1.992 11.0 89.0 3.7071 0.0 0.0 -1.426 0.22361 973.0 2.0226 10.0 
0.2696 52.72984 82.0 2822.0 2.0 47.0 0.0 -2.2929 0.0 -1.226 0.5 1001.0 1.8802 16.0 49.0 0.0 -0.2929 0.374 0.0 0.42426 1001.0 2.0436 15.0 46.0 1.1071 0.0 2.174 0.0 0.28284 1000.0 1.6625 14.0 39.0 2.1071 0.0 3.374 0.0 0.22361 1001.0 1.2946 15.0 33.0 2.9071 0.0 4.074 0.0 0.1 1001.0 1.0 16.0 
0.35845 38.12432 50.0 2827.0 2.0 55.0 0.0 -1.6929 0.874 0.0 0.36056 997.0 1.931 12.0 59.0 0.2071 0.0 0.274 0.0 0.3 993.0 1.7777 10.0 72.0 2.1071 0.0 0.474 0.0 0.4 989.0 2.2062 11.0 83.0 4.1071 0.0 0.674 0.0 0.3 982.0 2.2698 9.0 98.0 5.9071 0.0 0.474 0.0 0.31623 971.0 2.3355 7.0 
0.36045 47.45382 74.0 2830.0 2.0 58.0 0.0 -0.9929 1.574 0.0 0.36056 993.0 1.7179 14.0 66.0 0.2071 0.0 0.374 0.0 0.28284 989.0 1.8538 14.0 74.0 1.3071 0.0 0.0 -0.326 0.22361 984.0 1.9286 12.0 76.0 2.4071 0.0 0.0 -0.526 0.1 981.0 1.8436 11.0 79.0 3.4071 0.0 0.0 -0.426 0.14142 979.0 1.8748 11.0 
0.22464 42.04636 70.0 2832.0 2.0 52.0 0.0 -1.0929 0.374 0.0 0.22361 994.0 1.4536 11.0 58.0 0.0 -0.1929 0.0 -0.326 0.22361 990.0 1.4939 10.0 71.0 0.7071 0.0 0.0 -0.626 0.1 982.0 1.6609 9.0 79.0 1.6071 0.0 0.0 -0.526 0.1 977.0 1.7707 8.0 85.0 2.5071 0.0 0.0 -0.526 0.2 973.0 1.8449 8.0 
0.38667 13.18352 58.0 2838.0 2.0 37.0 0.0 -0.9929 0.0 -0.426 0.2 1000.0 1.0756 19.0 42.0 0.0 -0.0929 0.074 0.0 0.22361 999.0 1.2869 17.0 47.0 1.0071 0.0 0.874 0.0 0.28284 999.0 1.6116 16.0 50.0 2.3071 0.0 1.874 0.0 0.28284 999.0 1.8239 16.0 48.0 3.8071 0.0 2.574 0.0 0.3 999.0 1.6809 17.0 
0.33664 43.18263 48.0 283.0 2.0 47.0 0.0 -2.2929 0.274 0.0 0.5099 1002.0 2.0511 25.0 46.0 0.1071 0.0 0.374 0.0 0.4 1002.0 1.9647 23.0 48.0 2.3071 0.0 0.574 0.0 0.4 1001.0 1.961 21.0 48.0 4.5071 0.0 0.574 0.0 0.3 1001.0 1.961 20.0 45.0 6.5071 0.0 0.774 0.0 0.3 1001.0 1.7236 20.0 
0.13965 77.39705 68.0 2845.0 2.0 42.0 0.0 -0.8929 0.0 -0.826 0.2 1000.0 1.3859 14.0 46.0 0.3071 0.0 0.0 -0.626 0.2 998.0 1.4408 12.0 46.0 1.4071 0.0 0.0 -0.426 0.14142 998.0 1.4408 11.0 45.0 2.3071 0.0 0.0 -0.026 0.22361 998.0 1.3789 12.0 44.0 3.3071 0.0 0.274 0.0 0.22361 998.0 1.3183 12.0 
0.31371 85.01661 38.0 284.0 2.0 67.0 0.0 -2.9929 2.274 0.0 0.72111 1001.0 2.5 22.0 65.0 0.5071 0.0 0.574 0.0 0.63246 1000.0 2.5 18.0 67.0 3.9071 0.0 0.0 -0.226 0.5 998.0 2.5 16.0 66.0 7.1071 0.0 0.0 -0.126 0.5099 998.0 2.5 16.0 61.0 9.9071 0.0 0.574 0.0 0.41231 998.0 2.5 16.0 
0.09683 25.57494 59.0 2853.0 2.0 44.0 0.0 -1.5929 1.874 0.0 0.44721 1001.0 1.6478 13.0 43.0 0.0 -0.1929 0.0 -0.126 0.36056 1000.0 1.4527 12.0 45.0 1.1071 0.0 0.0 -1.926 0.36056 1000.0 1.591 16.0 47.0 2.5071 0.0 0.0 -3.426 0.22361 999.0 1.6116 14.0 49.0 3.8071 0.0 0.0 -4.226 0.22361 996.0 1.4425 12.0 
0.0779 166.74426 100.0 2854.0 2.0 62.0 0.7071 0.0 0.0 -1.726 0.22361 990.0 1.707 11.0 70.0 1.4071 0.0 0.0 -0.526 0.22361 986.0 1.8536 10.0 73.0 2.0071 0.0 0.874 0.0 0.31623 985.0 1.9439 9.0 71.0 2.5071 0.0 2.274 0.0 0.31623 986.0 1.9069 10.0 67.0 3.0071 0.0 3.574 0.0 0.22361 988.0 1.834 10.0 
0.31303 13.18352 62.0 2856.0 2.0 52.0 0.0 -2.1929 1.974 0.0 0.5 1000.0 2.1245 15.0 54.0 0.0 -0.0929 0.074 0.0 0.42426 999.0 2.1274 14.0 55.0 1.7071 0.0 0.0 -1.526 0.28284 998.0 2.0598 16.0 57.0 3.3071 0.0 0.0 -2.426 0.2 995.0 1.8436 14.0 64.0 4.7071 0.0 0.0 -2.726 0.2 991.0 1.9016 11.0 
0.21512 183.25513 34.0 2859.0 2.0 76.0 0.0 -1.2929 6.274 0.0 1.02956 1001.0 2.5 12.0 73.0 1.5071 0.0 0.674 0.0 0.8544 1000.0 2.5 11.0 67.0 3.5071 0.0 0.0 -3.926 0.76158 999.0 2.5 15.0 67.0 5.2071 0.0 0.0 -7.926 0.63246 997.0 2.5 13.0 67.0 6.7071 0.0 0.0 -11.126 0.53852 995.0 2.5 11.0 
0.25752 24.41152 54.0 2860.0 2.0 50.0 0.0 -1.6929 2.374 0.0 0.5831 1001.0 2.1279 13.0 49.0 0.2071 0.0 0.074 0.0 0.5 1000.0 1.8864 11.0 49.0 1.9071 0.0 0.0 -1.826 0.36056 999.0 1.7517 10.0 50.0 3.5071 0.0 0.0 -3.126 0.31623 998.0 1.7023 13.0 56.0 5.1071 0.0 0.0 -3.726 0.2 994.0 1.6858 10.0 
0.28348 25.09838 54.0 2866.0 2.0 43.0 0.0 -1.1929 0.474 0.0 0.22361 998.0 1.259 13.0 50.0 0.0071 0.0 0.0 -0.226 0.2 997.0 1.5959 15.0 57.0 1.4071 0.0 0.0 -0.726 0.22361 995.0 1.8436 13.0 63.0 3.0071 0.0 0.0 -1.226 0.22361 992.0 1.9304 12.0 71.0 4.7071 0.0 0.0 -1.726 0.3 989.0 2.1453 11.0 
0.20952 47.45382 64.0 2876.0 2.0 59.0 0.0 -1.1929 1.974 0.0 0.36056 996.0 2.0914 14.0 58.0 0.2071 0.0 0.374 0.0 0.28284 996.0 2.0211 14.0 56.0 1.5071 0.0 0.0 -0.826 0.36056 996.0 1.8841 14.0 56.0 2.8071 0.0 0.0 -1.726 0.22361 995.0 1.7795 13.0 56.0 4.0071 0.0 0.0 -2.226 0.2 994.0 1.6858 13.0 
0.48505 8.25172 143.0 2884.0 2.0 59.0 0.0 -1.0929 0.674 0.0 0.22361 993.0 1.7777 12.0 65.0 0.0071 0.0 0.074 0.0 0.2 989.0 1.798 11.0 66.0 1.1071 0.0 0.0 -0.326 0.22361 988.0 1.7796 10.0 67.0 2.1071 0.0 0.0 -0.726 0.14142 986.0 1.6981 10.0 68.0 2.8071 0.0 0.0 -1.026 0.2 984.0 1.6286 9.0 
0.74058 87.40194 43.0 2886.0 2.0 85.0 0.0 -2.9929 3.774 0.0 0.78102 994.0 2.5 13.0 87.0 0.4071 0.0 0.674 0.0 0.56569 992.0 2.5 12.0 83.0 3.1071 0.0 0.0 -1.526 0.5 990.0 2.5 11.0 79.0 5.6071 0.0 0.0 -3.026 0.44721 990.0 2.5 11.0 71.0 7.8071 0.0 0.0 -4.126 0.36056 992.0 2.4518 12.0 
0.32344 63.71887 46.0 2893.0 2.0 49.0 0.0 -2.6929 1.774 0.0 0.44721 1002.0 2.2294 19.0 51.0 0.0071 0.0 0.574 0.0 0.53852 1002.0 2.4151 24.0 55.0 2.8071 0.0 0.0 -0.426 0.44721 1001.0 2.5 20.0 56.0 5.3071 0.0 0.0 -1.526 0.31623 1000.0 2.4639 18.0 50.0 7.2071 0.0 0.0 -2.126 0.31623 999.0 1.8239 17.0 
0.17657 141.17291 81.0 2895.0 2.0 43.0 1.1071 0.0 0.0 -0.626 0.0 995.0 1.0492 17.0 44.0 1.1071 0.0 0.0 -0.626 0.1 994.0 1.0407 17.0 48.0 1.4071 0.0 0.0 -0.726 0.0 993.0 1.1766 16.0 53.0 1.8071 0.0 0.0 -0.826 0.2 992.0 1.3662 15.0 56.0 2.5071 0.0 0.0 -0.726 0.22361 991.0 1.4559 15.0 
0.15916 59.28963 60.0 2902.0 2.0 56.0 0.0 -1.9929 0.0 -0.526 0.3 996.0 1.8841 12.0 60.0 0.0 -0.0929 0.0 -0.526 0.2 994.0 1.9352 13.0 64.0 1.3071 0.0 0.0 -0.626 0.3 991.0 1.9016 11.0 67.0 2.6071 0.0 0.0 -0.926 0.2 988.0 1.834 10.0 73.0 3.9071 0.0 0.0 -1.326 0.2 985.0 1.9439 9.0 
0.06754 57.38457 65.0 2917.0 2.0 57.0 0.0 -2.4929 2.174 0.0 0.64031 1000.0 2.5 12.0 53.0 0.0 -0.2929 0.0 -0.426 0.56569 999.0 2.0493 11.0 50.0 1.5071 0.0 0.0 -2.426 0.42426 999.0 1.8239 14.0 51.0 3.1071 0.0 0.0 -3.526 0.22361 997.0 1.6604 12.0 55.0 4.5071 0.0 0.0 -4.026 0.3 994.0 1.6261 12.0 
0.18002 112.28057 65.0 31.0 2.0 49.0 0.0 -1.7929 0.0 -1.326 0.4 1001.0 2.0436 22.0 49.0 0.4071 0.0 0.0 -0.926 0.31623 1000.0 1.8864 19.0 45.0 2.0071 0.0 0.0 -0.426 0.2 999.0 1.4773 18.0 44.0 3.3071 0.0 0.0 -0.526 0.2 999.0 1.4124 17.0 42.0 4.3071 0.0 0.0 -0.726 0.1 999.0 1.2869 17.0 
0.10422 102.78902 50.0 2921.0 2.0 53.0 0.0 -2.2929 0.0 -0.826 0.4 1000.0 2.207 20.0 55.0 0.0071 0.0 0.0 -0.926 0.41231 999.0 2.2069 17.0 54.0 2.1071 0.0 0.0 -1.426 0.31623 998.0 1.9855 16.0 52.0 4.0071 0.0 0.0 -1.726 0.3 999.0 1.9727 16.0 50.0 5.8071 0.0 0.0 -1.526 0.31623 999.0 1.8239 17.0 
0.12363 72.7102 62.0 2931.0 2.0 42.0 0.0 -1.5929 0.074 0.0 0.36056 1000.0 1.3859 16.0 43.0 0.0 -0.1929 0.0 -0.626 0.22361 999.0 1.3489 14.0 47.0 1.1071 0.0 0.0 -1.026 0.2 997.0 1.4101 14.0 55.0 2.5071 0.0 0.0 -1.026 0.22361 994.0 1.6261 13.0 63.0 3.8071 0.0 0.0 -0.626 0.31623 991.0 1.8426 12.0 
0.20785 47.45382 54.0 2933.0 2.0 48.0 0.0 -1.0929 2.074 0.0 0.36056 999.0 1.6809 14.0 50.0 0.2071 0.0 0.374 0.0 0.28284 997.0 1.5959 13.0 55.0 1.7071 0.0 0.0 -0.526 0.22361 994.0 1.6261 11.0 67.0 3.3071 0.0 0.0 -0.626 0.31623 990.0 1.9935 11.0 78.0 5.0071 0.0 0.0 -0.026 0.31623 983.0 2.0713 9.0 
0.20286 83.38209 47.0 2935.0 2.0 49.0 0.0 -2.8929 0.274 0.0 0.5099 1002.0 2.2294 25.0 50.0 0.0 -0.1929 0.0 -0.726 0.41231 1001.0 2.1279 22.0 51.0 2.1071 0.0 0.0 -1.626 0.44721 1000.0 2.0435 20.0 52.0 4.3071 0.0 0.0 -2.726 0.31623 1000.0 2.1245 19.0 52.0 6.4071 0.0 0.0 -3.626 0.36056 999.0 1.9727 18.0 
0.26628 61.36266 77.0 2937.0 2.0 41.0 0.2071 0.0 1.074 0.0 0.1 998.0 1.1446 21.0 44.0 0.4071 0.0 0.374 0.0 0.14142 996.0 1.1632 19.0 48.0 0.8071 0.0 0.074 0.0 0.14142 994.0 1.2385 17.0 54.0 1.4071 0.0 0.074 0.0 0.2 992.0 1.4182 16.0 64.0 2.3071 0.0 0.674 0.0 0.22361 990.0 1.8189 14.0 
0.27745 10.70814 120.0 2943.0 2.0 47.0 0.0 -0.8929 0.774 0.0 0.22361 996.0 1.3272 12.0 52.0 0.0 -0.0929 0.0 -0.026 0.14142 994.0 1.4536 13.0 64.0 0.6071 0.0 0.0 -0.626 0.14142 988.0 1.6734 10.0 69.0 1.3071 0.0 0.0 -1.026 0.22361 984.0 1.6768 9.0 68.0 2.1071 0.0 0.0 -1.326 0.14142 985.0 1.6867 9.0 
0.29769 37.62661 55.0 2952.0 2.0 48.0 0.0 -2.1929 0.674 0.0 0.36056 1000.0 1.8102 15.0 54.0 0.0 -0.0929 0.0 -0.326 0.44721 998.0 1.9855 13.0 57.0 2.0071 0.0 0.0 -1.126 0.31623 995.0 1.8436 11.0 64.0 3.9071 0.0 0.0 -1.826 0.22361 993.0 2.0918 12.0 70.0 5.4071 0.0 0.0 -2.426 0.22361 988.0 2.0019 10.0 
0.11096 190.76591 90.0 2954.0 2.0 78.0 0.9071 0.0 0.0 -1.626 0.14142 979.0 1.8277 13.0 88.0 1.5071 0.0 0.0 -0.826 0.14142 971.0 1.8832 12.0 90.0 2.2071 0.0 0.0 -0.226 0.14142 970.0 1.924 12.0 94.0 2.9071 0.0 0.474 0.0 0.14142 967.0 1.9619 11.0 99.0 3.5071 0.0 1.174 0.0 0.22361 962.0 1.9628 10.0 
0.21365 59.28963 62.0 2956.0 2.0 68.0 0.0 -2.0929 0.0 -0.026 0.31623 991.0 2.1467 9.0 80.0 0.0 -0.0929 0.0 -0.526 0.41231 984.0 2.2541 9.0 93.0 1.8071 0.0 0.0 -0.626 0.3 974.0 2.2651 8.0 98.0 3.5071 0.0 0.0 -0.326 0.3 968.0 2.1798 7.0 104.0 4.8071 0.0 0.0 -0.026 0.22361 959.0 2.0458 6.0 
0.50324 43.18263 179.0 2958.0 2.0 73.0 0.0 -1.6929 1.674 0.0 0.42426 990.0 2.3665 15.0 80.0 0.1071 0.0 0.374 0.0 0.36056 985.0 2.3346 12.0 82.0 1.8071 0.0 0.0 -0.526 0.22361 982.0 2.2154 11.0 83.0 3.3071 0.0 0.0 -1.226 0.22361 979.0 2.0695 11.0 86.0 4.6071 0.0 0.0 -1.626 0.14142 973.0 1.8885 8.0 
0.29597 22.67945 69.0 2959.0 2.0 51.0 0.0 -1.1929 0.774 0.0 0.22361 997.0 1.6604 15.0 55.0 0.1071 0.0 0.174 0.0 0.28284 995.0 1.7165 13.0 58.0 1.3071 0.0 0.0 -0.626 0.28284 994.0 1.8084 13.0 59.0 2.6071 0.0 0.0 -1.526 0.36056 994.0 1.8713 13.0 58.0 3.9071 0.0 0.0 -2.426 0.22361 994.0 1.8084 13.0 
0.23821 2.99167 56.0 2961.0 2.0 41.0 0.0 -1.6929 1.474 0.0 0.42426 1001.0 1.4308 13.0 42.0 0.0071 0.0 0.0 -0.026 0.28284 1001.0 1.5014 17.0 44.0 1.5071 0.0 0.0 -1.326 0.36056 1000.0 1.5211 16.0 49.0 3.1071 0.0 0.0 -2.626 0.42426 999.0 1.7517 14.0 52.0 4.7071 0.0 0.0 -3.926 0.36056 997.0 1.7261 12.0 
0.17493 97.8178 73.0 2962.0 2.0 62.0 0.0 -1.0929 0.0 -1.326 0.31623 990.0 1.707 9.0 75.0 0.3071 0.0 0.0 -0.826 0.22361 983.0 1.9151 9.0 88.0 1.4071 0.0 0.0 -0.126 0.22361 972.0 1.9291 7.0 99.0 2.4071 0.0 0.574 0.0 0.14142 962.0 1.9628 7.0 115.0 3.3071 0.0 1.274 0.0 0.14142 946.0 2.0161 5.0 
0.11898 113.78699 126.0 2966.0 2.0 50.0 0.0 -0.3929 0.0 -1.126 0.2 996.0 1.502 15.0 58.0 0.6071 0.0 0.0 -0.826 0.2 992.0 1.6361 12.0 63.0 1.5071 0.0 0.0 -0.326 0.2 989.0 1.6891 11.0 64.0 2.3071 0.0 0.174 0.0 0.1 988.0 1.6734 10.0 62.0 3.1071 0.0 0.574 0.0 0.14142 989.0 1.6359 10.0 
0.51838 27.12273 65.0 2971.0 2.0 54.0 0.0 -2.5929 0.374 0.0 0.41231 1000.0 2.291 19.0 59.0 0.0 -0.0929 0.0 -0.226 0.4 999.0 2.5 17.0 56.0 2.1071 0.0 0.0 -0.326 0.31623 997.0 2.0019 15.0 53.0 3.8071 0.0 0.0 -0.026 0.31623 997.0 1.7931 15.0 49.0 5.1071 0.0 0.574 0.0 0.22361 998.0 1.6349 16.0 
0.11083 70.24699 73.0 2972.0 2.0 36.0 0.0 -1.4929 0.074 0.0 0.31623 1002.0 1.2034 19.0 37.0 0.0 -0.0929 0.0 -0.626 0.22361 1001.0 1.1652 17.0 39.0 1.2071 0.0 0.0 -1.026 0.22361 1001.0 1.2946 21.0 43.0 2.4071 0.0 0.0 -1.426 0.2 999.0 1.3489 18.0 46.0 3.5071 0.0 0.0 -1.626 0.2 998.0 1.4408 16.0 
0.50337 47.45382 76.0 2977.0 2.0 61.0 0.0 -0.9929 0.974 0.0 0.22361 991.0 1.7275 16.0 71.0 0.2071 0.0 0.374 0.0 0.22361 986.0 1.9069 16.0 82.0 1.4071 0.0 0.0 -0.126 0.22361 978.0 1.9622 13.0 93.0 2.5071 0.0 0.0 -0.726 0.2 970.0 2.0544 12.0 100.0 3.6071 0.0 0.0 -1.126 0.1 963.0 2.0427 10.0 
0.09813 151.08182 80.0 2983.0 2.0 55.0 0.0 -0.6929 0.0 -1.726 0.22361 992.0 1.4713 9.0 68.0 0.3071 0.0 0.0 -1.326 0.2 986.0 1.7492 10.0 79.0 1.3071 0.0 0.0 -0.926 0.14142 979.0 1.8748 8.0 82.0 2.1071 0.0 0.0 -0.426 0.22361 976.0 1.8561 8.0 87.0 2.9071 0.0 0.274 0.0 0.22361 972.0 1.8856 7.0 
0.10869 144.90013 64.0 2985.0 2.0 43.0 0.0 -0.2929 0.0 -1.726 0.22361 1000.0 1.4527 19.0 42.0 0.8071 0.0 0.0 -1.026 0.22361 999.0 1.2869 17.0 39.0 1.5071 0.0 0.0 -0.426 0.22361 1000.0 1.195 18.0 37.0 2.1071 0.0 0.274 0.0 0.22361 1000.0 1.0756 19.0 34.0 2.6071 0.0 1.174 0.0 0.14142 1001.0 1.0 20.0 
0.26901 47.45382 122.0 2998.0 2.0 69.0 0.0 -0.9929 1.874 0.0 0.36056 991.0 2.2103 11.0 66.0 0.2071 0.0 0.374 0.0 0.28284 990.0 1.9344 11.0 61.0 1.2071 0.0 0.0 -0.526 0.14142 991.0 1.7275 11.0 57.0 1.9071 0.0 0.0 -1.026 0.14142 991.0 1.5084 11.0 54.0 2.4071 0.0 0.0 -1.226 0.14142 991.0 1.3538 11.0 
0.13735 48.39733 70.0 3000.0 2.0 45.0 0.0 -1.7929 1.174 0.0 0.42426 1001.0 1.7236 13.0 45.0 0.0 -0.0929 0.0 -0.426 0.36056 1000.0 1.591 12.0 46.0 1.7071 0.0 0.0 -1.626 0.28284 999.0 1.5437 10.0 46.0 3.2071 0.0 0.0 -2.726 0.22361 997.0 1.3508 10.0 49.0 4.5071 0.0 0.0 -3.526 0.22361 996.0 1.4425 12.0 
0.17408 86.89722 66.0 3005.0 2.0 51.0 0.0 -2.6929 0.374 0.0 0.44721 1000.0 2.0435 14.0 53.0 0.0 -0.2929 0.0 -0.726 0.41231 999.0 2.0493 14.0 54.0 1.9071 0.0 0.0 -1.226 0.31623 997.0 1.8615 12.0 57.0 3.7071 0.0 0.0 -1.826 0.22361 995.0 1.8436 14.0 62.0 5.0071 0.0 0.0 -2.426 0.22361 991.0 1.7846 11.0 
0.60106 27.12273 70.0 300.0 2.0 54.0 0.0 -1.5929 0.0 -0.326 0.3 992.0 1.4182 14.0 63.0 0.0 -0.0929 0.0 -0.226 0.2 989.0 1.6891 15.0 74.0 1.3071 0.0 0.0 -0.126 0.2 983.0 1.8643 14.0 89.0 2.5071 0.0 0.0 -0.026 0.2 972.0 1.9732 12.0 111.0 3.7071 0.0 0.0 -0.226 0.2 953.0 2.0974 10.0 
0.16969 79.14903 66.0 3015.0 2.0 54.0 0.0 -0.7929 2.974 0.0 0.5831 998.0 1.9855 15.0 53.0 0.6071 0.0 0.374 0.0 0.5 997.0 1.7931 18.0 54.0 1.9071 0.0 0.0 -1.526 0.36056 995.0 1.6546 15.0 59.0 3.2071 0.0 0.0 -2.826 0.22361 992.0 1.693 17.0 70.0 4.5071 0.0 0.0 -3.526 0.36056 985.0 1.7874 13.0 
0.07905 178.57711 251.0 3017.0 2.0 65.0 1.9071 0.0 0.0 -0.926 0.2 987.0 1.6597 10.0 64.0 1.6071 0.0 0.074 0.0 0.2 988.0 1.6734 10.0 63.0 1.5071 0.0 1.074 0.0 0.1 988.0 1.6215 10.0 63.0 1.5071 0.0 1.974 0.0 0.1 988.0 1.6215 10.0 62.0 1.7071 0.0 2.774 0.0 0.22361 988.0 1.5705 10.0 
0.7317 38.12432 63.0 3029.0 2.0 100.0 0.0 -1.4929 1.874 0.0 0.42426 971.0 2.4318 10.0 119.0 0.2071 0.0 0.274 0.0 0.42426 951.0 2.3328 8.0 141.0 1.7071 0.0 0.0 -1.026 0.36056 924.0 2.2816 6.0 152.0 3.0071 0.0 0.0 -1.826 0.22361 906.0 2.2054 5.0 147.0 4.0071 0.0 0.0 -2.026 0.1 909.0 2.1222 5.0 
0.29008 41.06496 94.0 3031.0 2.0 47.0 0.0 -0.9929 0.574 0.0 0.28284 996.0 1.3272 12.0 51.0 0.0 -0.2929 0.0 -0.226 0.14142 994.0 1.3982 13.0 62.0 0.3071 0.0 0.0 -0.326 0.1 988.0 1.5705 10.0 69.0 0.9071 0.0 0.274 0.0 0.22361 985.0 1.7367 9.0 74.0 1.5071 0.0 1.574 0.0 0.22361 984.0 1.9286 9.0 
0.20337 2.99167 80.0 3034.0 2.0 39.0 0.0 -0.3929 0.974 0.0 0.22361 999.0 1.1096 14.0 40.0 0.0071 0.0 0.0 -0.026 0.1 997.0 1.0214 12.0 48.0 0.4071 0.0 0.0 -0.626 0.14142 995.0 1.3074 14.0 56.0 1.0071 0.0 0.0 -1.026 0.1 992.0 1.5252 11.0 56.0 1.7071 0.0 0.0 -1.126 0.1 992.0 1.5252 12.0 
0.06584 41.06496 76.0 3039.0 2.0 42.0 0.0 -0.7929 1.674 0.0 0.41231 999.0 1.2869 11.0 43.0 0.0 -0.2929 0.0 -0.226 0.31623 998.0 1.259 14.0 45.0 0.3071 0.0 0.0 -1.726 0.22361 996.0 1.2166 12.0 50.0 1.1071 0.0 0.0 -2.626 0.14142 993.0 1.2767 10.0 60.0 2.0071 0.0 0.0 -3.026 0.2 989.0 1.5321 11.0 
0.08941 48.64617 89.0 3040.0 2.0 40.0 0.0 -1.7929 1.074 0.0 0.28284 1001.0 1.3618 13.0 42.0 0.0 -0.2929 0.0 -0.326 0.36056 1000.0 1.3859 12.0 44.0 1.2071 0.0 0.0 -1.426 0.36056 999.0 1.4124 11.0 44.0 2.5071 0.0 0.0 -2.326 0.22361 998.0 1.3183 11.0 46.0 3.6071 0.0 0.0 -2.826 0.14142 996.0 1.2713 11.0 
0.46644 193.3831 182.0 3042.0 2.0 46.0 2.1071 0.0 0.0 -0.526 0.31623 998.0 1.4408 26.0 46.0 1.5071 0.0 0.874 0.0 0.22361 998.0 1.4408 26.0 44.0 0.7071 0.0 2.074 0.0 0.22361 998.0 1.3183 27.0 43.0 0.1071 0.0 3.074 0.0 0.28284 997.0 1.1803 24.0 45.0 0.0 -0.4929 4.174 0.0 0.22361 994.0 1.0886 15.0 
0.68303 78.54114 161.0 3044.0 2.0 56.0 0.8071 0.0 0.0 -0.526 0.14142 989.0 1.3346 17.0 60.0 0.7071 0.0 0.0 -0.026 0.1 988.0 1.4708 17.0 63.0 0.8071 0.0 0.874 0.0 0.1 988.0 1.6215 17.0 65.0 0.9071 0.0 2.074 0.0 0.2 988.0 1.7261 17.0 66.0 1.0071 0.0 3.474 0.0 0.2 988.0 1.7796 17.0 
0.37824 25.09838 78.0 3047.0 2.0 60.0 0.0 -1.0929 0.074 0.0 0.22361 994.0 1.9352 13.0 64.0 0.0071 0.0 0.0 -0.226 0.1 988.0 1.6734 10.0 65.0 0.8071 0.0 0.174 0.0 0.14142 988.0 1.7261 10.0 67.0 1.4071 0.0 1.074 0.0 0.22361 987.0 1.7634 10.0 68.0 2.1071 0.0 2.374 0.0 0.22361 987.0 1.8165 10.0 
0.24947 2.99167 66.0 3057.0 2.0 46.0 0.0 -1.1929 1.474 0.0 0.36056 997.0 1.3508 12.0 49.0 0.0071 0.0 0.0 -0.026 0.28284 996.0 1.4425 12.0 54.0 1.3071 0.0 0.0 -1.226 0.22361 993.0 1.4892 10.0 62.0 2.5071 0.0 0.0 -2.126 0.22361 988.0 1.5705 10.0 76.0 3.8071 0.0 0.0 -2.826 0.22361 980.0 1.7877 9.0 
0.26367 61.36266 115.0 3065.0 2.0 69.0 0.0071 0.0 1.174 0.0 0.1 984.0 1.6768 12.0 86.0 0.4071 0.0 0.374 0.0 0.14142 972.0 1.8425 9.0 89.0 0.9071 0.0 0.0 -0.226 0.14142 969.0 1.8387 9.0 87.0 1.4071 0.0 0.0 -0.526 0.14142 969.0 1.757 9.0 85.0 1.9071 0.0 0.0 -0.626 0.0 970.0 1.7161 9.0 
0.17469 45.6838 128.0 3069.0 2.0 59.0 0.0 -0.7929 2.174 0.0 0.36056 997.0 2.2221 15.0 53.0 0.3071 0.0 0.274 0.0 0.28284 997.0 1.7931 15.0 49.0 1.2071 0.0 0.0 -1.026 0.14142 996.0 1.4425 15.0 55.0 1.8071 0.0 0.0 -1.726 0.14142 992.0 1.4713 12.0 58.0 2.3071 0.0 0.0 -2.126 0.1 989.0 1.4316 11.0 
0.7872 14.4498 63.0 3070.0 2.0 66.0 0.0 -1.2929 1.474 0.0 0.42426 990.0 1.9344 12.0 78.0 0.1071 0.0 0.074 0.0 0.28284 984.0 2.1428 12.0 88.0 1.7071 0.0 0.0 -0.826 0.31623 978.0 2.2599 11.0 95.0 3.5071 0.0 0.0 -1.126 0.3 972.0 2.2483 10.0 98.0 5.0071 0.0 0.0 -1.126 0.31623 967.0 2.1324 9.0 
0.701 13.18352 139.0 3071.0 2.0 65.0 0.0 -1.1929 0.374 0.0 0.22361 991.0 1.9615 11.0 67.0 0.0 -0.0929 0.074 0.0 0.2 987.0 1.7634 10.0 65.0 0.7071 0.0 0.674 0.0 0.14142 987.0 1.6597 10.0 70.0 0.9071 0.0 2.174 0.0 0.4 988.0 2.0019 10.0 72.0 0.8071 0.0 4.374 0.0 0.4 989.0 2.2062 10.0 
0.34366 85.01661 36.0 3080.0 2.0 68.0 0.0 -2.4929 4.874 0.0 0.86023 1001.0 2.5 13.0 67.0 0.5071 0.0 0.574 0.0 0.86023 1000.0 2.5 12.0 63.0 2.9071 0.0 0.0 -3.326 0.72111 999.0 2.5 13.0 62.0 4.8071 0.0 0.0 -6.526 0.5831 998.0 2.5 13.0 62.0 6.5071 0.0 0.0 -9.126 0.42426 995.0 2.1812 11.0 
0.43414 53.615 42.0 308.0 2.0 54.0 0.0 -3.6929 1.774 0.0 0.63246 1002.0 2.5 24.0 63.0 0.0 -0.0929 0.474 0.0 0.63246 1001.0 2.5 21.0 59.0 3.1071 0.0 0.0 -0.626 0.53852 1001.0 2.5 20.0 54.0 5.8071 0.0 0.0 -1.826 0.44721 1001.0 2.4819 20.0 48.0 8.0071 0.0 0.0 -2.826 0.41231 1001.0 1.961 21.0 
0.34887 13.18352 61.0 3090.0 2.0 57.0 0.0 -2.4929 2.174 0.0 0.5 999.0 2.3703 11.0 56.0 0.0 -0.0929 0.074 0.0 0.5 998.0 2.1353 14.0 55.0 1.8071 0.0 0.0 -1.926 0.36056 996.0 1.8174 12.0 58.0 3.3071 0.0 0.0 -3.526 0.36056 993.0 1.7179 11.0 66.0 4.6071 0.0 0.0 -4.826 0.36056 989.0 1.8538 11.0 
0.35666 119.24761 35.0 3093.0 2.0 69.0 0.0 -1.7929 4.474 0.0 0.9434 1000.0 2.5 12.0 64.0 1.0071 0.0 0.374 0.0 0.80623 999.0 2.5 11.0 64.0 3.1071 0.0 0.0 -3.426 0.67082 998.0 2.5 12.0 65.0 4.9071 0.0 0.0 -6.926 0.5831 997.0 2.5 12.0 65.0 6.7071 0.0 0.0 -9.426 0.42426 993.0 2.1576 10.0 
0.13834 69.94114 72.0 3094.0 2.0 68.0 0.0 -0.7929 1.974 0.0 0.36056 992.0 2.249 12.0 63.0 0.5071 0.0 0.374 0.0 0.28284 993.0 2.0269 12.0 59.0 1.7071 0.0 0.0 -0.826 0.22361 994.0 1.8713 12.0 57.0 2.9071 0.0 0.0 -1.626 0.22361 994.0 1.7465 13.0 56.0 4.0071 0.0 0.0 -2.426 0.22361 994.0 1.6858 13.0 
0.37147 14.4498 87.0 3107.0 2.0 59.0 0.0 -2.1929 2.474 0.0 0.64031 998.0 2.3703 21.0 56.0 0.1071 0.0 0.074 0.0 0.42426 997.0 2.0019 19.0 53.0 1.7071 0.0 0.0 -1.926 0.28284 995.0 1.5939 16.0 54.0 2.8071 0.0 0.0 -3.226 0.22361 993.0 1.4892 18.0 60.0 3.9071 0.0 0.0 -3.926 0.22361 990.0 1.5987 19.0 
0.28746 57.41677 77.0 3109.0 2.0 70.0 0.0 -1.2929 1.374 0.0 0.31623 989.0 2.0853 14.0 75.0 0.2071 0.0 0.474 0.0 0.22361 985.0 2.0519 12.0 76.0 1.4071 0.0 0.0 -0.226 0.22361 982.0 1.903 12.0 76.0 2.4071 0.0 0.0 -0.626 0.1 977.0 1.6387 8.0 78.0 3.1071 0.0 0.0 -0.626 0.14142 974.0 1.5933 8.0 
0.33171 78.1117 59.0 3125.0 2.0 98.0 0.0 -0.8929 1.374 0.0 0.22361 969.0 2.2294 9.0 100.0 0.4071 0.0 0.574 0.0 0.22361 966.0 2.1731 9.0 102.0 1.7071 0.0 0.0 -0.226 0.22361 964.0 2.1686 8.0 111.0 3.1071 0.0 0.0 -1.126 0.22361 957.0 2.2472 8.0 121.0 4.5071 0.0 0.0 -2.126 0.22361 948.0 2.3006 7.0 
0.11531 136.05297 81.0 3147.0 2.0 55.0 0.5071 0.0 0.0 -1.626 0.22361 990.0 1.3433 9.0 69.0 1.1071 0.0 0.0 -0.526 0.22361 983.0 1.6209 10.0 82.0 1.6071 0.0 0.474 0.0 0.14142 972.0 1.6751 8.0 99.0 2.2071 0.0 1.174 0.0 0.22361 956.0 1.7562 6.0 116.0 2.9071 0.0 1.574 0.0 0.22361 941.0 1.9088 5.0 
0.10319 45.79963 53.0 3148.0 2.0 56.0 0.0 -2.8929 2.274 0.0 0.56569 999.0 2.2879 11.0 58.0 0.0 -0.3929 0.0 -0.126 0.56569 998.0 2.2906 10.0 60.0 1.7071 0.0 0.0 -2.526 0.56569 997.0 2.2981 12.0 63.0 3.6071 0.0 0.0 -4.526 0.42426 994.0 2.1336 10.0 70.0 5.4071 0.0 0.0 -5.926 0.36056 990.0 2.176 11.0 
0.27034 63.97938 46.0 314.0 2.0 54.0 0.0 -2.0929 1.774 0.0 0.44721 1001.0 2.4819 22.0 55.0 0.5071 0.0 0.274 0.0 0.5 1001.0 2.5 20.0 52.0 2.8071 0.0 0.0 -1.226 0.42426 1001.0 2.3015 20.0 51.0 4.9071 0.0 0.0 -2.726 0.36056 1001.0 2.2138 20.0 49.0 6.9071 0.0 0.0 -3.926 0.44721 1001.0 2.0436 20.0 
0.09166 188.05989 63.0 3159.0 2.0 62.0 0.0 -0.4929 3.974 0.0 0.67082 998.0 2.5 15.0 60.0 1.5071 0.0 0.774 0.0 0.64031 997.0 2.2981 14.0 58.0 3.2071 0.0 0.0 -1.926 0.5 996.0 2.0211 16.0 57.0 4.5071 0.0 0.0 -3.826 0.28284 993.0 1.6592 14.0 62.0 5.5071 0.0 0.0 -5.026 0.22361 989.0 1.6359 15.0 
0.27627 126.5958 155.0 315.0 2.0 56.0 1.6071 0.0 0.0 -1.026 0.22361 993.0 1.6015 12.0 63.0 1.1071 0.0 0.274 0.0 0.31623 990.0 1.7625 11.0 67.0 0.5071 0.0 1.574 0.0 0.22361 987.0 1.7634 10.0 67.0 0.0071 0.0 2.674 0.0 0.14142 986.0 1.6981 10.0 67.0 0.0 -0.3929 3.374 0.0 0.1 984.0 1.581 9.0 
0.07041 96.56275 64.0 3161.0 2.0 54.0 0.0 -2.9929 1.774 0.0 0.64031 1000.0 2.291 16.0 55.0 0.0 -0.6929 0.0 -0.526 0.5 998.0 2.0598 14.0 56.0 1.4071 0.0 0.0 -2.326 0.44721 997.0 2.0019 13.0 58.0 3.4071 0.0 0.0 -3.426 0.36056 995.0 1.9088 15.0 63.0 5.0071 0.0 0.0 -4.126 0.31623 990.0 1.7625 12.0 
0.43328 53.71602 40.0 3164.0 2.0 68.0 0.0 -2.6929 5.174 0.0 0.9434 1001.0 2.5 18.0 71.0 0.3071 0.0 0.374 0.0 0.86023 1001.0 2.5 16.0 67.0 3.2071 0.0 0.0 -3.426 0.78102 999.0 2.5 15.0 68.0 5.9071 0.0 0.0 -6.426 0.70711 998.0 2.5 15.0 75.0 8.7071 0.0 0.0 -9.026 0.64031 995.0 2.5 14.0 
0.21144 92.42951 78.0 3166.0 2.0 74.0 0.0 -0.9929 2.074 0.0 0.36056 987.0 2.1512 13.0 82.0 0.3071 0.0 0.774 0.0 0.22361 980.0 2.0811 11.0 91.0 1.4071 0.0 0.0 -0.226 0.28284 973.0 2.1145 10.0 99.0 2.4071 0.0 0.0 -1.126 0.14142 964.0 2.043 8.0 114.0 3.3071 0.0 0.0 -1.626 0.22361 948.0 2.0421 7.0 
0.6773 22.67945 60.0 3167.0 2.0 73.0 0.0 -1.9929 1.374 0.0 0.44721 991.0 2.474 15.0 79.0 0.1071 0.0 0.174 0.0 0.44721 987.0 2.4517 13.0 78.0 2.0071 0.0 0.0 -1.026 0.36056 986.0 2.3015 13.0 75.0 3.5071 0.0 0.0 -2.126 0.36056 984.0 1.9811 11.0 90.0 4.8071 0.0 0.0 -2.926 0.28284 973.0 2.0683 10.0 
0.4154 112.1609 324.0 3168.0 2.0 104.0 0.0 -1.7929 2.574 0.0 0.5 970.0 2.5 10.0 110.0 0.5071 0.0 0.874 0.0 0.44721 964.0 2.5 9.0 127.0 2.6071 0.0 0.0 -0.526 0.36056 945.0 2.4226 7.0 138.0 4.3071 0.0 0.0 -1.726 0.36056 932.0 2.4014 6.0 125.0 5.9071 0.0 0.0 -2.726 0.31623 944.0 2.3129 7.0 
0.1875 47.45382 67.0 3169.0 2.0 47.0 0.0 -1.3929 2.674 0.0 0.5 1000.0 1.7355 12.0 48.0 0.2071 0.0 0.374 0.0 0.42426 999.0 1.6809 11.0 49.0 1.6071 0.0 0.0 -1.726 0.36056 998.0 1.6349 10.0 50.0 2.8071 0.0 0.0 -3.426 0.36056 996.0 1.502 11.0 53.0 4.0071 0.0 0.0 -4.726 0.28284 994.0 1.51 11.0 
0.38455 45.79963 54.0 316.0 2.0 40.0 0.0 -1.7929 0.0 -2.326 0.42426 1002.0 1.4856 24.0 48.0 0.0 -0.3929 0.0 -0.126 0.53852 1001.0 1.961 22.0 52.0 0.7071 0.0 2.874 0.0 0.53852 1001.0 2.3015 21.0 51.0 1.9071 0.0 5.774 0.0 0.44721 1001.0 2.2138 21.0 49.0 2.9071 0.0 8.574 0.0 0.41231 1001.0 2.0436 21.0 
0.37055 84.17478 42.0 3179.0 2.0 61.0 0.0 -1.8929 3.674 0.0 0.78102 1000.0 2.5 13.0 60.0 0.7071 0.0 0.274 0.0 0.64031 999.0 2.5 11.0 60.0 3.0071 0.0 0.0 -2.826 0.56569 998.0 2.4513 10.0 60.0 5.2071 0.0 0.0 -5.326 0.5831 997.0 2.2981 13.0 62.0 6.9071 0.0 0.0 -7.726 0.42426 994.0 2.0664 11.0 
0.12123 97.8178 185.0 3190.0 2.0 46.0 0.0 -0.8929 0.0 -1.326 0.22361 997.0 1.3508 12.0 54.0 0.3071 0.0 0.0 -0.826 0.2 995.0 1.6546 14.0 63.0 1.4071 0.0 0.0 -0.526 0.22361 990.0 1.7625 11.0 66.0 2.5071 0.0 0.074 0.0 0.14142 988.0 1.7796 10.0 65.0 3.3071 0.0 0.974 0.0 0.14142 989.0 1.798 11.0 
0.41089 47.45382 53.0 3197.0 2.0 64.0 0.0 -1.9929 3.374 0.0 0.5831 998.0 2.5 14.0 65.0 0.2071 0.0 0.374 0.0 0.64031 996.0 2.5 12.0 68.0 2.4071 0.0 0.0 -2.126 0.42426 992.0 2.249 10.0 75.0 4.4071 0.0 0.0 -3.926 0.42426 987.0 2.2097 11.0 89.0 6.0071 0.0 0.0 -5.326 0.36056 973.0 2.0226 8.0 
0.17617 72.7102 59.0 3201.0 2.0 50.0 0.0 -2.3929 0.874 0.0 0.5 1001.0 2.1279 23.0 52.0 0.0 -0.1929 0.0 -0.626 0.44721 1000.0 2.1245 19.0 52.0 1.8071 0.0 0.0 -1.526 0.31623 999.0 1.9727 17.0 49.0 3.5071 0.0 0.0 -1.926 0.2 999.0 1.7517 17.0 46.0 4.9071 0.0 0.0 -2.026 0.22361 999.0 1.5437 17.0 
0.3851 10.70814 226.0 3203.0 2.0 60.0 0.0 -2.5929 2.474 0.0 0.64031 999.0 2.5 11.0 60.0 0.0 -0.0929 0.0 -0.026 0.5 998.0 2.4513 14.0 61.0 2.3071 0.0 0.0 -1.926 0.42426 996.0 2.2356 12.0 64.0 4.1071 0.0 0.0 -3.526 0.36056 992.0 1.9922 10.0 74.0 5.7071 0.0 0.0 -4.826 0.36056 987.0 2.1512 10.0 
0.24029 37.19517 38.0 3204.0 2.0 59.0 0.0 -2.2929 3.974 0.0 0.67082 1001.0 2.5 18.0 59.0 0.0 -0.1929 0.274 0.0 0.72111 1000.0 2.5 16.0 59.0 2.0071 0.0 0.0 -2.926 0.5831 999.0 2.5 15.0 61.0 4.1071 0.0 0.0 -5.626 0.64031 997.0 2.3753 13.0 65.0 6.1071 0.0 0.0 -8.326 0.5 996.0 2.5 15.0 
0.26575 13.18352 64.0 3207.0 2.0 46.0 0.0 -1.6929 1.374 0.0 0.36056 1001.0 1.801 21.0 47.0 0.0 -0.0929 0.074 0.0 0.28284 1000.0 1.7355 19.0 46.0 1.3071 0.0 0.0 -0.826 0.22361 999.0 1.5437 17.0 44.0 2.6071 0.0 0.0 -1.426 0.2 999.0 1.4124 17.0 42.0 3.8071 0.0 0.0 -1.726 0.2 1000.0 1.3859 18.0 
0.13267 45.79963 47.0 3209.0 2.0 58.0 0.0 -3.3929 2.174 0.0 0.64031 1001.0 2.5 17.0 61.0 0.0 -0.3929 0.0 -0.126 0.56569 1000.0 2.5 15.0 60.0 2.2071 0.0 0.0 -2.126 0.5 999.0 2.5 18.0 63.0 4.5071 0.0 0.0 -3.826 0.44721 997.0 2.5 15.0 65.0 6.6071 0.0 0.0 -5.126 0.31623 995.0 2.3974 13.0 
0.45589 62.69156 52.0 3210.0 2.0 68.0 0.0 -1.7929 2.674 0.0 0.5 993.0 2.3614 10.0 78.0 0.3071 0.0 0.474 0.0 0.42426 989.0 2.5 11.0 88.0 2.5071 0.0 0.0 -1.126 0.36056 982.0 2.5 9.0 99.0 4.4071 0.0 0.0 -2.326 0.28284 970.0 2.328 7.0 116.0 5.9071 0.0 0.0 -3.226 0.31623 952.0 2.253 6.0 
0.37007 32.65484 62.0 3221.0 2.0 57.0 0.0 -2.0929 1.874 0.0 0.5 999.0 2.3703 15.0 55.0 0.1071 0.0 0.274 0.0 0.42426 997.0 1.931 13.0 56.0 2.0071 0.0 0.0 -1.026 0.28284 996.0 1.8841 15.0 60.0 3.4071 0.0 0.0 -2.026 0.22361 991.0 1.6713 13.0 70.0 4.7071 0.0 0.0 -2.726 0.22361 986.0 1.8536 13.0 
0.33882 18.35579 55.0 3224.0 2.0 57.0 0.0 -2.0929 2.574 0.0 0.64031 1000.0 2.5 12.0 57.0 0.1071 0.0 0.0 -0.126 0.56569 999.0 2.3703 13.0 58.0 2.2071 0.0 0.0 -2.426 0.5 998.0 2.2906 13.0 59.0 4.1071 0.0 0.0 -4.026 0.42426 995.0 1.9752 11.0 64.0 5.7071 0.0 0.0 -5.226 0.22361 992.0 1.9922 12.0 
0.38865 25.09838 54.0 3230.0 2.0 45.0 0.0 -2.3929 0.774 0.0 0.41231 1002.0 1.8803 26.0 47.0 0.0071 0.0 0.0 -0.226 0.36056 1002.0 2.0511 23.0 47.0 2.1071 0.0 0.0 -1.326 0.31623 1001.0 1.8802 21.0 45.0 3.9071 0.0 0.0 -2.126 0.36056 1000.0 1.591 20.0 44.0 5.5071 0.0 0.0 -2.826 0.22361 1000.0 1.5211 19.0 
1.66259 27.7603 49.0 3234.0 2.0 89.0 0.0 -2.7929 0.274 0.0 0.5099 983.0 2.5 10.0 105.0 0.1071 0.0 0.0 -0.226 0.5099 972.0 2.5 10.0 122.0 2.6071 0.0 0.0 -0.426 0.4 953.0 2.5 8.0 134.0 4.7071 0.0 0.0 -0.226 0.41231 938.0 2.4453 7.0 122.0 6.5071 0.0 0.474 0.0 0.31623 942.0 2.1411 5.0 
0.2451 78.1117 52.0 3237.0 2.0 54.0 0.0 -1.3929 3.074 0.0 0.5 999.0 2.1274 11.0 55.0 0.4071 0.0 0.574 0.0 0.5 998.0 2.0598 10.0 59.0 2.2071 0.0 0.0 -1.726 0.42426 996.0 2.0914 12.0 66.0 4.0071 0.0 0.0 -3.626 0.42426 992.0 2.1186 10.0 75.0 5.8071 0.0 0.0 -5.226 0.36056 986.0 2.1279 9.0 
0.5465 67.60861 42.0 3241.0 2.0 67.0 0.0 -2.6929 0.0 -0.626 0.5 996.0 2.5 16.0 70.0 0.3071 0.0 0.0 -0.526 0.4 994.0 2.5 15.0 78.0 2.9071 0.0 0.0 -0.426 0.5 990.0 2.5 14.0 84.0 5.7071 0.0 0.0 -0.426 0.4 987.0 2.5 13.0 81.0 8.3071 0.0 0.0 -0.426 0.41231 987.0 2.5 13.0 
0.13794 171.63007 47.0 3244.0 2.0 46.0 0.0 -0.0929 0.0 -2.426 0.36056 1001.0 1.801 20.0 50.0 1.3071 0.0 0.0 -0.826 0.36056 999.0 1.8239 17.0 51.0 2.9071 0.0 0.574 0.0 0.36056 999.0 1.8976 17.0 50.0 4.7071 0.0 1.574 0.0 0.31623 1000.0 1.9642 18.0 48.0 6.6071 0.0 2.074 0.0 0.3 1000.0 1.8102 19.0 
0.20733 62.18838 57.0 3246.0 2.0 53.0 0.0 -2.1929 0.674 0.0 0.36056 998.0 1.9127 13.0 58.0 0.0 -0.1929 0.0 -0.526 0.31623 995.0 1.9088 11.0 67.0 1.7071 0.0 0.0 -1.426 0.31623 991.0 2.0841 12.0 72.0 3.3071 0.0 0.0 -2.026 0.31623 987.0 2.0365 10.0 79.0 4.7071 0.0 0.0 -2.226 0.2 981.0 1.992 9.0 
0.95321 22.67945 45.0 3247.0 2.0 73.0 0.0 -2.9929 1.774 0.0 0.5831 995.0 2.5 11.0 80.0 0.1071 0.0 0.174 0.0 0.67082 992.0 2.5 12.0 88.0 3.1071 0.0 0.0 -1.026 0.44721 985.0 2.5 10.0 93.0 5.4071 0.0 0.0 -1.726 0.41231 977.0 2.4538 8.0 94.0 7.2071 0.0 0.0 -1.826 0.3 972.0 2.2012 7.0 
0.18297 45.6838 76.0 3250.0 2.0 31.0 0.1071 0.0 0.874 0.0 0.1 1000.0 1.0 15.0 35.0 0.3071 0.0 0.274 0.0 0.14142 998.0 1.0 14.0 43.0 0.8071 0.0 0.0 -0.126 0.14142 997.0 1.1803 15.0 50.0 1.5071 0.0 0.0 -0.426 0.1 995.0 1.4186 13.0 54.0 2.3071 0.0 0.0 -0.426 0.14142 993.0 1.4892 12.0 
0.35552 73.51405 59.0 3251.0 2.0 71.0 0.0 -0.9929 0.0 -1.526 0.36056 986.0 1.9069 9.0 92.0 0.5071 0.0 0.0 -0.426 0.36056 974.0 2.2166 8.0 106.0 2.0071 0.0 0.774 0.0 0.28284 963.0 2.2952 6.0 103.0 3.3071 0.0 1.974 0.0 0.36056 965.0 2.2574 7.0 99.0 4.7071 0.0 3.074 0.0 0.22361 967.0 2.1762 7.0 
0.18607 14.00819 91.0 3252.0 2.0 32.0 0.0 -0.5929 0.0 -0.226 0.1 999.0 1.0 11.0 34.0 0.0071 0.0 0.0 -0.126 0.1 999.0 1.0 14.0 37.0 0.5071 0.0 0.0 -0.126 0.14142 997.0 1.0 13.0 44.0 1.0071 0.0 0.0 -0.426 0.1 996.0 1.1632 13.0 50.0 1.7071 0.0 0.0 -0.726 0.1 992.0 1.2159 10.0 
0.07974 101.5299 56.0 3253.0 2.0 47.0 0.0 -2.3929 0.674 0.0 0.5 1000.0 1.7355 12.0 49.0 0.0 -0.3929 0.0 -0.826 0.44721 1000.0 1.8864 15.0 53.0 1.7071 0.0 0.0 -2.026 0.44721 998.0 1.9127 13.0 56.0 3.7071 0.0 0.0 -3.026 0.36056 996.0 1.8841 11.0 62.0 5.3071 0.0 0.0 -4.026 0.31623 994.0 2.0664 13.0 
0.53721 49.71343 68.0 326.0 2.0 54.0 0.0 -0.9929 0.0 -0.926 0.22361 994.0 1.5675 10.0 65.0 0.3071 0.0 0.0 -0.326 0.28284 990.0 1.8762 11.0 82.0 1.5071 0.0 1.074 0.0 0.36056 981.0 2.1462 9.0 90.0 2.5071 0.0 2.874 0.0 0.36056 976.0 2.236 8.0 82.0 3.6071 0.0 4.574 0.0 0.36056 982.0 2.2154 9.0 
0.42236 22.67945 53.0 3272.0 2.0 64.0 0.0 -2.8929 2.874 0.0 0.70711 1000.0 2.5 16.0 62.0 0.1071 0.0 0.174 0.0 0.56569 998.0 2.5 14.0 58.0 2.5071 0.0 0.0 -1.826 0.5 998.0 2.2906 17.0 57.0 4.4071 0.0 0.0 -3.226 0.31623 995.0 1.8436 15.0 60.0 5.9071 0.0 0.0 -3.726 0.3 993.0 1.8385 16.0 
0.12953 144.90013 62.0 3277.0 2.0 50.0 0.0 -0.4929 0.0 -2.126 0.28284 998.0 1.7023 16.0 54.0 0.8071 0.0 0.0 -1.026 0.22361 996.0 1.752 14.0 52.0 2.1071 0.0 0.0 -0.526 0.22361 997.0 1.7261 14.0 47.0 3.1071 0.0 0.0 -0.126 0.2 997.0 1.4101 15.0 42.0 3.9071 0.0 0.074 0.0 0.2 998.0 1.2011 16.0 
0.16877 72.7102 66.0 3285.0 2.0 44.0 0.0 -1.2929 0.0 -0.326 0.2 997.0 1.2359 13.0 48.0 0.0 -0.1929 0.0 -0.626 0.22361 995.0 1.3074 15.0 55.0 0.9071 0.0 0.0 -0.826 0.14142 991.0 1.4044 13.0 69.0 1.9071 0.0 0.0 -0.826 0.2 986.0 1.801 13.0 81.0 3.1071 0.0 0.0 -0.526 0.2 979.0 1.9709 11.0 
0.28817 22.67945 42.0 3293.0 2.0 54.0 0.0 -1.7929 3.074 0.0 0.64031 1000.0 2.291 13.0 52.0 0.1071 0.0 0.174 0.0 0.64031 999.0 1.9727 12.0 54.0 2.1071 0.0 0.0 -2.426 0.5 998.0 1.9855 13.0 55.0 3.7071 0.0 0.0 -4.826 0.42426 997.0 1.931 13.0 58.0 5.2071 0.0 0.0 -6.926 0.36056 994.0 1.8084 11.0 
0.64283 22.67945 53.0 3295.0 2.0 67.0 0.0 -2.5929 1.574 0.0 0.5831 996.0 2.5 12.0 67.0 0.1071 0.0 0.174 0.0 0.44721 994.0 2.4131 14.0 73.0 2.3071 0.0 0.0 -0.626 0.41231 988.0 2.1772 11.0 84.0 4.3071 0.0 0.0 -1.126 0.31623 981.0 2.2521 11.0 90.0 5.9071 0.0 0.0 -1.426 0.22361 974.0 2.1213 10.0 
0.22789 25.09838 62.0 3301.0 2.0 45.0 0.0 -1.5929 0.474 0.0 0.31623 997.0 1.2927 14.0 48.0 0.0071 0.0 0.0 -0.226 0.22361 996.0 1.3843 15.0 53.0 1.4071 0.0 0.0 -1.026 0.36056 994.0 1.51 15.0 61.0 2.8071 0.0 0.0 -1.826 0.36056 990.0 1.6524 12.0 74.0 4.2071 0.0 0.0 -2.726 0.31623 985.0 1.9975 13.0 
0.72876 30.42421 49.0 3304.0 2.0 78.0 0.0 -2.1929 0.0 -0.726 0.36056 984.0 2.1428 10.0 98.0 0.0071 0.0 0.274 0.0 0.36056 974.0 2.5 10.0 125.0 1.9071 0.0 1.274 0.0 0.36056 947.0 2.418 7.0 147.0 3.8071 0.0 2.174 0.0 0.31623 924.0 2.4799 6.0 139.0 5.9071 0.0 2.674 0.0 0.3 935.0 2.5 6.0 
0.48291 2.99167 95.0 330.0 2.0 53.0 0.0 -0.7929 0.374 0.0 0.14142 992.0 1.3662 10.0 63.0 0.0071 0.0 0.0 -0.026 0.1 987.0 1.5592 10.0 77.0 0.8071 0.0 0.0 -0.126 0.2 977.0 1.6821 8.0 81.0 1.7071 0.0 0.0 -0.026 0.2 976.0 1.8111 8.0 87.0 2.7071 0.0 0.074 0.0 0.1 971.0 1.8407 7.0 
0.62669 22.67945 64.0 3318.0 2.0 66.0 0.0 -1.5929 0.874 0.0 0.31623 989.0 1.8538 9.0 72.0 0.1071 0.0 0.174 0.0 0.22361 982.0 1.708 10.0 79.0 1.4071 0.0 0.0 -0.426 0.22361 979.0 1.8748 11.0 100.0 2.7071 0.0 0.0 -0.926 0.22361 963.0 2.0427 11.0 122.0 3.9071 0.0 0.0 -1.126 0.1 942.0 2.1411 9.0 
0.4368 62.74853 54.0 331.0 2.0 55.0 0.0 -1.5929 0.0 -1.226 0.31623 997.0 1.931 15.0 67.0 0.2071 0.0 0.0 -0.526 0.36056 992.0 2.1833 12.0 76.0 2.1071 0.0 0.574 0.0 0.31623 988.0 2.3598 10.0 73.0 3.9071 0.0 1.274 0.0 0.31623 989.0 2.2679 10.0 69.0 5.6071 0.0 1.274 0.0 0.31623 989.0 2.0261 11.0 
0.20511 13.18352 65.0 3322.0 2.0 40.0 0.0 -1.3929 1.874 0.0 0.36056 1002.0 1.4856 18.0 43.0 0.0 -0.0929 0.074 0.0 0.36056 1001.0 1.5738 17.0 43.0 1.2071 0.0 0.0 -1.426 0.28284 1000.0 1.4527 15.0 46.0 2.6071 0.0 0.0 -2.426 0.2 999.0 1.5437 18.0 51.0 3.9071 0.0 0.0 -2.726 0.2 997.0 1.6604 15.0 
0.1625 116.18293 59.0 3323.0 2.0 62.0 0.0 -1.7929 0.0 -1.726 0.3 992.0 1.8696 10.0 76.0 0.2071 0.0 0.0 -1.026 0.31623 987.0 2.269 10.0 93.0 1.9071 0.0 0.174 0.0 0.36056 975.0 2.3247 8.0 104.0 3.4071 0.0 1.774 0.0 0.42426 967.0 2.4016 7.0 106.0 4.8071 0.0 3.674 0.0 0.44721 967.0 2.4948 7.0 
0.15212 42.04636 257.0 3328.0 2.0 65.0 0.0 -1.8929 4.074 0.0 0.89443 1000.0 2.5 13.0 58.0 0.0 -0.1929 0.0 -0.326 0.76158 999.0 2.4542 12.0 56.0 1.4071 0.0 0.0 -3.826 0.5831 998.0 2.1353 11.0 55.0 2.9071 0.0 0.0 -6.526 0.5 997.0 1.931 10.0 58.0 4.4071 0.0 0.0 -8.826 0.5 996.0 2.0211 12.0 
0.21999 17.37652 62.0 3334.0 2.0 44.0 0.0 -1.7929 1.574 0.0 0.42426 1001.0 1.6478 19.0 44.0 0.0 -0.0929 0.0 -0.126 0.36056 1001.0 1.6478 17.0 45.0 1.7071 0.0 0.0 -1.226 0.31623 1001.0 1.7236 21.0 45.0 3.3071 0.0 0.0 -1.926 0.22361 1000.0 1.591 19.0 45.0 4.6071 0.0 0.0 -2.526 0.28284 999.0 1.4773 18.0 
0.18322 66.82775 53.0 3364.0 2.0 48.0 0.0 -2.3929 1.074 0.0 0.5 1002.0 2.1393 18.0 47.0 0.0 -0.2929 0.0 -0.526 0.44721 1001.0 1.8802 17.0 48.0 1.9071 0.0 0.0 -1.326 0.36056 1000.0 1.8102 15.0 51.0 3.8071 0.0 0.0 -2.126 0.31623 999.0 1.8976 17.0 54.0 5.5071 0.0 0.0 -2.626 0.31623 997.0 1.8615 15.0 
0.1566 58.39132 102.0 3368.0 2.0 33.0 0.0 -0.4929 0.0 -0.626 0.1 999.0 1.0 10.0 42.0 0.0071 0.0 0.0 -0.526 0.1 997.0 1.1261 11.0 51.0 0.7071 0.0 0.0 -0.426 0.14142 994.0 1.3982 9.0 54.0 1.4071 0.0 0.0 -0.126 0.1 993.0 1.4892 9.0 56.0 2.2071 0.0 0.074 0.0 0.22361 993.0 1.6015 9.0 
0.66211 14.4498 63.0 3374.0 2.0 59.0 0.0 -1.9929 1.174 0.0 0.5 995.0 1.9752 11.0 68.0 0.1071 0.0 0.074 0.0 0.44721 993.0 2.3614 12.0 78.0 2.2071 0.0 0.0 -0.626 0.31623 986.0 2.3015 10.0 83.0 3.9071 0.0 0.0 -0.926 0.22361 980.0 2.1322 8.0 90.0 5.1071 0.0 0.0 -1.026 0.2 971.0 1.9698 7.0 
0.09058 142.90345 47.0 3404.0 2.0 56.0 0.0 -2.6929 0.274 0.0 0.5 999.0 2.2879 20.0 56.0 0.0 -0.3929 0.0 -1.226 0.36056 997.0 2.0019 17.0 60.0 1.8071 0.0 0.0 -2.326 0.44721 996.0 2.1629 20.0 66.0 4.1071 0.0 0.0 -3.226 0.41231 993.0 2.2245 17.0 75.0 6.4071 0.0 0.0 -3.926 0.31623 989.0 2.3938 18.0 
0.09125 136.08828 76.0 3405.0 2.0 45.0 0.0 -1.4929 0.0 -0.926 0.22361 998.0 1.3789 13.0 53.0 0.0071 0.0 0.0 -1.226 0.3 997.0 1.7931 15.0 61.0 1.6071 0.0 0.0 -0.926 0.31623 993.0 1.9003 12.0 65.0 3.2071 0.0 0.0 -0.226 0.3 992.0 2.0549 12.0 63.0 4.7071 0.0 0.174 0.0 0.22361 991.0 1.8426 11.0 
0.37839 73.93353 38.0 3407.0 2.0 61.0 0.0 -3.1929 2.374 0.0 0.76158 1002.0 2.5 19.0 63.0 0.6071 0.0 0.274 0.0 0.67082 1002.0 2.5 23.0 63.0 4.0071 0.0 0.0 -1.426 0.5831 1000.0 2.5 20.0 64.0 7.2071 0.0 0.0 -3.026 0.53852 1000.0 2.5 18.0 62.0 10.1071 0.0 0.0 -4.426 0.53852 1000.0 2.5 18.0 
0.46379 17.37652 283.0 3410.0 2.0 55.0 0.0 -2.0929 1.274 0.0 0.44721 997.0 1.931 13.0 57.0 0.0 -0.0929 0.0 -0.126 0.36056 996.0 1.952 16.0 62.0 1.8071 0.0 0.0 -0.926 0.31623 992.0 1.8696 13.0 72.0 3.4071 0.0 0.0 -1.226 0.3 987.0 2.0365 13.0 82.0 4.9071 0.0 0.0 -1.026 0.2 980.0 2.0811 11.0 
0.44614 30.42421 63.0 3413.0 2.0 70.0 0.0 -1.6929 0.474 0.0 0.3 989.0 2.0853 11.0 87.0 0.0071 0.0 0.274 0.0 0.3 978.0 2.2088 8.0 95.0 1.6071 0.0 0.0 -0.226 0.2 971.0 2.1947 7.0 95.0 3.0071 0.0 0.0 -0.726 0.2 970.0 2.1437 7.0 94.0 4.3071 0.0 0.0 -1.026 0.31623 971.0 2.1488 7.0 
0.11096 150.93414 74.0 3422.0 2.0 28.0 1.1071 0.0 0.0 -1.126 0.1 1001.0 1.0 17.0 31.0 1.2071 0.0 0.0 -0.626 0.14142 1000.0 1.0 20.0 38.0 1.5071 0.0 0.0 -0.026 0.14142 999.0 1.0535 17.0 44.0 2.0071 0.0 0.574 0.0 0.22361 997.0 1.2359 15.0 48.0 2.8071 0.0 1.074 0.0 0.22361 996.0 1.3843 14.0 
0.10352 76.71589 188.0 3423.0 2.0 48.0 0.0 -2.1929 0.0 -0.026 0.31623 999.0 1.6809 11.0 49.0 0.0 -0.2929 0.0 -0.626 0.22361 998.0 1.6349 13.0 52.0 1.1071 0.0 0.0 -1.226 0.31623 995.0 1.5343 11.0 59.0 2.4071 0.0 0.0 -1.726 0.22361 992.0 1.693 12.0 70.0 3.6071 0.0 0.0 -2.026 0.2 985.0 1.7874 10.0 
0.51993 32.11459 49.0 3425.0 2.0 60.0 0.0 -2.6929 1.874 0.0 0.5 999.0 2.5 10.0 59.0 0.0 -0.0929 0.274 0.0 0.44721 997.0 2.2221 9.0 63.0 2.3071 0.0 0.0 -0.726 0.31623 995.0 2.2521 9.0 72.0 4.5071 0.0 0.0 -1.226 0.31623 990.0 2.3021 8.0 81.0 6.4071 0.0 0.0 -1.326 0.3 982.0 2.1617 7.0 
0.074 82.03842 52.0 3432.0 2.0 48.0 0.0 -2.1929 1.374 0.0 0.5 1000.0 1.8102 17.0 48.0 0.0 -0.3929 0.0 -0.626 0.42426 999.0 1.6809 16.0 50.0 1.4071 0.0 0.0 -2.126 0.42426 998.0 1.7023 14.0 53.0 3.2071 0.0 0.0 -3.326 0.31623 997.0 1.7931 14.0 59.0 5.0071 0.0 0.0 -4.126 0.41231 994.0 1.8713 14.0 
0.70488 27.7603 42.0 3440.0 2.0 49.0 0.0 -2.1929 0.0 -0.126 0.3 998.0 1.6349 13.0 62.0 0.1071 0.0 0.0 -0.226 0.4 997.0 2.4538 15.0 74.0 2.8071 0.0 0.074 0.0 0.5 993.0 2.5 12.0 78.0 5.6071 0.0 0.074 0.0 0.5 991.0 2.5 11.0 74.0 8.1071 0.0 0.0 -0.026 0.4 991.0 2.5 11.0 
1.30798 24.41152 53.0 3443.0 2.0 74.0 0.0 -2.0929 0.574 0.0 0.41231 990.0 2.4318 8.0 85.0 0.2071 0.0 0.074 0.0 0.41231 984.0 2.5 7.0 85.0 2.3071 0.0 0.0 -0.626 0.44721 982.0 2.3805 7.0 83.0 4.2071 0.0 0.0 -1.226 0.2 981.0 2.1988 6.0 82.0 5.8071 0.0 0.0 -1.226 0.2 981.0 2.1462 6.0 
0.43647 13.18352 53.0 3447.0 2.0 38.0 0.0 -1.6929 0.0 -0.626 0.3 1002.0 1.3408 24.0 43.0 0.0 -0.0929 0.074 0.0 0.31623 1001.0 1.5738 21.0 48.0 1.7071 0.0 1.274 0.0 0.36056 1000.0 1.8102 20.0 50.0 3.6071 0.0 2.474 0.0 0.36056 1000.0 1.9642 19.0 49.0 5.5071 0.0 3.374 0.0 0.41231 1000.0 1.8864 19.0 
0.12756 27.12273 92.0 344.0 2.0 42.0 0.0 -1.1929 1.374 0.0 0.36056 1000.0 1.3859 12.0 42.0 0.0 -0.0929 0.0 -0.226 0.28284 999.0 1.2869 11.0 43.0 0.9071 0.0 0.0 -1.326 0.28284 998.0 1.259 11.0 47.0 1.9071 0.0 0.0 -2.026 0.22361 996.0 1.3272 11.0 54.0 2.8071 0.0 0.0 -2.426 0.2 991.0 1.3538 9.0 
0.0515 80.01448 37.0 3450.0 2.0 61.0 0.0 -3.1929 2.474 0.0 0.64031 1000.0 2.5 17.0 60.0 0.0 -0.4929 0.0 -0.526 0.64031 999.0 2.5 15.0 61.0 1.9071 0.0 0.0 -3.326 0.5831 998.0 2.5 14.0 64.0 4.0071 0.0 0.0 -6.026 0.5831 995.0 2.3242 12.0 70.0 6.0071 0.0 0.0 -8.626 0.5 993.0 2.5 13.0 
0.05604 64.32701 65.0 3454.0 2.0 45.0 0.0 -1.9929 1.874 0.0 0.5 1001.0 1.7236 13.0 46.0 0.0 -0.3929 0.0 -0.426 0.42426 1000.0 1.6625 12.0 48.0 1.2071 0.0 0.0 -2.326 0.42426 999.0 1.6809 11.0 49.0 2.8071 0.0 0.0 -4.026 0.36056 997.0 1.5327 10.0 50.0 4.2071 0.0 0.0 -5.226 0.22361 996.0 1.502 12.0 
0.29842 117.17765 44.0 3456.0 2.0 69.0 0.0 -2.2929 3.574 0.0 0.56569 997.0 2.5 15.0 74.0 0.4071 0.0 0.974 0.0 0.64031 996.0 2.5 14.0 71.0 3.1071 0.0 0.0 -1.526 0.5 996.0 2.5 14.0 74.0 5.4071 0.0 0.0 -3.526 0.56569 993.0 2.5 12.0 73.0 7.5071 0.0 0.0 -5.526 0.5 992.0 2.5 12.0 
0.30987 8.25172 75.0 345.0 2.0 63.0 0.0 -1.5929 2.074 0.0 0.5 996.0 2.3846 12.0 63.0 0.0071 0.0 0.074 0.0 0.36056 994.0 2.1336 13.0 68.0 1.4071 0.0 0.0 -1.026 0.28284 989.0 1.9678 11.0 73.0 2.6071 0.0 0.0 -1.526 0.22361 985.0 1.9439 9.0 76.0 3.7071 0.0 0.0 -1.626 0.2 982.0 1.903 9.0 
0.28997 30.42421 65.0 3464.0 2.0 43.0 0.0 -1.2929 0.874 0.0 0.22361 997.0 1.1803 14.0 48.0 0.0071 0.0 0.274 0.0 0.2 996.0 1.3843 16.0 55.0 1.3071 0.0 0.074 0.0 0.2 994.0 1.6261 17.0 67.0 2.6071 0.0 0.174 0.0 0.3 989.0 1.9104 14.0 75.0 4.0071 0.0 0.274 0.0 0.3 984.0 1.9811 12.0 
0.07857 80.01448 54.0 3476.0 2.0 47.0 0.0 -2.0929 1.174 0.0 0.42426 1000.0 1.7355 14.0 49.0 0.0 -0.4929 0.0 -0.526 0.36056 999.0 1.7517 14.0 56.0 1.4071 0.0 0.0 -1.926 0.36056 997.0 2.0019 12.0 62.0 3.4071 0.0 0.0 -3.126 0.36056 994.0 2.0664 12.0 71.0 5.2071 0.0 0.0 -4.026 0.28284 989.0 2.1453 11.0 
0.45392 22.67945 50.0 3477.0 2.0 65.0 0.0 -1.9929 2.674 0.0 0.64031 996.0 2.5 12.0 66.0 0.1071 0.0 0.174 0.0 0.42426 993.0 2.2245 10.0 71.0 2.0071 0.0 0.0 -1.626 0.36056 990.0 2.2386 12.0 76.0 3.9071 0.0 0.0 -2.826 0.41231 985.0 2.1069 10.0 94.0 5.8071 0.0 0.0 -3.626 0.36056 975.0 2.375 10.0 
0.2276 22.93337 60.0 3484.0 2.0 54.0 0.0 -1.8929 2.274 0.0 0.5 999.0 2.1274 11.0 52.0 0.0 -0.1929 0.074 0.0 0.42426 998.0 1.8412 10.0 52.0 1.4071 0.0 0.0 -1.626 0.28284 997.0 1.7261 12.0 57.0 2.8071 0.0 0.0 -2.626 0.31623 993.0 1.6592 10.0 68.0 4.3071 0.0 0.0 -3.326 0.22361 986.0 1.7492 8.0 
0.31942 14.00819 52.0 3497.0 2.0 41.0 0.0 -1.8929 0.674 0.0 0.44721 1002.0 1.5608 25.0 42.0 0.0071 0.0 0.0 -0.126 0.31623 1002.0 1.6379 23.0 45.0 1.8071 0.0 0.0 -0.226 0.31623 1001.0 1.7236 20.0 47.0 3.6071 0.0 0.474 0.0 0.31623 1001.0 1.8802 20.0 48.0 5.5071 0.0 1.574 0.0 0.36056 1001.0 1.961 20.0 
0.33921 41.52148 61.0 3498.0 2.0 64.0 0.0 -1.8929 1.674 0.0 0.36056 993.0 2.0918 11.0 67.0 0.0071 0.0 0.374 0.0 0.31623 990.0 1.9935 12.0 77.0 1.8071 0.0 0.0 -0.226 0.31623 984.0 2.0882 12.0 91.0 3.4071 0.0 0.0 -0.326 0.22361 973.0 2.1145 10.0 112.0 4.8071 0.0 0.074 0.0 0.2 954.0 2.1715 8.0 
0.27756 51.90795 286.0 3505.0 2.0 49.0 0.0 -1.2929 0.174 0.0 0.28284 996.0 1.4425 15.0 55.0 0.0 -0.1929 0.0 -0.426 0.22361 992.0 1.4713 13.0 66.0 0.7071 0.0 0.0 -0.826 0.2 987.0 1.7112 13.0 77.0 1.5071 0.0 0.0 -0.726 0.1 979.0 1.7811 11.0 78.0 2.1071 0.0 0.0 -0.426 0.14142 978.0 1.7754 10.0 
0.36827 14.00819 289.0 3511.0 2.0 46.0 0.0 -1.7929 0.0 -0.026 0.3 1000.0 1.6625 16.0 47.0 0.0071 0.0 0.0 -0.126 0.3 999.0 1.6116 14.0 50.0 1.7071 0.0 0.174 0.0 0.31623 998.0 1.7023 16.0 57.0 3.2071 0.0 0.774 0.0 0.31623 995.0 1.8436 14.0 60.0 4.6071 0.0 1.474 0.0 0.28284 993.0 1.8385 12.0 
0.13119 189.05964 54.0 3512.0 2.0 72.0 0.0 -1.2929 0.0 -1.726 0.31623 986.0 1.961 14.0 90.0 0.5071 0.0 0.0 -1.626 0.3 972.0 2.0178 10.0 119.0 2.2071 0.0 0.0 -1.126 0.22361 951.0 2.3328 9.0 130.0 3.8071 0.0 0.0 -0.326 0.36056 940.0 2.3645 8.0 126.0 5.4071 0.0 0.474 0.0 0.31623 944.0 2.35 9.0 
0.06572 35.39254 270.0 3524.0 2.0 37.0 0.0 -0.6929 1.674 0.0 0.3 1000.0 1.0756 12.0 39.0 0.0 -0.2929 0.0 -0.126 0.31623 999.0 1.1096 11.0 41.0 0.4071 0.0 0.0 -1.626 0.22361 997.0 1.0731 10.0 44.0 1.2071 0.0 0.0 -2.826 0.22361 997.0 1.2359 13.0 48.0 2.1071 0.0 0.0 -3.426 0.14142 993.0 1.1766 11.0 
0.29286 30.02471 57.0 3530.0 2.0 49.0 0.0 -1.3929 1.674 0.0 0.42426 999.0 1.7517 14.0 53.0 0.2071 0.0 0.174 0.0 0.28284 996.0 1.6877 12.0 58.0 1.8071 0.0 0.0 -0.826 0.3 995.0 1.9088 14.0 65.0 3.3071 0.0 0.0 -1.026 0.2 990.0 1.8762 11.0 74.0 4.6071 0.0 0.0 -0.926 0.22361 984.0 1.9286 9.0 
0.41867 39.17945 55.0 3540.0 2.0 59.0 0.0 -1.9929 1.174 0.0 0.44721 996.0 2.0914 12.0 64.0 0.3071 0.0 0.174 0.0 0.41231 995.0 2.3242 14.0 70.0 2.2071 0.0 0.0 -0.326 0.3 989.0 2.0853 11.0 76.0 3.8071 0.0 0.0 -0.526 0.31623 984.0 2.0343 9.0 87.0 5.2071 0.0 0.0 -1.126 0.31623 976.0 2.0894 8.0 
0.21947 14.00819 64.0 3543.0 2.0 49.0 0.0 -1.8929 1.674 0.0 0.42426 1000.0 1.8864 12.0 47.0 0.0071 0.0 0.0 -0.126 0.42426 999.0 1.6116 13.0 47.0 1.6071 0.0 0.0 -1.526 0.36056 998.0 1.5041 14.0 49.0 3.1071 0.0 0.0 -2.326 0.22361 996.0 1.4425 12.0 54.0 4.3071 0.0 0.0 -2.926 0.22361 994.0 1.5675 12.0 
0.41469 30.02471 54.0 3544.0 2.0 61.0 0.0 -1.4929 1.774 0.0 0.42426 995.0 2.1114 11.0 65.0 0.2071 0.0 0.174 0.0 0.22361 990.0 1.8762 9.0 78.0 1.8071 0.0 0.0 -0.626 0.31623 984.0 2.1428 9.0 90.0 3.5071 0.0 0.0 -0.926 0.3 975.0 2.1771 8.0 107.0 5.1071 0.0 0.0 -0.926 0.3 960.0 2.2064 6.0 
0.09594 212.28257 275.0 3546.0 2.0 51.0 1.6071 0.0 0.0 -1.626 0.1 994.0 1.3982 17.0 58.0 1.8071 0.0 0.0 -0.626 0.22361 991.0 1.5618 15.0 61.0 2.1071 0.0 0.474 0.0 0.22361 990.0 1.6524 14.0 62.0 2.6071 0.0 1.674 0.0 0.2 990.0 1.707 14.0 60.0 3.0071 0.0 2.774 0.0 0.22361 991.0 1.6713 15.0 
0.11178 167.68446 57.0 354.0 2.0 45.0 0.0 -0.1929 0.0 -2.026 0.22361 998.0 1.3789 17.0 54.0 1.0071 0.0 0.0 -1.126 0.28284 995.0 1.6546 14.0 61.0 2.1071 0.0 0.174 0.0 0.28284 992.0 1.8098 12.0 64.0 3.2071 0.0 1.674 0.0 0.36056 991.0 1.9016 12.0 65.0 4.4071 0.0 3.274 0.0 0.28284 992.0 2.0549 12.0 
0.31458 14.4498 59.0 3555.0 2.0 49.0 0.0 -0.9929 1.074 0.0 0.28284 997.0 1.5327 12.0 52.0 0.1071 0.0 0.074 0.0 0.28284 995.0 1.5343 14.0 61.0 1.2071 0.0 0.0 -0.626 0.22361 991.0 1.7275 12.0 66.0 2.4071 0.0 0.0 -0.926 0.3 989.0 1.8538 10.0 71.0 3.8071 0.0 0.0 -0.826 0.3 987.0 1.9803 10.0 
0.37936 42.77555 57.0 3558.0 2.0 54.0 0.0 -2.0929 0.474 0.0 0.31623 998.0 1.9855 14.0 62.0 0.0 -0.0929 0.374 0.0 0.3 995.0 2.1812 13.0 68.0 1.8071 0.0 0.774 0.0 0.31623 992.0 2.249 12.0 69.0 3.6071 0.0 1.274 0.0 0.31623 990.0 2.1142 11.0 69.0 5.3071 0.0 1.874 0.0 0.31623 989.0 2.0261 11.0 
0.37298 39.17945 141.0 3565.0 2.0 58.0 0.1071 0.0 0.774 0.0 0.1 990.0 1.4939 14.0 57.0 0.3071 0.0 0.174 0.0 0.14142 990.0 1.4428 14.0 56.0 0.6071 0.0 0.0 -0.026 0.14142 990.0 1.3926 14.0 57.0 1.0071 0.0 0.0 -0.026 0.1 990.0 1.4428 14.0 58.0 1.5071 0.0 0.374 0.0 0.1 990.0 1.4939 14.0 
0.22966 69.35559 55.0 357.0 2.0 62.0 0.0 -1.9929 3.774 0.0 0.72111 1000.0 2.5 12.0 58.0 0.4071 0.0 0.474 0.0 0.5 999.0 2.4542 13.0 54.0 2.3071 0.0 0.0 -1.626 0.42426 998.0 1.9855 14.0 57.0 4.1071 0.0 0.0 -3.326 0.42426 996.0 1.952 12.0 62.0 5.7071 0.0 0.0 -4.826 0.42426 993.0 1.9631 11.0 
0.16155 32.98146 88.0 3582.0 2.0 33.0 0.0 -0.6929 0.274 0.0 0.14142 1000.0 1.0 15.0 36.0 0.0 -0.1929 0.0 -0.226 0.14142 998.0 1.0 13.0 42.0 0.3071 0.0 0.0 -0.626 0.1 997.0 1.1261 15.0 51.0 0.9071 0.0 0.0 -0.826 0.1 993.0 1.3283 12.0 56.0 1.5071 0.0 0.0 -0.926 0.2 991.0 1.4559 12.0 
0.27824 89.63457 219.0 3585.0 2.0 39.0 0.8071 0.0 0.0 -0.326 0.1 997.0 1.0 20.0 40.0 0.8071 0.0 0.0 -0.026 0.1 997.0 1.0214 19.0 42.0 0.9071 0.0 0.274 0.0 0.1 996.0 1.0598 18.0 43.0 1.0071 0.0 0.674 0.0 0.0 995.0 1.0492 18.0 44.0 1.1071 0.0 0.974 0.0 0.1 995.0 1.0985 17.0 
0.20571 77.39705 177.0 3588.0 2.0 41.0 0.0 -0.5929 0.0 -1.126 0.14142 999.0 1.2264 18.0 48.0 0.3071 0.0 0.0 -0.626 0.22361 997.0 1.4708 15.0 51.0 1.3071 0.0 0.0 -0.126 0.14142 996.0 1.5627 14.0 53.0 2.3071 0.0 0.574 0.0 0.14142 995.0 1.5939 13.0 52.0 3.3071 0.0 1.174 0.0 0.14142 996.0 1.6246 14.0 
0.19958 107.80531 59.0 3590.0 2.0 41.0 0.0 -1.2929 0.0 -0.426 0.22361 998.0 1.1446 20.0 48.0 0.0 -0.2929 0.0 -0.926 0.22361 996.0 1.3843 20.0 58.0 1.0071 0.0 0.0 -1.226 0.22361 993.0 1.7179 18.0 70.0 2.5071 0.0 0.0 -1.426 0.3 988.0 2.0019 17.0 80.0 4.2071 0.0 0.0 -1.426 0.3 983.0 2.1789 15.0 
0.38711 74.81815 61.0 3591.0 2.0 86.0 0.0 -1.1929 1.174 0.0 0.22361 978.0 2.1583 13.0 94.0 0.0071 0.0 0.674 0.0 0.2 970.0 2.0988 12.0 97.0 1.3071 0.0 0.674 0.0 0.22361 966.0 2.0447 11.0 110.0 2.6071 0.0 1.174 0.0 0.22361 951.0 1.9933 8.0 131.0 3.9071 0.0 1.874 0.0 0.31623 931.0 2.1375 6.0 
0.31312 53.94034 49.0 3592.0 2.0 70.0 0.0 -2.6929 3.974 0.0 0.86023 1001.0 2.5 17.0 60.0 0.1071 0.0 0.474 0.0 0.56569 1000.0 2.5 16.0 56.0 2.5071 0.0 0.0 -1.626 0.5 999.0 2.2879 14.0 55.0 4.7071 0.0 0.0 -2.926 0.44721 998.0 2.0598 17.0 57.0 6.6071 0.0 0.0 -3.726 0.22361 996.0 1.952 14.0 
0.1971 48.39733 75.0 3604.0 2.0 46.0 0.0 -1.2929 0.074 0.0 0.22361 998.0 1.4408 13.0 52.0 0.0 -0.0929 0.0 -0.426 0.2 995.0 1.5343 14.0 59.0 1.1071 0.0 0.0 -0.726 0.2 992.0 1.693 12.0 62.0 2.3071 0.0 0.0 -0.926 0.2 992.0 1.8696 11.0 62.0 3.5071 0.0 0.0 -1.026 0.2 991.0 1.7846 11.0 
0.15322 42.04636 74.0 3609.0 2.0 49.0 0.0 -1.9929 1.374 0.0 0.42426 999.0 1.7517 17.0 47.0 0.0 -0.1929 0.0 -0.326 0.42426 998.0 1.5041 15.0 46.0 1.3071 0.0 0.0 -1.426 0.28284 997.0 1.3508 16.0 46.0 2.6071 0.0 0.0 -2.026 0.14142 996.0 1.2713 16.0 45.0 3.6071 0.0 0.0 -2.326 0.14142 995.0 1.149 16.0 
0.08738 170.94744 171.0 360.0 2.0 56.0 0.9071 0.0 0.0 -1.526 0.22361 992.0 1.5252 15.0 61.0 1.4071 0.0 0.0 -0.626 0.14142 990.0 1.6524 14.0 63.0 1.9071 0.0 0.374 0.0 0.1 988.0 1.6215 13.0 64.0 2.2071 0.0 1.274 0.0 0.2 988.0 1.6734 13.0 63.0 2.4071 0.0 2.374 0.0 0.2 989.0 1.6891 14.0 
0.45018 34.02587 62.0 3629.0 2.0 40.0 0.0 -0.2929 0.0 -1.426 0.22361 999.0 1.1673 14.0 47.0 0.2071 0.0 0.0 -0.226 0.22361 997.0 1.4101 15.0 53.0 0.8071 0.0 0.874 0.0 0.22361 995.0 1.5939 13.0 58.0 1.7071 0.0 1.774 0.0 0.28284 993.0 1.7179 12.0 63.0 2.9071 0.0 2.774 0.0 0.31623 992.0 1.9304 12.0 
0.34827 32.65484 65.0 3635.0 2.0 52.0 0.0 -2.1929 1.474 0.0 0.44721 1000.0 2.1245 16.0 50.0 0.1071 0.0 0.274 0.0 0.44721 1000.0 1.9642 20.0 50.0 2.1071 0.0 0.0 -0.926 0.28284 998.0 1.7023 14.0 52.0 3.7071 0.0 0.0 -2.126 0.28284 997.0 1.7261 12.0 57.0 5.0071 0.0 0.0 -3.226 0.22361 994.0 1.7465 13.0 
0.10603 56.66943 60.0 3640.0 2.0 53.0 0.0 -2.4929 1.474 0.0 0.5 998.0 1.9127 11.0 53.0 0.0 -0.3929 0.0 -0.326 0.42426 998.0 1.9127 14.0 55.0 1.3071 0.0 0.0 -1.926 0.36056 995.0 1.7165 12.0 61.0 3.0071 0.0 0.0 -3.226 0.36056 991.0 1.7275 10.0 72.0 4.7071 0.0 0.0 -4.326 0.22361 986.0 1.961 10.0 
0.24202 85.49496 50.0 3648.0 2.0 60.0 0.0 -2.0929 3.674 0.0 0.78102 1001.0 2.5 13.0 56.0 0.6071 0.0 0.474 0.0 0.5 1000.0 2.4639 12.0 53.0 2.7071 0.0 0.0 -1.926 0.5 999.0 2.0493 11.0 54.0 4.7071 0.0 0.0 -4.026 0.42426 999.0 2.1274 14.0 55.0 6.4071 0.0 0.0 -5.826 0.28284 997.0 1.931 12.0 
0.21146 8.25172 62.0 3652.0 2.0 43.0 0.0 -1.4929 1.074 0.0 0.31623 999.0 1.3489 11.0 45.0 0.0071 0.0 0.074 0.0 0.22361 998.0 1.3789 10.0 48.0 1.4071 0.0 0.0 -0.826 0.22361 997.0 1.4708 12.0 55.0 2.8071 0.0 0.0 -1.726 0.22361 994.0 1.6261 10.0 65.0 4.1071 0.0 0.0 -2.526 0.22361 990.0 1.8762 11.0 
0.26506 69.49047 58.0 3653.0 2.0 56.0 0.0 -1.7929 0.0 -0.626 0.3 996.0 1.8841 15.0 65.0 0.0071 0.0 0.0 -0.626 0.3 992.0 2.0549 12.0 69.0 1.8071 0.0 0.0 -0.626 0.3 989.0 2.0261 11.0 69.0 3.5071 0.0 0.0 -0.926 0.22361 989.0 2.0261 11.0 69.0 4.9071 0.0 0.0 -1.326 0.31623 987.0 1.8703 10.0 
0.09139 41.06496 70.0 3662.0 2.0 43.0 0.0 -1.6929 1.074 0.0 0.28284 1000.0 1.4527 13.0 41.0 0.0 -0.2929 0.0 -0.226 0.28284 1000.0 1.3207 11.0 43.0 1.0071 0.0 0.0 -1.426 0.28284 998.0 1.259 10.0 47.0 2.2071 0.0 0.0 -2.526 0.28284 998.0 1.5041 13.0 53.0 3.5071 0.0 0.0 -3.526 0.22361 995.0 1.5939 11.0 
0.26909 24.41152 64.0 3676.0 2.0 48.0 0.0 -1.7929 1.074 0.0 0.36056 999.0 1.6809 11.0 49.0 0.2071 0.0 0.074 0.0 0.36056 999.0 1.7517 14.0 51.0 1.8071 0.0 0.0 -1.026 0.36056 997.0 1.6604 12.0 57.0 3.3071 0.0 0.0 -2.126 0.36056 994.0 1.7465 10.0 65.0 4.7071 0.0 0.0 -3.126 0.28284 990.0 1.8762 11.0 
0.15985 38.12432 83.0 3680.0 2.0 38.0 0.0 -1.0929 1.574 0.0 0.36056 1001.0 1.2291 17.0 42.0 0.2071 0.0 0.274 0.0 0.36056 1000.0 1.3859 16.0 44.0 1.7071 0.0 0.0 -0.926 0.28284 1000.0 1.5211 15.0 44.0 2.9071 0.0 0.0 -1.926 0.22361 998.0 1.3183 13.0 48.0 3.8071 0.0 0.0 -2.526 0.22361 997.0 1.4708 15.0 
0.41226 21.89443 59.0 3682.0 2.0 61.0 0.0 -1.7929 1.574 0.0 0.42426 994.0 2.0003 14.0 67.0 0.0 -0.0929 0.174 0.0 0.42426 990.0 1.9935 12.0 70.0 1.5071 0.0 0.0 -1.026 0.28284 987.0 1.9249 11.0 77.0 2.9071 0.0 0.0 -2.026 0.31623 981.0 1.8924 9.0 96.0 4.4071 0.0 0.0 -2.726 0.22361 970.0 2.1891 9.0 
0.31624 25.09838 80.0 369.0 2.0 38.0 0.0 -0.2929 0.0 -0.126 0.1 995.0 1.0 13.0 47.0 0.0071 0.0 0.0 -0.226 0.1 992.0 1.0744 13.0 60.0 0.4071 0.0 0.0 -0.426 0.1 986.0 1.3618 12.0 78.0 1.0071 0.0 0.0 -0.526 0.1 977.0 1.7261 10.0 89.0 1.7071 0.0 0.0 -0.526 0.2 970.0 1.8815 9.0 
0.25386 67.73423 53.0 3703.0 2.0 44.0 0.0 -1.5929 1.974 0.0 0.36056 1001.0 1.6478 21.0 50.0 0.2071 0.0 0.574 0.0 0.36056 1000.0 1.9642 20.0 52.0 2.1071 0.0 0.0 -0.926 0.36056 999.0 1.9727 14.0 56.0 3.8071 0.0 0.0 -2.326 0.36056 997.0 2.0019 15.0 61.0 5.4071 0.0 0.0 -3.326 0.28284 994.0 2.0003 13.0 
0.25986 47.29257 59.0 3716.0 2.0 43.0 0.0 -1.8929 0.0 -0.426 0.3 1002.0 1.7168 19.0 41.0 0.0071 0.0 0.0 -0.426 0.3 1001.0 1.4308 23.0 43.0 1.6071 0.0 0.0 -0.426 0.3 1000.0 1.4527 20.0 45.0 3.1071 0.0 0.0 -0.526 0.31623 1000.0 1.591 18.0 45.0 4.6071 0.0 0.0 -0.926 0.31623 999.0 1.4773 18.0 
0.44726 39.17945 62.0 371.0 2.0 74.0 0.0 -1.8929 1.874 0.0 0.56569 993.0 2.5 12.0 73.0 0.3071 0.0 0.174 0.0 0.36056 991.0 2.474 11.0 71.0 2.0071 0.0 0.0 -0.926 0.36056 989.0 2.1453 11.0 71.0 3.5071 0.0 0.0 -1.826 0.31623 988.0 2.0595 10.0 74.0 4.9071 0.0 0.0 -2.426 0.22361 985.0 1.9975 9.0 
0.13983 58.39132 112.0 3727.0 2.0 40.0 0.0 -1.0929 0.0 -0.726 0.22361 1000.0 1.2571 12.0 44.0 0.0071 0.0 0.0 -0.526 0.1 998.0 1.3183 12.0 49.0 0.9071 0.0 0.0 -0.526 0.1 995.0 1.3624 10.0 52.0 1.8071 0.0 0.0 -0.626 0.1 994.0 1.4536 10.0 55.0 2.7071 0.0 0.0 -1.026 0.14142 993.0 1.5448 9.0 
0.36835 30.42421 54.0 3730.0 2.0 49.0 0.0 -1.5929 0.274 0.0 0.31623 998.0 1.6349 13.0 52.0 0.0071 0.0 0.274 0.0 0.22361 997.0 1.7261 15.0 58.0 1.4071 0.0 0.674 0.0 0.22361 994.0 1.8084 13.0 62.0 2.9071 0.0 0.974 0.0 0.3 993.0 1.9631 12.0 65.0 4.7071 0.0 0.874 0.0 0.3 992.0 2.0549 12.0 
0.20909 101.3015 84.0 3732.0 2.0 59.0 0.3071 0.0 0.0 -2.326 0.31623 994.0 1.8713 13.0 70.0 0.8071 0.0 0.0 -0.426 0.31623 989.0 2.0853 10.0 73.0 1.5071 0.0 1.274 0.0 0.22361 985.0 1.9439 9.0 76.0 2.3071 0.0 2.274 0.0 0.14142 982.0 1.903 9.0 72.0 3.2071 0.0 2.574 0.0 0.1 983.0 1.7649 9.0 
0.07556 125.41067 66.0 374.0 2.0 46.0 0.0 -1.4929 0.0 -0.426 0.28284 999.0 1.5437 14.0 50.0 0.0 -0.0929 0.0 -1.126 0.31623 996.0 1.502 12.0 57.0 1.4071 0.0 0.0 -1.226 0.3 994.0 1.7465 13.0 68.0 2.8071 0.0 0.0 -0.926 0.2 988.0 1.8891 10.0 77.0 4.0071 0.0 0.0 -0.626 0.22361 982.0 1.9535 9.0 
0.32798 73.51405 50.0 3751.0 2.0 38.0 0.0 -0.3929 0.0 -1.326 0.14142 1000.0 1.1345 19.0 45.0 0.5071 0.0 0.0 -0.426 0.28284 999.0 1.4773 17.0 50.0 1.8071 0.0 0.474 0.0 0.36056 999.0 1.8239 16.0 55.0 3.8071 0.0 0.774 0.0 0.4 999.0 2.2069 17.0 52.0 5.9071 0.0 0.374 0.0 0.44721 1000.0 2.1245 18.0 
0.42762 78.54114 72.0 3755.0 2.0 56.0 0.7071 0.0 0.0 -1.826 0.3 993.0 1.6015 12.0 68.0 0.7071 0.0 0.0 -0.026 0.3 989.0 1.9678 11.0 69.0 0.9071 0.0 1.974 0.0 0.41231 990.0 2.1142 11.0 67.0 1.6071 0.0 3.774 0.0 0.36056 990.0 1.9935 11.0 64.0 2.9071 0.0 4.974 0.0 0.22361 992.0 1.9922 11.0 
0.25818 79.14903 51.0 3764.0 2.0 55.0 0.0 -1.3929 3.774 0.0 0.67082 1001.0 2.5 13.0 56.0 0.6071 0.0 0.374 0.0 0.5831 1000.0 2.4639 12.0 55.0 2.6071 0.0 0.0 -2.326 0.5831 999.0 2.2069 11.0 54.0 4.3071 0.0 0.0 -4.626 0.42426 997.0 1.8615 9.0 56.0 5.9071 0.0 0.0 -6.226 0.36056 995.0 1.7795 10.0 
0.22272 43.18263 66.0 3768.0 2.0 46.0 0.0 -1.6929 1.974 0.0 0.42426 1001.0 1.801 17.0 47.0 0.1071 0.0 0.374 0.0 0.36056 1000.0 1.7355 15.0 47.0 1.8071 0.0 0.0 -0.626 0.3 998.0 1.5041 14.0 48.0 3.2071 0.0 0.0 -0.926 0.2 996.0 1.3843 12.0 56.0 4.5071 0.0 0.0 -0.926 0.2 993.0 1.6015 13.0 
0.31365 93.03405 69.0 3771.0 2.0 57.0 0.1071 0.0 0.0 -1.926 0.31623 994.0 1.7465 13.0 65.0 0.8071 0.0 0.0 -0.226 0.41231 992.0 2.0549 11.0 65.0 1.2071 0.0 1.874 0.0 0.41231 992.0 2.0549 12.0 63.0 1.8071 0.0 3.874 0.0 0.31623 993.0 2.0269 12.0 61.0 2.6071 0.0 5.474 0.0 0.28284 993.0 1.9003 12.0 
0.16538 17.37652 60.0 3772.0 2.0 38.0 0.0 -1.2929 1.474 0.0 0.28284 1001.0 1.2291 18.0 42.0 0.0 -0.0929 0.0 -0.126 0.42426 1000.0 1.3859 17.0 45.0 1.3071 0.0 0.0 -1.726 0.28284 999.0 1.4773 15.0 47.0 2.6071 0.0 0.0 -3.126 0.28284 998.0 1.5041 18.0 52.0 3.9071 0.0 0.0 -4.226 0.22361 996.0 1.6246 15.0 
0.57124 67.88686 98.0 3773.0 2.0 61.0 0.4071 0.0 0.0 -1.226 0.14142 989.0 1.5836 11.0 68.0 0.6071 0.0 0.074 0.0 0.3 986.0 1.7492 10.0 70.0 0.5071 0.0 1.874 0.0 0.3 987.0 1.9249 10.0 70.0 0.3071 0.0 3.974 0.0 0.31623 988.0 2.0019 10.0 70.0 0.2071 0.0 5.974 0.0 0.3 987.0 1.9249 10.0 
0.4719 26.90838 84.0 3775.0 2.0 38.0 0.0 -0.2929 0.0 -1.426 0.22361 1000.0 1.1345 21.0 40.0 0.2071 0.0 0.0 -0.126 0.3 999.0 1.1673 19.0 43.0 0.5071 0.0 1.174 0.0 0.2 997.0 1.1803 17.0 48.0 0.8071 0.0 2.374 0.0 0.22361 996.0 1.3843 19.0 55.0 1.4071 0.0 3.274 0.0 0.1 992.0 1.4713 16.0 
0.328 63.97938 53.0 3777.0 2.0 55.0 0.0 -1.4929 2.274 0.0 0.5 997.0 1.931 10.0 59.0 0.5071 0.0 0.274 0.0 0.42426 996.0 2.0914 12.0 65.0 2.4071 0.0 0.0 -1.726 0.5 992.0 2.0549 10.0 67.0 4.2071 0.0 0.0 -3.526 0.36056 991.0 2.0841 12.0 78.0 5.8071 0.0 0.0 -4.426 0.22361 980.0 1.883 9.0 
0.3348 85.01661 54.0 3778.0 2.0 72.0 0.0 -1.6929 2.674 0.0 0.56569 992.0 2.5 10.0 79.0 0.5071 0.0 0.574 0.0 0.42426 988.0 2.5 11.0 84.0 2.4071 0.0 0.0 -1.126 0.36056 982.0 2.3248 9.0 96.0 4.0071 0.0 0.0 -2.226 0.31623 970.0 2.1891 7.0 122.0 5.6071 0.0 0.0 -2.826 0.22361 944.0 2.2032 5.0 
0.51355 8.25172 64.0 3785.0 2.0 52.0 0.0 -1.1929 0.074 0.0 0.22361 993.0 1.3809 10.0 64.0 0.0071 0.0 0.074 0.0 0.2 989.0 1.7431 11.0 75.0 1.4071 0.0 0.274 0.0 0.2 984.0 1.9811 9.0 89.0 2.8071 0.0 0.574 0.0 0.3 975.0 2.129 8.0 103.0 4.3071 0.0 0.574 0.0 0.2 963.0 2.1671 6.0 
0.13811 103.30197 42.0 3792.0 2.0 64.0 0.0 -3.1929 0.274 0.0 0.53852 998.0 2.5 10.0 66.0 0.0 -0.0929 0.0 -0.926 0.5099 997.0 2.5 12.0 75.0 3.2071 0.0 0.0 -1.526 0.5099 993.0 2.5 10.0 80.0 6.2071 0.0 0.0 -1.826 0.4 989.0 2.5 11.0 78.0 8.3071 0.0 0.0 -1.826 0.31623 985.0 2.2193 9.0 
0.15209 81.24308 53.0 37.0 2.0 45.0 0.0 -1.9929 0.474 0.0 0.42426 1001.0 1.7236 18.0 47.0 0.0 -0.0929 0.0 -0.726 0.44721 1000.0 1.7355 16.0 52.0 2.2071 0.0 0.0 -1.726 0.41231 999.0 1.9727 14.0 56.0 4.3071 0.0 0.0 -2.426 0.41231 998.0 2.1353 16.0 57.0 6.1071 0.0 0.0 -3.026 0.31623 995.0 1.8436 14.0 
0.09087 72.87608 55.0 3804.0 2.0 44.0 0.0 -2.1929 1.274 0.0 0.42426 1001.0 1.6478 14.0 44.0 0.0 -0.3929 0.0 -0.526 0.42426 1001.0 1.6478 15.0 46.0 1.4071 0.0 0.0 -2.026 0.36056 1000.0 1.6625 16.0 49.0 3.2071 0.0 0.0 -3.126 0.41231 999.0 1.7517 14.0 51.0 5.1071 0.0 0.0 -3.826 0.31623 997.0 1.6604 12.0 
0.28566 92.42951 59.0 3807.0 2.0 81.0 0.0 -1.6929 2.274 0.0 0.5 987.0 2.5 13.0 86.0 0.3071 0.0 0.774 0.0 0.44721 982.0 2.4368 12.0 88.0 2.1071 0.0 0.0 -0.526 0.36056 979.0 2.3263 11.0 93.0 3.6071 0.0 0.0 -1.626 0.22361 972.0 2.1546 10.0 110.0 4.8071 0.0 0.0 -2.426 0.22361 954.0 2.0947 8.0 
0.12909 122.33723 99.0 3811.0 2.0 45.0 0.5071 0.0 0.0 -1.526 0.14142 997.0 1.2927 15.0 55.0 0.9071 0.0 0.0 -0.626 0.14142 993.0 1.5448 12.0 60.0 1.3071 0.0 0.374 0.0 0.14142 990.0 1.5987 11.0 64.0 1.8071 0.0 1.274 0.0 0.22361 988.0 1.6734 10.0 66.0 2.4071 0.0 2.174 0.0 0.14142 987.0 1.7112 10.0 
0.12136 102.78902 50.0 3816.0 2.0 61.0 0.0 -2.4929 0.0 -0.026 0.5831 999.0 2.5 14.0 57.0 0.0071 0.0 0.0 -0.926 0.31623 997.0 2.074 14.0 63.0 2.0071 0.0 0.0 -1.026 0.3 994.0 2.1336 13.0 69.0 3.9071 0.0 0.0 -1.026 0.3 991.0 2.2103 11.0 75.0 5.8071 0.0 0.0 -1.126 0.3 988.0 2.2981 10.0 
0.19203 159.12176 160.0 3823.0 2.0 48.0 1.7071 0.0 0.0 -1.426 0.3 997.0 1.4708 15.0 56.0 1.4071 0.0 0.274 0.0 0.3 995.0 1.7795 13.0 58.0 1.3071 0.0 2.074 0.0 0.3 994.0 1.8084 13.0 57.0 1.3071 0.0 3.674 0.0 0.3 994.0 1.7465 13.0 56.0 1.1071 0.0 5.174 0.0 0.31623 994.0 1.6858 13.0 
0.14239 86.89722 64.0 382.0 2.0 58.0 0.0 -2.1929 0.0 -0.026 0.41231 995.0 1.9088 12.0 61.0 0.0 -0.2929 0.0 -0.726 0.31623 993.0 1.9003 13.0 68.0 1.3071 0.0 0.0 -0.826 0.3 989.0 1.9678 14.0 80.0 2.7071 0.0 0.0 -0.626 0.22361 981.0 2.0427 11.0 97.0 4.1071 0.0 0.0 -0.226 0.2 967.0 2.0892 9.0 
0.07194 222.80071 63.0 3839.0 2.0 77.0 1.3071 0.0 0.0 -2.126 0.22361 981.0 1.8924 11.0 93.0 1.9071 0.0 0.0 -0.626 0.31623 971.0 2.1033 9.0 102.0 2.6071 0.0 1.074 0.0 0.31623 965.0 2.2138 9.0 99.0 3.2071 0.0 2.874 0.0 0.31623 968.0 2.2245 9.0 96.0 3.8071 0.0 4.674 0.0 0.41231 971.0 2.2412 9.0 
0.697 47.30299 88.0 3852.0 2.0 68.0 0.0071 0.0 0.0 -0.926 0.14142 982.0 1.5235 11.0 90.0 0.4071 0.0 0.0 -0.126 0.22361 969.0 1.8803 9.0 102.0 0.9071 0.0 0.974 0.0 0.2 961.0 2.0435 8.0 99.0 1.4071 0.0 2.474 0.0 0.36056 967.0 2.1762 9.0 94.0 2.2071 0.0 4.274 0.0 0.31623 972.0 2.2012 9.0 
0.51087 12.23339 77.0 3857.0 2.0 40.0 0.0 -0.2929 0.0 -0.626 0.14142 996.0 1.0 12.0 52.0 0.1071 0.0 0.0 -0.026 0.2 993.0 1.3809 12.0 61.0 0.5071 0.0 0.974 0.0 0.22361 990.0 1.6524 11.0 68.0 1.0071 0.0 2.374 0.0 0.22361 988.0 1.8891 10.0 70.0 1.8071 0.0 3.774 0.0 0.31623 987.0 1.9249 10.0 
0.14814 48.64617 65.0 3861.0 2.0 40.0 0.0 -1.5929 0.774 0.0 0.36056 1001.0 1.3618 17.0 40.0 0.0 -0.2929 0.0 -0.326 0.28284 1000.0 1.2571 16.0 41.0 0.9071 0.0 0.0 -1.026 0.22361 999.0 1.2264 14.0 45.0 2.0071 0.0 0.0 -1.326 0.2 998.0 1.3789 16.0 53.0 3.1071 0.0 0.0 -1.426 0.22361 995.0 1.5939 13.0 
0.20145 69.49047 94.0 3873.0 2.0 34.0 0.0 -0.4929 0.0 -0.626 0.1 999.0 1.0 14.0 39.0 0.0071 0.0 0.0 -0.626 0.1 998.0 1.0357 16.0 49.0 0.5071 0.0 0.0 -0.526 0.1 994.0 1.2907 13.0 56.0 1.1071 0.0 0.0 -0.426 0.1 991.0 1.4559 11.0 60.0 1.8071 0.0 0.0 -0.226 0.1 990.0 1.5987 11.0 
0.40145 2.99167 52.0 3874.0 2.0 35.0 0.0 -1.2929 0.0 -0.826 0.28284 1002.0 1.1374 23.0 40.0 0.0071 0.0 0.0 -0.026 0.28284 1001.0 1.3618 21.0 44.0 1.5071 0.0 1.074 0.0 0.36056 1001.0 1.6478 21.0 43.0 3.1071 0.0 2.374 0.0 0.36056 1001.0 1.5738 22.0 42.0 4.8071 0.0 3.474 0.0 0.36056 1002.0 1.6379 23.0 
0.1411 131.53413 81.0 3875.0 2.0 38.0 0.0 -1.5929 0.0 -0.526 0.22361 1000.0 1.1345 20.0 40.0 0.0 -0.5929 0.0 -1.026 0.22361 998.0 1.0895 18.0 44.0 0.3071 0.0 0.0 -1.326 0.1 997.0 1.2359 20.0 53.0 1.1071 0.0 0.0 -1.126 0.2 993.0 1.4345 16.0 59.0 1.9071 0.0 0.0 -0.726 0.14142 990.0 1.5458 14.0 
0.59601 13.18352 61.0 3884.0 2.0 58.0 0.0 -1.9929 0.474 0.0 0.3 995.0 1.9088 12.0 68.0 0.0 -0.0929 0.074 0.0 0.31623 991.0 2.1467 11.0 72.0 1.6071 0.0 0.0 -0.626 0.31623 988.0 2.1179 10.0 74.0 3.0071 0.0 0.0 -1.326 0.22361 984.0 1.9286 9.0 85.0 4.2071 0.0 0.0 -1.826 0.22361 976.0 1.9944 8.0 
0.37736 27.12273 77.0 3889.0 2.0 53.0 0.0 -1.9929 0.574 0.0 0.36056 997.0 1.7931 13.0 58.0 0.0 -0.0929 0.0 -0.226 0.3 996.0 2.0211 14.0 61.0 1.5071 0.0 0.0 -0.426 0.3 993.0 1.9003 12.0 62.0 2.9071 0.0 0.0 -0.426 0.1 991.0 1.7846 11.0 64.0 3.9071 0.0 0.0 -0.326 0.14142 988.0 1.6734 10.0 
0.22657 42.04636 90.0 3895.0 2.0 37.0 0.0 -0.7929 0.374 0.0 0.22361 999.0 1.0 14.0 39.0 0.0 -0.1929 0.0 -0.326 0.14142 998.0 1.0357 13.0 46.0 0.4071 0.0 0.0 -0.626 0.1 996.0 1.2713 14.0 54.0 1.0071 0.0 0.0 -0.626 0.1 992.0 1.4182 12.0 59.0 1.7071 0.0 0.0 -0.326 0.14142 990.0 1.5458 11.0 
0.06424 234.31799 57.0 389.0 2.0 55.0 0.0 -2.9929 0.0 -1.226 0.41231 999.0 2.2069 10.0 59.0 0.0 -0.5929 0.0 -2.026 0.41231 997.0 2.2221 12.0 65.0 1.5071 0.0 0.0 -2.026 0.31623 993.0 2.1576 9.0 67.0 3.3071 0.0 0.0 -1.526 0.31623 991.0 2.0841 8.0 66.0 5.0071 0.0 0.0 -1.426 0.22361 991.0 2.0223 8.0 
0.11471 148.97037 43.0 38.0 2.0 53.0 0.0 -3.0929 0.0 -1.326 0.6 1002.0 2.5 25.0 57.0 0.2071 0.0 0.0 -1.326 0.60828 1001.0 2.5 22.0 57.0 3.3071 0.0 0.0 -1.926 0.5099 1001.0 2.5 20.0 52.0 5.9071 0.0 0.0 -2.526 0.4 1000.0 2.1245 19.0 46.0 7.9071 0.0 0.0 -2.726 0.3 1000.0 1.6625 19.0 
0.35822 32.65484 49.0 3901.0 2.0 53.0 0.0 -2.3929 0.974 0.0 0.41231 1001.0 2.3909 17.0 51.0 0.1071 0.0 0.274 0.0 0.41231 1000.0 2.0435 15.0 54.0 2.3071 0.0 0.0 -0.826 0.44721 998.0 1.9855 13.0 58.0 4.3071 0.0 0.0 -2.126 0.36056 997.0 2.1474 15.0 65.0 6.2071 0.0 0.0 -3.226 0.31623 994.0 2.2712 13.0 
0.29448 70.49561 57.0 3904.0 2.0 56.0 0.0 -1.7929 0.0 -0.826 0.4 997.0 2.0019 15.0 65.0 0.1071 0.0 0.0 -0.626 0.31623 993.0 2.1576 12.0 69.0 1.9071 0.0 0.0 -0.226 0.31623 991.0 2.2103 11.0 67.0 3.6071 0.0 0.474 0.0 0.36056 992.0 2.1833 12.0 64.0 5.1071 0.0 1.874 0.0 0.42426 994.0 2.2019 13.0 
0.30633 30.02471 71.0 3906.0 2.0 54.0 0.0 -0.6929 0.974 0.0 0.28284 994.0 1.5675 13.0 59.0 0.2071 0.0 0.174 0.0 0.22361 991.0 1.6161 12.0 62.0 1.2071 0.0 0.0 -0.326 0.22361 990.0 1.707 11.0 65.0 2.3071 0.0 0.0 -0.726 0.22361 989.0 1.798 11.0 67.0 3.4071 0.0 0.0 -1.026 0.22361 987.0 1.7634 10.0 
0.12872 41.06496 67.0 3907.0 2.0 41.0 0.0 -1.9929 1.174 0.0 0.42426 1002.0 1.5608 13.0 42.0 0.0 -0.2929 0.0 -0.226 0.36056 1001.0 1.5014 12.0 45.0 1.3071 0.0 0.0 -1.426 0.36056 1000.0 1.591 11.0 47.0 2.8071 0.0 0.0 -2.626 0.36056 998.0 1.5041 9.0 50.0 4.2071 0.0 0.0 -3.526 0.22361 996.0 1.502 10.0 
0.54439 12.23339 49.0 3917.0 2.0 59.0 0.0 -2.3929 0.674 0.0 0.5099 997.0 2.2221 13.0 63.0 0.1071 0.0 0.0 -0.026 0.44721 995.0 2.2521 12.0 74.0 2.4071 0.0 0.0 -1.226 0.44721 991.0 2.5 12.0 80.0 4.6071 0.0 0.0 -2.526 0.36056 987.0 2.5 10.0 84.0 6.4071 0.0 0.0 -3.126 0.31623 980.0 2.1839 9.0 
0.3249 25.57494 57.0 391.0 2.0 46.0 0.0 -1.8929 0.674 0.0 0.36056 999.0 1.5437 14.0 51.0 0.0 -0.1929 0.0 -0.126 0.31623 997.0 1.6604 12.0 58.0 1.7071 0.0 0.0 -0.926 0.36056 996.0 2.0211 11.0 65.0 3.7071 0.0 0.0 -2.026 0.42426 993.0 2.1576 10.0 74.0 5.5071 0.0 0.0 -3.426 0.28284 988.0 2.2372 10.0 
0.29722 25.09838 88.0 3921.0 2.0 44.0 0.0 -1.6929 0.374 0.0 0.36056 1001.0 1.6478 16.0 44.0 0.0071 0.0 0.0 -0.226 0.31623 1000.0 1.5211 15.0 48.0 1.7071 0.0 0.0 -0.426 0.22361 999.0 1.6809 17.0 51.0 3.1071 0.0 0.0 -0.726 0.22361 997.0 1.6604 15.0 51.0 4.2071 0.0 0.0 -1.226 0.2 996.0 1.5627 14.0 
0.06315 159.94659 63.0 3930.0 2.0 58.0 0.0 -1.9929 0.0 -2.426 0.44721 998.0 2.2906 13.0 59.0 0.2071 0.0 0.0 -1.426 0.41231 996.0 2.0914 15.0 63.0 2.0071 0.0 0.0 -0.926 0.3 993.0 2.0269 12.0 66.0 3.5071 0.0 0.0 -0.626 0.3 990.0 1.9344 11.0 70.0 4.9071 0.0 0.0 -0.326 0.22361 987.0 1.9249 10.0 
0.08173 175.27973 70.0 3934.0 2.0 46.0 0.2071 0.0 0.0 -1.926 0.22361 997.0 1.3508 11.0 57.0 1.1071 0.0 0.0 -1.126 0.28284 993.0 1.6592 9.0 62.0 2.1071 0.0 0.0 -0.226 0.28284 991.0 1.7846 8.0 59.0 3.1071 0.0 0.674 0.0 0.22361 992.0 1.693 9.0 52.0 4.0071 0.0 1.474 0.0 0.22361 995.0 1.5343 10.0 
0.25533 37.62661 86.0 3935.0 2.0 42.0 0.0 -1.8929 0.0 -0.026 0.3 1000.0 1.3859 16.0 48.0 0.0 -0.0929 0.0 -0.326 0.31623 998.0 1.5688 14.0 53.0 1.7071 0.0 0.0 -0.926 0.31623 996.0 1.6877 12.0 59.0 3.4071 0.0 0.0 -1.426 0.22361 994.0 1.8713 13.0 64.0 4.7071 0.0 0.0 -1.726 0.22361 989.0 1.7431 11.0 
0.12393 94.15302 49.0 3937.0 2.0 36.0 0.0 -1.7929 0.0 -0.426 0.2 1002.0 1.2034 19.0 41.0 0.0 -0.1929 0.0 -0.826 0.31623 1001.0 1.4308 17.0 47.0 1.8071 0.0 0.0 -1.326 0.41231 1001.0 1.8802 16.0 46.0 3.9071 0.0 0.0 -2.026 0.31623 1001.0 1.801 16.0 43.0 5.9071 0.0 0.0 -2.626 0.31623 1002.0 1.7168 17.0 
0.29836 83.98134 49.0 3938.0 2.0 87.0 0.0 -4.0929 0.0 -0.626 0.63246 988.0 2.5 8.0 102.0 0.0 -0.4929 0.574 0.0 0.53852 977.0 2.5 6.0 110.0 2.4071 0.0 1.474 0.0 0.53852 967.0 2.5 5.0 104.0 4.8071 0.0 2.774 0.0 0.42426 970.0 2.5 5.0 95.0 6.5071 0.0 4.674 0.0 0.42426 976.0 2.4913 6.0 
0.48888 12.23339 77.0 3941.0 2.0 63.0 0.0 -0.7929 1.474 0.0 0.36056 992.0 1.9304 12.0 64.0 0.1071 0.0 0.0 -0.026 0.22361 990.0 1.8189 11.0 75.0 1.1071 0.0 0.0 -0.826 0.22361 982.0 1.8533 9.0 82.0 2.1071 0.0 0.0 -1.326 0.2 977.0 1.9077 8.0 87.0 3.2071 0.0 0.0 -1.426 0.1 974.0 1.9822 7.0 
0.38804 32.65484 49.0 3944.0 2.0 59.0 0.0 -1.9929 0.074 0.0 0.4 996.0 2.0914 11.0 71.0 0.1071 0.0 0.274 0.0 0.41231 991.0 2.3403 8.0 74.0 2.2071 0.0 0.574 0.0 0.41231 989.0 2.3304 8.0 70.0 4.2071 0.0 0.674 0.0 0.4 991.0 2.2749 8.0 59.0 6.1071 0.0 0.674 0.0 0.31623 996.0 2.0914 10.0 
0.11944 86.89722 59.0 3950.0 2.0 59.0 0.0 -2.2929 0.0 -0.026 0.44721 997.0 2.2221 14.0 64.0 0.0 -0.2929 0.0 -0.726 0.31623 994.0 2.2019 13.0 69.0 1.5071 0.0 0.0 -1.026 0.2 990.0 2.1142 11.0 68.0 3.0071 0.0 0.0 -0.726 0.36056 990.0 2.0534 11.0 66.0 4.6071 0.0 0.274 0.0 0.28284 992.0 2.1186 12.0 
1.86407 21.60552 51.0 3954.0 2.0 74.0 0.0 -2.7929 0.374 0.0 0.41231 990.0 2.4318 9.0 86.0 0.0 -0.1929 0.0 -0.026 0.4 983.0 2.5 9.0 101.0 2.2071 0.0 0.0 -0.226 0.4 971.0 2.4807 7.0 117.0 4.3071 0.0 0.0 -0.226 0.31623 953.0 2.3303 6.0 124.0 6.0071 0.0 0.374 0.0 0.36056 943.0 2.2435 5.0 
0.36595 19.33007 77.0 3958.0 2.0 43.0 0.0 -0.6929 0.074 0.0 0.1 996.0 1.1109 14.0 56.0 0.0071 0.0 0.174 0.0 0.1 992.0 1.5252 12.0 65.0 0.9071 0.0 0.274 0.0 0.2 989.0 1.798 10.0 69.0 2.1071 0.0 0.574 0.0 0.22361 988.0 1.9451 10.0 67.0 3.3071 0.0 1.374 0.0 0.28284 990.0 1.9935 11.0 
0.08801 172.03376 67.0 3959.0 2.0 54.0 0.0 -1.5929 0.0 -2.326 0.41231 1000.0 2.291 19.0 55.0 0.6071 0.0 0.0 -1.426 0.31623 999.0 2.2069 16.0 53.0 2.2071 0.0 0.0 -0.426 0.36056 998.0 1.9127 16.0 51.0 3.6071 0.0 0.874 0.0 0.28284 998.0 1.7711 16.0 48.0 4.8071 0.0 2.374 0.0 0.28284 999.0 1.6809 17.0 
0.3248 48.75749 71.0 3965.0 2.0 45.0 0.0 -1.8929 0.0 -0.526 0.4 1001.0 1.7236 22.0 48.0 0.1071 0.0 0.0 -0.426 0.3 1000.0 1.8102 19.0 45.0 1.8071 0.0 0.0 -0.426 0.3 1000.0 1.591 18.0 41.0 3.1071 0.0 0.0 -0.526 0.22361 1000.0 1.3207 19.0 37.0 4.1071 0.0 0.0 -0.726 0.14142 1000.0 1.0756 19.0 
0.1721 98.29778 48.0 3969.0 2.0 40.0 0.0 -0.1929 0.0 -1.426 0.14142 999.0 1.1673 17.0 46.0 0.5071 0.0 0.0 -0.726 0.22361 997.0 1.3508 15.0 51.0 1.6071 0.0 0.0 -0.226 0.22361 997.0 1.6604 14.0 58.0 3.2071 0.0 0.474 0.0 0.41231 997.0 2.1474 14.0 62.0 5.5071 0.0 1.074 0.0 0.5099 998.0 2.5 15.0 
0.55324 22.93337 62.0 3975.0 2.0 64.0 0.0 -2.4929 2.374 0.0 0.56569 996.0 2.4609 13.0 67.0 0.0 -0.1929 0.074 0.0 0.5 995.0 2.5 14.0 69.0 1.9071 0.0 0.0 -1.426 0.31623 992.0 2.3156 15.0 72.0 3.5071 0.0 0.0 -1.926 0.2 986.0 1.961 13.0 82.0 4.8071 0.0 0.0 -2.326 0.22361 979.0 2.0199 11.0 
0.42483 21.60552 65.0 3976.0 2.0 55.0 0.0 -0.8929 0.0 -1.626 0.31623 994.0 1.6261 14.0 65.0 0.0 -0.1929 0.0 -0.026 0.31623 990.0 1.8762 14.0 72.0 0.6071 0.0 1.474 0.0 0.28284 986.0 1.961 13.0 78.0 1.6071 0.0 2.674 0.0 0.22361 982.0 2.0045 11.0 85.0 2.6071 0.0 3.574 0.0 0.28284 977.0 2.0498 10.0 
0.2673 91.68939 63.0 3984.0 2.0 50.0 0.0 -1.1929 0.0 -0.826 0.2 995.0 1.4186 15.0 58.0 0.0071 0.0 0.0 -0.826 0.2 991.0 1.5618 12.0 74.0 1.4071 0.0 0.0 -0.226 0.22361 986.0 2.0715 13.0 88.0 2.8071 0.0 0.674 0.0 0.31623 977.0 2.1971 10.0 100.0 4.3071 0.0 1.274 0.0 0.3 966.0 2.1731 9.0 
0.30196 37.81606 88.0 3987.0 2.0 48.0 0.0 -1.5929 0.0 -1.526 0.36056 999.0 1.6809 18.0 57.0 0.0 -0.2929 0.174 0.0 0.28284 996.0 1.952 14.0 61.0 0.9071 0.0 1.674 0.0 0.28284 994.0 2.0003 13.0 59.0 2.0071 0.0 2.774 0.0 0.22361 993.0 1.7777 12.0 53.0 2.9071 0.0 3.274 0.0 0.14142 994.0 1.51 12.0 
0.35126 92.26407 47.0 39.0 2.0 55.0 0.0 -3.3929 0.0 -1.526 0.53852 1002.0 2.5 19.0 55.0 0.0 -0.0929 0.0 -0.826 0.5099 1001.0 2.5 23.0 53.0 2.7071 0.0 0.0 -0.526 0.4 1000.0 2.207 20.0 51.0 5.0071 0.0 0.0 -0.226 0.4 1000.0 2.0435 18.0 48.0 6.9071 0.0 0.074 0.0 0.2 999.0 1.6809 18.0 
0.16325 58.39132 50.0 3.0 2.0 64.0 0.0 -2.8929 0.474 0.0 0.53852 998.0 2.5 17.0 71.0 0.0071 0.0 0.0 -0.526 0.44721 995.0 2.5 13.0 74.0 2.5071 0.0 0.0 -1.726 0.44721 992.0 2.5 11.0 72.0 4.6071 0.0 0.0 -2.826 0.41231 991.0 2.4067 11.0 67.0 6.4071 0.0 0.0 -3.426 0.22361 991.0 2.0841 11.0 
0.11873 184.82505 67.0 4003.0 2.0 60.0 0.0 -0.0929 0.0 -2.026 0.14142 989.0 1.5321 15.0 75.0 1.0071 0.0 0.0 -1.326 0.22361 983.0 1.9151 15.0 91.0 2.1071 0.0 0.0 -0.526 0.22361 971.0 2.0138 12.0 109.0 3.2071 0.0 0.074 0.0 0.1 953.0 2.0225 10.0 125.0 4.1071 0.0 0.374 0.0 0.1 935.0 2.046 8.0 
0.23227 48.39733 58.0 4011.0 2.0 78.0 0.0 -2.8929 0.574 0.0 0.53852 991.0 2.5 9.0 86.0 0.0 -0.0929 0.0 -0.426 0.44721 985.0 2.5 10.0 100.0 2.4071 0.0 0.0 -1.326 0.31623 974.0 2.5 8.0 102.0 4.3071 0.0 0.0 -1.926 0.31623 967.0 2.3101 7.0 96.0 5.7071 0.0 0.0 -2.326 0.22361 969.0 2.1393 7.0 
0.31628 14.00819 51.0 4014.0 2.0 54.0 0.0 -2.2929 0.574 0.0 0.41231 1000.0 2.291 11.0 50.0 0.0071 0.0 0.0 -0.126 0.31623 998.0 1.7023 10.0 51.0 1.8071 0.0 0.0 -1.226 0.36056 998.0 1.7711 13.0 52.0 3.5071 0.0 0.0 -2.226 0.22361 997.0 1.7261 12.0 61.0 5.2071 0.0 0.0 -3.126 0.41231 993.0 1.9003 10.0 
0.18809 25.57494 60.0 4021.0 2.0 44.0 0.0 -1.6929 1.374 0.0 0.36056 1000.0 1.5211 16.0 48.0 0.0 -0.1929 0.0 -0.126 0.28284 999.0 1.6809 14.0 49.0 1.3071 0.0 0.0 -1.026 0.3 997.0 1.5327 12.0 56.0 2.8071 0.0 0.0 -0.926 0.2 994.0 1.6858 13.0 64.0 4.2071 0.0 0.0 -0.426 0.22361 991.0 1.9016 11.0 
0.30002 8.25172 89.0 4022.0 2.0 36.0 0.0 -0.7929 0.0 -0.626 0.14142 1001.0 1.1031 21.0 39.0 0.0071 0.0 0.074 0.0 0.22361 999.0 1.1096 18.0 42.0 0.8071 0.0 0.674 0.0 0.14142 998.0 1.2011 17.0 42.0 1.5071 0.0 1.174 0.0 0.14142 998.0 1.2011 16.0 43.0 2.0071 0.0 1.874 0.0 0.22361 998.0 1.259 16.0 
0.06851 57.38457 38.0 402.0 2.0 54.0 0.0 -2.1929 2.774 0.0 0.67082 1000.0 2.291 12.0 55.0 0.0 -0.2929 0.0 -0.426 0.5831 999.0 2.2069 11.0 55.0 1.5071 0.0 0.0 -3.226 0.5 998.0 2.0598 14.0 56.0 3.2071 0.0 0.0 -5.426 0.5 996.0 1.8841 13.0 61.0 4.8071 0.0 0.0 -7.426 0.42426 993.0 1.9003 11.0 
0.30405 45.6838 65.0 4038.0 2.0 59.0 0.0 -1.3929 1.274 0.0 0.44721 995.0 1.9752 15.0 65.0 0.3071 0.0 0.274 0.0 0.36056 992.0 2.0549 15.0 72.0 1.7071 0.0 0.0 -0.626 0.28284 986.0 1.961 13.0 79.0 3.0071 0.0 0.0 -1.426 0.22361 981.0 1.992 11.0 87.0 4.2071 0.0 0.0 -1.926 0.22361 974.0 1.9822 10.0 
0.40353 82.39957 64.0 4043.0 2.0 54.0 0.1071 0.0 0.0 -2.026 0.31623 995.0 1.6546 14.0 65.0 0.7071 0.0 0.0 -0.226 0.41231 991.0 1.9615 11.0 71.0 1.4071 0.0 1.974 0.0 0.44721 990.0 2.2386 11.0 75.0 2.4071 0.0 4.574 0.0 0.41231 990.0 2.4979 11.0 75.0 3.5071 0.0 7.174 0.0 0.42426 990.0 2.4979 11.0 
0.51374 22.93337 65.0 4045.0 2.0 60.0 0.0 -2.2929 1.874 0.0 0.5 996.0 2.1629 12.0 63.0 0.0 -0.1929 0.074 0.0 0.44721 994.0 2.1336 11.0 64.0 1.8071 0.0 0.0 -1.226 0.36056 991.0 1.9016 10.0 71.0 3.5071 0.0 0.0 -2.326 0.28284 986.0 1.9069 11.0 89.0 4.9071 0.0 0.0 -3.226 0.28284 971.0 1.9263 8.0 
0.98362 19.33007 51.0 4047.0 2.0 71.0 0.0 -1.9929 1.574 0.0 0.42426 991.0 2.3403 11.0 83.0 0.0071 0.0 0.174 0.0 0.36056 984.0 2.4263 9.0 87.0 2.0071 0.0 0.0 -0.926 0.36056 981.0 2.4159 9.0 91.0 3.9071 0.0 0.0 -1.626 0.31623 977.0 2.3494 8.0 94.0 5.7071 0.0 0.0 -2.126 0.3 974.0 2.3141 8.0 
0.08359 66.82775 59.0 4059.0 2.0 47.0 0.0 -2.0929 0.974 0.0 0.42426 1000.0 1.7355 11.0 48.0 0.0 -0.2929 0.0 -0.526 0.36056 998.0 1.5688 10.0 50.0 1.4071 0.0 0.0 -1.826 0.22361 998.0 1.7023 13.0 54.0 2.8071 0.0 0.0 -2.726 0.31623 995.0 1.6546 11.0 63.0 4.3071 0.0 0.0 -3.326 0.28284 989.0 1.6891 9.0 
0.4922 12.23339 73.0 4065.0 2.0 59.0 0.0 -1.0929 0.474 0.0 0.22361 992.0 1.693 12.0 67.0 0.1071 0.0 0.0 -0.026 0.2 988.0 1.834 10.0 69.0 1.3071 0.0 0.0 -0.326 0.22361 987.0 1.8703 10.0 70.0 2.6071 0.0 0.0 -0.526 0.22361 987.0 1.9249 10.0 71.0 3.7071 0.0 0.0 -0.726 0.2 985.0 1.8388 9.0 
0.06807 121.95089 89.0 4084.0 2.0 51.0 0.0 -1.7929 0.0 -0.626 0.22361 995.0 1.4759 11.0 61.0 0.0 -0.3929 0.0 -1.026 0.31623 992.0 1.8098 12.0 73.0 1.2071 0.0 0.0 -1.126 0.2 986.0 2.0159 10.0 76.0 2.6071 0.0 0.0 -0.926 0.3 984.0 2.0343 9.0 79.0 3.9071 0.0 0.0 -0.626 0.2 980.0 1.9316 8.0 
0.24985 116.36837 50.0 4086.0 2.0 70.0 0.0 -1.8929 2.574 0.0 0.5831 997.0 2.5 15.0 70.0 0.7071 0.0 0.774 0.0 0.5 995.0 2.5 13.0 68.0 2.9071 0.0 0.0 -0.926 0.42426 994.0 2.4857 13.0 67.0 4.8071 0.0 0.0 -2.526 0.42426 994.0 2.4131 13.0 61.0 6.5071 0.0 0.0 -3.926 0.22361 995.0 2.1114 13.0 
0.26441 8.25172 86.0 4091.0 2.0 45.0 0.0 -1.1929 0.974 0.0 0.28284 999.0 1.4773 15.0 45.0 0.0071 0.0 0.074 0.0 0.2 998.0 1.3789 17.0 48.0 1.0071 0.0 0.0 -0.026 0.1 996.0 1.3843 14.0 50.0 1.7071 0.0 0.0 -0.026 0.1 994.0 1.3439 13.0 51.0 2.3071 0.0 0.074 0.0 0.0 993.0 1.3283 12.0 
0.41184 14.00819 52.0 4092.0 2.0 57.0 0.0 -2.1929 1.274 0.0 0.5 997.0 2.074 13.0 58.0 0.0071 0.0 0.0 -0.126 0.44721 995.0 1.9088 12.0 64.0 2.0071 0.0 0.0 -1.326 0.44721 992.0 1.9922 13.0 75.0 3.9071 0.0 0.0 -2.326 0.36056 985.0 2.0519 10.0 93.0 5.7071 0.0 0.0 -3.526 0.36056 975.0 2.3247 10.0 
0.23354 82.21395 52.0 4093.0 2.0 63.0 0.0 -1.7929 1.974 0.0 0.44721 996.0 2.3846 15.0 66.0 0.3071 0.0 0.674 0.0 0.44721 993.0 2.2245 16.0 76.0 2.3071 0.0 0.0 -0.426 0.36056 988.0 2.3598 13.0 85.0 4.1071 0.0 0.0 -1.526 0.36056 981.0 2.3061 11.0 96.0 5.8071 0.0 0.0 -2.426 0.22361 971.0 2.2412 9.0 
0.35869 32.98146 57.0 4095.0 2.0 69.0 0.0 -2.3929 1.074 0.0 0.44721 992.0 2.3156 9.0 82.0 0.0 -0.1929 0.0 -0.226 0.44721 986.0 2.5 10.0 94.0 1.9071 0.0 0.0 -1.326 0.36056 976.0 2.4391 8.0 95.0 3.7071 0.0 0.0 -2.126 0.22361 973.0 2.3045 7.0 90.0 5.2071 0.0 0.0 -2.526 0.3 975.0 2.1771 8.0 
0.22666 27.12273 50.0 4099.0 2.0 45.0 0.0 -1.9929 1.074 0.0 0.42426 1002.0 1.8803 19.0 43.0 0.0 -0.0929 0.0 -0.226 0.36056 1001.0 1.5738 17.0 44.0 1.6071 0.0 0.0 -1.126 0.36056 1000.0 1.5211 15.0 51.0 3.5071 0.0 0.0 -1.926 0.36056 999.0 1.8976 18.0 58.0 5.5071 0.0 0.0 -2.326 0.41231 997.0 2.1474 15.0 
0.2965 39.17945 43.0 409.0 2.0 55.0 0.0 -1.9929 3.374 0.0 0.64031 1001.0 2.5 13.0 56.0 0.3071 0.0 0.174 0.0 0.64031 1001.0 2.5 17.0 57.0 2.6071 0.0 0.0 -2.426 0.56569 1000.0 2.5 15.0 64.0 5.0071 0.0 0.0 -5.026 0.56569 998.0 2.5 13.0 67.0 7.2071 0.0 0.0 -7.526 0.56569 996.0 2.5 15.0 
0.09906 199.03902 74.0 4110.0 2.0 41.0 0.3071 0.0 0.0 -1.926 0.2 999.0 1.2264 18.0 46.0 1.2071 0.0 0.0 -1.326 0.22361 998.0 1.4408 16.0 51.0 1.9071 0.0 0.0 -0.126 0.31623 997.0 1.6604 15.0 56.0 2.4071 0.0 1.874 0.0 0.31623 997.0 2.0019 15.0 61.0 3.0071 0.0 4.474 0.0 0.41231 997.0 2.3753 15.0 
0.29687 91.85989 57.0 4116.0 2.0 85.0 0.0 -2.3929 0.774 0.0 0.4 983.0 2.4598 15.0 95.0 0.0 -0.2929 0.774 0.0 0.31623 975.0 2.4258 12.0 98.0 1.6071 0.0 1.074 0.0 0.3 972.0 2.3925 12.0 101.0 3.4071 0.0 1.174 0.0 0.31623 968.0 2.3153 11.0 106.0 5.0071 0.0 1.474 0.0 0.2 961.0 2.207 10.0 
0.17193 92.4535 65.0 4125.0 2.0 87.0 0.0 -2.9929 0.0 -1.526 0.5099 983.0 2.5 8.0 113.0 0.1071 0.0 0.0 -0.826 0.41231 965.0 2.5 7.0 123.0 2.3071 0.0 0.0 -0.226 0.41231 948.0 2.3773 6.0 130.0 4.1071 0.0 0.174 0.0 0.2 935.0 2.213 5.0 126.0 5.3071 0.0 0.374 0.0 0.22361 936.0 2.1059 5.0 
0.33269 30.42421 71.0 4131.0 2.0 60.0 0.0 -1.7929 0.774 0.0 0.41231 996.0 2.1629 11.0 63.0 0.0071 0.0 0.274 0.0 0.31623 992.0 1.9304 9.0 64.0 1.6071 0.0 0.0 -0.026 0.22361 991.0 1.9016 8.0 68.0 2.9071 0.0 0.0 -0.526 0.22361 988.0 1.8891 8.0 75.0 4.0071 0.0 0.0 -1.126 0.22361 982.0 1.8533 7.0 
0.45434 32.65484 110.0 4135.0 2.0 85.0 0.0 -1.2929 1.274 0.0 0.36056 979.0 2.1704 8.0 100.0 0.1071 0.0 0.274 0.0 0.28284 965.0 2.1279 7.0 98.0 1.1071 0.0 0.0 -0.426 0.14142 963.0 1.9619 6.0 96.0 1.7071 0.0 0.0 -0.826 0.14142 962.0 1.8457 6.0 95.0 2.2071 0.0 0.0 -1.126 0.1 961.0 1.7727 6.0 
0.25217 41.52148 41.0 4136.0 2.0 61.0 0.0 -2.7929 3.774 0.0 0.78102 1000.0 2.5 13.0 61.0 0.0071 0.0 0.374 0.0 0.72111 1000.0 2.5 12.0 58.0 2.3071 0.0 0.0 -2.726 0.5 998.0 2.2906 10.0 58.0 4.2071 0.0 0.0 -5.226 0.5 998.0 2.2906 13.0 62.0 6.0071 0.0 0.0 -7.526 0.5 995.0 2.1812 11.0 
0.10429 118.43582 73.0 4137.0 2.0 41.0 0.0 -1.6929 0.0 -0.526 0.31623 1001.0 1.4308 20.0 45.0 0.0 -0.2929 0.0 -1.026 0.22361 999.0 1.4773 17.0 49.0 1.0071 0.0 0.0 -1.026 0.22361 998.0 1.6349 15.0 49.0 2.2071 0.0 0.0 -0.626 0.31623 998.0 1.6349 15.0 49.0 3.5071 0.0 0.074 0.0 0.22361 998.0 1.6349 15.0 
0.39274 32.11459 55.0 413.0 2.0 51.0 0.0 -1.3929 0.274 0.0 0.2 995.0 1.4759 18.0 64.0 0.0 -0.0929 0.274 0.0 0.31623 991.0 1.9016 15.0 74.0 1.5071 0.0 0.274 0.0 0.31623 987.0 2.1512 13.0 80.0 3.3071 0.0 0.0 -0.226 0.31623 985.0 2.3346 12.0 83.0 5.1071 0.0 0.0 -0.826 0.22361 981.0 2.1988 11.0 
0.31726 43.18263 41.0 4141.0 2.0 48.0 0.0 -2.0929 1.774 0.0 0.42426 1000.0 1.8102 11.0 53.0 0.1071 0.0 0.374 0.0 0.44721 999.0 2.0493 12.0 61.0 2.7071 0.0 0.0 -1.026 0.44721 998.0 2.5 13.0 68.0 5.6071 0.0 0.0 -2.426 0.5831 996.0 2.5 13.0 74.0 8.4071 0.0 0.0 -3.926 0.44721 993.0 2.5 13.0 
0.37192 21.89443 96.0 4149.0 2.0 53.0 0.0 -0.7929 0.0 -0.326 0.14142 993.0 1.4345 12.0 64.0 0.0 -0.0929 0.174 0.0 0.14142 988.0 1.6734 10.0 70.0 0.7071 0.0 0.574 0.0 0.14142 984.0 1.7258 9.0 76.0 1.5071 0.0 0.874 0.0 0.14142 980.0 1.7877 8.0 78.0 2.4071 0.0 1.074 0.0 0.22361 980.0 1.883 8.0 
0.12301 83.38209 52.0 4150.0 2.0 47.0 0.0 -2.2929 0.474 0.0 0.36056 1001.0 1.8802 18.0 47.0 0.0 -0.1929 0.0 -0.726 0.36056 1000.0 1.7355 16.0 50.0 1.8071 0.0 0.0 -1.526 0.31623 1000.0 1.9642 19.0 49.0 3.7071 0.0 0.0 -2.126 0.3 999.0 1.7517 18.0 51.0 5.5071 0.0 0.0 -2.326 0.2 998.0 1.7711 16.0 
0.23872 122.90695 43.0 4154.0 2.0 67.0 0.0 -1.3929 0.0 -1.726 0.31623 990.0 1.9935 12.0 83.0 0.6071 0.0 0.0 -0.926 0.41231 984.0 2.4263 12.0 94.0 2.8071 0.0 0.0 -0.126 0.5099 979.0 2.5 11.0 96.0 5.4071 0.0 0.774 0.0 0.44721 978.0 2.5 10.0 99.0 7.6071 0.0 1.974 0.0 0.44721 975.0 2.5 10.0 
0.92234 14.00819 65.0 4172.0 2.0 87.0 0.0 -1.8929 1.674 0.0 0.5 980.0 2.3427 9.0 109.0 0.0071 0.0 0.0 -0.126 0.36056 963.0 2.427 9.0 132.0 1.8071 0.0 0.0 -1.226 0.22361 938.0 2.3729 7.0 134.0 3.3071 0.0 0.0 -1.926 0.22361 932.0 2.2642 6.0 125.0 4.5071 0.0 0.0 -2.426 0.2 940.0 2.1862 7.0 
0.59303 2.99167 120.0 4182.0 2.0 59.0 0.0 -1.6929 0.0 -0.426 0.3 995.0 1.9752 13.0 65.0 0.0071 0.0 0.0 -0.026 0.22361 992.0 2.0549 11.0 61.0 1.3071 0.0 0.474 0.0 0.22361 992.0 1.8098 11.0 58.0 2.3071 0.0 0.774 0.0 0.2 993.0 1.7179 12.0 54.0 3.2071 0.0 0.874 0.0 0.2 994.0 1.5675 12.0 
0.3069 116.57888 145.0 4186.0 2.0 55.0 0.0 -1.2929 0.874 0.0 0.2 993.0 1.5448 20.0 59.0 0.0 -0.3929 0.974 0.0 0.14142 990.0 1.5458 18.0 60.0 0.3071 0.0 1.374 0.0 0.14142 990.0 1.5987 18.0 61.0 1.0071 0.0 2.074 0.0 0.14142 989.0 1.5836 18.0 62.0 1.6071 0.0 2.774 0.0 0.14142 989.0 1.6359 17.0 
0.2179 14.00819 54.0 4192.0 2.0 40.0 0.0 -1.2929 0.0 -0.026 0.3 1000.0 1.2571 16.0 41.0 0.0071 0.0 0.0 -0.126 0.2 999.0 1.2264 14.0 45.0 1.2071 0.0 0.0 -0.026 0.22361 998.0 1.3789 17.0 55.0 2.5071 0.0 0.374 0.0 0.31623 995.0 1.7165 14.0 64.0 4.3071 0.0 0.874 0.0 0.31623 993.0 2.0918 13.0 
0.35803 25.57494 51.0 4202.0 2.0 56.0 0.0 -1.5929 0.174 0.0 0.3 993.0 1.6015 13.0 68.0 0.0 -0.1929 0.0 -0.126 0.31623 987.0 1.8165 11.0 76.0 1.4071 0.0 0.0 -0.726 0.22361 983.0 1.9665 10.0 83.0 3.1071 0.0 0.0 -1.026 0.4 980.0 2.1322 9.0 92.0 5.1071 0.0 0.0 -1.126 0.3 975.0 2.275 8.0 
0.19209 131.62402 59.0 4205.0 2.0 41.0 0.0071 0.0 0.0 -2.426 0.36056 1001.0 1.4308 16.0 47.0 1.0071 0.0 0.0 -0.626 0.36056 1000.0 1.7355 14.0 49.0 2.0071 0.0 1.374 0.0 0.31623 999.0 1.7517 13.0 47.0 3.0071 0.0 2.974 0.0 0.28284 999.0 1.6116 13.0 45.0 4.4071 0.0 3.774 0.0 0.3 1000.0 1.591 13.0 
0.1586 17.37652 66.0 4207.0 2.0 42.0 0.0 -1.4929 0.874 0.0 0.28284 1000.0 1.3859 12.0 41.0 0.0 -0.0929 0.0 -0.126 0.28284 1000.0 1.3207 15.0 44.0 1.1071 0.0 0.0 -0.926 0.22361 998.0 1.3183 14.0 47.0 2.3071 0.0 0.0 -1.426 0.22361 996.0 1.3272 12.0 54.0 3.4071 0.0 0.0 -1.826 0.2 994.0 1.5675 13.0 
0.20928 14.4498 49.0 4210.0 2.0 42.0 0.0 -1.4929 0.674 0.0 0.31623 1000.0 1.3859 12.0 41.0 0.1071 0.0 0.074 0.0 0.2 1000.0 1.3207 16.0 42.0 1.4071 0.0 0.0 -0.526 0.22361 999.0 1.2869 15.0 52.0 3.1071 0.0 0.0 -1.126 0.31623 997.0 1.7261 13.0 65.0 5.4071 0.0 0.0 -1.626 0.41231 996.0 2.5 14.0 
0.16481 32.98146 75.0 4212.0 2.0 41.0 0.0 -0.9929 0.674 0.0 0.22361 997.0 1.0731 13.0 45.0 0.0 -0.1929 0.0 -0.226 0.14142 996.0 1.2166 16.0 52.0 0.4071 0.0 0.0 -1.026 0.14142 992.0 1.3151 13.0 64.0 1.1071 0.0 0.0 -1.526 0.22361 987.0 1.6091 13.0 80.0 2.0071 0.0 0.0 -1.826 0.2 978.0 1.8677 11.0 
0.25888 47.29257 56.0 4219.0 2.0 60.0 0.0 -1.4929 0.374 0.0 0.28284 991.0 1.6713 10.0 68.0 0.0071 0.0 0.0 -0.426 0.31623 987.0 1.8165 11.0 86.0 1.6071 0.0 0.0 -0.626 0.3 973.0 1.8885 8.0 119.0 3.3071 0.0 0.0 -0.526 0.3 948.0 2.2252 7.0 146.0 5.0071 0.0 0.0 -0.526 0.3 918.0 2.2917 6.0 
0.08482 199.03902 52.0 4225.0 2.0 55.0 0.0 -0.4929 0.0 -2.626 0.44721 998.0 2.0598 16.0 60.0 1.2071 0.0 0.0 -1.326 0.36056 995.0 2.0427 14.0 62.0 2.6071 0.0 0.174 0.0 0.28284 994.0 2.0664 13.0 62.0 4.0071 0.0 1.374 0.0 0.36056 994.0 2.0664 12.0 61.0 5.6071 0.0 2.074 0.0 0.31623 994.0 2.0003 13.0 
0.08998 66.82775 63.0 4236.0 2.0 55.0 0.0 -2.7929 0.774 0.0 0.5 999.0 2.2069 11.0 55.0 0.0 -0.2929 0.0 -0.526 0.5 998.0 2.0598 10.0 55.0 1.8071 0.0 0.0 -1.926 0.36056 997.0 1.931 12.0 58.0 3.4071 0.0 0.0 -2.926 0.22361 993.0 1.7179 10.0 67.0 4.7071 0.0 0.0 -3.726 0.22361 988.0 1.834 11.0 
0.06486 91.63024 40.0 4247.0 2.0 63.0 0.0 -3.4929 1.274 0.0 0.76158 1001.0 2.5 19.0 55.0 0.0 -0.3929 0.0 -0.726 0.56569 1000.0 2.3767 17.0 56.0 2.2071 0.0 0.0 -2.526 0.53852 999.0 2.2879 15.0 66.0 5.6071 0.0 0.0 -3.426 0.60828 998.0 2.5 16.0 65.0 8.8071 0.0 0.0 -4.126 0.5099 996.0 2.5 16.0 
0.41494 43.18263 49.0 4256.0 2.0 50.0 0.0 -2.1929 1.074 0.0 0.36056 1000.0 1.9642 20.0 58.0 0.1071 0.0 0.374 0.0 0.4 998.0 2.2906 17.0 63.0 2.7071 0.0 0.274 0.0 0.4 997.0 2.5 15.0 58.0 4.9071 0.0 0.0 -0.026 0.41231 997.0 2.1474 15.0 50.0 6.5071 0.0 0.0 -0.526 0.22361 998.0 1.7023 16.0 
0.11041 65.59587 79.0 4258.0 2.0 40.0 0.0 -1.2929 0.574 0.0 0.22361 999.0 1.1673 10.0 43.0 0.0 -0.4929 0.0 -0.326 0.28284 998.0 1.259 12.0 52.0 0.5071 0.0 0.0 -0.926 0.1 995.0 1.5343 10.0 59.0 1.4071 0.0 0.0 -1.026 0.2 991.0 1.6161 8.0 62.0 2.3071 0.0 0.0 -0.826 0.2 989.0 1.6359 8.0 
0.31365 8.25172 54.0 4259.0 2.0 53.0 0.0 -1.1929 1.474 0.0 0.36056 997.0 1.7931 14.0 60.0 0.0071 0.0 0.074 0.0 0.36056 993.0 1.8385 13.0 68.0 1.5071 0.0 0.0 -0.726 0.31623 990.0 2.0534 11.0 73.0 3.1071 0.0 0.0 -1.026 0.31623 987.0 2.0934 10.0 80.0 4.9071 0.0 0.0 -1.426 0.31623 984.0 2.2541 9.0 
1.12473 19.33007 301.0 4266.0 2.0 73.0 0.0 -2.5929 0.274 0.0 0.5099 992.0 2.5 13.0 80.0 0.0071 0.0 0.174 0.0 0.41231 987.0 2.5 13.0 87.0 2.2071 0.0 0.0 -0.726 0.41231 981.0 2.4159 11.0 97.0 4.1071 0.0 0.0 -1.626 0.36056 971.0 2.2881 9.0 106.0 5.7071 0.0 0.0 -2.326 0.2 959.0 2.1252 8.0 
0.57254 2.99167 48.0 4268.0 2.0 52.0 0.0 -2.1929 0.174 0.0 0.31623 999.0 1.9727 14.0 55.0 0.0071 0.0 0.0 -0.026 0.3 997.0 1.931 12.0 63.0 2.1071 0.0 0.574 0.0 0.36056 995.0 2.2521 14.0 72.0 4.3071 0.0 1.374 0.0 0.41231 991.0 2.4067 12.0 74.0 6.5071 0.0 2.074 0.0 0.31623 989.0 2.3304 11.0 
0.36658 2.99167 45.0 42.0 2.0 36.0 0.0 -1.8929 0.174 0.0 0.3 1002.0 1.2034 26.0 44.0 0.0071 0.0 0.0 -0.026 0.41231 1002.0 1.7976 23.0 50.0 2.3071 0.0 0.0 -0.726 0.44721 1001.0 2.1279 21.0 51.0 4.7071 0.0 0.0 -2.026 0.42426 1001.0 2.2138 21.0 51.0 6.9071 0.0 0.0 -3.826 0.5 1002.0 2.4151 22.0 
0.07826 101.5299 59.0 430.0 2.0 49.0 0.0 -2.4929 0.874 0.0 0.5 1001.0 2.0436 18.0 47.0 0.0 -0.3929 0.0 -0.826 0.36056 1000.0 1.7355 16.0 47.0 1.4071 0.0 0.0 -2.126 0.28284 999.0 1.6116 14.0 50.0 3.1071 0.0 0.0 -3.026 0.28284 998.0 1.7023 13.0 58.0 4.8071 0.0 0.0 -3.926 0.22361 996.0 2.0211 14.0 
0.19809 162.56959 52.0 432.0 2.0 66.0 0.0 -1.4929 2.474 0.0 0.31623 991.0 2.0223 12.0 80.0 0.5071 0.0 1.374 0.0 0.44721 987.0 2.5 13.0 90.0 2.7071 0.0 0.0 -0.026 0.36056 981.0 2.5 11.0 99.0 4.6071 0.0 0.0 -1.426 0.42426 968.0 2.2245 7.0 108.0 6.2071 0.0 0.0 -2.826 0.28284 959.0 2.2062 6.0 
0.07416 92.26407 47.0 439.0 2.0 60.0 0.0 -2.8929 0.0 -0.126 0.53852 999.0 2.5 14.0 63.0 0.0 -0.0929 0.0 -0.826 0.5099 996.0 2.3846 12.0 68.0 2.4071 0.0 0.0 -1.626 0.41231 993.0 2.3614 10.0 76.0 4.8071 0.0 0.0 -2.526 0.41231 990.0 2.5 11.0 80.0 6.8071 0.0 0.0 -3.226 0.31623 985.0 2.3346 9.0 
0.33987 24.41152 40.0 43.0 2.0 58.0 0.0 -3.1929 2.674 0.0 0.72111 1001.0 2.5 18.0 64.0 0.2071 0.0 0.074 0.0 0.78102 1001.0 2.5 17.0 70.0 3.7071 0.0 0.0 -2.926 0.78102 1000.0 2.5 15.0 64.0 6.8071 0.0 0.0 -5.626 0.56569 999.0 2.5 18.0 61.0 8.9071 0.0 0.0 -7.726 0.42426 997.0 2.3753 15.0 
0.24529 17.37652 66.0 453.0 2.0 43.0 0.0 -1.3929 0.474 0.0 0.31623 998.0 1.259 10.0 45.0 0.0 -0.0929 0.0 -0.126 0.22361 997.0 1.2927 13.0 51.0 1.2071 0.0 0.0 -0.426 0.22361 994.0 1.3982 11.0 61.0 2.4071 0.0 0.0 -0.626 0.2 991.0 1.7275 12.0 74.0 3.7071 0.0 0.0 -0.826 0.2 984.0 1.9286 9.0 
0.16892 57.38457 54.0 474.0 2.0 50.0 0.0 -2.3929 1.474 0.0 0.5 1001.0 2.1279 18.0 49.0 0.0 -0.2929 0.0 -0.426 0.5 1000.0 1.8864 17.0 50.0 1.9071 0.0 0.0 -1.626 0.36056 999.0 1.8239 15.0 49.0 3.7071 0.0 0.0 -2.426 0.31623 998.0 1.6349 13.0 52.0 5.3071 0.0 0.0 -2.926 0.31623 996.0 1.6246 15.0 
0.09882 86.89722 55.0 475.0 2.0 60.0 0.0 -2.8929 0.774 0.0 0.53852 998.0 2.4513 13.0 62.0 0.0 -0.2929 0.0 -0.726 0.44721 996.0 2.3095 11.0 68.0 1.9071 0.0 0.0 -1.726 0.41231 993.0 2.3614 12.0 69.0 3.8071 0.0 0.0 -2.226 0.2 990.0 2.1142 11.0 77.0 5.2071 0.0 0.0 -2.726 0.31623 984.0 2.0882 9.0 
0.30858 58.39132 57.0 47.0 2.0 49.0 0.0 -2.2929 0.474 0.0 0.44721 1001.0 2.0436 18.0 47.0 0.0071 0.0 0.0 -0.526 0.4 1001.0 1.8802 22.0 48.0 2.0071 0.0 0.0 -0.726 0.3 1000.0 1.8102 19.0 49.0 3.8071 0.0 0.0 -0.826 0.2 998.0 1.6349 17.0 49.0 5.3071 0.0 0.0 -1.326 0.22361 998.0 1.6349 16.0 
0.15581 38.12432 71.0 480.0 2.0 45.0 0.0 -0.6929 1.474 0.0 0.28284 998.0 1.3789 14.0 45.0 0.2071 0.0 0.274 0.0 0.28284 996.0 1.2166 12.0 49.0 1.1071 0.0 0.0 -0.826 0.28284 995.0 1.3624 11.0 55.0 2.1071 0.0 0.0 -1.826 0.22361 991.0 1.4044 10.0 63.0 3.2071 0.0 0.0 -2.426 0.22361 986.0 1.5014 9.0 
0.14142 92.26407 57.0 482.0 2.0 53.0 0.0 -1.9929 0.0 -1.026 0.31623 998.0 1.9127 16.0 61.0 0.0 -0.0929 0.0 -0.826 0.3 995.0 2.1114 13.0 66.0 1.8071 0.0 0.0 -1.026 0.31623 993.0 2.2245 12.0 63.0 3.6071 0.0 0.0 -1.626 0.31623 994.0 2.1336 13.0 58.0 5.2071 0.0 0.0 -2.126 0.31623 995.0 1.9088 13.0 
0.08961 172.30713 67.0 485.0 2.0 66.0 0.0 -0.2929 0.0 -2.426 0.28284 988.0 1.7796 8.0 80.0 0.8071 0.0 0.0 -1.326 0.22361 979.0 1.9226 8.0 88.0 1.8071 0.0 0.0 -0.726 0.2 971.0 1.8832 7.0 91.0 2.7071 0.0 0.0 -0.526 0.1 967.0 1.8387 7.0 103.0 3.5071 0.0 0.0 -0.326 0.2 957.0 1.935 6.0 
0.22293 45.79963 51.0 48.0 2.0 61.0 0.0 -3.0929 2.574 0.0 0.72111 1000.0 2.5 17.0 58.0 0.0 -0.3929 0.0 -0.126 0.64031 999.0 2.4542 15.0 58.0 2.2071 0.0 0.0 -1.926 0.44721 998.0 2.2906 13.0 61.0 4.5071 0.0 0.0 -3.326 0.36056 997.0 2.3753 15.0 64.0 6.3071 0.0 0.0 -4.526 0.31623 993.0 2.0918 12.0 
0.08687 141.99527 58.0 490.0 2.0 59.0 0.0 -0.7929 0.0 -1.726 0.31623 992.0 1.693 13.0 70.0 0.6071 0.0 0.0 -1.126 0.3 985.0 1.7874 10.0 80.0 2.0071 0.0 0.0 -0.926 0.3 978.0 1.8677 9.0 87.0 3.5071 0.0 0.0 -0.926 0.3 974.0 1.9822 8.0 98.0 4.9071 0.0 0.0 -0.926 0.2 964.0 2.0019 7.0 
0.38917 47.30299 115.0 494.0 2.0 54.0 0.0 -0.2929 0.0 -1.226 0.22361 994.0 1.5675 13.0 63.0 0.4071 0.0 0.0 -0.126 0.14142 989.0 1.6891 11.0 68.0 1.0071 0.0 0.674 0.0 0.22361 986.0 1.7492 10.0 69.0 1.7071 0.0 1.374 0.0 0.2 985.0 1.7367 9.0 67.0 2.4071 0.0 1.774 0.0 0.1 985.0 1.6375 9.0 
0.50472 12.23339 50.0 49.0 2.0 60.0 0.0 -2.5929 1.774 0.0 0.64031 1000.0 2.5 16.0 58.0 0.1071 0.0 0.0 -0.026 0.53852 999.0 2.4542 18.0 59.0 2.5071 0.0 0.0 -1.026 0.36056 997.0 2.2221 15.0 60.0 4.5071 0.0 0.0 -2.126 0.36056 996.0 2.1629 14.0 59.0 6.1071 0.0 0.0 -3.326 0.36056 996.0 2.0914 14.0 
0.08254 72.3143 56.0 508.0 2.0 46.0 0.0 -2.1929 1.274 0.0 0.42426 1000.0 1.6625 14.0 48.0 0.0 -0.4929 0.0 -0.426 0.42426 999.0 1.6809 15.0 52.0 1.2071 0.0 0.0 -1.726 0.36056 998.0 1.8412 13.0 56.0 3.0071 0.0 0.0 -2.726 0.28284 996.0 1.8841 13.0 65.0 4.6071 0.0 0.0 -3.326 0.2 991.0 1.9615 12.0 
0.20314 47.29257 72.0 516.0 2.0 62.0 0.0 -1.0929 0.0 -0.326 0.22361 990.0 1.707 10.0 76.0 0.0071 0.0 0.0 -0.426 0.2 981.0 1.8436 9.0 89.0 1.0071 0.0 0.0 -0.526 0.22361 971.0 1.9263 7.0 90.0 2.0071 0.0 0.0 -0.826 0.22361 971.0 1.9698 7.0 92.0 3.1071 0.0 0.0 -1.226 0.2 969.0 1.9647 7.0 
0.35997 70.24699 40.0 520.0 2.0 47.0 0.0 -2.3929 0.0 -0.226 0.41231 1000.0 1.7355 16.0 53.0 0.0 -0.0929 0.0 -0.626 0.4 999.0 2.0493 18.0 64.0 2.5071 0.0 0.0 -0.826 0.5 997.0 2.5 15.0 73.0 5.7071 0.0 0.0 -1.226 0.53852 996.0 2.5 14.0 72.0 8.9071 0.0 0.0 -2.126 0.5099 996.0 2.5 14.0 
0.06544 122.52341 75.0 535.0 2.0 54.0 0.0 -0.9929 0.0 -1.426 0.31623 994.0 1.5675 11.0 63.0 0.4071 0.0 0.0 -1.026 0.22361 991.0 1.8426 11.0 69.0 1.7071 0.0 0.0 -0.526 0.22361 987.0 1.8703 10.0 74.0 2.8071 0.0 0.174 0.0 0.22361 984.0 1.9286 9.0 79.0 3.8071 0.0 0.774 0.0 0.2 980.0 1.9316 8.0 
0.32019 53.94034 68.0 539.0 2.0 53.0 0.0 -1.7929 2.074 0.0 0.42426 999.0 2.0493 18.0 61.0 0.1071 0.0 0.474 0.0 0.36056 996.0 2.2356 14.0 64.0 1.9071 0.0 0.0 -0.926 0.36056 994.0 2.2019 13.0 62.0 3.6071 0.0 0.0 -1.826 0.22361 993.0 1.9631 12.0 63.0 4.8071 0.0 0.0 -2.526 0.22361 991.0 1.8426 11.0 
0.20714 91.68939 49.0 543.0 2.0 41.0 0.0 -1.2929 0.0 -1.326 0.31623 999.0 1.2264 15.0 45.0 0.0071 0.0 0.0 -0.826 0.3 998.0 1.3789 15.0 54.0 1.5071 0.0 0.0 -0.526 0.2 996.0 1.752 14.0 64.0 3.2071 0.0 0.0 -0.426 0.41231 993.0 2.0918 12.0 73.0 5.5071 0.0 0.0 -0.926 0.41231 991.0 2.474 12.0 
0.19116 80.58985 65.0 568.0 2.0 46.0 0.0 -1.0929 0.0 -0.526 0.22361 996.0 1.2713 16.0 52.0 0.0071 0.0 0.0 -0.726 0.2 993.0 1.3809 14.0 65.0 1.2071 0.0 0.0 -0.726 0.22361 989.0 1.798 14.0 71.0 2.4071 0.0 0.0 -0.626 0.2 985.0 1.8388 12.0 83.0 3.6071 0.0 0.0 -0.526 0.2 977.0 1.9545 10.0 
0.30299 22.67945 64.0 573.0 2.0 54.0 0.0 -0.9929 0.874 0.0 0.22361 995.0 1.6546 13.0 59.0 0.1071 0.0 0.174 0.0 0.22361 993.0 1.7777 12.0 61.0 1.3071 0.0 0.0 -0.626 0.22361 993.0 1.9003 12.0 60.0 2.4071 0.0 0.0 -1.426 0.22361 993.0 1.8385 12.0 57.0 3.7071 0.0 0.0 -2.126 0.22361 995.0 1.8436 13.0 
0.42332 14.00819 61.0 575.0 2.0 47.0 0.0 -1.5929 0.0 -0.126 0.3 998.0 1.5041 13.0 54.0 0.0071 0.0 0.0 -0.126 0.31623 995.0 1.6546 11.0 65.0 1.7071 0.0 0.274 0.0 0.31623 992.0 2.0549 12.0 75.0 3.4071 0.0 0.874 0.0 0.31623 986.0 2.1279 10.0 83.0 5.0071 0.0 1.474 0.0 0.22361 979.0 2.0695 8.0 
0.14293 157.58194 75.0 576.0 2.0 35.0 0.0 -0.4929 0.0 -1.526 0.1 1000.0 1.0 21.0 41.0 0.5071 0.0 0.0 -1.326 0.2 999.0 1.2264 18.0 48.0 1.7071 0.0 0.0 -0.826 0.31623 997.0 1.4708 20.0 57.0 3.1071 0.0 0.0 -0.326 0.22361 994.0 1.7465 17.0 60.0 4.3071 0.0 0.074 0.0 0.22361 992.0 1.7509 15.0 
0.30385 8.25172 90.0 57.0 2.0 47.0 0.0 -1.9929 0.974 0.0 0.44721 1001.0 1.8802 17.0 46.0 0.0071 0.0 0.074 0.0 0.31623 1000.0 1.6625 15.0 46.0 1.7071 0.0 0.0 -0.326 0.22361 998.0 1.4408 13.0 48.0 2.9071 0.0 0.0 -0.726 0.1 997.0 1.4708 15.0 51.0 3.7071 0.0 0.0 -0.926 0.14142 994.0 1.3982 13.0 
0.08224 139.91577 41.0 58.0 2.0 52.0 0.0 -3.1929 0.0 -0.726 0.5 1001.0 2.3015 13.0 54.0 0.0 -0.2929 0.0 -1.226 0.5099 1000.0 2.291 14.0 59.0 2.8071 0.0 0.0 -2.426 0.5831 999.0 2.5 15.0 61.0 5.8071 0.0 0.0 -3.626 0.5099 998.0 2.5 13.0 63.0 8.5071 0.0 0.0 -4.626 0.5099 996.0 2.3846 14.0 
0.18894 87.49915 56.0 592.0 2.0 59.0 0.0 -0.8929 0.0 -1.226 0.22361 990.0 1.5458 9.0 76.0 0.3071 0.0 0.0 -0.726 0.2 982.0 1.903 9.0 95.0 1.7071 0.0 0.0 -0.626 0.3 970.0 2.1437 7.0 104.0 3.3071 0.0 0.0 -0.626 0.3 964.0 2.2545 6.0 111.0 4.8071 0.0 0.0 -0.826 0.3 957.0 2.2472 6.0 
0.15359 200.75621 76.0 596.0 2.0 54.0 1.9071 0.0 0.0 -2.626 0.4 998.0 1.9855 21.0 60.0 1.8071 0.0 0.074 0.0 0.4 996.0 2.1629 19.0 61.0 1.9071 0.0 2.674 0.0 0.4 995.0 2.1114 17.0 61.0 2.2071 0.0 4.974 0.0 0.31623 994.0 2.0003 16.0 60.0 2.8071 0.0 6.574 0.0 0.28284 992.0 1.7509 15.0 
0.61911 67.44987 92.0 597.0 2.0 56.0 0.6071 0.0 0.0 -1.126 0.2 991.0 1.4559 15.0 69.0 0.6071 0.0 0.0 -0.026 0.2 985.0 1.7367 12.0 79.0 0.7071 0.0 1.374 0.0 0.3 980.0 1.9316 11.0 84.0 0.9071 0.0 2.974 0.0 0.31623 978.0 2.0591 10.0 86.0 1.7071 0.0 4.474 0.0 0.22361 977.0 2.0984 10.0 
0.17513 72.7102 64.0 5.0 2.0 53.0 0.0 -2.8929 0.674 0.0 0.5831 1002.0 2.5 18.0 50.0 0.0 -0.1929 0.0 -0.626 0.41231 1001.0 2.1279 17.0 47.0 2.1071 0.0 0.0 -0.926 0.3 1001.0 1.8802 21.0 47.0 3.8071 0.0 0.0 -1.226 0.22361 999.0 1.6116 17.0 49.0 5.1071 0.0 0.0 -1.926 0.22361 997.0 1.5327 15.0 
0.38015 30.42421 50.0 600.0 2.0 56.0 0.0 -2.5929 1.674 0.0 0.5831 1000.0 2.4639 15.0 57.0 0.0071 0.0 0.274 0.0 0.44721 998.0 2.2123 13.0 60.0 2.4071 0.0 0.0 -0.626 0.41231 997.0 2.2981 16.0 67.0 4.6071 0.0 0.0 -1.126 0.3 993.0 2.2925 12.0 68.0 6.4071 0.0 0.0 -1.226 0.2 989.0 1.9678 11.0 
0.12544 169.80266 40.0 60.0 2.0 52.0 0.0 -3.3929 0.0 -2.326 0.53852 1002.0 2.5 18.0 62.0 0.1071 0.0 0.0 -1.526 0.70711 1001.0 2.5 22.0 62.0 3.7071 0.0 0.0 -1.026 0.5099 1000.0 2.5 19.0 59.0 6.5071 0.0 0.0 -0.126 0.5099 999.0 2.5 17.0 58.0 9.1071 0.0 0.274 0.0 0.41231 999.0 2.4542 17.0 
0.08555 105.32528 64.0 619.0 2.0 41.0 0.0 -0.9929 0.0 -1.026 0.2 998.0 1.1446 9.0 49.0 0.2071 0.0 0.0 -0.926 0.2 996.0 1.4425 10.0 59.0 1.5071 0.0 0.0 -0.626 0.2 993.0 1.7777 9.0 65.0 2.8071 0.0 0.0 -0.426 0.2 989.0 1.798 8.0 73.0 4.1071 0.0 0.0 -0.426 0.2 985.0 1.9439 7.0 
0.28679 81.45815 59.0 622.0 2.0 47.0 0.0 -1.4929 0.0 -1.326 0.31623 998.0 1.5041 13.0 52.0 0.1071 0.0 0.0 -0.726 0.31623 997.0 1.7261 16.0 61.0 1.7071 0.0 0.0 -0.226 0.3 993.0 1.9003 13.0 65.0 3.2071 0.0 0.0 -0.126 0.2 990.0 1.8762 11.0 70.0 4.6071 0.0 0.0 -0.026 0.2 986.0 1.8536 10.0 
0.18756 62.18838 54.0 626.0 2.0 51.0 0.0 -2.2929 0.574 0.0 0.44721 999.0 1.8976 11.0 52.0 0.0 -0.1929 0.0 -0.526 0.41231 998.0 1.8412 13.0 56.0 1.6071 0.0 0.0 -1.626 0.36056 996.0 1.8841 11.0 64.0 3.3071 0.0 0.0 -2.726 0.36056 992.0 1.9922 11.0 77.0 5.0071 0.0 0.0 -3.726 0.22361 985.0 2.1628 10.0 
0.29296 8.25172 67.0 633.0 2.0 34.0 0.0 -0.7929 0.174 0.0 0.2 1000.0 1.0 20.0 40.0 0.0071 0.0 0.074 0.0 0.22361 999.0 1.1673 17.0 47.0 1.0071 0.0 0.474 0.0 0.22361 997.0 1.4101 16.0 50.0 2.1071 0.0 1.174 0.0 0.22361 997.0 1.5959 15.0 52.0 3.4071 0.0 1.674 0.0 0.22361 996.0 1.6246 14.0 
0.23992 41.06496 59.0 635.0 2.0 52.0 0.0 -2.4929 1.174 0.0 0.44721 1000.0 2.1245 12.0 49.0 0.0 -0.2929 0.0 -0.226 0.36056 998.0 1.6349 10.0 52.0 1.6071 0.0 0.0 -1.426 0.28284 998.0 1.8412 13.0 56.0 3.3071 0.0 0.0 -2.526 0.22361 995.0 1.7795 11.0 62.0 4.8071 0.0 0.0 -3.126 0.22361 992.0 1.8696 12.0 
0.13307 76.71589 67.0 639.0 2.0 60.0 0.0 -2.9929 0.474 0.0 0.44721 999.0 2.5 15.0 56.0 0.0 -0.2929 0.0 -0.626 0.36056 998.0 2.1353 13.0 54.0 1.7071 0.0 0.0 -1.526 0.31623 996.0 1.752 12.0 58.0 3.2071 0.0 0.0 -2.026 0.22361 993.0 1.7179 13.0 63.0 4.4071 0.0 0.0 -2.326 0.22361 989.0 1.6891 11.0 
0.28067 58.39132 47.0 640.0 2.0 59.0 0.0 -2.4929 0.0 -0.126 0.41231 997.0 2.2221 12.0 64.0 0.0071 0.0 0.0 -0.526 0.4 994.0 2.2019 10.0 74.0 2.3071 0.0 0.0 -0.726 0.4 989.0 2.3304 11.0 87.0 4.5071 0.0 0.0 -0.826 0.41231 981.0 2.4159 9.0 97.0 6.6071 0.0 0.0 -1.026 0.3 973.0 2.4025 7.0 
0.4172 2.99167 49.0 641.0 2.0 42.0 0.0 -2.0929 0.0 -0.226 0.3 1002.0 1.6379 26.0 45.0 0.0071 0.0 0.0 -0.026 0.4 1001.0 1.7236 23.0 47.0 2.1071 0.0 0.0 -0.026 0.4 1001.0 1.8802 21.0 47.0 4.1071 0.0 0.0 -0.226 0.4 1000.0 1.7355 20.0 47.0 6.1071 0.0 0.0 -0.726 0.31623 1000.0 1.7355 20.0 
0.10864 132.3298 109.0 642.0 2.0 44.0 0.0 -0.0929 0.0 -1.826 0.14142 997.0 1.2359 14.0 51.0 0.6071 0.0 0.0 -1.026 0.22361 994.0 1.3982 13.0 57.0 1.4071 0.0 0.0 -0.626 0.2 992.0 1.5802 12.0 59.0 2.4071 0.0 0.0 -0.626 0.1 991.0 1.6161 11.0 61.0 3.3071 0.0 0.0 -0.626 0.1 990.0 1.6524 11.0 
0.40883 56.88427 69.0 645.0 2.0 44.0 0.3071 0.0 0.0 -1.126 0.2 997.0 1.2359 14.0 53.0 0.5071 0.0 0.074 0.0 0.2 994.0 1.51 13.0 60.0 0.8071 0.0 1.074 0.0 0.22361 991.0 1.6713 11.0 65.0 1.4071 0.0 2.074 0.0 0.14142 988.0 1.7261 10.0 70.0 2.3071 0.0 2.974 0.0 0.22361 987.0 1.9249 10.0 
0.34029 64.81358 41.0 651.0 2.0 58.0 0.0 -2.7929 2.974 0.0 0.70711 1001.0 2.5 17.0 59.0 0.1071 0.0 0.574 0.0 0.5831 1000.0 2.5 15.0 62.0 3.0071 0.0 0.0 -1.126 0.53852 999.0 2.5 14.0 67.0 5.9071 0.0 0.0 -2.626 0.5 997.0 2.5 15.0 67.0 8.4071 0.0 0.0 -3.726 0.4 994.0 2.4131 13.0 
0.58207 43.18263 40.0 65.0 2.0 61.0 0.0 -3.1929 1.474 0.0 0.53852 1000.0 2.5 15.0 66.0 0.1071 0.0 0.374 0.0 0.67082 998.0 2.5 13.0 74.0 3.5071 0.0 0.0 -1.426 0.5831 997.0 2.5 15.0 72.0 6.5071 0.0 0.0 -3.226 0.5 995.0 2.5 14.0 67.0 8.9071 0.0 0.0 -4.926 0.42426 995.0 2.5 14.0 
0.31165 14.00819 56.0 662.0 2.0 47.0 0.0 -1.3929 0.674 0.0 0.22361 996.0 1.3272 9.0 53.0 0.0071 0.0 0.0 -0.126 0.31623 994.0 1.51 11.0 62.0 1.6071 0.0 0.0 -0.826 0.22361 989.0 1.6359 9.0 80.0 3.1071 0.0 0.0 -1.326 0.31623 979.0 1.9226 9.0 86.0 4.6071 0.0 0.0 -1.926 0.3 977.0 2.0984 11.0 
0.13811 122.52341 57.0 66.0 2.0 40.0 0.0 -1.1929 0.0 -1.426 0.2 1001.0 1.3618 22.0 45.0 0.4071 0.0 0.0 -1.026 0.3 1000.0 1.591 19.0 48.0 2.0071 0.0 0.0 -0.526 0.31623 999.0 1.6809 17.0 49.0 3.5071 0.0 0.0 -0.026 0.22361 998.0 1.6349 16.0 50.0 4.8071 0.0 0.074 0.0 0.3 998.0 1.7023 15.0 
0.16377 14.4498 62.0 675.0 2.0 45.0 0.0 -1.2929 1.574 0.0 0.42426 999.0 1.4773 11.0 46.0 0.1071 0.0 0.074 0.0 0.28284 998.0 1.4408 10.0 50.0 1.4071 0.0 0.0 -1.026 0.28284 995.0 1.4186 8.0 56.0 2.7071 0.0 0.0 -1.926 0.22361 993.0 1.6015 10.0 67.0 4.0071 0.0 0.0 -2.526 0.22361 986.0 1.6981 8.0 
0.43484 45.6838 84.0 677.0 2.0 42.0 0.9071 0.0 0.0 -0.826 0.22361 998.0 1.2011 22.0 48.0 0.3071 0.0 0.274 0.0 0.22361 996.0 1.3843 19.0 50.0 0.0 -0.0929 1.374 0.0 0.2 995.0 1.4186 18.0 51.0 0.0 -0.2929 2.674 0.0 0.2 995.0 1.4759 18.0 51.0 0.0 -0.1929 3.974 0.0 0.2 995.0 1.4759 18.0 
0.10129 214.03455 42.0 67.0 2.0 51.0 0.0 -3.2929 0.0 -2.526 0.5099 1002.0 2.4151 23.0 61.0 0.0 -0.0929 0.0 -1.926 0.6 1001.0 2.5 20.0 60.0 3.1071 0.0 0.0 -1.726 0.5099 1000.0 2.5 18.0 55.0 5.7071 0.0 0.0 -1.126 0.41231 1000.0 2.3767 18.0 52.0 8.0071 0.0 0.0 -0.626 0.31623 1000.0 2.1245 19.0 
0.24066 118.12228 50.0 682.0 2.0 74.0 0.0 -1.4929 2.674 0.0 0.42426 990.0 2.4318 15.0 81.0 0.6071 0.0 0.874 0.0 0.42426 984.0 2.3108 13.0 94.0 2.7071 0.0 0.0 -0.826 0.42426 974.0 2.3141 11.0 118.0 4.6071 0.0 0.0 -2.326 0.36056 955.0 2.452 10.0 128.0 6.2071 0.0 0.0 -3.426 0.36056 943.0 2.3906 9.0 
0.17493 62.18838 60.0 685.0 2.0 55.0 0.0 -1.4929 0.074 0.0 0.22361 994.0 1.6261 10.0 62.0 0.0 -0.1929 0.0 -0.526 0.22361 988.0 1.5705 8.0 80.0 1.1071 0.0 0.0 -0.626 0.31623 980.0 1.9808 9.0 94.0 2.6071 0.0 0.074 0.0 0.28284 972.0 2.2012 7.0 93.0 4.1071 0.0 1.174 0.0 0.36056 975.0 2.3247 8.0 
0.07964 200.04055 51.0 686.0 2.0 57.0 0.0071 0.0 0.0 -2.426 0.36056 993.0 1.6592 10.0 69.0 1.4071 0.0 0.0 -1.126 0.28284 989.0 2.0261 11.0 82.0 2.8071 0.0 0.374 0.0 0.36056 982.0 2.2154 9.0 96.0 4.4071 0.0 1.674 0.0 0.31623 973.0 2.3532 7.0 94.0 6.0071 0.0 2.474 0.0 0.31623 973.0 2.2562 7.0 
0.08358 72.87608 103.0 689.0 2.0 38.0 0.0 -1.4929 0.074 0.0 0.22361 1000.0 1.1345 12.0 36.0 0.0 -0.3929 0.0 -0.526 0.14142 999.0 1.0 13.0 38.0 0.4071 0.0 0.0 -1.026 0.1 998.0 1.0 13.0 43.0 1.1071 0.0 0.0 -1.426 0.1 996.0 1.1109 12.0 51.0 1.8071 0.0 0.0 -1.526 0.14142 993.0 1.3283 13.0 
0.19317 13.18352 118.0 708.0 2.0 41.0 0.0 -0.9929 1.174 0.0 0.28284 999.0 1.2264 15.0 43.0 0.0 -0.0929 0.074 0.0 0.28284 998.0 1.259 13.0 45.0 0.7071 0.0 0.0 -0.726 0.14142 995.0 1.149 11.0 52.0 1.3071 0.0 0.0 -1.026 0.1 992.0 1.3151 12.0 64.0 1.8071 0.0 0.0 -0.726 0.1 986.0 1.5495 10.0 
0.13203 77.04923 175.0 710.0 2.0 54.0 0.1071 0.0 1.574 0.0 0.2 994.0 1.5675 13.0 55.0 0.5071 0.0 0.474 0.0 0.14142 993.0 1.5448 12.0 56.0 1.1071 0.0 0.0 -0.326 0.14142 991.0 1.4559 12.0 58.0 1.7071 0.0 0.0 -0.826 0.14142 990.0 1.4939 11.0 60.0 2.3071 0.0 0.0 -1.126 0.0 988.0 1.4708 10.0 
0.153 134.01918 96.0 714.0 2.0 56.0 1.2071 0.0 0.0 -0.726 0.1 990.0 1.3926 11.0 57.0 1.2071 0.0 0.0 -0.026 0.2 990.0 1.4428 11.0 57.0 1.2071 0.0 0.674 0.0 0.1 989.0 1.3827 11.0 60.0 1.4071 0.0 1.174 0.0 0.0 987.0 1.4142 10.0 67.0 1.6071 0.0 1.474 0.0 0.1 982.0 1.479 9.0 
0.20395 114.50479 56.0 733.0 2.0 56.0 0.0 -2.6929 0.0 -1.426 0.5 1000.0 2.4639 20.0 57.0 0.1071 0.0 0.0 -1.026 0.41231 999.0 2.3703 18.0 55.0 2.2071 0.0 0.0 -0.226 0.36056 998.0 2.0598 16.0 52.0 3.8071 0.0 0.874 0.0 0.36056 998.0 1.8412 16.0 49.0 5.3071 0.0 1.974 0.0 0.28284 998.0 1.6349 16.0 
0.18068 36.19458 63.0 738.0 2.0 35.0 0.0 -0.6929 0.0 -0.326 0.1 999.0 1.0 14.0 40.0 0.0071 0.0 0.0 -0.326 0.1 997.0 1.0214 12.0 48.0 0.8071 0.0 0.0 -0.426 0.14142 995.0 1.3074 12.0 60.0 1.8071 0.0 0.0 -0.626 0.1 991.0 1.6713 11.0 71.0 3.0071 0.0 0.0 -0.526 0.2 986.0 1.9069 10.0 
0.22078 42.04636 120.0 73.0 2.0 48.0 0.0 -2.2929 1.074 0.0 0.5 1000.0 1.8102 12.0 50.0 0.0 -0.1929 0.0 -0.326 0.36056 1000.0 1.9642 15.0 51.0 1.7071 0.0 0.0 -1.526 0.31623 998.0 1.7711 13.0 55.0 3.4071 0.0 0.0 -2.426 0.22361 995.0 1.7165 11.0 62.0 4.8071 0.0 0.0 -3.126 0.22361 992.0 1.8696 12.0 
0.46282 23.16855 43.0 74.0 2.0 57.0 0.0 -2.8929 2.074 0.0 0.64031 1001.0 2.5 18.0 57.0 0.2071 0.0 0.0 -0.026 0.5831 1000.0 2.5 16.0 60.0 3.0071 0.0 0.0 -2.126 0.64031 999.0 2.5 15.0 62.0 5.6071 0.0 0.0 -4.526 0.5 998.0 2.5 13.0 60.0 7.8071 0.0 0.0 -6.426 0.42426 997.0 2.2981 16.0 
0.35841 42.87049 67.0 755.0 2.0 56.0 0.0 -1.4929 0.0 -0.926 0.31623 996.0 1.8841 13.0 64.0 0.2071 0.0 0.0 -0.326 0.31623 992.0 1.9922 12.0 67.0 1.7071 0.0 0.0 -0.126 0.22361 989.0 1.9104 11.0 70.0 3.0071 0.0 0.0 -0.026 0.2 987.0 1.9249 10.0 70.0 4.2071 0.0 0.0 -0.126 0.22361 986.0 1.8536 10.0 
0.22452 69.94114 113.0 757.0 2.0 57.0 0.0 -0.3929 1.774 0.0 0.28284 994.0 1.7465 14.0 60.0 0.5071 0.0 0.374 0.0 0.22361 990.0 1.5987 12.0 68.0 1.3071 0.0 0.0 -0.526 0.14142 985.0 1.6867 13.0 80.0 2.0071 0.0 0.0 -0.926 0.1 976.0 1.7667 10.0 81.0 2.5071 0.0 0.0 -0.826 0.1 974.0 1.7183 10.0 
0.45049 18.35579 64.0 758.0 2.0 52.0 0.0 -1.5929 0.274 0.0 0.31623 996.0 1.6246 16.0 61.0 0.1071 0.0 0.0 -0.126 0.31623 993.0 1.9003 16.0 67.0 1.7071 0.0 0.0 -0.726 0.22361 990.0 1.9935 14.0 71.0 3.1071 0.0 0.0 -1.426 0.22361 987.0 1.9803 13.0 79.0 4.3071 0.0 0.0 -1.926 0.22361 981.0 1.992 11.0 
0.51966 32.98146 52.0 75.0 2.0 56.0 0.0 -2.6929 0.0 -0.026 0.53852 999.0 2.2879 10.0 56.0 0.0 -0.1929 0.0 -0.226 0.4 998.0 2.1353 13.0 62.0 1.9071 0.0 0.574 0.0 0.44721 995.0 2.1812 10.0 66.0 3.7071 0.0 1.374 0.0 0.3 992.0 2.1186 9.0 66.0 5.4071 0.0 1.474 0.0 0.3 991.0 2.0223 8.0 
0.29877 67.60861 86.0 765.0 2.0 57.0 0.0 -0.5929 0.0 -0.926 0.1 991.0 1.5084 12.0 68.0 0.3071 0.0 0.0 -0.526 0.22361 983.0 1.5743 10.0 86.0 1.1071 0.0 0.0 -0.026 0.1 973.0 1.8885 10.0 95.0 1.9071 0.0 0.474 0.0 0.14142 965.0 1.9204 9.0 99.0 2.6071 0.0 0.974 0.0 0.28284 962.0 1.9628 8.0 
0.15138 175.75217 112.0 76.0 2.0 39.0 0.8071 0.0 0.0 -1.926 0.22361 1000.0 1.195 19.0 44.0 1.4071 0.0 0.0 -0.726 0.22361 999.0 1.4124 17.0 46.0 1.9071 0.0 0.674 0.0 0.31623 998.0 1.4408 16.0 46.0 2.5071 0.0 1.974 0.0 0.22361 998.0 1.4408 16.0 46.0 3.4071 0.0 2.774 0.0 0.22361 998.0 1.4408 16.0 
0.30078 48.75749 310.0 773.0 2.0 57.0 0.0 -1.4929 0.0 -0.826 0.2 995.0 1.8436 11.0 62.0 0.1071 0.0 0.0 -0.426 0.2 992.0 1.8696 12.0 71.0 1.2071 0.0 0.0 -0.026 0.14142 984.0 1.7754 9.0 78.0 1.9071 0.0 0.574 0.0 0.1 977.0 1.7261 8.0 85.0 2.3071 0.0 1.274 0.0 0.14142 971.0 1.757 7.0 
0.12006 101.5299 61.0 784.0 2.0 59.0 0.0 -1.5929 0.0 -0.326 0.22361 991.0 1.6161 9.0 73.0 0.0 -0.3929 0.0 -0.826 0.22361 984.0 1.8769 9.0 91.0 0.8071 0.0 0.0 -0.726 0.2 971.0 2.0138 7.0 96.0 2.0071 0.0 0.0 -0.226 0.36056 968.0 2.0918 7.0 101.0 3.5071 0.0 0.474 0.0 0.31623 967.0 2.265 7.0 
0.07988 51.90795 82.0 788.0 2.0 50.0 0.0 -1.9929 1.774 0.0 0.5 1000.0 1.9642 12.0 47.0 0.0 -0.1929 0.0 -0.426 0.36056 999.0 1.6116 11.0 45.0 1.2071 0.0 0.0 -1.826 0.28284 998.0 1.3789 10.0 45.0 2.4071 0.0 0.0 -2.826 0.22361 996.0 1.2166 9.0 49.0 3.4071 0.0 0.0 -3.526 0.14142 994.0 1.2907 11.0 
0.17218 91.68939 46.0 78.0 2.0 50.0 0.0 -2.3929 0.0 -1.026 0.41231 999.0 1.8239 19.0 56.0 0.0071 0.0 0.0 -0.826 0.41231 998.0 2.1353 17.0 61.0 2.4071 0.0 0.0 -1.026 0.4 996.0 2.2356 19.0 67.0 4.7071 0.0 0.0 -0.726 0.41231 994.0 2.4131 16.0 68.0 6.8071 0.0 0.0 -0.226 0.4 993.0 2.3614 16.0 
0.39538 14.4498 51.0 794.0 2.0 61.0 0.0 -1.4929 1.974 0.0 0.5 996.0 2.2356 11.0 65.0 0.1071 0.0 0.074 0.0 0.36056 993.0 2.1576 9.0 69.0 1.9071 0.0 0.0 -0.726 0.3 990.0 2.1142 8.0 76.0 3.8071 0.0 0.0 -0.826 0.3 987.0 2.269 7.0 80.0 5.7071 0.0 0.0 -0.926 0.3 983.0 2.1789 7.0 
0.28945 45.6838 107.0 796.0 2.0 42.0 0.0071 0.0 0.574 0.0 0.14142 997.0 1.1261 15.0 44.0 0.3071 0.0 0.274 0.0 0.1 995.0 1.0985 14.0 46.0 0.5071 0.0 0.274 0.0 0.0 994.0 1.1375 13.0 49.0 0.6071 0.0 0.474 0.0 0.1 992.0 1.1678 12.0 54.0 0.4071 0.0 0.874 0.0 0.1 991.0 1.3538 11.0 
0.43917 49.71343 75.0 802.0 2.0 45.0 0.0 -0.4929 0.0 -0.626 0.2 995.0 1.149 11.0 55.0 0.3071 0.0 0.0 -0.326 0.14142 992.0 1.4713 12.0 66.0 1.1071 0.0 0.674 0.0 0.31623 989.0 1.8538 11.0 76.0 2.2071 0.0 1.974 0.0 0.28284 985.0 2.1069 9.0 79.0 3.5071 0.0 3.174 0.0 0.22361 982.0 2.0563 9.0 
0.06488 51.90795 79.0 807.0 2.0 33.0 0.0 -1.1929 0.574 0.0 0.28284 1001.0 1.0 13.0 37.0 0.0 -0.1929 0.0 -0.426 0.28284 1000.0 1.0756 12.0 41.0 0.9071 0.0 0.0 -1.426 0.28284 999.0 1.2264 10.0 44.0 2.2071 0.0 0.0 -2.126 0.22361 999.0 1.4124 13.0 48.0 3.3071 0.0 0.0 -2.326 0.2 996.0 1.3843 11.0 
0.24107 47.29257 64.0 808.0 2.0 44.0 0.0 -1.8929 0.374 0.0 0.36056 1000.0 1.5211 17.0 46.0 0.0071 0.0 0.0 -0.426 0.41231 999.0 1.5437 15.0 48.0 1.9071 0.0 0.0 -0.526 0.41231 998.0 1.5688 14.0 50.0 3.6071 0.0 0.0 -0.326 0.3 997.0 1.5959 16.0 53.0 5.0071 0.0 0.0 -0.426 0.1 994.0 1.51 14.0 
0.11073 131.62402 75.0 813.0 2.0 60.0 0.4071 0.0 0.0 -1.726 0.22361 990.0 1.5987 11.0 75.0 1.0071 0.0 0.0 -0.626 0.22361 982.0 1.8533 9.0 82.0 1.7071 0.0 0.674 0.0 0.28284 979.0 2.0199 8.0 89.0 2.9071 0.0 1.774 0.0 0.36056 976.0 2.1866 8.0 85.0 4.3071 0.0 2.774 0.0 0.28284 978.0 2.1084 8.0 
0.79054 45.92858 43.0 816.0 2.0 65.0 0.0 -2.3929 0.0 -3.226 0.70711 1001.0 2.5 15.0 66.0 0.4071 0.0 0.074 0.0 0.64031 999.0 2.5 13.0 61.0 3.0071 0.0 1.974 0.0 0.53852 999.0 2.5 13.0 59.0 5.6071 0.0 3.374 0.0 0.5 999.0 2.5 13.0 60.0 7.8071 0.0 4.974 0.0 0.42426 998.0 2.4513 12.0 
0.50189 21.60552 56.0 818.0 2.0 68.0 0.0 -2.9929 1.274 0.0 0.53852 997.0 2.5 12.0 69.0 0.0 -0.1929 0.0 -0.026 0.5 995.0 2.5 14.0 68.0 1.9071 0.0 0.0 -1.526 0.36056 992.0 2.249 12.0 71.0 3.6071 0.0 0.0 -2.526 0.22361 988.0 2.0595 11.0 77.0 5.1071 0.0 0.0 -3.026 0.2 983.0 2.0186 9.0 
0.35687 52.57774 46.0 820.0 2.0 40.0 0.0 -1.2929 0.0 -1.526 0.28284 1002.0 1.4856 24.0 42.0 0.2071 0.0 0.0 -0.426 0.31623 1001.0 1.5014 21.0 47.0 2.0071 0.0 0.074 0.0 0.41231 1001.0 1.8802 20.0 50.0 4.2071 0.0 0.474 0.0 0.41231 1001.0 2.1279 20.0 51.0 6.5071 0.0 0.774 0.0 0.4 1001.0 2.2138 20.0 
0.16243 76.71589 92.0 821.0 2.0 40.0 0.0 -1.2929 0.0 -0.426 0.1 998.0 1.0895 14.0 45.0 0.0 -0.2929 0.0 -0.626 0.14142 995.0 1.149 12.0 52.0 0.7071 0.0 0.0 -0.826 0.22361 993.0 1.3809 13.0 62.0 1.8071 0.0 0.0 -1.026 0.2 987.0 1.5101 11.0 79.0 2.7071 0.0 0.0 -1.226 0.2 978.0 1.8213 11.0 
0.18373 263.87963 92.0 83.0 2.0 47.0 3.0071 0.0 0.0 -0.726 0.36056 1001.0 1.8802 20.0 46.0 2.0071 0.0 1.274 0.0 0.4 1000.0 1.6625 20.0 43.0 1.7071 0.0 3.374 0.0 0.31623 1000.0 1.4527 19.0 40.0 1.6071 0.0 5.074 0.0 0.22361 1000.0 1.2571 19.0 38.0 1.8071 0.0 6.374 0.0 0.2 1000.0 1.1345 19.0 
0.26733 19.33007 85.0 841.0 2.0 38.0 0.0 -0.7929 0.374 0.0 0.2 998.0 1.0 9.0 45.0 0.0071 0.0 0.174 0.0 0.2 997.0 1.2927 11.0 53.0 0.9071 0.0 0.074 0.0 0.1 994.0 1.51 9.0 57.0 1.8071 0.0 0.174 0.0 0.1 992.0 1.5802 9.0 59.0 2.6071 0.0 0.274 0.0 0.14142 991.0 1.6161 8.0 
0.19962 103.4712 39.0 843.0 2.0 64.0 0.0 -3.6929 0.0 -1.126 0.7 1000.0 2.5 15.0 67.0 0.1071 0.0 0.0 -0.926 0.5099 998.0 2.5 13.0 74.0 3.4071 0.0 0.0 -1.726 0.53852 996.0 2.5 14.0 73.0 6.6071 0.0 0.0 -2.426 0.41231 995.0 2.5 13.0 69.0 9.1071 0.0 0.0 -2.726 0.4 993.0 2.4314 12.0 
0.11428 138.78846 79.0 845.0 2.0 60.0 0.7071 0.0 0.0 -2.226 0.31623 992.0 1.7509 12.0 73.0 1.2071 0.0 0.0 -0.326 0.31623 986.0 2.0159 10.0 83.0 2.0071 0.0 1.474 0.0 0.36056 980.0 2.1322 9.0 94.0 3.4071 0.0 2.874 0.0 0.28284 972.0 2.2012 7.0 99.0 4.5071 0.0 4.174 0.0 0.22361 967.0 2.1762 7.0 
0.27765 18.35579 39.0 850.0 2.0 57.0 0.0 -2.9929 2.274 0.0 0.67082 1000.0 2.5 12.0 63.0 0.1071 0.0 0.0 -0.126 0.70711 999.0 2.5 11.0 64.0 2.6071 0.0 0.0 -3.326 0.64031 997.0 2.5 9.0 65.0 4.8071 0.0 0.0 -6.126 0.5 996.0 2.5 11.0 70.0 6.8071 0.0 0.0 -8.326 0.42426 991.0 2.2749 9.0 
0.18901 25.57494 60.0 856.0 2.0 58.0 0.0 -2.2929 1.874 0.0 0.42426 998.0 2.2906 10.0 59.0 0.0 -0.1929 0.0 -0.126 0.5 997.0 2.2221 12.0 63.0 1.7071 0.0 0.0 -1.926 0.36056 993.0 2.0269 10.0 70.0 3.3071 0.0 0.0 -2.826 0.31623 987.0 1.9249 9.0 87.0 4.8071 0.0 0.0 -3.126 0.2 975.0 2.0344 8.0 
0.07301 168.87206 85.0 858.0 2.0 44.0 0.9071 0.0 0.0 -1.526 0.1 997.0 1.2359 11.0 47.0 1.2071 0.0 0.0 -0.926 0.14142 995.0 1.2535 10.0 48.0 1.7071 0.0 0.0 -0.326 0.14142 995.0 1.3074 10.0 51.0 2.3071 0.0 0.374 0.0 0.22361 995.0 1.4759 10.0 53.0 2.8071 0.0 1.474 0.0 0.22361 995.0 1.5939 10.0 
0.40866 73.93353 44.0 861.0 2.0 65.0 0.0 -1.8929 3.474 0.0 0.72111 999.0 2.5 14.0 67.0 0.6071 0.0 0.274 0.0 0.56569 997.0 2.5 12.0 69.0 3.2071 0.0 0.0 -1.926 0.5 996.0 2.5 14.0 70.0 5.5071 0.0 0.0 -3.226 0.44721 993.0 2.5 12.0 77.0 7.6071 0.0 0.0 -3.926 0.31623 987.0 2.3291 10.0 
0.09413 80.89962 43.0 866.0 2.0 47.0 0.0 -2.1929 2.274 0.0 0.44721 1000.0 1.7355 22.0 51.0 0.0 -0.6929 0.0 -0.226 0.44721 999.0 1.8976 20.0 58.0 1.2071 0.0 0.0 -2.326 0.5 998.0 2.2906 23.0 71.0 4.0071 0.0 0.0 -4.026 0.63246 996.0 2.5 19.0 81.0 7.6071 0.0 0.0 -5.126 0.70711 994.0 2.5 17.0 
0.211 45.79963 41.0 876.0 2.0 61.0 0.0 -3.5929 2.574 0.0 0.70711 1001.0 2.5 13.0 63.0 0.0 -0.3929 0.0 -0.126 0.72111 1000.0 2.5 16.0 65.0 3.0071 0.0 0.0 -2.426 0.72111 999.0 2.5 15.0 63.0 6.1071 0.0 0.0 -4.326 0.44721 998.0 2.5 13.0 61.0 8.5071 0.0 0.0 -5.626 0.44721 997.0 2.3753 15.0 
0.08763 167.68446 83.0 883.0 2.0 46.0 0.0 -0.2929 0.0 -2.226 0.28284 1000.0 1.6625 19.0 47.0 1.0071 0.0 0.0 -1.126 0.22361 999.0 1.6116 17.0 44.0 2.1071 0.0 0.0 -0.426 0.22361 999.0 1.4124 17.0 43.0 3.2071 0.0 0.074 0.0 0.14142 999.0 1.3489 17.0 43.0 4.2071 0.0 0.674 0.0 0.22361 999.0 1.3489 17.0 
0.40095 38.08876 61.0 898.0 2.0 55.0 0.0 -0.9929 0.0 -0.726 0.2 994.0 1.6261 13.0 65.0 0.1071 0.0 0.0 -0.326 0.22361 989.0 1.798 11.0 71.0 1.4071 0.0 0.274 0.0 0.22361 987.0 1.9803 10.0 75.0 2.8071 0.0 0.874 0.0 0.22361 985.0 2.0519 9.0 79.0 4.2071 0.0 1.574 0.0 0.22361 982.0 2.0563 9.0 
0.2966 46.71062 65.0 8.0 2.0 40.0 0.0 -1.8929 0.374 0.0 0.31623 1001.0 1.3618 22.0 42.0 0.0 -0.1929 0.374 0.0 0.22361 1001.0 1.5014 21.0 44.0 1.3071 0.0 1.174 0.0 0.28284 1000.0 1.5211 20.0 44.0 2.7071 0.0 2.274 0.0 0.28284 1000.0 1.5211 20.0 43.0 4.0071 0.0 3.574 0.0 0.22361 1001.0 1.5738 20.0 
0.2177 59.58399 60.0 903.0 2.0 51.0 0.0 -1.2929 0.0 -0.826 0.22361 996.0 1.5627 15.0 62.0 0.1071 0.0 0.0 -0.526 0.2 992.0 1.8696 12.0 71.0 1.7071 0.0 0.0 -0.626 0.3 988.0 2.0595 10.0 75.0 3.3071 0.0 0.0 -0.626 0.3 985.0 2.0519 10.0 77.0 4.8071 0.0 0.0 -0.326 0.22361 983.0 2.0186 9.0 
0.22354 109.93408 43.0 915.0 2.0 62.0 0.0 -1.3929 4.374 0.0 0.80623 1001.0 2.5 15.0 59.0 0.8071 0.0 0.574 0.0 0.67082 1000.0 2.5 16.0 59.0 3.0071 0.0 0.0 -2.426 0.64031 1000.0 2.5 15.0 62.0 5.4071 0.0 0.0 -4.926 0.56569 998.0 2.5 13.0 65.0 7.7071 0.0 0.0 -7.026 0.5 997.0 2.5 15.0 
0.23446 8.25172 93.0 919.0 2.0 39.0 0.0 -0.3929 0.574 0.0 0.14142 998.0 1.0357 17.0 41.0 0.0071 0.0 0.074 0.0 0.14142 998.0 1.1446 16.0 48.0 0.7071 0.0 0.0 -0.426 0.14142 996.0 1.3843 14.0 51.0 1.5071 0.0 0.0 -1.026 0.1 995.0 1.4759 13.0 52.0 2.3071 0.0 0.0 -1.326 0.2 995.0 1.5343 13.0 
0.33129 30.42421 81.0 91.0 2.0 57.0 0.0 -1.4929 0.574 0.0 0.31623 996.0 1.952 15.0 57.0 0.0071 0.0 0.274 0.0 0.2 994.0 1.7465 13.0 55.0 1.2071 0.0 0.574 0.0 0.22361 994.0 1.6261 13.0 56.0 2.2071 0.0 1.074 0.0 0.22361 994.0 1.6858 12.0 57.0 3.2071 0.0 1.674 0.0 0.22361 993.0 1.6592 12.0 
0.31357 77.04923 44.0 920.0 2.0 65.0 0.0 -1.8929 2.974 0.0 0.64031 996.0 2.5 13.0 68.0 0.5071 0.0 0.474 0.0 0.64031 993.0 2.3614 11.0 74.0 3.0071 0.0 0.0 -1.326 0.5 989.0 2.3304 11.0 83.0 5.4071 0.0 0.0 -2.826 0.36056 986.0 2.5 13.0 94.0 7.4071 0.0 0.0 -3.926 0.31623 975.0 2.375 10.0 
0.4223 8.25172 61.0 925.0 2.0 51.0 0.0 -0.9929 0.0 -0.526 0.14142 996.0 1.5627 14.0 58.0 0.0071 0.0 0.074 0.0 0.22361 993.0 1.7179 12.0 61.0 1.3071 0.0 0.274 0.0 0.3 993.0 1.9003 12.0 63.0 2.8071 0.0 0.474 0.0 0.3 992.0 1.9304 12.0 64.0 4.4071 0.0 0.874 0.0 0.28284 992.0 1.9922 12.0 
0.42022 13.18352 57.0 928.0 2.0 51.0 0.0 -1.8929 0.774 0.0 0.31623 998.0 1.7711 13.0 56.0 0.0 -0.0929 0.074 0.0 0.31623 996.0 1.8841 13.0 64.0 1.7071 0.0 0.0 -0.726 0.31623 993.0 2.0918 12.0 69.0 3.2071 0.0 0.0 -1.526 0.31623 988.0 1.9451 11.0 78.0 4.6071 0.0 0.0 -2.226 0.31623 982.0 2.0045 9.0 
0.15072 72.87608 45.0 930.0 2.0 44.0 0.0 -2.3929 0.874 0.0 0.36056 1001.0 1.6478 16.0 51.0 0.0 -0.3929 0.0 -0.526 0.5 1000.0 2.0435 17.0 59.0 1.9071 0.0 0.0 -2.226 0.44721 998.0 2.3703 17.0 65.0 4.4071 0.0 0.0 -3.326 0.41231 996.0 2.5 14.0 66.0 7.0071 0.0 0.0 -3.726 0.41231 996.0 2.5 14.0 
0.27306 128.67033 40.0 936.0 2.0 74.0 0.0 -1.8929 4.674 0.0 0.9434 999.0 2.5 11.0 69.0 1.0071 0.0 0.574 0.0 0.70711 999.0 2.5 14.0 68.0 3.8071 0.0 0.0 -2.226 0.5831 997.0 2.5 12.0 68.0 6.5071 0.0 0.0 -4.026 0.44721 995.0 2.5 14.0 71.0 8.7071 0.0 0.0 -5.026 0.31623 991.0 2.3403 11.0 
0.57494 25.09838 63.0 939.0 2.0 65.0 0.0 -2.3929 0.774 0.0 0.44721 996.0 2.5 17.0 69.0 0.0071 0.0 0.0 -0.226 0.31623 993.0 2.4314 16.0 71.0 1.8071 0.0 0.0 -0.826 0.31623 989.0 2.1453 14.0 72.0 3.4071 0.0 0.0 -1.326 0.22361 986.0 1.961 13.0 75.0 4.6071 0.0 0.0 -1.726 0.22361 983.0 1.9151 12.0 
0.30364 41.52148 67.0 942.0 2.0 51.0 0.0 -0.4929 0.574 0.0 0.1 990.0 1.155 9.0 60.0 0.0071 0.0 0.374 0.0 0.1 985.0 1.3132 9.0 69.0 0.6071 0.0 0.374 0.0 0.14142 979.0 1.4302 8.0 91.0 1.5071 0.0 0.774 0.0 0.1 967.0 1.8387 8.0 109.0 2.6071 0.0 1.274 0.0 0.2 950.0 1.9262 6.0 
0.08413 87.97802 60.0 944.0 2.0 58.0 0.0 -3.3929 0.974 0.0 0.5831 1000.0 2.5 12.0 56.0 0.0 -0.5929 0.0 -0.526 0.5 999.0 2.2879 15.0 57.0 1.7071 0.0 0.0 -2.026 0.44721 997.0 2.074 13.0 59.0 3.7071 0.0 0.0 -3.426 0.36056 995.0 1.9752 11.0 64.0 5.2071 0.0 0.0 -4.326 0.22361 991.0 1.9016 12.0 
0.39803 18.35579 56.0 967.0 2.0 43.0 0.0 -1.7929 0.0 -0.626 0.4 1002.0 1.7168 19.0 42.0 0.1071 0.0 0.0 -0.126 0.31623 1002.0 1.6379 23.0 45.0 1.9071 0.0 0.474 0.0 0.31623 1001.0 1.7236 20.0 46.0 3.6071 0.0 0.674 0.0 0.2 1000.0 1.6625 18.0 44.0 5.1071 0.0 0.574 0.0 0.2 1000.0 1.5211 18.0 
0.28124 36.19458 68.0 968.0 2.0 55.0 0.0 -1.3929 0.074 0.0 0.22361 994.0 1.6261 10.0 64.0 0.0071 0.0 0.0 -0.326 0.22361 990.0 1.8189 11.0 74.0 1.2071 0.0 0.0 -0.926 0.22361 984.0 1.9286 9.0 75.0 2.4071 0.0 0.0 -1.726 0.22361 983.0 1.9151 9.0 85.0 3.6071 0.0 0.0 -2.426 0.22361 976.0 1.9944 8.0 
0.91249 8.25172 70.0 970.0 2.0 79.0 0.0 -1.8929 0.0 -0.126 0.4 985.0 2.2766 10.0 95.0 0.0071 0.0 0.074 0.0 0.3 972.0 2.2483 7.0 99.0 1.7071 0.0 0.074 0.0 0.3 969.0 2.2751 7.0 93.0 3.3071 0.0 0.074 0.0 0.2 972.0 2.1546 7.0 83.0 4.5071 0.0 0.174 0.0 0.2 978.0 2.0104 8.0 
0.15085 41.06496 63.0 977.0 2.0 44.0 0.0 -1.8929 0.674 0.0 0.31623 999.0 1.4124 11.0 46.0 0.0 -0.2929 0.0 -0.226 0.36056 998.0 1.4408 10.0 53.0 1.4071 0.0 0.0 -1.326 0.36056 996.0 1.6877 9.0 62.0 3.2071 0.0 0.0 -2.726 0.31623 993.0 1.9631 10.0 69.0 4.8071 0.0 0.0 -3.726 0.22361 986.0 1.801 8.0 
0.18634 54.46995 66.0 98.0 2.0 47.0 0.0 -0.9929 1.574 0.0 0.28284 1000.0 1.7355 20.0 49.0 0.4071 0.0 0.274 0.0 0.28284 999.0 1.7517 17.0 49.0 1.5071 0.0 0.0 -0.526 0.22361 997.0 1.5327 15.0 48.0 2.6071 0.0 0.0 -0.926 0.1 997.0 1.4708 15.0 49.0 3.6071 0.0 0.0 -0.826 0.2 997.0 1.5327 15.0 
0.47827 58.39132 63.0 994.0 2.0 74.0 0.0 -1.5929 0.0 -0.026 0.31623 986.0 2.0715 13.0 87.0 0.0071 0.0 0.0 -0.526 0.2 973.0 1.9327 10.0 113.0 1.4071 0.0 0.0 -0.326 0.31623 954.0 2.2105 10.0 128.0 2.9071 0.0 0.274 0.0 0.22361 940.0 2.2924 8.0 130.0 4.3071 0.0 0.774 0.0 0.31623 938.0 2.3015 8.0 
0.07835 67.28161 81.0 2523.0 3.0 68.0 0.0 -2.9929 4.374 0.0 0.80623 999.0 2.5 15.0 70.0 0.0 -0.5929 0.0 -0.126 0.80623 998.0 2.5 14.0 70.0 1.8071 0.0 0.0 -3.926 0.72111 995.0 2.5 12.0 73.0 4.1071 0.0 0.0 -7.226 0.5831 993.0 2.5 12.0 82.0 6.2071 0.0 0.0 -10.126 0.56569 988.0 2.5 11.0 
0.03343 263.87963 102.0 744.0 3.0 46.0 1.1071 0.0 3.974 0.0 0.53852 1000.0 1.6625 13.0 46.0 2.0071 0.0 1.274 0.0 0.36056 999.0 1.5437 12.0 46.0 3.0071 0.0 0.0 -0.926 0.31623 998.0 1.4408 11.0 48.0 4.0071 0.0 0.0 -2.826 0.36056 998.0 1.5688 14.0 54.0 5.1071 0.0 0.0 -4.626 0.36056 995.0 1.6546 12.0 
0.03283 234.34953 131.0 113.0 3.0 47.0 0.2071 0.0 3.274 0.0 0.44721 1001.0 1.8802 16.0 45.0 1.4071 0.0 1.574 0.0 0.28284 1000.0 1.591 14.0 43.0 2.3071 0.0 0.474 0.0 0.22361 999.0 1.3489 13.0 42.0 3.0071 0.0 0.0 -0.226 0.14142 998.0 1.2011 12.0 43.0 3.6071 0.0 0.0 -0.626 0.1 997.0 1.1803 11.0 
0.38096 36.19458 114.0 2316.0 3.0 40.0 0.0 -0.5929 0.0 -0.626 0.1 995.0 1.0 12.0 48.0 0.0071 0.0 0.0 -0.326 0.2 992.0 1.1206 10.0 60.0 0.8071 0.0 0.074 0.0 0.1 987.0 1.4142 11.0 79.0 1.8071 0.0 0.574 0.0 0.2 979.0 1.8748 11.0 100.0 3.1071 0.0 1.174 0.0 0.22361 966.0 2.1731 9.0 
0.0922 156.27706 97.0 1532.0 3.0 57.0 0.0 -1.4929 1.574 0.0 0.3 994.0 1.7465 11.0 62.0 0.3071 0.0 1.374 0.0 0.3 993.0 1.9631 11.0 72.0 2.1071 0.0 1.074 0.0 0.31623 988.0 2.1179 10.0 82.0 3.9071 0.0 0.874 0.0 0.3 982.0 2.2154 9.0 85.0 5.8071 0.0 1.074 0.0 0.31623 981.0 2.3061 9.0 
0.09775 141.25405 101.0 2976.0 3.0 45.0 0.0 -2.5929 0.174 0.0 0.42426 1001.0 1.7236 16.0 50.0 0.0 -0.5929 0.0 -1.126 0.44721 1000.0 1.9642 17.0 55.0 1.5071 0.0 0.0 -1.926 0.31623 998.0 2.0598 16.0 54.0 3.3071 0.0 0.0 -2.326 0.31623 997.0 1.8615 15.0 54.0 4.9071 0.0 0.0 -2.326 0.3 997.0 1.8615 15.0 
0.12424 140.40892 94.0 1454.0 3.0 62.0 0.0 -1.3929 2.774 0.0 0.5 998.0 2.5 16.0 68.0 0.8071 0.0 0.974 0.0 0.5 994.0 2.4857 13.0 71.0 2.9071 0.0 0.0 -0.526 0.36056 992.0 2.4518 11.0 74.0 4.8071 0.0 0.0 -1.626 0.31623 990.0 2.4318 11.0 69.0 6.7071 0.0 0.0 -2.326 0.41231 992.0 2.3156 11.0 
0.13738 119.15354 87.0 768.0 3.0 52.0 0.0 -0.7929 3.774 0.0 0.5831 1001.0 2.3015 13.0 54.0 0.9071 0.0 0.574 0.0 0.67082 1001.0 2.4819 17.0 57.0 2.8071 0.0 0.0 -2.626 0.5831 1000.0 2.5 15.0 62.0 4.7071 0.0 0.0 -5.626 0.64031 998.0 2.5 13.0 68.0 6.9071 0.0 0.0 -8.426 0.64031 997.0 2.5 15.0 
0.21252 134.51288 93.0 1983.0 3.0 62.0 0.0 -1.0929 4.174 0.0 0.67082 999.0 2.5 15.0 63.0 1.0071 0.0 0.674 0.0 0.5831 998.0 2.5 14.0 64.0 3.0071 0.0 0.0 -2.426 0.64031 996.0 2.4609 12.0 67.0 5.1071 0.0 0.0 -5.026 0.5 994.0 2.4131 14.0 75.0 7.2071 0.0 0.0 -7.026 0.42426 989.0 2.3938 12.0 
0.11452 163.42753 93.0 1708.0 3.0 71.0 0.0 -1.2929 4.074 0.0 0.64031 996.0 2.5 14.0 81.0 1.0071 0.0 1.074 0.0 0.64031 992.0 2.5 12.0 85.0 3.7071 0.0 0.0 -1.126 0.44721 989.0 2.5 10.0 77.0 6.0071 0.0 0.0 -2.626 0.36056 989.0 2.5 11.0 66.0 7.6071 0.0 0.0 -3.826 0.28284 991.0 2.0223 11.0 
0.08172 202.60424 104.0 492.0 3.0 60.0 0.0 -0.7929 3.174 0.0 0.5 999.0 2.5 17.0 58.0 1.3071 0.0 1.274 0.0 0.42426 998.0 2.2906 16.0 53.0 3.0071 0.0 0.0 -0.226 0.28284 998.0 1.9127 16.0 50.0 4.3071 0.0 0.0 -1.326 0.22361 998.0 1.7023 16.0 49.0 5.5071 0.0 0.0 -2.226 0.28284 998.0 1.6349 16.0 
0.13622 165.42227 94.0 2050.0 3.0 58.0 0.0 -1.6929 2.774 0.0 0.5831 1001.0 2.5 17.0 57.0 1.2071 0.0 0.874 0.0 0.5 1000.0 2.5 15.0 57.0 3.5071 0.0 0.0 -1.126 0.5 999.0 2.3703 18.0 58.0 5.4071 0.0 0.0 -2.926 0.42426 997.0 2.1474 16.0 59.0 7.1071 0.0 0.0 -4.726 0.42426 997.0 2.2221 15.0 
0.21173 133.60022 89.0 840.0 3.0 68.0 0.0 -2.1929 4.474 0.0 0.78102 1000.0 2.5 12.0 63.0 0.7071 0.0 0.974 0.0 0.70711 1000.0 2.5 16.0 64.0 3.5071 0.0 0.0 -1.926 0.56569 999.0 2.5 14.0 65.0 6.0071 0.0 0.0 -4.526 0.56569 997.0 2.5 12.0 69.0 8.5071 0.0 0.0 -6.626 0.5 995.0 2.5 14.0 
0.12229 161.73528 93.0 1217.0 3.0 80.0 0.0 -1.7929 3.274 0.0 0.5 989.0 2.5 12.0 78.0 0.7071 0.0 1.274 0.0 0.5 989.0 2.5 11.0 92.0 3.1071 0.0 0.0 -0.426 0.44721 981.0 2.5 11.0 108.0 5.4071 0.0 0.0 -1.626 0.36056 966.0 2.5 9.0 127.0 7.3071 0.0 0.0 -2.526 0.31623 943.0 2.3534 7.0 
0.18347 159.06755 92.0 2959.0 3.0 56.0 0.0 -2.6929 2.774 0.0 0.53852 1002.0 2.5 24.0 57.0 0.4071 0.0 1.374 0.0 0.53852 1001.0 2.5 21.0 56.0 3.1071 0.0 0.274 0.0 0.44721 1000.0 2.4639 19.0 53.0 5.4071 0.0 0.0 -0.526 0.41231 1000.0 2.207 18.0 51.0 7.6071 0.0 0.0 -0.926 0.3 1000.0 2.0435 18.0 
0.05701 261.84348 143.0 2613.0 3.0 36.0 0.0 -1.5929 0.0 -2.326 0.2 1001.0 1.1031 24.0 36.0 0.0 -0.3929 0.0 -2.326 0.22361 1000.0 1.0182 22.0 37.0 0.6071 0.0 0.0 -2.426 0.1 999.0 1.0 22.0 42.0 1.3071 0.0 0.0 -2.426 0.1 998.0 1.2011 21.0 42.0 2.0071 0.0 0.0 -2.426 0.1 997.0 1.1261 20.0 
0.21102 24.41152 107.0 544.0 3.0 50.0 0.0 -0.6929 2.874 0.0 0.60828 1000.0 1.9642 16.0 48.0 0.2071 0.0 0.074 0.0 0.5099 999.0 1.6809 15.0 48.0 1.2071 0.0 0.0 -2.126 0.44721 998.0 1.5688 14.0 50.0 2.4071 0.0 0.0 -3.726 0.28284 996.0 1.502 12.0 55.0 3.6071 0.0 0.0 -4.926 0.22361 994.0 1.6261 14.0 
0.08862 62.59715 79.0 1444.0 3.0 70.0 0.0 -2.1929 5.674 0.0 0.92195 999.0 2.5 12.0 70.0 0.0 -0.4929 0.274 0.0 0.98489 999.0 2.5 13.0 68.0 1.5071 0.0 0.0 -4.326 0.80623 998.0 2.5 14.0 69.0 3.7071 0.0 0.0 -7.826 0.72111 995.0 2.5 12.0 72.0 5.8071 0.0 0.0 -10.926 0.5831 992.0 2.5 12.0 
0.33768 109.18961 98.0 1061.0 3.0 69.0 0.0 -2.2929 4.074 0.0 0.78102 999.0 2.5 19.0 68.0 0.6071 0.0 0.774 0.0 0.64031 998.0 2.5 17.0 65.0 3.0071 0.0 0.0 -1.626 0.56569 995.0 2.3974 15.0 68.0 4.9071 0.0 0.0 -3.426 0.36056 992.0 2.249 16.0 72.0 6.4071 0.0 0.0 -4.626 0.31623 988.0 2.1179 13.0 
0.10517 124.12592 98.0 2270.0 3.0 48.0 0.0 -0.6929 2.474 0.0 0.36056 1000.0 1.8102 14.0 54.0 0.8071 0.0 0.774 0.0 0.28284 998.0 1.9855 12.0 58.0 2.4071 0.0 0.0 -0.626 0.36056 997.0 2.1474 11.0 60.0 4.2071 0.0 0.0 -1.926 0.31623 996.0 2.1629 10.0 57.0 6.0071 0.0 0.0 -2.826 0.2 997.0 2.074 11.0 
0.31402 63.97938 105.0 2373.0 3.0 64.0 0.0 -1.0929 1.674 0.0 0.36056 993.0 2.0918 16.0 70.0 0.5071 0.0 0.274 0.0 0.36056 990.0 2.176 14.0 76.0 2.2071 0.0 0.0 -0.826 0.28284 986.0 2.185 13.0 81.0 3.7071 0.0 0.0 -1.726 0.3 981.0 2.0941 11.0 85.0 5.1071 0.0 0.0 -2.026 0.3 974.0 1.8922 8.0 
0.39759 140.40892 86.0 877.0 3.0 96.0 0.0 -2.6929 4.574 0.0 0.92195 989.0 2.5 12.0 96.0 0.8071 0.0 0.974 0.0 0.72111 986.0 2.5 11.0 108.0 4.2071 0.0 0.0 -1.226 0.53852 976.0 2.5 10.0 120.0 7.1071 0.0 0.0 -2.526 0.53852 961.0 2.5 8.0 118.0 9.5071 0.0 0.0 -3.526 0.31623 957.0 2.5 8.0 
0.42014 43.18263 95.0 1622.0 3.0 62.0 0.0 -2.0929 3.374 0.0 0.67082 1000.0 2.5 21.0 58.0 0.1071 0.0 0.374 0.0 0.5 999.0 2.4542 19.0 56.0 2.2071 0.0 0.0 -1.726 0.5 998.0 2.1353 18.0 60.0 4.3071 0.0 0.0 -3.226 0.44721 997.0 2.2981 20.0 65.0 6.4071 0.0 0.0 -4.226 0.36056 994.0 2.2712 17.0 
0.04312 135.31835 95.0 871.0 3.0 52.0 0.0 -2.5929 0.974 0.0 0.42426 999.0 1.9727 14.0 56.0 0.0 -0.7929 0.0 -0.926 0.42426 997.0 2.0019 12.0 64.0 1.4071 0.0 0.0 -2.226 0.31623 995.0 2.3242 12.0 77.0 3.8071 0.0 0.0 -2.926 0.44721 990.0 2.5 11.0 86.0 6.3071 0.0 0.0 -3.726 0.41231 984.0 2.5 9.0 
0.11499 109.93408 301.0 727.0 3.0 48.0 0.0 -0.1929 2.674 0.0 0.44721 998.0 1.5688 14.0 49.0 0.8071 0.0 0.574 0.0 0.36056 997.0 1.5327 13.0 51.0 1.9071 0.0 0.0 -1.026 0.31623 995.0 1.4759 12.0 54.0 3.0071 0.0 0.0 -2.326 0.28284 994.0 1.5675 14.0 65.0 4.3071 0.0 0.0 -3.426 0.28284 989.0 1.798 11.0 
0.08939 134.51288 99.0 761.0 3.0 48.0 0.0 -0.3929 2.974 0.0 0.44721 1000.0 1.8102 16.0 50.0 1.0071 0.0 0.674 0.0 0.36056 999.0 1.8239 14.0 52.0 2.4071 0.0 0.0 -1.226 0.42426 998.0 1.8412 13.0 57.0 3.9071 0.0 0.0 -2.726 0.36056 996.0 1.952 14.0 66.0 5.5071 0.0 0.0 -3.826 0.31623 992.0 2.1186 12.0 
0.05416 104.04475 100.0 1973.0 3.0 53.0 0.0 -2.6929 0.874 0.0 0.5 999.0 2.0493 11.0 52.0 0.0 -0.5929 0.0 -0.726 0.5 997.0 1.7261 10.0 54.0 1.3071 0.0 0.0 -1.926 0.36056 996.0 1.752 12.0 58.0 3.1071 0.0 0.0 -2.826 0.22361 993.0 1.7179 10.0 68.0 4.8071 0.0 0.0 -3.626 0.31623 989.0 1.9678 10.0 
0.06899 233.9059 118.0 1558.0 3.0 34.0 2.2071 0.0 0.374 0.0 0.1 998.0 1.0 13.0 38.0 2.1071 0.0 0.0 -0.026 0.1 996.0 1.0 12.0 48.0 2.2071 0.0 0.0 -0.626 0.22361 994.0 1.2385 13.0 56.0 2.7071 0.0 0.0 -1.426 0.14142 991.0 1.4559 12.0 60.0 3.4071 0.0 0.0 -2.026 0.22361 990.0 1.5987 11.0 
0.53405 2.99167 96.0 1223.0 3.0 49.0 0.0 -2.1929 0.0 -0.426 0.41231 1000.0 1.8864 19.0 57.0 0.0071 0.0 0.0 -0.026 0.41231 998.0 2.2123 16.0 58.0 2.1071 0.0 0.374 0.0 0.4 997.0 2.1474 15.0 59.0 4.1071 0.0 0.474 0.0 0.3 996.0 2.0914 14.0 58.0 6.1071 0.0 0.474 0.0 0.3 997.0 2.1474 15.0 
0.07224 148.01451 97.0 1371.0 3.0 57.0 0.0 -1.5929 3.074 0.0 0.56569 1001.0 2.5 17.0 55.0 1.0071 0.0 0.874 0.0 0.42426 1000.0 2.3767 15.0 54.0 3.0071 0.0 0.0 -0.926 0.36056 999.0 2.1274 18.0 57.0 4.8071 0.0 0.0 -2.426 0.42426 997.0 2.074 15.0 58.0 6.4071 0.0 0.0 -4.026 0.36056 996.0 2.0211 15.0 
0.11905 121.88924 98.0 1625.0 3.0 50.0 0.0 -1.3929 2.174 0.0 0.36056 998.0 1.7023 14.0 51.0 0.5071 0.0 0.974 0.0 0.36056 997.0 1.6604 13.0 56.0 2.4071 0.0 0.0 -0.126 0.36056 996.0 1.8841 16.0 62.0 4.3071 0.0 0.0 -0.926 0.36056 993.0 1.9631 13.0 69.0 6.0071 0.0 0.0 -1.626 0.3 990.0 2.1142 14.0 
0.07081 169.80266 100.0 1992.0 3.0 67.0 0.0 -3.1929 0.0 -1.426 0.6 999.0 2.5 14.0 64.0 0.1071 0.0 0.0 -1.526 0.41231 997.0 2.5 16.0 68.0 2.6071 0.0 0.0 -1.826 0.3 993.0 2.3614 12.0 64.0 4.6071 0.0 0.0 -1.926 0.3 993.0 2.0918 12.0 63.0 6.1071 0.0 0.0 -1.626 0.31623 992.0 1.9304 12.0 
0.81214 14.4498 89.0 2484.0 3.0 76.0 0.0 -3.3929 2.774 0.0 0.70711 995.0 2.5 16.0 81.0 0.1071 0.0 0.074 0.0 0.67082 993.0 2.5 18.0 81.0 3.5071 0.0 0.0 -1.726 0.5831 991.0 2.5 18.0 88.0 6.2071 0.0 0.0 -3.226 0.53852 985.0 2.5 16.0 95.0 8.7071 0.0 0.0 -4.326 0.44721 978.0 2.5 13.0 
0.09334 191.44351 126.0 2667.0 3.0 48.0 0.8071 0.0 0.0 -2.426 0.31623 998.0 1.5688 17.0 52.0 1.6071 0.0 0.0 -0.626 0.31623 997.0 1.7261 15.0 51.0 2.3071 0.0 0.974 0.0 0.22361 996.0 1.5627 15.0 49.0 2.8071 0.0 2.174 0.0 0.14142 996.0 1.4425 14.0 49.0 3.2071 0.0 3.074 0.0 0.14142 995.0 1.3624 14.0 
0.15368 164.681 95.0 1133.0 3.0 94.0 0.0 -1.7929 3.474 0.0 0.70711 984.0 2.5 10.0 95.0 0.9071 0.0 1.174 0.0 0.5 979.0 2.5 8.0 120.0 3.3071 0.0 0.0 -0.726 0.5 956.0 2.5 6.0 142.0 5.4071 0.0 0.0 -2.326 0.5 931.0 2.5 5.0 122.0 7.2071 0.0 0.0 -3.626 0.28284 948.0 2.3388 6.0 
0.18181 99.7004 101.0 345.0 3.0 56.0 0.0 -2.1929 2.274 0.0 0.44721 1000.0 2.4639 16.0 52.0 0.2071 0.0 0.874 0.0 0.41231 999.0 1.9727 15.0 53.0 2.3071 0.0 0.274 0.0 0.31623 998.0 1.9127 16.0 56.0 4.1071 0.0 0.0 -0.026 0.31623 996.0 1.8841 14.0 57.0 5.7071 0.0 0.0 -0.326 0.2 995.0 1.8436 13.0 
0.01816 136.53119 91.0 618.0 3.0 62.0 0.0 -3.6929 3.374 0.0 0.80623 1000.0 2.5 12.0 67.0 0.0 -0.9929 0.0 -0.726 0.86023 999.0 2.5 11.0 67.0 2.0071 0.0 0.0 -4.126 0.64031 999.0 2.5 14.0 66.0 5.0071 0.0 0.0 -6.026 0.44721 996.0 2.5 12.0 70.0 7.5071 0.0 0.0 -7.326 0.5 992.0 2.3832 10.0 
0.05452 197.99881 102.0 566.0 3.0 49.0 0.7071 0.0 2.474 0.0 0.36056 997.0 1.5327 12.0 56.0 1.6071 0.0 0.774 0.0 0.28284 995.0 1.7795 14.0 63.0 2.8071 0.0 0.0 -0.626 0.22361 992.0 1.9304 12.0 70.0 4.2071 0.0 0.0 -1.626 0.28284 988.0 2.0019 10.0 76.0 5.5071 0.0 0.0 -2.426 0.28284 983.0 1.9665 9.0 
0.09069 121.88924 103.0 2927.0 3.0 48.0 0.0 -0.3929 1.974 0.0 0.28284 996.0 1.3843 11.0 56.0 0.5071 0.0 0.974 0.0 0.22361 993.0 1.6015 13.0 66.0 1.5071 0.0 0.274 0.0 0.22361 988.0 1.7796 10.0 77.0 2.9071 0.0 0.0 -0.126 0.2 983.0 2.0186 9.0 91.0 4.5071 0.0 0.0 -0.026 0.3 975.0 2.2258 8.0 
0.13463 92.73958 99.0 2739.0 3.0 44.0 0.0 -0.9929 2.474 0.0 0.42426 1000.0 1.5211 16.0 49.0 0.6071 0.0 0.574 0.0 0.42426 1000.0 1.8864 15.0 52.0 2.5071 0.0 0.0 -1.226 0.36056 999.0 1.9727 14.0 54.0 4.4071 0.0 0.0 -2.726 0.42426 998.0 1.9855 13.0 58.0 6.1071 0.0 0.0 -4.326 0.36056 995.0 1.9088 11.0 
0.1564 23.16855 149.0 445.0 3.0 40.0 0.0 -0.0929 1.474 0.0 0.2 999.0 1.1673 11.0 38.0 0.2071 0.0 0.0 -0.026 0.22361 999.0 1.0535 11.0 38.0 0.5071 0.0 0.0 -1.226 0.14142 997.0 1.0 10.0 41.0 0.8071 0.0 0.0 -1.926 0.1 996.0 1.01 11.0 46.0 1.1071 0.0 0.0 -2.326 0.1 992.0 1.0292 10.0 
0.08519 191.22972 98.0 318.0 3.0 43.0 0.0 -1.2929 2.174 0.0 0.31623 1001.0 1.5738 22.0 45.0 0.4071 0.0 1.674 0.0 0.31623 1000.0 1.591 19.0 48.0 1.9071 0.0 1.174 0.0 0.22361 999.0 1.6809 17.0 49.0 3.3071 0.0 0.574 0.0 0.22361 998.0 1.6349 16.0 49.0 4.6071 0.0 0.0 -0.026 0.22361 998.0 1.6349 16.0 
0.1678 162.56959 92.0 2663.0 3.0 59.0 0.0 -2.0929 2.874 0.0 0.5831 999.0 2.5 18.0 62.0 0.5071 0.0 1.374 0.0 0.44721 998.0 2.5 16.0 63.0 2.8071 0.0 0.174 0.0 0.41231 996.0 2.3846 14.0 64.0 5.1071 0.0 0.0 -0.926 0.44721 996.0 2.4609 14.0 63.0 7.3071 0.0 0.0 -2.026 0.44721 996.0 2.3846 14.0 
0.01913 216.78804 95.0 2723.0 3.0 62.0 0.0 -3.4929 0.074 0.0 0.64031 1000.0 2.5 16.0 57.0 0.0 -0.6929 0.0 -1.826 0.44721 999.0 2.3703 14.0 57.0 1.7071 0.0 0.0 -2.726 0.41231 997.0 2.074 13.0 64.0 4.1071 0.0 0.0 -3.126 0.4 995.0 2.3242 14.0 70.0 6.4071 0.0 0.0 -3.226 0.4 992.0 2.3832 12.0 
0.17155 132.32608 89.0 1801.0 3.0 59.0 0.0 -2.2929 1.974 0.0 0.44721 997.0 2.2221 17.0 62.0 0.2071 0.0 1.174 0.0 0.41231 995.0 2.1812 15.0 72.0 2.7071 0.0 0.774 0.0 0.4 992.0 2.5 16.0 84.0 5.5071 0.0 0.674 0.0 0.5 988.0 2.5 13.0 91.0 8.3071 0.0 0.774 0.0 0.5 983.0 2.5 12.0 
0.25038 112.08947 87.0 189.0 3.0 63.0 0.0 -0.2929 4.674 0.0 0.82462 1000.0 2.5 11.0 62.0 1.0071 0.0 0.074 0.0 0.72801 999.0 2.5 11.0 60.0 2.7071 0.0 0.0 -3.426 0.64031 998.0 2.4513 12.0 61.0 4.7071 0.0 0.0 -6.026 0.5 997.0 2.3753 12.0 66.0 6.6071 0.0 0.0 -8.126 0.42426 993.0 2.2245 10.0 
0.15631 69.94114 101.0 1954.0 3.0 53.0 0.0 -1.5929 2.774 0.0 0.56569 1001.0 2.3909 18.0 51.0 0.5071 0.0 0.374 0.0 0.56569 1001.0 2.2138 17.0 51.0 2.5071 0.0 0.0 -1.726 0.42426 1000.0 2.0435 15.0 52.0 4.2071 0.0 0.0 -3.626 0.42426 999.0 1.9727 14.0 54.0 5.8071 0.0 0.0 -5.126 0.28284 997.0 1.8615 14.0 
0.07351 223.86987 96.0 2542.0 3.0 48.0 0.3071 0.0 3.074 0.0 0.36056 998.0 1.5688 20.0 51.0 1.7071 0.0 1.074 0.0 0.42426 997.0 1.6604 21.0 53.0 3.2071 0.0 0.0 -0.426 0.42426 996.0 1.6877 21.0 57.0 4.7071 0.0 0.0 -1.726 0.28284 994.0 1.7465 18.0 62.0 6.3071 0.0 0.0 -3.126 0.28284 992.0 1.8696 17.0 
0.12252 183.55744 97.0 2493.0 3.0 60.0 0.0 -2.2929 1.574 0.0 0.4 998.0 2.4513 13.0 62.0 0.5071 0.0 1.574 0.0 0.5 997.0 2.4538 12.0 66.0 3.0071 0.0 1.074 0.0 0.36056 994.0 2.3416 13.0 71.0 4.9071 0.0 0.074 0.0 0.31623 990.0 2.2386 11.0 73.0 6.5071 0.0 0.0 -0.926 0.22361 988.0 2.1772 10.0 
0.42137 54.46995 94.0 1619.0 3.0 67.0 0.0 -2.6929 3.274 0.0 0.78102 998.0 2.5 11.0 66.0 0.4071 0.0 0.274 0.0 0.56569 997.0 2.5 14.0 64.0 2.9071 0.0 0.0 -2.326 0.5 995.0 2.3242 12.0 66.0 5.0071 0.0 0.0 -4.326 0.5 991.0 2.0223 10.0 73.0 6.9071 0.0 0.0 -5.926 0.36056 987.0 2.0934 11.0 
0.09738 176.35404 104.0 1895.0 3.0 31.0 0.0 -1.4929 1.074 0.0 0.2 1001.0 1.0 18.0 35.0 0.0 -0.5929 1.474 0.0 0.22361 1001.0 1.0427 21.0 43.0 0.6071 0.0 1.874 0.0 0.3 1000.0 1.4527 18.0 49.0 2.1071 0.0 1.974 0.0 0.2 998.0 1.6349 16.0 52.0 3.7071 0.0 2.074 0.0 0.3 998.0 1.8412 16.0 
0.02599 199.42677 104.0 1059.0 3.0 66.0 0.0 -4.1929 0.474 0.0 0.72111 999.0 2.5 12.0 64.0 0.0 -1.0929 0.0 -1.426 0.5831 997.0 2.5 12.0 65.0 1.4071 0.0 0.0 -2.726 0.44721 994.0 2.2712 10.0 72.0 3.5071 0.0 0.0 -3.526 0.41231 990.0 2.3021 11.0 83.0 5.3071 0.0 0.0 -3.926 0.3 980.0 2.1322 9.0 
0.54412 33.53347 91.0 2448.0 3.0 62.0 0.0 -3.5929 1.374 0.0 0.63246 999.0 2.5 11.0 63.0 0.0 -0.2929 0.074 0.0 0.67082 999.0 2.5 14.0 63.0 2.6071 0.0 0.0 -1.326 0.53852 997.0 2.5 12.0 66.0 5.2071 0.0 0.0 -2.226 0.5099 995.0 2.4717 12.0 72.0 7.6071 0.0 0.0 -2.626 0.4 991.0 2.4067 12.0 
0.07389 157.58194 96.0 1466.0 3.0 51.0 0.0 -1.5929 0.0 -1.726 0.31623 999.0 1.8976 10.0 55.0 0.5071 0.0 0.0 -1.326 0.31623 997.0 1.931 10.0 63.0 2.5071 0.0 0.0 -0.726 0.41231 994.0 2.1336 10.0 70.0 4.5071 0.0 0.0 -0.326 0.3 990.0 2.176 8.0 75.0 6.4071 0.0 0.0 -0.226 0.3 987.0 2.2097 7.0 
0.16856 111.82535 82.0 57.0 3.0 53.0 0.2071 0.0 3.574 0.0 0.63246 999.0 2.0493 12.0 54.0 1.0071 0.0 0.0 -0.026 0.60828 998.0 1.9855 11.0 55.0 1.8071 0.0 0.0 -3.326 0.53852 998.0 2.0598 14.0 58.0 2.9071 0.0 0.0 -6.326 0.44721 996.0 2.0211 12.0 62.0 4.3071 0.0 0.0 -8.626 0.42426 993.0 1.9631 11.0 
0.04059 220.67588 101.0 2931.0 3.0 63.0 0.0 -3.0929 0.0 -1.026 0.53852 997.0 2.5 12.0 66.0 0.0 -0.4929 0.0 -1.926 0.44721 994.0 2.3416 10.0 79.0 1.7071 0.0 0.0 -2.326 0.3 986.0 2.3609 10.0 75.0 3.4071 0.0 0.0 -2.126 0.22361 987.0 2.2097 10.0 78.0 5.0071 0.0 0.0 -1.326 0.28284 985.0 2.2193 9.0 
0.29944 28.83574 263.0 1314.0 3.0 64.0 0.0 -3.0929 3.774 0.0 0.78102 1001.0 2.5 18.0 61.0 0.0 -0.1929 0.174 0.0 0.70711 1001.0 2.5 17.0 58.0 2.5071 0.0 0.0 -2.626 0.56569 1000.0 2.5 15.0 55.0 4.7071 0.0 0.0 -4.726 0.36056 999.0 2.2069 18.0 57.0 6.6071 0.0 0.0 -6.026 0.36056 997.0 2.074 15.0 
0.05812 123.87851 114.0 2574.0 3.0 42.0 0.0 -1.9929 2.074 0.0 0.41231 1000.0 1.3859 13.0 44.0 0.0 -1.0929 0.0 -0.226 0.41231 1000.0 1.5211 16.0 48.0 0.0071 0.0 0.0 -2.426 0.42426 998.0 1.5688 15.0 51.0 1.5071 0.0 0.0 -4.226 0.36056 997.0 1.6604 13.0 54.0 3.1071 0.0 0.0 -5.426 0.36056 995.0 1.6546 13.0 
0.18215 77.04923 356.0 43.0 3.0 66.0 0.0 -1.3929 4.574 0.0 0.89443 1000.0 2.5 11.0 60.0 0.5071 0.0 0.474 0.0 0.72801 999.0 2.5 11.0 57.0 2.1071 0.0 0.0 -2.926 0.5831 998.0 2.2123 10.0 58.0 3.7071 0.0 0.0 -5.826 0.5 998.0 2.2906 13.0 60.0 5.3071 0.0 0.0 -7.926 0.42426 995.0 2.0427 11.0 
0.05806 227.64058 100.0 197.0 3.0 49.0 0.1071 0.0 3.474 0.0 0.5 1000.0 1.8864 16.0 48.0 1.6071 0.0 1.274 0.0 0.42426 1000.0 1.8102 20.0 50.0 3.1071 0.0 0.0 -0.426 0.36056 999.0 1.8239 18.0 51.0 4.4071 0.0 0.0 -2.026 0.28284 998.0 1.7711 17.0 51.0 5.7071 0.0 0.0 -3.426 0.36056 998.0 1.7711 17.0 
0.31192 94.52394 97.0 482.0 3.0 67.0 0.0 -2.2929 0.0 -2.026 0.5099 996.0 2.5 15.0 72.0 0.2071 0.0 0.0 -0.826 0.44721 992.0 2.5 12.0 72.0 2.3071 0.0 0.174 0.0 0.31623 991.0 2.4067 11.0 69.0 4.2071 0.0 0.674 0.0 0.31623 991.0 2.2103 11.0 66.0 6.1071 0.0 1.174 0.0 0.31623 992.0 2.1186 12.0 
0.18699 181.46604 96.0 2043.0 3.0 70.0 0.0 -1.4929 2.574 0.0 0.44721 991.0 2.2749 12.0 83.0 0.7071 0.0 1.474 0.0 0.44721 985.0 2.5 12.0 93.0 2.8071 0.0 0.474 0.0 0.31623 977.0 2.4538 10.0 98.0 4.6071 0.0 0.0 -0.326 0.31623 971.0 2.3355 9.0 106.0 6.4071 0.0 0.0 -1.026 0.31623 964.0 2.3421 8.0 
0.03475 193.3831 99.0 808.0 3.0 49.0 0.4071 0.0 2.874 0.0 0.36056 998.0 1.6349 15.0 58.0 1.5071 0.0 0.874 0.0 0.36056 996.0 2.0211 14.0 62.0 2.9071 0.0 0.0 -0.626 0.28284 994.0 2.0664 13.0 63.0 4.5071 0.0 0.0 -1.426 0.22361 993.0 2.0269 12.0 63.0 6.1071 0.0 0.0 -1.426 0.22361 993.0 2.0269 12.0 
0.13626 98.73925 113.0 291.0 3.0 50.0 0.0 -0.5929 2.574 0.0 0.44721 1000.0 1.9642 12.0 46.0 0.8071 0.0 0.374 0.0 0.36056 1000.0 1.6625 16.0 46.0 2.1071 0.0 0.0 -1.326 0.28284 999.0 1.5437 14.0 47.0 3.3071 0.0 0.0 -2.426 0.28284 998.0 1.5041 13.0 51.0 4.5071 0.0 0.0 -3.326 0.22361 996.0 1.5627 15.0 
0.6749 30.42421 91.0 1842.0 3.0 61.0 0.0 -2.9929 0.0 -0.626 0.5099 996.0 2.2356 12.0 78.0 0.0071 0.0 0.274 0.0 0.44721 992.0 2.5 12.0 81.0 2.8071 0.0 1.674 0.0 0.44721 991.0 2.5 11.0 81.0 5.4071 0.0 2.774 0.0 0.5099 989.0 2.5 10.0 78.0 7.9071 0.0 3.274 0.0 0.41231 989.0 2.5 11.0 
0.09423 116.36837 100.0 2103.0 3.0 52.0 0.0 -0.9929 2.274 0.0 0.42426 998.0 1.8412 13.0 54.0 0.7071 0.0 0.774 0.0 0.42426 996.0 1.752 12.0 61.0 2.4071 0.0 0.0 -0.426 0.28284 994.0 2.0003 13.0 68.0 4.0071 0.0 0.0 -1.326 0.36056 990.0 2.0534 11.0 74.0 5.5071 0.0 0.0 -2.026 0.31623 986.0 2.0715 10.0 
0.1494 27.12273 81.0 1016.0 3.0 58.0 0.0 -2.0929 3.374 0.0 0.67082 1000.0 2.5 13.0 57.0 0.0 -0.0929 0.0 -0.226 0.63246 999.0 2.3703 12.0 57.0 1.4071 0.0 0.0 -3.726 0.63246 998.0 2.2123 15.0 60.0 2.7071 0.0 0.0 -6.926 0.5831 997.0 2.2981 13.0 62.0 4.1071 0.0 0.0 -9.726 0.5 994.0 2.0664 11.0 
0.09134 203.03434 60.0 693.0 3.0 51.0 0.0 -2.3929 0.0 -1.326 0.41231 1001.0 2.2138 16.0 54.0 0.1071 0.0 0.0 -1.826 0.41231 1000.0 2.291 18.0 58.0 2.4071 0.0 0.0 -1.926 0.41231 998.0 2.2906 16.0 56.0 4.4071 0.0 0.0 -0.926 0.36056 998.0 2.1353 16.0 53.0 6.0071 0.0 0.574 0.0 0.42426 999.0 2.0493 17.0 
0.08516 93.11877 127.0 1451.0 3.0 27.0 0.0 -1.1929 0.0 -0.226 0.1 1000.0 1.0 12.0 34.0 0.0 -0.7929 0.274 0.0 0.1 999.0 1.0 10.0 38.0 0.0 -0.3929 1.074 0.0 0.14142 998.0 1.0 9.0 40.0 0.1071 0.0 1.874 0.0 0.14142 997.0 1.0214 9.0 42.0 0.7071 0.0 2.574 0.0 0.14142 997.0 1.1261 8.0 
0.05511 159.16666 105.0 1037.0 3.0 58.0 0.0 -0.8929 3.674 0.0 0.64031 1001.0 2.5 12.0 55.0 1.2071 0.0 0.774 0.0 0.56569 1000.0 2.3767 11.0 53.0 3.1071 0.0 0.0 -1.426 0.42426 998.0 1.9127 10.0 55.0 4.6071 0.0 0.0 -3.226 0.36056 996.0 1.8174 8.0 59.0 5.9071 0.0 0.0 -4.726 0.28284 993.0 1.7777 8.0 
0.08607 172.51937 100.0 163.0 3.0 49.0 0.0 -3.0929 1.574 0.0 0.5 1000.0 1.8864 16.0 53.0 0.0 -0.4929 1.474 0.0 0.41231 999.0 2.0493 15.0 53.0 1.8071 0.0 1.674 0.0 0.4 998.0 1.9127 13.0 57.0 3.7071 0.0 1.574 0.0 0.31623 996.0 1.952 14.0 61.0 5.5071 0.0 1.374 0.0 0.22361 993.0 1.9003 13.0 
0.24668 52.6199 98.0 2182.0 3.0 47.0 0.0 -1.9929 0.574 0.0 0.3 1001.0 1.8802 16.0 51.0 0.0071 0.0 0.474 0.0 0.41231 1000.0 2.0435 14.0 53.0 2.1071 0.0 0.0 -0.026 0.41231 999.0 2.0493 13.0 54.0 4.2071 0.0 0.0 -0.626 0.4 999.0 2.1274 13.0 51.0 6.2071 0.0 0.0 -1.126 0.3 999.0 1.8976 13.0 
0.13256 172.51937 113.0 365.0 3.0 47.0 0.0 -1.8929 1.474 0.0 0.3 996.0 1.3272 13.0 50.0 0.0 -0.4929 1.474 0.0 0.22361 995.0 1.4186 15.0 57.0 0.7071 0.0 1.974 0.0 0.31623 991.0 1.5084 13.0 70.0 2.0071 0.0 2.674 0.0 0.22361 987.0 1.9249 13.0 81.0 3.2071 0.0 3.374 0.0 0.31623 980.0 2.0307 11.0 
0.01891 166.3929 80.0 747.0 3.0 62.0 0.0 -3.2929 2.774 0.0 0.80623 999.0 2.5 17.0 62.0 0.0 -1.0929 0.0 -1.026 0.72111 997.0 2.4538 15.0 62.0 1.1071 0.0 0.0 -4.126 0.64031 997.0 2.4538 18.0 63.0 3.2071 0.0 0.0 -6.726 0.5 995.0 2.2521 16.0 68.0 5.2071 0.0 0.0 -8.826 0.5 992.0 2.249 17.0 
0.05342 214.85559 93.0 336.0 3.0 48.0 0.0 -2.8929 0.0 -1.226 0.53852 1002.0 2.1393 18.0 51.0 0.0 -0.1929 0.0 -1.926 0.5099 1001.0 2.2138 17.0 54.0 2.6071 0.0 0.0 -2.126 0.41231 1000.0 2.291 20.0 56.0 5.1071 0.0 0.0 -1.926 0.4 999.0 2.2879 17.0 54.0 7.2071 0.0 0.0 -1.726 0.3 998.0 1.9855 16.0 
0.32557 32.11459 109.0 2834.0 3.0 52.0 0.0 -2.2929 1.874 0.0 0.5 1000.0 2.1245 12.0 49.0 0.0 -0.0929 0.274 0.0 0.44721 1000.0 1.8864 15.0 48.0 1.8071 0.0 0.0 -1.026 0.28284 999.0 1.6809 14.0 49.0 3.3071 0.0 0.0 -2.126 0.28284 998.0 1.6349 13.0 52.0 4.6071 0.0 0.0 -3.126 0.28284 996.0 1.6246 15.0 
0.11008 100.68908 92.0 2897.0 3.0 55.0 0.0 -1.7929 3.074 0.0 0.56569 1001.0 2.5 17.0 56.0 0.6071 0.0 0.674 0.0 0.5 1000.0 2.4639 16.0 58.0 3.1071 0.0 0.0 -1.226 0.5 999.0 2.4542 18.0 62.0 5.5071 0.0 0.0 -2.526 0.44721 997.0 2.4538 15.0 61.0 7.5071 0.0 0.0 -3.526 0.31623 995.0 2.1114 14.0 
0.61577 18.35579 106.0 560.0 3.0 64.0 0.0 -2.3929 1.674 0.0 0.5 998.0 2.5 13.0 64.0 0.1071 0.0 0.0 -0.126 0.44721 995.0 2.3242 11.0 70.0 2.3071 0.0 0.0 -1.226 0.36056 992.0 2.3832 12.0 70.0 4.1071 0.0 0.0 -2.026 0.22361 989.0 2.0853 11.0 73.0 5.5071 0.0 0.0 -2.526 0.2 985.0 1.9439 9.0 
0.05435 106.76945 92.0 3030.0 3.0 57.0 0.0 -3.4929 1.274 0.0 0.64031 1001.0 2.5 18.0 59.0 0.0 -0.4929 0.0 -0.826 0.64031 1000.0 2.5 16.0 61.0 2.5071 0.0 0.0 -2.826 0.5 999.0 2.5 14.0 62.0 5.1071 0.0 0.0 -4.626 0.5831 998.0 2.5 15.0 65.0 7.5071 0.0 0.0 -6.326 0.42426 996.0 2.5 14.0 
0.06624 155.03273 93.0 1852.0 3.0 54.0 0.0 -3.0929 0.0 -0.426 0.44721 996.0 1.752 8.0 70.0 0.0 -0.8929 1.074 0.0 0.5 993.0 2.5 9.0 84.0 1.6071 0.0 2.874 0.0 0.5831 988.0 2.5 8.0 97.0 4.3071 0.0 4.274 0.0 0.5099 979.0 2.5 6.0 93.0 6.9071 0.0 4.874 0.0 0.31623 979.0 2.5 6.0 
0.37545 52.6199 103.0 1341.0 3.0 67.0 0.0 -2.1929 1.574 0.0 0.36056 994.0 2.4131 10.0 77.0 0.0071 0.0 0.474 0.0 0.41231 989.0 2.5 10.0 80.0 2.1071 0.0 0.0 -0.326 0.31623 986.0 2.421 10.0 83.0 3.9071 0.0 0.0 -0.926 0.22361 982.0 2.2698 9.0 78.0 5.3071 0.0 0.0 -1.026 0.3 983.0 2.0713 9.0 
0.07531 208.59279 99.0 1746.0 3.0 53.0 0.0 -0.2929 3.774 0.0 0.56569 1001.0 2.3909 13.0 51.0 1.6071 0.0 0.974 0.0 0.5 1000.0 2.0435 12.0 52.0 3.1071 0.0 0.0 -1.626 0.5 999.0 1.9727 11.0 53.0 4.6071 0.0 0.0 -3.926 0.44721 997.0 1.7931 9.0 56.0 5.9071 0.0 0.0 -5.826 0.42426 996.0 1.8841 11.0 
0.08872 167.40355 94.0 1730.0 3.0 62.0 0.0 -1.5929 3.174 0.0 0.5 998.0 2.5 13.0 63.0 0.8071 0.0 1.274 0.0 0.44721 995.0 2.2521 11.0 69.0 3.0071 0.0 0.0 -0.126 0.36056 993.0 2.4314 12.0 76.0 5.0071 0.0 0.0 -1.226 0.36056 988.0 2.3598 10.0 83.0 6.9071 0.0 0.0 -2.326 0.36056 983.0 2.3454 9.0 
0.10996 229.97278 107.0 1137.0 3.0 86.0 0.0 -0.0929 3.074 0.0 0.42426 983.0 2.5 12.0 94.0 1.7071 0.0 1.174 0.0 0.42426 977.0 2.5 11.0 112.0 3.4071 0.0 0.0 -0.526 0.42426 961.0 2.4639 8.0 114.0 4.9071 0.0 0.0 -2.126 0.36056 956.0 2.3287 8.0 105.0 5.9071 0.0 0.0 -3.526 0.28284 957.0 2.0108 6.0 
0.22168 45.92858 96.0 1465.0 3.0 53.0 0.0 -0.9929 1.874 0.0 0.42426 998.0 1.9127 13.0 52.0 0.4071 0.0 0.074 0.0 0.42426 997.0 1.7261 12.0 59.0 1.9071 0.0 0.0 -1.326 0.28284 994.0 1.8713 13.0 67.0 3.6071 0.0 0.0 -2.326 0.31623 992.0 2.1833 12.0 75.0 5.6071 0.0 0.0 -2.826 0.41231 989.0 2.3938 11.0 
0.58058 24.41152 85.0 2272.0 3.0 77.0 0.0 -3.3929 2.374 0.0 0.72111 994.0 2.5 11.0 85.0 0.2071 0.0 0.074 0.0 0.72111 992.0 2.5 13.0 92.0 3.9071 0.0 0.0 -2.326 0.64031 988.0 2.5 11.0 95.0 7.3071 0.0 0.0 -4.626 0.64031 985.0 2.5 10.0 98.0 10.7071 0.0 0.0 -6.426 0.5831 982.0 2.5 9.0 
0.38336 97.5605 84.0 1873.0 3.0 79.0 0.0 -5.1929 3.074 0.0 0.98489 1001.0 2.5 16.0 80.0 0.0 -0.0929 0.874 0.0 0.8544 1000.0 2.5 19.0 75.0 4.1071 0.0 0.0 -0.326 0.7 998.0 2.5 16.0 72.0 7.9071 0.0 0.0 -0.326 0.60828 997.0 2.5 15.0 65.0 10.8071 0.0 0.374 0.0 0.41231 997.0 2.5 15.0 
0.09222 195.01871 113.0 1705.0 3.0 48.0 0.6071 0.0 2.174 0.0 0.22361 994.0 1.2385 15.0 49.0 1.3071 0.0 1.174 0.0 0.22361 994.0 1.2907 14.0 58.0 2.2071 0.0 0.274 0.0 0.14142 992.0 1.6361 15.0 70.0 3.2071 0.0 0.0 -0.526 0.22361 986.0 1.8536 13.0 79.0 4.3071 0.0 0.0 -1.426 0.22361 981.0 1.992 11.0 
0.2093 22.67945 101.0 1612.0 3.0 49.0 0.0 -1.2929 2.474 0.0 0.44721 999.0 1.7517 11.0 48.0 0.1071 0.0 0.174 0.0 0.42426 999.0 1.6809 11.0 50.0 1.6071 0.0 0.0 -1.626 0.42426 997.0 1.5959 10.0 53.0 3.3071 0.0 0.0 -3.126 0.36056 997.0 1.7931 12.0 60.0 5.0071 0.0 0.0 -4.326 0.36056 993.0 1.8385 10.0 
0.21597 82.21395 93.0 1582.0 3.0 55.0 0.0 -1.4929 3.574 0.0 0.53852 1000.0 2.3767 16.0 55.0 0.3071 0.0 0.674 0.0 0.56569 1000.0 2.3767 15.0 57.0 2.4071 0.0 0.0 -1.726 0.56569 999.0 2.3703 14.0 62.0 4.6071 0.0 0.0 -4.026 0.5831 997.0 2.4538 12.0 70.0 6.7071 0.0 0.0 -6.726 0.56569 994.0 2.5 10.0 
0.22335 112.1609 101.0 1851.0 3.0 71.0 0.0 -2.1929 3.774 0.0 0.78102 996.0 2.5 13.0 71.0 0.5071 0.0 0.874 0.0 0.64031 995.0 2.5 15.0 73.0 2.9071 0.0 0.0 -1.326 0.56569 991.0 2.474 13.0 80.0 5.0071 0.0 0.0 -3.126 0.42426 986.0 2.421 13.0 88.0 6.6071 0.0 0.0 -4.426 0.28284 977.0 2.1971 10.0 
0.40846 18.35579 97.0 2145.0 3.0 42.0 0.0 -1.7929 0.674 0.0 0.31623 1001.0 1.5014 17.0 48.0 0.1071 0.0 0.0 -0.126 0.36056 1000.0 1.8102 20.0 53.0 2.1071 0.0 0.0 -1.126 0.41231 999.0 2.0493 17.0 55.0 4.1071 0.0 0.0 -2.026 0.31623 998.0 2.0598 16.0 58.0 6.0071 0.0 0.0 -2.726 0.31623 996.0 2.0211 14.0 
0.11825 131.83447 101.0 341.0 3.0 51.0 0.0 -1.4929 2.274 0.0 0.36056 999.0 1.8976 15.0 49.0 0.5071 0.0 1.074 0.0 0.36056 999.0 1.7517 19.0 51.0 2.2071 0.0 0.0 -0.026 0.36056 997.0 1.6604 17.0 56.0 3.8071 0.0 0.0 -0.926 0.36056 996.0 1.8841 18.0 63.0 5.4071 0.0 0.0 -1.726 0.22361 992.0 1.9304 16.0 
0.00884 127.09216 82.0 270.0 3.0 59.0 0.0 -3.3929 2.574 0.0 0.70711 1000.0 2.5 13.0 59.0 0.0 -0.7929 0.0 -0.826 0.5831 999.0 2.5 11.0 58.0 1.3071 0.0 0.0 -3.926 0.56569 998.0 2.2906 10.0 60.0 3.3071 0.0 0.0 -6.526 0.5 996.0 2.1629 9.0 64.0 5.1071 0.0 0.0 -8.926 0.5 994.0 2.2019 11.0 
0.39934 27.12273 113.0 2541.0 3.0 51.0 0.0 -1.9929 1.074 0.0 0.42426 998.0 1.7711 14.0 54.0 0.0 -0.0929 0.0 -0.226 0.41231 997.0 1.8615 17.0 58.0 1.8071 0.0 0.0 -0.726 0.22361 994.0 1.8084 14.0 63.0 3.2071 0.0 0.0 -0.826 0.2 990.0 1.7625 15.0 72.0 4.3071 0.0 0.0 -0.626 0.1 983.0 1.7649 12.0 
0.16 168.61724 91.0 1056.0 3.0 74.0 0.0 -1.7929 5.174 0.0 1.0 1001.0 2.5 13.0 66.0 1.3071 0.0 0.774 0.0 0.72111 1000.0 2.5 12.0 60.0 3.8071 0.0 0.0 -2.526 0.64031 999.0 2.5 11.0 59.0 6.0071 0.0 0.0 -5.126 0.5 998.0 2.3703 13.0 62.0 7.8071 0.0 0.0 -7.426 0.5 996.0 2.3095 11.0 
0.1199 76.71589 99.0 1156.0 3.0 60.0 0.0 -2.8929 0.674 0.0 0.5831 1000.0 2.5 15.0 56.0 0.0 -0.2929 0.0 -0.626 0.44721 998.0 2.1353 13.0 59.0 1.9071 0.0 0.0 -1.626 0.36056 996.0 2.0914 13.0 66.0 3.9071 0.0 0.0 -2.626 0.31623 993.0 2.2245 12.0 71.0 5.8071 0.0 0.0 -3.226 0.2 989.0 2.1453 11.0 
1.349 8.25172 91.0 2895.0 3.0 69.0 0.0 -2.7929 0.0 -0.626 0.44721 993.0 2.4314 10.0 85.0 0.0071 0.0 0.074 0.0 0.5099 987.0 2.5 10.0 96.0 2.8071 0.0 0.874 0.0 0.44721 979.0 2.5 8.0 108.0 5.4071 0.0 1.774 0.0 0.5099 969.0 2.5 7.0 110.0 7.9071 0.0 2.774 0.0 0.44721 966.0 2.5 7.0 
0.26098 37.62661 87.0 215.0 3.0 61.0 0.0 -3.3929 1.174 0.0 0.67082 999.0 2.5 14.0 68.0 0.0 -0.0929 0.0 -0.326 0.63246 997.0 2.5 12.0 71.0 3.3071 0.0 0.0 -1.426 0.5099 996.0 2.5 15.0 79.0 6.4071 0.0 0.0 -2.226 0.5099 992.0 2.5 12.0 83.0 9.2071 0.0 0.0 -3.026 0.41231 988.0 2.5 10.0 
0.10228 141.78947 104.0 3105.0 3.0 48.0 0.0 -1.1929 1.674 0.0 0.22361 996.0 1.3843 11.0 56.0 0.0 -0.0929 1.274 0.0 0.2 993.0 1.6015 12.0 62.0 1.1071 0.0 1.174 0.0 0.2 991.0 1.7846 11.0 71.0 2.5071 0.0 1.274 0.0 0.3 988.0 2.0595 10.0 78.0 4.1071 0.0 1.374 0.0 0.3 984.0 2.1428 9.0 
0.37171 75.52132 93.0 1819.0 3.0 47.0 0.0 -2.6929 0.0 -0.526 0.44721 1001.0 1.8802 36.0 54.0 0.0 -0.0929 0.674 0.0 0.44721 1000.0 2.291 32.0 57.0 2.4071 0.0 1.874 0.0 0.53852 999.0 2.3703 29.0 57.0 5.0071 0.0 2.774 0.0 0.4 999.0 2.3703 28.0 53.0 7.3071 0.0 3.174 0.0 0.31623 999.0 2.0493 28.0 
0.26161 72.25976 99.0 673.0 3.0 50.0 0.0 -1.4929 2.674 0.0 0.5 1000.0 1.9642 15.0 51.0 0.3071 0.0 0.574 0.0 0.42426 999.0 1.8976 15.0 57.0 2.1071 0.0 0.0 -1.326 0.28284 998.0 2.2123 16.0 57.0 3.8071 0.0 0.0 -2.626 0.36056 997.0 2.074 15.0 60.0 5.6071 0.0 0.0 -3.326 0.3 995.0 2.0427 13.0 
0.05069 256.1568 112.0 857.0 3.0 41.0 1.6071 0.0 2.674 0.0 0.31623 1000.0 1.3207 16.0 43.0 2.2071 0.0 0.674 0.0 0.31623 999.0 1.3489 15.0 46.0 2.8071 0.0 0.0 -1.026 0.22361 997.0 1.3508 13.0 50.0 3.6071 0.0 0.0 -2.426 0.14142 996.0 1.502 15.0 59.0 4.5071 0.0 0.0 -3.226 0.2 992.0 1.693 12.0 
0.25946 17.37652 108.0 1280.0 3.0 48.0 0.0 -1.3929 1.074 0.0 0.28284 997.0 1.4708 13.0 53.0 0.0 -0.0929 0.0 -0.126 0.22361 995.0 1.5939 11.0 62.0 1.2071 0.0 0.0 -0.926 0.22361 991.0 1.7846 12.0 64.0 2.4071 0.0 0.0 -1.426 0.22361 989.0 1.7431 11.0 69.0 3.7071 0.0 0.0 -1.626 0.2 986.0 1.801 10.0 
0.2489 196.34411 90.0 819.0 3.0 76.0 0.0 -3.0929 3.074 0.0 0.72801 998.0 2.5 17.0 78.0 0.8071 0.0 1.574 0.0 0.5831 996.0 2.5 18.0 78.0 3.8071 0.0 0.0 -0.026 0.53852 992.0 2.5 15.0 76.0 6.2071 0.0 0.0 -1.026 0.44721 989.0 2.4581 14.0 74.0 8.2071 0.0 0.0 -1.826 0.2 988.0 2.2372 13.0 
0.11286 161.91497 130.0 230.0 3.0 47.0 0.0 -1.2929 0.0 -1.626 0.3 999.0 1.6116 15.0 46.0 0.3071 0.0 0.0 -1.426 0.2 998.0 1.4408 15.0 52.0 1.4071 0.0 0.0 -1.226 0.14142 995.0 1.5343 13.0 48.0 2.2071 0.0 0.0 -0.926 0.1 995.0 1.3074 14.0 49.0 2.7071 0.0 0.0 -0.726 0.1 994.0 1.2907 13.0 
0.24476 42.04636 108.0 863.0 3.0 40.0 0.0 -1.7929 0.274 0.0 0.28284 1001.0 1.3618 18.0 41.0 0.0 -0.1929 0.0 -0.326 0.31623 1000.0 1.3207 16.0 45.0 1.4071 0.0 0.0 -0.426 0.3 1000.0 1.591 19.0 49.0 2.9071 0.0 0.0 -0.026 0.28284 998.0 1.6349 16.0 51.0 4.2071 0.0 0.874 0.0 0.28284 997.0 1.6604 15.0 
0.04346 72.3143 85.0 1038.0 3.0 60.0 0.0 -2.7929 2.974 0.0 0.64031 1000.0 2.5 12.0 58.0 0.0 -0.4929 0.0 -0.426 0.5831 999.0 2.4542 11.0 57.0 1.4071 0.0 0.0 -3.426 0.5 997.0 2.074 10.0 56.0 3.1071 0.0 0.0 -5.626 0.5 995.0 1.7795 9.0 62.0 4.7071 0.0 0.0 -7.426 0.42426 993.0 1.9631 10.0 
0.1003 125.44014 196.0 1154.0 3.0 58.0 0.0 -0.9929 3.374 0.0 0.64031 1000.0 2.5 16.0 53.0 0.9071 0.0 0.674 0.0 0.5 999.0 2.0493 15.0 53.0 2.6071 0.0 0.0 -1.326 0.42426 998.0 1.9127 13.0 54.0 4.2071 0.0 0.0 -2.826 0.28284 997.0 1.8615 15.0 60.0 5.5071 0.0 0.0 -3.926 0.22361 993.0 1.8385 12.0 
0.06937 171.52522 107.0 1712.0 3.0 51.0 0.0 -1.2929 2.974 0.0 0.42426 999.0 1.8976 20.0 54.0 0.7071 0.0 1.374 0.0 0.36056 998.0 1.9855 18.0 60.0 2.8071 0.0 0.174 0.0 0.41231 997.0 2.2981 19.0 63.0 4.8071 0.0 0.0 -0.826 0.28284 994.0 2.1336 17.0 62.0 6.2071 0.0 0.0 -2.026 0.22361 992.0 1.8696 15.0 
0.1303 127.3962 97.0 1437.0 3.0 57.0 0.0 -1.6929 2.774 0.0 0.5 1000.0 2.5 19.0 60.0 0.6071 0.0 0.974 0.0 0.36056 998.0 2.4513 16.0 61.0 2.7071 0.0 0.0 -0.426 0.36056 996.0 2.2356 15.0 61.0 4.6071 0.0 0.0 -1.626 0.31623 996.0 2.2356 14.0 58.0 6.4071 0.0 0.0 -2.326 0.31623 996.0 2.0211 14.0 
0.05102 181.10923 94.0 767.0 3.0 52.0 0.0 -3.1929 0.274 0.0 0.5 1001.0 2.3015 17.0 53.0 0.0 -0.7929 0.0 -1.426 0.44721 1000.0 2.207 18.0 57.0 1.7071 0.0 0.0 -2.426 0.44721 999.0 2.3703 17.0 61.0 4.1071 0.0 0.0 -3.226 0.41231 997.0 2.3753 15.0 63.0 6.6071 0.0 0.0 -3.826 0.41231 997.0 2.5 14.0 
0.09391 100.68908 89.0 395.0 3.0 31.0 0.0 -0.0929 1.574 0.0 0.22361 1001.0 1.0 17.0 36.0 0.6071 0.0 0.674 0.0 0.22361 1001.0 1.1031 21.0 43.0 1.7071 0.0 0.0 -0.026 0.22361 1000.0 1.4527 18.0 48.0 3.0071 0.0 0.0 -0.426 0.3 998.0 1.5688 16.0 52.0 4.6071 0.0 0.0 -0.426 0.3 998.0 1.8412 16.0 
0.14573 118.43582 99.0 2525.0 3.0 53.0 0.0 -2.2929 0.174 0.0 0.36056 996.0 1.6877 13.0 57.0 0.0 -0.2929 0.0 -1.026 0.31623 995.0 1.8436 16.0 64.0 1.7071 0.0 0.0 -1.726 0.31623 991.0 1.9016 13.0 72.0 3.6071 0.0 0.0 -2.326 0.31623 988.0 2.1179 14.0 87.0 5.4071 0.0 0.0 -3.126 0.44721 978.0 2.2088 11.0 
0.19407 173.0257 90.0 1074.0 3.0 71.0 0.0 -2.2929 1.974 0.0 0.5099 993.0 2.5 10.0 79.0 0.5071 0.0 1.474 0.0 0.41231 990.0 2.5 11.0 86.0 2.9071 0.0 0.674 0.0 0.41231 984.0 2.5 9.0 83.0 5.0071 0.0 0.0 -0.026 0.31623 984.0 2.4263 9.0 74.0 6.7071 0.0 0.0 -0.526 0.2 987.0 2.1512 10.0 
0.07583 127.3962 91.0 367.0 3.0 60.0 0.0 -1.8929 3.974 0.0 0.64031 1001.0 2.5 13.0 55.0 0.6071 0.0 0.974 0.0 0.56569 1001.0 2.5 17.0 55.0 3.0071 0.0 0.0 -1.326 0.5 1000.0 2.3767 15.0 58.0 5.4071 0.0 0.0 -3.126 0.5 998.0 2.2906 14.0 61.0 7.6071 0.0 0.0 -5.026 0.5 997.0 2.3753 12.0 
0.01591 156.31647 95.0 959.0 3.0 92.0 0.0 -5.5929 1.974 0.0 1.06301 997.0 2.5 9.0 91.0 0.0 -0.6929 0.0 -1.226 0.80623 994.0 2.5 9.0 88.0 3.1071 0.0 0.0 -2.526 0.60828 988.0 2.5 8.0 86.0 5.5071 0.0 0.0 -2.626 0.2 980.0 2.2891 6.0 85.0 7.0071 0.0 0.0 -2.426 0.31623 978.0 2.1084 6.0 
0.12625 117.17765 99.0 3106.0 3.0 50.0 0.0 -1.3929 1.974 0.0 0.36056 998.0 1.7023 13.0 54.0 0.4071 0.0 0.974 0.0 0.31623 997.0 1.8615 12.0 62.0 2.3071 0.0 0.074 0.0 0.31623 994.0 2.0664 13.0 70.0 4.1071 0.0 0.0 -0.926 0.36056 991.0 2.2749 11.0 75.0 5.8071 0.0 0.0 -2.026 0.22361 987.0 2.2097 10.0 
0.13294 81.24308 77.0 2318.0 3.0 32.0 0.0 -1.1929 0.0 -0.726 0.2 1001.0 1.0 18.0 35.0 0.0 -0.0929 0.0 -0.726 0.2 1001.0 1.0427 16.0 39.0 1.0071 0.0 0.0 -0.526 0.2 1000.0 1.195 20.0 46.0 2.3071 0.0 0.0 -0.226 0.22361 999.0 1.5437 17.0 50.0 3.6071 0.0 0.274 0.0 0.2 998.0 1.7023 15.0 
0.07893 293.83623 98.0 1987.0 3.0 59.0 0.7071 0.0 0.0 -3.726 0.44721 995.0 1.9752 12.0 73.0 2.0071 0.0 0.0 -1.726 0.42426 989.0 2.2679 11.0 77.0 3.5071 0.0 0.074 0.0 0.36056 987.0 2.3291 10.0 76.0 4.9071 0.0 1.674 0.0 0.36056 987.0 2.269 10.0 71.0 6.4071 0.0 3.074 0.0 0.22361 989.0 2.1453 11.0 
0.30982 78.1117 94.0 1106.0 3.0 61.0 0.0 -2.0929 3.874 0.0 0.72111 999.0 2.5 11.0 61.0 0.4071 0.0 0.574 0.0 0.56569 999.0 2.5 11.0 60.0 2.8071 0.0 0.0 -2.026 0.56569 998.0 2.4513 14.0 60.0 5.1071 0.0 0.0 -4.026 0.42426 996.0 2.1629 12.0 62.0 7.0071 0.0 0.0 -5.626 0.44721 994.0 2.0664 11.0 
0.1139 231.79836 94.0 1787.0 3.0 59.0 0.0 -0.6929 0.0 -2.426 0.31623 991.0 1.6161 13.0 74.0 0.8071 0.0 0.0 -1.926 0.31623 983.0 1.8643 10.0 97.0 2.6071 0.0 0.0 -1.526 0.31623 971.0 2.2881 9.0 107.0 4.5071 0.0 0.0 -1.126 0.41231 965.0 2.4362 9.0 110.0 6.8071 0.0 0.0 -0.626 0.31623 961.0 2.3767 7.0 
0.00486 198.81232 78.0 1199.0 3.0 76.0 0.0 -4.5929 3.874 0.0 1.08167 999.0 2.5 11.0 76.0 0.0 -1.3929 0.0 -1.126 0.9434 998.0 2.5 12.0 73.0 1.3071 0.0 0.0 -5.026 0.78102 996.0 2.5 12.0 76.0 4.0071 0.0 0.0 -7.626 0.64031 992.0 2.5 10.0 85.0 6.6071 0.0 0.0 -9.626 0.5 987.0 2.5 10.0 
0.0829 139.82063 91.0 1647.0 3.0 48.0 0.0 -0.4929 2.474 0.0 0.36056 999.0 1.6809 14.0 49.0 0.9071 0.0 0.874 0.0 0.42426 998.0 1.6349 13.0 57.0 2.5071 0.0 0.0 -0.426 0.36056 997.0 2.074 15.0 63.0 4.2071 0.0 0.0 -1.426 0.36056 994.0 2.1336 13.0 66.0 5.9071 0.0 0.0 -2.326 0.31623 992.0 2.1186 12.0 
0.07131 171.21175 105.0 2406.0 3.0 74.0 0.0 -0.2929 3.374 0.0 0.44721 991.0 2.5 15.0 79.0 1.1071 0.0 1.074 0.0 0.42426 987.0 2.4517 13.0 82.0 2.6071 0.0 0.0 -0.726 0.36056 983.0 2.2892 12.0 85.0 4.1071 0.0 0.0 -1.926 0.28284 979.0 2.1704 11.0 89.0 5.4071 0.0 0.0 -2.826 0.22361 975.0 2.129 10.0 
0.09277 116.36837 122.0 1538.0 3.0 47.0 0.0 -0.3929 2.274 0.0 0.36056 999.0 1.6116 14.0 44.0 0.7071 0.0 0.774 0.0 0.28284 999.0 1.4124 14.0 42.0 1.6071 0.0 0.0 -0.226 0.22361 999.0 1.2869 13.0 40.0 2.4071 0.0 0.0 -0.826 0.14142 998.0 1.0895 13.0 40.0 3.2071 0.0 0.0 -1.026 0.14142 997.0 1.0214 12.0 
0.16336 94.60993 128.0 326.0 3.0 49.0 0.0 -0.7929 2.874 0.0 0.5 1000.0 1.8864 13.0 50.0 0.8071 0.0 0.274 0.0 0.5 1000.0 1.9642 12.0 47.0 2.3071 0.0 0.0 -1.926 0.36056 999.0 1.6116 11.0 44.0 3.6071 0.0 0.0 -3.426 0.22361 998.0 1.3183 10.0 45.0 4.5071 0.0 0.0 -4.426 0.28284 997.0 1.2927 12.0 
0.36884 132.05205 86.0 1859.0 3.0 74.0 0.0 -3.0929 3.874 0.0 0.86023 999.0 2.5 11.0 72.0 0.8071 0.0 0.874 0.0 0.78102 999.0 2.5 14.0 72.0 4.0071 0.0 0.0 -2.126 0.72111 997.0 2.5 12.0 72.0 7.1071 0.0 0.0 -4.326 0.5831 994.0 2.5 11.0 74.0 9.7071 0.0 0.0 -6.126 0.5 990.0 2.4318 9.0 
0.04723 293.83623 86.0 2074.0 3.0 37.0 1.4071 0.0 0.0 -2.626 0.22361 1000.0 1.0756 19.0 44.0 2.0071 0.0 0.0 -1.726 0.14142 997.0 1.2359 15.0 47.0 2.6071 0.0 0.0 -1.026 0.14142 996.0 1.3272 14.0 46.0 3.1071 0.0 0.0 -0.426 0.14142 996.0 1.2713 14.0 45.0 3.6071 0.0 0.074 0.0 0.14142 997.0 1.2927 14.0 
0.09199 132.06138 92.0 1247.0 3.0 45.0 0.0 -2.8929 0.574 0.0 0.41231 1001.0 1.7236 17.0 56.0 0.0 -0.1929 1.174 0.0 0.5099 1000.0 2.4639 15.0 60.0 2.7071 0.0 1.674 0.0 0.5 998.0 2.4513 13.0 62.0 5.3071 0.0 2.074 0.0 0.4 997.0 2.4538 15.0 65.0 7.5071 0.0 2.474 0.0 0.41231 994.0 2.2712 13.0 
0.00673 195.00101 81.0 2159.0 3.0 75.0 0.0 -5.4929 2.774 0.0 1.0 1000.0 2.5 18.0 70.0 0.0 -1.4929 0.0 -0.926 0.78102 999.0 2.5 16.0 68.0 1.8071 0.0 0.0 -4.326 0.70711 999.0 2.5 17.0 71.0 4.8071 0.0 0.0 -7.426 0.64031 997.0 2.5 17.0 74.0 7.5071 0.0 0.0 -10.326 0.64031 995.0 2.5 16.0 
0.38508 32.65484 340.0 1193.0 3.0 59.0 0.0 -1.4929 1.474 0.0 0.36056 992.0 1.693 14.0 63.0 0.1071 0.0 0.274 0.0 0.22361 989.0 1.6891 12.0 70.0 1.5071 0.0 0.0 -0.626 0.22361 986.0 1.8536 13.0 83.0 2.7071 0.0 0.0 -1.226 0.2 977.0 1.9545 13.0 91.0 3.7071 0.0 0.0 -1.426 0.14142 970.0 1.967 12.0 
0.20498 19.33007 105.0 1670.0 3.0 44.0 0.0 -0.9929 1.874 0.0 0.36056 999.0 1.4124 15.0 45.0 0.0071 0.0 0.174 0.0 0.36056 999.0 1.4773 14.0 49.0 1.2071 0.0 0.0 -1.426 0.28284 997.0 1.5327 12.0 54.0 2.6071 0.0 0.0 -2.526 0.22361 995.0 1.6546 11.0 63.0 4.2071 0.0 0.0 -3.226 0.22361 992.0 1.9304 12.0 
0.4404 73.18987 60.0 931.0 3.0 47.0 0.0 -1.7929 0.0 -2.026 0.5 1001.0 1.8802 22.0 52.0 0.2071 0.0 0.0 -0.626 0.5 1000.0 2.1245 19.0 53.0 2.2071 0.0 0.674 0.0 0.36056 999.0 2.0493 17.0 51.0 4.0071 0.0 1.574 0.0 0.31623 999.0 1.8976 17.0 47.0 5.7071 0.0 1.774 0.0 0.2 1000.0 1.7355 18.0 
0.57225 85.01661 88.0 2181.0 3.0 75.0 0.0 -2.6929 2.374 0.0 0.64031 995.0 2.5 11.0 81.0 0.5071 0.0 0.574 0.0 0.5831 993.0 2.5 12.0 87.0 3.7071 0.0 0.0 -0.626 0.53852 989.0 2.5 10.0 83.0 6.6071 0.0 0.0 -1.626 0.44721 988.0 2.5 10.0 72.0 8.8071 0.0 0.0 -2.526 0.31623 991.0 2.4067 11.0 
0.04485 218.30081 117.0 993.0 3.0 40.0 0.4071 0.0 2.574 0.0 0.28284 1000.0 1.2571 15.0 44.0 1.4071 0.0 1.374 0.0 0.28284 998.0 1.3183 13.0 48.0 2.4071 0.0 0.274 0.0 0.22361 997.0 1.4708 14.0 55.0 3.3071 0.0 0.0 -0.726 0.22361 994.0 1.6261 13.0 61.0 4.2071 0.0 0.0 -1.526 0.22361 990.0 1.6524 11.0 
0.37288 75.75263 90.0 1244.0 3.0 67.0 0.0 -3.2929 2.474 0.0 0.67082 999.0 2.5 15.0 67.0 0.1071 0.0 0.674 0.0 0.53852 998.0 2.5 13.0 67.0 3.0071 0.0 0.0 -0.826 0.53852 996.0 2.5 13.0 73.0 5.7071 0.0 0.0 -1.826 0.41231 993.0 2.5 12.0 73.0 8.0071 0.0 0.0 -2.326 0.3 990.0 2.3665 11.0 
0.08742 164.681 93.0 422.0 3.0 61.0 0.0 -1.2929 3.574 0.0 0.56569 999.0 2.5 14.0 62.0 0.9071 0.0 1.174 0.0 0.42426 996.0 2.3095 12.0 69.0 3.0071 0.0 0.0 -0.626 0.5 994.0 2.5 13.0 75.0 5.2071 0.0 0.0 -1.826 0.41231 989.0 2.3938 11.0 79.0 7.2071 0.0 0.0 -2.526 0.31623 985.0 2.2766 9.0 
0.13248 147.73872 94.0 305.0 3.0 64.0 0.0 -1.4929 4.674 0.0 0.72111 999.0 2.5 11.0 63.0 0.9071 0.0 0.974 0.0 0.72111 999.0 2.5 15.0 60.0 3.0071 0.0 0.0 -1.926 0.5 997.0 2.2981 13.0 61.0 4.9071 0.0 0.0 -3.926 0.42426 995.0 2.1114 11.0 67.0 6.7071 0.0 0.0 -5.326 0.44721 993.0 2.2925 12.0 
0.06127 72.3143 105.0 377.0 3.0 53.0 0.0 -2.4929 2.174 0.0 0.5831 1000.0 2.207 12.0 51.0 0.0 -0.4929 0.0 -0.426 0.42426 999.0 1.8976 11.0 50.0 1.3071 0.0 0.0 -2.326 0.42426 998.0 1.7023 10.0 51.0 2.9071 0.0 0.0 -3.726 0.28284 997.0 1.6604 13.0 56.0 4.4071 0.0 0.0 -4.926 0.31623 994.0 1.6858 11.0 
0.18165 102.82857 98.0 2000.0 3.0 66.0 0.0 -1.6929 1.674 0.0 0.36056 991.0 2.0223 9.0 73.0 0.3071 0.0 0.874 0.0 0.3 987.0 2.0934 9.0 86.0 2.4071 0.0 0.474 0.0 0.31623 981.0 2.3606 9.0 100.0 4.4071 0.0 0.074 0.0 0.3 970.0 2.3753 7.0 98.0 6.2071 0.0 0.0 -0.326 0.22361 970.0 2.2812 7.0 
0.25536 131.83447 93.0 1308.0 3.0 77.0 0.0 -2.4929 3.474 0.0 0.70711 996.0 2.5 14.0 72.0 0.5071 0.0 1.074 0.0 0.5 996.0 2.5 14.0 74.0 3.1071 0.0 0.0 -0.726 0.5 993.0 2.5 12.0 75.0 5.3071 0.0 0.0 -2.226 0.44721 990.0 2.4979 11.0 74.0 7.2071 0.0 0.0 -3.326 0.31623 988.0 2.2372 10.0 
0.0917 184.82505 96.0 468.0 3.0 43.0 0.0 -0.7929 0.0 -2.326 0.36056 1001.0 1.5738 17.0 43.0 1.0071 0.0 0.0 -1.326 0.22361 1000.0 1.4527 16.0 45.0 2.5071 0.0 0.0 -0.426 0.31623 1000.0 1.591 19.0 52.0 4.1071 0.0 0.274 0.0 0.31623 998.0 1.8412 16.0 58.0 6.1071 0.0 1.074 0.0 0.36056 997.0 2.1474 15.0 
0.06996 277.49037 92.0 1737.0 3.0 65.0 0.1071 0.0 5.474 0.0 0.89443 1000.0 2.5 12.0 63.0 2.2071 0.0 1.174 0.0 0.67082 999.0 2.5 11.0 60.0 4.1071 0.0 0.0 -2.226 0.5831 998.0 2.4513 10.0 59.0 5.8071 0.0 0.0 -4.826 0.42426 997.0 2.2221 12.0 63.0 7.5071 0.0 0.0 -6.726 0.42426 993.0 2.0269 10.0 
0.09582 191.86331 102.0 711.0 3.0 52.0 0.0 -1.9929 0.0 -1.726 0.3 997.0 1.7261 17.0 57.0 0.0 -0.0929 0.0 -1.726 0.4 994.0 1.7465 15.0 67.0 1.8071 0.0 0.0 -1.626 0.4 991.0 2.0841 15.0 74.0 3.7071 0.0 0.0 -1.226 0.31623 987.0 2.1512 13.0 79.0 5.4071 0.0 0.0 -0.726 0.22361 983.0 2.1248 12.0 
0.11374 109.18961 94.0 256.0 3.0 60.0 0.0 -1.0929 3.174 0.0 0.5831 998.0 2.4513 17.0 56.0 0.6071 0.0 0.774 0.0 0.42426 997.0 2.0019 17.0 60.0 2.3071 0.0 0.0 -0.526 0.41231 994.0 1.9352 14.0 71.0 4.3071 0.0 0.0 -1.026 0.4 990.0 2.2386 15.0 83.0 6.6071 0.0 0.0 -0.926 0.3 985.0 2.5 12.0 
0.02886 242.99435 100.0 778.0 3.0 64.0 1.0071 0.0 3.074 0.0 0.44721 994.0 2.2019 13.0 74.0 2.0071 0.0 0.874 0.0 0.36056 988.0 2.2372 10.0 81.0 3.0071 0.0 0.0 -0.926 0.36056 982.0 2.1617 9.0 85.0 4.1071 0.0 0.0 -2.226 0.28284 978.0 2.1084 8.0 92.0 5.5071 0.0 0.0 -3.126 0.22361 975.0 2.275 8.0 
0.32462 13.18352 54.0 2619.0 3.0 43.0 0.0 -1.6929 1.974 0.0 0.42426 1002.0 1.7168 25.0 45.0 0.0 -0.0929 0.074 0.0 0.42426 1002.0 1.8803 22.0 47.0 1.7071 0.0 0.0 -1.426 0.31623 1001.0 1.8802 20.0 47.0 3.6071 0.0 0.0 -2.226 0.3 1000.0 1.7355 19.0 44.0 5.3071 0.0 0.0 -2.426 0.3 1001.0 1.6478 20.0 
0.02643 150.70376 87.0 1084.0 3.0 64.0 0.0 -4.1929 1.374 0.0 0.64031 999.0 2.5 15.0 66.0 0.0 -0.9929 0.0 -0.926 0.72111 998.0 2.5 14.0 71.0 2.5071 0.0 0.0 -2.826 0.5831 996.0 2.5 12.0 77.0 6.0071 0.0 0.0 -4.026 0.60828 993.0 2.5 14.0 85.0 9.5071 0.0 0.0 -4.726 0.53852 990.0 2.5 14.0 
0.16246 132.05205 71.0 2284.0 3.0 60.0 0.0 -1.8929 3.074 0.0 0.64031 1001.0 2.5 17.0 56.0 0.8071 0.0 0.874 0.0 0.56569 1001.0 2.5 21.0 55.0 3.2071 0.0 0.0 -1.226 0.42426 1001.0 2.5 20.0 51.0 5.3071 0.0 0.0 -3.026 0.5 1001.0 2.2138 21.0 47.0 7.3071 0.0 0.0 -4.626 0.42426 1001.0 1.8802 16.0 
0.03964 105.51111 77.0 40.0 3.0 70.0 0.0 -1.9929 5.174 0.0 1.0198 998.0 2.5 12.0 66.0 0.0 -0.8929 0.0 -0.326 0.80623 997.0 2.5 11.0 65.0 0.1071 0.0 0.0 -5.026 0.72801 996.0 2.5 12.0 66.0 1.3071 0.0 0.0 -9.026 0.63246 995.0 2.4717 12.0 68.0 2.7071 0.0 0.0 -12.226 0.44721 991.0 2.1467 10.0 
0.16963 112.1609 96.0 223.0 3.0 62.0 0.0 -2.1929 4.174 0.0 0.78102 1000.0 2.5 13.0 60.0 0.5071 0.0 0.874 0.0 0.70711 999.0 2.5 11.0 58.0 3.0071 0.0 0.0 -1.826 0.56569 999.0 2.4542 11.0 57.0 5.1071 0.0 0.0 -4.026 0.5 998.0 2.2123 13.0 58.0 6.8071 0.0 0.0 -5.926 0.36056 995.0 1.9088 11.0 
0.30889 24.41152 97.0 3019.0 3.0 55.0 0.0 -1.7929 1.674 0.0 0.5 999.0 2.2069 14.0 55.0 0.2071 0.0 0.074 0.0 0.36056 997.0 1.931 12.0 57.0 1.9071 0.0 0.0 -1.126 0.36056 996.0 1.952 15.0 63.0 3.6071 0.0 0.0 -2.226 0.36056 994.0 2.1336 13.0 75.0 5.5071 0.0 0.0 -3.226 0.41231 989.0 2.3938 10.0 
0.07441 119.24761 118.0 2499.0 3.0 39.0 0.4071 0.0 1.974 0.0 0.31623 1000.0 1.195 12.0 40.0 1.0071 0.0 0.374 0.0 0.28284 1000.0 1.2571 15.0 41.0 1.8071 0.0 0.0 -0.726 0.22361 998.0 1.1446 13.0 42.0 2.5071 0.0 0.0 -1.526 0.22361 997.0 1.1261 13.0 45.0 3.3071 0.0 0.0 -2.126 0.14142 996.0 1.2166 11.0 
0.1124 100.68908 95.0 1595.0 3.0 51.0 0.0 -1.2929 2.474 0.0 0.36056 997.0 1.6604 11.0 58.0 0.6071 0.0 0.674 0.0 0.5 997.0 2.1474 12.0 63.0 2.4071 0.0 0.0 -1.426 0.5 994.0 2.1336 11.0 70.0 4.2071 0.0 0.0 -3.226 0.42426 990.0 2.176 10.0 84.0 6.3071 0.0 0.0 -4.426 0.36056 983.0 2.4023 9.0 
0.08426 135.01663 159.0 1738.0 3.0 37.0 0.0 -1.7929 0.174 0.0 0.22361 1000.0 1.0756 20.0 38.0 0.0 -0.8929 0.0 -0.826 0.28284 1000.0 1.1345 21.0 41.0 0.2071 0.0 0.0 -1.526 0.14142 998.0 1.1446 18.0 45.0 1.2071 0.0 0.0 -1.926 0.22361 997.0 1.2927 18.0 55.0 2.2071 0.0 0.0 -1.926 0.2 993.0 1.5448 16.0 
0.16532 141.95101 90.0 2954.0 3.0 60.0 0.0 -2.0929 3.174 0.0 0.56569 999.0 2.5 18.0 65.0 0.5071 0.0 1.174 0.0 0.5831 998.0 2.5 16.0 71.0 3.3071 0.0 0.0 -0.626 0.44721 995.0 2.5 14.0 70.0 5.9071 0.0 0.0 -2.226 0.5 995.0 2.5 13.0 65.0 8.1071 0.0 0.0 -3.626 0.44721 995.0 2.3974 14.0 
0.04167 116.00039 372.0 1935.0 3.0 46.0 0.0 -2.4929 2.074 0.0 0.5 1000.0 1.6625 13.0 47.0 0.0 -0.9929 0.0 -0.326 0.44721 999.0 1.6116 12.0 50.0 0.5071 0.0 0.0 -2.726 0.5 999.0 1.8239 15.0 52.0 2.0071 0.0 0.0 -4.826 0.36056 997.0 1.7261 13.0 53.0 3.5071 0.0 0.0 -6.226 0.36056 995.0 1.5939 12.0 
0.05091 65.59587 90.0 376.0 3.0 60.0 0.0 -3.1929 1.474 0.0 0.5 996.0 2.1629 9.0 72.0 0.0 -0.4929 0.0 -0.326 0.5831 993.0 2.5 9.0 85.0 2.5071 0.0 0.0 -2.026 0.53852 987.0 2.5 8.0 98.0 5.4071 0.0 0.0 -3.426 0.5831 977.0 2.5 6.0 102.0 8.1071 0.0 0.0 -5.026 0.5 974.0 2.5 6.0 
0.34325 59.58399 100.0 911.0 3.0 59.0 0.0 -1.8929 0.0 -0.226 0.41231 994.0 1.8713 11.0 69.0 0.1071 0.0 0.0 -0.526 0.3 991.0 2.2103 11.0 79.0 2.0071 0.0 0.0 -0.526 0.2 984.0 2.1981 9.0 93.0 3.7071 0.0 0.0 -0.526 0.3 974.0 2.2651 8.0 98.0 5.5071 0.0 0.0 -0.626 0.3 970.0 2.2812 7.0 
0.3836 42.77555 100.0 1951.0 3.0 62.0 0.0 -2.2929 0.0 -0.026 0.4 994.0 2.0664 10.0 76.0 0.0 -0.0929 0.374 0.0 0.41231 989.0 2.4581 11.0 81.0 2.2071 0.0 0.974 0.0 0.31623 986.0 2.4819 10.0 85.0 4.3071 0.0 1.374 0.0 0.3 982.0 2.3805 9.0 83.0 6.1071 0.0 1.574 0.0 0.2 980.0 2.1322 8.0 
0.24194 74.81815 95.0 3099.0 3.0 59.0 0.0 -2.0929 1.674 0.0 0.36056 997.0 2.2221 12.0 65.0 0.0071 0.0 0.674 0.0 0.41231 994.0 2.2712 13.0 69.0 2.2071 0.0 0.074 0.0 0.31623 993.0 2.4314 12.0 74.0 4.3071 0.0 0.0 -0.526 0.36056 990.0 2.4318 11.0 78.0 6.4071 0.0 0.0 -1.226 0.31623 988.0 2.4856 10.0 
0.17947 92.4535 92.0 905.0 3.0 67.0 0.0 -3.8929 0.0 -0.926 0.70711 1002.0 2.5 23.0 65.0 0.1071 0.0 0.0 -0.826 0.5099 1001.0 2.5 20.0 59.0 3.3071 0.0 0.0 -1.826 0.41231 1000.0 2.5 19.0 53.0 5.8071 0.0 0.0 -2.726 0.31623 1000.0 2.207 19.0 45.0 7.7071 0.0 0.0 -3.326 0.22361 1001.0 1.7236 20.0 
0.14841 193.98235 125.0 2064.0 3.0 42.0 2.2071 0.0 0.0 -0.726 0.22361 998.0 1.2011 15.0 44.0 1.7071 0.0 0.374 0.0 0.2 997.0 1.2359 12.0 47.0 1.4071 0.0 1.574 0.0 0.2 995.0 1.2535 11.0 55.0 1.3071 0.0 2.574 0.0 0.2 992.0 1.4713 12.0 62.0 1.6071 0.0 3.474 0.0 0.22361 988.0 1.5705 10.0 
0.16433 108.76564 115.0 154.0 3.0 57.0 0.0 -2.4929 2.374 0.0 0.5831 1000.0 2.5 15.0 56.0 0.1071 0.0 0.974 0.0 0.41231 999.0 2.2879 14.0 55.0 2.3071 0.0 0.574 0.0 0.3 997.0 1.931 16.0 55.0 3.8071 0.0 0.874 0.0 0.22361 995.0 1.7165 13.0 55.0 4.7071 0.0 1.674 0.0 0.14142 993.0 1.5448 12.0 
0.08833 199.68361 108.0 2467.0 3.0 47.0 0.0 -0.7929 0.0 -1.826 0.31623 995.0 1.2535 12.0 54.0 0.5071 0.0 0.0 -1.726 0.2 993.0 1.4892 13.0 70.0 1.7071 0.0 0.0 -1.426 0.22361 985.0 1.7874 11.0 76.0 2.9071 0.0 0.0 -1.026 0.1 982.0 1.903 11.0 82.0 4.0071 0.0 0.0 -0.726 0.14142 978.0 1.9622 11.0 
0.11508 181.75166 122.0 3026.0 3.0 42.0 0.0 -2.1929 0.0 -1.926 0.41231 1001.0 1.5014 17.0 47.0 0.0 -0.1929 0.0 -1.626 0.4 1001.0 1.8802 20.0 51.0 1.8071 0.0 0.0 -1.626 0.3 999.0 1.8976 17.0 50.0 3.4071 0.0 0.0 -1.726 0.3 998.0 1.7023 16.0 48.0 4.8071 0.0 0.0 -1.926 0.2 998.0 1.5688 15.0 
0.07293 158.46145 113.0 1756.0 3.0 40.0 0.6071 0.0 2.274 0.0 0.22361 999.0 1.1673 13.0 43.0 1.3071 0.0 0.574 0.0 0.22361 998.0 1.259 14.0 46.0 2.1071 0.0 0.0 -0.926 0.22361 996.0 1.2713 13.0 49.0 2.9071 0.0 0.0 -2.226 0.28284 995.0 1.3624 12.0 55.0 4.0071 0.0 0.0 -3.226 0.22361 992.0 1.4713 11.0 
0.47911 22.67945 83.0 1563.0 3.0 54.0 0.0 -2.8929 0.774 0.0 0.5099 1001.0 2.4819 22.0 58.0 0.1071 0.0 0.174 0.0 0.5 1000.0 2.5 19.0 57.0 2.8071 0.0 0.0 -0.326 0.41231 999.0 2.3703 17.0 57.0 5.3071 0.0 0.0 -0.826 0.41231 999.0 2.3703 17.0 53.0 7.6071 0.0 0.0 -1.426 0.41231 1000.0 2.207 18.0 
0.14494 102.71108 61.0 2811.0 3.0 51.0 0.0 -1.2929 2.874 0.0 0.42426 1000.0 2.0435 20.0 53.0 0.5071 0.0 0.774 0.0 0.42426 1000.0 2.207 19.0 56.0 2.3071 0.0 0.0 -0.926 0.42426 998.0 2.1353 16.0 54.0 4.1071 0.0 0.0 -2.226 0.36056 999.0 2.1274 16.0 50.0 5.8071 0.0 0.0 -3.226 0.28284 999.0 1.8239 17.0 
0.19493 132.90397 72.0 901.0 3.0 50.0 0.0 -2.4929 0.0 -2.326 0.53852 1001.0 2.1279 22.0 59.0 0.4071 0.0 0.0 -1.126 0.53852 1001.0 2.5 20.0 59.0 3.2071 0.0 0.374 0.0 0.5831 1000.0 2.5 19.0 57.0 5.8071 0.0 2.174 0.0 0.5 1001.0 2.5 20.0 54.0 8.2071 0.0 3.974 0.0 0.44721 1001.0 2.4819 20.0 
0.09626 113.36064 67.0 957.0 3.0 55.0 0.0 -1.0929 1.274 0.0 0.2 995.0 1.7165 14.0 59.0 0.3071 0.0 0.974 0.0 0.2 994.0 1.8713 13.0 61.0 1.7071 0.0 0.674 0.0 0.2 993.0 1.9003 12.0 61.0 3.0071 0.0 0.374 0.0 0.3 993.0 1.9003 12.0 57.0 4.3071 0.0 0.074 0.0 0.31623 995.0 1.8436 13.0 
0.16558 180.78988 89.0 1868.0 3.0 67.0 0.0 -4.0929 0.974 0.0 0.5099 995.0 2.5 11.0 85.0 0.0 -0.6929 1.474 0.0 0.63246 991.0 2.5 11.0 94.0 2.8071 0.0 2.574 0.0 0.5099 985.0 2.5 10.0 90.0 5.9071 0.0 2.974 0.0 0.5 985.0 2.5 9.0 85.0 8.5071 0.0 2.574 0.0 0.44721 985.0 2.5 9.0 
0.03971 88.44035 113.0 1194.0 3.0 52.0 0.0 -2.3929 2.074 0.0 0.64031 1001.0 2.3015 13.0 49.0 0.0 -0.4929 0.0 -0.626 0.5 1000.0 1.8864 12.0 46.0 1.2071 0.0 0.0 -2.526 0.36056 1000.0 1.6625 16.0 46.0 2.6071 0.0 0.0 -3.726 0.36056 999.0 1.5437 14.0 50.0 4.1071 0.0 0.0 -4.526 0.22361 996.0 1.502 12.0 
0.03403 291.66835 274.0 2941.0 3.0 58.0 0.0 -2.8929 0.0 -2.726 0.5 998.0 2.2906 13.0 64.0 0.0 -0.0929 0.0 -2.626 0.5 995.0 2.3242 11.0 70.0 2.5071 0.0 0.0 -2.826 0.4 991.0 2.2749 9.0 79.0 4.7071 0.0 0.0 -3.026 0.31623 985.0 2.2766 10.0 87.0 6.5071 0.0 0.0 -3.126 0.3 978.0 2.2088 8.0 
0.03013 247.37182 95.0 2186.0 3.0 61.0 0.0 -1.9929 0.0 -2.426 0.41231 993.0 1.9003 10.0 76.0 0.1071 0.0 0.0 -2.226 0.4 985.0 2.1069 8.0 106.0 2.4071 0.0 0.0 -2.226 0.41231 968.0 2.5 7.0 115.0 4.7071 0.0 0.0 -2.526 0.31623 959.0 2.5 6.0 105.0 6.7071 0.0 0.0 -2.826 0.3 966.0 2.3959 7.0 
0.19607 36.19458 267.0 2131.0 3.0 50.0 0.0 -1.7929 0.774 0.0 0.36056 1000.0 1.9642 15.0 49.0 0.0071 0.0 0.0 -0.326 0.22361 998.0 1.6349 13.0 55.0 1.4071 0.0 0.0 -0.926 0.22361 995.0 1.7165 14.0 53.0 2.7071 0.0 0.0 -1.326 0.2 995.0 1.5939 13.0 55.0 3.8071 0.0 0.0 -1.526 0.2 994.0 1.6261 13.0 
0.12741 139.82063 92.0 1227.0 3.0 65.0 0.0 -1.4929 4.474 0.0 0.80623 1001.0 2.5 17.0 61.0 0.9071 0.0 0.874 0.0 0.72111 1000.0 2.5 15.0 61.0 3.4071 0.0 0.0 -2.026 0.56569 999.0 2.5 14.0 60.0 5.6071 0.0 0.0 -4.026 0.36056 998.0 2.4513 16.0 57.0 7.4071 0.0 0.0 -5.226 0.31623 997.0 2.074 15.0 
0.17944 146.70683 91.0 1073.0 3.0 62.0 0.0 -2.1929 2.974 0.0 0.64031 1000.0 2.5 16.0 58.0 0.6071 0.0 1.174 0.0 0.5 999.0 2.4542 14.0 59.0 3.1071 0.0 0.0 -0.026 0.41231 998.0 2.3703 16.0 66.0 5.5071 0.0 0.0 -0.426 0.4 995.0 2.4717 14.0 67.0 7.9071 0.0 0.0 -0.326 0.41231 993.0 2.2925 13.0 
0.43768 34.21005 99.0 1080.0 3.0 65.0 0.0 -2.0929 2.474 0.0 0.56569 997.0 2.5 9.0 67.0 0.3071 0.0 0.0 -0.026 0.56569 995.0 2.5 11.0 70.0 2.4071 0.0 0.0 -2.226 0.5 992.0 2.3832 9.0 77.0 4.4071 0.0 0.0 -3.726 0.44721 987.0 2.3291 10.0 91.0 6.2071 0.0 0.0 -4.526 0.22361 975.0 2.2258 8.0 
0.12485 86.53063 118.0 1360.0 3.0 43.0 0.0 -1.0929 0.574 0.0 0.22361 997.0 1.1803 13.0 45.0 0.0 -0.0929 0.774 0.0 0.22361 996.0 1.2166 12.0 48.0 0.9071 0.0 0.874 0.0 0.1 994.0 1.2385 11.0 60.0 1.8071 0.0 0.674 0.0 0.22361 990.0 1.5987 11.0 70.0 2.9071 0.0 0.174 0.0 0.22361 986.0 1.8536 10.0 
0.24216 116.36837 92.0 706.0 3.0 68.0 0.0 -1.4929 2.474 0.0 0.42426 994.0 2.4857 13.0 73.0 0.7071 0.0 0.774 0.0 0.44721 992.0 2.5 12.0 81.0 3.1071 0.0 0.0 -0.026 0.41231 986.0 2.4819 10.0 91.0 5.3071 0.0 0.174 0.0 0.44721 979.0 2.4876 8.0 102.0 7.4071 0.0 1.274 0.0 0.44721 971.0 2.5 7.0 
0.01707 135.31835 84.0 620.0 3.0 62.0 0.0 -3.2929 2.174 0.0 0.64031 998.0 2.5 11.0 61.0 0.0 -0.7929 0.0 -0.926 0.5831 998.0 2.5 14.0 62.0 1.3071 0.0 0.0 -3.626 0.5831 996.0 2.3095 12.0 66.0 3.3071 0.0 0.0 -6.026 0.42426 992.0 2.1186 10.0 74.0 5.1071 0.0 0.0 -8.026 0.5 988.0 2.2372 11.0 
0.13755 196.84298 102.0 2356.0 3.0 51.0 0.0 -0.8929 0.0 -2.226 0.22361 992.0 1.265 14.0 66.0 0.4071 0.0 0.0 -1.726 0.2 987.0 1.7112 14.0 89.0 2.0071 0.0 0.0 -1.226 0.3 977.0 2.2473 13.0 96.0 3.8071 0.0 0.0 -0.726 0.31623 972.0 2.2958 12.0 112.0 5.4071 0.0 0.0 -0.126 0.31623 956.0 2.2477 10.0 
0.11384 242.07383 95.0 897.0 3.0 63.0 0.0 -1.1929 0.0 -2.626 0.41231 993.0 2.0269 13.0 75.0 0.8071 0.0 0.0 -2.026 0.31623 985.0 2.0519 10.0 97.0 2.6071 0.0 0.0 -1.126 0.36056 972.0 2.3439 9.0 104.0 4.4071 0.0 0.0 -0.126 0.31623 966.0 2.3505 9.0 113.0 6.3071 0.0 0.674 0.0 0.41231 961.0 2.5 8.0 
0.22868 83.38209 122.0 680.0 3.0 36.0 0.0 -1.0929 0.0 -0.626 0.1 998.0 1.0 21.0 45.0 0.0 -0.1929 0.0 -0.726 0.22361 996.0 1.2166 20.0 58.0 1.0071 0.0 0.0 -1.126 0.2 993.0 1.7179 20.0 62.0 2.3071 0.0 0.0 -1.326 0.2 991.0 1.7846 19.0 61.0 3.4071 0.0 0.0 -1.426 0.2 990.0 1.6524 18.0 
0.05169 234.6842 115.0 36.0 3.0 44.0 2.2071 0.0 0.874 0.0 0.2 997.0 1.2359 15.0 44.0 2.1071 0.0 0.174 0.0 0.14142 996.0 1.1632 14.0 46.0 2.4071 0.0 0.0 -0.226 0.0 995.0 1.2007 13.0 50.0 2.8071 0.0 0.0 -0.326 0.1 994.0 1.3439 13.0 55.0 3.5071 0.0 0.0 -0.126 0.1 992.0 1.4713 12.0 
0.10534 164.681 98.0 2391.0 3.0 56.0 0.0 -0.5929 3.074 0.0 0.42426 998.0 2.1353 16.0 54.0 0.9071 0.0 1.174 0.0 0.42426 996.0 1.752 12.0 64.0 2.5071 0.0 0.0 -0.626 0.36056 994.0 2.2019 13.0 70.0 4.2071 0.0 0.0 -2.226 0.28284 991.0 2.2749 12.0 75.0 5.8071 0.0 0.0 -3.626 0.36056 988.0 2.2981 10.0 
0.06379 171.69251 100.0 2771.0 3.0 54.0 0.0 -0.6929 2.874 0.0 0.42426 997.0 1.8615 17.0 60.0 1.0071 0.0 1.174 0.0 0.36056 996.0 2.1629 18.0 65.0 2.7071 0.0 0.0 -0.426 0.42426 994.0 2.2712 17.0 65.0 4.3071 0.0 0.0 -2.026 0.42426 993.0 2.1576 16.0 69.0 5.8071 0.0 0.0 -3.626 0.36056 991.0 2.2103 15.0 
0.16596 47.30299 85.0 579.0 3.0 59.0 0.0 -0.9929 3.674 0.0 0.72801 999.0 2.5 16.0 58.0 0.4071 0.0 0.0 -0.126 0.63246 998.0 2.2906 11.0 57.0 1.8071 0.0 0.0 -3.326 0.5831 997.0 2.074 14.0 58.0 3.4071 0.0 0.0 -5.726 0.42426 995.0 1.9088 12.0 62.0 5.0071 0.0 0.0 -7.326 0.36056 992.0 1.8696 11.0 
0.34698 148.24159 87.0 506.0 3.0 71.0 0.0 -1.0929 5.074 0.0 0.89443 1000.0 2.5 11.0 69.0 1.3071 0.0 0.274 0.0 0.80623 999.0 2.5 10.0 66.0 3.6071 0.0 0.0 -3.426 0.5831 997.0 2.5 9.0 66.0 5.6071 0.0 0.0 -6.426 0.5 995.0 2.4717 8.0 72.0 7.5071 0.0 0.0 -8.626 0.5 991.0 2.4067 9.0 
0.05287 153.45992 99.0 1254.0 3.0 50.0 0.0 -0.3929 3.174 0.0 0.5831 1000.0 1.9642 12.0 48.0 1.2071 0.0 0.674 0.0 0.44721 1000.0 1.8102 16.0 49.0 2.6071 0.0 0.0 -1.426 0.44721 999.0 1.7517 14.0 52.0 4.0071 0.0 0.0 -3.226 0.28284 997.0 1.7261 13.0 58.0 5.6071 0.0 0.0 -4.426 0.36056 996.0 2.0211 14.0 
0.01428 145.63887 91.0 77.0 3.0 75.0 0.0 -4.9929 2.774 0.0 0.92195 1000.0 2.5 13.0 70.0 0.0 -1.0929 0.0 -0.726 0.92195 999.0 2.5 11.0 66.0 2.3071 0.0 0.0 -3.726 0.70711 999.0 2.5 14.0 64.0 5.2071 0.0 0.0 -5.926 0.44721 997.0 2.5 12.0 66.0 7.6071 0.0 0.0 -7.526 0.44721 994.0 2.3416 11.0 
0.20203 56.66943 120.0 2076.0 3.0 48.0 0.0 -2.1929 0.374 0.0 0.31623 999.0 1.6809 14.0 53.0 0.0 -0.3929 0.0 -0.326 0.36056 996.0 1.6877 12.0 62.0 1.4071 0.0 0.0 -1.026 0.22361 993.0 1.9631 13.0 60.0 2.9071 0.0 0.0 -1.526 0.2 992.0 1.7509 12.0 64.0 4.1071 0.0 0.0 -1.526 0.22361 989.0 1.7431 11.0 
0.05324 256.2198 141.0 93.0 3.0 33.0 2.3071 0.0 0.874 0.0 0.1 1000.0 1.0 16.0 35.0 2.3071 0.0 0.074 0.0 0.2 999.0 1.0 14.0 41.0 2.4071 0.0 0.0 -0.726 0.22361 997.0 1.0731 16.0 45.0 2.8071 0.0 0.0 -1.426 0.0 996.0 1.2166 14.0 48.0 3.2071 0.0 0.0 -1.726 0.14142 994.0 1.2385 13.0 
0.09052 187.78321 101.0 1475.0 3.0 52.0 0.0 -0.3929 3.074 0.0 0.42426 1001.0 2.3015 21.0 51.0 1.3071 0.0 1.074 0.0 0.36056 1000.0 2.0435 18.0 53.0 2.7071 0.0 0.0 -0.526 0.28284 998.0 1.9127 16.0 53.0 3.9071 0.0 0.0 -1.726 0.28284 997.0 1.7931 15.0 54.0 5.2071 0.0 0.0 -2.526 0.31623 996.0 1.752 14.0 
0.09164 186.90786 95.0 2471.0 3.0 60.0 0.0 -0.8929 3.674 0.0 0.5831 999.0 2.5 14.0 61.0 1.2071 0.0 1.174 0.0 0.42426 997.0 2.3753 14.0 67.0 3.2071 0.0 0.0 -0.626 0.42426 994.0 2.4131 13.0 72.0 5.1071 0.0 0.0 -2.326 0.42426 991.0 2.4067 11.0 74.0 6.9071 0.0 0.0 -3.826 0.36056 989.0 2.3304 11.0 
0.17588 112.28057 90.0 179.0 3.0 32.0 0.0 -0.7929 0.0 -1.526 0.2 1002.0 1.0 19.0 38.0 0.4071 0.0 0.0 -0.926 0.31623 1001.0 1.2291 22.0 43.0 1.7071 0.0 0.0 -0.026 0.22361 1000.0 1.4527 19.0 45.0 3.0071 0.0 0.874 0.0 0.31623 1000.0 1.591 18.0 44.0 4.4071 0.0 1.574 0.0 0.22361 1000.0 1.5211 18.0 
0.06996 115.85159 108.0 29.0 3.0 57.0 0.0 -0.3929 2.974 0.0 0.5831 997.0 2.074 10.0 55.0 1.0071 0.0 0.274 0.0 0.44721 998.0 2.0598 13.0 55.0 2.3071 0.0 0.0 -1.826 0.36056 996.0 1.8174 12.0 59.0 3.7071 0.0 0.0 -3.326 0.22361 993.0 1.7777 10.0 68.0 5.0071 0.0 0.0 -4.226 0.22361 988.0 1.8891 11.0 
0.24767 32.11459 89.0 2885.0 3.0 73.0 0.0 -3.3929 5.074 0.0 1.0 1001.0 2.5 17.0 72.0 0.0 -0.0929 0.274 0.0 0.92195 1000.0 2.5 16.0 70.0 3.2071 0.0 0.0 -3.426 0.70711 999.0 2.5 14.0 66.0 6.2071 0.0 0.0 -5.926 0.64031 997.0 2.5 13.0 66.0 8.5071 0.0 0.0 -7.926 0.5 995.0 2.4717 14.0 
0.10593 124.78821 96.0 2641.0 3.0 55.0 0.0 -1.2929 3.574 0.0 0.5831 1000.0 2.3767 16.0 54.0 0.7071 0.0 0.874 0.0 0.42426 1000.0 2.291 15.0 54.0 2.7071 0.0 0.0 -1.126 0.36056 999.0 2.1274 18.0 57.0 4.7071 0.0 0.0 -2.326 0.31623 997.0 2.074 15.0 58.0 6.5071 0.0 0.0 -2.726 0.3 995.0 1.9088 14.0 
0.05155 87.97802 97.0 764.0 3.0 60.0 0.0 -3.2929 2.274 0.0 0.64031 1000.0 2.5 13.0 58.0 0.0 -0.5929 0.0 -0.526 0.56569 999.0 2.4542 11.0 56.0 1.9071 0.0 0.0 -2.526 0.5 999.0 2.2879 15.0 55.0 4.1071 0.0 0.0 -4.026 0.36056 997.0 1.931 13.0 58.0 6.0071 0.0 0.0 -5.226 0.36056 995.0 1.9088 11.0 
0.06284 267.62711 70.0 986.0 3.0 39.0 0.0 -0.3929 0.0 -3.026 0.28284 1002.0 1.4123 19.0 44.0 1.3071 0.0 0.0 -2.026 0.36056 1001.0 1.6478 17.0 46.0 3.2071 0.0 0.0 -0.926 0.36056 1001.0 1.801 16.0 45.0 5.2071 0.0 0.074 0.0 0.41231 1002.0 1.8803 17.0 43.0 7.2071 0.0 0.574 0.0 0.31623 1002.0 1.7168 17.0 
0.00486 135.31835 77.0 2884.0 3.0 62.0 0.0 -4.3929 2.674 0.0 0.86023 1002.0 2.5 18.0 70.0 0.0 -0.7929 0.0 -0.926 0.78102 1001.0 2.5 16.0 70.0 3.0071 0.0 0.0 -3.826 0.72111 1000.0 2.5 15.0 67.0 6.4071 0.0 0.0 -6.226 0.5831 999.0 2.5 18.0 66.0 8.9071 0.0 0.0 -8.226 0.5 997.0 2.5 15.0 
0.03067 166.63782 94.0 211.0 3.0 63.0 0.0 -4.3929 0.474 0.0 0.67082 998.0 2.5 10.0 67.0 0.0 -0.9929 0.0 -1.126 0.5831 997.0 2.5 13.0 68.0 1.9071 0.0 0.0 -2.526 0.44721 994.0 2.4857 11.0 75.0 4.4071 0.0 0.0 -3.426 0.41231 991.0 2.5 11.0 83.0 6.8071 0.0 0.0 -4.026 0.41231 985.0 2.5 10.0 
0.27223 22.67945 105.0 2361.0 3.0 49.0 0.0 -1.5929 2.374 0.0 0.5 1001.0 2.0436 17.0 48.0 0.1071 0.0 0.174 0.0 0.42426 1000.0 1.8102 16.0 49.0 1.7071 0.0 0.0 -1.426 0.36056 1000.0 1.8864 18.0 49.0 3.3071 0.0 0.0 -2.426 0.31623 999.0 1.7517 17.0 53.0 4.9071 0.0 0.0 -2.926 0.22361 997.0 1.7931 15.0 
0.05424 135.31835 106.0 569.0 3.0 39.0 0.0 -2.0929 0.674 0.0 0.36056 1002.0 1.4123 19.0 40.0 0.0 -0.7929 0.0 -0.926 0.28284 1001.0 1.3618 17.0 43.0 0.6071 0.0 0.0 -2.226 0.28284 1000.0 1.4527 16.0 47.0 2.1071 0.0 0.0 -3.326 0.36056 999.0 1.6116 14.0 53.0 3.9071 0.0 0.0 -4.126 0.31623 998.0 1.9127 16.0 
0.25099 34.21005 112.0 1620.0 3.0 44.0 0.1071 0.0 0.774 0.0 0.1 995.0 1.0985 15.0 45.0 0.3071 0.0 0.0 -0.026 0.14142 995.0 1.149 14.0 53.0 0.8071 0.0 0.0 -0.626 0.1 991.0 1.3041 12.0 63.0 1.6071 0.0 0.0 -0.926 0.2 986.0 1.5014 11.0 82.0 2.6071 0.0 0.0 -0.926 0.2 977.0 1.9077 10.0 
0.32242 46.71062 93.0 2439.0 3.0 59.0 0.0 -2.7929 0.0 -0.926 0.44721 999.0 2.5 17.0 66.0 0.0 -0.1929 0.374 0.0 0.44721 996.0 2.5 14.0 68.0 2.2071 0.0 1.274 0.0 0.41231 994.0 2.4857 13.0 71.0 4.7071 0.0 1.774 0.0 0.41231 993.0 2.5 12.0 68.0 7.1071 0.0 2.174 0.0 0.31623 994.0 2.4857 12.0 
0.09282 124.78821 99.0 516.0 3.0 49.0 0.0 -0.9929 2.174 0.0 0.42426 999.0 1.7517 14.0 50.0 0.7071 0.0 0.874 0.0 0.36056 998.0 1.7023 13.0 56.0 2.3071 0.0 0.0 -0.326 0.36056 996.0 1.8841 15.0 61.0 3.9071 0.0 0.0 -1.626 0.36056 994.0 2.0003 13.0 65.0 5.5071 0.0 0.0 -3.226 0.28284 993.0 2.1576 13.0 
0.02695 84.99922 85.0 2437.0 3.0 52.0 0.0 -2.2929 2.674 0.0 0.5831 999.0 1.9727 11.0 54.0 0.0 -0.6929 0.0 -0.326 0.5831 998.0 1.9855 10.0 56.0 0.8071 0.0 0.0 -2.926 0.5 996.0 1.8841 9.0 61.0 2.4071 0.0 0.0 -5.226 0.5 995.0 2.1114 11.0 71.0 4.1071 0.0 0.0 -7.326 0.42426 989.0 2.1453 9.0 
0.88759 52.6199 89.0 1831.0 3.0 81.0 0.0 -2.9929 1.874 0.0 0.53852 988.0 2.5 12.0 91.0 0.0071 0.0 0.474 0.0 0.44721 981.0 2.5 12.0 101.0 2.7071 0.0 0.0 -0.426 0.5099 975.0 2.5 13.0 123.0 5.6071 0.0 0.0 -0.926 0.5 959.0 2.5 10.0 135.0 8.8071 0.0 0.0 -1.126 0.5 951.0 2.5 9.0 
0.06427 233.34002 88.0 364.0 3.0 67.0 0.0 -0.1929 3.874 0.0 0.64031 998.0 2.5 16.0 66.0 1.8071 0.0 1.074 0.0 0.5 996.0 2.5 14.0 60.0 3.3071 0.0 0.0 -0.926 0.36056 996.0 2.1629 14.0 58.0 4.6071 0.0 0.0 -2.526 0.28284 995.0 1.9088 14.0 65.0 5.7071 0.0 0.0 -3.626 0.28284 990.0 1.8762 11.0 
0.52124 14.00819 105.0 2146.0 3.0 63.0 0.0 -2.4929 1.574 0.0 0.5 999.0 2.5 17.0 64.0 0.0071 0.0 0.0 -0.126 0.36056 997.0 2.5 15.0 59.0 2.1071 0.0 0.0 -0.926 0.31623 997.0 2.2221 15.0 53.0 3.9071 0.0 0.0 -1.326 0.2 997.0 1.7931 15.0 48.0 5.3071 0.0 0.0 -1.326 0.22361 998.0 1.5688 16.0 
0.03229 130.28802 98.0 2171.0 3.0 55.0 0.0 -3.3929 1.874 0.0 0.64031 1000.0 2.3767 12.0 54.0 0.0 -0.9929 0.0 -0.626 0.56569 1000.0 2.291 13.0 55.0 1.4071 0.0 0.0 -2.426 0.5 999.0 2.2069 14.0 58.0 3.6071 0.0 0.0 -3.926 0.36056 997.0 2.1474 12.0 63.0 5.6071 0.0 0.0 -5.026 0.44721 995.0 2.2521 14.0 
0.12617 45.28017 113.0 37.0 3.0 42.0 0.0 -0.5929 2.074 0.0 0.36056 1000.0 1.3859 12.0 43.0 0.4071 0.0 0.0 -0.026 0.36056 1000.0 1.4527 12.0 44.0 1.4071 0.0 0.0 -1.826 0.31623 998.0 1.3183 10.0 47.0 2.4071 0.0 0.0 -3.526 0.28284 997.0 1.4101 11.0 52.0 3.6071 0.0 0.0 -4.726 0.28284 995.0 1.5343 11.0 
0.13076 149.12413 89.0 1050.0 3.0 78.0 0.0 -1.8929 3.474 0.0 0.56569 990.0 2.5 9.0 82.0 0.8071 0.0 1.074 0.0 0.56569 988.0 2.5 11.0 91.0 3.4071 0.0 0.0 -0.926 0.5 981.0 2.5 9.0 101.0 5.9071 0.0 0.0 -2.626 0.44721 973.0 2.5 8.0 108.0 8.4071 0.0 0.0 -4.026 0.42426 967.0 2.5 7.0 
0.08366 214.03455 110.0 2452.0 3.0 42.0 0.0 -1.7929 0.0 -2.026 0.3 1001.0 1.5014 17.0 41.0 0.0 -0.0929 0.0 -1.926 0.3 1000.0 1.3207 16.0 42.0 1.4071 0.0 0.0 -1.926 0.22361 1000.0 1.3859 19.0 48.0 2.6071 0.0 0.0 -1.726 0.2 998.0 1.5688 16.0 50.0 3.8071 0.0 0.0 -1.526 0.22361 997.0 1.5959 15.0 
0.33338 67.60861 95.0 2365.0 3.0 56.0 0.0 -1.5929 0.0 -1.026 0.31623 996.0 1.8841 11.0 64.0 0.3071 0.0 0.0 -0.526 0.31623 991.0 1.9016 9.0 80.0 2.2071 0.0 0.274 0.0 0.44721 985.0 2.3346 10.0 100.0 4.3071 0.0 1.174 0.0 0.41231 973.0 2.5 7.0 104.0 6.7071 0.0 1.774 0.0 0.31623 970.0 2.5 7.0 
0.33097 39.17945 98.0 2543.0 3.0 47.0 0.0 -1.5929 1.874 0.0 0.42426 999.0 1.6116 18.0 51.0 0.3071 0.0 0.174 0.0 0.5 999.0 1.8976 19.0 53.0 2.3071 0.0 0.0 -1.226 0.44721 998.0 1.9127 18.0 55.0 4.2071 0.0 0.0 -2.326 0.31623 996.0 1.8174 18.0 61.0 5.9071 0.0 0.0 -3.026 0.31623 994.0 2.0003 17.0 
0.44434 69.35559 89.0 2841.0 3.0 68.0 0.0 -2.2929 4.574 0.0 0.86023 999.0 2.5 11.0 66.0 0.4071 0.0 0.474 0.0 0.70711 999.0 2.5 11.0 66.0 3.3071 0.0 0.0 -2.426 0.64031 998.0 2.5 13.0 69.0 6.0071 0.0 0.0 -5.026 0.56569 996.0 2.5 11.0 73.0 8.3071 0.0 0.0 -7.326 0.56569 993.0 2.5 13.0 
0.05961 135.31835 108.0 1309.0 3.0 59.0 0.0 -2.4929 0.674 0.0 0.36056 991.0 1.6161 11.0 69.0 0.0 -0.7929 0.0 -0.926 0.36056 987.0 1.8703 12.0 86.0 1.0071 0.0 0.0 -2.026 0.36056 975.0 1.9879 10.0 112.0 2.8071 0.0 0.0 -2.726 0.22361 949.0 2.0019 8.0 158.0 4.4071 0.0 0.0 -2.926 0.2 897.0 2.1981 7.0 
0.10963 161.73528 114.0 987.0 3.0 57.0 0.0 -0.9929 2.174 0.0 0.36056 996.0 1.952 12.0 61.0 0.7071 0.0 1.274 0.0 0.36056 993.0 1.9003 13.0 66.0 2.1071 0.0 0.474 0.0 0.28284 989.0 1.8538 11.0 72.0 3.2071 0.0 0.0 -0.226 0.28284 985.0 1.891 10.0 81.0 4.3071 0.0 0.0 -0.926 0.28284 979.0 1.9709 8.0 
0.02702 258.7797 91.0 941.0 3.0 79.0 0.0 -4.3929 0.0 -1.026 0.67082 991.0 2.5 9.0 98.0 0.0 -0.6929 0.0 -2.226 0.72801 983.0 2.5 8.0 114.0 3.0071 0.0 0.0 -2.526 0.6 971.0 2.5 7.0 112.0 5.8071 0.0 0.0 -2.326 0.4 964.0 2.5 6.0 100.0 7.9071 0.0 0.0 -2.226 0.3 971.0 2.4318 7.0 
0.05299 159.51385 98.0 1979.0 3.0 53.0 0.0 -3.0929 0.974 0.0 0.42426 1001.0 2.3909 17.0 52.0 0.0 -0.8929 0.0 -1.126 0.42426 1000.0 2.1245 15.0 53.0 1.1071 0.0 0.0 -2.726 0.44721 999.0 2.0493 14.0 57.0 3.2071 0.0 0.0 -3.926 0.41231 997.0 2.074 16.0 66.0 5.3071 0.0 0.0 -4.626 0.41231 994.0 2.3416 13.0 
0.20488 2.99167 117.0 391.0 3.0 50.0 0.0 -1.2929 2.374 0.0 0.44721 999.0 1.8239 11.0 49.0 0.0071 0.0 0.0 -0.026 0.36056 998.0 1.6349 10.0 49.0 1.2071 0.0 0.0 -1.826 0.28284 997.0 1.5327 13.0 52.0 2.4071 0.0 0.0 -3.026 0.22361 994.0 1.4536 11.0 59.0 3.6071 0.0 0.0 -3.626 0.2 989.0 1.4814 9.0 
0.04332 188.59636 87.0 2964.0 3.0 65.0 0.0 -3.5929 0.0 -1.126 0.5099 994.0 2.2712 12.0 82.0 0.0 -0.4929 0.0 -1.626 0.5099 989.0 2.5 11.0 102.0 2.9071 0.0 0.0 -2.426 0.60828 981.0 2.5 11.0 115.0 6.4071 0.0 0.0 -3.526 0.63246 972.0 2.5 9.0 116.0 9.9071 0.0 0.0 -4.826 0.5831 970.0 2.5 9.0 
0.11075 179.1179 87.0 2836.0 3.0 88.0 0.0 -1.7929 3.974 0.0 0.70711 987.0 2.5 11.0 94.0 1.1071 0.0 1.174 0.0 0.64031 983.0 2.5 10.0 114.0 4.1071 0.0 0.0 -0.926 0.5831 969.0 2.5 9.0 141.0 6.9071 0.0 0.0 -2.626 0.5 939.0 2.5 7.0 154.0 9.3071 0.0 0.0 -3.726 0.41231 919.0 2.5 6.0 
0.10841 219.05074 167.0 2662.0 3.0 65.0 0.0 -0.1929 2.974 0.0 0.42426 994.0 2.2712 13.0 67.0 1.5071 0.0 1.274 0.0 0.42426 993.0 2.2925 12.0 64.0 2.9071 0.0 0.0 -0.226 0.28284 992.0 1.9922 12.0 62.0 4.0071 0.0 0.0 -1.426 0.22361 992.0 1.8696 12.0 59.0 4.8071 0.0 0.0 -2.326 0.14142 991.0 1.6161 11.0 
0.01105 150.70376 88.0 3032.0 3.0 66.0 0.0 -3.8929 2.374 0.0 0.78102 998.0 2.5 11.0 67.0 0.0 -0.9929 0.0 -0.926 0.70711 997.0 2.5 14.0 69.0 1.8071 0.0 0.0 -3.626 0.64031 995.0 2.5 12.0 74.0 4.5071 0.0 0.0 -6.026 0.5 991.0 2.5 10.0 81.0 6.7071 0.0 0.0 -8.026 0.42426 985.0 2.3933 10.0 
0.05925 106.76945 95.0 902.0 3.0 60.0 0.0 -2.9929 1.674 0.0 0.64031 999.0 2.5 15.0 61.0 0.0 -0.4929 0.0 -0.826 0.56569 997.0 2.3753 13.0 64.0 1.9071 0.0 0.0 -2.626 0.44721 995.0 2.3242 11.0 71.0 4.2071 0.0 0.0 -3.726 0.41231 991.0 2.3403 12.0 76.0 6.4071 0.0 0.0 -4.126 0.4 987.0 2.269 10.0 
0.10026 203.06164 90.0 1295.0 3.0 59.0 0.0 -0.4929 4.074 0.0 0.64031 999.0 2.5 11.0 59.0 1.6071 0.0 0.874 0.0 0.5831 998.0 2.3703 10.0 62.0 3.5071 0.0 0.0 -2.026 0.5831 996.0 2.3095 9.0 66.0 5.1071 0.0 0.0 -4.826 0.53852 994.0 2.3416 11.0 75.0 6.5071 0.0 0.0 -7.526 0.53852 988.0 2.2981 8.0 
0.04109 106.76945 95.0 2013.0 3.0 51.0 0.0 -2.9929 1.274 0.0 0.56569 1001.0 2.2138 13.0 52.0 0.0 -0.4929 0.0 -0.826 0.5 1000.0 2.1245 12.0 51.0 1.7071 0.0 0.0 -2.726 0.42426 999.0 1.8976 11.0 52.0 3.5071 0.0 0.0 -4.526 0.42426 997.0 1.7261 10.0 55.0 5.1071 0.0 0.0 -6.226 0.28284 996.0 1.8174 10.0 
0.16751 158.18985 98.0 1931.0 3.0 41.0 0.9071 0.0 0.0 -1.526 0.22361 1000.0 1.3207 18.0 43.0 1.4071 0.0 0.0 -0.226 0.22361 999.0 1.3489 17.0 46.0 2.0071 0.0 0.974 0.0 0.22361 998.0 1.4408 16.0 48.0 2.8071 0.0 1.974 0.0 0.14142 997.0 1.4708 15.0 51.0 3.7071 0.0 2.674 0.0 0.22361 996.0 1.5627 14.0 
0.15549 137.92644 94.0 2357.0 3.0 55.0 0.0 -2.2929 2.074 0.0 0.5099 1000.0 2.3767 20.0 57.0 0.4071 0.0 1.174 0.0 0.41231 1000.0 2.5 18.0 57.0 2.9071 0.0 0.374 0.0 0.44721 999.0 2.3703 17.0 54.0 5.1071 0.0 0.0 -0.226 0.4 999.0 2.1274 17.0 50.0 7.0071 0.0 0.0 -0.026 0.36056 999.0 1.8239 17.0 
0.19496 116.39166 110.0 2202.0 3.0 51.0 0.2071 0.0 0.0 -1.826 0.22361 995.0 1.4759 14.0 64.0 0.9071 0.0 0.0 -0.526 0.36056 990.0 1.8189 11.0 72.0 1.9071 0.0 0.974 0.0 0.28284 987.0 2.0365 10.0 77.0 3.2071 0.0 2.274 0.0 0.28284 985.0 2.1628 9.0 76.0 4.6071 0.0 3.574 0.0 0.28284 987.0 2.269 10.0 
0.05331 103.65204 150.0 769.0 3.0 35.0 0.0 -1.6929 0.274 0.0 0.28284 1001.0 1.0427 13.0 33.0 0.0 -0.6929 0.0 -0.626 0.14142 1000.0 1.0 12.0 34.0 0.0071 0.0 0.0 -1.326 0.1 1000.0 1.0 16.0 37.0 0.7071 0.0 0.0 -1.826 0.1 999.0 1.0 14.0 42.0 1.4071 0.0 0.0 -2.226 0.1 996.0 1.0598 12.0 
0.25057 85.91761 92.0 1865.0 3.0 77.0 0.0 -2.1929 0.474 0.0 0.3 981.0 1.8924 10.0 109.0 0.0071 0.0 0.774 0.0 0.41231 965.0 2.5 11.0 130.0 2.4071 0.0 1.574 0.0 0.41231 948.0 2.5 9.0 143.0 4.9071 0.0 1.974 0.0 0.4 934.0 2.5 8.0 131.0 7.2071 0.0 1.774 0.0 0.4 945.0 2.5 9.0 
0.15289 22.93337 81.0 1734.0 3.0 70.0 0.0 -2.3929 4.674 0.0 0.89443 999.0 2.5 11.0 66.0 0.0 -0.1929 0.074 0.0 0.72111 998.0 2.5 10.0 64.0 1.7071 0.0 0.0 -3.726 0.5831 997.0 2.5 9.0 65.0 3.5071 0.0 0.0 -6.826 0.5831 995.0 2.3974 11.0 71.0 5.4071 0.0 0.0 -9.226 0.5 990.0 2.2386 9.0 
0.15855 145.46449 105.0 1173.0 3.0 58.0 0.0 -1.6929 2.074 0.0 0.41231 997.0 2.1474 15.0 61.0 0.3071 0.0 1.274 0.0 0.31623 995.0 2.1114 14.0 66.0 2.1071 0.0 0.574 0.0 0.31623 992.0 2.1186 12.0 70.0 3.7071 0.0 0.0 -0.126 0.31623 989.0 2.0853 11.0 73.0 5.3071 0.0 0.0 -0.826 0.22361 987.0 2.0934 10.0 
0.27677 67.73423 51.0 2956.0 3.0 55.0 0.0 -1.8929 2.674 0.0 0.5 1000.0 2.3767 20.0 58.0 0.2071 0.0 0.574 0.0 0.5 1000.0 2.5 18.0 58.0 2.6071 0.0 0.0 -1.026 0.44721 999.0 2.4542 17.0 56.0 4.9071 0.0 0.0 -2.226 0.44721 999.0 2.2879 17.0 50.0 7.0071 0.0 0.0 -3.126 0.31623 1000.0 1.9642 19.0 
0.06325 272.31914 110.0 2707.0 3.0 46.0 2.2071 0.0 2.774 0.0 0.4 998.0 1.4408 15.0 46.0 2.4071 0.0 0.474 0.0 0.31623 997.0 1.3508 18.0 47.0 2.8071 0.0 0.0 -1.326 0.31623 996.0 1.3272 17.0 50.0 3.4071 0.0 0.0 -2.626 0.22361 994.0 1.3439 16.0 58.0 4.2071 0.0 0.0 -3.426 0.14142 989.0 1.4316 15.0 
0.34659 42.77555 95.0 2653.0 3.0 42.0 0.0 -1.5929 0.574 0.0 0.2 999.0 1.2869 14.0 50.0 0.0 -0.0929 0.374 0.0 0.3 998.0 1.7023 16.0 60.0 1.7071 0.0 0.574 0.0 0.3 995.0 2.0427 14.0 72.0 3.8071 0.0 0.974 0.0 0.41231 991.0 2.4067 12.0 79.0 6.3071 0.0 1.474 0.0 0.41231 988.0 2.5 10.0 
0.43445 39.17945 90.0 476.0 3.0 66.0 0.0 -2.3929 3.774 0.0 0.72111 999.0 2.5 11.0 65.0 0.3071 0.0 0.174 0.0 0.70711 998.0 2.5 10.0 66.0 3.0071 0.0 0.0 -2.626 0.64031 997.0 2.5 13.0 72.0 5.7071 0.0 0.0 -5.026 0.64031 994.0 2.5 11.0 79.0 8.3071 0.0 0.0 -7.226 0.42426 990.0 2.5 11.0 
0.04169 126.59385 115.0 49.0 3.0 57.0 0.0 -2.3929 3.074 0.0 0.63246 999.0 2.3703 12.0 52.0 0.0 -1.0929 0.0 -0.326 0.5831 999.0 1.9727 15.0 51.0 0.2071 0.0 0.0 -2.826 0.36056 998.0 1.7711 14.0 51.0 1.6071 0.0 0.0 -4.426 0.28284 995.0 1.4759 12.0 56.0 3.0071 0.0 0.0 -5.226 0.22361 993.0 1.6015 13.0 
0.0852 124.78821 99.0 1381.0 3.0 40.0 0.0 -0.2929 2.774 0.0 0.31623 1000.0 1.2571 12.0 42.0 0.7071 0.0 0.874 0.0 0.42426 1000.0 1.3859 14.0 46.0 2.2071 0.0 0.0 -0.626 0.36056 999.0 1.5437 15.0 50.0 3.9071 0.0 0.0 -1.626 0.28284 998.0 1.7023 13.0 55.0 5.6071 0.0 0.0 -2.426 0.28284 996.0 1.8174 13.0 
0.15846 73.93353 121.0 1384.0 3.0 32.0 0.4071 0.0 0.774 0.0 0.1 999.0 1.0 15.0 37.0 0.6071 0.0 0.274 0.0 0.14142 999.0 1.0 17.0 42.0 1.0071 0.0 0.0 -0.226 0.14142 997.0 1.1261 16.0 51.0 1.7071 0.0 0.0 -0.826 0.14142 994.0 1.3982 13.0 57.0 2.5071 0.0 0.0 -1.426 0.14142 992.0 1.5802 12.0 
0.14791 102.71108 106.0 69.0 3.0 49.0 0.0 -1.4929 1.874 0.0 0.36056 1000.0 1.8864 15.0 50.0 0.5071 0.0 0.774 0.0 0.36056 999.0 1.8239 14.0 52.0 2.3071 0.0 0.0 -0.126 0.31623 998.0 1.8412 16.0 54.0 3.9071 0.0 0.0 -0.626 0.2 996.0 1.752 14.0 55.0 5.1071 0.0 0.0 -0.726 0.2 995.0 1.7165 13.0 
0.12532 151.62886 105.0 1456.0 3.0 40.0 0.0 -1.7929 1.174 0.0 0.3 999.0 1.1673 15.0 43.0 0.0 -0.4929 1.274 0.0 0.22361 999.0 1.3489 18.0 48.0 0.8071 0.0 1.774 0.0 0.22361 998.0 1.5688 16.0 55.0 2.2071 0.0 2.274 0.0 0.22361 995.0 1.7165 14.0 59.0 3.7071 0.0 2.774 0.0 0.31623 994.0 1.8713 13.0 
0.06663 195.86221 322.0 838.0 3.0 77.0 0.0 -0.6929 3.074 0.0 0.5 986.0 2.2429 8.0 87.0 1.1071 0.0 1.374 0.0 0.36056 979.0 2.2738 8.0 101.0 2.8071 0.0 0.574 0.0 0.31623 967.0 2.265 7.0 108.0 4.5071 0.0 0.374 0.0 0.2 959.0 2.2062 6.0 109.0 6.0071 0.0 0.574 0.0 0.22361 958.0 2.2064 6.0 
0.1402 108.29109 113.0 1390.0 3.0 36.0 0.0 -1.0929 0.0 -0.826 0.22361 1001.0 1.1031 17.0 42.0 0.3071 0.0 0.0 -0.926 0.3 999.0 1.2869 15.0 47.0 1.9071 0.0 0.0 -0.526 0.31623 998.0 1.5041 13.0 50.0 3.4071 0.0 0.0 -0.126 0.22361 997.0 1.5959 15.0 56.0 4.7071 0.0 0.0 -0.026 0.2 993.0 1.6015 13.0 
0.06868 111.65554 92.0 275.0 3.0 53.0 0.0 -2.7929 1.174 0.0 0.56569 1000.0 2.207 12.0 53.0 0.0 -0.3929 0.0 -0.926 0.44721 1000.0 2.207 16.0 55.0 2.0071 0.0 0.0 -2.226 0.44721 998.0 2.0598 14.0 60.0 4.5071 0.0 0.0 -3.026 0.41231 997.0 2.2981 12.0 68.0 7.1071 0.0 0.0 -3.426 0.41231 994.0 2.4857 13.0 
0.04884 168.68372 100.0 2831.0 3.0 47.0 0.1071 0.0 2.674 0.0 0.44721 1000.0 1.7355 16.0 49.0 1.4071 0.0 0.574 0.0 0.36056 999.0 1.7517 14.0 53.0 2.9071 0.0 0.0 -0.926 0.36056 998.0 1.9127 16.0 57.0 4.5071 0.0 0.0 -2.026 0.28284 996.0 1.952 14.0 59.0 6.0071 0.0 0.0 -2.826 0.22361 994.0 1.8713 13.0 
0.04984 227.22398 99.0 578.0 3.0 51.0 0.0 -2.1929 0.0 -1.426 0.36056 997.0 1.6604 13.0 59.0 0.0 -0.2929 0.0 -2.026 0.41231 994.0 1.8713 11.0 75.0 1.8071 0.0 0.0 -2.226 0.31623 989.0 2.3938 10.0 77.0 3.8071 0.0 0.0 -2.226 0.3 987.0 2.3291 10.0 77.0 5.7071 0.0 0.0 -2.126 0.3 986.0 2.2429 10.0 
0.13633 162.56959 87.0 2378.0 3.0 61.0 0.0 -3.0929 1.774 0.0 0.7 1000.0 2.5 12.0 61.0 0.5071 0.0 1.374 0.0 0.53852 1000.0 2.5 15.0 62.0 3.7071 0.0 0.474 0.0 0.5099 998.0 2.5 13.0 67.0 6.8071 0.0 0.0 -0.126 0.5099 996.0 2.5 11.0 74.0 9.7071 0.0 0.0 -0.026 0.5 993.0 2.5 13.0 
0.03933 251.98434 92.0 3062.0 3.0 60.0 0.0 -0.5929 4.274 0.0 0.64031 999.0 2.5 11.0 61.0 1.8071 0.0 1.374 0.0 0.64031 998.0 2.5 10.0 65.0 4.0071 0.0 0.0 -1.426 0.64031 995.0 2.3974 9.0 70.0 6.0071 0.0 0.0 -4.326 0.5831 993.0 2.5 10.0 80.0 7.6071 0.0 0.0 -7.126 0.53852 986.0 2.421 8.0 
0.35866 38.12432 60.0 2350.0 3.0 55.0 0.0 -2.3929 2.574 0.0 0.56569 1002.0 2.5 24.0 57.0 0.2071 0.0 0.274 0.0 0.64031 1001.0 2.5 21.0 58.0 2.9071 0.0 0.0 -1.626 0.53852 1001.0 2.5 20.0 54.0 5.5071 0.0 0.0 -3.026 0.5 1001.0 2.4819 20.0 50.0 7.8071 0.0 0.0 -4.226 0.44721 1001.0 2.1279 21.0 
0.14755 59.28963 90.0 881.0 3.0 58.0 0.0 -2.3929 0.974 0.0 0.42426 998.0 2.2906 9.0 66.0 0.0 -0.0929 0.0 -0.526 0.53852 995.0 2.4717 10.0 76.0 2.7071 0.0 0.0 -1.226 0.5 992.0 2.5 9.0 80.0 5.5071 0.0 0.0 -1.126 0.5099 989.0 2.5 8.0 80.0 8.2071 0.0 0.0 -0.326 0.41231 989.0 2.5 8.0 
0.04484 241.889 102.0 2534.0 3.0 56.0 0.2071 0.0 3.574 0.0 0.42426 998.0 2.1353 16.0 63.0 1.5071 0.0 1.574 0.0 0.42426 994.0 2.1336 13.0 67.0 2.9071 0.0 0.0 -0.226 0.36056 992.0 2.1833 12.0 70.0 4.3071 0.0 0.0 -1.726 0.36056 990.0 2.176 11.0 69.0 5.7071 0.0 0.0 -3.026 0.36056 990.0 2.1142 11.0 
0.18515 98.73925 97.0 1724.0 3.0 58.0 0.0 -1.3929 3.274 0.0 0.64031 998.0 2.2906 11.0 58.0 0.8071 0.0 0.374 0.0 0.56569 998.0 2.2906 14.0 58.0 2.7071 0.0 0.0 -2.226 0.5 997.0 2.1474 13.0 60.0 4.3071 0.0 0.0 -4.626 0.42426 994.0 1.9352 11.0 66.0 5.9071 0.0 0.0 -6.426 0.36056 991.0 2.0223 13.0 
0.46741 39.17945 84.0 1373.0 3.0 63.0 0.0 -2.3929 2.874 0.0 0.70711 1001.0 2.5 20.0 64.0 0.3071 0.0 0.174 0.0 0.5831 999.0 2.5 18.0 63.0 2.9071 0.0 0.0 -1.626 0.44721 998.0 2.5 16.0 57.0 5.2071 0.0 0.0 -2.826 0.41231 999.0 2.3703 16.0 49.0 7.1071 0.0 0.0 -3.526 0.2 999.0 1.7517 17.0 
0.13528 102.82857 59.0 3042.0 3.0 60.0 0.0 -1.8929 1.474 0.0 0.44721 997.0 2.2981 15.0 63.0 0.3071 0.0 0.874 0.0 0.41231 996.0 2.3846 14.0 60.0 2.5071 0.0 0.674 0.0 0.3 997.0 2.2981 14.0 57.0 4.5071 0.0 0.674 0.0 0.3 998.0 2.2123 15.0 53.0 6.5071 0.0 0.674 0.0 0.3 999.0 2.0493 16.0 
0.066 223.62372 130.0 2106.0 3.0 39.0 2.4071 0.0 0.0 -0.226 0.1 999.0 1.1096 17.0 38.0 2.0071 0.0 0.174 0.0 0.1 998.0 1.0 16.0 41.0 2.1071 0.0 0.574 0.0 0.1 997.0 1.0731 15.0 44.0 2.4071 0.0 1.074 0.0 0.1 996.0 1.1632 14.0 47.0 2.9071 0.0 1.374 0.0 0.14142 995.0 1.2535 14.0 
0.05986 212.05435 89.0 1344.0 3.0 67.0 0.0 -0.6929 3.974 0.0 0.5831 998.0 2.5 16.0 71.0 1.5071 0.0 1.174 0.0 0.56569 996.0 2.5 14.0 71.0 4.0071 0.0 0.0 -1.326 0.5 996.0 2.5 14.0 68.0 6.4071 0.0 0.0 -3.526 0.5 997.0 2.5 14.0 62.0 8.6071 0.0 0.0 -5.426 0.42426 997.0 2.4538 15.0 
0.18979 132.36053 112.0 3010.0 3.0 96.0 0.0 -0.8929 2.574 0.0 0.42426 973.0 2.3532 7.0 101.0 0.9071 0.0 0.774 0.0 0.42426 968.0 2.3153 8.0 124.0 2.5071 0.0 0.0 -0.726 0.28284 945.0 2.3095 7.0 127.0 3.8071 0.0 0.0 -1.826 0.14142 934.0 2.0853 6.0 133.0 4.8071 0.0 0.0 -2.526 0.22361 924.0 2.03 5.0 
0.08414 122.12656 138.0 280.0 3.0 29.0 0.0 -1.2929 0.0 -0.026 0.14142 1000.0 1.0 16.0 35.0 0.0 -0.9929 0.474 0.0 0.1 999.0 1.0 14.0 41.0 0.0 -0.7929 1.374 0.0 0.1 997.0 1.0731 14.0 45.0 0.0 -0.6929 2.374 0.0 0.14142 997.0 1.2927 15.0 47.0 0.0 -0.2929 3.374 0.0 0.14142 996.0 1.3272 15.0 
0.039 116.44034 109.0 2001.0 3.0 51.0 0.0 -2.6929 1.274 0.0 0.56569 1001.0 2.2138 13.0 49.0 0.0 -0.4929 0.0 -0.926 0.42426 1001.0 2.0436 15.0 47.0 1.4071 0.0 0.0 -2.626 0.36056 1000.0 1.7355 16.0 46.0 3.0071 0.0 0.0 -3.826 0.28284 999.0 1.5437 14.0 48.0 4.4071 0.0 0.0 -4.726 0.22361 997.0 1.4708 12.0 
0.05884 226.99612 102.0 2524.0 3.0 58.0 0.5071 0.0 0.0 -2.726 0.42426 994.0 1.8084 10.0 68.0 1.7071 0.0 0.0 -1.126 0.28284 990.0 2.0534 11.0 76.0 2.8071 0.0 0.274 0.0 0.22361 984.0 2.0343 9.0 84.0 3.9071 0.0 1.474 0.0 0.28284 979.0 2.1196 8.0 85.0 5.3071 0.0 2.474 0.0 0.36056 979.0 2.1704 8.0 
0.12963 64.81358 98.0 1092.0 3.0 43.0 0.0 -1.2929 1.174 0.0 0.31623 1000.0 1.4527 15.0 42.0 0.1071 0.0 0.574 0.0 0.2 999.0 1.2869 14.0 46.0 1.5071 0.0 0.174 0.0 0.31623 998.0 1.4408 17.0 56.0 3.1071 0.0 0.0 -0.226 0.41231 996.0 1.8841 14.0 64.0 5.1071 0.0 0.0 -0.526 0.31623 994.0 2.2019 13.0 
0.19364 75.52132 52.0 2917.0 3.0 29.0 0.0 -0.8929 0.874 0.0 0.1 1002.0 1.0 22.0 37.0 0.0 -0.0929 0.674 0.0 0.2 1001.0 1.1652 20.0 45.0 1.2071 0.0 0.674 0.0 0.31623 1000.0 1.591 18.0 52.0 3.2071 0.0 1.074 0.0 0.41231 1000.0 2.1245 18.0 58.0 5.9071 0.0 1.874 0.0 0.53852 1001.0 2.5 19.0 
0.17446 92.73958 83.0 1023.0 3.0 51.0 0.0 -1.2929 2.474 0.0 0.42426 1001.0 2.2138 17.0 46.0 0.6071 0.0 0.574 0.0 0.36056 1001.0 1.801 19.0 48.0 2.1071 0.0 0.0 -0.726 0.36056 1000.0 1.8102 18.0 49.0 3.7071 0.0 0.0 -1.626 0.28284 999.0 1.7517 17.0 54.0 5.4071 0.0 0.0 -2.326 0.41231 998.0 1.9855 16.0 
0.14068 141.78947 90.0 2873.0 3.0 67.0 0.0 -3.6929 1.074 0.0 0.6 998.0 2.5 16.0 81.0 0.0 -0.0929 1.274 0.0 0.7 994.0 2.5 13.0 81.0 3.6071 0.0 2.174 0.0 0.53852 993.0 2.5 12.0 75.0 6.3071 0.0 3.674 0.0 0.42426 992.0 2.5 12.0 72.0 8.1071 0.0 5.674 0.0 0.36056 991.0 2.4067 11.0 
0.07923 72.3143 100.0 1237.0 3.0 47.0 0.0 -1.9929 1.074 0.0 0.36056 998.0 1.5041 10.0 52.0 0.0 -0.4929 0.0 -0.426 0.42426 996.0 1.6246 9.0 61.0 1.2071 0.0 0.0 -1.826 0.42426 994.0 2.0003 10.0 71.0 3.0071 0.0 0.0 -3.126 0.36056 987.0 1.9803 8.0 88.0 4.7071 0.0 0.0 -4.226 0.36056 978.0 2.2599 8.0 
0.05999 183.86527 105.0 2738.0 3.0 41.0 0.4071 0.0 2.474 0.0 0.28284 1000.0 1.3207 16.0 44.0 1.4071 0.0 0.874 0.0 0.28284 1000.0 1.5211 19.0 48.0 2.5071 0.0 0.0 -0.426 0.28284 998.0 1.5688 17.0 52.0 3.8071 0.0 0.0 -1.426 0.28284 997.0 1.7261 15.0 54.0 5.2071 0.0 0.0 -2.426 0.22361 996.0 1.752 14.0 
0.04278 248.58317 91.0 2250.0 3.0 62.0 0.0 -0.5929 4.774 0.0 0.72111 1000.0 2.5 12.0 61.0 1.9071 0.0 1.174 0.0 0.67082 999.0 2.5 11.0 61.0 4.2071 0.0 0.0 -1.926 0.5831 998.0 2.5 12.0 61.0 6.2071 0.0 0.0 -4.526 0.56569 997.0 2.3753 13.0 62.0 7.9071 0.0 0.0 -6.726 0.5 994.0 2.0664 11.0 
0.07496 163.42753 97.0 984.0 3.0 59.0 0.0 -1.3929 4.174 0.0 0.64031 1001.0 2.5 13.0 56.0 1.0071 0.0 1.074 0.0 0.64031 1000.0 2.4639 12.0 55.0 3.0071 0.0 0.0 -1.626 0.56569 999.0 2.2069 11.0 55.0 4.8071 0.0 0.0 -4.026 0.42426 998.0 2.0598 13.0 57.0 6.4071 0.0 0.0 -5.826 0.42426 996.0 1.952 11.0 
0.28176 116.7183 88.0 645.0 3.0 66.0 0.0 -1.7929 4.074 0.0 0.72111 1000.0 2.5 20.0 65.0 0.8071 0.0 0.674 0.0 0.70711 998.0 2.5 18.0 67.0 3.7071 0.0 0.0 -1.426 0.5831 997.0 2.5 18.0 72.0 6.6071 0.0 0.0 -2.626 0.44721 994.0 2.5 17.0 73.0 9.0071 0.0 0.0 -3.526 0.41231 991.0 2.474 15.0 
0.31772 47.29257 101.0 3080.0 3.0 56.0 0.0 -2.4929 0.074 0.0 0.5099 1000.0 2.4639 19.0 57.0 0.0071 0.0 0.0 -0.426 0.41231 998.0 2.2123 16.0 55.0 2.1071 0.0 0.0 -0.526 0.3 998.0 2.0598 16.0 52.0 3.8071 0.0 0.0 -0.326 0.3 998.0 1.8412 15.0 51.0 5.3071 0.0 0.0 -0.126 0.3 998.0 1.7711 16.0 
0.08244 152.86463 106.0 2822.0 3.0 47.0 0.0 -2.6929 0.0 -0.226 0.31623 1000.0 1.7355 15.0 50.0 0.0 -0.7929 0.0 -1.126 0.36056 998.0 1.7023 13.0 56.0 1.1071 0.0 0.0 -1.926 0.31623 997.0 2.0019 15.0 61.0 2.9071 0.0 0.0 -2.326 0.31623 994.0 2.0003 13.0 65.0 4.7071 0.0 0.0 -2.626 0.22361 992.0 2.0549 12.0 
0.36655 70.10126 98.0 91.0 3.0 59.0 0.0 -1.4929 2.374 0.0 0.56569 997.0 2.2221 12.0 66.0 0.6071 0.0 0.174 0.0 0.42426 995.0 2.4717 11.0 67.0 2.5071 0.0 0.0 -1.726 0.42426 992.0 2.1833 9.0 75.0 4.2071 0.0 0.0 -3.126 0.31623 987.0 2.2097 10.0 84.0 5.8071 0.0 0.0 -3.826 0.31623 981.0 2.2521 8.0 
0.13833 171.42247 99.0 2291.0 3.0 61.0 0.0 -1.9929 0.0 -0.626 0.22361 989.0 1.5836 9.0 75.0 0.0 -0.5929 0.0 -1.426 0.31623 982.0 1.8533 9.0 103.0 1.0071 0.0 0.0 -1.826 0.3 959.0 2.0066 7.0 146.0 3.0071 0.0 0.0 -1.826 0.4 924.0 2.4462 6.0 149.0 5.2071 0.0 0.0 -1.826 0.4 922.0 2.4918 6.0 
0.03126 235.0142 114.0 1388.0 3.0 63.0 1.2071 0.0 2.374 0.0 0.36056 993.0 2.0269 12.0 63.0 2.0071 0.0 0.674 0.0 0.28284 992.0 1.9304 12.0 61.0 2.9071 0.0 0.0 -0.626 0.14142 991.0 1.7275 12.0 62.0 3.7071 0.0 0.0 -1.526 0.22361 988.0 1.5705 8.0 64.0 4.6071 0.0 0.0 -2.126 0.22361 987.0 1.6091 8.0 
0.26199 18.35579 119.0 115.0 3.0 42.0 0.0 -1.4929 1.074 0.0 0.36056 1001.0 1.5014 17.0 44.0 0.1071 0.0 0.0 -0.126 0.22361 1000.0 1.5211 15.0 45.0 1.6071 0.0 0.0 -0.726 0.31623 999.0 1.4773 16.0 48.0 2.9071 0.0 0.0 -0.926 0.3 997.0 1.4708 15.0 53.0 4.1071 0.0 0.0 -0.726 0.22361 995.0 1.5939 13.0 
0.24663 93.62417 108.0 2618.0 3.0 70.0 0.0 -1.2929 2.374 0.0 0.42426 990.0 2.176 9.0 73.0 0.5071 0.0 0.674 0.0 0.28284 986.0 2.0159 8.0 94.0 2.1071 0.0 0.0 -0.626 0.22361 973.0 2.2562 8.0 107.0 3.5071 0.0 0.0 -1.626 0.22361 960.0 2.2064 6.0 109.0 4.8071 0.0 0.0 -2.426 0.22361 957.0 2.167 6.0 
0.1211 48.64617 108.0 802.0 3.0 40.0 0.0 -1.3929 1.174 0.0 0.36056 1002.0 1.4856 24.0 40.0 0.0 -0.2929 0.0 -0.326 0.14142 1001.0 1.3618 21.0 40.0 0.6071 0.0 0.0 -0.926 0.2 1000.0 1.2571 18.0 41.0 1.6071 0.0 0.0 -0.926 0.14142 999.0 1.2264 17.0 42.0 2.5071 0.0 0.0 -0.326 0.14142 999.0 1.2869 17.0 
0.02339 124.72204 93.0 48.0 3.0 62.0 0.0 -4.1929 2.374 0.0 0.78102 1001.0 2.5 13.0 60.0 0.0 -0.9929 0.0 -0.526 0.70711 1001.0 2.5 17.0 60.0 1.8071 0.0 0.0 -3.326 0.64031 1000.0 2.5 15.0 59.0 4.4071 0.0 0.0 -5.626 0.5 998.0 2.3703 14.0 62.0 6.7071 0.0 0.0 -7.426 0.44721 997.0 2.4538 14.0 
0.06068 150.91047 114.0 1327.0 3.0 37.0 0.6071 0.0 2.074 0.0 0.31623 1000.0 1.0756 18.0 41.0 1.3071 0.0 0.374 0.0 0.36056 999.0 1.2264 16.0 45.0 2.3071 0.0 0.0 -1.526 0.36056 999.0 1.4773 15.0 45.0 3.4071 0.0 0.0 -3.226 0.36056 998.0 1.3789 14.0 47.0 4.6071 0.0 0.0 -4.626 0.22361 997.0 1.4101 17.0 
0.15871 100.68908 87.0 1409.0 3.0 61.0 0.0 -1.5929 2.974 0.0 0.5 998.0 2.5 12.0 64.0 0.6071 0.0 0.674 0.0 0.5 997.0 2.5 14.0 72.0 3.1071 0.0 0.0 -1.126 0.5 994.0 2.5 13.0 76.0 5.6071 0.0 0.0 -2.526 0.44721 991.0 2.5 11.0 76.0 8.0071 0.0 0.0 -3.526 0.44721 991.0 2.5 11.0 
0.13539 143.27028 92.0 2233.0 3.0 50.0 0.0 -1.8929 2.074 0.0 0.41231 999.0 1.8239 19.0 53.0 0.2071 0.0 1.274 0.0 0.41231 998.0 1.9127 17.0 61.0 2.5071 0.0 0.474 0.0 0.31623 996.0 2.2356 19.0 70.0 4.9071 0.0 0.074 0.0 0.4 994.0 2.5 16.0 73.0 7.4071 0.0 0.374 0.0 0.41231 992.0 2.5 15.0 
0.09917 169.69959 110.0 2366.0 3.0 45.0 0.0 -1.9929 0.0 -1.426 0.3 1000.0 1.591 16.0 47.0 0.0 -0.0929 0.0 -1.526 0.3 999.0 1.6116 14.0 52.0 1.6071 0.0 0.0 -1.626 0.2 997.0 1.7261 16.0 55.0 3.0071 0.0 0.0 -1.426 0.2 995.0 1.7165 14.0 57.0 4.4071 0.0 0.0 -0.826 0.22361 995.0 1.8436 13.0 
0.09125 132.36053 108.0 324.0 3.0 44.0 0.0 -0.3929 1.874 0.0 0.28284 999.0 1.4124 15.0 47.0 0.9071 0.0 0.774 0.0 0.31623 998.0 1.5041 17.0 53.0 2.3071 0.0 0.0 -0.026 0.22361 996.0 1.6877 14.0 56.0 3.5071 0.0 0.0 -0.526 0.22361 994.0 1.6858 13.0 59.0 4.8071 0.0 0.0 -1.026 0.2 993.0 1.7777 12.0 
0.32992 51.90795 95.0 2924.0 3.0 45.0 0.0 -1.9929 0.274 0.0 0.28284 999.0 1.4773 14.0 54.0 0.0 -0.1929 0.0 -0.426 0.31623 998.0 1.9855 16.0 66.0 2.0071 0.0 0.0 -1.026 0.31623 994.0 2.3416 13.0 68.0 4.2071 0.0 0.0 -1.526 0.41231 993.0 2.3614 12.0 71.0 6.5071 0.0 0.0 -1.826 0.4 992.0 2.4518 12.0 
0.0688 136.94208 82.0 416.0 3.0 47.0 0.0 -1.0929 2.074 0.0 0.31623 1000.0 1.7355 15.0 49.0 0.6071 0.0 1.074 0.0 0.31623 999.0 1.7517 13.0 52.0 2.1071 0.0 0.174 0.0 0.22361 997.0 1.7261 11.0 52.0 3.3071 0.0 0.0 -0.626 0.22361 996.0 1.6246 11.0 52.0 4.5071 0.0 0.0 -1.226 0.22361 996.0 1.6246 10.0 
0.03704 221.02456 105.0 553.0 3.0 55.0 0.0 -3.7929 0.0 -0.026 0.5831 1001.0 2.5 13.0 52.0 0.0 -0.9929 0.0 -1.726 0.5 1001.0 2.3015 17.0 49.0 1.3071 0.0 0.0 -2.826 0.36056 1000.0 1.8864 15.0 48.0 3.1071 0.0 0.0 -3.626 0.31623 998.0 1.5688 13.0 51.0 4.6071 0.0 0.0 -4.126 0.31623 997.0 1.6604 15.0 
0.26635 61.36266 80.0 2694.0 3.0 49.0 0.0 -1.3929 1.974 0.0 0.42426 1000.0 1.8864 19.0 52.0 0.4071 0.0 0.374 0.0 0.42426 1000.0 2.1245 18.0 55.0 2.5071 0.0 0.0 -0.826 0.41231 999.0 2.2069 17.0 55.0 4.8071 0.0 0.0 -1.526 0.41231 999.0 2.2069 17.0 52.0 7.0071 0.0 0.0 -2.126 0.41231 1000.0 2.1245 18.0 
0.10751 146.67239 92.0 2994.0 3.0 65.0 0.0 -3.8929 0.0 -0.826 0.5099 997.0 2.5 15.0 73.0 0.0 -0.4929 0.0 -1.226 0.60828 995.0 2.5 15.0 78.0 2.9071 0.0 0.0 -2.026 0.5099 993.0 2.5 16.0 80.0 5.5071 0.0 0.0 -2.626 0.41231 987.0 2.5 13.0 83.0 7.5071 0.0 0.0 -3.026 0.31623 982.0 2.2698 11.0 
0.07825 166.80558 107.0 1370.0 3.0 37.0 0.0 -0.4929 0.0 -1.926 0.22361 999.0 1.0 11.0 44.0 0.7071 0.0 0.0 -1.326 0.22361 998.0 1.3183 13.0 49.0 2.0071 0.0 0.0 -0.926 0.31623 996.0 1.4425 12.0 57.0 3.4071 0.0 0.0 -0.726 0.31623 994.0 1.7465 13.0 67.0 4.8071 0.0 0.0 -0.826 0.3 989.0 1.9104 11.0 
0.3558 53.94034 115.0 597.0 3.0 73.0 0.0 -0.9929 1.974 0.0 0.22361 981.0 1.7009 10.0 83.0 0.1071 0.0 0.474 0.0 0.36056 975.0 1.8516 9.0 114.0 1.6071 0.0 0.0 -0.826 0.31623 950.0 2.1069 8.0 125.0 3.1071 0.0 0.0 -1.826 0.22361 941.0 2.2165 9.0 157.0 4.3071 0.0 0.0 -2.526 0.22361 898.0 2.1892 7.0 
0.79746 21.60552 96.0 2470.0 3.0 72.0 0.0 -2.6929 1.874 0.0 0.64031 992.0 2.5 14.0 77.0 0.0 -0.1929 0.0 -0.026 0.44721 987.0 2.3291 14.0 90.0 1.9071 0.0 0.0 -1.126 0.31623 979.0 2.4333 13.0 89.0 3.8071 0.0 0.0 -1.426 0.31623 978.0 2.3115 13.0 97.0 5.8071 0.0 0.0 -1.626 0.41231 973.0 2.4025 12.0 
0.07961 104.04475 104.0 891.0 3.0 45.0 0.0 -1.7929 0.674 0.0 0.36056 996.0 1.2166 13.0 53.0 0.0 -0.5929 0.0 -0.726 0.36056 993.0 1.4345 11.0 63.0 0.8071 0.0 0.0 -2.326 0.36056 991.0 1.8426 13.0 75.0 2.5071 0.0 0.0 -3.626 0.36056 984.0 1.9811 12.0 94.0 4.4071 0.0 0.0 -4.326 0.31623 970.0 2.0988 10.0 
0.03934 210.50196 122.0 2623.0 3.0 34.0 0.8071 0.0 2.374 0.0 0.22361 1000.0 1.0 16.0 37.0 1.3071 0.0 1.374 0.0 0.14142 999.0 1.0 15.0 42.0 2.0071 0.0 0.574 0.0 0.28284 997.0 1.1261 13.0 49.0 2.9071 0.0 0.0 -0.126 0.14142 996.0 1.4425 14.0 55.0 3.8071 0.0 0.0 -0.326 0.1 993.0 1.5448 12.0 
0.22015 136.94208 96.0 1226.0 3.0 87.0 0.0 -2.5929 4.374 0.0 0.84853 992.0 2.5 9.0 86.0 0.6071 0.0 1.074 0.0 0.64031 989.0 2.5 9.0 95.0 3.3071 0.0 0.0 -1.226 0.5 981.0 2.5 9.0 108.0 5.4071 0.0 0.0 -2.826 0.36056 965.0 2.4819 7.0 115.0 7.0071 0.0 0.0 -3.926 0.28284 953.0 2.2513 6.0 
0.18145 181.46604 95.0 2249.0 3.0 69.0 0.0 -1.4929 2.474 0.0 0.44721 989.0 2.0261 9.0 77.0 0.7071 0.0 1.474 0.0 0.41231 986.0 2.2429 10.0 96.0 3.0071 0.0 0.974 0.0 0.31623 976.0 2.5 10.0 110.0 5.1071 0.0 0.474 0.0 0.31623 963.0 2.4717 8.0 122.0 6.9071 0.0 0.0 -0.126 0.36056 949.0 2.3753 7.0 
0.34079 10.70814 103.0 844.0 3.0 53.0 0.0 -1.9929 1.974 0.0 0.5 998.0 1.9127 10.0 58.0 0.0 -0.0929 0.0 -0.026 0.42426 997.0 2.1474 12.0 63.0 1.7071 0.0 0.0 -1.626 0.36056 993.0 2.0269 10.0 67.0 3.4071 0.0 0.0 -2.826 0.36056 991.0 2.0841 12.0 82.0 5.0071 0.0 0.0 -3.626 0.31623 981.0 2.1462 9.0 
0.2458 53.71602 111.0 949.0 3.0 52.0 0.0 -1.8929 2.074 0.0 0.5 1002.0 2.5 23.0 49.0 0.3071 0.0 0.374 0.0 0.36056 1001.0 2.0436 21.0 46.0 2.1071 0.0 0.0 -0.526 0.2 1000.0 1.6625 19.0 43.0 3.3071 0.0 0.0 -0.426 0.22361 999.0 1.3489 17.0 44.0 4.4071 0.0 0.374 0.0 0.14142 999.0 1.4124 17.0 
0.06274 148.01451 123.0 3053.0 3.0 69.0 0.0 -0.5929 2.674 0.0 0.42426 993.0 2.4314 12.0 67.0 1.0071 0.0 0.874 0.0 0.28284 992.0 2.1833 12.0 66.0 2.2071 0.0 0.0 -0.526 0.28284 990.0 1.9344 11.0 69.0 3.2071 0.0 0.0 -1.526 0.22361 987.0 1.8703 10.0 68.0 4.2071 0.0 0.0 -2.226 0.14142 987.0 1.8165 10.0 
0.12706 197.27253 91.0 2498.0 3.0 52.0 0.0 -2.4929 1.474 0.0 0.41231 999.0 1.9727 14.0 60.0 0.1071 0.0 1.774 0.0 0.5 998.0 2.4513 12.0 65.0 2.9071 0.0 1.374 0.0 0.5099 996.0 2.5 11.0 66.0 5.5071 0.0 0.574 0.0 0.41231 995.0 2.4717 10.0 66.0 7.8071 0.0 0.0 -0.326 0.31623 993.0 2.2245 10.0 
0.15767 108.43208 100.0 2287.0 3.0 68.0 0.0 -0.7929 2.174 0.0 0.28284 991.0 2.1467 11.0 68.0 0.7071 0.0 0.674 0.0 0.36056 991.0 2.1467 12.0 77.0 2.4071 0.0 0.0 -0.726 0.36056 987.0 2.3291 10.0 83.0 4.1071 0.0 0.0 -2.126 0.36056 983.0 2.3454 9.0 85.0 5.8071 0.0 0.0 -3.426 0.28284 981.0 2.3061 9.0 
0.09565 132.05205 99.0 1072.0 3.0 60.0 0.0 -1.6929 3.574 0.0 0.64031 1000.0 2.5 15.0 60.0 0.8071 0.0 0.874 0.0 0.56569 999.0 2.5 14.0 57.0 3.0071 0.0 0.0 -1.226 0.42426 998.0 2.2123 13.0 56.0 4.8071 0.0 0.0 -2.926 0.36056 996.0 1.8841 12.0 60.0 6.2071 0.0 0.0 -4.526 0.36056 994.0 1.9352 13.0 
0.06532 197.65626 106.0 2743.0 3.0 53.0 0.0 -1.0929 2.274 0.0 0.31623 998.0 1.9127 13.0 52.0 0.6071 0.0 1.674 0.0 0.31623 996.0 1.6246 12.0 57.0 1.9071 0.0 1.074 0.0 0.22361 994.0 1.7465 13.0 64.0 3.2071 0.0 0.474 0.0 0.22361 990.0 1.8189 11.0 71.0 4.5071 0.0 0.0 -0.026 0.2 987.0 1.9803 10.0 
0.05577 215.72034 104.0 2455.0 3.0 47.0 1.0071 0.0 2.974 0.0 0.41231 1000.0 1.7355 12.0 47.0 1.9071 0.0 0.374 0.0 0.44721 999.0 1.6116 11.0 48.0 2.9071 0.0 0.0 -1.826 0.36056 998.0 1.5688 10.0 51.0 4.1071 0.0 0.0 -3.626 0.31623 997.0 1.6604 12.0 57.0 5.2071 0.0 0.0 -5.126 0.28284 993.0 1.6592 10.0 
0.38338 85.49496 90.0 2794.0 3.0 65.0 0.0 -2.3929 2.474 0.0 0.5831 998.0 2.5 9.0 71.0 0.6071 0.0 0.474 0.0 0.5831 996.0 2.5 11.0 75.0 3.4071 0.0 0.0 -1.226 0.44721 993.0 2.5 9.0 72.0 5.7071 0.0 0.0 -2.626 0.36056 992.0 2.5 9.0 61.0 7.4071 0.0 0.0 -3.726 0.31623 995.0 2.1114 10.0 
0.13882 37.62661 90.0 457.0 3.0 72.0 0.0 -3.6929 3.674 0.0 1.0 1000.0 2.5 12.0 70.0 0.0 -0.0929 0.0 -0.326 0.84853 1000.0 2.5 16.0 67.0 3.1071 0.0 0.0 -3.326 0.70711 999.0 2.5 14.0 65.0 5.7071 0.0 0.0 -5.826 0.5 997.0 2.5 12.0 66.0 8.0071 0.0 0.0 -7.426 0.42426 995.0 2.4717 14.0 
0.06215 161.73528 114.0 3079.0 3.0 60.0 0.0 -0.5929 1.974 0.0 0.28284 993.0 1.8385 12.0 63.0 0.7071 0.0 1.274 0.0 0.22361 991.0 1.8426 11.0 64.0 1.9071 0.0 0.874 0.0 0.22361 990.0 1.8189 11.0 65.0 3.0071 0.0 0.574 0.0 0.1 988.0 1.7261 10.0 67.0 4.0071 0.0 0.474 0.0 0.2 987.0 1.7634 10.0 
0.0798 164.18421 100.0 409.0 3.0 44.0 0.0 -2.0929 0.0 -0.726 0.31623 1000.0 1.5211 16.0 46.0 0.0 -0.3929 0.0 -1.426 0.31623 999.0 1.5437 14.0 52.0 1.4071 0.0 0.0 -2.126 0.31623 998.0 1.8412 17.0 58.0 3.3071 0.0 0.0 -2.726 0.31623 996.0 2.0211 14.0 64.0 5.2071 0.0 0.0 -3.126 0.31623 994.0 2.2019 13.0 
0.4314 83.80069 46.0 2698.0 3.0 38.0 0.0 -1.9929 0.0 -1.026 0.4 1002.0 1.3408 25.0 48.0 0.2071 0.0 0.0 -0.726 0.41231 1001.0 1.961 21.0 60.0 2.9071 0.0 0.174 0.0 0.60828 1000.0 2.5 19.0 61.0 6.2071 0.0 0.874 0.0 0.5099 1000.0 2.5 19.0 55.0 9.2071 0.0 1.274 0.0 0.41231 1001.0 2.5 20.0 
0.04356 219.05074 83.0 2645.0 3.0 47.0 0.0 -0.2929 3.074 0.0 0.5 1002.0 2.0511 13.0 45.0 1.5071 0.0 1.274 0.0 0.42426 1001.0 1.7236 17.0 45.0 3.0071 0.0 0.0 -0.126 0.28284 1000.0 1.591 14.0 46.0 4.3071 0.0 0.0 -1.126 0.22361 999.0 1.5437 13.0 47.0 5.6071 0.0 0.0 -1.826 0.22361 999.0 1.6116 12.0 
0.00845 157.02583 87.0 3000.0 3.0 63.0 0.0 -4.2929 1.374 0.0 0.86023 1001.0 2.5 18.0 66.0 0.0 -0.4929 0.0 -1.326 0.72111 1001.0 2.5 17.0 69.0 3.2071 0.0 0.0 -3.826 0.72111 999.0 2.5 15.0 67.0 6.5071 0.0 0.0 -6.326 0.64031 998.0 2.5 13.0 68.0 9.1071 0.0 0.0 -8.526 0.42426 996.0 2.5 15.0 
0.34814 27.7603 94.0 2775.0 3.0 58.0 0.0 -2.7929 1.374 0.0 0.5831 1001.0 2.5 12.0 59.0 0.1071 0.0 0.0 -0.226 0.5831 1000.0 2.5 14.0 61.0 2.7071 0.0 0.0 -1.526 0.44721 998.0 2.5 12.0 60.0 5.0071 0.0 0.0 -2.626 0.31623 997.0 2.2981 11.0 56.0 7.0071 0.0 0.0 -3.426 0.22361 997.0 2.0019 11.0 
0.24089 2.99167 98.0 1461.0 3.0 42.0 0.0 -1.6929 1.674 0.0 0.36056 1001.0 1.5014 13.0 44.0 0.0071 0.0 0.0 -0.026 0.42426 1001.0 1.6478 17.0 47.0 1.7071 0.0 0.0 -1.726 0.42426 1000.0 1.7355 16.0 50.0 3.5071 0.0 0.0 -3.326 0.44721 999.0 1.8239 15.0 54.0 5.5071 0.0 0.0 -4.626 0.36056 998.0 1.9855 13.0 
0.08875 210.69561 86.0 2489.0 3.0 83.0 0.0 -2.1929 5.174 0.0 0.92195 996.0 2.5 12.0 81.0 1.4071 0.0 1.274 0.0 0.78102 996.0 2.5 15.0 84.0 4.7071 0.0 0.0 -2.126 0.78102 992.0 2.5 13.0 87.0 7.4071 0.0 0.0 -5.326 0.64031 987.0 2.5 11.0 99.0 9.5071 0.0 0.0 -7.926 0.5 976.0 2.5 10.0 
0.14598 121.16942 96.0 816.0 3.0 32.0 0.0 -1.5929 0.474 0.0 0.14142 1002.0 1.0 24.0 41.0 0.0 -0.4929 0.974 0.0 0.22361 1000.0 1.3207 20.0 45.0 1.1071 0.0 1.574 0.0 0.31623 1000.0 1.591 20.0 54.0 3.3071 0.0 2.274 0.0 0.41231 1000.0 2.291 18.0 57.0 5.9071 0.0 2.774 0.0 0.41231 999.0 2.3703 18.0 
0.16945 146.15655 110.0 2134.0 3.0 61.0 0.6071 0.0 0.0 -2.226 0.22361 989.0 1.5836 12.0 79.0 1.2071 0.0 0.0 -0.526 0.36056 983.0 2.1248 12.0 97.0 2.1071 0.0 1.574 0.0 0.44721 973.0 2.4025 10.0 104.0 3.4071 0.0 3.874 0.0 0.42426 969.0 2.5 9.0 107.0 5.0071 0.0 5.974 0.0 0.44721 967.0 2.5 9.0 
0.15779 92.73958 112.0 2987.0 3.0 43.0 0.0 -0.6929 2.374 0.0 0.36056 1001.0 1.5738 17.0 44.0 0.6071 0.0 0.574 0.0 0.36056 1000.0 1.5211 16.0 47.0 2.1071 0.0 0.0 -0.926 0.28284 999.0 1.6116 14.0 50.0 3.6071 0.0 0.0 -2.126 0.22361 998.0 1.7023 17.0 53.0 4.9071 0.0 0.0 -2.826 0.31623 996.0 1.6877 14.0 
0.15594 101.0933 99.0 1356.0 3.0 55.0 0.0 -1.8929 2.474 0.0 0.64031 1001.0 2.5 17.0 54.0 0.7071 0.0 0.574 0.0 0.5 1000.0 2.291 16.0 54.0 3.1071 0.0 0.0 -0.826 0.42426 999.0 2.1274 14.0 55.0 5.0071 0.0 0.0 -2.226 0.36056 998.0 2.0598 16.0 57.0 6.5071 0.0 0.0 -3.526 0.28284 995.0 1.8436 14.0 
0.08696 84.17478 107.0 3122.0 3.0 37.0 0.0 -0.4929 1.574 0.0 0.28284 1000.0 1.0756 12.0 39.0 0.7071 0.0 0.274 0.0 0.28284 1000.0 1.195 12.0 43.0 1.9071 0.0 0.0 -1.026 0.42426 999.0 1.3489 11.0 47.0 3.3071 0.0 0.0 -2.626 0.36056 998.0 1.5041 10.0 52.0 4.7071 0.0 0.0 -4.326 0.42426 996.0 1.6246 9.0 
0.22787 70.24699 95.0 1562.0 3.0 60.0 0.0 -2.6929 0.0 -0.526 0.4 996.0 2.1629 12.0 69.0 0.0 -0.0929 0.0 -0.626 0.4 992.0 2.3156 10.0 79.0 2.4071 0.0 0.0 -0.726 0.4 987.0 2.4517 10.0 95.0 4.6071 0.0 0.0 -0.926 0.3 975.0 2.4258 8.0 109.0 6.6071 0.0 0.0 -1.026 0.3 961.0 2.3336 6.0 
0.05864 192.11039 101.0 3058.0 3.0 48.0 0.0 -2.8929 0.0 -0.726 0.41231 1001.0 1.961 17.0 49.0 0.0 -0.5929 0.0 -1.626 0.41231 1000.0 1.8864 16.0 51.0 1.5071 0.0 0.0 -2.226 0.31623 999.0 1.8976 18.0 55.0 3.4071 0.0 0.0 -2.826 0.31623 998.0 2.0598 16.0 59.0 5.3071 0.0 0.0 -3.526 0.31623 996.0 2.0914 14.0 
0.18675 2.99167 102.0 674.0 3.0 39.0 0.0 -0.9929 1.274 0.0 0.28284 1001.0 1.2946 16.0 42.0 0.0071 0.0 0.0 -0.026 0.28284 1000.0 1.3859 15.0 46.0 1.3071 0.0 0.0 -1.226 0.28284 999.0 1.5437 14.0 50.0 2.7071 0.0 0.0 -2.226 0.36056 998.0 1.7023 16.0 58.0 4.2071 0.0 0.0 -3.026 0.31623 995.0 1.9088 13.0 
0.13672 185.81567 108.0 2582.0 3.0 57.0 0.0 -1.8929 1.874 0.0 0.31623 995.0 1.8436 11.0 70.0 0.0071 0.0 1.674 0.0 0.3 990.0 2.176 11.0 71.0 1.9071 0.0 1.674 0.0 0.3 989.0 2.1453 11.0 74.0 3.7071 0.0 1.574 0.0 0.22361 987.0 2.1512 10.0 71.0 5.2071 0.0 1.074 0.0 0.22361 987.0 1.9803 10.0 
0.0952 194.32503 117.0 153.0 3.0 63.0 0.0 -2.8929 0.0 -1.226 0.41231 995.0 2.2521 11.0 72.0 0.0 -0.2929 0.0 -1.726 0.41231 992.0 2.5 12.0 81.0 2.0071 0.0 0.0 -1.826 0.4 985.0 2.3933 10.0 80.0 3.9071 0.0 0.0 -1.926 0.22361 983.0 2.1789 9.0 73.0 5.1071 0.0 0.0 -2.426 0.22361 984.0 1.8769 9.0 
0.07216 150.91047 96.0 2094.0 3.0 41.0 0.9071 0.0 1.374 0.0 0.14142 998.0 1.1446 12.0 48.0 1.3071 0.0 0.374 0.0 0.14142 996.0 1.3843 10.0 53.0 2.1071 0.0 0.0 -0.526 0.22361 995.0 1.5939 10.0 55.0 3.3071 0.0 0.0 -1.326 0.22361 996.0 1.8174 10.0 54.0 4.6071 0.0 0.0 -2.226 0.36056 997.0 1.8615 11.0 
0.36999 59.58399 106.0 2685.0 3.0 47.0 0.0 -1.5929 0.0 -1.326 0.31623 998.0 1.5041 10.0 53.0 0.1071 0.0 0.0 -0.526 0.31623 997.0 1.7931 12.0 61.0 1.8071 0.0 0.474 0.0 0.36056 993.0 1.9003 10.0 70.0 3.4071 0.0 1.474 0.0 0.36056 988.0 2.0019 8.0 77.0 4.9071 0.0 2.174 0.0 0.31623 983.0 2.0186 7.0 
0.05118 258.10129 94.0 1017.0 3.0 54.0 0.0071 0.0 4.174 0.0 0.5831 1001.0 2.4819 18.0 56.0 2.0071 0.0 1.174 0.0 0.64031 1000.0 2.4639 16.0 58.0 4.0071 0.0 0.0 -1.726 0.5831 999.0 2.4542 14.0 57.0 5.6071 0.0 0.0 -4.226 0.5 997.0 2.074 13.0 59.0 7.1071 0.0 0.0 -6.026 0.36056 995.0 1.9752 14.0 
0.08295 189.09548 109.0 1518.0 3.0 55.0 0.0 -0.2929 2.874 0.0 0.36056 996.0 1.8174 11.0 62.0 1.0071 0.0 1.374 0.0 0.36056 994.0 2.0664 13.0 65.0 2.4071 0.0 0.274 0.0 0.28284 991.0 1.9615 11.0 65.0 3.7071 0.0 0.0 -0.526 0.22361 991.0 1.9615 11.0 62.0 5.1071 0.0 0.0 -1.326 0.22361 993.0 1.9631 12.0 
0.09087 136.4364 105.0 16.0 3.0 66.0 0.0 -3.2929 0.0 -0.126 0.44721 996.0 2.5 12.0 70.0 0.0 -0.4929 0.0 -1.126 0.41231 993.0 2.5 10.0 77.0 1.9071 0.0 0.0 -1.626 0.3 987.0 2.3291 10.0 82.0 3.7071 0.0 0.0 -1.726 0.2 981.0 2.1462 9.0 81.0 5.1071 0.0 0.0 -1.626 0.2 980.0 2.0307 8.0 
0.08316 251.98434 87.0 106.0 3.0 79.0 0.0 -0.2929 6.074 0.0 0.94868 997.0 2.5 15.0 82.0 1.8071 0.0 1.374 0.0 0.86023 996.0 2.5 14.0 82.0 4.6071 0.0 0.0 -2.326 0.56569 994.0 2.5 13.0 77.0 7.1071 0.0 0.0 -4.926 0.42426 993.0 2.5 12.0 69.0 9.1071 0.0 0.0 -6.826 0.36056 994.0 2.5 12.0 
0.07201 251.13799 109.0 2717.0 3.0 48.0 0.1071 0.0 0.0 -2.526 0.14142 995.0 1.3074 15.0 58.0 1.0071 0.0 0.0 -2.026 0.1 990.0 1.4939 12.0 74.0 1.9071 0.0 0.0 -1.726 0.22361 982.0 1.8042 12.0 84.0 3.0071 0.0 0.0 -1.426 0.14142 976.0 1.9478 10.0 88.0 4.0071 0.0 0.0 -1.226 0.2 973.0 1.9774 10.0 
0.10307 132.36053 104.0 325.0 3.0 60.0 0.0 -1.0929 2.474 0.0 0.5 997.0 2.2981 15.0 59.0 0.9071 0.0 0.774 0.0 0.36056 997.0 2.2221 15.0 60.0 2.7071 0.0 0.0 -0.326 0.36056 995.0 2.0427 14.0 59.0 4.3071 0.0 0.0 -1.026 0.31623 994.0 1.8713 13.0 57.0 5.7071 0.0 0.0 -1.526 0.22361 994.0 1.7465 13.0 
0.11461 218.34991 90.0 2804.0 3.0 63.0 0.0 -1.1929 0.0 -3.526 0.5 995.0 2.2521 11.0 73.0 1.1071 0.0 0.0 -1.626 0.5 993.0 2.5 12.0 84.0 3.4071 0.0 0.0 -0.126 0.44721 986.0 2.5 10.0 96.0 5.9071 0.0 0.474 0.0 0.4 977.0 2.5 8.0 89.0 8.2071 0.0 0.374 0.0 0.3 981.0 2.5 8.0 
0.47358 18.35579 114.0 1429.0 3.0 42.0 0.0 -1.0929 0.0 -0.626 0.22361 999.0 1.2869 16.0 49.0 0.1071 0.0 0.0 -0.126 0.22361 997.0 1.5327 16.0 54.0 1.4071 0.0 0.674 0.0 0.22361 996.0 1.752 14.0 56.0 2.7071 0.0 1.374 0.0 0.22361 995.0 1.7795 13.0 57.0 4.0071 0.0 1.874 0.0 0.22361 995.0 1.8436 13.0 
0.04871 233.99754 90.0 785.0 3.0 66.0 0.0 -0.9929 4.574 0.0 0.72111 999.0 2.5 17.0 70.0 1.5071 0.0 1.474 0.0 0.64031 997.0 2.5 15.0 68.0 3.9071 0.0 0.0 -1.126 0.5 997.0 2.5 15.0 62.0 6.1071 0.0 0.0 -3.026 0.5 998.0 2.5 15.0 55.0 8.1071 0.0 0.0 -4.426 0.36056 998.0 2.0598 16.0 
0.05733 166.06974 99.0 2909.0 3.0 44.0 0.0 -2.6929 0.474 0.0 0.5 1002.0 1.7976 13.0 49.0 0.0 -0.6929 0.0 -1.326 0.44721 1001.0 2.0436 16.0 52.0 1.5071 0.0 0.0 -2.226 0.3 1000.0 2.1245 13.0 51.0 3.6071 0.0 0.0 -2.226 0.31623 999.0 1.8976 13.0 50.0 5.5071 0.0 0.0 -1.826 0.31623 999.0 1.8239 13.0 
0.22414 101.0933 81.0 1273.0 3.0 57.0 0.0 -0.1929 4.774 0.0 0.70711 999.0 2.3703 12.0 57.0 0.7071 0.0 0.574 0.0 0.72801 999.0 2.3703 12.0 58.0 1.8071 0.0 0.0 -3.326 0.70711 998.0 2.2906 11.0 58.0 2.8071 0.0 0.0 -6.826 0.53852 997.0 2.1474 14.0 60.0 4.0071 0.0 0.0 -9.726 0.53852 995.0 2.0427 12.0 
0.18182 78.26613 99.0 3041.0 3.0 51.0 0.0 -1.8929 1.374 0.0 0.41231 1000.0 2.0435 19.0 53.0 0.2071 0.0 0.674 0.0 0.41231 999.0 2.0493 17.0 53.0 2.3071 0.0 0.0 -0.026 0.31623 999.0 2.0493 17.0 52.0 4.2071 0.0 0.0 -0.526 0.31623 999.0 1.9727 17.0 49.0 5.9071 0.0 0.0 -0.926 0.31623 999.0 1.7517 17.0 
0.05025 96.56275 105.0 1887.0 3.0 47.0 0.0 -2.6929 0.974 0.0 0.36056 1000.0 1.7355 13.0 45.0 0.0 -0.6929 0.0 -0.526 0.42426 999.0 1.4773 12.0 45.0 1.1071 0.0 0.0 -1.826 0.36056 999.0 1.4773 16.0 47.0 2.7071 0.0 0.0 -3.026 0.31623 998.0 1.5041 14.0 50.0 4.3071 0.0 0.0 -3.926 0.28284 996.0 1.502 12.0 
0.31457 57.38457 99.0 2033.0 3.0 66.0 0.0 -3.0929 0.174 0.0 0.53852 998.0 2.5 13.0 65.0 0.0 -0.2929 0.0 -0.426 0.41231 995.0 2.3974 13.0 73.0 2.0071 0.0 0.0 -1.026 0.31623 990.0 2.3665 11.0 74.0 4.0071 0.0 0.0 -1.526 0.3 988.0 2.2372 10.0 73.0 5.7071 0.0 0.0 -1.426 0.3 987.0 2.0934 10.0 
0.17693 88.93632 96.0 2088.0 3.0 72.0 0.0 -3.2929 1.574 0.0 0.63246 996.0 2.5 12.0 74.0 0.2071 0.0 0.774 0.0 0.5099 995.0 2.5 14.0 77.0 2.9071 0.0 0.374 0.0 0.3 989.0 2.5 11.0 81.0 4.9071 0.0 0.474 0.0 0.3 983.0 2.2337 9.0 88.0 6.5071 0.0 0.574 0.0 0.3 976.0 2.1377 8.0 
0.11975 32.65484 111.0 926.0 3.0 43.0 0.0 -0.7929 2.474 0.0 0.41231 1001.0 1.5738 17.0 41.0 0.1071 0.0 0.274 0.0 0.36056 1001.0 1.4308 17.0 42.0 1.2071 0.0 0.0 -1.226 0.28284 1000.0 1.3859 20.0 45.0 2.5071 0.0 0.0 -2.126 0.22361 999.0 1.4773 18.0 48.0 3.8071 0.0 0.0 -2.526 0.2 998.0 1.5688 16.0 
0.02683 91.63024 92.0 862.0 3.0 74.0 0.0 -3.3929 3.874 0.0 0.9434 998.0 2.5 15.0 73.0 0.0 -0.3929 0.0 -0.726 0.72111 997.0 2.5 14.0 71.0 2.3071 0.0 0.0 -4.226 0.64031 996.0 2.5 16.0 71.0 5.0071 0.0 0.0 -6.426 0.44721 992.0 2.4518 14.0 76.0 7.4071 0.0 0.0 -7.826 0.44721 988.0 2.3598 14.0 
0.67655 63.71887 90.0 2345.0 3.0 71.0 0.0 -3.7929 1.374 0.0 0.70711 997.0 2.5 12.0 78.0 0.0071 0.0 0.574 0.0 0.63246 995.0 2.5 14.0 82.0 3.4071 0.0 0.0 -0.526 0.5099 992.0 2.5 12.0 78.0 6.2071 0.0 0.0 -1.126 0.4 989.0 2.5 11.0 75.0 8.3071 0.0 0.0 -1.126 0.3 988.0 2.2981 10.0 
0.09687 183.25513 119.0 201.0 3.0 53.0 0.7071 0.0 2.074 0.0 0.36056 993.0 1.4345 15.0 58.0 1.5071 0.0 0.674 0.0 0.28284 990.0 1.4939 14.0 69.0 2.2071 0.0 0.0 -0.326 0.14142 982.0 1.5686 12.0 91.0 2.6071 0.0 0.0 -1.026 0.1 965.0 1.7621 11.0 95.0 2.9071 0.0 0.0 -1.226 0.1 960.0 1.7392 10.0 
0.04248 257.667 74.0 1365.0 3.0 37.0 1.9071 0.0 1.774 0.0 0.1 999.0 1.0 17.0 40.0 2.1071 0.0 0.974 0.0 0.22361 999.0 1.1673 17.0 44.0 2.8071 0.0 0.0 -0.026 0.14142 999.0 1.4124 17.0 46.0 3.8071 0.0 0.0 -1.026 0.28284 999.0 1.5437 17.0 46.0 5.1071 0.0 0.0 -2.026 0.36056 1000.0 1.6625 18.0 
0.14786 110.21391 90.0 366.0 3.0 65.0 0.0 -3.3929 0.374 0.0 0.5099 997.0 2.5 12.0 73.0 0.0 -0.1929 0.974 0.0 0.60828 994.0 2.5 10.0 80.0 3.1071 0.0 1.774 0.0 0.5099 991.0 2.5 12.0 88.0 5.9071 0.0 2.574 0.0 0.41231 983.0 2.5 9.0 98.0 8.2071 0.0 3.274 0.0 0.36056 972.0 2.3925 7.0 
0.03843 219.05074 119.0 2799.0 3.0 55.0 0.0 -0.1929 3.574 0.0 0.5 999.0 2.2069 15.0 55.0 1.5071 0.0 1.274 0.0 0.42426 998.0 2.0598 17.0 57.0 3.0071 0.0 0.0 -0.526 0.28284 996.0 1.952 14.0 58.0 4.2071 0.0 0.0 -1.726 0.28284 994.0 1.8084 13.0 57.0 5.2071 0.0 0.0 -2.426 0.14142 992.0 1.5802 12.0 
0.30066 27.7603 98.0 2673.0 3.0 59.0 0.0 -2.2929 2.374 0.0 0.64031 1000.0 2.5 17.0 55.0 0.1071 0.0 0.0 -0.226 0.56569 1000.0 2.3767 15.0 53.0 2.1071 0.0 0.0 -2.126 0.5 998.0 1.9127 14.0 55.0 4.0071 0.0 0.0 -3.426 0.31623 997.0 1.931 16.0 60.0 5.8071 0.0 0.0 -4.026 0.31623 995.0 2.0427 13.0 
0.26791 17.37652 102.0 138.0 3.0 45.0 0.0 -1.5929 0.974 0.0 0.28284 999.0 1.4773 15.0 48.0 0.0 -0.0929 0.0 -0.126 0.3 999.0 1.6809 18.0 54.0 1.6071 0.0 0.0 -0.426 0.3 997.0 1.8615 15.0 61.0 3.3071 0.0 0.0 -0.526 0.3 994.0 2.0003 13.0 65.0 5.0071 0.0 0.0 -0.726 0.31623 992.0 2.0549 12.0 
0.23397 51.68435 124.0 1584.0 3.0 29.0 0.4071 0.0 0.0 -0.926 0.1 1000.0 1.0 12.0 32.0 0.4071 0.0 0.0 -0.226 0.14142 999.0 1.0 13.0 38.0 0.6071 0.0 0.474 0.0 0.1 998.0 1.0 13.0 45.0 0.9071 0.0 1.374 0.0 0.22361 996.0 1.2166 13.0 57.0 1.5071 0.0 2.374 0.0 0.22361 992.0 1.5802 12.0 
0.06484 97.27973 106.0 1726.0 3.0 43.0 0.0 -1.6929 0.0 -0.026 0.28284 1000.0 1.4527 11.0 45.0 0.0 -0.2929 0.0 -0.826 0.22361 998.0 1.3789 9.0 49.0 1.0071 0.0 0.0 -1.326 0.2 996.0 1.4425 8.0 60.0 2.3071 0.0 0.0 -1.326 0.22361 992.0 1.7509 9.0 65.0 3.6071 0.0 0.0 -0.826 0.28284 990.0 1.8762 8.0 
0.20976 123.55085 85.0 593.0 3.0 54.0 0.0 -0.1929 4.274 0.0 0.72801 1000.0 2.291 12.0 56.0 1.0071 0.0 0.474 0.0 0.63246 999.0 2.2879 11.0 57.0 2.3071 0.0 0.0 -2.926 0.5831 998.0 2.2123 10.0 61.0 3.9071 0.0 0.0 -5.826 0.5831 997.0 2.3753 12.0 67.0 5.6071 0.0 0.0 -8.426 0.42426 994.0 2.4131 10.0 
0.09035 152.12534 102.0 1961.0 3.0 51.0 0.0 -0.6929 2.074 0.0 0.28284 998.0 1.7711 15.0 56.0 0.7071 0.0 1.174 0.0 0.31623 995.0 1.7795 14.0 61.0 2.2071 0.0 0.974 0.0 0.2 993.0 1.9003 12.0 65.0 3.6071 0.0 1.074 0.0 0.31623 991.0 1.9615 11.0 68.0 5.0071 0.0 1.574 0.0 0.22361 989.0 1.9678 10.0 
0.0118 183.20941 80.0 1888.0 3.0 66.0 0.0 -4.5929 1.674 0.0 0.72111 997.0 2.5 15.0 68.0 0.0 -1.2929 0.0 -1.026 0.70711 997.0 2.5 18.0 75.0 1.6071 0.0 0.0 -4.426 0.78102 994.0 2.5 15.0 80.0 4.6071 0.0 0.0 -7.426 0.64031 992.0 2.5 17.0 85.0 7.3071 0.0 0.0 -9.726 0.5 985.0 2.5 13.0 
0.04952 183.86527 126.0 2086.0 3.0 50.0 0.7071 0.0 1.974 0.0 0.22361 996.0 1.502 11.0 52.0 1.4071 0.0 0.874 0.0 0.22361 995.0 1.5343 10.0 54.0 2.2071 0.0 0.174 0.0 0.14142 993.0 1.4892 9.0 57.0 2.9071 0.0 0.0 -0.226 0.14142 991.0 1.5084 8.0 62.0 3.6071 0.0 0.0 -0.626 0.1 988.0 1.5705 8.0 
0.45537 143.87015 83.0 1115.0 3.0 89.0 0.0 -3.0929 5.174 0.0 1.14018 998.0 2.5 14.0 81.0 1.1071 0.0 0.674 0.0 0.92195 997.0 2.5 13.0 80.0 5.1071 0.0 0.0 -2.226 0.72111 996.0 2.5 16.0 82.0 8.8071 0.0 0.0 -4.326 0.5831 994.0 2.5 17.0 83.0 11.9071 0.0 0.0 -5.926 0.53852 990.0 2.5 14.0 
0.11974 171.69251 116.0 699.0 3.0 49.0 0.2071 0.0 2.174 0.0 0.22361 993.0 1.2262 14.0 56.0 1.0071 0.0 1.174 0.0 0.22361 991.0 1.4559 16.0 68.0 1.9071 0.0 0.174 0.0 0.22361 986.0 1.7492 16.0 83.0 2.8071 0.0 0.0 -0.726 0.22361 976.0 1.9017 13.0 91.0 3.7071 0.0 0.0 -1.326 0.14142 970.0 1.967 12.0 
0.06637 139.82063 108.0 1368.0 3.0 47.0 0.0 -0.4929 2.874 0.0 0.36056 999.0 1.6116 11.0 48.0 0.9071 0.0 0.874 0.0 0.28284 999.0 1.6809 14.0 50.0 2.2071 0.0 0.0 -0.626 0.28284 996.0 1.502 12.0 53.0 3.4071 0.0 0.0 -1.726 0.28284 994.0 1.51 11.0 62.0 4.6071 0.0 0.0 -2.726 0.22361 991.0 1.7846 12.0 
0.11428 111.37822 95.0 2405.0 3.0 43.0 0.0 -2.4929 0.0 -0.226 0.36056 1002.0 1.7168 19.0 44.0 0.0 -0.4929 0.874 0.0 0.36056 1001.0 1.6478 17.0 44.0 1.5071 0.0 1.474 0.0 0.3 1001.0 1.6478 19.0 49.0 3.4071 0.0 1.174 0.0 0.41231 1000.0 1.8864 19.0 54.0 5.4071 0.0 0.474 0.0 0.36056 998.0 1.9855 16.0 
0.17122 159.06755 98.0 879.0 3.0 58.0 0.0 -1.7929 2.174 0.0 0.41231 997.0 2.1474 15.0 68.0 0.4071 0.0 1.374 0.0 0.41231 993.0 2.3614 12.0 74.0 2.5071 0.0 0.674 0.0 0.41231 989.0 2.3304 11.0 76.0 4.5071 0.0 0.0 -0.326 0.31623 988.0 2.3598 10.0 72.0 6.3071 0.0 0.0 -1.426 0.36056 990.0 2.3021 11.0 
0.28219 45.6838 111.0 1759.0 3.0 52.0 0.0 -1.4929 2.674 0.0 0.5831 1000.0 2.1245 16.0 52.0 0.3071 0.0 0.274 0.0 0.42426 1000.0 2.1245 15.0 51.0 2.1071 0.0 0.0 -1.426 0.36056 999.0 1.8976 14.0 51.0 3.7071 0.0 0.0 -2.626 0.22361 997.0 1.6604 12.0 56.0 5.0071 0.0 0.0 -3.526 0.28284 995.0 1.7795 14.0 
0.28055 38.12432 97.0 2042.0 3.0 46.0 0.0 -1.7929 2.374 0.0 0.5 1001.0 1.801 18.0 49.0 0.2071 0.0 0.274 0.0 0.42426 1001.0 2.0436 17.0 51.0 2.2071 0.0 0.0 -1.726 0.5 1000.0 2.0435 16.0 53.0 4.2071 0.0 0.0 -3.626 0.5 1000.0 2.207 19.0 54.0 6.1071 0.0 0.0 -5.026 0.36056 998.0 1.9855 16.0 
0.24727 70.49561 89.0 2842.0 3.0 60.0 0.0 -2.6929 0.074 0.0 0.44721 996.0 2.1629 11.0 76.0 0.1071 0.0 0.0 -0.626 0.5099 993.0 2.5 12.0 86.0 3.3071 0.0 0.0 -0.826 0.5 988.0 2.5 10.0 88.0 6.1071 0.0 0.0 -0.926 0.5099 984.0 2.5 9.0 78.0 8.4071 0.0 0.0 -1.326 0.31623 987.0 2.39 10.0 
0.22477 56.80407 109.0 1512.0 3.0 39.0 0.0 -1.1929 0.0 -0.126 0.22361 999.0 1.1096 14.0 46.0 0.0 -0.1929 0.474 0.0 0.22361 998.0 1.4408 16.0 50.0 1.0071 0.0 0.974 0.0 0.2 997.0 1.5959 15.0 56.0 2.4071 0.0 1.274 0.0 0.3 995.0 1.7795 14.0 59.0 4.0071 0.0 1.474 0.0 0.22361 994.0 1.8713 13.0 
0.10083 178.25807 115.0 2955.0 3.0 49.0 1.0071 0.0 1.674 0.0 0.2 993.0 1.2262 13.0 60.0 1.4071 0.0 0.774 0.0 0.14142 987.0 1.4142 11.0 77.0 2.1071 0.0 0.074 0.0 0.22361 979.0 1.7811 11.0 90.0 2.9071 0.0 0.0 -0.426 0.22361 969.0 1.8803 9.0 100.0 3.8071 0.0 0.0 -0.926 0.1 961.0 1.9642 8.0 
0.51628 22.67945 100.0 194.0 3.0 57.0 0.0 -1.6929 0.874 0.0 0.22361 994.0 1.7465 10.0 71.0 0.1071 0.0 0.174 0.0 0.36056 990.0 2.2386 11.0 76.0 2.0071 0.0 0.0 -0.626 0.31623 987.0 2.269 10.0 87.0 3.9071 0.0 0.0 -1.226 0.31623 979.0 2.2738 8.0 91.0 5.6071 0.0 0.0 -2.026 0.28284 976.0 2.2859 8.0 
0.09954 132.05205 99.0 2481.0 3.0 49.0 0.0 -1.2929 2.374 0.0 0.5 1000.0 1.8864 11.0 53.0 0.8071 0.0 0.874 0.0 0.44721 998.0 1.9127 10.0 59.0 2.8071 0.0 0.0 -0.526 0.36056 997.0 2.2221 11.0 64.0 4.6071 0.0 0.0 -1.826 0.36056 993.0 2.0918 9.0 66.0 6.1071 0.0 0.0 -2.826 0.31623 991.0 2.0223 8.0 
0.3852 112.1609 90.0 2058.0 3.0 68.0 0.0 -2.5929 3.474 0.0 0.64031 999.0 2.5 17.0 69.0 0.5071 0.0 0.874 0.0 0.64031 998.0 2.5 16.0 68.0 3.4071 0.0 0.0 -1.526 0.5 998.0 2.5 16.0 61.0 5.9071 0.0 0.0 -3.426 0.44721 998.0 2.5 17.0 55.0 8.1071 0.0 0.0 -4.826 0.42426 999.0 2.2069 17.0 
0.09555 266.81376 88.0 1611.0 3.0 40.0 0.0 -0.9929 0.0 -3.326 0.28284 1000.0 1.2571 17.0 49.0 0.9071 0.0 0.0 -2.226 0.41231 999.0 1.7517 15.0 57.0 3.6071 0.0 0.0 -2.126 0.5099 998.0 2.2123 14.0 65.0 6.5071 0.0 0.0 -3.226 0.5 995.0 2.3974 12.0 70.0 9.1071 0.0 0.0 -5.126 0.5 994.0 2.5 14.0 
0.12784 97.0172 95.0 1811.0 3.0 46.0 0.0 -1.9929 1.474 0.0 0.31623 1001.0 1.801 17.0 46.0 0.0071 0.0 0.874 0.0 0.41231 1000.0 1.6625 16.0 48.0 2.1071 0.0 0.474 0.0 0.31623 999.0 1.6809 15.0 55.0 4.1071 0.0 0.074 0.0 0.31623 998.0 2.0598 16.0 62.0 6.3071 0.0 0.0 -0.326 0.41231 996.0 2.3095 14.0 
0.52605 24.41152 101.0 68.0 3.0 57.0 0.0 -1.4929 1.374 0.0 0.36056 994.0 1.7465 7.0 68.0 0.2071 0.0 0.074 0.0 0.36056 991.0 2.1467 9.0 84.0 2.0071 0.0 0.0 -1.126 0.36056 981.0 2.2521 6.0 84.0 3.7071 0.0 0.0 -1.926 0.3 981.0 2.2521 6.0 79.0 5.4071 0.0 0.0 -2.026 0.2 983.0 2.1248 7.0 
0.78288 23.16855 93.0 1936.0 3.0 60.0 0.0 -2.3929 0.274 0.0 0.4 996.0 2.1629 16.0 68.0 0.2071 0.0 0.0 -0.026 0.41231 993.0 2.3614 13.0 79.0 2.9071 0.0 0.0 -0.426 0.41231 990.0 2.5 14.0 85.0 5.4071 0.0 0.0 -1.026 0.3 984.0 2.5 12.0 82.0 7.3071 0.0 0.0 -1.526 0.31623 982.0 2.2154 12.0 
0.11365 101.0933 91.0 1956.0 3.0 64.0 0.0 -1.7929 3.374 0.0 0.78102 1000.0 2.5 15.0 61.0 0.7071 0.0 0.574 0.0 0.56569 998.0 2.5 13.0 63.0 3.1071 0.0 0.0 -1.526 0.5 997.0 2.5 14.0 71.0 5.4071 0.0 0.0 -3.426 0.5 994.0 2.5 13.0 71.0 7.8071 0.0 0.0 -4.926 0.44721 993.0 2.5 12.0 
0.11101 218.67807 108.0 1644.0 3.0 57.0 0.0 -0.3929 3.274 0.0 0.42426 998.0 2.2123 16.0 61.0 1.3071 0.0 1.474 0.0 0.42426 996.0 2.2356 14.0 60.0 2.8071 0.0 0.0 -0.026 0.36056 995.0 2.0427 13.0 57.0 4.3071 0.0 0.0 -1.126 0.22361 995.0 1.8436 13.0 54.0 5.5071 0.0 0.0 -1.826 0.22361 996.0 1.752 14.0 
0.28015 181.46604 94.0 3059.0 3.0 82.0 0.0 -2.1929 2.574 0.0 0.63246 990.0 2.5 12.0 87.0 0.7071 0.0 1.474 0.0 0.5099 983.0 2.5 10.0 94.0 3.2071 0.0 0.874 0.0 0.31623 974.0 2.3141 8.0 102.0 5.3071 0.0 0.574 0.0 0.31623 967.0 2.3101 7.0 107.0 7.2071 0.0 0.674 0.0 0.3 961.0 2.2488 6.0 
0.40656 91.63159 95.0 2720.0 3.0 59.0 0.0 -0.1929 0.0 -3.726 0.60828 997.0 2.2221 13.0 64.0 0.7071 0.0 0.0 -0.426 0.53852 995.0 2.3242 13.0 73.0 2.2071 0.0 2.174 0.0 0.42426 991.0 2.474 12.0 81.0 4.2071 0.0 3.874 0.0 0.5 987.0 2.5 10.0 85.0 6.4071 0.0 5.074 0.0 0.41231 984.0 2.5 9.0 
0.32424 73.18987 89.0 207.0 3.0 53.0 0.0 -2.5929 0.0 -1.326 0.41231 1001.0 2.3909 16.0 58.0 0.2071 0.0 0.0 -0.626 0.5099 1000.0 2.5 14.0 62.0 3.1071 0.0 0.0 -0.426 0.5099 998.0 2.5 12.0 64.0 6.0071 0.0 0.0 -1.026 0.5099 998.0 2.5 12.0 55.0 8.5071 0.0 0.0 -1.626 0.3 999.0 2.2069 12.0 
0.11096 212.05435 96.0 350.0 3.0 84.0 0.0 -1.2929 3.874 0.0 0.70711 992.0 2.5 21.0 83.0 1.5071 0.0 1.174 0.0 0.56569 989.0 2.5 22.0 85.0 3.5071 0.0 0.0 -0.726 0.36056 983.0 2.4598 18.0 89.0 5.2071 0.0 0.0 -1.826 0.36056 977.0 2.2473 16.0 96.0 6.7071 0.0 0.0 -2.626 0.31623 971.0 2.2412 14.0 
0.45059 28.83574 107.0 118.0 3.0 54.0 0.0 -2.5929 0.274 0.0 0.4 998.0 1.9855 13.0 58.0 0.0 -0.1929 0.174 0.0 0.4 996.0 2.0211 12.0 62.0 1.9071 0.0 0.174 0.0 0.31623 994.0 2.0664 13.0 68.0 3.7071 0.0 0.474 0.0 0.22361 990.0 2.0534 11.0 73.0 5.1071 0.0 1.074 0.0 0.22361 985.0 1.9439 10.0 
0.05001 179.1179 115.0 1361.0 3.0 51.0 0.0 -0.7929 3.474 0.0 0.5 1001.0 2.2138 17.0 51.0 1.1071 0.0 1.174 0.0 0.42426 1000.0 2.0435 21.0 51.0 2.9071 0.0 0.0 -0.326 0.28284 999.0 1.8976 18.0 51.0 4.4071 0.0 0.0 -1.426 0.22361 998.0 1.7711 16.0 49.0 5.6071 0.0 0.0 -2.226 0.14142 997.0 1.5327 15.0 
0.09575 189.09548 96.0 2869.0 3.0 49.0 0.0 -1.6929 2.574 0.0 0.53852 1001.0 2.0436 21.0 53.0 1.0071 0.0 1.374 0.0 0.53852 1001.0 2.3909 21.0 54.0 3.4071 0.0 0.0 -0.026 0.44721 1000.0 2.291 19.0 52.0 5.4071 0.0 0.0 -1.326 0.36056 999.0 1.9727 17.0 49.0 6.9071 0.0 0.0 -2.226 0.36056 998.0 1.6349 17.0 
0.11434 169.69959 108.0 2331.0 3.0 45.0 0.0 -1.4929 0.0 -1.226 0.2 998.0 1.3789 18.0 50.0 0.0 -0.0929 0.0 -1.526 0.31623 996.0 1.502 16.0 58.0 1.4071 0.0 0.0 -1.826 0.3 994.0 1.8084 17.0 67.0 3.1071 0.0 0.0 -1.926 0.3 991.0 2.0841 15.0 64.0 4.7071 0.0 0.0 -1.926 0.3 992.0 1.9922 15.0 
0.27767 22.67945 109.0 2646.0 3.0 52.0 0.0 -1.7929 2.074 0.0 0.42426 1001.0 2.3015 17.0 48.0 0.1071 0.0 0.174 0.0 0.42426 1000.0 1.8102 15.0 48.0 1.7071 0.0 0.0 -1.426 0.36056 999.0 1.6809 14.0 50.0 3.3071 0.0 0.0 -2.626 0.28284 998.0 1.7023 13.0 55.0 4.8071 0.0 0.0 -3.426 0.22361 996.0 1.8174 14.0 
0.06781 171.21175 109.0 983.0 3.0 47.0 0.1071 0.0 2.774 0.0 0.31623 998.0 1.5041 14.0 51.0 1.1071 0.0 1.074 0.0 0.28284 996.0 1.5627 12.0 58.0 2.4071 0.0 0.0 -0.226 0.28284 994.0 1.8084 13.0 65.0 3.6071 0.0 0.0 -1.426 0.28284 991.0 1.9615 11.0 70.0 4.9071 0.0 0.0 -2.426 0.28284 987.0 1.9249 10.0 
0.02149 81.03809 82.0 148.0 3.0 71.0 0.0 -3.3929 4.174 0.0 0.9434 1000.0 2.5 13.0 66.0 0.0 -0.5929 0.0 -0.426 0.78102 1000.0 2.5 12.0 63.0 2.1071 0.0 0.0 -3.926 0.72111 999.0 2.5 11.0 60.0 4.3071 0.0 0.0 -6.926 0.5 997.0 2.2981 9.0 60.0 6.0071 0.0 0.0 -9.326 0.44721 996.0 2.1629 12.0 
0.04504 189.9562 99.0 2655.0 3.0 51.0 0.0 -0.0929 3.174 0.0 0.44721 1000.0 2.0435 16.0 50.0 1.4071 0.0 0.974 0.0 0.42426 999.0 1.8239 14.0 53.0 2.9071 0.0 0.0 -0.626 0.36056 998.0 1.9127 16.0 58.0 4.4071 0.0 0.0 -1.726 0.31623 995.0 1.9088 14.0 60.0 6.0071 0.0 0.0 -2.426 0.22361 994.0 1.9352 13.0 
0.04521 233.34002 109.0 1279.0 3.0 41.0 0.9071 0.0 2.874 0.0 0.31623 999.0 1.2264 12.0 43.0 1.8071 0.0 1.074 0.0 0.36056 999.0 1.3489 13.0 46.0 2.8071 0.0 0.0 -0.626 0.36056 998.0 1.4408 14.0 49.0 3.8071 0.0 0.0 -2.126 0.22361 996.0 1.4425 12.0 56.0 4.7071 0.0 0.0 -3.526 0.28284 993.0 1.6015 12.0 
0.02075 166.3929 91.0 3007.0 3.0 57.0 0.0 -3.9929 1.774 0.0 0.72111 1001.0 2.5 13.0 58.0 0.0 -1.0929 0.0 -1.026 0.64031 1001.0 2.5 12.0 61.0 1.9071 0.0 0.0 -3.226 0.67082 1000.0 2.5 11.0 64.0 5.1071 0.0 0.0 -5.126 0.5831 998.0 2.5 10.0 62.0 7.7071 0.0 0.0 -6.626 0.5 996.0 2.3095 8.0 
0.21347 86.73259 89.0 855.0 3.0 65.0 0.0 -2.3929 0.674 0.0 0.4 993.0 2.1576 10.0 78.0 0.1071 0.0 0.774 0.0 0.41231 989.0 2.5 11.0 89.0 2.8071 0.0 1.374 0.0 0.44721 985.0 2.5 9.0 93.0 5.6071 0.0 2.474 0.0 0.44721 983.0 2.5 9.0 95.0 8.4071 0.0 3.574 0.0 0.5831 982.0 2.5 9.0 
0.08674 124.12592 93.0 1293.0 3.0 55.0 0.0 -1.2929 3.674 0.0 0.64031 1001.0 2.5 12.0 56.0 0.8071 0.0 0.774 0.0 0.56569 1000.0 2.4639 11.0 59.0 3.1071 0.0 0.0 -1.826 0.56569 999.0 2.5 10.0 60.0 5.2071 0.0 0.0 -4.026 0.5 997.0 2.2981 9.0 65.0 7.1071 0.0 0.0 -5.826 0.42426 994.0 2.2712 10.0 
0.11104 142.90345 106.0 642.0 3.0 36.0 0.0 -1.5929 0.0 -0.726 0.22361 1000.0 1.0182 16.0 41.0 0.0 -0.3929 0.0 -1.226 0.22361 999.0 1.2264 14.0 49.0 0.9071 0.0 0.0 -1.426 0.3 998.0 1.6349 16.0 58.0 2.5071 0.0 0.0 -1.426 0.3 995.0 1.9088 13.0 61.0 4.1071 0.0 0.0 -1.426 0.31623 994.0 2.0003 13.0 
0.15089 17.37652 99.0 462.0 3.0 41.0 0.0 -0.9929 2.274 0.0 0.41231 1001.0 1.4308 19.0 42.0 0.0 -0.0929 0.0 -0.126 0.36056 1000.0 1.3859 18.0 44.0 1.0071 0.0 0.0 -2.126 0.36056 999.0 1.4124 16.0 46.0 2.3071 0.0 0.0 -3.726 0.42426 998.0 1.4408 14.0 50.0 3.7071 0.0 0.0 -5.226 0.36056 996.0 1.502 13.0 
0.20804 76.4891 126.0 2624.0 3.0 40.0 0.1071 0.0 0.0 -1.226 0.14142 998.0 1.0895 13.0 43.0 0.6071 0.0 0.0 -0.326 0.22361 996.0 1.1109 12.0 48.0 1.0071 0.0 0.574 0.0 0.22361 993.0 1.1766 10.0 59.0 1.4071 0.0 1.574 0.0 0.14142 990.0 1.5458 11.0 71.0 2.0071 0.0 2.574 0.0 0.22361 983.0 1.7162 9.0 
0.15127 57.38457 95.0 1291.0 3.0 67.0 0.0 -3.5929 1.174 0.0 0.63246 999.0 2.5 15.0 65.0 0.0 -0.2929 0.0 -0.426 0.53852 997.0 2.5 13.0 66.0 2.4071 0.0 0.0 -1.926 0.36056 996.0 2.5 14.0 72.0 4.6071 0.0 0.0 -3.126 0.41231 991.0 2.4067 12.0 75.0 6.7071 0.0 0.0 -3.926 0.31623 988.0 2.2981 10.0 
0.05497 165.42227 111.0 811.0 3.0 49.0 0.1071 0.0 2.074 0.0 0.36056 999.0 1.7517 13.0 51.0 1.2071 0.0 0.874 0.0 0.22361 996.0 1.5627 11.0 53.0 2.3071 0.0 0.274 0.0 0.2 994.0 1.51 10.0 58.0 3.4071 0.0 0.274 0.0 0.22361 992.0 1.6361 9.0 62.0 4.5071 0.0 0.674 0.0 0.22361 990.0 1.707 8.0 
0.25277 23.16855 128.0 1393.0 3.0 47.0 0.0 -1.2929 1.674 0.0 0.42426 999.0 1.6116 15.0 47.0 0.2071 0.0 0.0 -0.026 0.36056 998.0 1.5041 14.0 49.0 1.7071 0.0 0.0 -1.326 0.36056 997.0 1.5327 13.0 50.0 3.1071 0.0 0.0 -2.526 0.28284 996.0 1.502 12.0 53.0 4.2071 0.0 0.0 -3.526 0.14142 994.0 1.51 14.0 
0.00743 112.13563 82.0 1238.0 3.0 65.0 0.0 -3.7929 2.874 0.0 0.78102 1000.0 2.5 12.0 65.0 0.0 -0.7929 0.0 -0.626 0.72111 999.0 2.5 11.0 65.0 1.8071 0.0 0.0 -4.126 0.64031 998.0 2.5 14.0 65.0 4.1071 0.0 0.0 -6.926 0.56569 996.0 2.5 12.0 69.0 6.3071 0.0 0.0 -8.826 0.44721 992.0 2.3156 10.0 
0.07672 51.90795 91.0 2703.0 3.0 63.0 0.0 -3.0929 2.574 0.0 0.78102 1001.0 2.5 13.0 59.0 0.0 -0.1929 0.0 -0.426 0.64031 1000.0 2.5 12.0 58.0 2.6071 0.0 0.0 -2.526 0.5831 1000.0 2.5 11.0 60.0 5.3071 0.0 0.0 -3.826 0.53852 999.0 2.5 13.0 62.0 7.8071 0.0 0.0 -4.426 0.41231 996.0 2.3095 11.0 
0.04268 226.37542 104.0 2.0 3.0 49.0 0.0071 0.0 3.274 0.0 0.36056 1000.0 1.8864 15.0 49.0 1.5071 0.0 1.374 0.0 0.28284 999.0 1.7517 14.0 51.0 2.8071 0.0 0.0 -0.226 0.36056 997.0 1.6604 12.0 56.0 3.9071 0.0 0.0 -1.826 0.36056 994.0 1.6858 11.0 63.0 4.9071 0.0 0.0 -3.226 0.22361 991.0 1.8426 11.0 
0.07196 106.76945 93.0 1473.0 3.0 48.0 0.0 -2.6929 0.374 0.0 0.44721 1000.0 1.8102 12.0 51.0 0.0 -0.4929 0.0 -0.826 0.44721 999.0 1.8976 11.0 56.0 1.9071 0.0 0.0 -2.026 0.44721 998.0 2.1353 13.0 63.0 4.4071 0.0 0.0 -3.326 0.5 997.0 2.5 12.0 66.0 7.0071 0.0 0.0 -4.926 0.44721 995.0 2.4717 11.0 
0.7399 8.25172 93.0 1866.0 3.0 71.0 0.0 -2.2929 2.174 0.0 0.5 995.0 2.5 11.0 70.0 0.0071 0.0 0.074 0.0 0.44721 991.0 2.2749 9.0 80.0 2.2071 0.0 0.0 -1.126 0.31623 986.0 2.421 10.0 86.0 4.3071 0.0 0.0 -1.826 0.4 982.0 2.4368 9.0 98.0 6.6071 0.0 0.0 -2.226 0.4 974.0 2.5 8.0 
0.07002 137.92644 110.0 2503.0 3.0 40.0 0.0 -1.0929 1.574 0.0 0.31623 1000.0 1.2571 16.0 41.0 0.4071 0.0 1.174 0.0 0.3 1000.0 1.3207 16.0 43.0 1.8071 0.0 0.674 0.0 0.22361 999.0 1.3489 14.0 48.0 3.1071 0.0 0.0 -0.026 0.22361 998.0 1.5688 16.0 55.0 4.2071 0.0 0.0 -0.826 0.22361 995.0 1.7165 13.0 
0.16725 85.01661 93.0 776.0 3.0 61.0 0.0 -1.0929 4.074 0.0 0.63246 999.0 2.5 16.0 56.0 0.5071 0.0 0.574 0.0 0.5831 999.0 2.2879 16.0 55.0 2.1071 0.0 0.0 -2.326 0.5831 998.0 2.0598 14.0 57.0 3.8071 0.0 0.0 -4.726 0.5 996.0 1.952 13.0 60.0 5.4071 0.0 0.0 -6.626 0.42426 994.0 1.9352 14.0 
0.22759 54.46995 98.0 2978.0 3.0 51.0 0.0 -1.1929 2.974 0.0 0.53852 1000.0 2.0435 14.0 50.0 0.4071 0.0 0.274 0.0 0.5 1000.0 1.9642 16.0 51.0 2.1071 0.0 0.0 -2.026 0.5 1000.0 2.0435 15.0 54.0 4.0071 0.0 0.0 -4.026 0.5 998.0 1.9855 13.0 59.0 5.8071 0.0 0.0 -5.826 0.42426 996.0 2.0914 12.0 
0.04 196.48588 119.0 685.0 3.0 40.0 0.5071 0.0 3.074 0.0 0.36056 1001.0 1.3618 12.0 44.0 1.4071 0.0 1.074 0.0 0.36056 1000.0 1.5211 11.0 46.0 2.4071 0.0 0.0 -0.726 0.36056 999.0 1.5437 10.0 47.0 3.4071 0.0 0.0 -2.126 0.28284 997.0 1.4101 9.0 54.0 4.4071 0.0 0.0 -3.026 0.22361 994.0 1.5675 10.0 
0.44464 14.00819 104.0 161.0 3.0 55.0 0.0 -1.8929 0.974 0.0 0.36056 996.0 1.8174 12.0 63.0 0.0071 0.0 0.0 -0.126 0.36056 994.0 2.1336 13.0 69.0 1.9071 0.0 0.0 -0.826 0.31623 990.0 2.1142 11.0 75.0 3.5071 0.0 0.0 -1.326 0.3 985.0 2.0519 10.0 82.0 5.0071 0.0 0.0 -1.826 0.22361 980.0 2.0811 8.0 
0.06613 199.1832 100.0 652.0 3.0 48.0 0.1071 0.0 3.374 0.0 0.5 999.0 1.6809 11.0 52.0 1.5071 0.0 0.974 0.0 0.44721 999.0 1.9727 14.0 54.0 2.9071 0.0 0.0 -1.126 0.36056 997.0 1.8615 12.0 58.0 4.2071 0.0 0.0 -2.726 0.36056 994.0 1.8084 10.0 68.0 5.6071 0.0 0.0 -4.026 0.28284 990.0 2.0534 11.0 
0.13382 97.73967 106.0 1089.0 3.0 45.0 0.0 -1.8929 1.174 0.0 0.31623 1001.0 1.7236 17.0 44.0 0.1071 0.0 0.874 0.0 0.3 1000.0 1.5211 16.0 45.0 1.9071 0.0 0.974 0.0 0.3 999.0 1.4773 15.0 47.0 3.5071 0.0 1.074 0.0 0.31623 998.0 1.5041 15.0 52.0 5.0071 0.0 1.474 0.0 0.22361 996.0 1.6246 15.0 
0.09947 119.2166 118.0 1455.0 3.0 37.0 0.0 -0.9929 0.974 0.0 0.2 999.0 1.0 16.0 37.0 0.0071 0.0 1.074 0.0 0.2 999.0 1.0 15.0 39.0 1.0071 0.0 1.074 0.0 0.2 999.0 1.1096 19.0 44.0 2.0071 0.0 1.074 0.0 0.2 997.0 1.2359 16.0 50.0 3.0071 0.0 1.074 0.0 0.2 995.0 1.4186 18.0 
0.01133 116.00039 80.0 306.0 3.0 57.0 0.0 -3.1929 3.574 0.0 0.72111 1001.0 2.5 13.0 60.0 0.0 -0.9929 0.0 -0.326 0.72111 1000.0 2.5 12.0 61.0 1.1071 0.0 0.0 -4.026 0.67082 999.0 2.5 11.0 60.0 2.9071 0.0 0.0 -7.326 0.5 998.0 2.4513 9.0 62.0 4.8071 0.0 0.0 -9.826 0.42426 995.0 2.1812 8.0 
0.28719 19.33007 109.0 129.0 3.0 51.0 0.0 -0.7929 1.674 0.0 0.31623 996.0 1.5627 16.0 50.0 0.0071 0.0 0.174 0.0 0.22361 996.0 1.502 15.0 55.0 1.1071 0.0 0.0 -0.726 0.14142 992.0 1.4713 13.0 69.0 2.2071 0.0 0.0 -1.226 0.2 987.0 1.8703 13.0 68.0 3.5071 0.0 0.0 -1.426 0.2 988.0 1.8891 13.0 
0.07831 91.63024 100.0 1101.0 3.0 52.0 0.0 -2.6929 1.074 0.0 0.5 1000.0 2.1245 16.0 54.0 0.0 -0.3929 0.0 -0.726 0.42426 999.0 2.1274 14.0 56.0 1.7071 0.0 0.0 -2.226 0.44721 997.0 2.0019 13.0 61.0 3.8071 0.0 0.0 -3.026 0.31623 995.0 2.1114 14.0 66.0 5.6071 0.0 0.0 -3.226 0.3 991.0 2.0223 12.0 
0.04714 224.51946 110.0 5.0 3.0 43.0 1.3071 0.0 3.074 0.0 0.41231 1000.0 1.4527 13.0 44.0 1.9071 0.0 0.674 0.0 0.41231 1000.0 1.5211 16.0 45.0 2.7071 0.0 0.0 -1.426 0.22361 999.0 1.4773 15.0 46.0 3.6071 0.0 0.0 -2.826 0.28284 998.0 1.4408 13.0 49.0 4.7071 0.0 0.0 -3.726 0.22361 995.0 1.3624 11.0 
0.03679 186.02972 97.0 1968.0 3.0 55.0 0.0 -2.6929 0.0 -0.126 0.36056 996.0 1.8174 13.0 61.0 0.0 -0.6929 0.0 -1.526 0.36056 993.0 1.9003 11.0 71.0 1.4071 0.0 0.0 -2.726 0.41231 990.0 2.2386 12.0 85.0 3.6071 0.0 0.0 -3.326 0.4 979.0 2.1704 9.0 108.0 5.7071 0.0 0.0 -3.626 0.41231 964.0 2.4313 8.0 
0.06368 170.80972 99.0 2668.0 3.0 42.0 0.0 -2.6929 0.674 0.0 0.3 1000.0 1.3859 16.0 49.0 0.0 -0.6929 1.374 0.0 0.36056 999.0 1.7517 15.0 53.0 1.3071 0.0 2.574 0.0 0.36056 999.0 2.0493 18.0 59.0 3.3071 0.0 3.474 0.0 0.3 996.0 2.0914 14.0 63.0 5.2071 0.0 3.774 0.0 0.3 994.0 2.1336 13.0 
0.19394 84.17478 95.0 1397.0 3.0 59.0 0.0 -0.9929 2.774 0.0 0.44721 997.0 2.2221 11.0 61.0 0.7071 0.0 0.274 0.0 0.5 996.0 2.2356 12.0 66.0 2.6071 0.0 0.0 -1.626 0.42426 992.0 2.1186 10.0 77.0 4.6071 0.0 0.0 -3.126 0.42426 988.0 2.4223 11.0 91.0 6.6071 0.0 0.0 -4.626 0.42426 980.0 2.5 8.0 
0.35056 8.25172 103.0 383.0 3.0 49.0 0.0 -2.1929 1.974 0.0 0.56569 1001.0 2.0436 18.0 49.0 0.0071 0.0 0.074 0.0 0.44721 1001.0 2.0436 17.0 48.0 2.1071 0.0 0.0 -1.426 0.42426 1000.0 1.8102 16.0 48.0 3.9071 0.0 0.0 -2.626 0.28284 999.0 1.6809 19.0 50.0 5.4071 0.0 0.0 -3.226 0.2 998.0 1.7023 16.0 
0.07316 180.26231 117.0 1334.0 3.0 47.0 0.1071 0.0 1.974 0.0 0.22361 997.0 1.4101 15.0 54.0 1.0071 0.0 1.274 0.0 0.22361 994.0 1.5675 13.0 58.0 2.0071 0.0 0.774 0.0 0.22361 992.0 1.6361 12.0 60.0 3.1071 0.0 0.274 0.0 0.14142 992.0 1.7509 12.0 60.0 4.2071 0.0 0.0 -0.226 0.22361 992.0 1.7509 12.0 
0.36509 139.82063 89.0 2874.0 3.0 73.0 0.0 -2.3929 4.674 0.0 0.92195 999.0 2.5 15.0 73.0 0.9071 0.0 0.874 0.0 0.70711 997.0 2.5 13.0 73.0 4.0071 0.0 0.0 -2.326 0.72111 996.0 2.5 12.0 73.0 6.5071 0.0 0.0 -5.226 0.64031 994.0 2.5 14.0 79.0 8.5071 0.0 0.0 -7.726 0.5 987.0 2.4517 11.0 
0.0303 104.04475 98.0 2864.0 3.0 69.0 0.0 -4.1929 1.974 0.0 0.86023 1000.0 2.5 12.0 63.0 0.0 -0.5929 0.0 -0.726 0.70711 999.0 2.5 11.0 56.0 2.0071 0.0 0.0 -3.126 0.5 999.0 2.2879 12.0 55.0 3.9071 0.0 0.0 -4.926 0.42426 997.0 1.931 12.0 59.0 5.7071 0.0 0.0 -6.126 0.31623 994.0 1.8713 10.0 
0.094 48.64617 114.0 823.0 3.0 56.0 0.0 -2.1929 2.574 0.0 0.67082 1000.0 2.4639 16.0 55.0 0.0 -0.2929 0.0 -0.326 0.42426 999.0 2.2069 14.0 55.0 1.6071 0.0 0.0 -2.026 0.36056 997.0 1.931 12.0 56.0 3.3071 0.0 0.0 -2.926 0.31623 996.0 1.8841 14.0 63.0 4.7071 0.0 0.0 -3.126 0.2 991.0 1.8426 11.0 
0.20406 148.36538 91.0 3074.0 3.0 72.0 0.0 -1.7929 4.174 0.0 0.84853 999.0 2.5 15.0 69.0 1.2071 0.0 0.574 0.0 0.70711 997.0 2.5 13.0 68.0 3.7071 0.0 0.0 -2.526 0.64031 996.0 2.5 12.0 70.0 5.8071 0.0 0.0 -5.126 0.56569 993.0 2.5 14.0 78.0 7.9071 0.0 0.0 -7.226 0.42426 987.0 2.39 11.0 
0.42244 24.41152 94.0 1939.0 3.0 49.0 0.0 -1.7929 1.274 0.0 0.42426 999.0 1.7517 17.0 53.0 0.2071 0.0 0.074 0.0 0.36056 998.0 1.9127 18.0 58.0 2.2071 0.0 0.0 -1.026 0.44721 996.0 2.0211 16.0 65.0 4.4071 0.0 0.0 -2.326 0.36056 994.0 2.2712 17.0 73.0 6.6071 0.0 0.0 -3.426 0.41231 991.0 2.474 15.0 
0.18936 235.98732 87.0 2756.0 3.0 76.0 0.0 -3.7929 0.0 -1.926 0.72801 995.0 2.5 16.0 79.0 0.0071 0.0 0.0 -2.126 0.6 993.0 2.5 17.0 85.0 3.4071 0.0 0.0 -1.826 0.5099 988.0 2.5 16.0 97.0 6.5071 0.0 0.0 -1.726 0.5 980.0 2.5 14.0 106.0 9.4071 0.0 0.0 -1.826 0.5 972.0 2.5 12.0 
0.18048 53.94034 357.0 748.0 3.0 45.0 0.0 -1.2929 1.974 0.0 0.36056 1001.0 1.7236 22.0 42.0 0.1071 0.0 0.474 0.0 0.36056 1001.0 1.5014 21.0 41.0 1.6071 0.0 0.0 -0.326 0.22361 1001.0 1.4308 21.0 42.0 3.1071 0.0 0.0 -0.626 0.3 1001.0 1.5014 21.0 43.0 4.8071 0.0 0.0 -0.526 0.22361 1001.0 1.5738 20.0 
0.2493 2.99167 101.0 577.0 3.0 47.0 0.0 -1.3929 1.974 0.0 0.36056 1000.0 1.7355 11.0 49.0 0.0071 0.0 0.0 -0.026 0.42426 999.0 1.7517 10.0 53.0 1.5071 0.0 0.0 -1.726 0.36056 996.0 1.6877 8.0 59.0 3.2071 0.0 0.0 -2.926 0.28284 993.0 1.7777 7.0 73.0 4.9071 0.0 0.0 -3.726 0.31623 988.0 2.1772 8.0 
0.10366 302.58703 88.0 1840.0 3.0 41.0 0.0 -1.9929 0.0 -2.626 0.3 999.0 1.2264 18.0 60.0 0.0071 0.0 0.0 -2.726 0.5 997.0 2.2981 18.0 74.0 3.2071 0.0 0.0 -2.126 0.63246 996.0 2.5 18.0 72.0 6.3071 0.0 0.0 -0.726 0.5831 995.0 2.5 18.0 67.0 8.8071 0.0 0.774 0.0 0.44721 993.0 2.2925 13.0 
0.25268 49.1426 113.0 1041.0 3.0 53.0 0.0 -1.6929 2.274 0.0 0.5 1000.0 2.207 17.0 51.0 0.4071 0.0 0.174 0.0 0.42426 1000.0 2.0435 15.0 49.0 2.2071 0.0 0.0 -1.426 0.36056 999.0 1.7517 14.0 49.0 3.7071 0.0 0.0 -2.626 0.36056 997.0 1.5327 13.0 52.0 4.9071 0.0 0.0 -3.526 0.22361 995.0 1.5343 14.0 
0.1333 97.07306 103.0 1731.0 3.0 31.0 0.4071 0.0 0.874 0.0 0.0 999.0 1.0 14.0 36.0 0.4071 0.0 0.774 0.0 0.1 997.0 1.0 12.0 46.0 0.9071 0.0 0.874 0.0 0.1 994.0 1.1375 10.0 59.0 1.8071 0.0 1.074 0.0 0.22361 992.0 1.693 12.0 69.0 3.4071 0.0 1.374 0.0 0.31623 988.0 1.9451 8.0 
0.11284 171.21175 100.0 2364.0 3.0 67.0 0.0 -0.6929 3.374 0.0 0.5 993.0 2.2925 14.0 76.0 1.1071 0.0 1.074 0.0 0.42426 990.0 2.5 14.0 82.0 2.8071 0.0 0.0 -0.726 0.36056 984.0 2.3682 12.0 91.0 4.5071 0.0 0.0 -1.926 0.28284 976.0 2.2859 10.0 99.0 5.9071 0.0 0.0 -2.826 0.31623 968.0 2.2245 9.0 
0.19691 57.41677 98.0 2193.0 3.0 54.0 0.0 -1.9929 2.574 0.0 0.5 1001.0 2.4819 18.0 49.0 0.2071 0.0 0.474 0.0 0.42426 1001.0 2.0436 17.0 50.0 2.3071 0.0 0.0 -0.826 0.41231 1000.0 1.9642 18.0 53.0 4.4071 0.0 0.0 -1.426 0.41231 999.0 2.0493 17.0 54.0 6.3071 0.0 0.0 -2.026 0.28284 998.0 1.9855 15.0 
0.13779 107.29667 115.0 1950.0 3.0 48.0 0.0 -1.9929 0.0 -0.226 0.22361 996.0 1.3843 9.0 54.0 0.0 -0.6929 0.674 0.0 0.28284 994.0 1.5675 11.0 59.0 0.3071 0.0 2.174 0.0 0.31623 991.0 1.6161 8.0 74.0 1.0071 0.0 4.374 0.0 0.41231 986.0 2.0715 9.0 96.0 1.6071 0.0 6.974 0.0 0.41231 974.0 2.4136 8.0 
0.14908 116.7183 107.0 791.0 3.0 47.0 0.0 -0.5929 2.574 0.0 0.36056 999.0 1.6116 16.0 49.0 0.8071 0.0 0.674 0.0 0.36056 999.0 1.7517 19.0 51.0 2.1071 0.0 0.0 -1.026 0.28284 997.0 1.6604 16.0 53.0 3.4071 0.0 0.0 -2.326 0.28284 995.0 1.5939 15.0 60.0 4.7071 0.0 0.0 -3.426 0.22361 993.0 1.8385 16.0 
0.06181 173.59727 92.0 2216.0 3.0 52.0 0.0 -0.8929 3.274 0.0 0.5 1000.0 2.1245 19.0 59.0 0.9071 0.0 1.274 0.0 0.44721 998.0 2.3703 16.0 66.0 3.3071 0.0 0.0 -0.126 0.44721 996.0 2.5 14.0 65.0 5.7071 0.0 0.0 -1.326 0.31623 996.0 2.5 14.0 60.0 7.6071 0.0 0.0 -2.326 0.36056 996.0 2.1629 14.0 
0.19787 102.71108 86.0 1846.0 3.0 67.0 0.0 -2.7929 1.874 0.0 0.63246 998.0 2.5 10.0 66.0 0.5071 0.0 0.774 0.0 0.5099 997.0 2.5 12.0 70.0 3.5071 0.0 0.074 0.0 0.5099 993.0 2.5 10.0 86.0 6.8071 0.0 0.0 -0.226 0.60828 989.0 2.5 11.0 95.0 10.1071 0.0 0.074 0.0 0.5099 981.0 2.5 9.0 
0.07757 171.69251 107.0 1134.0 3.0 52.0 0.0 -0.4929 2.774 0.0 0.36056 999.0 1.9727 17.0 53.0 1.0071 0.0 1.174 0.0 0.42426 998.0 1.9127 16.0 56.0 2.4071 0.0 0.0 -0.326 0.28284 996.0 1.8841 14.0 58.0 3.7071 0.0 0.0 -1.426 0.28284 994.0 1.8084 13.0 60.0 4.9071 0.0 0.0 -2.326 0.28284 992.0 1.7509 12.0 
0.0837 138.76716 102.0 2725.0 3.0 37.0 0.0 -1.5929 0.0 -0.826 0.2 999.0 1.0 14.0 44.0 0.0 -1.1929 0.374 0.0 0.31623 997.0 1.2359 12.0 52.0 0.0 -0.2929 1.774 0.0 0.28284 995.0 1.5343 11.0 67.0 1.2071 0.0 2.974 0.0 0.28284 991.0 2.0841 12.0 80.0 3.2071 0.0 3.774 0.0 0.4 986.0 2.421 10.0 
0.09961 146.70683 89.0 1506.0 3.0 49.0 0.0 -1.6929 2.474 0.0 0.5 1001.0 2.0436 17.0 50.0 0.6071 0.0 1.174 0.0 0.44721 1001.0 2.1279 19.0 56.0 3.0071 0.0 0.074 0.0 0.44721 999.0 2.2879 18.0 64.0 5.6071 0.0 0.0 -0.926 0.5099 998.0 2.5 16.0 70.0 8.7071 0.0 0.0 -1.926 0.53852 997.0 2.5 15.0 
0.08291 186.1939 109.0 1976.0 3.0 41.0 0.0 -1.0929 1.874 0.0 0.2 999.0 1.2264 14.0 46.0 0.1071 0.0 1.674 0.0 0.2 998.0 1.4408 16.0 53.0 1.3071 0.0 1.474 0.0 0.22361 995.0 1.5939 14.0 58.0 2.5071 0.0 0.974 0.0 0.2 993.0 1.7179 12.0 61.0 3.7071 0.0 0.674 0.0 0.22361 991.0 1.7275 12.0 
0.03752 222.81675 139.0 268.0 3.0 48.0 1.2071 0.0 2.274 0.0 0.31623 998.0 1.5688 12.0 49.0 1.8071 0.0 0.874 0.0 0.14142 996.0 1.4425 11.0 48.0 2.4071 0.0 0.074 0.0 0.14142 995.0 1.3074 10.0 50.0 2.9071 0.0 0.0 -0.426 0.1 993.0 1.2767 9.0 53.0 3.4071 0.0 0.0 -0.526 0.0 992.0 1.3662 9.0 
0.2937 156.56692 85.0 2313.0 3.0 100.0 0.0 -2.6929 3.574 0.0 0.86023 986.0 2.5 11.0 100.0 1.1071 0.0 0.874 0.0 0.72111 984.0 2.5 11.0 116.0 4.4071 0.0 0.0 -1.926 0.70711 971.0 2.5 10.0 131.0 7.4071 0.0 0.0 -4.726 0.70711 957.0 2.5 8.0 161.0 10.4071 0.0 0.0 -7.426 0.64031 924.0 2.5 6.0 
0.06832 161.73528 100.0 600.0 3.0 47.0 0.0 -1.3929 3.174 0.0 0.5 1002.0 2.0511 26.0 48.0 0.7071 0.0 1.274 0.0 0.5 1001.0 1.961 23.0 48.0 2.6071 0.0 0.0 -0.526 0.36056 1001.0 1.961 21.0 46.0 4.2071 0.0 0.0 -2.026 0.36056 1001.0 1.801 20.0 44.0 5.8071 0.0 0.0 -3.226 0.22361 1001.0 1.6478 21.0 
0.10187 110.53094 98.0 1349.0 3.0 45.0 0.0 -2.0929 1.674 0.0 0.36056 1000.0 1.591 12.0 48.0 0.2071 0.0 0.974 0.0 0.41231 1000.0 1.8102 12.0 48.0 2.5071 0.0 0.674 0.0 0.3 999.0 1.6809 13.0 50.0 4.4071 0.0 0.274 0.0 0.36056 998.0 1.7023 13.0 54.0 6.1071 0.0 0.0 -0.526 0.36056 996.0 1.752 11.0 
0.77033 32.11459 89.0 1573.0 3.0 55.0 0.0 -2.4929 0.974 0.0 0.31623 997.0 1.931 12.0 68.0 0.0 -0.0929 0.274 0.0 0.44721 995.0 2.5 14.0 80.0 2.7071 0.0 0.0 -0.726 0.5099 990.0 2.5 11.0 90.0 5.7071 0.0 0.0 -1.426 0.5099 985.0 2.5 9.0 91.0 8.4071 0.0 0.0 -1.926 0.4 981.0 2.5 9.0 
0.14514 246.39766 90.0 1774.0 3.0 53.0 0.0 -0.3929 0.0 -2.226 0.2 993.0 1.4345 10.0 66.0 0.9071 0.0 0.0 -2.026 0.3 987.0 1.7112 8.0 93.0 2.7071 0.0 0.0 -1.426 0.41231 976.0 2.3875 8.0 112.0 5.1071 0.0 0.0 -0.526 0.53852 966.0 2.5 7.0 115.0 8.0071 0.0 0.374 0.0 0.5099 967.0 2.5 7.0 
0.2017 92.4535 320.0 1965.0 3.0 76.0 0.0 -2.3929 0.0 -0.726 0.4 988.0 2.3598 11.0 89.0 0.1071 0.0 0.0 -0.826 0.4 980.0 2.4516 10.0 109.0 2.6071 0.0 0.0 -0.926 0.4 966.0 2.5 9.0 115.0 4.9071 0.0 0.0 -0.926 0.4 959.0 2.5 8.0 113.0 7.0071 0.0 0.0 -0.726 0.3 958.0 2.3713 8.0 
0.00966 292.27138 96.0 2168.0 3.0 62.0 0.0 -3.1929 0.0 -2.126 0.5099 999.0 2.5 10.0 62.0 0.0 -0.1929 0.0 -2.626 0.4 997.0 2.4538 9.0 66.0 2.3071 0.0 0.0 -2.526 0.41231 995.0 2.4717 10.0 68.0 4.5071 0.0 0.0 -2.126 0.3 992.0 2.249 9.0 70.0 6.4071 0.0 0.0 -1.826 0.31623 990.0 2.176 8.0 
0.08637 291.16437 102.0 2135.0 3.0 53.0 0.0 -0.7929 0.0 -3.226 0.22361 994.0 1.51 11.0 66.0 0.7071 0.0 0.0 -2.526 0.31623 989.0 1.8538 9.0 84.0 2.4071 0.0 0.0 -1.826 0.36056 980.0 2.1839 9.0 97.0 4.0071 0.0 0.0 -1.126 0.31623 969.0 2.1841 7.0 109.0 5.5071 0.0 0.0 -0.426 0.22361 958.0 2.2064 6.0 
0.52014 19.33007 101.0 443.0 3.0 60.0 0.0 -2.0929 1.674 0.0 0.44721 997.0 2.2981 12.0 62.0 0.0071 0.0 0.174 0.0 0.36056 996.0 2.3095 14.0 74.0 1.8071 0.0 0.0 -1.226 0.36056 989.0 2.3304 11.0 70.0 3.5071 0.0 0.0 -2.126 0.22361 990.0 2.176 11.0 69.0 5.1071 0.0 0.0 -2.626 0.31623 990.0 2.1142 11.0 
0.23653 181.46604 83.0 760.0 3.0 85.0 0.0 -4.3929 3.874 0.0 0.98489 996.0 2.5 12.0 98.0 0.7071 0.0 1.474 0.0 0.9434 994.0 2.5 13.0 99.0 5.1071 0.0 0.0 -1.426 0.86023 990.0 2.5 11.0 93.0 8.7071 0.0 0.0 -4.326 0.72111 990.0 2.5 11.0 88.0 11.6071 0.0 0.0 -6.726 0.56569 988.0 2.5 10.0 
0.21634 42.77555 116.0 1287.0 3.0 39.0 0.0 -1.3929 0.774 0.0 0.22361 1000.0 1.195 15.0 43.0 0.0 -0.0929 0.374 0.0 0.2 999.0 1.3489 18.0 46.0 1.0071 0.0 0.474 0.0 0.2 998.0 1.4408 16.0 51.0 2.2071 0.0 0.774 0.0 0.2 996.0 1.5627 14.0 54.0 3.3071 0.0 1.174 0.0 0.22361 995.0 1.6546 13.0 
0.17287 52.6199 103.0 1480.0 3.0 38.0 0.0 -1.5929 1.374 0.0 0.28284 1001.0 1.2291 13.0 41.0 0.0071 0.0 0.474 0.0 0.31623 1001.0 1.4308 17.0 46.0 1.8071 0.0 0.0 -0.126 0.3 1000.0 1.6625 15.0 50.0 3.6071 0.0 0.0 -0.226 0.3 999.0 1.8239 13.0 51.0 5.3071 0.0 0.0 -0.026 0.22361 998.0 1.7711 12.0 
0.13945 178.25807 88.0 667.0 3.0 61.0 0.0 -0.3929 4.474 0.0 0.67082 999.0 2.5 16.0 60.0 1.4071 0.0 0.774 0.0 0.5831 998.0 2.4513 15.0 62.0 3.2071 0.0 0.0 -2.426 0.5831 997.0 2.4538 13.0 64.0 5.0071 0.0 0.0 -5.326 0.53852 995.0 2.3242 12.0 69.0 6.6071 0.0 0.0 -7.926 0.44721 992.0 2.3156 13.0 
0.16427 171.52522 90.0 1043.0 3.0 81.0 0.0 -3.2929 4.874 0.0 0.92195 1000.0 2.5 19.0 76.0 0.7071 0.0 1.374 0.0 0.72111 999.0 2.5 17.0 67.0 3.8071 0.0 0.0 -1.126 0.5 998.0 2.5 16.0 60.0 6.2071 0.0 0.0 -3.026 0.42426 998.0 2.4513 16.0 54.0 8.2071 0.0 0.0 -4.626 0.36056 999.0 2.1274 17.0 
0.26108 44.52005 103.0 441.0 3.0 51.0 0.0 -1.7929 0.0 -1.626 0.42426 998.0 1.7711 13.0 60.0 0.0 -0.2929 0.274 0.0 0.36056 996.0 2.1629 14.0 61.0 1.0071 0.0 2.274 0.0 0.36056 995.0 2.1114 13.0 67.0 2.4071 0.0 3.774 0.0 0.36056 992.0 2.1833 12.0 70.0 4.1071 0.0 4.774 0.0 0.31623 991.0 2.2749 11.0 
0.40874 91.63159 95.0 1857.0 3.0 58.0 0.0 -0.7929 0.0 -2.026 0.42426 992.0 1.6361 13.0 74.0 0.7071 0.0 0.0 -0.426 0.36056 986.0 2.0715 11.0 93.0 2.5071 0.0 0.974 0.0 0.36056 976.0 2.3875 10.0 109.0 4.5071 0.0 1.974 0.0 0.41231 964.0 2.4765 9.0 115.0 6.5071 0.0 2.474 0.0 0.41231 957.0 2.4121 8.0 
0.08406 272.45394 95.0 1440.0 3.0 55.0 1.1071 0.0 4.574 0.0 0.63246 999.0 2.2069 12.0 55.0 2.2071 0.0 1.074 0.0 0.53852 999.0 2.2069 15.0 56.0 3.4071 0.0 0.0 -1.926 0.44721 997.0 2.0019 13.0 59.0 4.7071 0.0 0.0 -4.326 0.36056 994.0 1.8713 11.0 67.0 6.1071 0.0 0.0 -6.426 0.42426 991.0 2.0841 13.0 
0.05498 161.22942 92.0 2552.0 3.0 62.0 0.0 -3.7929 0.0 -0.126 0.63246 1000.0 2.5 15.0 63.0 0.0 -0.5929 0.0 -1.326 0.63246 998.0 2.5 13.0 65.0 2.4071 0.0 0.0 -2.126 0.5099 996.0 2.5 13.0 71.0 5.1071 0.0 0.0 -3.026 0.44721 993.0 2.5 13.0 72.0 7.4071 0.0 0.0 -3.926 0.36056 991.0 2.4067 11.0 
0.16503 130.31638 101.0 991.0 3.0 68.0 0.0 -2.1929 1.574 0.0 0.41231 991.0 2.1467 9.0 78.0 0.0071 0.0 1.174 0.0 0.3 987.0 2.39 10.0 92.0 2.0071 0.0 1.274 0.0 0.3 975.0 2.275 8.0 104.0 3.9071 0.0 1.574 0.0 0.31623 966.0 2.3505 7.0 100.0 5.6071 0.0 1.974 0.0 0.22361 967.0 2.2204 7.0 
0.10875 235.0142 100.0 1722.0 3.0 62.0 0.5071 0.0 4.274 0.0 0.76158 999.0 2.5 15.0 60.0 2.0071 0.0 0.674 0.0 0.53852 997.0 2.2981 13.0 59.0 3.3071 0.0 0.0 -2.026 0.44721 994.0 1.8713 11.0 63.0 4.5071 0.0 0.0 -3.926 0.28284 991.0 1.8426 12.0 73.0 5.8071 0.0 0.0 -5.026 0.22361 984.0 1.8769 11.0 
0.11145 287.49442 98.0 362.0 3.0 51.0 0.0 -0.9929 0.0 -3.426 0.31623 998.0 1.7711 13.0 56.0 0.9071 0.0 0.0 -2.426 0.31623 996.0 1.8841 13.0 66.0 2.8071 0.0 0.0 -1.226 0.36056 993.0 2.2245 13.0 70.0 4.6071 0.0 0.0 -0.126 0.36056 990.0 2.176 11.0 73.0 6.3071 0.0 0.674 0.0 0.31623 987.0 2.0934 10.0 
0.10734 156.56692 94.0 1241.0 3.0 64.0 0.0 -0.9929 4.774 0.0 0.80623 1000.0 2.5 12.0 60.0 1.1071 0.0 0.874 0.0 0.67082 999.0 2.5 11.0 58.0 3.0071 0.0 0.0 -2.326 0.5 999.0 2.4542 14.0 59.0 4.9071 0.0 0.0 -4.726 0.5 997.0 2.2221 12.0 62.0 6.9071 0.0 0.0 -6.226 0.44721 994.0 2.0664 11.0 
0.03626 257.667 98.0 763.0 3.0 60.0 0.2071 0.0 3.974 0.0 0.5831 1000.0 2.5 19.0 58.0 2.1071 0.0 0.974 0.0 0.5 999.0 2.4542 18.0 54.0 3.8071 0.0 0.0 -1.426 0.36056 999.0 2.1274 18.0 52.0 5.3071 0.0 0.0 -3.226 0.28284 998.0 1.8412 17.0 52.0 6.6071 0.0 0.0 -4.726 0.28284 998.0 1.8412 16.0 
0.21732 47.45382 107.0 1485.0 3.0 50.0 0.0 -1.6929 2.974 0.0 0.5 1001.0 2.1279 13.0 50.0 0.2071 0.0 0.374 0.0 0.5 1000.0 1.9642 12.0 47.0 1.8071 0.0 0.0 -1.626 0.42426 1000.0 1.7355 11.0 45.0 3.3071 0.0 0.0 -3.026 0.28284 998.0 1.3789 10.0 48.0 4.6071 0.0 0.0 -3.926 0.22361 997.0 1.4708 12.0 
0.06215 171.52522 98.0 2798.0 3.0 41.0 0.0 -0.4929 3.074 0.0 0.36056 1001.0 1.4308 22.0 47.0 0.7071 0.0 1.374 0.0 0.36056 1000.0 1.7355 19.0 52.0 2.3071 0.0 0.074 0.0 0.36056 999.0 1.9727 17.0 54.0 4.1071 0.0 0.0 -1.026 0.36056 998.0 1.9855 16.0 54.0 5.9071 0.0 0.0 -2.126 0.36056 998.0 1.9855 16.0 
0.02821 66.82775 100.0 229.0 3.0 61.0 0.0 -3.0929 1.874 0.0 0.64031 999.0 2.5 11.0 61.0 0.0 -0.2929 0.0 -0.526 0.56569 997.0 2.3753 9.0 60.0 1.9071 0.0 0.0 -2.426 0.42426 996.0 2.1629 11.0 65.0 3.8071 0.0 0.0 -3.426 0.31623 991.0 1.9615 9.0 76.0 5.6071 0.0 0.0 -3.926 0.3 985.0 2.1069 10.0 
0.21727 69.35559 124.0 59.0 3.0 56.0 0.0 -0.7929 1.574 0.0 0.28284 994.0 1.6858 13.0 57.0 0.4071 0.0 0.474 0.0 0.28284 995.0 1.8436 13.0 60.0 1.7071 0.0 0.0 -0.626 0.22361 993.0 1.8385 12.0 61.0 2.8071 0.0 0.0 -1.326 0.2 991.0 1.7275 11.0 60.0 3.8071 0.0 0.0 -1.426 0.2 991.0 1.6713 11.0 
0.14478 93.62417 123.0 1143.0 3.0 56.0 0.0 -1.5929 2.874 0.0 0.56569 1000.0 2.4639 16.0 50.0 0.5071 0.0 0.674 0.0 0.42426 1000.0 1.9642 16.0 48.0 2.1071 0.0 0.0 -0.926 0.22361 998.0 1.5688 14.0 48.0 3.4071 0.0 0.0 -1.926 0.22361 997.0 1.4708 12.0 52.0 4.4071 0.0 0.0 -2.826 0.28284 995.0 1.5343 14.0 
0.05811 226.37542 99.0 2677.0 3.0 61.0 0.0 -0.6929 3.674 0.0 0.56569 999.0 2.5 14.0 60.0 1.5071 0.0 1.374 0.0 0.56569 998.0 2.4513 17.0 62.0 3.3071 0.0 0.0 -0.526 0.36056 995.0 2.1812 14.0 62.0 4.7071 0.0 0.0 -1.926 0.36056 993.0 1.9631 12.0 63.0 6.1071 0.0 0.0 -2.926 0.28284 992.0 1.9304 12.0 
0.18529 167.54553 103.0 1944.0 3.0 68.0 0.0 -0.2929 0.0 -2.726 0.36056 990.0 2.0534 19.0 81.0 1.1071 0.0 0.0 -1.026 0.28284 983.0 2.2337 15.0 86.0 2.6071 0.0 0.174 0.0 0.28284 979.0 2.2218 14.0 88.0 4.1071 0.0 0.874 0.0 0.22361 976.0 2.1377 13.0 89.0 5.6071 0.0 1.174 0.0 0.22361 975.0 2.129 13.0 
0.24008 85.01661 98.0 1685.0 3.0 67.0 0.0 -1.2929 2.574 0.0 0.5 992.0 2.1833 12.0 68.0 0.5071 0.0 0.574 0.0 0.42426 991.0 2.1467 11.0 79.0 2.4071 0.0 0.0 -1.026 0.44721 984.0 2.1981 10.0 93.0 4.4071 0.0 0.0 -2.126 0.31623 974.0 2.2651 9.0 104.0 6.1071 0.0 0.0 -2.926 0.31623 961.0 2.1245 7.0 
0.40962 22.93337 153.0 2456.0 3.0 52.0 0.0 -1.7929 0.0 -0.626 0.31623 999.0 1.9727 17.0 57.0 0.0 -0.1929 0.074 0.0 0.36056 995.0 1.8436 14.0 55.0 1.2071 0.0 0.874 0.0 0.14142 995.0 1.7165 13.0 55.0 2.2071 0.0 1.274 0.0 0.22361 994.0 1.6261 12.0 56.0 3.2071 0.0 1.474 0.0 0.1 993.0 1.6015 12.0 
0.01708 134.76728 77.0 867.0 3.0 78.0 0.0 -3.2929 5.574 0.0 1.17047 1000.0 2.5 12.0 70.0 0.0 -1.1929 0.0 -0.226 0.8544 999.0 2.5 11.0 67.0 0.4071 0.0 0.0 -5.026 0.76158 998.0 2.5 10.0 66.0 2.2071 0.0 0.0 -8.726 0.67082 996.0 2.5 10.0 69.0 4.3071 0.0 0.0 -11.326 0.5 993.0 2.4314 10.0 
0.06104 182.30737 135.0 509.0 3.0 40.0 0.0 -2.3929 0.074 0.0 0.42426 1001.0 1.3618 13.0 38.0 0.0 -1.0929 0.0 -1.226 0.28284 1000.0 1.1345 12.0 37.0 0.0071 0.0 0.0 -1.826 0.22361 1000.0 1.0756 15.0 37.0 0.8071 0.0 0.0 -2.026 0.1 998.0 1.0 13.0 41.0 1.3071 0.0 0.0 -1.826 0.0 996.0 1.01 11.0 
0.02638 152.06216 107.0 740.0 3.0 47.0 0.0 -2.7929 1.474 0.0 0.5 1000.0 1.7355 13.0 48.0 0.0 -1.0929 0.0 -0.826 0.5 1000.0 1.8102 12.0 49.0 0.6071 0.0 0.0 -2.726 0.42426 998.0 1.6349 10.0 50.0 2.2071 0.0 0.0 -4.226 0.36056 998.0 1.7023 13.0 55.0 3.8071 0.0 0.0 -5.226 0.36056 995.0 1.7165 11.0 
0.05769 171.52522 98.0 1203.0 3.0 68.0 0.0 -1.2929 3.174 0.0 0.42426 994.0 2.4857 13.0 66.0 0.7071 0.0 1.374 0.0 0.36056 994.0 2.3416 13.0 72.0 2.6071 0.0 0.0 -0.326 0.42426 991.0 2.4067 12.0 73.0 4.5071 0.0 0.0 -2.026 0.42426 991.0 2.474 11.0 67.0 6.2071 0.0 0.0 -3.526 0.42426 993.0 2.2925 12.0 
0.26053 139.82063 95.0 2035.0 3.0 74.0 0.0 -1.8929 2.374 0.0 0.53852 995.0 2.5 14.0 75.0 0.9071 0.0 0.874 0.0 0.44721 993.0 2.5 12.0 73.0 3.3071 0.0 0.0 -0.526 0.44721 992.0 2.5 12.0 68.0 5.3071 0.0 0.0 -1.426 0.31623 992.0 2.249 12.0 63.0 6.9071 0.0 0.0 -1.826 0.31623 993.0 2.0269 12.0 
0.04741 166.63782 353.0 792.0 3.0 70.0 0.0 -3.9929 2.574 0.0 0.86023 999.0 2.5 11.0 67.0 0.0 -0.9929 0.0 -1.126 0.70711 998.0 2.5 10.0 62.0 1.6071 0.0 0.0 -3.626 0.5 995.0 2.1812 9.0 61.0 3.6071 0.0 0.0 -5.226 0.36056 993.0 1.9003 10.0 66.0 5.1071 0.0 0.0 -6.226 0.22361 986.0 1.6478 8.0 
0.05634 214.11628 92.0 886.0 3.0 52.0 0.0 -2.6929 0.0 -1.626 0.5099 1000.0 2.1245 22.0 54.0 0.1071 0.0 0.0 -1.926 0.41231 999.0 2.1274 20.0 57.0 2.7071 0.0 0.0 -2.226 0.5 999.0 2.3703 23.0 61.0 5.2071 0.0 0.0 -2.026 0.41231 997.0 2.3753 20.0 63.0 7.5071 0.0 0.0 -1.026 0.36056 996.0 2.3846 19.0 
0.34629 45.6838 332.0 1222.0 3.0 70.0 0.0 -2.2929 3.674 0.0 0.86023 998.0 2.5 14.0 64.0 0.3071 0.0 0.274 0.0 0.64031 997.0 2.5 13.0 59.0 2.5071 0.0 0.0 -2.126 0.42426 996.0 2.0914 12.0 61.0 4.3071 0.0 0.0 -3.826 0.42426 992.0 1.8098 11.0 68.0 6.0071 0.0 0.0 -5.326 0.36056 989.0 1.9678 12.0 
0.13438 246.86875 84.0 839.0 3.0 65.0 0.6071 0.0 4.974 0.0 0.8544 1000.0 2.5 12.0 65.0 2.2071 0.0 0.274 0.0 0.8544 999.0 2.5 11.0 63.0 3.9071 0.0 0.0 -3.826 0.67082 998.0 2.5 10.0 60.0 5.5071 0.0 0.0 -7.026 0.5 996.0 2.1629 9.0 63.0 6.9071 0.0 0.0 -9.426 0.44721 994.0 2.1336 10.0 
0.07642 158.46145 143.0 1942.0 3.0 33.0 0.8071 0.0 1.474 0.0 0.22361 1000.0 1.0 17.0 34.0 1.3071 0.0 0.574 0.0 0.14142 1000.0 1.0 18.0 37.0 1.8071 0.0 0.0 -0.126 0.1 998.0 1.0 18.0 42.0 2.1071 0.0 0.0 -0.726 0.14142 997.0 1.1261 18.0 46.0 2.4071 0.0 0.0 -1.326 0.1 995.0 1.2007 17.0 
0.08196 130.31638 99.0 904.0 3.0 51.0 0.0 -1.8929 1.074 0.0 0.3 999.0 1.8976 13.0 54.0 0.0071 0.0 1.174 0.0 0.3 997.0 1.8615 11.0 59.0 1.8071 0.0 1.274 0.0 0.31623 995.0 1.9752 10.0 63.0 3.6071 0.0 1.674 0.0 0.31623 993.0 2.0269 9.0 64.0 5.4071 0.0 2.274 0.0 0.31623 994.0 2.2019 9.0 
0.14375 82.21395 89.0 660.0 3.0 46.0 0.0 -1.1929 2.274 0.0 0.28284 1000.0 1.6625 15.0 48.0 0.3071 0.0 0.674 0.0 0.36056 999.0 1.6809 14.0 52.0 1.9071 0.0 0.0 -0.826 0.42426 998.0 1.8412 15.0 54.0 3.4071 0.0 0.0 -2.226 0.36056 997.0 1.8615 16.0 60.0 4.8071 0.0 0.0 -3.126 0.31623 994.0 1.9352 12.0 
0.31935 102.52377 86.0 407.0 3.0 63.0 0.0 -1.3929 4.174 0.0 0.80623 1000.0 2.5 16.0 64.0 0.9071 0.0 0.174 0.0 0.72111 1000.0 2.5 16.0 66.0 3.4071 0.0 0.0 -3.326 0.72111 999.0 2.5 14.0 68.0 5.8071 0.0 0.0 -6.526 0.64031 997.0 2.5 14.0 73.0 8.1071 0.0 0.0 -9.226 0.56569 995.0 2.5 13.0 
0.4321 30.42421 87.0 2750.0 3.0 58.0 0.0 -3.2929 2.774 0.0 0.70711 1001.0 2.5 18.0 62.0 0.0071 0.0 0.274 0.0 0.72111 1001.0 2.5 17.0 64.0 3.4071 0.0 0.0 -1.726 0.67082 1000.0 2.5 15.0 65.0 6.6071 0.0 0.0 -3.626 0.5831 999.0 2.5 16.0 67.0 9.6071 0.0 0.0 -5.226 0.53852 997.0 2.5 16.0 
0.57907 19.33007 69.0 316.0 3.0 59.0 0.0 -3.6929 0.0 -1.726 0.67082 1002.0 2.5 22.0 63.0 0.0071 0.0 0.174 0.0 0.67082 1001.0 2.5 22.0 60.0 3.1071 0.0 1.874 0.0 0.53852 1000.0 2.5 19.0 55.0 5.5071 0.0 3.374 0.0 0.44721 1000.0 2.3767 18.0 49.0 7.4071 0.0 4.574 0.0 0.28284 1000.0 1.8864 18.0 
0.09481 181.46604 108.0 1551.0 3.0 45.0 0.0 -0.8929 2.074 0.0 0.31623 999.0 1.4773 14.0 49.0 0.7071 0.0 1.474 0.0 0.31623 998.0 1.6349 15.0 57.0 2.4071 0.0 0.974 0.0 0.31623 996.0 1.952 14.0 60.0 4.0071 0.0 0.474 0.0 0.31623 994.0 1.9352 13.0 61.0 5.4071 0.0 0.174 0.0 0.2 992.0 1.8098 12.0 
0.32681 105.1813 87.0 1827.0 3.0 64.0 0.0 -1.2929 4.074 0.0 0.72111 997.0 2.5 17.0 69.0 0.9071 0.0 0.274 0.0 0.76158 996.0 2.5 17.0 74.0 3.0071 0.0 0.0 -3.626 0.72111 994.0 2.5 19.0 76.0 5.4071 0.0 0.0 -6.526 0.56569 991.0 2.5 18.0 85.0 7.7071 0.0 0.0 -8.426 0.5 984.0 2.5 16.0 
0.31334 152.2047 88.0 1816.0 3.0 72.0 0.0 -2.8929 3.374 0.0 0.67082 997.0 2.5 13.0 71.0 0.5071 0.0 1.274 0.0 0.72111 997.0 2.5 16.0 74.0 3.4071 0.0 0.0 -1.126 0.64031 994.0 2.5 14.0 81.0 6.3071 0.0 0.0 -2.926 0.53852 990.0 2.5 15.0 89.0 9.0071 0.0 0.0 -4.026 0.53852 984.0 2.5 12.0 
0.06576 169.38783 110.0 847.0 3.0 34.0 0.0 -1.0929 0.0 -1.326 0.22361 1001.0 1.0 16.0 38.0 0.0071 0.0 0.0 -1.526 0.1 999.0 1.0535 15.0 42.0 1.1071 0.0 0.0 -1.526 0.14142 998.0 1.2011 13.0 47.0 2.2071 0.0 0.0 -1.026 0.28284 997.0 1.4101 16.0 57.0 3.3071 0.0 0.0 -0.126 0.22361 994.0 1.7465 13.0 
0.12088 109.18961 81.0 1091.0 3.0 51.0 0.0 -1.2929 2.674 0.0 0.5 1001.0 2.2138 21.0 52.0 0.6071 0.0 0.774 0.0 0.42426 1000.0 2.1245 19.0 52.0 2.4071 0.0 0.0 -0.726 0.36056 1000.0 2.1245 18.0 50.0 4.2071 0.0 0.0 -1.826 0.31623 999.0 1.8239 17.0 49.0 6.0071 0.0 0.0 -2.526 0.22361 1000.0 1.8864 18.0 
0.01479 127.09216 94.0 1925.0 3.0 60.0 0.0 -3.5929 2.174 0.0 0.70711 1001.0 2.5 12.0 61.0 0.0 -0.7929 0.0 -0.826 0.70711 1000.0 2.5 11.0 61.0 1.9071 0.0 0.0 -3.426 0.5 998.0 2.5 10.0 60.0 4.2071 0.0 0.0 -5.326 0.5 996.0 2.1629 8.0 67.0 6.5071 0.0 0.0 -6.426 0.41231 993.0 2.2925 10.0 
0.09517 151.31814 95.0 2459.0 3.0 66.0 0.0 -3.6929 0.274 0.0 0.5099 995.0 2.4717 11.0 79.0 0.0 -0.6929 1.174 0.0 0.44721 991.0 2.5 12.0 82.0 1.9071 0.0 2.574 0.0 0.44721 988.0 2.5 10.0 86.0 4.2071 0.0 3.474 0.0 0.41231 983.0 2.5 9.0 91.0 6.4071 0.0 3.774 0.0 0.31623 978.0 2.4166 8.0 
0.3571 22.67945 92.0 1546.0 3.0 58.0 0.0 -2.4929 3.174 0.0 0.78102 1001.0 2.5 20.0 61.0 0.1071 0.0 0.174 0.0 0.70711 1000.0 2.5 20.0 58.0 2.7071 0.0 0.0 -2.026 0.5831 1000.0 2.5 19.0 60.0 5.3071 0.0 0.0 -3.526 0.44721 999.0 2.5 17.0 57.0 7.6071 0.0 0.0 -4.626 0.31623 998.0 2.2123 16.0 
0.22307 69.94114 98.0 1120.0 3.0 55.0 0.0 -1.4929 1.974 0.0 0.5 998.0 2.0598 13.0 58.0 0.5071 0.0 0.374 0.0 0.44721 996.0 2.0211 12.0 67.0 2.6071 0.0 0.0 -1.026 0.36056 993.0 2.2925 12.0 68.0 4.5071 0.0 0.0 -2.026 0.31623 991.0 2.1467 12.0 71.0 6.2071 0.0 0.0 -2.726 0.22361 989.0 2.1453 11.0 
0.13996 24.41152 119.0 12.0 3.0 36.0 0.0 -0.6929 1.374 0.0 0.31623 1001.0 1.1031 17.0 39.0 0.2071 0.0 0.074 0.0 0.28284 1000.0 1.195 16.0 43.0 1.4071 0.0 0.0 -1.226 0.28284 999.0 1.3489 15.0 46.0 2.5071 0.0 0.0 -2.426 0.28284 998.0 1.4408 13.0 49.0 3.6071 0.0 0.0 -3.426 0.22361 997.0 1.5327 15.0 
0.10659 41.06496 83.0 2625.0 3.0 76.0 0.0 -3.5929 4.774 0.0 1.08167 1001.0 2.5 18.0 72.0 0.0 -0.2929 0.0 -0.226 0.86023 1000.0 2.5 16.0 70.0 2.8071 0.0 0.0 -4.226 0.78102 999.0 2.5 15.0 70.0 5.8071 0.0 0.0 -7.326 0.64031 997.0 2.5 13.0 74.0 8.9071 0.0 0.0 -9.826 0.5 996.0 2.5 14.0 
0.05645 174.17829 129.0 1497.0 3.0 44.0 0.0 -2.6929 0.274 0.0 0.42426 1001.0 1.6478 18.0 42.0 0.0 -1.0929 0.0 -1.126 0.28284 1000.0 1.3859 16.0 40.0 0.2071 0.0 0.0 -1.926 0.14142 999.0 1.1673 15.0 41.0 1.2071 0.0 0.0 -2.226 0.1 998.0 1.1446 13.0 47.0 2.0071 0.0 0.0 -2.126 0.14142 996.0 1.3272 14.0 
0.06395 179.34545 117.0 402.0 3.0 48.0 0.1071 0.0 2.274 0.0 0.28284 997.0 1.4708 12.0 54.0 1.2071 0.0 1.074 0.0 0.28284 994.0 1.5675 10.0 60.0 2.3071 0.0 0.0 -0.026 0.22361 992.0 1.7509 12.0 66.0 3.3071 0.0 0.0 -0.926 0.22361 988.0 1.7796 10.0 70.0 4.2071 0.0 0.0 -1.726 0.22361 982.0 1.6144 7.0 
0.05481 174.17829 109.0 582.0 3.0 50.0 0.0 -2.8929 1.074 0.0 0.5 1000.0 1.9642 13.0 47.0 0.0 -1.0929 0.0 -1.126 0.36056 1000.0 1.7355 12.0 47.0 0.6071 0.0 0.0 -2.526 0.31623 999.0 1.6116 15.0 50.0 2.3071 0.0 0.0 -3.226 0.31623 997.0 1.5959 13.0 54.0 4.0071 0.0 0.0 -3.726 0.22361 994.0 1.5675 11.0 
0.29403 85.49496 82.0 2640.0 3.0 64.0 0.1071 0.0 5.274 0.0 0.8 1000.0 2.5 16.0 63.0 0.6071 0.0 0.474 0.0 0.82462 999.0 2.5 15.0 64.0 2.1071 0.0 0.0 -3.626 0.67082 998.0 2.5 14.0 67.0 3.9071 0.0 0.0 -7.026 0.64031 995.0 2.5 12.0 74.0 6.1071 0.0 0.0 -9.926 0.56569 993.0 2.5 13.0 
0.06618 179.34545 62.0 1377.0 3.0 47.0 0.0 -0.4929 2.574 0.0 0.36056 1001.0 1.8802 22.0 46.0 1.2071 0.0 1.074 0.0 0.31623 1001.0 1.801 21.0 44.0 3.0071 0.0 0.274 0.0 0.22361 1001.0 1.6478 21.0 42.0 4.7071 0.0 0.0 -0.026 0.3 1001.0 1.5014 21.0 41.0 6.3071 0.0 0.274 0.0 0.31623 1001.0 1.4308 22.0 
0.06025 173.59727 103.0 355.0 3.0 41.0 0.0 -0.4929 2.174 0.0 0.36056 1000.0 1.3207 16.0 43.0 0.9071 0.0 1.274 0.0 0.31623 999.0 1.3489 14.0 48.0 2.4071 0.0 0.374 0.0 0.22361 998.0 1.5688 13.0 56.0 3.9071 0.0 0.0 -0.526 0.22361 996.0 1.8841 14.0 63.0 5.3071 0.0 0.0 -1.426 0.36056 993.0 2.0269 12.0 
0.12362 22.93337 100.0 2334.0 3.0 42.0 0.0 -0.7929 2.474 0.0 0.41231 999.0 1.2869 12.0 42.0 0.0 -0.1929 0.074 0.0 0.31623 999.0 1.2869 14.0 44.0 0.7071 0.0 0.0 -1.926 0.36056 999.0 1.4124 15.0 49.0 2.0071 0.0 0.0 -3.626 0.36056 997.0 1.5327 14.0 54.0 3.5071 0.0 0.0 -5.226 0.36056 995.0 1.6546 12.0 
0.23187 64.81358 105.0 644.0 3.0 52.0 0.0 -1.6929 1.074 0.0 0.36056 997.0 1.7261 12.0 56.0 0.1071 0.0 0.574 0.0 0.3 995.0 1.7795 11.0 62.0 1.8071 0.0 1.074 0.0 0.31623 993.0 1.9631 12.0 72.0 3.4071 0.0 1.774 0.0 0.22361 987.0 2.0365 10.0 81.0 4.9071 0.0 2.274 0.0 0.22361 981.0 2.0941 9.0 
0.36854 87.40194 54.0 3012.0 3.0 70.0 0.0 -3.7929 4.374 0.0 0.84853 1002.0 2.5 25.0 75.0 0.4071 0.0 0.674 0.0 0.92195 1002.0 2.5 22.0 73.0 4.6071 0.0 0.0 -2.426 0.80623 1001.0 2.5 20.0 65.0 8.4071 0.0 0.0 -4.626 0.5831 1001.0 2.5 20.0 56.0 11.4071 0.0 0.0 -6.126 0.44721 1001.0 2.5 21.0 
0.03951 83.38209 99.0 2026.0 3.0 62.0 0.0 -3.5929 1.874 0.0 0.72111 1001.0 2.5 13.0 62.0 0.0 -0.1929 0.0 -0.726 0.64031 1000.0 2.5 12.0 59.0 2.6071 0.0 0.0 -3.426 0.56569 1000.0 2.5 15.0 54.0 4.6071 0.0 0.0 -5.626 0.42426 998.0 1.9855 13.0 53.0 6.1071 0.0 0.0 -6.826 0.28284 996.0 1.6877 11.0 
0.38386 35.39254 121.0 2676.0 3.0 47.0 0.0 -1.0929 0.0 -2.926 0.41231 1000.0 1.7355 16.0 52.0 0.0 -0.2929 0.0 -0.126 0.5099 999.0 1.9727 19.0 52.0 0.5071 0.0 2.474 0.0 0.44721 999.0 1.9727 17.0 55.0 1.4071 0.0 4.574 0.0 0.36056 996.0 1.8174 15.0 57.0 2.5071 0.0 6.174 0.0 0.28284 995.0 1.8436 13.0 
0.07902 187.34835 95.0 370.0 3.0 63.0 0.0 -1.5929 4.274 0.0 0.70711 1001.0 2.5 17.0 58.0 1.1071 0.0 1.274 0.0 0.56569 1000.0 2.5 16.0 55.0 3.2071 0.0 0.0 -1.126 0.5 999.0 2.2069 17.0 56.0 5.1071 0.0 0.0 -2.926 0.42426 998.0 2.1353 17.0 56.0 6.8071 0.0 0.0 -4.526 0.42426 998.0 2.1353 16.0 
0.11127 111.65554 96.0 2944.0 3.0 42.0 0.0 -2.2929 0.0 -0.626 0.31623 1000.0 1.3859 15.0 51.0 0.0 -0.3929 0.0 -0.926 0.31623 999.0 1.8976 15.0 64.0 1.9071 0.0 0.0 -1.226 0.4 996.0 2.4609 14.0 66.0 4.3071 0.0 0.0 -1.426 0.4 995.0 2.4717 13.0 66.0 6.4071 0.0 0.0 -1.326 0.31623 993.0 2.2245 12.0 
0.07008 198.15681 96.0 14.0 3.0 70.0 0.0 -0.8929 3.374 0.0 0.42426 990.0 2.176 9.0 80.0 1.0071 0.0 1.474 0.0 0.44721 987.0 2.5 10.0 91.0 3.0071 0.0 0.0 -0.026 0.36056 979.0 2.4876 8.0 94.0 4.9071 0.0 0.0 -0.926 0.3 975.0 2.375 8.0 89.0 6.6071 0.0 0.0 -1.226 0.3 977.0 2.2473 8.0 
0.41363 143.87015 87.0 2254.0 3.0 76.0 0.0 -2.6929 4.474 0.0 0.84853 999.0 2.5 15.0 76.0 1.1071 0.0 0.674 0.0 0.84853 998.0 2.5 14.0 74.0 4.3071 0.0 0.0 -2.726 0.70711 995.0 2.5 12.0 75.0 7.1071 0.0 0.0 -5.426 0.56569 993.0 2.5 14.0 79.0 9.4071 0.0 0.0 -7.626 0.42426 987.0 2.4517 11.0 
0.17481 113.60601 91.0 2111.0 3.0 57.0 0.0 -0.7929 4.374 0.0 0.76158 1001.0 2.5 13.0 57.0 0.9071 0.0 0.474 0.0 0.67082 1001.0 2.5 17.0 58.0 2.8071 0.0 0.0 -2.726 0.64031 1000.0 2.5 15.0 61.0 5.1071 0.0 0.0 -5.326 0.56569 998.0 2.5 13.0 66.0 7.6071 0.0 0.0 -7.526 0.5 997.0 2.5 16.0 
0.13213 156.56692 87.0 1251.0 3.0 62.0 0.0 -1.0929 4.574 0.0 0.72111 999.0 2.5 11.0 62.0 1.1071 0.0 0.874 0.0 0.72111 999.0 2.5 11.0 63.0 3.2071 0.0 0.0 -2.626 0.5831 998.0 2.5 14.0 65.0 5.0071 0.0 0.0 -5.726 0.5831 996.0 2.5 12.0 69.0 6.7071 0.0 0.0 -8.426 0.42426 992.0 2.3156 10.0 
0.03945 214.55603 104.0 1596.0 3.0 64.0 0.3071 0.0 3.274 0.0 0.44721 992.0 1.9922 13.0 69.0 1.6071 0.0 1.074 0.0 0.36056 989.0 2.0261 12.0 81.0 2.9071 0.0 0.0 -0.526 0.28284 982.0 2.1617 12.0 90.0 4.1071 0.0 0.0 -1.626 0.36056 974.0 2.1213 10.0 97.0 5.4071 0.0 0.0 -2.426 0.22361 967.0 2.0892 9.0 
0.09229 32.98146 111.0 10.0 3.0 47.0 0.0 -1.4929 2.574 0.0 0.53852 1001.0 1.8802 13.0 46.0 0.0 -0.1929 0.0 -0.226 0.44721 1000.0 1.6625 12.0 47.0 1.1071 0.0 0.0 -2.626 0.36056 999.0 1.6116 11.0 47.0 2.4071 0.0 0.0 -4.526 0.36056 998.0 1.5041 10.0 49.0 3.6071 0.0 0.0 -6.126 0.28284 996.0 1.4425 9.0 
0.0525 105.61733 103.0 1902.0 3.0 51.0 0.0 -2.3929 2.174 0.0 0.5831 1000.0 2.0435 17.0 50.0 0.0 -0.7929 0.0 -0.526 0.5 999.0 1.8239 16.0 49.0 0.7071 0.0 0.0 -2.726 0.42426 998.0 1.6349 14.0 51.0 2.2071 0.0 0.0 -4.326 0.36056 997.0 1.6604 17.0 57.0 3.9071 0.0 0.0 -5.326 0.3 994.0 1.7465 14.0 
0.17593 97.07306 95.0 2675.0 3.0 46.0 0.0 -1.6929 1.474 0.0 0.41231 1002.0 1.9647 24.0 45.0 0.4071 0.0 0.774 0.0 0.31623 1001.0 1.7236 22.0 46.0 2.3071 0.0 0.074 0.0 0.31623 1000.0 1.6625 20.0 49.0 4.3071 0.0 0.0 -0.526 0.31623 1000.0 1.8864 19.0 50.0 6.3071 0.0 0.0 -1.126 0.41231 1000.0 1.9642 19.0 
0.09275 140.40892 107.0 520.0 3.0 43.0 0.0 -0.4929 2.674 0.0 0.36056 1000.0 1.4527 14.0 47.0 0.8071 0.0 0.974 0.0 0.42426 999.0 1.6116 14.0 51.0 2.2071 0.0 0.0 -0.626 0.36056 997.0 1.6604 13.0 55.0 3.5071 0.0 0.0 -2.126 0.28284 995.0 1.7165 11.0 62.0 4.7071 0.0 0.0 -3.426 0.28284 992.0 1.8696 12.0 
0.15594 133.60022 60.0 2306.0 3.0 55.0 0.0 -1.5929 1.974 0.0 0.44721 1000.0 2.3767 19.0 55.0 0.7071 0.0 0.974 0.0 0.44721 999.0 2.2069 18.0 53.0 2.8071 0.0 0.074 0.0 0.36056 999.0 2.0493 17.0 50.0 4.5071 0.0 0.0 -0.926 0.22361 999.0 1.8239 17.0 47.0 5.9071 0.0 0.0 -1.926 0.22361 1000.0 1.7355 18.0 
0.05443 179.34545 111.0 255.0 3.0 53.0 0.0 -0.4929 2.774 0.0 0.42426 999.0 2.0493 14.0 55.0 1.2071 0.0 1.074 0.0 0.36056 998.0 2.0598 16.0 57.0 2.6071 0.0 0.0 -0.326 0.36056 996.0 1.952 14.0 58.0 3.8071 0.0 0.0 -1.626 0.28284 994.0 1.8084 13.0 58.0 4.9071 0.0 0.0 -2.626 0.22361 994.0 1.8084 12.0 
0.14896 136.17788 57.0 2774.0 3.0 33.0 0.1071 0.0 0.0 -1.626 0.14142 1001.0 1.0 22.0 39.0 0.9071 0.0 0.0 -0.826 0.22361 1000.0 1.195 19.0 43.0 2.0071 0.0 0.0 -0.026 0.28284 1000.0 1.4527 18.0 47.0 3.5071 0.0 0.774 0.0 0.28284 1000.0 1.7355 18.0 50.0 5.4071 0.0 1.474 0.0 0.31623 1000.0 1.9642 19.0 
0.1167 116.57888 91.0 2736.0 3.0 58.0 0.0 -2.8929 0.974 0.0 0.41231 997.0 2.1474 13.0 64.0 0.0 -0.3929 0.974 0.0 0.41231 994.0 2.2019 11.0 74.0 2.2071 0.0 1.774 0.0 0.44721 992.0 2.5 12.0 89.0 4.9071 0.0 2.674 0.0 0.41231 984.0 2.5 9.0 102.0 7.5071 0.0 3.174 0.0 0.41231 973.0 2.5 7.0 
0.05931 267.78313 97.0 1077.0 3.0 54.0 1.3071 0.0 4.374 0.0 0.63246 1000.0 2.291 12.0 53.0 2.2071 0.0 0.974 0.0 0.53852 999.0 2.0493 11.0 53.0 3.4071 0.0 0.0 -1.826 0.44721 998.0 1.9127 10.0 57.0 4.7071 0.0 0.0 -4.126 0.5 997.0 2.074 12.0 66.0 6.4071 0.0 0.0 -6.226 0.42426 993.0 2.2245 10.0 
0.06978 172.36218 167.0 2893.0 3.0 40.0 1.3071 0.0 2.174 0.0 0.3 1000.0 1.2571 16.0 41.0 1.5071 0.0 0.374 0.0 0.22361 999.0 1.2264 15.0 45.0 1.9071 0.0 0.0 -0.926 0.22361 998.0 1.3789 16.0 45.0 2.4071 0.0 0.0 -1.626 0.14142 996.0 1.2166 15.0 41.0 2.8071 0.0 0.0 -1.726 0.1 997.0 1.0731 15.0 
0.27713 27.7603 327.0 2729.0 3.0 67.0 0.0 -2.9929 2.874 0.0 0.70711 1000.0 2.5 12.0 63.0 0.1071 0.0 0.0 -0.226 0.56569 999.0 2.5 11.0 61.0 2.7071 0.0 0.0 -2.726 0.5 997.0 2.3753 10.0 63.0 5.0071 0.0 0.0 -4.826 0.42426 996.0 2.3846 12.0 69.0 6.9071 0.0 0.0 -6.826 0.5 991.0 2.2103 9.0 
0.17058 27.12273 94.0 1395.0 3.0 59.0 0.0 -2.4929 1.974 0.0 0.56569 999.0 2.5 10.0 61.0 0.0 -0.0929 0.0 -0.226 0.56569 997.0 2.3753 10.0 68.0 2.3071 0.0 0.0 -1.726 0.44721 995.0 2.5 10.0 76.0 4.7071 0.0 0.0 -2.626 0.41231 990.0 2.5 8.0 77.0 7.0071 0.0 0.0 -3.226 0.3 987.0 2.3291 8.0 
0.0387 252.67868 95.0 2040.0 3.0 63.0 0.0 -0.5929 4.574 0.0 0.78102 1000.0 2.5 12.0 61.0 2.0071 0.0 1.074 0.0 0.64031 999.0 2.5 11.0 59.0 4.2071 0.0 0.0 -1.926 0.5831 998.0 2.3703 10.0 58.0 6.0071 0.0 0.0 -4.526 0.5 996.0 2.0211 9.0 61.0 7.4071 0.0 0.0 -6.726 0.44721 994.0 2.0003 11.0 
0.03676 210.50196 107.0 835.0 3.0 53.0 0.2071 0.0 3.174 0.0 0.44721 998.0 1.9127 16.0 59.0 1.3071 0.0 1.374 0.0 0.28284 995.0 1.9752 13.0 61.0 2.6071 0.0 0.274 0.0 0.22361 993.0 1.9003 12.0 63.0 3.8071 0.0 0.0 -0.226 0.31623 991.0 1.8426 11.0 64.0 5.1071 0.0 0.0 -0.526 0.2 990.0 1.8189 11.0 
0.14897 82.03842 92.0 704.0 3.0 69.0 0.0 -3.6929 0.574 0.0 0.53852 997.0 2.5 17.0 74.0 0.0 -0.3929 0.0 -0.626 0.63246 994.0 2.5 14.0 80.0 2.7071 0.0 0.0 -1.726 0.41231 990.0 2.5 15.0 86.0 5.3071 0.0 0.0 -2.126 0.41231 984.0 2.5 12.0 94.0 7.5071 0.0 0.0 -2.226 0.41231 976.0 2.4391 10.0 
0.27294 25.09838 99.0 1110.0 3.0 56.0 0.0 -1.9929 2.174 0.0 0.5 998.0 2.1353 10.0 60.0 0.0071 0.0 0.0 -0.226 0.5 997.0 2.2981 12.0 63.0 2.0071 0.0 0.0 -2.126 0.36056 994.0 2.1336 10.0 68.0 3.9071 0.0 0.0 -3.326 0.36056 990.0 2.0534 10.0 82.0 5.6071 0.0 0.0 -4.126 0.36056 982.0 2.2154 9.0 
0.03789 253.21011 109.0 160.0 3.0 42.0 1.5071 0.0 2.474 0.0 0.3 999.0 1.2869 15.0 44.0 2.1071 0.0 0.874 0.0 0.22361 998.0 1.3183 13.0 48.0 2.9071 0.0 0.0 -0.026 0.22361 997.0 1.4708 15.0 56.0 4.0071 0.0 0.0 -0.326 0.2 993.0 1.6015 12.0 62.0 5.2071 0.0 0.0 -0.226 0.22361 991.0 1.7846 11.0 
0.08127 186.90786 96.0 988.0 3.0 66.0 0.0 -1.5929 3.374 0.0 0.64031 1000.0 2.5 19.0 61.0 1.2071 0.0 1.174 0.0 0.44721 999.0 2.5 18.0 59.0 3.4071 0.0 0.0 -0.126 0.36056 997.0 2.2221 15.0 57.0 5.0071 0.0 0.0 -1.226 0.36056 996.0 1.952 14.0 58.0 6.5071 0.0 0.0 -2.126 0.36056 995.0 1.9088 13.0 
0.0266 91.51722 81.0 552.0 3.0 47.0 0.0 -2.0929 2.974 0.0 0.53852 1001.0 1.8802 13.0 51.0 0.0 -0.7929 0.0 -0.226 0.5831 1000.0 2.0435 12.0 55.0 0.7071 0.0 0.0 -3.426 0.5831 999.0 2.2069 11.0 57.0 2.3071 0.0 0.0 -6.426 0.5831 998.0 2.2123 10.0 61.0 4.0071 0.0 0.0 -9.226 0.5 997.0 2.3753 12.0 
0.05717 193.3831 105.0 1507.0 3.0 58.0 0.4071 0.0 2.674 0.0 0.36056 995.0 1.9088 11.0 63.0 1.5071 0.0 0.874 0.0 0.28284 991.0 1.8426 11.0 75.0 2.5071 0.0 0.0 -0.426 0.28284 983.0 1.9151 9.0 88.0 3.6071 0.0 0.0 -1.426 0.14142 974.0 2.0281 8.0 98.0 4.7071 0.0 0.0 -2.126 0.2 965.0 2.0436 7.0 
0.03561 122.04986 93.0 2901.0 3.0 65.0 0.0 -3.8929 1.174 0.0 0.67082 999.0 2.5 11.0 62.0 0.0 -0.5929 0.0 -0.926 0.56569 998.0 2.5 10.0 61.0 1.9071 0.0 0.0 -2.926 0.5 997.0 2.3753 12.0 65.0 4.2071 0.0 0.0 -4.526 0.44721 994.0 2.2712 10.0 77.0 6.6071 0.0 0.0 -5.426 0.5099 990.0 2.5 11.0 
0.29522 63.97938 82.0 2025.0 3.0 70.0 0.0 -1.7929 4.774 0.0 0.89443 999.0 2.5 11.0 66.0 0.5071 0.0 0.274 0.0 0.76158 998.0 2.5 11.0 60.0 2.3071 0.0 0.0 -3.426 0.63246 998.0 2.4513 14.0 61.0 3.7071 0.0 0.0 -6.626 0.53852 996.0 2.2356 12.0 66.0 5.0071 0.0 0.0 -9.526 0.53852 993.0 2.2245 10.0 
0.07805 64.32701 104.0 1026.0 3.0 43.0 0.0 -1.7929 1.474 0.0 0.36056 1000.0 1.4527 12.0 44.0 0.0 -0.3929 0.0 -0.426 0.28284 1000.0 1.5211 11.0 46.0 1.0071 0.0 0.0 -1.926 0.28284 999.0 1.5437 14.0 50.0 2.5071 0.0 0.0 -3.226 0.22361 997.0 1.5959 12.0 57.0 4.0071 0.0 0.0 -4.226 0.36056 994.0 1.7465 11.0 
0.19233 81.57302 90.0 2942.0 3.0 47.0 0.0 -2.9929 0.274 0.0 0.41231 1002.0 2.0511 18.0 54.0 0.0 -0.2929 0.674 0.0 0.41231 1001.0 2.4819 16.0 58.0 2.6071 0.0 0.974 0.0 0.5 1000.0 2.5 14.0 58.0 5.5071 0.0 1.174 0.0 0.5 1000.0 2.5 14.0 55.0 8.1071 0.0 1.574 0.0 0.41231 1000.0 2.3767 14.0 
0.01036 192.87592 86.0 797.0 3.0 63.0 0.0 -4.1929 1.574 0.0 0.70711 1000.0 2.5 13.0 61.0 0.0 -0.9929 0.0 -1.426 0.64031 999.0 2.5 12.0 57.0 1.6071 0.0 0.0 -4.026 0.5 998.0 2.2123 11.0 54.0 3.7071 0.0 0.0 -5.926 0.42426 997.0 1.8615 13.0 53.0 5.3071 0.0 0.0 -7.426 0.22361 995.0 1.5939 12.0 
0.06998 208.05517 104.0 1054.0 3.0 51.0 0.5071 0.0 3.074 0.0 0.44721 999.0 1.8976 14.0 53.0 1.7071 0.0 0.774 0.0 0.44721 998.0 1.9127 13.0 54.0 3.0071 0.0 0.0 -1.126 0.36056 996.0 1.752 12.0 57.0 4.2071 0.0 0.0 -2.626 0.36056 993.0 1.6592 10.0 67.0 5.5071 0.0 0.0 -3.726 0.28284 989.0 1.9104 11.0 
0.11898 140.98863 96.0 2644.0 3.0 64.0 0.0 -1.2929 2.974 0.0 0.56569 998.0 2.5 16.0 68.0 1.0071 0.0 0.774 0.0 0.5 995.0 2.5 14.0 68.0 3.1071 0.0 0.0 -1.026 0.42426 994.0 2.4857 13.0 66.0 5.0071 0.0 0.0 -2.526 0.28284 993.0 2.2245 12.0 64.0 6.6071 0.0 0.0 -3.626 0.22361 992.0 1.9922 12.0 
0.05234 116.7183 100.0 9.0 3.0 50.0 0.0 -0.5929 3.674 0.0 0.53852 1001.0 2.1279 12.0 53.0 0.8071 0.0 0.674 0.0 0.5 1000.0 2.207 11.0 52.0 2.4071 0.0 0.0 -1.826 0.42426 999.0 1.9727 10.0 53.0 4.1071 0.0 0.0 -3.626 0.28284 998.0 1.9127 12.0 58.0 5.6071 0.0 0.0 -4.626 0.31623 995.0 1.9088 10.0 
0.36278 52.6199 99.0 159.0 3.0 47.0 0.0 -2.0929 0.0 -0.126 0.41231 999.0 1.6116 14.0 55.0 0.0071 0.0 0.474 0.0 0.44721 998.0 2.0598 17.0 61.0 2.1071 0.0 1.674 0.0 0.44721 997.0 2.3753 15.0 64.0 4.1071 0.0 2.974 0.0 0.31623 995.0 2.3242 13.0 63.0 6.0071 0.0 3.874 0.0 0.36056 994.0 2.1336 13.0 
0.5476 13.18352 84.0 486.0 3.0 54.0 0.0 -1.7929 0.0 -0.526 0.31623 996.0 1.752 11.0 67.0 0.0 -0.0929 0.074 0.0 0.36056 992.0 2.1833 11.0 72.0 1.6071 0.0 0.974 0.0 0.31623 989.0 2.2062 10.0 73.0 3.1071 0.0 1.674 0.0 0.31623 987.0 2.0934 10.0 75.0 4.7071 0.0 2.474 0.0 0.22361 987.0 2.2097 10.0 
0.47395 48.75749 97.0 2776.0 3.0 49.0 0.0 -1.8929 0.0 -1.626 0.44721 999.0 1.7517 14.0 54.0 0.1071 0.0 0.0 -0.426 0.36056 997.0 1.8615 12.0 61.0 2.0071 0.0 0.674 0.0 0.36056 995.0 2.1114 14.0 70.0 4.0071 0.0 1.174 0.0 0.41231 991.0 2.2749 11.0 76.0 6.0071 0.0 0.674 0.0 0.41231 988.0 2.3598 10.0 
0.13253 212.05435 87.0 3038.0 3.0 86.0 0.0 -1.7929 4.474 0.0 0.70711 994.0 2.5 17.0 88.0 1.5071 0.0 1.174 0.0 0.78102 993.0 2.5 16.0 86.0 4.6071 0.0 0.0 -2.026 0.72111 992.0 2.5 15.0 80.0 7.1071 0.0 0.0 -5.026 0.5 991.0 2.5 15.0 79.0 8.9071 0.0 0.0 -7.126 0.42426 984.0 2.1981 10.0 
0.17552 127.49095 97.0 2063.0 3.0 72.0 0.0 -2.3929 1.574 0.0 0.60828 994.0 2.5 10.0 73.0 0.4071 0.0 1.074 0.0 0.41231 992.0 2.5 12.0 78.0 2.6071 0.0 0.874 0.0 0.4 986.0 2.3015 10.0 86.0 4.5071 0.0 1.174 0.0 0.3 979.0 2.2218 8.0 96.0 6.2071 0.0 1.674 0.0 0.3 971.0 2.2412 7.0 
0.59736 27.7603 89.0 1564.0 3.0 46.0 0.0 -2.3929 0.0 -0.026 0.4 1001.0 1.801 22.0 55.0 0.1071 0.0 0.0 -0.226 0.5 1000.0 2.3767 19.0 62.0 3.1071 0.0 0.0 -0.726 0.5099 1000.0 2.5 18.0 60.0 6.1071 0.0 0.0 -0.826 0.4 999.0 2.5 18.0 54.0 8.6071 0.0 0.0 -0.426 0.31623 1000.0 2.291 18.0 
0.06832 187.34835 94.0 2650.0 3.0 59.0 0.0 -1.0929 4.074 0.0 0.64031 999.0 2.5 15.0 61.0 1.1071 0.0 1.274 0.0 0.56569 999.0 2.5 18.0 60.0 3.4071 0.0 0.0 -1.126 0.5 998.0 2.4513 17.0 59.0 5.4071 0.0 0.0 -3.226 0.42426 998.0 2.3703 16.0 55.0 7.2071 0.0 0.0 -4.926 0.36056 998.0 2.0598 16.0 
0.04835 118.12228 127.0 1754.0 3.0 36.0 0.0 -0.3929 1.674 0.0 0.22361 1001.0 1.1031 12.0 38.0 0.6071 0.0 0.874 0.0 0.22361 1000.0 1.1345 11.0 41.0 1.7071 0.0 0.174 0.0 0.22361 999.0 1.2264 10.0 47.0 2.8071 0.0 0.0 -0.526 0.14142 997.0 1.4101 12.0 53.0 3.7071 0.0 0.0 -1.126 0.22361 994.0 1.51 10.0 
0.40823 18.35579 105.0 2877.0 3.0 60.0 0.0 -2.4929 2.174 0.0 0.70711 1000.0 2.5 14.0 58.0 0.1071 0.0 0.0 -0.126 0.5 999.0 2.4542 14.0 55.0 2.3071 0.0 0.0 -1.826 0.42426 998.0 2.0598 13.0 55.0 4.0071 0.0 0.0 -3.226 0.28284 995.0 1.7165 11.0 61.0 5.3071 0.0 0.0 -4.226 0.22361 992.0 1.8098 12.0 
0.09967 143.27028 98.0 61.0 3.0 48.0 0.0 -1.8929 2.374 0.0 0.5 1001.0 1.961 17.0 46.0 0.2071 0.0 1.274 0.0 0.41231 1000.0 1.6625 16.0 46.0 2.2071 0.0 0.974 0.0 0.3 1000.0 1.6625 19.0 52.0 3.9071 0.0 1.174 0.0 0.3 998.0 1.8412 16.0 56.0 5.7071 0.0 1.274 0.0 0.3 997.0 2.0019 15.0 
0.14125 121.12162 104.0 128.0 3.0 31.0 0.0 -0.9929 1.174 0.0 0.1 1001.0 1.0 16.0 35.0 0.0 -0.1929 1.074 0.0 0.22361 1001.0 1.0427 21.0 42.0 1.1071 0.0 1.274 0.0 0.2 1000.0 1.3859 19.0 51.0 2.7071 0.0 1.574 0.0 0.31623 998.0 1.7711 16.0 53.0 4.4071 0.0 1.974 0.0 0.3 998.0 1.9127 15.0 
0.07975 212.30114 101.0 186.0 3.0 57.0 0.0 -0.6929 0.0 -2.326 0.31623 993.0 1.6592 10.0 69.0 1.0071 0.0 0.0 -1.626 0.31623 989.0 2.0261 11.0 80.0 2.7071 0.0 0.0 -1.026 0.31623 982.0 2.1086 9.0 92.0 4.3071 0.0 0.0 -0.626 0.2 972.0 2.1085 7.0 102.0 5.7071 0.0 0.0 -0.726 0.2 962.0 2.0836 6.0 
0.23853 59.28963 99.0 975.0 3.0 50.0 0.0 -2.1929 0.374 0.0 0.31623 1000.0 1.9642 15.0 53.0 0.0 -0.0929 0.0 -0.526 0.44721 999.0 2.0493 18.0 59.0 2.0071 0.0 0.0 -1.226 0.31623 997.0 2.2221 15.0 56.0 3.9071 0.0 0.0 -1.826 0.31623 997.0 2.0019 15.0 55.0 5.6071 0.0 0.0 -2.326 0.31623 997.0 1.931 15.0 
0.09965 207.04004 89.0 846.0 3.0 45.0 0.0 -1.3929 0.0 -2.726 0.41231 1002.0 1.8803 23.0 50.0 0.7071 0.0 0.0 -1.726 0.41231 1001.0 2.1279 20.0 51.0 2.7071 0.0 0.0 -0.526 0.44721 1000.0 2.0435 19.0 51.0 4.8071 0.0 0.774 0.0 0.44721 1001.0 2.2138 20.0 52.0 7.1071 0.0 1.874 0.0 0.44721 1001.0 2.3015 20.0 
0.2054 197.99881 298.0 1740.0 3.0 77.0 0.0 -0.9929 5.574 0.0 1.02956 997.0 2.5 10.0 73.0 1.6071 0.0 0.774 0.0 0.80623 997.0 2.5 13.0 69.0 3.6071 0.0 0.0 -2.926 0.5831 994.0 2.5 11.0 74.0 5.2071 0.0 0.0 -6.026 0.44721 991.0 2.5 12.0 86.0 6.8071 0.0 0.0 -8.626 0.44721 982.0 2.4368 9.0 
0.05961 231.46964 103.0 351.0 3.0 50.0 0.0 -0.9929 0.0 -2.726 0.41231 999.0 1.8239 15.0 52.0 1.0071 0.0 0.0 -1.826 0.31623 998.0 1.8412 15.0 56.0 2.7071 0.0 0.0 -1.026 0.36056 996.0 1.8841 15.0 59.0 4.2071 0.0 0.0 -0.426 0.3 994.0 1.8713 13.0 60.0 5.6071 0.0 0.0 -0.226 0.2 992.0 1.7509 12.0 
0.05381 257.74158 89.0 2519.0 3.0 73.0 0.0 -1.0929 5.774 0.0 0.9434 998.0 2.5 10.0 73.0 1.7071 0.0 1.574 0.0 0.86023 996.0 2.5 9.0 76.0 4.3071 0.0 0.0 -2.126 0.64031 994.0 2.5 11.0 80.0 6.6071 0.0 0.0 -5.226 0.64031 989.0 2.5 9.0 91.0 8.6071 0.0 0.0 -7.726 0.42426 980.0 2.5 9.0 
0.02721 196.48713 105.0 2838.0 3.0 53.0 0.0 -2.9929 0.0 -0.526 0.53852 1001.0 2.3909 17.0 54.0 0.0 -0.3929 0.0 -1.726 0.44721 999.0 2.1274 15.0 54.0 2.0071 0.0 0.0 -2.626 0.31623 998.0 1.9855 13.0 55.0 4.0071 0.0 0.0 -3.226 0.31623 997.0 1.931 15.0 59.0 5.5071 0.0 0.0 -3.526 0.3 993.0 1.7777 13.0 
0.19825 53.71602 103.0 3056.0 3.0 51.0 0.0 -1.0929 0.874 0.0 0.2 997.0 1.6604 11.0 54.0 0.3071 0.0 0.374 0.0 0.22361 995.0 1.6546 10.0 55.0 1.6071 0.0 0.0 -0.226 0.22361 995.0 1.7165 10.0 57.0 3.0071 0.0 0.0 -0.826 0.31623 994.0 1.7465 10.0 59.0 4.6071 0.0 0.0 -1.426 0.36056 994.0 1.8713 10.0 
0.23148 96.34943 128.0 2518.0 3.0 47.0 0.0 -1.0929 0.374 0.0 0.1 994.0 1.1875 14.0 59.0 0.0 -0.3929 0.774 0.0 0.14142 989.0 1.4814 14.0 59.0 0.4071 0.0 1.374 0.0 0.1 990.0 1.5458 15.0 72.0 1.2071 0.0 1.774 0.0 0.22361 983.0 1.7649 12.0 84.0 2.2071 0.0 2.174 0.0 0.2 975.0 1.8965 10.0 
0.42473 22.67945 92.0 1458.0 3.0 64.0 0.0 -3.1929 2.774 0.0 0.72111 1000.0 2.5 16.0 66.0 0.1071 0.0 0.174 0.0 0.64031 999.0 2.5 14.0 63.0 3.0071 0.0 0.0 -1.926 0.5831 998.0 2.5 13.0 64.0 5.5071 0.0 0.0 -3.526 0.44721 996.0 2.4609 14.0 65.0 7.6071 0.0 0.0 -4.626 0.31623 994.0 2.2712 13.0 
0.05174 238.77972 112.0 65.0 3.0 48.0 1.2071 0.0 3.374 0.0 0.41231 1000.0 1.8102 12.0 49.0 2.0071 0.0 0.774 0.0 0.44721 998.0 1.6349 10.0 50.0 2.9071 0.0 0.0 -1.526 0.31623 997.0 1.5959 9.0 52.0 3.7071 0.0 0.0 -3.426 0.28284 995.0 1.5343 11.0 58.0 4.7071 0.0 0.0 -4.626 0.22361 991.0 1.5618 9.0 
0.32486 46.71062 131.0 1890.0 3.0 38.0 0.0 -1.1929 0.0 -0.026 0.22361 998.0 1.0 19.0 46.0 0.0 -0.1929 0.374 0.0 0.22361 997.0 1.3508 21.0 50.0 0.8071 0.0 1.074 0.0 0.22361 996.0 1.502 19.0 54.0 1.8071 0.0 1.774 0.0 0.22361 994.0 1.5675 17.0 58.0 2.8071 0.0 2.574 0.0 0.28284 993.0 1.7179 16.0 
0.21402 48.64617 95.0 2488.0 3.0 56.0 0.0 -3.1929 0.774 0.0 0.53852 1000.0 2.4639 15.0 63.0 0.0 -0.2929 0.0 -0.326 0.53852 998.0 2.5 13.0 65.0 2.5071 0.0 0.0 -1.426 0.44721 996.0 2.5 11.0 62.0 4.8071 0.0 0.0 -2.526 0.36056 996.0 2.3095 11.0 59.0 6.7071 0.0 0.0 -3.626 0.36056 996.0 2.0914 11.0 
0.05578 232.85955 167.0 2533.0 3.0 36.0 1.7071 0.0 1.374 0.0 0.14142 999.0 1.0 18.0 38.0 1.9071 0.0 0.874 0.0 0.14142 998.0 1.0 16.0 39.0 2.2071 0.0 0.474 0.0 0.0 997.0 1.0 15.0 41.0 2.4071 0.0 0.374 0.0 0.14142 996.0 1.01 14.0 44.0 2.7071 0.0 0.274 0.0 0.0 995.0 1.0985 13.0 
0.0795 180.48772 104.0 3125.0 3.0 45.0 0.0 -1.5929 0.0 -1.626 0.3 999.0 1.4773 14.0 49.0 0.0071 0.0 0.0 -1.626 0.3 997.0 1.5327 12.0 57.0 1.6071 0.0 0.0 -1.626 0.3 995.0 1.8436 14.0 64.0 3.2071 0.0 0.0 -1.726 0.2 991.0 1.9016 11.0 71.0 4.7071 0.0 0.0 -2.026 0.31623 988.0 2.0595 10.0 
0.06764 201.65087 98.0 1172.0 3.0 56.0 0.0 -0.8929 3.174 0.0 0.42426 997.0 2.0019 12.0 56.0 0.9071 0.0 1.574 0.0 0.36056 996.0 1.8841 12.0 64.0 2.7071 0.0 0.074 0.0 0.36056 994.0 2.2019 13.0 72.0 4.3071 0.0 0.0 -1.326 0.36056 989.0 2.2062 11.0 76.0 6.0071 0.0 0.0 -2.326 0.31623 986.0 2.185 10.0 
0.23961 30.02471 103.0 1020.0 3.0 47.0 0.0 -1.1929 2.274 0.0 0.44721 1000.0 1.7355 16.0 47.0 0.2071 0.0 0.174 0.0 0.42426 999.0 1.6116 16.0 49.0 1.7071 0.0 0.0 -1.626 0.36056 998.0 1.6349 14.0 52.0 3.2071 0.0 0.0 -3.226 0.42426 996.0 1.6246 13.0 57.0 4.8071 0.0 0.0 -4.726 0.28284 993.0 1.6592 11.0 
0.13878 81.24308 117.0 2060.0 3.0 50.0 0.0 -2.1929 0.0 -0.026 0.41231 1000.0 1.9642 16.0 48.0 0.0 -0.0929 0.0 -0.726 0.44721 999.0 1.6809 15.0 46.0 1.5071 0.0 0.0 -1.626 0.22361 997.0 1.3508 13.0 46.0 2.7071 0.0 0.0 -2.426 0.14142 997.0 1.3508 16.0 52.0 3.7071 0.0 0.0 -3.226 0.14142 994.0 1.4536 14.0 
0.34926 42.77555 105.0 962.0 3.0 58.0 0.0 -2.3929 0.674 0.0 0.41231 997.0 2.1474 12.0 63.0 0.0 -0.0929 0.374 0.0 0.3 995.0 2.2521 13.0 67.0 1.9071 0.0 0.274 0.0 0.3 992.0 2.1833 12.0 68.0 3.6071 0.0 0.274 0.0 0.2 990.0 2.0534 11.0 66.0 5.1071 0.0 0.274 0.0 0.2 991.0 2.0223 11.0 
0.14278 47.69726 92.0 933.0 3.0 79.0 0.0 -3.6929 5.074 0.0 1.08167 999.0 2.5 16.0 73.0 0.0 -0.3929 0.174 0.0 0.86023 999.0 2.5 15.0 67.0 2.5071 0.0 0.0 -3.426 0.64031 997.0 2.5 13.0 67.0 5.0071 0.0 0.0 -5.826 0.5831 996.0 2.5 15.0 70.0 7.4071 0.0 0.0 -7.426 0.44721 992.0 2.3832 15.0 
0.09694 56.88427 105.0 571.0 3.0 38.0 0.0 -0.1929 1.674 0.0 0.31623 1001.0 1.2291 16.0 39.0 0.5071 0.0 0.074 0.0 0.28284 1000.0 1.195 16.0 43.0 1.5071 0.0 0.0 -1.226 0.28284 1000.0 1.4527 19.0 49.0 2.8071 0.0 0.0 -2.026 0.31623 998.0 1.6349 16.0 54.0 4.4071 0.0 0.0 -2.426 0.22361 996.0 1.752 14.0 
0.26268 119.15354 92.0 1269.0 3.0 68.0 0.0 -1.9929 4.174 0.0 0.86023 1000.0 2.5 16.0 64.0 0.9071 0.0 0.574 0.0 0.78102 1000.0 2.5 16.0 60.0 3.5071 0.0 0.0 -2.326 0.56569 999.0 2.5 17.0 58.0 5.7071 0.0 0.0 -4.326 0.42426 998.0 2.2906 16.0 55.0 7.6071 0.0 0.0 -5.626 0.36056 998.0 2.0598 16.0 
0.05458 199.1832 98.0 2551.0 3.0 49.0 0.0 -0.3929 3.274 0.0 0.5 1000.0 1.8864 17.0 53.0 1.5071 0.0 0.974 0.0 0.56569 999.0 2.0493 15.0 53.0 3.3071 0.0 0.0 -1.126 0.42426 997.0 1.7931 13.0 55.0 4.7071 0.0 0.0 -2.926 0.36056 996.0 1.8174 15.0 60.0 6.0071 0.0 0.0 -4.426 0.28284 992.0 1.7509 13.0 
0.07561 180.93975 90.0 2586.0 3.0 62.0 0.0 -0.6929 3.574 0.0 0.5831 999.0 2.5 17.0 64.0 1.3071 0.0 0.974 0.0 0.5 997.0 2.5 15.0 65.0 3.1071 0.0 0.0 -1.126 0.42426 996.0 2.5 14.0 64.0 5.0071 0.0 0.0 -2.726 0.44721 995.0 2.3242 13.0 62.0 7.1071 0.0 0.0 -3.826 0.36056 996.0 2.3095 14.0 
0.16258 121.88924 95.0 264.0 3.0 54.0 0.0 -1.8929 2.174 0.0 0.44721 1000.0 2.291 20.0 57.0 0.5071 0.0 0.974 0.0 0.44721 999.0 2.3703 17.0 61.0 2.8071 0.0 0.0 -0.126 0.44721 997.0 2.3753 15.0 63.0 5.1071 0.0 0.0 -1.226 0.31623 996.0 2.3846 14.0 59.0 7.0071 0.0 0.0 -2.126 0.36056 996.0 2.0914 14.0 
0.15861 86.53063 122.0 2639.0 3.0 51.0 0.0 -1.4929 0.574 0.0 0.2 997.0 1.6604 12.0 57.0 0.0 -0.0929 0.774 0.0 0.22361 994.0 1.7465 13.0 57.0 1.0071 0.0 1.074 0.0 0.22361 993.0 1.6592 12.0 62.0 2.1071 0.0 1.374 0.0 0.1 990.0 1.707 11.0 66.0 3.1071 0.0 1.574 0.0 0.2 988.0 1.7796 10.0 
0.08297 199.68361 98.0 1679.0 3.0 39.0 0.0 -0.8929 0.0 -2.226 0.22361 1000.0 1.195 16.0 45.0 0.5071 0.0 0.0 -1.726 0.31623 999.0 1.4773 14.0 55.0 2.1071 0.0 0.0 -1.326 0.3 996.0 1.8174 15.0 55.0 3.8071 0.0 0.0 -1.526 0.31623 997.0 1.931 15.0 61.0 5.7071 0.0 0.0 -2.226 0.36056 995.0 2.1114 14.0 
0.03919 219.05074 118.0 2468.0 3.0 50.0 0.8071 0.0 2.874 0.0 0.31623 996.0 1.502 12.0 56.0 1.5071 0.0 1.274 0.0 0.28284 994.0 1.6858 13.0 62.0 2.4071 0.0 0.074 0.0 0.22361 991.0 1.7846 11.0 69.0 3.3071 0.0 0.0 -0.926 0.22361 986.0 1.801 10.0 74.0 4.2071 0.0 0.0 -1.826 0.22361 983.0 1.8643 9.0 
0.13527 85.91761 96.0 1494.0 3.0 58.0 0.0 -2.5929 0.874 0.0 0.5 999.0 2.4542 17.0 65.0 0.0071 0.0 0.774 0.0 0.5 996.0 2.5 14.0 67.0 2.5071 0.0 0.274 0.0 0.41231 994.0 2.4131 13.0 67.0 4.7071 0.0 0.0 -0.326 0.31623 993.0 2.2925 12.0 66.0 6.5071 0.0 0.0 -0.926 0.31623 992.0 2.1186 12.0 
0.10922 207.37362 85.0 1216.0 3.0 55.0 1.0071 0.0 4.274 0.0 0.60828 1000.0 2.3767 12.0 55.0 1.8071 0.0 0.474 0.0 0.70711 1000.0 2.3767 11.0 56.0 2.8071 0.0 0.0 -3.026 0.67082 999.0 2.2879 15.0 59.0 4.3071 0.0 0.0 -6.026 0.53852 998.0 2.3703 13.0 63.0 6.0071 0.0 0.0 -8.526 0.5 995.0 2.2521 11.0 
0.25204 32.98146 91.0 510.0 3.0 55.0 0.0 -2.6929 2.174 0.0 0.56569 999.0 2.2069 17.0 57.0 0.0 -0.1929 0.0 -0.226 0.64031 998.0 2.2123 15.0 59.0 2.2071 0.0 0.0 -2.526 0.56569 997.0 2.2221 14.0 62.0 4.4071 0.0 0.0 -4.926 0.5 996.0 2.3095 16.0 66.0 6.2071 0.0 0.0 -7.226 0.5 993.0 2.2245 14.0 
0.06344 209.52985 101.0 1425.0 3.0 40.0 0.0 -2.4929 0.174 0.0 0.28284 998.0 1.0895 10.0 48.0 0.0 -1.3929 1.274 0.0 0.28284 997.0 1.4708 12.0 59.0 0.0 -0.1929 2.974 0.0 0.36056 994.0 1.8713 10.0 75.0 1.4071 0.0 4.974 0.0 0.5 990.0 2.4979 11.0 89.0 3.8071 0.0 6.674 0.0 0.44721 984.0 2.5 9.0 
0.07019 96.56275 97.0 489.0 3.0 53.0 0.0 -2.7929 1.674 0.0 0.56569 1000.0 2.207 13.0 56.0 0.0 -0.6929 0.0 -0.526 0.5 998.0 2.1353 14.0 60.0 1.5071 0.0 0.0 -2.226 0.5 996.0 2.1629 12.0 65.0 3.7071 0.0 0.0 -3.526 0.36056 994.0 2.2712 13.0 76.0 5.7071 0.0 0.0 -4.626 0.44721 988.0 2.3598 10.0 
0.04827 62.18838 88.0 2819.0 3.0 61.0 0.0 -2.9929 3.374 0.0 0.80623 1001.0 2.5 13.0 64.0 0.0 -0.1929 0.0 -0.526 0.70711 1000.0 2.5 12.0 66.0 2.8071 0.0 0.0 -3.626 0.78102 999.0 2.5 10.0 68.0 5.9071 0.0 0.0 -6.226 0.64031 997.0 2.5 9.0 73.0 8.9071 0.0 0.0 -8.426 0.5831 995.0 2.5 11.0 
0.11305 177.80753 109.0 140.0 3.0 50.0 0.5071 0.0 0.0 -2.126 0.22361 996.0 1.502 15.0 60.0 1.3071 0.0 0.0 -0.926 0.28284 992.0 1.7509 12.0 64.0 2.3071 0.0 0.174 0.0 0.28284 991.0 1.9016 11.0 69.0 3.5071 0.0 1.174 0.0 0.22361 988.0 1.9451 10.0 71.0 4.8071 0.0 1.774 0.0 0.2 986.0 1.9069 10.0 
0.913 38.08876 98.0 2165.0 3.0 67.0 0.0 -1.5929 0.0 -1.426 0.36056 989.0 1.9104 9.0 85.0 0.1071 0.0 0.0 -0.326 0.42426 976.0 1.9944 6.0 112.0 2.0071 0.0 1.374 0.0 0.5 960.0 2.4174 7.0 137.0 4.1071 0.0 3.474 0.0 0.5 940.0 2.5 5.0 137.0 6.3071 0.0 5.574 0.0 0.42426 940.0 2.5 5.0 
0.14099 47.29257 93.0 1035.0 3.0 73.0 0.0 -3.3929 2.674 0.0 0.92195 999.0 2.5 11.0 68.0 0.0071 0.0 0.0 -0.426 0.64031 998.0 2.5 13.0 67.0 2.7071 0.0 0.0 -2.726 0.5831 996.0 2.5 11.0 69.0 5.1071 0.0 0.0 -4.226 0.41231 993.0 2.4314 13.0 75.0 7.2071 0.0 0.0 -5.026 0.31623 989.0 2.3938 10.0 
0.08748 164.60991 96.0 3077.0 3.0 57.0 0.0 -1.5929 0.0 -1.626 0.4 996.0 1.952 11.0 64.0 0.4071 0.0 0.0 -1.426 0.3 993.0 2.0918 12.0 80.0 2.3071 0.0 0.0 -1.326 0.3 985.0 2.3346 9.0 81.0 4.3071 0.0 0.0 -1.326 0.4 985.0 2.3933 9.0 78.0 6.3071 0.0 0.0 -1.626 0.3 986.0 2.3015 10.0 
0.16471 140.27196 84.0 2096.0 3.0 53.0 0.1071 0.0 4.274 0.0 0.72801 1001.0 2.3909 13.0 56.0 1.2071 0.0 0.374 0.0 0.72801 1000.0 2.4639 12.0 58.0 2.6071 0.0 0.0 -3.226 0.67082 999.0 2.4542 10.0 61.0 4.4071 0.0 0.0 -6.326 0.5831 997.0 2.3753 9.0 67.0 6.4071 0.0 0.0 -8.926 0.42426 994.0 2.4131 8.0 
0.34454 34.02587 116.0 2943.0 3.0 38.0 0.0 -0.6929 0.0 -1.226 0.28284 1000.0 1.1345 15.0 44.0 0.2071 0.0 0.0 -0.226 0.14142 999.0 1.4124 13.0 45.0 1.1071 0.0 0.674 0.0 0.14142 998.0 1.3789 12.0 47.0 1.9071 0.0 1.374 0.0 0.14142 997.0 1.4101 11.0 50.0 2.9071 0.0 1.874 0.0 0.14142 996.0 1.502 11.0 
0.2684 18.35579 95.0 2207.0 3.0 56.0 0.0 -2.0929 2.574 0.0 0.64031 1000.0 2.4639 12.0 56.0 0.1071 0.0 0.0 -0.126 0.64031 999.0 2.2879 11.0 58.0 2.3071 0.0 0.0 -2.526 0.42426 997.0 2.1474 9.0 61.0 4.2071 0.0 0.0 -4.626 0.5 996.0 2.2356 11.0 68.0 6.0071 0.0 0.0 -6.626 0.42426 991.0 2.1467 9.0 
0.21518 85.01661 93.0 836.0 3.0 58.0 0.0 -2.1929 2.874 0.0 0.64031 1001.0 2.5 21.0 59.0 0.5071 0.0 0.574 0.0 0.5 1000.0 2.5 19.0 59.0 2.8071 0.0 0.0 -1.226 0.5 999.0 2.5 17.0 58.0 5.0071 0.0 0.0 -2.626 0.44721 998.0 2.2906 16.0 55.0 7.1071 0.0 0.0 -3.526 0.36056 998.0 2.0598 16.0 
0.28276 59.58399 91.0 2312.0 3.0 43.0 0.0 -1.7929 0.0 -0.326 0.3 1001.0 1.5738 20.0 47.0 0.1071 0.0 0.0 -0.526 0.31623 1000.0 1.7355 20.0 51.0 2.0071 0.0 0.0 -0.826 0.3 999.0 1.8976 17.0 52.0 3.8071 0.0 0.0 -1.026 0.3 998.0 1.8412 16.0 49.0 5.4071 0.0 0.0 -0.926 0.22361 998.0 1.6349 16.0 
0.09613 136.60427 132.0 1028.0 3.0 42.0 0.0 -1.3929 0.0 -1.526 0.31623 999.0 1.2869 15.0 46.0 0.1071 0.0 0.0 -1.226 0.2 998.0 1.4408 17.0 54.0 1.4071 0.0 0.0 -1.126 0.22361 995.0 1.6546 14.0 52.0 2.7071 0.0 0.0 -1.026 0.1 995.0 1.5343 14.0 51.0 3.7071 0.0 0.0 -0.926 0.2 995.0 1.4759 14.0 
0.45695 41.52148 95.0 2137.0 3.0 60.0 0.0 -2.0929 0.974 0.0 0.41231 995.0 2.0427 11.0 69.0 0.0071 0.0 0.374 0.0 0.31623 991.0 2.2103 12.0 73.0 2.0071 0.0 0.274 0.0 0.4 989.0 2.2679 11.0 82.0 4.2071 0.0 0.674 0.0 0.3 985.0 2.4528 10.0 84.0 6.4071 0.0 1.274 0.0 0.41231 985.0 2.5 9.0 
0.12947 54.46995 112.0 1706.0 3.0 39.0 0.0 -0.2929 2.274 0.0 0.31623 1000.0 1.195 15.0 42.0 0.4071 0.0 0.274 0.0 0.36056 1000.0 1.3859 16.0 44.0 1.5071 0.0 0.0 -1.426 0.28284 999.0 1.4124 15.0 45.0 2.8071 0.0 0.0 -2.526 0.28284 998.0 1.3789 14.0 48.0 4.1071 0.0 0.0 -3.326 0.22361 996.0 1.3843 12.0 
0.33695 94.49135 80.0 74.0 3.0 69.0 0.0 -0.2929 5.374 0.0 0.82462 997.0 2.5 14.0 68.0 0.7071 0.0 0.474 0.0 0.82462 997.0 2.5 14.0 66.0 2.0071 0.0 0.0 -3.926 0.63246 996.0 2.5 13.0 67.0 3.3071 0.0 0.0 -7.526 0.53852 993.0 2.2925 11.0 71.0 4.8071 0.0 0.0 -10.326 0.5 990.0 2.2386 12.0 
0.2143 45.6838 125.0 2600.0 3.0 52.0 0.0 -1.1929 1.574 0.0 0.28284 997.0 1.7261 13.0 54.0 0.3071 0.0 0.274 0.0 0.28284 996.0 1.752 11.0 64.0 1.6071 0.0 0.0 -0.826 0.22361 991.0 1.9016 12.0 63.0 2.8071 0.0 0.0 -1.526 0.22361 990.0 1.7625 11.0 67.0 3.8071 0.0 0.0 -1.826 0.22361 987.0 1.7634 10.0 
0.07717 147.18811 123.0 2143.0 3.0 32.0 0.0 -0.5929 0.0 -1.226 0.14142 999.0 1.0 11.0 37.0 0.0071 0.0 0.0 -1.326 0.1 998.0 1.0 13.0 44.0 0.7071 0.0 0.0 -1.426 0.14142 995.0 1.0985 11.0 53.0 1.4071 0.0 0.0 -1.626 0.2 991.0 1.3041 9.0 77.0 2.3071 0.0 0.0 -1.626 0.14142 979.0 1.7811 8.0 
0.08582 168.61724 96.0 903.0 3.0 64.0 0.0 -0.7929 4.274 0.0 0.80623 1000.0 2.5 16.0 61.0 1.3071 0.0 0.774 0.0 0.5831 999.0 2.5 14.0 61.0 3.3071 0.0 0.0 -1.726 0.5 997.0 2.3753 12.0 63.0 5.2071 0.0 0.0 -3.426 0.36056 995.0 2.2521 13.0 64.0 6.8071 0.0 0.0 -4.626 0.31623 993.0 2.0918 12.0 
0.20379 54.46995 133.0 2680.0 3.0 59.0 0.0 -0.7929 1.474 0.0 0.36056 995.0 1.9752 14.0 53.0 0.4071 0.0 0.274 0.0 0.22361 996.0 1.6877 14.0 54.0 1.3071 0.0 0.0 -0.526 0.14142 994.0 1.5675 13.0 54.0 2.0071 0.0 0.0 -0.926 0.1 993.0 1.4892 12.0 56.0 2.7071 0.0 0.0 -1.026 0.1 991.0 1.4559 11.0 
0.02561 168.35251 96.0 3024.0 3.0 62.0 0.0 -3.8929 0.674 0.0 0.5831 998.0 2.5 10.0 64.0 0.0 -0.8929 0.0 -1.226 0.5831 998.0 2.5 13.0 68.0 1.8071 0.0 0.0 -3.026 0.53852 995.0 2.5 11.0 72.0 4.3071 0.0 0.0 -4.226 0.44721 990.0 2.3021 9.0 84.0 6.4071 0.0 0.0 -5.126 0.31623 982.0 2.3248 9.0 
0.28823 34.21005 100.0 952.0 3.0 52.0 0.0 -1.7929 2.474 0.0 0.56569 1000.0 2.1245 16.0 54.0 0.3071 0.0 0.0 -0.026 0.5 999.0 2.1274 15.0 56.0 2.2071 0.0 0.0 -2.326 0.5 998.0 2.1353 18.0 58.0 4.0071 0.0 0.0 -4.326 0.42426 996.0 2.0211 16.0 61.0 5.6071 0.0 0.0 -5.826 0.31623 994.0 2.0003 17.0 
0.06439 183.25513 86.0 2444.0 3.0 53.0 0.4071 0.0 3.974 0.0 0.63246 999.0 2.0493 12.0 53.0 1.5071 0.0 0.674 0.0 0.53852 998.0 1.9127 15.0 55.0 2.5071 0.0 0.0 -2.426 0.53852 998.0 2.0598 14.0 58.0 3.6071 0.0 0.0 -5.426 0.53852 996.0 2.0211 13.0 61.0 4.9071 0.0 0.0 -8.026 0.44721 993.0 1.9003 11.0 
0.02993 218.67807 72.0 2343.0 3.0 53.0 0.0 -1.0929 3.674 0.0 0.56569 1002.0 2.5 24.0 54.0 1.3071 0.0 1.474 0.0 0.42426 1001.0 2.4819 21.0 51.0 3.5071 0.0 0.0 -0.426 0.42426 1001.0 2.2138 21.0 47.0 5.5071 0.0 0.0 -2.026 0.36056 1001.0 1.8802 22.0 43.0 7.3071 0.0 0.0 -3.326 0.28284 1002.0 1.7168 23.0 
0.29032 156.27706 112.0 2054.0 3.0 94.0 0.0 -2.8929 2.174 0.0 0.60828 983.0 2.5 10.0 108.0 0.3071 0.0 1.374 0.0 0.5099 972.0 2.5 9.0 102.0 2.7071 0.0 0.774 0.0 0.31623 970.0 2.4712 9.0 97.0 4.4071 0.0 0.274 0.0 0.2 969.0 2.1841 9.0 94.0 5.5071 0.0 0.0 -0.026 0.1 967.0 1.9619 9.0 
0.3451 38.12432 120.0 2659.0 3.0 62.0 0.0 -1.3929 3.274 0.0 0.67082 997.0 2.4538 17.0 59.0 0.2071 0.0 0.274 0.0 0.5 997.0 2.2221 19.0 58.0 1.7071 0.0 0.0 -1.726 0.28284 994.0 1.8084 18.0 58.0 3.0071 0.0 0.0 -2.726 0.22361 992.0 1.6361 16.0 67.0 4.1071 0.0 0.0 -3.126 0.2 987.0 1.7634 17.0 
0.0404 253.21011 122.0 1691.0 3.0 50.0 0.9071 0.0 3.574 0.0 0.53852 1000.0 1.9642 17.0 48.0 2.1071 0.0 0.874 0.0 0.44721 999.0 1.6809 16.0 46.0 3.1071 0.0 0.0 -1.126 0.31623 998.0 1.4408 14.0 45.0 3.9071 0.0 0.0 -2.526 0.22361 996.0 1.2166 12.0 48.0 4.7071 0.0 0.0 -3.326 0.14142 995.0 1.3074 14.0 
0.08585 257.667 93.0 2056.0 3.0 57.0 0.4071 0.0 4.074 0.0 0.5831 998.0 2.2123 10.0 61.0 2.1071 0.0 0.974 0.0 0.67082 996.0 2.2356 9.0 66.0 3.7071 0.0 0.0 -2.126 0.53852 995.0 2.4717 11.0 74.0 5.2071 0.0 0.0 -4.826 0.5 989.0 2.3304 9.0 90.0 6.9071 0.0 0.0 -7.126 0.42426 978.0 2.3637 8.0 
0.06367 147.73872 99.0 2466.0 3.0 55.0 0.0 -0.9929 4.074 0.0 0.5831 1001.0 2.5 15.0 54.0 0.9071 0.0 0.974 0.0 0.5 1000.0 2.291 15.0 52.0 2.6071 0.0 0.0 -1.226 0.36056 999.0 1.9727 14.0 52.0 4.1071 0.0 0.0 -2.726 0.36056 997.0 1.7261 12.0 56.0 5.4071 0.0 0.0 -3.626 0.22361 995.0 1.7795 13.0 
0.18634 74.81815 93.0 2419.0 3.0 49.0 0.0 -2.2929 1.474 0.0 0.41231 1000.0 1.8864 17.0 50.0 0.0071 0.0 0.674 0.0 0.41231 999.0 1.8239 15.0 54.0 2.3071 0.0 0.0 -0.226 0.41231 998.0 1.9855 13.0 60.0 4.6071 0.0 0.0 -1.226 0.41231 997.0 2.2981 15.0 66.0 6.9071 0.0 0.0 -1.926 0.41231 994.0 2.3416 13.0 
0.03951 173.59727 105.0 2752.0 3.0 49.0 0.0 -0.9929 2.974 0.0 0.42426 1000.0 1.8864 17.0 49.0 0.9071 0.0 1.274 0.0 0.36056 1000.0 1.8864 15.0 51.0 2.7071 0.0 0.0 -0.226 0.36056 999.0 1.8976 18.0 53.0 4.2071 0.0 0.0 -1.626 0.36056 997.0 1.7931 16.0 52.0 5.6071 0.0 0.0 -3.026 0.28284 997.0 1.7261 16.0 
0.06249 126.3464 298.0 2342.0 3.0 45.0 0.0 -2.1929 0.374 0.0 0.42426 1000.0 1.591 16.0 50.0 0.0 -0.4929 0.0 -1.026 0.36056 999.0 1.8239 14.0 55.0 1.5071 0.0 0.0 -2.326 0.41231 997.0 1.931 12.0 63.0 3.6071 0.0 0.0 -3.226 0.31623 995.0 2.2521 14.0 68.0 5.6071 0.0 0.0 -3.726 0.3 992.0 2.249 12.0 
0.50613 69.94114 88.0 2689.0 3.0 85.0 0.0 -3.7929 4.174 0.0 1.06301 1000.0 2.5 21.0 75.0 0.5071 0.0 0.374 0.0 0.78102 999.0 2.5 19.0 69.0 3.9071 0.0 0.0 -2.226 0.64031 997.0 2.5 17.0 68.0 6.6071 0.0 0.0 -4.526 0.5 997.0 2.5 20.0 68.0 8.8071 0.0 0.0 -6.526 0.42426 994.0 2.4857 17.0 
0.58821 17.37652 109.0 2005.0 3.0 67.0 0.0 -3.3929 0.574 0.0 0.60828 998.0 2.5 10.0 66.0 0.0 -0.0929 0.0 -0.126 0.5099 997.0 2.5 12.0 64.0 2.4071 0.0 0.0 -0.826 0.31623 994.0 2.2019 10.0 64.0 4.1071 0.0 0.0 -1.226 0.2 990.0 1.8189 9.0 65.0 5.3071 0.0 0.0 -1.226 0.1 987.0 1.6597 8.0 
0.06276 194.1525 125.0 950.0 3.0 52.0 0.0 -1.1929 2.274 0.0 0.31623 999.0 1.9727 18.0 54.0 0.5071 0.0 1.674 0.0 0.31623 997.0 1.8615 15.0 53.0 1.9071 0.0 1.174 0.0 0.2 996.0 1.6877 14.0 50.0 2.9071 0.0 0.874 0.0 0.2 995.0 1.4186 14.0 49.0 3.7071 0.0 0.674 0.0 0.1 995.0 1.3624 13.0 
0.07961 294.96788 101.0 1574.0 3.0 50.0 0.0 -1.0929 0.0 -3.226 0.22361 996.0 1.502 19.0 62.0 0.4071 0.0 0.0 -2.626 0.3 992.0 1.8696 18.0 74.0 2.2071 0.0 0.0 -2.226 0.2 987.0 2.1512 16.0 73.0 3.8071 0.0 0.0 -1.926 0.31623 987.0 2.0934 16.0 77.0 5.4071 0.0 0.0 -1.326 0.31623 985.0 2.1628 15.0 
0.4692 113.60601 88.0 1282.0 3.0 76.0 0.0 -2.5929 4.074 0.0 0.84853 999.0 2.5 11.0 70.0 0.9071 0.0 0.474 0.0 0.78102 999.0 2.5 12.0 67.0 3.9071 0.0 0.0 -2.526 0.70711 998.0 2.5 13.0 69.0 6.5071 0.0 0.0 -5.026 0.64031 995.0 2.5 11.0 75.0 8.9071 0.0 0.0 -7.426 0.56569 992.0 2.5 11.0 
0.43007 67.73423 109.0 734.0 3.0 74.0 0.0 -1.4929 2.374 0.0 0.42426 987.0 2.1512 10.0 81.0 0.2071 0.0 0.574 0.0 0.36056 979.0 1.9709 8.0 112.0 1.8071 0.0 0.0 -0.826 0.36056 956.0 2.2477 7.0 123.0 3.5071 0.0 0.0 -1.826 0.22361 947.0 2.3413 7.0 131.0 5.0071 0.0 0.0 -2.626 0.22361 936.0 2.2763 6.0 
0.03827 241.889 105.0 1123.0 3.0 48.0 0.2071 0.0 3.674 0.0 0.44721 1000.0 1.8102 16.0 47.0 1.5071 0.0 1.574 0.0 0.42426 999.0 1.6116 15.0 48.0 2.8071 0.0 0.0 -0.026 0.28284 999.0 1.6809 17.0 53.0 4.0071 0.0 0.0 -1.326 0.28284 997.0 1.7931 15.0 56.0 5.2071 0.0 0.0 -2.426 0.22361 995.0 1.7795 14.0 
0.2114 117.17765 91.0 2236.0 3.0 78.0 0.0 -2.7929 2.474 0.0 0.5831 991.0 2.5 9.0 90.0 0.4071 0.0 0.974 0.0 0.5099 986.0 2.5 10.0 102.0 3.3071 0.0 0.274 0.0 0.5099 974.0 2.5 8.0 111.0 5.8071 0.0 0.0 -0.126 0.41231 962.0 2.4675 6.0 116.0 7.8071 0.0 0.0 -0.526 0.31623 953.0 2.2906 6.0 
0.01501 95.1605 94.0 1275.0 3.0 60.0 0.0 -3.5929 3.274 0.0 0.72111 1001.0 2.5 13.0 63.0 0.0 -0.7929 0.0 -0.326 0.70711 1000.0 2.5 11.0 63.0 2.0071 0.0 0.0 -3.126 0.64031 999.0 2.5 10.0 61.0 4.6071 0.0 0.0 -5.226 0.5 997.0 2.3753 9.0 64.0 6.8071 0.0 0.0 -6.826 0.36056 994.0 2.2019 7.0 
0.14565 37.81606 85.0 2172.0 3.0 63.0 0.0 -2.8929 4.274 0.0 0.80623 1000.0 2.5 12.0 64.0 0.0 -0.2929 0.174 0.0 0.72111 1000.0 2.5 12.0 63.0 2.2071 0.0 0.0 -3.126 0.72111 999.0 2.5 15.0 64.0 4.5071 0.0 0.0 -6.226 0.5831 998.0 2.5 13.0 65.0 6.4071 0.0 0.0 -8.926 0.42426 995.0 2.3974 11.0 
0.09181 180.26231 103.0 2610.0 3.0 66.0 0.0 -0.8929 2.674 0.0 0.42426 995.0 2.4717 14.0 71.0 1.0071 0.0 1.274 0.0 0.31623 990.0 2.2386 11.0 74.0 2.7071 0.0 0.374 0.0 0.36056 987.0 2.1512 10.0 75.0 4.3071 0.0 0.0 -0.526 0.36056 987.0 2.2097 10.0 73.0 5.7071 0.0 0.0 -1.626 0.22361 987.0 2.0934 10.0 
0.04686 171.21175 99.0 322.0 3.0 54.0 0.0 -1.0929 3.474 0.0 0.56569 1000.0 2.291 12.0 54.0 1.1071 0.0 1.074 0.0 0.42426 999.0 2.1274 11.0 53.0 3.0071 0.0 0.0 -0.726 0.36056 999.0 2.0493 13.0 56.0 4.7071 0.0 0.0 -2.026 0.31623 996.0 1.8841 11.0 58.0 6.2071 0.0 0.0 -2.926 0.28284 994.0 1.8084 10.0 
0.52017 14.4498 100.0 298.0 3.0 59.0 0.0 -2.2929 0.674 0.0 0.41231 997.0 2.2221 16.0 63.0 0.1071 0.0 0.074 0.0 0.41231 994.0 2.1336 14.0 68.0 2.3071 0.0 0.0 -0.126 0.31623 992.0 2.249 15.0 78.0 4.2071 0.0 0.074 0.0 0.31623 985.0 2.2193 12.0 88.0 6.0071 0.0 0.374 0.0 0.22361 977.0 2.1971 10.0 
0.02193 237.67447 111.0 1184.0 3.0 38.0 0.0 -2.3929 0.0 -1.326 0.31623 1001.0 1.2291 13.0 42.0 0.0 -0.6929 0.0 -2.026 0.31623 1000.0 1.3859 12.0 45.0 1.0071 0.0 0.0 -2.726 0.31623 999.0 1.4773 11.0 49.0 2.6071 0.0 0.0 -3.626 0.31623 998.0 1.6349 13.0 54.0 4.2071 0.0 0.0 -4.526 0.28284 995.0 1.6546 11.0 
0.36713 34.02587 100.0 2428.0 3.0 43.0 0.0 -1.0929 0.0 -0.626 0.22361 999.0 1.3489 18.0 51.0 0.2071 0.0 0.0 -0.226 0.3 997.0 1.6604 15.0 57.0 1.7071 0.0 0.0 -0.126 0.3 995.0 1.8436 14.0 62.0 3.4071 0.0 0.0 -0.026 0.31623 993.0 1.9631 13.0 68.0 5.3071 0.0 0.374 0.0 0.31623 992.0 2.249 12.0 
0.01137 112.86066 79.0 1027.0 3.0 69.0 0.0 -3.6929 2.974 0.0 0.84853 1000.0 2.5 17.0 66.0 0.0 -0.5929 0.0 -0.826 0.80623 999.0 2.5 15.0 66.0 1.8071 0.0 0.0 -4.626 0.80623 998.0 2.5 14.0 67.0 4.0071 0.0 0.0 -8.126 0.64031 997.0 2.5 16.0 70.0 6.1071 0.0 0.0 -10.726 0.56569 993.0 2.5 14.0 
0.27273 53.615 128.0 192.0 3.0 41.0 0.0 -1.3929 0.574 0.0 0.22361 999.0 1.2264 15.0 45.0 0.0 -0.0929 0.474 0.0 0.2 998.0 1.3789 17.0 49.0 1.1071 0.0 0.874 0.0 0.22361 997.0 1.5327 15.0 54.0 2.3071 0.0 1.574 0.0 0.22361 995.0 1.6546 14.0 55.0 3.4071 0.0 2.174 0.0 0.22361 994.0 1.6261 13.0 
0.16522 63.71887 121.0 1855.0 3.0 54.0 0.0 -1.4929 0.274 0.0 0.31623 995.0 1.6546 11.0 62.0 0.0071 0.0 0.574 0.0 0.3 992.0 1.8696 12.0 64.0 1.3071 0.0 0.574 0.0 0.1 989.0 1.7431 11.0 67.0 2.1071 0.0 0.674 0.0 0.2 985.0 1.6375 10.0 73.0 2.9071 0.0 0.874 0.0 0.1 981.0 1.7009 9.0 
0.03768 176.52373 110.0 2393.0 3.0 52.0 0.0 -3.0929 1.674 0.0 0.5831 999.0 1.9727 12.0 51.0 0.0 -1.2929 0.0 -0.926 0.44721 999.0 1.8976 15.0 52.0 0.3071 0.0 0.0 -3.026 0.36056 997.0 1.7261 13.0 54.0 1.8071 0.0 0.0 -4.526 0.28284 995.0 1.6546 12.0 58.0 3.2071 0.0 0.0 -5.526 0.31623 993.0 1.7179 13.0 
0.07127 141.95101 101.0 302.0 3.0 42.0 0.0 -0.9929 2.074 0.0 0.28284 1001.0 1.5014 17.0 40.0 0.5071 0.0 1.174 0.0 0.22361 1000.0 1.2571 16.0 44.0 2.1071 0.0 0.674 0.0 0.2 999.0 1.4124 15.0 50.0 3.7071 0.0 0.374 0.0 0.3 998.0 1.7023 17.0 56.0 5.4071 0.0 0.074 0.0 0.31623 996.0 1.8841 14.0 
0.17511 97.5605 93.0 2487.0 3.0 53.0 0.0 -2.4929 0.774 0.0 0.5099 999.0 2.0493 14.0 58.0 0.0 -0.0929 0.874 0.0 0.31623 998.0 2.2906 16.0 61.0 1.9071 0.0 1.574 0.0 0.36056 995.0 2.1114 14.0 61.0 3.6071 0.0 2.474 0.0 0.28284 994.0 2.0003 13.0 58.0 5.0071 0.0 3.374 0.0 0.28284 995.0 1.9088 13.0 
0.09112 179.1179 102.0 2938.0 3.0 60.0 0.0 -0.9929 3.174 0.0 0.42426 998.0 2.4513 16.0 62.0 1.1071 0.0 1.174 0.0 0.42426 997.0 2.4538 15.0 57.0 2.9071 0.0 0.0 -0.626 0.42426 998.0 2.2123 15.0 53.0 4.3071 0.0 0.0 -2.126 0.28284 998.0 1.9127 15.0 53.0 5.5071 0.0 0.0 -3.326 0.28284 997.0 1.7931 15.0 
0.25588 109.18961 105.0 2164.0 3.0 75.0 0.0 -1.7929 2.874 0.0 0.56569 992.0 2.5 10.0 72.0 0.6071 0.0 0.774 0.0 0.42426 991.0 2.4067 12.0 77.0 2.4071 0.0 0.0 -0.726 0.31623 984.0 2.0882 10.0 88.0 4.0071 0.0 0.0 -1.526 0.22361 976.0 2.1377 10.0 94.0 5.2071 0.0 0.0 -1.926 0.31623 964.0 1.8418 7.0 
0.05338 236.43955 94.0 1910.0 3.0 72.0 0.0071 0.0 4.274 0.0 0.5831 994.0 2.5 10.0 78.0 1.7071 0.0 1.274 0.0 0.5 990.0 2.5 11.0 88.0 3.5071 0.0 0.0 -1.026 0.42426 982.0 2.5 9.0 102.0 5.3071 0.0 0.0 -2.826 0.42426 971.0 2.5 7.0 106.0 7.1071 0.0 0.0 -4.426 0.36056 967.0 2.4948 7.0 
0.35181 13.18352 95.0 550.0 3.0 49.0 0.0 -2.1929 1.874 0.0 0.5 1001.0 2.0436 17.0 50.0 0.0 -0.0929 0.074 0.0 0.44721 1000.0 1.9642 16.0 51.0 2.2071 0.0 0.0 -1.026 0.31623 999.0 1.8976 14.0 53.0 4.3071 0.0 0.0 -1.426 0.4 998.0 1.9127 17.0 59.0 6.4071 0.0 0.0 -1.326 0.31623 996.0 2.0914 14.0 
0.06379 171.52522 114.0 1255.0 3.0 65.0 0.0 -1.1929 3.074 0.0 0.42426 994.0 2.2712 14.0 62.0 0.7071 0.0 1.374 0.0 0.36056 993.0 1.9631 14.0 68.0 2.3071 0.0 0.274 0.0 0.36056 990.0 2.0534 14.0 75.0 3.7071 0.0 0.0 -0.426 0.22361 983.0 1.9151 12.0 82.0 4.8071 0.0 0.0 -0.726 0.2 977.0 1.9077 10.0 
0.05194 182.75288 95.0 2302.0 3.0 53.0 0.0 -0.3929 2.574 0.0 0.28284 995.0 1.5939 11.0 59.0 0.9071 0.0 1.374 0.0 0.36056 992.0 1.693 10.0 74.0 2.5071 0.0 0.074 0.0 0.36056 987.0 2.1512 10.0 94.0 4.3071 0.0 0.0 -1.226 0.36056 976.0 2.4391 8.0 103.0 6.2071 0.0 0.0 -2.226 0.44721 969.0 2.4627 7.0 
0.34134 10.70814 92.0 424.0 3.0 51.0 0.0 -2.0929 1.374 0.0 0.36056 1000.0 2.0435 15.0 52.0 0.0 -0.0929 0.0 -0.026 0.36056 999.0 1.9727 18.0 56.0 1.8071 0.0 0.0 -0.826 0.3 997.0 2.0019 15.0 61.0 3.8071 0.0 0.0 -0.826 0.3 995.0 2.1114 13.0 64.0 5.6071 0.0 0.0 -0.426 0.31623 993.0 2.0918 12.0 
0.0216 130.28802 79.0 84.0 3.0 63.0 0.0 -3.0929 3.574 0.0 0.80623 1000.0 2.5 12.0 63.0 0.0 -0.9929 0.0 -0.626 0.80623 999.0 2.5 11.0 64.0 1.1071 0.0 0.0 -4.326 0.67082 997.0 2.5 10.0 65.0 3.0071 0.0 0.0 -7.426 0.5831 996.0 2.5 12.0 69.0 5.0071 0.0 0.0 -9.726 0.42426 992.0 2.3156 9.0 
0.17807 49.1426 111.0 1355.0 3.0 42.0 0.0 -0.1929 1.974 0.0 0.31623 999.0 1.2869 11.0 42.0 0.4071 0.0 0.174 0.0 0.31623 998.0 1.2011 13.0 45.0 1.2071 0.0 0.0 -1.326 0.28284 997.0 1.2927 13.0 49.0 2.2071 0.0 0.0 -2.526 0.28284 995.0 1.3624 11.0 56.0 3.3071 0.0 0.0 -3.426 0.28284 992.0 1.5252 11.0 
0.05055 199.1832 99.0 1336.0 3.0 35.0 1.0071 0.0 1.874 0.0 0.2 999.0 1.0 14.0 42.0 1.5071 0.0 0.974 0.0 0.14142 997.0 1.1261 13.0 51.0 2.4071 0.0 0.074 0.0 0.14142 996.0 1.5627 14.0 64.0 3.6071 0.0 0.0 -0.726 0.28284 991.0 1.9016 11.0 74.0 5.1071 0.0 0.0 -1.526 0.31623 988.0 2.2372 10.0 
0.07896 202.60424 331.0 751.0 3.0 60.0 0.0 -0.1929 2.974 0.0 0.36056 996.0 2.1629 13.0 65.0 1.3071 0.0 1.274 0.0 0.28284 993.0 2.1576 12.0 67.0 2.6071 0.0 0.074 0.0 0.31623 990.0 1.9935 11.0 68.0 4.0071 0.0 0.0 -0.426 0.22361 989.0 1.9678 10.0 69.0 5.5071 0.0 0.0 -0.526 0.22361 989.0 2.0261 10.0 
0.23398 53.94034 103.0 2538.0 3.0 37.0 0.0 -1.3929 0.174 0.0 0.22361 1001.0 1.1652 20.0 42.0 0.1071 0.0 0.474 0.0 0.2 1001.0 1.5014 21.0 45.0 1.7071 0.0 0.674 0.0 0.2 1000.0 1.591 19.0 50.0 3.4071 0.0 0.974 0.0 0.2 999.0 1.8239 17.0 51.0 5.1071 0.0 1.274 0.0 0.31623 999.0 1.8976 16.0 
0.05442 194.80947 95.0 963.0 3.0 58.0 0.0 -1.2929 3.174 0.0 0.64031 1001.0 2.5 20.0 55.0 1.2071 0.0 1.274 0.0 0.5 1000.0 2.3767 19.0 56.0 3.4071 0.0 0.0 -0.026 0.44721 999.0 2.2879 17.0 55.0 5.4071 0.0 0.0 -0.826 0.3 998.0 2.0598 15.0 52.0 7.0071 0.0 0.0 -1.126 0.3 997.0 1.7261 15.0 
0.14536 174.53445 113.0 1777.0 3.0 29.0 1.5071 0.0 0.774 0.0 0.0 1000.0 1.0 15.0 33.0 1.3071 0.0 0.874 0.0 0.1 999.0 1.0 18.0 41.0 1.3071 0.0 1.274 0.0 0.1 997.0 1.0731 15.0 47.0 1.5071 0.0 1.874 0.0 0.1 995.0 1.2535 13.0 53.0 1.9071 0.0 2.574 0.0 0.22361 994.0 1.51 12.0 
0.09364 81.03809 111.0 2105.0 3.0 46.0 0.0 -2.4929 1.374 0.0 0.5 1001.0 1.801 13.0 47.0 0.0 -0.5929 0.0 -0.426 0.42426 1001.0 1.8802 17.0 48.0 1.2071 0.0 0.0 -2.026 0.36056 1000.0 1.8102 15.0 48.0 2.8071 0.0 0.0 -2.926 0.31623 998.0 1.5688 13.0 52.0 4.3071 0.0 0.0 -3.426 0.3 997.0 1.7261 15.0 
0.51899 32.11459 94.0 3092.0 3.0 57.0 0.0 -2.8929 1.774 0.0 0.44721 1001.0 2.5 15.0 60.0 0.0 -0.0929 0.274 0.0 0.5 999.0 2.5 13.0 61.0 2.5071 0.0 0.0 -1.026 0.53852 999.0 2.5 13.0 57.0 5.0071 0.0 0.0 -2.326 0.44721 999.0 2.3703 13.0 52.0 7.1071 0.0 0.0 -3.826 0.36056 1000.0 2.1245 14.0 
0.15017 119.65915 98.0 219.0 3.0 60.0 0.0 -1.8929 1.374 0.0 0.31623 993.0 1.8385 12.0 67.0 0.0 -0.0929 1.074 0.0 0.3 989.0 1.9104 11.0 74.0 1.7071 0.0 1.074 0.0 0.31623 984.0 1.9286 10.0 92.0 3.5071 0.0 1.174 0.0 0.3 975.0 2.275 10.0 111.0 5.5071 0.0 1.074 0.0 0.31623 961.0 2.4201 8.0 
0.08007 152.12534 100.0 21.0 3.0 57.0 0.0 -0.5929 1.974 0.0 0.22361 995.0 1.8436 14.0 54.0 0.7071 0.0 1.174 0.0 0.31623 996.0 1.752 14.0 58.0 2.2071 0.0 0.774 0.0 0.2 994.0 1.8084 13.0 60.0 3.6071 0.0 0.874 0.0 0.2 993.0 1.8385 12.0 64.0 5.2071 0.0 1.274 0.0 0.31623 993.0 2.0918 12.0 
0.09526 160.97627 107.0 3091.0 3.0 52.0 0.0 -2.4929 0.674 0.0 0.31623 997.0 1.7261 17.0 58.0 0.0 -0.6929 1.274 0.0 0.28284 995.0 1.9088 18.0 63.0 0.7071 0.0 2.074 0.0 0.36056 992.0 1.9304 15.0 68.0 2.0071 0.0 3.074 0.0 0.28284 989.0 1.9678 14.0 74.0 3.3071 0.0 3.974 0.0 0.36056 986.0 2.0715 13.0 
0.03735 148.24159 116.0 1472.0 3.0 37.0 0.9071 0.0 2.074 0.0 0.3 1000.0 1.0756 12.0 41.0 1.3071 0.0 0.274 0.0 0.31623 999.0 1.2264 11.0 43.0 1.9071 0.0 0.0 -1.326 0.31623 998.0 1.259 10.0 43.0 2.6071 0.0 0.0 -2.726 0.22361 998.0 1.259 13.0 49.0 3.5071 0.0 0.0 -3.626 0.14142 995.0 1.3624 11.0 
0.1114 229.38107 106.0 2324.0 3.0 55.0 0.0 -1.3929 0.0 -2.726 0.31623 994.0 1.6261 11.0 64.0 0.4071 0.0 0.0 -2.026 0.41231 991.0 1.9016 12.0 79.0 2.3071 0.0 0.0 -1.626 0.3 984.0 2.1981 12.0 91.0 4.0071 0.0 0.0 -1.326 0.2 973.0 2.1145 10.0 102.0 5.3071 0.0 0.0 -1.026 0.2 961.0 2.0435 8.0 
0.01806 150.97414 90.0 2545.0 3.0 58.0 0.0 -4.0929 1.474 0.0 0.72111 1001.0 2.5 13.0 59.0 0.0 -0.8929 0.0 -1.026 0.64031 1001.0 2.5 17.0 60.0 2.0071 0.0 0.0 -3.426 0.56569 1000.0 2.5 15.0 60.0 4.5071 0.0 0.0 -5.626 0.56569 999.0 2.5 13.0 61.0 6.6071 0.0 0.0 -7.626 0.42426 997.0 2.3753 16.0 
0.16779 136.94208 90.0 833.0 3.0 62.0 0.0 -2.1929 3.774 0.0 0.64031 998.0 2.5 10.0 68.0 0.6071 0.0 1.074 0.0 0.70711 998.0 2.5 13.0 71.0 3.4071 0.0 0.0 -1.526 0.64031 995.0 2.5 11.0 70.0 6.0071 0.0 0.0 -3.726 0.5 994.0 2.5 10.0 67.0 8.2071 0.0 0.0 -5.426 0.42426 993.0 2.2925 10.0 
0.02901 218.16136 104.0 502.0 3.0 68.0 0.7071 0.0 2.974 0.0 0.31623 992.0 2.249 12.0 70.0 1.7071 0.0 0.974 0.0 0.36056 990.0 2.176 11.0 70.0 2.9071 0.0 0.0 -0.726 0.36056 989.0 2.0853 11.0 70.0 4.1071 0.0 0.0 -2.026 0.28284 988.0 2.0019 10.0 71.0 5.3071 0.0 0.0 -2.926 0.22361 987.0 1.9803 10.0 
0.10656 107.02187 97.0 1405.0 3.0 51.0 0.0 -1.6929 2.174 0.0 0.44721 1001.0 2.2138 15.0 53.0 0.4071 0.0 0.874 0.0 0.36056 1000.0 2.207 14.0 54.0 2.5071 0.0 0.0 -0.226 0.31623 999.0 2.1274 13.0 52.0 4.6071 0.0 0.0 -0.826 0.31623 999.0 1.9727 13.0 48.0 6.4071 0.0 0.0 -1.126 0.3 999.0 1.6809 13.0 
0.37138 73.93353 86.0 1671.0 3.0 65.0 0.0 -2.4929 3.974 0.0 0.86023 1000.0 2.5 12.0 65.0 0.6071 0.0 0.274 0.0 0.72111 1000.0 2.5 11.0 61.0 3.0071 0.0 0.0 -3.026 0.67082 998.0 2.5 10.0 59.0 4.7071 0.0 0.0 -6.026 0.44721 997.0 2.2221 11.0 62.0 6.0071 0.0 0.0 -8.626 0.44721 995.0 2.1812 11.0 
0.0584 146.7547 111.0 1805.0 3.0 42.0 0.0 -1.9929 0.074 0.0 0.36056 1000.0 1.3859 16.0 43.0 0.0 -0.6929 0.0 -1.126 0.28284 999.0 1.3489 15.0 46.0 0.6071 0.0 0.0 -1.926 0.31623 997.0 1.3508 13.0 55.0 1.9071 0.0 0.0 -2.226 0.3 995.0 1.7165 13.0 56.0 3.2071 0.0 0.0 -2.026 0.22361 994.0 1.6858 13.0 
0.11462 119.15354 93.0 1666.0 3.0 57.0 0.0 -0.9929 3.674 0.0 0.5831 999.0 2.3703 16.0 58.0 0.9071 0.0 0.574 0.0 0.5831 998.0 2.2906 19.0 59.0 2.9071 0.0 0.0 -2.026 0.56569 997.0 2.2221 17.0 63.0 5.0071 0.0 0.0 -4.026 0.42426 995.0 2.2521 19.0 68.0 7.1071 0.0 0.0 -5.626 0.42426 992.0 2.249 17.0 
0.16776 97.5605 119.0 1135.0 3.0 40.0 0.0 -1.1929 0.674 0.0 0.2 999.0 1.1673 14.0 46.0 0.0 -0.0929 0.874 0.0 0.22361 998.0 1.4408 16.0 50.0 1.1071 0.0 1.074 0.0 0.22361 996.0 1.502 15.0 57.0 2.3071 0.0 1.274 0.0 0.22361 993.0 1.6592 12.0 61.0 3.4071 0.0 1.474 0.0 0.2 991.0 1.7275 11.0 
0.08585 137.92644 121.0 2581.0 3.0 33.0 0.0 -0.0929 1.474 0.0 0.14142 999.0 1.0 15.0 33.0 0.4071 0.0 1.174 0.0 0.1 999.0 1.0 14.0 38.0 1.0071 0.0 1.174 0.0 0.1 997.0 1.0 13.0 45.0 1.6071 0.0 1.474 0.0 0.1 996.0 1.2166 14.0 55.0 2.3071 0.0 1.874 0.0 0.14142 992.0 1.4713 12.0 
0.37236 54.46995 92.0 1990.0 3.0 67.0 0.0 -1.7929 3.074 0.0 0.64031 997.0 2.5 16.0 66.0 0.4071 0.0 0.274 0.0 0.5831 995.0 2.4717 15.0 68.0 2.5071 0.0 0.0 -2.026 0.5 993.0 2.3614 14.0 78.0 4.8071 0.0 0.0 -3.926 0.5 989.0 2.5 13.0 87.0 7.3071 0.0 0.0 -5.426 0.44721 985.0 2.5 12.0 
0.06482 156.64953 122.0 529.0 3.0 39.0 0.0 -0.4929 2.074 0.0 0.22361 1000.0 1.195 17.0 39.0 0.6071 0.0 1.274 0.0 0.22361 999.0 1.1096 15.0 43.0 1.8071 0.0 0.674 0.0 0.2 998.0 1.259 13.0 49.0 3.0071 0.0 0.374 0.0 0.22361 996.0 1.4425 15.0 55.0 4.1071 0.0 0.0 -0.026 0.22361 994.0 1.6261 13.0 
0.28726 66.91619 135.0 1853.0 3.0 24.0 0.4071 0.0 0.0 -0.626 0.0 1001.0 1.0 24.0 29.0 0.5071 0.0 0.0 -0.326 0.14142 1000.0 1.0 22.0 35.0 0.8071 0.0 0.474 0.0 0.14142 1000.0 1.0 25.0 41.0 1.1071 0.0 1.374 0.0 0.22361 998.0 1.1446 21.0 44.0 1.5071 0.0 2.274 0.0 0.22361 997.0 1.2359 20.0 
0.01434 144.71294 82.0 1462.0 3.0 58.0 0.0 -3.2929 2.874 0.0 0.67082 1000.0 2.5 12.0 58.0 0.0 -1.1929 0.0 -0.526 0.72111 999.0 2.4542 16.0 60.0 0.9071 0.0 0.0 -3.626 0.5831 998.0 2.4513 14.0 64.0 3.0071 0.0 0.0 -6.426 0.56569 996.0 2.4609 12.0 67.0 5.2071 0.0 0.0 -8.726 0.42426 994.0 2.4131 14.0 
0.08477 137.76019 106.0 765.0 3.0 44.0 0.0 -1.3929 0.0 -0.626 0.22361 998.0 1.3183 14.0 47.0 0.0 -0.1929 0.0 -1.226 0.22361 996.0 1.3272 12.0 53.0 1.0071 0.0 0.0 -1.626 0.22361 994.0 1.51 14.0 66.0 2.3071 0.0 0.0 -2.026 0.22361 988.0 1.7796 11.0 78.0 3.7071 0.0 0.0 -2.526 0.3 982.0 2.0045 9.0 
0.29899 53.71602 99.0 1810.0 3.0 57.0 0.0 -1.9929 2.274 0.0 0.5 999.0 2.3703 14.0 57.0 0.3071 0.0 0.374 0.0 0.42426 998.0 2.2123 13.0 60.0 2.2071 0.0 0.0 -1.126 0.31623 996.0 2.1629 14.0 61.0 3.9071 0.0 0.0 -1.926 0.31623 994.0 2.0003 13.0 65.0 5.6071 0.0 0.0 -2.226 0.3 992.0 2.0549 12.0 
0.08209 139.91577 107.0 542.0 3.0 47.0 0.0 -2.0929 0.0 -0.326 0.31623 999.0 1.6116 15.0 48.0 0.0 -0.2929 0.0 -1.226 0.22361 998.0 1.5688 14.0 53.0 1.3071 0.0 0.0 -1.926 0.2 996.0 1.6877 15.0 57.0 2.8071 0.0 0.0 -2.226 0.3 994.0 1.7465 13.0 59.0 4.3071 0.0 0.0 -2.226 0.2 993.0 1.7777 12.0 
0.07735 127.3962 101.0 27.0 3.0 42.0 0.0 -0.8929 2.274 0.0 0.28284 1000.0 1.3859 16.0 44.0 0.6071 0.0 0.974 0.0 0.36056 1000.0 1.5211 16.0 48.0 2.2071 0.0 0.0 -0.326 0.28284 999.0 1.6809 18.0 53.0 3.7071 0.0 0.0 -1.326 0.36056 997.0 1.7931 15.0 56.0 5.3071 0.0 0.0 -2.326 0.31623 996.0 1.8841 14.0 
0.12646 132.06138 135.0 2002.0 3.0 49.0 0.0 -2.1929 1.174 0.0 0.4 1001.0 2.0436 22.0 46.0 0.0 -0.1929 1.174 0.0 0.31623 1000.0 1.6625 19.0 42.0 1.2071 0.0 1.474 0.0 0.2 1000.0 1.3859 19.0 39.0 2.2071 0.0 1.874 0.0 0.14142 1000.0 1.195 18.0 38.0 2.8071 0.0 2.674 0.0 0.2 1000.0 1.1345 18.0 
0.17121 123.99184 99.0 3054.0 3.0 61.0 0.0 -1.5929 2.274 0.0 0.36056 996.0 2.2356 15.0 66.0 0.3071 0.0 1.074 0.0 0.44721 993.0 2.2245 12.0 65.0 2.2071 0.0 0.0 -0.026 0.36056 993.0 2.1576 13.0 65.0 3.9071 0.0 0.0 -1.226 0.42426 994.0 2.2712 13.0 63.0 5.7071 0.0 0.0 -2.626 0.42426 995.0 2.2521 13.0 
0.06697 164.60991 99.0 2957.0 3.0 62.0 0.0 -1.6929 0.0 -2.726 0.36056 995.0 2.1812 11.0 70.0 0.4071 0.0 0.0 -1.426 0.41231 992.0 2.3832 12.0 75.0 2.3071 0.0 0.0 -0.526 0.31623 987.0 2.2097 10.0 82.0 4.0071 0.0 0.174 0.0 0.31623 982.0 2.2154 9.0 88.0 5.7071 0.0 0.774 0.0 0.31623 978.0 2.2599 8.0 
0.2048 84.17478 82.0 702.0 3.0 58.0 0.0 -0.5929 4.374 0.0 0.76158 1000.0 2.5 12.0 56.0 0.7071 0.0 0.274 0.0 0.63246 999.0 2.2879 12.0 55.0 1.8071 0.0 0.0 -3.326 0.63246 999.0 2.2069 15.0 56.0 3.1071 0.0 0.0 -6.426 0.44721 998.0 2.1353 14.0 58.0 4.4071 0.0 0.0 -8.826 0.5 995.0 1.9088 12.0 
0.18215 42.04636 105.0 293.0 3.0 48.0 0.0 -1.8929 1.074 0.0 0.42426 1000.0 1.8102 16.0 47.0 0.0 -0.1929 0.0 -0.326 0.36056 999.0 1.6116 14.0 51.0 1.5071 0.0 0.0 -1.226 0.2 998.0 1.7711 16.0 51.0 3.0071 0.0 0.0 -1.626 0.3 998.0 1.7711 16.0 57.0 4.6071 0.0 0.0 -1.626 0.2 995.0 1.8436 13.0 
0.08275 178.25807 303.0 1168.0 3.0 44.0 0.5071 0.0 3.074 0.0 0.44721 1001.0 1.6478 17.0 47.0 1.4071 0.0 0.774 0.0 0.44721 1000.0 1.7355 15.0 50.0 2.6071 0.0 0.0 -1.326 0.36056 998.0 1.7023 13.0 53.0 4.0071 0.0 0.0 -3.026 0.28284 997.0 1.7931 16.0 60.0 5.4071 0.0 0.0 -4.126 0.22361 994.0 1.9352 13.0 
0.12109 208.05517 103.0 1732.0 3.0 81.0 0.0 -0.5929 4.874 0.0 0.80623 995.0 2.5 15.0 79.0 1.7071 0.0 0.774 0.0 0.5831 993.0 2.5 17.0 75.0 3.7071 0.0 0.0 -1.826 0.42426 989.0 2.3938 11.0 82.0 5.3071 0.0 0.0 -3.326 0.28284 981.0 2.1462 11.0 93.0 6.3071 0.0 0.0 -4.226 0.28284 970.0 2.0544 9.0 
0.41097 19.33007 320.0 1338.0 3.0 53.0 0.0 -1.2929 0.674 0.0 0.2 995.0 1.5939 12.0 61.0 0.0071 0.0 0.174 0.0 0.22361 992.0 1.8098 12.0 67.0 1.4071 0.0 0.0 -0.226 0.2 989.0 1.9104 11.0 72.0 2.9071 0.0 0.0 -0.426 0.3 987.0 2.0365 10.0 78.0 4.7071 0.0 0.0 -0.326 0.3 985.0 2.2193 9.0 
0.47544 32.11459 155.0 990.0 3.0 59.0 0.0 -1.4929 0.0 -0.426 0.22361 993.0 1.7777 13.0 70.0 0.0 -0.0929 0.274 0.0 0.36056 987.0 1.9249 13.0 76.0 1.2071 0.0 1.074 0.0 0.28284 983.0 1.9665 12.0 90.0 2.5071 0.0 1.974 0.0 0.22361 973.0 2.0683 10.0 91.0 3.6071 0.0 2.674 0.0 0.22361 972.0 2.0629 9.0 
0.19945 86.59753 93.0 2087.0 3.0 65.0 0.0 -2.8929 0.474 0.0 0.4 993.0 2.1576 13.0 80.0 0.0 -0.3929 0.674 0.0 0.5099 988.0 2.5 14.0 93.0 2.2071 0.0 1.274 0.0 0.5099 981.0 2.5 11.0 107.0 4.8071 0.0 1.974 0.0 0.44721 969.0 2.5 9.0 122.0 7.1071 0.0 2.974 0.0 0.44721 954.0 2.5 8.0 
0.16557 92.73958 90.0 1159.0 3.0 56.0 0.0 -2.0929 2.974 0.0 0.64031 1000.0 2.4639 12.0 56.0 0.6071 0.0 0.574 0.0 0.5 999.0 2.2879 12.0 56.0 3.2071 0.0 0.0 -1.226 0.44721 999.0 2.2879 15.0 59.0 5.7071 0.0 0.0 -2.526 0.44721 997.0 2.2221 13.0 63.0 8.1071 0.0 0.0 -3.826 0.44721 995.0 2.2521 11.0 
0.19377 176.94829 78.0 2185.0 3.0 77.0 0.0 -2.9929 2.974 0.0 0.67082 999.0 2.5 13.0 76.0 0.6071 0.0 1.474 0.0 0.5099 995.0 2.5 10.0 76.0 3.7071 0.0 1.274 0.0 0.5099 993.0 2.5 9.0 67.0 6.4071 0.0 1.774 0.0 0.36056 995.0 2.5 10.0 59.0 8.4071 0.0 2.774 0.0 0.42426 997.0 2.2221 11.0 
0.00893 155.0065 80.0 1262.0 3.0 57.0 0.0 -3.4929 2.574 0.0 0.67082 999.0 2.3703 12.0 60.0 0.0 -1.1929 0.0 -0.726 0.67082 998.0 2.4513 11.0 63.0 1.0071 0.0 0.0 -4.126 0.64031 997.0 2.5 10.0 66.0 3.1071 0.0 0.0 -7.326 0.5831 995.0 2.4717 12.0 68.0 5.0071 0.0 0.0 -9.926 0.42426 992.0 2.249 10.0 
0.06443 163.42753 84.0 1268.0 3.0 54.0 0.0 -1.1929 3.074 0.0 0.5 1000.0 2.291 11.0 56.0 1.0071 0.0 1.074 0.0 0.5 999.0 2.2879 13.0 60.0 3.1071 0.0 0.0 -0.626 0.42426 997.0 2.2981 11.0 61.0 5.0071 0.0 0.0 -2.026 0.36056 996.0 2.2356 10.0 57.0 6.7071 0.0 0.0 -3.026 0.31623 997.0 2.074 11.0 
0.07271 149.12413 117.0 756.0 3.0 44.0 0.0 -0.1929 2.574 0.0 0.31623 999.0 1.4124 10.0 44.0 0.8071 0.0 1.074 0.0 0.22361 998.0 1.3183 14.0 46.0 1.8071 0.0 0.274 0.0 0.22361 996.0 1.2713 12.0 52.0 2.8071 0.0 0.0 -0.026 0.1 994.0 1.4536 13.0 61.0 3.7071 0.0 0.0 -0.026 0.2 990.0 1.6524 11.0 
0.06199 236.43955 91.0 1655.0 3.0 64.0 0.0 -0.4929 4.974 0.0 0.72111 1001.0 2.5 17.0 60.0 1.7071 0.0 1.274 0.0 0.72111 1000.0 2.5 16.0 60.0 3.8071 0.0 0.0 -1.826 0.64031 999.0 2.5 14.0 61.0 5.8071 0.0 0.0 -4.426 0.56569 998.0 2.5 17.0 63.0 7.7071 0.0 0.0 -6.626 0.42426 996.0 2.3846 15.0 
0.42133 30.42421 95.0 2355.0 3.0 63.0 0.0 -2.5929 2.874 0.0 0.56569 999.0 2.5 11.0 62.0 0.0071 0.0 0.274 0.0 0.64031 997.0 2.4538 10.0 63.0 2.5071 0.0 0.0 -2.126 0.56569 996.0 2.3846 11.0 67.0 4.8071 0.0 0.0 -4.326 0.42426 994.0 2.4131 10.0 75.0 6.7071 0.0 0.0 -6.226 0.42426 987.0 2.2097 8.0 
0.07241 203.01067 95.0 2593.0 3.0 68.0 0.0 -0.5929 3.574 0.0 0.5831 995.0 2.5 13.0 68.0 1.2071 0.0 1.374 0.0 0.42426 994.0 2.4857 13.0 71.0 3.1071 0.0 0.0 -0.126 0.31623 991.0 2.3403 11.0 75.0 4.9071 0.0 0.0 -0.926 0.31623 988.0 2.2981 10.0 76.0 6.8071 0.0 0.0 -1.426 0.3 987.0 2.269 10.0 
0.07296 171.69251 106.0 2633.0 3.0 46.0 0.0 -0.3929 2.374 0.0 0.36056 1000.0 1.6625 15.0 43.0 1.0071 0.0 1.174 0.0 0.22361 1000.0 1.4527 15.0 47.0 2.3071 0.0 0.574 0.0 0.2 998.0 1.5041 12.0 50.0 3.5071 0.0 0.274 0.0 0.22361 997.0 1.5959 11.0 53.0 4.8071 0.0 0.0 -0.126 0.22361 996.0 1.6877 10.0 
0.16032 141.4162 93.0 732.0 3.0 62.0 0.0 -3.0929 1.174 0.0 0.5099 998.0 2.5 13.0 65.0 0.0071 0.0 1.274 0.0 0.5 997.0 2.5 16.0 69.0 2.7071 0.0 1.174 0.0 0.5 994.0 2.5 13.0 71.0 5.1071 0.0 1.274 0.0 0.4 992.0 2.4518 12.0 73.0 7.3071 0.0 1.474 0.0 0.31623 990.0 2.3665 11.0 
0.30249 78.26613 88.0 694.0 3.0 47.0 0.0 -1.6929 2.274 0.0 0.42426 1000.0 1.7355 15.0 53.0 0.2071 0.0 0.674 0.0 0.44721 999.0 2.0493 14.0 64.0 3.0071 0.0 0.0 -0.526 0.53852 998.0 2.5 17.0 70.0 6.1071 0.0 0.0 -1.026 0.4 996.0 2.5 14.0 71.0 8.8071 0.0 0.0 -0.226 0.5 994.0 2.5 13.0 
0.15057 165.42227 88.0 208.0 3.0 82.0 0.0 -1.8929 3.974 0.0 0.78102 995.0 2.5 14.0 79.0 1.2071 0.0 0.874 0.0 0.72111 993.0 2.5 13.0 86.0 4.2071 0.0 0.0 -1.126 0.5831 988.0 2.5 14.0 94.0 6.8071 0.0 0.0 -2.526 0.44721 979.0 2.5 11.0 101.0 8.7071 0.0 0.0 -3.526 0.22361 967.0 2.265 9.0 
0.07239 179.1179 92.0 2810.0 3.0 58.0 0.0 -1.3929 3.974 0.0 0.64031 1000.0 2.5 16.0 61.0 1.1071 0.0 1.174 0.0 0.64031 1000.0 2.5 19.0 64.0 3.5071 0.0 0.0 -1.226 0.56569 998.0 2.5 16.0 63.0 5.6071 0.0 0.0 -3.426 0.56569 997.0 2.5 15.0 62.0 7.5071 0.0 0.0 -5.526 0.5 997.0 2.4538 15.0 
0.1228 126.5958 100.0 743.0 3.0 57.0 0.1071 0.0 2.374 0.0 0.44721 995.0 1.8436 11.0 64.0 1.1071 0.0 0.274 0.0 0.36056 991.0 1.9016 9.0 82.0 2.4071 0.0 0.0 -1.326 0.36056 982.0 2.2154 9.0 84.0 3.8071 0.0 0.0 -2.426 0.22361 980.0 2.1839 8.0 81.0 5.3071 0.0 0.0 -2.726 0.31623 982.0 2.1617 9.0 
0.05504 156.04509 97.0 1476.0 3.0 54.0 0.0 -0.6929 2.274 0.0 0.36056 998.0 1.9855 12.0 55.0 0.9071 0.0 1.074 0.0 0.36056 996.0 1.8174 11.0 60.0 2.5071 0.0 0.0 -0.026 0.22361 994.0 1.9352 10.0 64.0 4.1071 0.0 0.0 -0.826 0.36056 992.0 1.9922 9.0 67.0 5.8071 0.0 0.0 -1.626 0.41231 992.0 2.1833 9.0 
0.08295 202.60424 118.0 1002.0 3.0 47.0 0.4071 0.0 2.774 0.0 0.36056 999.0 1.6116 23.0 51.0 1.3071 0.0 1.274 0.0 0.28284 997.0 1.6604 19.0 52.0 2.2071 0.0 0.174 0.0 0.22361 995.0 1.5343 18.0 53.0 3.0071 0.0 0.0 -0.726 0.22361 994.0 1.51 17.0 56.0 4.0071 0.0 0.0 -1.226 0.22361 993.0 1.6015 16.0 
0.07273 113.60601 99.0 2592.0 3.0 53.0 0.0 -0.8929 2.874 0.0 0.5 1000.0 2.207 16.0 55.0 0.9071 0.0 0.474 0.0 0.5 999.0 2.2069 14.0 56.0 2.6071 0.0 0.0 -1.626 0.42426 997.0 2.0019 12.0 60.0 4.2071 0.0 0.0 -3.026 0.36056 995.0 2.0427 14.0 66.0 5.8071 0.0 0.0 -3.826 0.3 991.0 2.0223 11.0 
0.18373 92.73958 97.0 1415.0 3.0 55.0 0.0 -1.6929 2.774 0.0 0.56569 999.0 2.2069 11.0 55.0 0.6071 0.0 0.574 0.0 0.56569 999.0 2.2069 15.0 55.0 2.7071 0.0 0.0 -1.426 0.42426 998.0 2.0598 13.0 58.0 4.5071 0.0 0.0 -3.026 0.42426 995.0 1.9088 11.0 62.0 6.2071 0.0 0.0 -4.326 0.36056 994.0 2.0664 13.0 
0.22867 59.28963 97.0 1972.0 3.0 48.0 0.0 -2.0929 0.274 0.0 0.36056 1000.0 1.8102 11.0 51.0 0.0 -0.0929 0.0 -0.526 0.4 999.0 1.8976 13.0 59.0 2.0071 0.0 0.0 -0.726 0.41231 996.0 2.0914 11.0 65.0 4.1071 0.0 0.0 -0.926 0.3 993.0 2.1576 9.0 68.0 6.0071 0.0 0.0 -1.226 0.31623 991.0 2.1467 8.0 
0.28076 43.18263 93.0 456.0 3.0 53.0 0.0 -1.8929 2.774 0.0 0.5 1000.0 2.207 16.0 53.0 0.1071 0.0 0.374 0.0 0.42426 999.0 2.0493 15.0 56.0 2.2071 0.0 0.0 -1.326 0.44721 999.0 2.2879 18.0 61.0 4.5071 0.0 0.0 -2.326 0.41231 997.0 2.3753 15.0 65.0 6.8071 0.0 0.0 -2.826 0.41231 995.0 2.3974 13.0 
0.18386 47.30299 80.0 1149.0 3.0 67.0 0.0 -0.8929 5.074 0.0 0.94868 999.0 2.5 12.0 65.0 0.4071 0.0 0.0 -0.126 0.82462 999.0 2.5 11.0 63.0 1.9071 0.0 0.0 -4.426 0.76158 998.0 2.5 10.0 61.0 3.7071 0.0 0.0 -7.726 0.5 997.0 2.3753 13.0 62.0 5.5071 0.0 0.0 -9.926 0.5 994.0 2.0664 11.0 
0.19392 86.89722 208.0 3006.0 3.0 69.0 0.0 -3.9929 0.0 -0.226 0.60828 998.0 2.5 13.0 77.0 0.0 -0.2929 0.0 -0.726 0.60828 994.0 2.5 10.0 84.0 3.4071 0.0 0.0 -1.426 0.60828 992.0 2.5 12.0 85.0 6.5071 0.0 0.0 -2.126 0.5099 987.0 2.5 10.0 85.0 8.9071 0.0 0.0 -2.626 0.41231 983.0 2.4598 9.0 
0.03262 166.63782 99.0 1277.0 3.0 50.0 0.0 -3.2929 1.374 0.0 0.56569 1000.0 1.9642 12.0 55.0 0.0 -0.9929 0.0 -1.126 0.56569 1000.0 2.3767 16.0 56.0 1.3071 0.0 0.0 -3.126 0.42426 998.0 2.1353 14.0 56.0 3.4071 0.0 0.0 -4.326 0.41231 996.0 1.8841 12.0 63.0 5.4071 0.0 0.0 -4.426 0.31623 994.0 2.1336 13.0 
0.00751 130.28802 81.0 2770.0 3.0 63.0 0.0 -3.5929 3.474 0.0 0.86023 1000.0 2.5 12.0 65.0 0.0 -0.9929 0.0 -0.626 0.80623 1000.0 2.5 15.0 67.0 1.7071 0.0 0.0 -4.226 0.64031 998.0 2.5 13.0 69.0 4.2071 0.0 0.0 -7.226 0.56569 996.0 2.5 12.0 76.0 6.7071 0.0 0.0 -9.826 0.56569 993.0 2.5 13.0 
0.49815 14.4498 97.0 2322.0 3.0 51.0 0.0 -1.6929 0.774 0.0 0.31623 997.0 1.6604 12.0 60.0 0.1071 0.0 0.074 0.0 0.41231 996.0 2.1629 14.0 68.0 2.2071 0.0 0.0 -0.626 0.4 992.0 2.249 12.0 72.0 4.3071 0.0 0.0 -0.826 0.3 989.0 2.2062 11.0 75.0 6.2071 0.0 0.0 -0.526 0.36056 987.0 2.2097 10.0 
0.30181 36.19458 104.0 1166.0 3.0 61.0 0.0 -2.2929 1.074 0.0 0.5 998.0 2.5 13.0 63.0 0.0071 0.0 0.0 -0.326 0.44721 995.0 2.2521 11.0 72.0 2.0071 0.0 0.0 -1.226 0.31623 990.0 2.3021 11.0 72.0 3.8071 0.0 0.0 -1.726 0.31623 988.0 2.1179 10.0 75.0 5.4071 0.0 0.0 -2.026 0.2 985.0 2.0519 9.0 
0.1705 208.59279 90.0 1297.0 3.0 78.0 0.0 -1.4929 5.274 0.0 0.9434 998.0 2.5 14.0 73.0 1.6071 0.0 0.974 0.0 0.80623 997.0 2.5 14.0 70.0 4.0071 0.0 0.0 -2.626 0.64031 996.0 2.5 16.0 72.0 6.1071 0.0 0.0 -5.426 0.5 992.0 2.5 13.0 80.0 8.1071 0.0 0.0 -7.626 0.5 988.0 2.5 14.0 
0.07308 171.69251 100.0 1750.0 3.0 44.0 0.0 -0.1929 2.574 0.0 0.28284 998.0 1.3183 13.0 52.0 1.0071 0.0 1.174 0.0 0.28284 996.0 1.6246 11.0 61.0 2.2071 0.0 0.0 -0.326 0.28284 993.0 1.9003 13.0 74.0 3.6071 0.0 0.0 -1.726 0.22361 986.0 2.0715 10.0 87.0 5.1071 0.0 0.0 -2.726 0.31623 978.0 2.2088 8.0 
0.29005 42.04636 103.0 168.0 3.0 59.0 0.0 -2.5929 1.274 0.0 0.5 997.0 2.2221 13.0 65.0 0.0 -0.1929 0.0 -0.326 0.36056 994.0 2.2712 11.0 73.0 1.9071 0.0 0.0 -1.326 0.41231 990.0 2.3665 11.0 73.0 3.8071 0.0 0.0 -1.926 0.22361 988.0 2.1772 10.0 79.0 5.3071 0.0 0.0 -2.526 0.28284 982.0 2.0563 9.0 
0.07969 150.73401 93.0 1597.0 3.0 59.0 0.0 -3.0929 0.0 -0.926 0.5099 997.0 2.2221 13.0 67.0 0.0 -0.2929 0.0 -1.326 0.41231 994.0 2.4131 11.0 78.0 2.3071 0.0 0.0 -1.826 0.41231 989.0 2.5 11.0 82.0 4.7071 0.0 0.0 -2.126 0.41231 986.0 2.5 10.0 87.0 7.0071 0.0 0.0 -2.326 0.4 982.0 2.4938 9.0 
0.10667 137.92644 117.0 2129.0 3.0 50.0 0.0 -0.6929 1.674 0.0 0.22361 996.0 1.502 15.0 53.0 0.4071 0.0 1.174 0.0 0.2 995.0 1.5939 13.0 57.0 1.4071 0.0 0.774 0.0 0.22361 992.0 1.5802 12.0 60.0 2.4071 0.0 0.274 0.0 0.22361 991.0 1.6713 11.0 62.0 3.4071 0.0 0.0 -0.226 0.22361 990.0 1.707 11.0 
0.04443 186.5357 101.0 2807.0 3.0 62.0 0.0 -1.1929 2.874 0.0 0.44721 994.0 2.0664 10.0 73.0 0.8071 0.0 1.474 0.0 0.31623 990.0 2.3665 11.0 82.0 2.7071 0.0 0.474 0.0 0.31623 984.0 2.3682 9.0 90.0 4.5071 0.0 0.0 -0.226 0.31623 976.0 2.236 8.0 91.0 6.0071 0.0 0.0 -0.626 0.2 973.0 2.1145 7.0 
0.17946 25.09838 173.0 720.0 3.0 32.0 0.0 -0.5929 0.274 0.0 0.14142 1001.0 1.0 26.0 34.0 0.0071 0.0 0.0 -0.226 0.22361 1000.0 1.0 26.0 38.0 0.7071 0.0 0.0 -0.726 0.1 999.0 1.0535 23.0 39.0 1.3071 0.0 0.0 -0.826 0.1 998.0 1.0357 21.0 38.0 1.7071 0.0 0.0 -0.626 0.1 998.0 1.0 21.0 
0.09391 139.82063 98.0 378.0 3.0 55.0 0.0 -0.8929 3.174 0.0 0.5 999.0 2.2069 19.0 60.0 0.9071 0.0 0.874 0.0 0.5 997.0 2.2981 16.0 62.0 2.8071 0.0 0.0 -0.926 0.42426 996.0 2.3095 15.0 62.0 4.7071 0.0 0.0 -2.526 0.36056 995.0 2.1812 14.0 60.0 6.3071 0.0 0.0 -3.726 0.36056 995.0 2.0427 13.0 
0.15192 183.67688 91.0 2477.0 3.0 76.0 0.0 -2.4929 0.0 -1.626 0.5099 989.0 2.4581 12.0 92.0 0.3071 0.0 0.0 -1.626 0.41231 979.0 2.5 11.0 100.0 2.8071 0.0 0.0 -1.226 0.41231 970.0 2.3753 10.0 128.0 5.2071 0.0 0.0 -1.126 0.4 942.0 2.3569 7.0 151.0 7.6071 0.0 0.0 -1.426 0.4 920.0 2.5 6.0 
0.28747 2.99167 104.0 666.0 3.0 46.0 0.0 -0.9929 0.974 0.0 0.28284 997.0 1.3508 12.0 53.0 0.0071 0.0 0.0 -0.026 0.22361 996.0 1.6877 14.0 57.0 1.1071 0.0 0.0 -0.626 0.22361 994.0 1.7465 13.0 61.0 2.4071 0.0 0.0 -0.926 0.22361 992.0 1.8098 12.0 66.0 3.8071 0.0 0.0 -1.026 0.2 990.0 1.9344 11.0 
0.41448 2.99167 141.0 1164.0 3.0 49.0 0.0 -1.3929 0.0 -0.326 0.22361 997.0 1.5327 13.0 50.0 0.0071 0.0 0.0 -0.026 0.22361 994.0 1.3439 11.0 52.0 1.1071 0.0 0.474 0.0 0.1 993.0 1.3809 13.0 60.0 1.9071 0.0 0.974 0.0 0.14142 988.0 1.4708 11.0 75.0 2.6071 0.0 1.774 0.0 0.14142 981.0 1.7954 11.0 
0.1259 70.24699 97.0 2123.0 3.0 68.0 0.0 -2.3929 0.974 0.0 0.42426 994.0 2.4857 10.0 78.0 0.0 -0.0929 0.0 -0.626 0.36056 987.0 2.39 8.0 98.0 2.1071 0.0 0.0 -1.526 0.41231 972.0 2.3925 7.0 105.0 4.2071 0.0 0.0 -1.926 0.31623 965.0 2.346 7.0 113.0 6.1071 0.0 0.0 -2.226 0.31623 951.0 2.1035 4.0 
0.12494 187.25955 111.0 2045.0 3.0 60.0 0.0 -1.3929 2.374 0.0 0.44721 995.0 2.0427 15.0 65.0 0.6071 0.0 1.574 0.0 0.31623 993.0 2.1576 16.0 70.0 2.1071 0.0 1.074 0.0 0.2 987.0 1.9249 13.0 72.0 3.2071 0.0 0.974 0.0 0.2 984.0 1.8258 12.0 79.0 4.2071 0.0 1.174 0.0 0.2 979.0 1.8748 11.0 
0.03872 262.51785 94.0 2341.0 3.0 52.0 0.3071 0.0 3.874 0.0 0.5831 1000.0 2.1245 12.0 51.0 2.1071 0.0 1.074 0.0 0.44721 999.0 1.8976 11.0 53.0 3.6071 0.0 0.0 -1.426 0.5831 998.0 1.9127 10.0 57.0 5.1071 0.0 0.0 -3.926 0.5 998.0 2.2123 13.0 62.0 6.5071 0.0 0.0 -6.326 0.44721 995.0 2.1812 11.0 
0.15776 53.94034 115.0 150.0 3.0 49.0 0.0 -2.0929 1.474 0.0 0.36056 1000.0 1.8864 16.0 50.0 0.1071 0.0 0.474 0.0 0.31623 999.0 1.8239 15.0 51.0 2.1071 0.0 0.0 -0.326 0.31623 999.0 1.8976 18.0 55.0 3.7071 0.0 0.0 -1.026 0.31623 996.0 1.8174 14.0 55.0 5.0071 0.0 0.0 -1.626 0.1 994.0 1.6261 13.0 
0.08527 183.86527 95.0 2292.0 3.0 45.0 0.2071 0.0 3.274 0.0 0.44721 1000.0 1.591 13.0 46.0 1.4071 0.0 0.874 0.0 0.44721 1000.0 1.6625 11.0 50.0 2.8071 0.0 0.0 -1.326 0.44721 999.0 1.8239 15.0 58.0 4.4071 0.0 0.0 -3.626 0.42426 997.0 2.1474 13.0 66.0 6.4071 0.0 0.0 -5.826 0.56569 995.0 2.4717 11.0 
0.27109 19.33007 124.0 2915.0 3.0 43.0 0.0 -0.8929 0.974 0.0 0.22361 998.0 1.259 14.0 45.0 0.0071 0.0 0.174 0.0 0.22361 998.0 1.3789 16.0 50.0 1.0071 0.0 0.174 0.0 0.22361 995.0 1.4186 14.0 57.0 2.0071 0.0 0.874 0.0 0.14142 993.0 1.6592 12.0 63.0 2.9071 0.0 1.774 0.0 0.28284 990.0 1.7625 11.0 
0.16164 102.31686 89.0 665.0 3.0 54.0 0.0 -3.3929 0.0 -0.326 0.5831 1002.0 2.5 23.0 59.0 0.0 -0.2929 0.874 0.0 0.5099 1000.0 2.5 20.0 62.0 2.9071 0.0 1.374 0.0 0.5099 1000.0 2.5 18.0 59.0 5.8071 0.0 1.874 0.0 0.5099 999.0 2.5 18.0 56.0 8.3071 0.0 2.574 0.0 0.41231 999.0 2.2879 17.0 
0.06152 254.57763 136.0 611.0 3.0 40.0 1.8071 0.0 1.674 0.0 0.1 996.0 1.0 15.0 45.0 1.9071 0.0 1.274 0.0 0.14142 995.0 1.149 14.0 51.0 2.3071 0.0 0.774 0.0 0.1 993.0 1.3283 13.0 55.0 2.7071 0.0 0.074 0.0 0.22361 992.0 1.4713 12.0 58.0 3.2071 0.0 0.0 -0.626 0.14142 990.0 1.4939 11.0 
0.24888 43.18263 106.0 2268.0 3.0 59.0 0.0 -0.7929 1.174 0.0 0.22361 987.0 1.3675 9.0 63.0 0.1071 0.0 0.374 0.0 0.22361 984.0 1.3979 8.0 71.0 1.1071 0.0 0.0 -0.326 0.22361 979.0 1.5143 8.0 108.0 2.2071 0.0 0.0 -1.026 0.28284 953.0 1.9855 7.0 132.0 3.7071 0.0 0.0 -1.826 0.31623 934.0 2.2527 6.0 
0.41214 91.64638 97.0 1182.0 3.0 74.0 0.0 -1.9929 4.174 0.0 0.86023 999.0 2.5 11.0 66.0 0.8071 0.0 0.174 0.0 0.72111 998.0 2.5 10.0 58.0 3.0071 0.0 0.0 -2.626 0.56569 998.0 2.2906 10.0 57.0 4.9071 0.0 0.0 -4.526 0.42426 996.0 1.952 12.0 62.0 6.5071 0.0 0.0 -6.126 0.36056 992.0 1.8696 10.0 
0.09579 137.92644 92.0 1908.0 3.0 51.0 0.0 -1.5929 2.074 0.0 0.44721 999.0 1.8976 14.0 53.0 0.4071 0.0 1.174 0.0 0.31623 997.0 1.7931 12.0 63.0 2.5071 0.0 0.474 0.0 0.41231 995.0 2.2521 14.0 74.0 4.8071 0.0 0.0 -0.126 0.5099 991.0 2.5 11.0 83.0 7.3071 0.0 0.0 -0.926 0.53852 987.0 2.5 10.0 
0.09943 218.21274 95.0 1884.0 3.0 42.0 0.8071 0.0 3.274 0.0 0.44721 1000.0 1.3859 12.0 49.0 1.8071 0.0 0.774 0.0 0.44721 999.0 1.7517 11.0 54.0 3.1071 0.0 0.0 -1.926 0.44721 998.0 1.9855 14.0 57.0 4.6071 0.0 0.0 -4.426 0.5 996.0 1.952 12.0 62.0 6.2071 0.0 0.0 -6.526 0.5 993.0 1.9631 11.0 
0.34279 46.71062 98.0 2100.0 3.0 78.0 0.0 -3.1929 0.0 -0.126 0.6 991.0 2.5 9.0 95.0 0.0 -0.1929 0.374 0.0 0.53852 980.0 2.5 9.0 99.0 2.3071 0.0 1.174 0.0 0.31623 973.0 2.5 7.0 99.0 4.3071 0.0 1.674 0.0 0.31623 971.0 2.3834 7.0 91.0 6.1071 0.0 2.074 0.0 0.31623 976.0 2.2859 8.0 
0.18278 39.17945 103.0 1860.0 3.0 51.0 0.0 -0.6929 2.174 0.0 0.44721 998.0 1.7711 14.0 49.0 0.3071 0.0 0.174 0.0 0.36056 997.0 1.5327 13.0 52.0 1.3071 0.0 0.0 -1.326 0.28284 995.0 1.5343 11.0 56.0 2.5071 0.0 0.0 -2.326 0.22361 994.0 1.6858 13.0 65.0 3.9071 0.0 0.0 -2.626 0.2 990.0 1.8762 11.0 
0.1021 237.10303 99.0 2940.0 3.0 56.0 0.0 -1.8929 0.0 -1.826 0.31623 996.0 1.8841 12.0 63.0 0.2071 0.0 0.0 -2.126 0.3 993.0 2.0269 10.0 78.0 2.2071 0.0 0.0 -1.626 0.36056 987.0 2.39 10.0 83.0 4.0071 0.0 0.0 -0.426 0.36056 984.0 2.4263 9.0 81.0 5.7071 0.0 0.774 0.0 0.36056 985.0 2.3933 9.0 
0.09765 210.50196 87.0 2463.0 3.0 86.0 0.0 -2.2929 6.774 0.0 1.16619 999.0 2.5 11.0 82.0 1.3071 0.0 1.374 0.0 0.92195 997.0 2.5 9.0 78.0 4.5071 0.0 0.0 -2.626 0.70711 996.0 2.5 11.0 78.0 7.1071 0.0 0.0 -5.826 0.56569 991.0 2.5 9.0 85.0 9.0071 0.0 0.0 -8.326 0.5 985.0 2.5 10.0 
0.04156 181.10923 107.0 2320.0 3.0 50.0 0.0 -2.6929 0.0 -0.026 0.42426 998.0 1.7023 10.0 53.0 0.0 -0.7929 0.0 -1.426 0.36056 997.0 1.7931 9.0 56.0 1.0071 0.0 0.0 -2.426 0.36056 995.0 1.7795 11.0 62.0 2.5071 0.0 0.0 -3.226 0.22361 989.0 1.6359 9.0 76.0 3.8071 0.0 0.0 -3.626 0.2 982.0 1.903 9.0 
0.25156 108.43208 84.0 1790.0 3.0 64.0 0.0 -1.0929 4.874 0.0 0.76158 1000.0 2.5 12.0 61.0 0.7071 0.0 0.674 0.0 0.76158 999.0 2.5 11.0 59.0 2.2071 0.0 0.0 -3.026 0.67082 999.0 2.5 15.0 60.0 3.7071 0.0 0.0 -6.126 0.5 998.0 2.4513 13.0 62.0 5.3071 0.0 0.0 -8.426 0.42426 995.0 2.1812 11.0 
0.06972 180.78034 103.0 944.0 3.0 64.0 0.0 -3.0929 0.0 -1.226 0.60828 997.0 2.5 13.0 66.0 0.0 -0.0929 0.0 -1.626 0.4 994.0 2.3416 11.0 72.0 2.3071 0.0 0.0 -1.726 0.41231 991.0 2.4067 11.0 77.0 4.3071 0.0 0.0 -1.926 0.22361 985.0 2.1628 10.0 82.0 5.8071 0.0 0.0 -2.126 0.2 979.0 2.0199 8.0 
0.30845 43.18263 90.0 1841.0 3.0 53.0 0.0 -2.0929 2.974 0.0 0.56569 1000.0 2.207 17.0 55.0 0.1071 0.0 0.374 0.0 0.64031 999.0 2.2069 16.0 58.0 2.2071 0.0 0.0 -2.426 0.5831 998.0 2.2906 15.0 60.0 4.2071 0.0 0.0 -5.126 0.5 998.0 2.4513 17.0 63.0 6.1071 0.0 0.0 -7.426 0.42426 995.0 2.2521 15.0 
0.0537 242.2453 123.0 2003.0 3.0 36.0 0.0 -1.6929 0.0 -1.626 0.22361 1000.0 1.0182 16.0 40.0 0.0 -0.4929 0.0 -2.126 0.22361 999.0 1.1673 15.0 46.0 0.7071 0.0 0.0 -2.426 0.2 998.0 1.4408 17.0 52.0 1.9071 0.0 0.0 -2.426 0.2 996.0 1.6246 14.0 51.0 3.1071 0.0 0.0 -2.326 0.2 996.0 1.5627 14.0 
0.03327 142.78701 107.0 228.0 3.0 54.0 0.0 -3.9929 0.974 0.0 0.5831 1001.0 2.4819 19.0 56.0 0.0 -0.8929 0.0 -0.926 0.5 1000.0 2.4639 17.0 52.0 1.6071 0.0 0.0 -2.626 0.44721 1000.0 2.1245 21.0 50.0 3.8071 0.0 0.0 -3.526 0.36056 999.0 1.8239 19.0 49.0 5.4071 0.0 0.0 -4.226 0.28284 997.0 1.5327 16.0 
0.14974 153.32256 107.0 1806.0 3.0 49.0 0.5071 0.0 0.0 -2.226 0.31623 995.0 1.3624 15.0 58.0 1.1071 0.0 0.0 -0.826 0.28284 990.0 1.4939 12.0 71.0 2.0071 0.0 0.374 0.0 0.28284 985.0 1.8388 13.0 89.0 3.1071 0.0 1.474 0.0 0.22361 973.0 2.0226 10.0 107.0 4.2071 0.0 2.174 0.0 0.31623 957.0 2.0882 8.0 
0.08279 112.1609 99.0 1663.0 3.0 42.0 0.0 -1.0929 2.574 0.0 0.36056 1001.0 1.5014 19.0 44.0 0.5071 0.0 0.874 0.0 0.36056 1001.0 1.6478 17.0 45.0 2.1071 0.0 0.0 -0.426 0.36056 1000.0 1.591 15.0 47.0 3.8071 0.0 0.0 -1.326 0.28284 999.0 1.6116 16.0 53.0 5.4071 0.0 0.0 -1.826 0.3 997.0 1.7931 16.0 
0.08218 210.35676 111.0 2996.0 3.0 39.0 0.0 -0.9929 0.0 -2.126 0.3 1000.0 1.195 16.0 44.0 0.5071 0.0 0.0 -1.826 0.31623 999.0 1.4124 14.0 49.0 1.9071 0.0 0.0 -1.526 0.22361 997.0 1.5327 15.0 50.0 3.1071 0.0 0.0 -1.326 0.1 996.0 1.502 14.0 53.0 4.1071 0.0 0.0 -1.326 0.2 995.0 1.5939 13.0 
0.34859 73.93353 91.0 1284.0 3.0 61.0 0.0 -1.8929 3.374 0.0 0.64031 999.0 2.5 11.0 60.0 0.6071 0.0 0.274 0.0 0.64031 999.0 2.5 11.0 60.0 2.9071 0.0 0.0 -2.526 0.64031 999.0 2.5 14.0 62.0 5.0071 0.0 0.0 -5.126 0.5831 996.0 2.3095 12.0 68.0 6.9071 0.0 0.0 -7.526 0.5 993.0 2.3614 10.0 
0.28795 2.99167 85.0 34.0 3.0 40.0 0.0 -1.7929 0.874 0.0 0.31623 1001.0 1.3618 18.0 44.0 0.0071 0.0 0.0 -0.026 0.31623 1001.0 1.6478 22.0 49.0 1.7071 0.0 0.0 -0.826 0.31623 1000.0 1.8864 18.0 49.0 3.4071 0.0 0.0 -1.526 0.22361 999.0 1.7517 17.0 48.0 4.8071 0.0 0.0 -2.126 0.31623 999.0 1.6809 16.0 
0.16469 92.42951 107.0 687.0 3.0 62.0 0.0 -2.1929 2.974 0.0 0.56569 999.0 2.5 14.0 60.0 0.3071 0.0 0.774 0.0 0.5 998.0 2.4513 13.0 62.0 2.4071 0.0 0.0 -0.826 0.36056 996.0 2.3095 14.0 62.0 4.1071 0.0 0.0 -1.626 0.22361 993.0 1.9631 12.0 62.0 5.5071 0.0 0.0 -1.826 0.2 991.0 1.7846 11.0 
0.30746 23.16855 98.0 2597.0 3.0 63.0 0.0 -2.2929 2.874 0.0 0.64031 1000.0 2.5 12.0 57.0 0.2071 0.0 0.0 -0.026 0.64031 999.0 2.3703 11.0 53.0 2.3071 0.0 0.0 -2.426 0.42426 998.0 1.9127 10.0 53.0 4.0071 0.0 0.0 -4.226 0.42426 996.0 1.6877 9.0 57.0 5.5071 0.0 0.0 -5.926 0.36056 995.0 1.8436 11.0 
0.25291 17.37652 98.0 2407.0 3.0 40.0 0.0 -0.8929 0.574 0.0 0.14142 997.0 1.0214 13.0 45.0 0.0 -0.0929 0.0 -0.126 0.22361 995.0 1.149 12.0 56.0 1.0071 0.0 0.0 -0.726 0.22361 992.0 1.5252 13.0 70.0 2.5071 0.0 0.0 -1.126 0.31623 989.0 2.0853 14.0 90.0 4.6071 0.0 0.0 -1.326 0.41231 981.0 2.5 11.0 
0.33599 78.91674 92.0 1319.0 3.0 66.0 0.0 -1.6929 3.874 0.0 0.80623 1000.0 2.5 15.0 64.0 0.7071 0.0 0.074 0.0 0.72111 999.0 2.5 15.0 62.0 3.1071 0.0 0.0 -3.126 0.56569 999.0 2.5 14.0 64.0 5.3071 0.0 0.0 -5.626 0.5 996.0 2.4609 12.0 67.0 7.5071 0.0 0.0 -7.326 0.36056 992.0 2.1833 10.0 
0.29089 63.97938 92.0 3119.0 3.0 56.0 0.0 -1.9929 3.474 0.0 0.64031 1001.0 2.5 18.0 58.0 0.5071 0.0 0.274 0.0 0.64031 1001.0 2.5 17.0 59.0 2.8071 0.0 0.0 -2.626 0.56569 1000.0 2.5 15.0 60.0 5.0071 0.0 0.0 -5.226 0.56569 998.0 2.4513 13.0 64.0 7.1071 0.0 0.0 -7.526 0.42426 997.0 2.5 15.0 
0.08776 172.16692 96.0 530.0 3.0 58.0 0.0 -0.2929 3.874 0.0 0.53852 997.0 2.1474 10.0 56.0 1.2071 0.0 0.974 0.0 0.5 997.0 2.0019 13.0 60.0 2.8071 0.0 0.0 -1.526 0.5 995.0 2.0427 12.0 68.0 4.5071 0.0 0.0 -3.826 0.42426 991.0 2.1467 10.0 79.0 6.3071 0.0 0.0 -5.826 0.5 985.0 2.2766 10.0 
0.13578 35.06378 155.0 2563.0 3.0 34.0 0.3071 0.0 1.074 0.0 0.2 999.0 1.0 15.0 34.0 0.3071 0.0 0.074 0.0 0.2 999.0 1.0 15.0 36.0 0.5071 0.0 0.0 -0.726 0.22361 997.0 1.0 14.0 40.0 0.9071 0.0 0.0 -1.226 0.1 995.0 1.0 12.0 44.0 1.2071 0.0 0.0 -1.526 0.1 992.0 1.0 10.0 
0.04558 101.5299 94.0 1003.0 3.0 69.0 0.0 -3.8929 1.174 0.0 0.72111 999.0 2.5 11.0 66.0 0.0 -0.3929 0.0 -0.826 0.5831 998.0 2.5 14.0 65.0 2.5071 0.0 0.0 -2.426 0.5 996.0 2.5 12.0 68.0 4.8071 0.0 0.0 -3.926 0.44721 994.0 2.4857 13.0 75.0 6.8071 0.0 0.0 -5.126 0.44721 988.0 2.2981 10.0 
0.46699 52.6199 103.0 455.0 3.0 69.0 0.0 -2.0929 0.974 0.0 0.31623 990.0 2.1142 12.0 81.0 0.0071 0.0 0.474 0.0 0.3 984.0 2.3108 12.0 88.0 1.9071 0.0 0.174 0.0 0.3 978.0 2.2599 11.0 100.0 3.5071 0.0 0.0 -0.026 0.31623 968.0 2.2697 9.0 98.0 5.1071 0.0 0.0 -0.326 0.31623 969.0 2.2294 9.0 
0.0788 161.73528 81.0 2450.0 3.0 40.0 0.0 -0.4929 2.374 0.0 0.36056 1001.0 1.3618 16.0 42.0 0.7071 0.0 1.274 0.0 0.22361 1000.0 1.3859 17.0 49.0 1.9071 0.0 0.474 0.0 0.31623 998.0 1.6349 16.0 55.0 3.4071 0.0 0.0 -0.126 0.2 996.0 1.8174 14.0 58.0 5.1071 0.0 0.0 -0.426 0.3 996.0 2.0211 14.0 
0.15505 82.21395 127.0 1207.0 3.0 42.0 0.0 -1.0929 1.674 0.0 0.36056 1000.0 1.3859 21.0 42.0 0.3071 0.0 0.674 0.0 0.31623 1000.0 1.3859 20.0 42.0 1.6071 0.0 0.0 -0.126 0.22361 999.0 1.2869 19.0 45.0 2.7071 0.0 0.0 -0.726 0.14142 998.0 1.3789 21.0 53.0 3.6071 0.0 0.0 -1.526 0.14142 995.0 1.5939 17.0 
0.21886 61.36266 103.0 772.0 3.0 53.0 0.0 -1.7929 2.774 0.0 0.64031 1001.0 2.3909 17.0 53.0 0.4071 0.0 0.374 0.0 0.5 1000.0 2.207 15.0 52.0 2.4071 0.0 0.0 -1.626 0.42426 999.0 1.9727 15.0 52.0 4.1071 0.0 0.0 -3.226 0.36056 998.0 1.8412 17.0 55.0 5.5071 0.0 0.0 -4.426 0.22361 996.0 1.8174 14.0 
0.03035 281.20238 118.0 3004.0 3.0 53.0 0.0 -2.4929 0.0 -2.626 0.4 998.0 1.9127 13.0 58.0 0.0 -0.1929 0.0 -2.526 0.4 996.0 2.0211 13.0 67.0 1.9071 0.0 0.0 -2.526 0.31623 992.0 2.1833 12.0 63.0 3.5071 0.0 0.0 -2.326 0.2 991.0 1.8426 12.0 63.0 4.6071 0.0 0.0 -2.026 0.14142 989.0 1.6891 11.0 
0.0408 239.20143 96.0 2828.0 3.0 57.0 0.0 -0.2929 4.374 0.0 0.5831 1000.0 2.5 12.0 58.0 1.8071 0.0 1.174 0.0 0.64031 999.0 2.4542 11.0 57.0 3.8071 0.0 0.0 -1.626 0.5 998.0 2.2123 10.0 58.0 5.5071 0.0 0.0 -4.026 0.36056 997.0 2.1474 12.0 62.0 6.9071 0.0 0.0 -6.026 0.36056 993.0 1.9631 10.0 
0.38486 94.52394 68.0 327.0 3.0 50.0 0.0 -2.7929 0.0 -1.426 0.5 1002.0 2.3213 19.0 54.0 0.2071 0.0 0.0 -0.826 0.5099 1002.0 2.5 23.0 56.0 3.0071 0.0 0.074 0.0 0.44721 1000.0 2.4639 19.0 55.0 5.5071 0.0 0.974 0.0 0.31623 1000.0 2.3767 18.0 51.0 7.5071 0.0 1.474 0.0 0.31623 999.0 1.8976 17.0 
0.05155 273.31587 94.0 1191.0 3.0 66.0 0.0071 0.0 5.374 0.0 0.80623 1000.0 2.5 12.0 61.0 2.1071 0.0 1.274 0.0 0.67082 999.0 2.5 11.0 57.0 3.7071 0.0 0.0 -1.926 0.5831 998.0 2.2123 10.0 58.0 5.2071 0.0 0.0 -4.426 0.5 997.0 2.1474 12.0 65.0 6.7071 0.0 0.0 -6.626 0.5 993.0 2.1576 10.0 
0.02803 181.10923 99.0 2133.0 3.0 58.0 0.0 -3.1929 0.574 0.0 0.56569 997.0 2.1474 10.0 63.0 0.0 -0.7929 0.0 -1.426 0.44721 996.0 2.3846 12.0 70.0 1.6071 0.0 0.0 -2.826 0.44721 992.0 2.3832 9.0 78.0 3.8071 0.0 0.0 -3.826 0.36056 984.0 2.1428 7.0 96.0 5.7071 0.0 0.0 -4.626 0.22361 971.0 2.2412 7.0 
0.31766 109.18961 90.0 2879.0 3.0 78.0 0.0 -2.3929 2.174 0.0 0.53852 990.0 2.5 9.0 88.0 0.6071 0.0 0.774 0.0 0.53852 985.0 2.5 10.0 105.0 3.5071 0.0 0.0 -0.226 0.41231 969.0 2.5 7.0 122.0 6.0071 0.0 0.0 -0.826 0.41231 951.0 2.452 6.0 126.0 8.1071 0.0 0.0 -1.226 0.31623 946.0 2.4202 5.0 
0.20781 119.15354 91.0 2325.0 3.0 73.0 0.0 -1.6929 2.874 0.0 0.56569 996.0 2.5 14.0 74.0 0.9071 0.0 0.574 0.0 0.5 994.0 2.5 13.0 73.0 3.4071 0.0 0.0 -1.426 0.5 994.0 2.5 13.0 69.0 5.6071 0.0 0.0 -3.326 0.56569 995.0 2.5 13.0 64.0 7.7071 0.0 0.0 -5.326 0.5 996.0 2.4609 15.0 
0.20418 149.12413 89.0 1468.0 3.0 63.0 0.0 -2.3929 3.374 0.0 0.64031 1000.0 2.5 16.0 64.0 0.8071 0.0 1.074 0.0 0.5831 999.0 2.5 14.0 65.0 3.7071 0.0 0.0 -0.926 0.5 998.0 2.5 15.0 69.0 6.3071 0.0 0.0 -2.726 0.5 995.0 2.5 14.0 71.0 8.6071 0.0 0.0 -4.226 0.42426 993.0 2.5 12.0 
0.04056 76.96603 81.0 724.0 3.0 73.0 0.0 -2.9929 4.874 0.0 0.98489 999.0 2.5 11.0 68.0 0.0 -0.6929 0.0 -0.026 0.80623 998.0 2.5 10.0 68.0 1.6071 0.0 0.0 -3.826 0.67082 996.0 2.5 9.0 73.0 3.8071 0.0 0.0 -7.226 0.72111 994.0 2.5 11.0 79.0 5.9071 0.0 0.0 -10.126 0.5 988.0 2.5 8.0 
0.02556 166.06974 116.0 779.0 3.0 55.0 0.0 -2.7929 0.674 0.0 0.5 998.0 2.0598 10.0 57.0 0.0 -0.6929 0.0 -1.326 0.42426 997.0 2.074 11.0 59.0 1.2071 0.0 0.0 -2.526 0.36056 994.0 1.8713 11.0 65.0 2.9071 0.0 0.0 -3.226 0.3 988.0 1.7261 8.0 80.0 4.3071 0.0 0.0 -3.526 0.2 980.0 1.9808 9.0 
0.0926 147.73872 94.0 3083.0 3.0 48.0 0.1071 0.0 1.674 0.0 0.14142 997.0 1.4708 15.0 49.0 0.9071 0.0 0.974 0.0 0.22361 996.0 1.4425 14.0 48.0 1.7071 0.0 0.374 0.0 0.1 996.0 1.3843 14.0 45.0 2.2071 0.0 0.174 0.0 0.1 996.0 1.2166 14.0 44.0 2.6071 0.0 0.274 0.0 0.1 996.0 1.1632 14.0 
0.22639 92.42951 96.0 2741.0 3.0 61.0 0.0 -2.3929 2.874 0.0 0.70711 999.0 2.5 20.0 59.0 0.3071 0.0 0.774 0.0 0.5 998.0 2.3703 18.0 59.0 2.6071 0.0 0.0 -0.726 0.44721 997.0 2.2221 21.0 62.0 4.6071 0.0 0.0 -2.026 0.36056 995.0 2.1812 18.0 62.0 6.4071 0.0 0.0 -3.326 0.42426 995.0 2.1812 17.0 
0.35891 102.82857 88.0 2238.0 3.0 75.0 0.0 -2.6929 3.574 0.0 0.70711 996.0 2.5 15.0 80.0 0.3071 0.0 0.874 0.0 0.67082 994.0 2.5 13.0 85.0 3.5071 0.0 0.0 -1.026 0.67082 991.0 2.5 11.0 81.0 6.6071 0.0 0.0 -2.726 0.5 991.0 2.5 11.0 75.0 9.0071 0.0 0.0 -4.426 0.5 992.0 2.5 12.0 
0.0991 191.53424 88.0 1664.0 3.0 64.0 0.0 -2.7929 3.874 0.0 0.72111 1001.0 2.5 17.0 63.0 0.7071 0.0 1.574 0.0 0.67082 1000.0 2.5 15.0 63.0 3.9071 0.0 0.0 -0.226 0.5 999.0 2.5 18.0 64.0 6.5071 0.0 0.0 -1.826 0.44721 997.0 2.5 15.0 63.0 8.8071 0.0 0.0 -3.126 0.36056 996.0 2.3846 14.0 
0.04336 221.02456 107.0 1613.0 3.0 49.0 0.0 -3.3929 0.0 -0.826 0.41231 1001.0 2.0436 18.0 48.0 0.0 -0.9929 0.0 -1.726 0.44721 1000.0 1.8102 16.0 48.0 1.1071 0.0 0.0 -2.826 0.31623 999.0 1.6809 15.0 49.0 2.9071 0.0 0.0 -3.626 0.22361 998.0 1.6349 17.0 52.0 4.4071 0.0 0.0 -4.126 0.31623 996.0 1.6246 15.0 
0.06935 98.73925 118.0 1643.0 3.0 48.0 0.2071 0.0 2.574 0.0 0.41231 999.0 1.6809 11.0 43.0 0.8071 0.0 0.374 0.0 0.31623 998.0 1.259 10.0 39.0 1.3071 0.0 0.0 -1.126 0.22361 999.0 1.1096 14.0 40.0 1.8071 0.0 0.0 -2.026 0.14142 997.0 1.0214 12.0 42.0 2.3071 0.0 0.0 -2.426 0.1 996.0 1.0598 12.0 
0.07221 199.84274 101.0 2929.0 3.0 34.0 0.0 -0.0929 2.274 0.0 0.1 999.0 1.0 10.0 41.0 0.3071 0.0 1.774 0.0 0.2 997.0 1.0731 12.0 53.0 1.3071 0.0 1.774 0.0 0.2 995.0 1.5939 10.0 65.0 2.9071 0.0 2.174 0.0 0.31623 992.0 2.0549 9.0 70.0 4.9071 0.0 3.174 0.0 0.36056 992.0 2.3832 9.0 
0.04437 176.88004 113.0 2265.0 3.0 56.0 0.0 -0.5929 2.574 0.0 0.28284 995.0 1.7795 14.0 68.0 0.8071 0.0 1.374 0.0 0.36056 990.0 2.0534 11.0 74.0 2.2071 0.0 0.174 0.0 0.31623 986.0 2.0715 10.0 81.0 3.7071 0.0 0.0 -0.726 0.28284 982.0 2.1617 9.0 85.0 5.1071 0.0 0.0 -1.526 0.28284 978.0 2.1084 8.0 
0.11126 56.47123 99.0 2572.0 3.0 51.0 0.0 -2.1929 2.874 0.0 0.53852 1000.0 2.0435 17.0 54.0 0.0 -0.4929 0.0 -0.126 0.5 999.0 2.1274 15.0 57.0 1.5071 0.0 0.0 -2.726 0.42426 998.0 2.2123 14.0 59.0 3.5071 0.0 0.0 -4.726 0.44721 997.0 2.2221 16.0 61.0 5.5071 0.0 0.0 -5.926 0.31623 994.0 2.0003 14.0 
0.06917 219.05074 94.0 2196.0 3.0 68.0 0.0 -0.4929 3.574 0.0 0.5 996.0 2.5 14.0 69.0 1.5071 0.0 1.274 0.0 0.5 994.0 2.5 13.0 68.0 3.4071 0.0 0.0 -0.526 0.42426 994.0 2.4857 13.0 66.0 5.3071 0.0 0.0 -1.826 0.36056 994.0 2.3416 12.0 62.0 7.1071 0.0 0.0 -2.726 0.3 994.0 2.0664 13.0 
0.09058 158.13844 125.0 657.0 3.0 35.0 0.0 -0.4929 2.174 0.0 0.22361 1001.0 1.0427 18.0 40.0 0.8071 0.0 1.174 0.0 0.22361 1000.0 1.2571 21.0 43.0 2.1071 0.0 0.474 0.0 0.22361 999.0 1.3489 19.0 45.0 3.3071 0.0 0.0 -0.126 0.1 998.0 1.3789 17.0 45.0 4.3071 0.0 0.0 -0.526 0.22361 997.0 1.2927 16.0 
0.1614 58.39132 106.0 1799.0 3.0 51.0 0.0 -1.4929 0.0 -0.226 0.3 996.0 1.5627 12.0 58.0 0.0071 0.0 0.0 -0.526 0.22361 993.0 1.7179 13.0 68.0 1.4071 0.0 0.0 -0.826 0.2 988.0 1.8891 11.0 77.0 2.8071 0.0 0.0 -0.926 0.31623 983.0 2.0186 9.0 87.0 4.4071 0.0 0.0 -1.226 0.22361 977.0 2.1474 8.0 
0.1577 113.4443 86.0 193.0 3.0 47.0 0.9071 0.0 3.374 0.0 0.5 1000.0 1.7355 12.0 49.0 1.0071 0.0 0.174 0.0 0.5 999.0 1.7517 11.0 50.0 1.6071 0.0 0.0 -2.726 0.41231 998.0 1.7023 10.0 54.0 2.8071 0.0 0.0 -5.226 0.42426 997.0 1.8615 9.0 61.0 4.4071 0.0 0.0 -7.426 0.42426 995.0 2.1114 11.0 
0.03995 198.15681 86.0 134.0 3.0 55.0 0.0 -0.8929 3.174 0.0 0.42426 999.0 2.2069 17.0 62.0 1.0071 0.0 1.474 0.0 0.44721 996.0 2.3095 14.0 62.0 2.8071 0.0 0.174 0.0 0.36056 995.0 2.1812 13.0 59.0 4.3071 0.0 0.0 -0.826 0.22361 994.0 1.8713 13.0 55.0 5.5071 0.0 0.0 -1.626 0.28284 995.0 1.7165 13.0 
0.07608 87.97802 99.0 444.0 3.0 50.0 0.0 -3.0929 0.674 0.0 0.44721 1001.0 2.1279 12.0 52.0 0.0 -0.5929 0.0 -0.526 0.5 1000.0 2.1245 11.0 53.0 1.6071 0.0 0.0 -1.826 0.31623 999.0 2.0493 14.0 54.0 3.5071 0.0 0.0 -2.826 0.31623 997.0 1.8615 12.0 60.0 5.4071 0.0 0.0 -3.726 0.36056 995.0 2.0427 10.0 
0.8397 84.17478 89.0 1350.0 3.0 78.0 0.0 -2.3929 3.874 0.0 0.86023 994.0 2.5 8.0 83.0 0.7071 0.0 0.274 0.0 0.70711 992.0 2.5 10.0 87.0 3.8071 0.0 0.0 -2.526 0.64031 988.0 2.5 10.0 90.0 6.5071 0.0 0.0 -4.526 0.42426 983.0 2.5 9.0 83.0 8.5071 0.0 0.0 -6.126 0.36056 984.0 2.4263 9.0 
0.0049 176.52373 82.0 1581.0 3.0 64.0 0.0 -4.0929 2.974 0.0 0.86023 1000.0 2.5 12.0 63.0 0.0 -1.2929 0.0 -0.926 0.64031 999.0 2.5 11.0 61.0 1.2071 0.0 0.0 -3.926 0.64031 999.0 2.5 14.0 63.0 3.5071 0.0 0.0 -6.526 0.5 997.0 2.5 12.0 69.0 5.7071 0.0 0.0 -8.826 0.5 994.0 2.5 10.0 
0.35703 85.49496 93.0 1310.0 3.0 69.0 0.0 -2.4929 2.174 0.0 0.5831 996.0 2.5 8.0 73.0 0.6071 0.0 0.474 0.0 0.53852 993.0 2.5 7.0 81.0 3.4071 0.0 0.0 -0.726 0.44721 988.0 2.5 8.0 92.0 5.7071 0.0 0.0 -1.626 0.31623 977.0 2.4014 6.0 101.0 7.5071 0.0 0.0 -2.126 0.31623 966.0 2.2168 5.0 
0.85078 30.02471 98.0 2660.0 3.0 57.0 0.0 -1.4929 0.0 -2.426 0.5 997.0 2.074 12.0 69.0 0.2071 0.0 0.174 0.0 0.5 994.0 2.5 13.0 79.0 2.3071 0.0 2.574 0.0 0.5 990.0 2.5 11.0 82.0 4.6071 0.0 4.074 0.0 0.41231 987.0 2.5 10.0 74.0 6.6071 0.0 4.774 0.0 0.22361 988.0 2.2372 10.0 
0.06096 219.05074 113.0 1256.0 3.0 36.0 1.0071 0.0 2.474 0.0 0.2 999.0 1.0 14.0 43.0 1.5071 0.0 1.274 0.0 0.28284 998.0 1.259 13.0 47.0 2.3071 0.0 0.074 0.0 0.36056 996.0 1.3272 12.0 50.0 3.2071 0.0 0.0 -1.226 0.22361 995.0 1.4186 11.0 56.0 4.0071 0.0 0.0 -2.326 0.28284 992.0 1.5252 10.0 
0.06326 91.63024 90.0 1881.0 3.0 60.0 0.0 -3.4929 2.174 0.0 0.70711 1000.0 2.5 18.0 62.0 0.0 -0.3929 0.0 -0.726 0.64031 1000.0 2.5 22.0 60.0 2.5071 0.0 0.0 -3.026 0.5831 999.0 2.5 19.0 61.0 5.3071 0.0 0.0 -4.426 0.41231 997.0 2.3753 17.0 67.0 8.1071 0.0 0.0 -4.926 0.41231 996.0 2.5 19.0 
0.01821 159.00169 102.0 717.0 3.0 59.0 0.0 -3.5929 1.974 0.0 0.70711 1000.0 2.5 11.0 59.0 0.0 -1.0929 0.0 -0.926 0.56569 998.0 2.3703 10.0 59.0 1.2071 0.0 0.0 -3.126 0.5 998.0 2.3703 13.0 61.0 3.3071 0.0 0.0 -4.526 0.44721 995.0 2.1114 11.0 66.0 5.2071 0.0 0.0 -5.226 0.3 991.0 2.0223 12.0 
0.08292 123.55085 110.0 2642.0 3.0 43.0 0.0 -0.0929 2.474 0.0 0.36056 1001.0 1.5738 17.0 44.0 1.0071 0.0 0.474 0.0 0.36056 1000.0 1.5211 16.0 44.0 2.0071 0.0 0.0 -1.126 0.36056 999.0 1.4124 14.0 43.0 3.0071 0.0 0.0 -2.426 0.22361 998.0 1.259 13.0 48.0 4.0071 0.0 0.0 -3.326 0.22361 997.0 1.4708 14.0 
0.33615 72.25976 96.0 576.0 3.0 72.0 0.0 -2.0929 2.574 0.0 0.56569 994.0 2.5 12.0 77.0 0.3071 0.0 0.574 0.0 0.5 991.0 2.5 11.0 80.0 2.6071 0.0 0.0 -0.826 0.5 988.0 2.5 10.0 81.0 4.7071 0.0 0.0 -1.926 0.36056 986.0 2.4819 10.0 73.0 6.6071 0.0 0.0 -2.826 0.31623 989.0 2.2679 11.0 
0.14488 133.60022 109.0 2007.0 3.0 52.0 0.0 -1.7929 2.474 0.0 0.53852 1001.0 2.3015 17.0 52.0 0.7071 0.0 0.974 0.0 0.44721 1000.0 2.1245 21.0 52.0 2.7071 0.0 0.0 -0.226 0.36056 999.0 1.9727 17.0 50.0 4.2071 0.0 0.0 -1.126 0.22361 997.0 1.5959 15.0 49.0 5.3071 0.0 0.0 -1.726 0.22361 997.0 1.5327 15.0 
0.24667 37.81606 101.0 1544.0 3.0 43.0 0.0 -1.3929 0.0 -1.826 0.44721 1001.0 1.5738 21.0 43.0 0.0 -0.2929 0.174 0.0 0.31623 1001.0 1.5738 21.0 45.0 1.0071 0.0 1.374 0.0 0.36056 1000.0 1.591 19.0 53.0 3.0071 0.0 2.174 0.0 0.36056 999.0 2.0493 18.0 54.0 5.1071 0.0 3.174 0.0 0.36056 999.0 2.1274 17.0 
0.13893 17.37652 83.0 707.0 3.0 37.0 0.0 -1.2929 1.274 0.0 0.36056 1002.0 1.2711 16.0 38.0 0.0 -0.0929 0.0 -0.126 0.28284 1002.0 1.3408 17.0 42.0 1.2071 0.0 0.0 -1.226 0.28284 1001.0 1.5014 15.0 46.0 2.6071 0.0 0.0 -1.926 0.3 999.0 1.5437 13.0 48.0 4.2071 0.0 0.0 -2.226 0.3 999.0 1.6809 13.0 
0.02655 127.09216 106.0 1780.0 3.0 53.0 0.0 -2.7929 2.174 0.0 0.5831 1001.0 2.3909 18.0 55.0 0.0 -0.7929 0.0 -0.826 0.64031 1000.0 2.3767 16.0 53.0 1.5071 0.0 0.0 -2.926 0.36056 999.0 2.0493 15.0 52.0 3.5071 0.0 0.0 -3.926 0.36056 998.0 1.8412 13.0 55.0 5.2071 0.0 0.0 -4.626 0.31623 996.0 1.8174 14.0 
0.29119 39.17945 100.0 712.0 3.0 62.0 0.0 -1.9929 3.674 0.0 0.72111 1000.0 2.5 12.0 57.0 0.3071 0.0 0.174 0.0 0.56569 1000.0 2.5 12.0 55.0 2.4071 0.0 0.0 -2.426 0.42426 999.0 2.2069 10.0 53.0 4.3071 0.0 0.0 -4.226 0.42426 998.0 1.9127 13.0 55.0 5.9071 0.0 0.0 -5.526 0.31623 996.0 1.8174 11.0 
0.1518 99.34881 102.0 169.0 3.0 47.0 0.0 -1.7929 0.874 0.0 0.2 997.0 1.4101 12.0 61.0 0.0 -0.1929 0.874 0.0 0.31623 994.0 2.0003 13.0 65.0 1.8071 0.0 1.274 0.0 0.3 993.0 2.1576 12.0 69.0 3.7071 0.0 1.674 0.0 0.3 991.0 2.2103 11.0 70.0 5.5071 0.0 1.874 0.0 0.2 989.0 2.0853 11.0 
0.32644 8.25172 139.0 2469.0 3.0 39.0 0.0 -0.5929 0.0 -0.026 0.1 997.0 1.0 12.0 43.0 0.0071 0.0 0.074 0.0 0.22361 995.0 1.0492 11.0 52.0 0.8071 0.0 0.574 0.0 0.14142 993.0 1.3809 13.0 62.0 1.5071 0.0 1.074 0.0 0.22361 988.0 1.5705 11.0 71.0 2.3071 0.0 1.574 0.0 0.14142 983.0 1.7162 9.0 
0.05123 168.39934 106.0 32.0 3.0 47.0 0.7071 0.0 2.574 0.0 0.53852 999.0 1.6116 11.0 48.0 1.5071 0.0 0.174 0.0 0.36056 999.0 1.6809 14.0 48.0 2.6071 0.0 0.0 -1.626 0.22361 998.0 1.5688 13.0 52.0 3.7071 0.0 0.0 -2.826 0.22361 995.0 1.5343 11.0 59.0 4.9071 0.0 0.0 -3.526 0.14142 992.0 1.693 12.0 
0.10566 133.60022 93.0 3068.0 3.0 70.0 0.0 -1.7929 3.274 0.0 0.56569 995.0 2.5 11.0 73.0 0.7071 0.0 0.974 0.0 0.56569 992.0 2.5 10.0 77.0 3.1071 0.0 0.0 -1.226 0.56569 989.0 2.5 9.0 90.0 5.3071 0.0 0.0 -3.426 0.5 983.0 2.5 9.0 97.0 7.2071 0.0 0.0 -5.426 0.5 976.0 2.5 8.0 
0.02547 284.25551 110.0 1486.0 3.0 60.0 1.4071 0.0 3.274 0.0 0.44721 997.0 2.2981 16.0 61.0 2.4071 0.0 0.874 0.0 0.36056 995.0 2.1114 13.0 61.0 3.3071 0.0 0.0 -0.826 0.31623 993.0 1.9003 12.0 63.0 4.1071 0.0 0.0 -2.126 0.14142 991.0 1.8426 11.0 65.0 5.0071 0.0 0.0 -2.826 0.14142 988.0 1.7261 10.0 
0.19017 79.14903 100.0 1200.0 3.0 58.0 0.0 -1.0929 2.674 0.0 0.5 999.0 2.4542 17.0 55.0 0.6071 0.0 0.374 0.0 0.42426 999.0 2.2069 18.0 61.0 2.5071 0.0 0.0 -1.326 0.36056 996.0 2.2356 14.0 60.0 4.2071 0.0 0.0 -2.626 0.36056 996.0 2.1629 14.0 61.0 5.8071 0.0 0.0 -3.626 0.28284 994.0 2.0003 13.0 
0.40783 30.42421 110.0 2115.0 3.0 52.0 0.0 -1.3929 0.0 -0.226 0.2 994.0 1.4536 11.0 63.0 0.0071 0.0 0.274 0.0 0.22361 990.0 1.7625 10.0 73.0 1.4071 0.0 1.074 0.0 0.36056 986.0 2.0159 10.0 89.0 2.9071 0.0 1.974 0.0 0.28284 975.0 2.129 8.0 95.0 4.3071 0.0 2.674 0.0 0.31623 970.0 2.1437 7.0 
0.07434 226.37542 89.0 1138.0 3.0 80.0 0.0 -1.8929 5.674 0.0 1.08167 1001.0 2.5 17.0 68.0 1.5071 0.0 1.374 0.0 0.78102 1001.0 2.5 21.0 61.0 4.2071 0.0 0.0 -1.526 0.56569 1000.0 2.5 19.0 55.0 6.5071 0.0 0.0 -3.526 0.44721 1000.0 2.3767 19.0 49.0 8.5071 0.0 0.0 -5.126 0.36056 1000.0 1.8864 20.0 
0.04295 121.95089 91.0 3003.0 3.0 58.0 0.0 -3.0929 0.974 0.0 0.56569 999.0 2.4542 14.0 64.0 0.0 -0.3929 0.0 -1.026 0.5 997.0 2.5 12.0 72.0 2.5071 0.0 0.0 -2.626 0.53852 995.0 2.5 14.0 79.0 5.3071 0.0 0.0 -3.926 0.53852 991.0 2.5 11.0 74.0 7.7071 0.0 0.0 -4.926 0.44721 990.0 2.4318 11.0 
0.06398 187.25955 93.0 1836.0 3.0 49.0 0.0 -1.2929 2.374 0.0 0.36056 999.0 1.7517 14.0 53.0 0.6071 0.0 1.574 0.0 0.31623 997.0 1.7931 12.0 61.0 2.5071 0.0 0.974 0.0 0.31623 995.0 2.1114 13.0 69.0 4.5071 0.0 0.374 0.0 0.31623 992.0 2.3156 12.0 76.0 6.7071 0.0 0.0 -0.226 0.41231 990.0 2.5 11.0 
0.86108 52.6199 89.0 2360.0 3.0 74.0 0.0 -3.3929 2.174 0.0 0.67082 996.0 2.5 16.0 79.0 0.0071 0.0 0.474 0.0 0.67082 994.0 2.5 17.0 82.0 3.2071 0.0 0.0 -1.426 0.5831 992.0 2.5 15.0 81.0 6.0071 0.0 0.0 -3.326 0.5831 991.0 2.5 15.0 75.0 8.6071 0.0 0.0 -5.026 0.5831 993.0 2.5 16.0 
0.39109 14.4498 105.0 258.0 3.0 58.0 0.0 -2.1929 2.574 0.0 0.64031 1000.0 2.5 16.0 54.0 0.1071 0.0 0.074 0.0 0.5 999.0 2.1274 15.0 49.0 2.0071 0.0 0.0 -1.326 0.36056 999.0 1.7517 14.0 50.0 3.7071 0.0 0.0 -2.226 0.28284 998.0 1.7023 14.0 58.0 5.2071 0.0 0.0 -3.026 0.28284 995.0 1.9088 14.0 
0.31521 10.70814 105.0 1398.0 3.0 51.0 0.0 -1.8929 1.974 0.0 0.5 1000.0 2.0435 16.0 51.0 0.0 -0.0929 0.0 -0.026 0.42426 999.0 1.8976 14.0 54.0 1.7071 0.0 0.0 -1.526 0.36056 997.0 1.8615 12.0 57.0 3.5071 0.0 0.0 -2.626 0.22361 994.0 1.7465 11.0 66.0 5.0071 0.0 0.0 -3.326 0.31623 990.0 1.9344 11.0 
0.04146 192.02828 116.0 1145.0 3.0 59.0 0.0 -3.2929 1.774 0.0 0.64031 997.0 2.2221 14.0 58.0 0.0 -1.3929 0.0 -1.026 0.5 995.0 1.9088 13.0 59.0 0.4071 0.0 0.0 -2.926 0.36056 994.0 1.8713 15.0 63.0 2.1071 0.0 0.0 -3.926 0.22361 989.0 1.6891 12.0 74.0 3.5071 0.0 0.0 -4.326 0.22361 982.0 1.8042 12.0 
0.10126 244.99102 87.0 2932.0 3.0 55.0 0.0 -3.9929 0.0 -1.826 0.5099 1000.0 2.3767 13.0 68.0 0.0 -0.5929 0.0 -2.126 0.60828 999.0 2.5 13.0 75.0 3.0071 0.0 0.0 -1.826 0.63246 996.0 2.5 11.0 76.0 6.5071 0.0 0.0 -0.426 0.67082 996.0 2.5 11.0 78.0 9.8071 0.0 1.974 0.0 0.64031 997.0 2.5 11.0 
0.14912 176.21985 96.0 3069.0 3.0 56.0 0.0 -2.6929 2.174 0.0 0.53852 1001.0 2.5 22.0 56.0 0.2071 0.0 1.574 0.0 0.4 1000.0 2.4639 19.0 55.0 2.8071 0.0 1.674 0.0 0.4 1000.0 2.3767 18.0 51.0 5.0071 0.0 1.874 0.0 0.3 1000.0 2.0435 18.0 46.0 6.8071 0.0 1.874 0.0 0.2 1000.0 1.6625 18.0 
0.05826 72.7102 80.0 2636.0 3.0 72.0 0.0 -3.2929 3.974 0.0 1.02956 1001.0 2.5 18.0 69.0 0.0 -0.1929 0.0 -0.626 0.80623 1000.0 2.5 16.0 66.0 2.4071 0.0 0.0 -4.526 0.72111 999.0 2.5 15.0 66.0 4.8071 0.0 0.0 -7.826 0.64031 997.0 2.5 13.0 70.0 7.1071 0.0 0.0 -10.626 0.56569 996.0 2.5 15.0 
1.06439 21.89443 87.0 352.0 3.0 78.0 0.0 -4.3929 0.0 -0.126 0.70711 997.0 2.5 12.0 85.0 0.0 -0.0929 0.174 0.0 0.60828 994.0 2.5 13.0 84.0 3.6071 0.0 0.0 -0.126 0.60828 992.0 2.5 12.0 82.0 6.7071 0.0 0.0 -0.526 0.5 989.0 2.5 11.0 79.0 9.2071 0.0 0.0 -0.826 0.3 988.0 2.5 10.0 
0.17912 113.36064 105.0 2339.0 3.0 73.0 0.0 -1.3929 1.774 0.0 0.36056 985.0 1.9439 12.0 81.0 0.3071 0.0 0.974 0.0 0.31623 980.0 2.0307 12.0 87.0 1.9071 0.0 0.374 0.0 0.31623 973.0 1.9327 10.0 110.0 3.4071 0.0 0.0 -0.126 0.31623 958.0 2.247 10.0 115.0 4.9071 0.0 0.0 -0.626 0.2 953.0 2.2513 9.0 
0.03506 196.25184 101.0 2442.0 3.0 57.0 0.0 -3.1929 0.674 0.0 0.56569 998.0 2.2123 15.0 58.0 0.0 -0.8929 0.0 -1.526 0.5 997.0 2.1474 13.0 59.0 1.2071 0.0 0.0 -3.226 0.36056 995.0 1.9752 13.0 65.0 3.2071 0.0 0.0 -4.226 0.31623 992.0 2.0549 13.0 75.0 5.1071 0.0 0.0 -4.626 0.31623 987.0 2.2097 13.0 
0.08565 201.65087 88.0 1235.0 3.0 67.0 0.0 -2.3929 4.474 0.0 0.84853 1000.0 2.5 22.0 62.0 0.9071 0.0 1.574 0.0 0.64031 1000.0 2.5 21.0 60.0 3.8071 0.0 0.0 -0.526 0.53852 999.0 2.5 22.0 61.0 6.6071 0.0 0.0 -1.726 0.41231 998.0 2.5 22.0 59.0 9.1071 0.0 0.0 -2.326 0.41231 997.0 2.2221 20.0 
0.1347 160.49796 88.0 2375.0 3.0 62.0 0.0 -1.7929 0.0 -3.126 0.56569 997.0 2.4538 9.0 70.0 0.9071 0.0 0.0 -1.126 0.5831 996.0 2.5 11.0 77.0 3.6071 0.0 0.174 0.0 0.41231 990.0 2.5 8.0 84.0 6.2071 0.0 0.774 0.0 0.44721 986.0 2.5 7.0 90.0 8.7071 0.0 1.574 0.0 0.41231 982.0 2.5 7.0 
0.13065 92.73958 104.0 670.0 3.0 47.0 0.0 -0.8929 2.374 0.0 0.5 1001.0 1.8802 21.0 45.0 0.6071 0.0 0.574 0.0 0.28284 1001.0 1.7236 20.0 44.0 2.0071 0.0 0.0 -0.426 0.22361 1000.0 1.5211 19.0 44.0 3.4071 0.0 0.0 -0.626 0.2 1000.0 1.5211 18.0 46.0 4.8071 0.0 0.0 -0.226 0.28284 1000.0 1.6625 18.0 
0.0904 139.40851 98.0 1970.0 3.0 41.0 0.0 -2.4929 0.074 0.0 0.36056 1001.0 1.4308 21.0 53.0 0.0 -0.7929 0.974 0.0 0.36056 999.0 2.0493 16.0 56.0 1.2071 0.0 1.874 0.0 0.4 998.0 2.1353 16.0 59.0 3.5071 0.0 2.174 0.0 0.3 998.0 2.3703 15.0 57.0 5.7071 0.0 2.374 0.0 0.4 998.0 2.2123 16.0 
0.47858 76.4891 42.0 2527.0 3.0 45.0 0.0 -1.4929 0.0 -1.826 0.44721 1002.0 1.8803 24.0 49.0 0.6071 0.0 0.0 -0.326 0.44721 1001.0 2.0436 21.0 50.0 2.7071 0.0 0.774 0.0 0.41231 1001.0 2.1279 19.0 51.0 5.0071 0.0 0.974 0.0 0.4 1001.0 2.2138 20.0 52.0 7.5071 0.0 0.574 0.0 0.41231 1001.0 2.3015 21.0 
0.08482 155.51597 102.0 396.0 3.0 52.0 0.0 -0.3929 2.674 0.0 0.42426 997.0 1.7261 13.0 56.0 1.0071 0.0 0.974 0.0 0.28284 996.0 1.8841 15.0 63.0 2.3071 0.0 0.0 -0.426 0.28284 992.0 1.9304 12.0 71.0 3.7071 0.0 0.0 -1.626 0.22361 988.0 2.0595 10.0 81.0 5.2071 0.0 0.0 -2.526 0.28284 982.0 2.1617 9.0 
0.14156 80.01448 97.0 2706.0 3.0 45.0 0.0 -1.9929 0.274 0.0 0.22361 999.0 1.4773 14.0 52.0 0.0 -0.4929 0.0 -0.526 0.28284 996.0 1.6246 12.0 70.0 1.2071 0.0 0.0 -1.226 0.4 991.0 2.2749 11.0 72.0 3.4071 0.0 0.0 -1.526 0.4 991.0 2.4067 11.0 78.0 5.6071 0.0 0.0 -1.526 0.4 987.0 2.39 10.0 
0.58596 8.25172 174.0 2686.0 3.0 47.0 0.0 -0.9929 0.0 -3.026 0.53852 1001.0 1.8802 18.0 49.0 0.0071 0.0 0.074 0.0 0.5099 1001.0 2.0436 16.0 45.0 0.6071 0.0 2.774 0.0 0.31623 1000.0 1.591 15.0 43.0 1.0071 0.0 4.774 0.0 0.2 1000.0 1.4527 19.0 47.0 1.2071 0.0 6.274 0.0 0.2 997.0 1.4101 16.0 
0.07019 132.36053 74.0 1587.0 3.0 43.0 0.0 -0.4929 2.874 0.0 0.36056 1001.0 1.5738 17.0 47.0 0.9071 0.0 0.774 0.0 0.5 1001.0 1.8802 16.0 50.0 2.6071 0.0 0.0 -1.226 0.42426 1000.0 1.9642 20.0 54.0 4.3071 0.0 0.0 -2.926 0.44721 999.0 2.1274 17.0 58.0 6.2071 0.0 0.0 -3.926 0.44721 997.0 2.1474 15.0 
0.9467 12.23339 115.0 2081.0 3.0 76.0 0.0 -2.4929 1.874 0.0 0.64031 993.0 2.5 10.0 78.0 0.1071 0.0 0.0 -0.026 0.5 987.0 2.39 8.0 92.0 2.2071 0.0 0.0 -1.426 0.31623 978.0 2.47 8.0 87.0 3.8071 0.0 0.0 -2.126 0.22361 977.0 2.1474 8.0 80.0 5.0071 0.0 0.0 -2.326 0.2 980.0 1.9808 8.0 
0.18381 72.25976 97.0 870.0 3.0 49.0 0.0 -1.4929 1.274 0.0 0.36056 998.0 1.6349 14.0 51.0 0.3071 0.0 0.574 0.0 0.3 997.0 1.6604 13.0 59.0 2.1071 0.0 0.274 0.0 0.41231 995.0 1.9752 14.0 67.0 4.1071 0.0 0.0 -0.126 0.31623 992.0 2.1833 12.0 72.0 6.0071 0.0 0.0 -0.726 0.31623 990.0 2.3021 11.0 
0.04641 251.98434 94.0 2634.0 3.0 69.0 0.0 -0.3929 5.174 0.0 0.80623 999.0 2.5 14.0 68.0 1.8071 0.0 1.374 0.0 0.5831 998.0 2.5 16.0 68.0 3.8071 0.0 0.0 -1.326 0.56569 995.0 2.5 14.0 65.0 5.7071 0.0 0.0 -3.026 0.36056 994.0 2.2712 13.0 62.0 7.3071 0.0 0.0 -3.826 0.31623 993.0 1.9631 12.0 
0.33317 18.35579 94.0 446.0 3.0 41.0 0.0 -1.5929 0.974 0.0 0.36056 1001.0 1.4308 17.0 46.0 0.1071 0.0 0.0 -0.126 0.44721 1001.0 1.801 21.0 54.0 2.2071 0.0 0.0 -1.126 0.41231 999.0 2.1274 17.0 58.0 4.4071 0.0 0.0 -1.526 0.4 998.0 2.2906 16.0 58.0 6.5071 0.0 0.0 -1.626 0.3 997.0 2.1474 15.0 
0.01607 105.61733 92.0 1547.0 3.0 70.0 0.0 -4.6929 2.374 0.0 0.86023 1000.0 2.5 12.0 70.0 0.0 -0.7929 0.0 -0.526 0.78102 999.0 2.5 13.0 67.0 2.5071 0.0 0.0 -3.226 0.64031 998.0 2.5 13.0 67.0 5.2071 0.0 0.0 -5.326 0.56569 995.0 2.5 11.0 74.0 7.3071 0.0 0.0 -7.526 0.5 993.0 2.5 12.0 
0.12909 137.76019 60.0 204.0 3.0 44.0 0.0 -2.1929 0.0 -1.326 0.3 1001.0 1.6478 17.0 47.0 0.0 -0.1929 0.0 -1.226 0.4 1001.0 1.8802 21.0 53.0 1.9071 0.0 0.0 -1.426 0.31623 999.0 2.0493 17.0 55.0 3.9071 0.0 0.0 -2.126 0.41231 999.0 2.2069 16.0 55.0 5.9071 0.0 0.0 -2.726 0.31623 998.0 2.0598 16.0 
0.08744 167.47492 99.0 94.0 3.0 48.0 0.0 -2.6929 0.0 -1.126 0.41231 1000.0 1.8102 15.0 53.0 0.0 -0.4929 0.0 -1.426 0.31623 999.0 2.0493 17.0 60.0 1.5071 0.0 0.0 -1.426 0.3 996.0 2.1629 14.0 62.0 3.4071 0.0 0.0 -0.826 0.31623 995.0 2.1812 13.0 62.0 5.3071 0.0 0.074 0.0 0.31623 996.0 2.3095 14.0 
0.89571 12.23339 102.0 677.0 3.0 68.0 0.0 -1.4929 0.574 0.0 0.22361 988.0 1.8891 14.0 89.0 0.1071 0.0 0.0 -0.026 0.31623 977.0 2.2473 13.0 90.0 1.7071 0.0 0.0 -0.626 0.3 975.0 2.1771 13.0 98.0 3.3071 0.0 0.0 -0.826 0.3 969.0 2.2294 11.0 106.0 5.0071 0.0 0.0 -0.926 0.22361 962.0 2.2502 10.0 
0.29391 62.69156 90.0 1340.0 3.0 57.0 0.0 -2.0929 3.674 0.0 0.72111 1001.0 2.5 17.0 57.0 0.3071 0.0 0.474 0.0 0.64031 1000.0 2.5 17.0 58.0 2.9071 0.0 0.0 -1.926 0.5831 1000.0 2.5 15.0 60.0 5.6071 0.0 0.0 -3.726 0.5 998.0 2.4513 14.0 63.0 8.1071 0.0 0.0 -5.426 0.5 996.0 2.3846 12.0 
0.12383 163.42753 96.0 1837.0 3.0 58.0 0.0 -1.3929 4.074 0.0 0.64031 1000.0 2.5 12.0 57.0 1.0071 0.0 1.074 0.0 0.56569 999.0 2.3703 11.0 57.0 3.1071 0.0 0.0 -1.826 0.5 999.0 2.3703 15.0 57.0 5.0071 0.0 0.0 -4.226 0.5 997.0 2.074 13.0 60.0 6.8071 0.0 0.0 -6.326 0.36056 995.0 2.0427 11.0 
0.05195 144.71294 119.0 2847.0 3.0 46.0 0.0 -2.3929 1.974 0.0 0.44721 1000.0 1.6625 16.0 45.0 0.0 -1.1929 0.0 -0.526 0.44721 1000.0 1.591 17.0 45.0 0.0071 0.0 0.0 -2.526 0.44721 999.0 1.4773 15.0 46.0 1.2071 0.0 0.0 -4.126 0.28284 997.0 1.3508 14.0 49.0 2.5071 0.0 0.0 -5.026 0.22361 996.0 1.4425 14.0 
0.24302 2.99167 110.0 1755.0 3.0 48.0 0.0 -1.4929 2.674 0.0 0.5831 1000.0 1.8102 18.0 49.0 0.0071 0.0 0.0 -0.026 0.44721 999.0 1.7517 17.0 49.0 1.5071 0.0 0.0 -2.326 0.44721 998.0 1.6349 15.0 48.0 2.6071 0.0 0.0 -4.326 0.36056 996.0 1.3843 13.0 50.0 3.6071 0.0 0.0 -5.826 0.36056 995.0 1.4186 14.0 
0.04278 202.60424 54.0 2321.0 3.0 49.0 0.0 -0.4929 3.074 0.0 0.42426 1001.0 2.0436 20.0 54.0 1.3071 0.0 1.274 0.0 0.42426 999.0 2.1274 17.0 57.0 3.3071 0.0 0.0 -0.426 0.42426 999.0 2.3703 17.0 54.0 5.3071 0.0 0.0 -1.926 0.31623 999.0 2.1274 17.0 47.0 7.1071 0.0 0.0 -2.726 0.22361 1000.0 1.7355 19.0 
0.03682 227.64058 302.0 461.0 3.0 58.0 0.0 -0.3929 3.874 0.0 0.56569 1000.0 2.5 19.0 56.0 1.6071 0.0 1.274 0.0 0.42426 1000.0 2.4639 19.0 54.0 3.4071 0.0 0.0 -0.726 0.42426 999.0 2.1274 18.0 51.0 5.0071 0.0 0.0 -2.426 0.36056 999.0 1.8976 17.0 48.0 6.5071 0.0 0.0 -3.626 0.36056 999.0 1.6809 18.0 
0.11713 195.01871 103.0 2512.0 3.0 50.0 0.5071 0.0 2.474 0.0 0.36056 996.0 1.502 20.0 53.0 1.3071 0.0 1.174 0.0 0.22361 994.0 1.51 22.0 63.0 2.2071 0.0 0.774 0.0 0.2 989.0 1.6891 17.0 72.0 3.4071 0.0 0.774 0.0 0.22361 985.0 1.891 16.0 77.0 4.7071 0.0 0.574 0.0 0.31623 983.0 2.0186 15.0 
0.0911 114.3519 101.0 1642.0 3.0 64.0 0.0 -2.4929 0.0 -1.026 0.4 993.0 2.0918 10.0 74.0 0.0 -0.0929 0.0 -1.026 0.3 990.0 2.4318 11.0 84.0 2.0071 0.0 0.0 -0.926 0.31623 982.0 2.3248 9.0 97.0 3.7071 0.0 0.0 -0.526 0.31623 970.0 2.2349 7.0 110.0 5.4071 0.0 0.074 0.0 0.22361 958.0 2.247 6.0 
0.04275 121.95089 350.0 2215.0 3.0 65.0 0.0 -3.4929 0.474 0.0 0.67082 1000.0 2.5 16.0 59.0 0.0 -0.3929 0.0 -1.026 0.44721 998.0 2.3703 14.0 57.0 1.9071 0.0 0.0 -1.526 0.3 997.0 2.074 16.0 60.0 3.8071 0.0 0.0 -1.126 0.31623 994.0 1.9352 13.0 66.0 5.5071 0.0 0.0 -0.526 0.22361 992.0 2.1186 12.0 
0.1232 127.3962 64.0 2843.0 3.0 52.0 0.0 -1.3929 2.474 0.0 0.42426 999.0 1.9727 18.0 61.0 0.6071 0.0 0.974 0.0 0.44721 998.0 2.5 15.0 64.0 2.9071 0.0 0.0 -0.126 0.41231 996.0 2.4609 14.0 62.0 5.2071 0.0 0.0 -0.826 0.44721 997.0 2.4538 14.0 57.0 7.3071 0.0 0.0 -1.526 0.36056 998.0 2.2123 15.0 
0.21729 109.18961 89.0 695.0 3.0 60.0 0.0 -2.4929 2.574 0.0 0.64031 1000.0 2.5 12.0 58.0 0.6071 0.0 0.774 0.0 0.63246 1000.0 2.5 16.0 58.0 3.6071 0.0 0.0 -0.426 0.5099 999.0 2.4542 14.0 60.0 6.3071 0.0 0.0 -1.426 0.44721 997.0 2.2981 13.0 63.0 8.6071 0.0 0.0 -2.326 0.41231 996.0 2.3846 14.0 
0.71422 36.84572 119.0 2394.0 3.0 47.0 0.0 -0.4929 0.0 -2.426 0.41231 998.0 1.5041 14.0 54.0 0.3071 0.0 0.0 -0.126 0.41231 997.0 1.8615 16.0 65.0 1.4071 0.0 2.074 0.0 0.36056 994.0 2.2712 13.0 68.0 2.9071 0.0 3.674 0.0 0.22361 991.0 2.1467 11.0 69.0 4.4071 0.0 4.374 0.0 0.22361 989.0 2.0261 11.0 
0.14395 88.93632 104.0 2075.0 3.0 56.0 0.0 -1.9929 2.274 0.0 0.5 1001.0 2.5 20.0 52.0 0.2071 0.0 0.774 0.0 0.44721 1000.0 2.1245 19.0 49.0 2.0071 0.0 0.0 -0.326 0.36056 999.0 1.7517 18.0 48.0 3.5071 0.0 0.0 -1.126 0.22361 999.0 1.6809 17.0 48.0 4.9071 0.0 0.0 -1.526 0.2 998.0 1.5688 16.0 
0.40333 13.18352 173.0 920.0 3.0 45.0 0.0 -1.4929 0.074 0.0 0.2 997.0 1.2927 13.0 51.0 0.0 -0.0929 0.074 0.0 0.3 996.0 1.5627 15.0 58.0 1.4071 0.0 0.374 0.0 0.22361 993.0 1.7179 13.0 65.0 2.7071 0.0 1.074 0.0 0.22361 990.0 1.8762 11.0 73.0 3.9071 0.0 1.874 0.0 0.28284 985.0 1.9439 10.0 
0.04407 236.43955 104.0 822.0 3.0 52.0 0.1071 0.0 4.174 0.0 0.5831 1001.0 2.3015 17.0 52.0 1.7071 0.0 1.274 0.0 0.5831 1000.0 2.1245 16.0 52.0 3.3071 0.0 0.0 -1.226 0.44721 999.0 1.9727 15.0 51.0 4.7071 0.0 0.0 -3.226 0.36056 998.0 1.7711 13.0 54.0 5.9071 0.0 0.0 -4.626 0.28284 996.0 1.752 14.0 
0.05634 218.16136 105.0 2611.0 3.0 46.0 0.8071 0.0 2.674 0.0 0.36056 999.0 1.5437 19.0 48.0 1.7071 0.0 0.974 0.0 0.28284 997.0 1.4708 17.0 53.0 2.7071 0.0 0.0 -0.226 0.22361 995.0 1.5939 18.0 59.0 3.9071 0.0 0.0 -0.726 0.2 992.0 1.693 15.0 65.0 5.1071 0.0 0.0 -0.526 0.22361 989.0 1.798 14.0 
0.03903 203.41205 72.0 2434.0 3.0 49.0 0.0 -0.1929 3.374 0.0 0.44721 1002.0 2.2294 23.0 49.0 1.4071 0.0 1.174 0.0 0.42426 1001.0 2.0436 20.0 49.0 3.1071 0.0 0.0 -0.326 0.36056 1000.0 1.8864 19.0 47.0 4.8071 0.0 0.0 -1.226 0.31623 1000.0 1.7355 18.0 46.0 6.5071 0.0 0.0 -1.526 0.3 1000.0 1.6625 19.0 
0.35764 42.04636 97.0 1676.0 3.0 63.0 0.0 -2.8929 0.974 0.0 0.53852 996.0 2.3846 12.0 69.0 0.0 -0.1929 0.0 -0.326 0.44721 994.0 2.5 12.0 81.0 2.2071 0.0 0.0 -1.226 0.31623 987.0 2.5 10.0 78.0 4.3071 0.0 0.0 -1.826 0.31623 987.0 2.39 10.0 77.0 6.2071 0.0 0.0 -2.226 0.3 986.0 2.2429 10.0 
0.18981 140.40892 91.0 937.0 3.0 58.0 0.0 -2.1929 3.274 0.0 0.72111 1001.0 2.5 18.0 56.0 0.8071 0.0 0.974 0.0 0.56569 1001.0 2.5 22.0 57.0 3.4071 0.0 0.0 -0.926 0.5 1000.0 2.5 19.0 56.0 5.7071 0.0 0.0 -2.226 0.44721 999.0 2.2879 17.0 53.0 7.8071 0.0 0.0 -2.926 0.41231 999.0 2.0493 17.0 
0.16158 231.82334 95.0 3033.0 3.0 68.0 0.0 -2.5929 0.0 -2.826 0.5099 996.0 2.5 15.0 77.0 0.5071 0.0 0.0 -2.026 0.5099 993.0 2.5 16.0 79.0 3.3071 0.0 0.0 -1.526 0.41231 989.0 2.5 14.0 75.0 5.4071 0.0 0.0 -0.826 0.36056 988.0 2.2981 13.0 72.0 7.0071 0.0 0.174 0.0 0.28284 988.0 2.1179 13.0 
0.10423 128.18873 117.0 109.0 3.0 32.0 0.4071 0.0 0.0 -1.426 0.1 999.0 1.0 15.0 36.0 0.8071 0.0 0.0 -0.826 0.14142 997.0 1.0 14.0 40.0 1.3071 0.0 0.0 -0.526 0.14142 995.0 1.0 12.0 48.0 1.9071 0.0 0.0 -0.426 0.2 993.0 1.1766 14.0 59.0 2.7071 0.0 0.0 -0.326 0.1 988.0 1.4222 13.0 
0.48395 67.44987 89.0 2212.0 3.0 67.0 0.0 -2.4929 3.874 0.0 0.84853 1000.0 2.5 13.0 66.0 0.6071 0.0 0.0 -0.026 0.78102 1000.0 2.5 16.0 65.0 3.2071 0.0 0.0 -3.726 0.72111 999.0 2.5 15.0 65.0 5.8071 0.0 0.0 -6.426 0.64031 997.0 2.5 13.0 69.0 8.6071 0.0 0.0 -8.326 0.5 996.0 2.5 15.0 
0.11307 133.60022 102.0 1174.0 3.0 51.0 0.0 -0.9929 2.774 0.0 0.42426 1000.0 2.0435 20.0 49.0 0.7071 0.0 0.974 0.0 0.42426 1000.0 1.8864 20.0 55.0 2.4071 0.0 0.0 -0.626 0.36056 998.0 2.0598 16.0 58.0 4.1071 0.0 0.0 -1.926 0.36056 997.0 2.1474 15.0 57.0 5.7071 0.0 0.0 -2.926 0.28284 996.0 1.952 14.0 
0.02167 253.07091 97.0 2479.0 3.0 58.0 0.0 -3.1929 0.0 -1.126 0.53852 999.0 2.4542 11.0 58.0 0.0 -0.4929 0.0 -2.226 0.41231 998.0 2.2906 13.0 59.0 1.8071 0.0 0.0 -2.826 0.3 995.0 1.9752 11.0 66.0 3.8071 0.0 0.0 -3.126 0.3 992.0 2.1186 12.0 79.0 5.8071 0.0 0.0 -3.426 0.31623 985.0 2.2766 10.0 
0.20728 85.01661 100.0 967.0 3.0 56.0 0.0 -1.4929 1.574 0.0 0.36056 998.0 2.1353 16.0 60.0 0.5071 0.0 0.574 0.0 0.36056 996.0 2.1629 14.0 65.0 2.4071 0.0 0.0 -0.326 0.31623 993.0 2.1576 12.0 68.0 4.2071 0.0 0.0 -1.026 0.22361 991.0 2.1467 11.0 71.0 5.7071 0.0 0.0 -1.626 0.31623 988.0 2.0595 10.0 
0.06582 222.81675 91.0 1605.0 3.0 61.0 0.0 -0.5929 4.474 0.0 0.80623 1000.0 2.5 12.0 62.0 1.8071 0.0 0.874 0.0 0.64031 1000.0 2.5 15.0 62.0 4.1071 0.0 0.0 -2.126 0.56569 998.0 2.5 13.0 62.0 6.1071 0.0 0.0 -4.526 0.5 996.0 2.3095 12.0 63.0 8.0071 0.0 0.0 -6.326 0.42426 993.0 2.0269 10.0 
0.10101 197.18382 110.0 2504.0 3.0 52.0 0.0 -1.0929 1.774 0.0 0.14142 993.0 1.3809 15.0 59.0 0.0 -0.0929 1.774 0.0 0.2 992.0 1.693 15.0 58.0 1.1071 0.0 1.674 0.0 0.2 992.0 1.6361 16.0 67.0 2.3071 0.0 1.574 0.0 0.2 988.0 1.834 13.0 72.0 3.5071 0.0 1.574 0.0 0.2 985.0 1.891 12.0 
0.18584 203.09198 89.0 2412.0 3.0 67.0 0.0 -1.8929 0.0 -2.126 0.4 993.0 2.2925 13.0 81.0 0.6071 0.0 0.0 -1.726 0.5099 985.0 2.3933 10.0 95.0 3.2071 0.0 0.0 -1.226 0.41231 978.0 2.5 11.0 115.0 5.8071 0.0 0.0 -0.526 0.5099 963.0 2.5 8.0 132.0 8.4071 0.0 0.074 0.0 0.44721 945.0 2.5 7.0 
0.07138 102.71108 101.0 1684.0 3.0 50.0 0.0 -1.4929 3.274 0.0 0.56569 1001.0 2.1279 13.0 50.0 0.5071 0.0 0.774 0.0 0.56569 1000.0 1.9642 12.0 49.0 2.3071 0.0 0.0 -1.426 0.42426 999.0 1.7517 11.0 48.0 3.8071 0.0 0.0 -3.326 0.42426 998.0 1.5688 10.0 51.0 5.2071 0.0 0.0 -5.026 0.28284 997.0 1.6604 13.0 
0.0664 226.62292 136.0 2247.0 3.0 32.0 2.3071 0.0 0.174 0.0 0.1 999.0 1.0 14.0 38.0 2.0071 0.0 0.374 0.0 0.1 996.0 1.0 12.0 47.0 2.0071 0.0 0.874 0.0 0.2 993.0 1.1281 10.0 62.0 2.3071 0.0 1.774 0.0 0.22361 989.0 1.6359 11.0 75.0 2.9071 0.0 2.774 0.0 0.22361 981.0 1.7954 9.0 
0.15128 88.54199 103.0 2431.0 3.0 33.0 0.0 -1.1929 0.474 0.0 0.1 1001.0 1.0 22.0 40.0 0.0 -0.1929 0.774 0.0 0.14142 1000.0 1.2571 19.0 43.0 1.0071 0.0 1.274 0.0 0.22361 1000.0 1.4527 19.0 47.0 2.6071 0.0 1.574 0.0 0.2 999.0 1.6116 18.0 49.0 4.4071 0.0 1.674 0.0 0.3 999.0 1.7517 18.0 
0.19394 27.12273 82.0 591.0 3.0 72.0 0.0 -1.9929 4.574 0.0 0.94868 999.0 2.5 16.0 66.0 0.0 -0.0929 0.0 -0.226 0.76158 998.0 2.5 15.0 63.0 1.6071 0.0 0.0 -4.026 0.5831 996.0 2.3846 13.0 64.0 3.5071 0.0 0.0 -6.526 0.56569 994.0 2.2019 11.0 69.0 5.4071 0.0 0.0 -8.426 0.36056 990.0 2.1142 12.0 
0.13548 42.04636 131.0 609.0 3.0 42.0 0.0 -1.4929 0.874 0.0 0.28284 999.0 1.2869 15.0 46.0 0.0 -0.1929 0.0 -0.326 0.28284 997.0 1.3508 13.0 51.0 1.0071 0.0 0.0 -1.426 0.36056 995.0 1.4759 12.0 54.0 2.3071 0.0 0.0 -2.326 0.22361 994.0 1.5675 14.0 62.0 3.5071 0.0 0.0 -2.826 0.22361 988.0 1.5705 11.0 
0.09908 156.04509 66.0 1402.0 3.0 43.0 0.0 -0.9929 1.974 0.0 0.31623 1002.0 1.7168 23.0 47.0 0.9071 0.0 1.074 0.0 0.41231 1001.0 1.8802 20.0 50.0 2.9071 0.0 0.474 0.0 0.41231 1000.0 1.9642 19.0 49.0 4.9071 0.0 0.0 -0.026 0.3 1000.0 1.8864 18.0 46.0 6.7071 0.0 0.0 -0.226 0.31623 1000.0 1.6625 19.0 
0.35014 41.52148 90.0 548.0 3.0 68.0 0.0 -2.5929 4.474 0.0 0.86023 1000.0 2.5 15.0 68.0 0.0071 0.0 0.374 0.0 0.78102 999.0 2.5 14.0 69.0 2.7071 0.0 0.0 -2.926 0.70711 998.0 2.5 13.0 73.0 5.5071 0.0 0.0 -5.726 0.64031 996.0 2.5 14.0 79.0 8.1071 0.0 0.0 -8.026 0.5831 992.0 2.5 12.0 
0.14279 41.06496 88.0 1063.0 3.0 74.0 0.0 -4.0929 3.574 0.0 1.06301 1001.0 2.5 18.0 67.0 0.0 -0.2929 0.0 -0.226 0.70711 1001.0 2.5 17.0 63.0 3.0071 0.0 0.0 -2.726 0.5831 1000.0 2.5 20.0 62.0 6.1071 0.0 0.0 -4.026 0.41231 999.0 2.5 17.0 59.0 8.7071 0.0 0.0 -4.426 0.41231 998.0 2.3703 16.0 
0.33091 133.67766 87.0 1530.0 3.0 67.0 0.0 -1.3929 4.774 0.0 0.89443 1000.0 2.5 16.0 67.0 1.1071 0.0 0.474 0.0 0.78102 1000.0 2.5 15.0 67.0 3.8071 0.0 0.0 -3.026 0.64031 999.0 2.5 14.0 68.0 6.0071 0.0 0.0 -6.126 0.64031 998.0 2.5 16.0 75.0 8.1071 0.0 0.0 -9.226 0.5 994.0 2.5 13.0 
0.40419 64.54308 95.0 2973.0 3.0 80.0 0.0 -2.2929 0.0 -0.126 0.31623 985.0 2.3346 13.0 98.0 0.0 -0.0929 0.574 0.0 0.41231 970.0 2.2812 10.0 113.0 2.1071 0.0 1.074 0.0 0.41231 961.0 2.5 10.0 120.0 4.3071 0.0 1.574 0.0 0.41231 955.0 2.5 10.0 109.0 6.5071 0.0 1.974 0.0 0.41231 965.0 2.5 11.0 
0.07041 72.3143 90.0 965.0 3.0 50.0 0.0 -2.0929 2.274 0.0 0.53852 1000.0 1.9642 16.0 56.0 0.0 -0.4929 0.0 -0.426 0.5 999.0 2.2879 14.0 64.0 1.9071 0.0 0.0 -2.426 0.44721 997.0 2.5 14.0 77.0 5.0071 0.0 0.0 -3.526 0.5099 994.0 2.5 13.0 79.0 8.3071 0.0 0.0 -4.126 0.5099 992.0 2.5 12.0 
0.24546 41.06496 100.0 2256.0 3.0 61.0 0.0 -3.2929 1.074 0.0 0.53852 1000.0 2.5 16.0 58.0 0.0 -0.2929 0.0 -0.226 0.44721 999.0 2.4542 14.0 55.0 2.0071 0.0 0.0 -1.026 0.3 997.0 1.931 12.0 60.0 3.9071 0.0 0.0 -0.826 0.36056 995.0 2.0427 13.0 68.0 5.6071 0.0 0.174 0.0 0.36056 991.0 2.1467 11.0 
0.06224 159.16666 94.0 1408.0 3.0 55.0 0.0 -0.8929 3.474 0.0 0.56569 999.0 2.2069 11.0 55.0 1.2071 0.0 0.774 0.0 0.56569 999.0 2.2069 11.0 58.0 3.3071 0.0 0.0 -1.526 0.5 998.0 2.2906 13.0 62.0 5.3071 0.0 0.0 -3.726 0.42426 996.0 2.3095 11.0 69.0 7.0071 0.0 0.0 -5.926 0.42426 992.0 2.3156 9.0 
0.24019 18.35579 85.0 2672.0 3.0 27.0 0.0 -0.1929 0.0 -0.626 0.1 1001.0 1.0 17.0 31.0 0.1071 0.0 0.0 -0.126 0.14142 1001.0 1.0 19.0 39.0 0.8071 0.0 0.574 0.0 0.14142 1000.0 1.195 19.0 48.0 1.9071 0.0 1.174 0.0 0.22361 998.0 1.5688 16.0 54.0 3.4071 0.0 1.874 0.0 0.31623 997.0 1.8615 15.0 
0.01486 164.5897 77.0 584.0 3.0 57.0 0.0 -2.8929 3.474 0.0 0.76158 999.0 2.3703 17.0 61.0 0.0 -1.2929 0.0 -0.726 0.72801 997.0 2.3753 15.0 64.0 0.1071 0.0 0.0 -4.826 0.72801 996.0 2.4609 14.0 68.0 1.5071 0.0 0.0 -8.826 0.72801 994.0 2.4857 14.0 74.0 3.2071 0.0 0.0 -12.526 0.5831 991.0 2.5 14.0 
0.35754 10.70814 95.0 2242.0 3.0 67.0 0.0 -3.0929 3.074 0.0 0.70711 999.0 2.5 15.0 69.0 0.0 -0.0929 0.0 -0.026 0.64031 998.0 2.5 13.0 66.0 2.7071 0.0 0.0 -2.126 0.44721 995.0 2.4717 11.0 71.0 5.1071 0.0 0.0 -3.326 0.36056 992.0 2.4518 12.0 72.0 7.0071 0.0 0.0 -4.426 0.28284 989.0 2.2062 11.0 
0.56828 14.00819 137.0 2992.0 3.0 55.0 0.0 -2.2929 0.0 -1.526 0.5 999.0 2.2069 15.0 54.0 0.0071 0.0 0.0 -0.126 0.44721 998.0 1.9855 13.0 53.0 1.6071 0.0 1.074 0.0 0.28284 997.0 1.7931 15.0 56.0 2.4071 0.0 2.474 0.0 0.2 994.0 1.6858 13.0 60.0 2.7071 0.0 4.074 0.0 0.3 992.0 1.7509 12.0 
0.92152 24.41152 326.0 1585.0 3.0 64.0 0.0 -2.7929 0.774 0.0 0.5 996.0 2.4609 12.0 74.0 0.2071 0.0 0.074 0.0 0.53852 994.0 2.5 13.0 88.0 3.5071 0.0 0.0 -0.926 0.60828 989.0 2.5 11.0 92.0 6.7071 0.0 0.0 -1.526 0.5099 984.0 2.5 9.0 89.0 9.3071 0.0 0.0 -1.726 0.31623 981.0 2.5 9.0 
0.10288 123.55085 161.0 1509.0 3.0 38.0 0.4071 0.0 1.774 0.0 0.31623 1000.0 1.1345 16.0 37.0 1.0071 0.0 0.474 0.0 0.14142 999.0 1.0 20.0 39.0 1.5071 0.0 0.0 -0.326 0.1 998.0 1.0357 17.0 43.0 1.9071 0.0 0.0 -0.826 0.1 995.0 1.0492 15.0 54.0 2.4071 0.0 0.0 -1.126 0.1 992.0 1.4182 15.0 
0.13149 99.7004 98.0 3027.0 3.0 51.0 0.0 -2.2929 2.174 0.0 0.53852 1001.0 2.2138 12.0 52.0 0.2071 0.0 0.874 0.0 0.53852 1001.0 2.3015 16.0 54.0 2.5071 0.0 0.0 -0.226 0.44721 999.0 2.1274 13.0 55.0 4.5071 0.0 0.0 -1.126 0.31623 997.0 1.931 11.0 54.0 6.1071 0.0 0.0 -1.826 0.22361 997.0 1.8615 11.0 
0.16338 118.12228 110.0 2699.0 3.0 62.0 0.0 -1.3929 2.274 0.0 0.42426 997.0 2.4538 15.0 61.0 0.6071 0.0 0.874 0.0 0.36056 996.0 2.2356 14.0 60.0 2.2071 0.0 0.0 -0.126 0.31623 994.0 1.9352 13.0 60.0 3.5071 0.0 0.0 -0.826 0.22361 993.0 1.8385 12.0 60.0 4.7071 0.0 0.0 -1.426 0.22361 992.0 1.7509 12.0 
0.23643 25.57494 105.0 1346.0 3.0 44.0 0.0 -1.9929 1.174 0.0 0.36056 1000.0 1.5211 14.0 47.0 0.0 -0.1929 0.0 -0.126 0.36056 1000.0 1.7355 15.0 50.0 1.5071 0.0 0.0 -1.326 0.36056 998.0 1.7023 13.0 53.0 3.1071 0.0 0.0 -2.526 0.36056 996.0 1.6877 12.0 59.0 4.6071 0.0 0.0 -3.426 0.22361 994.0 1.8713 13.0 
0.86227 43.18263 98.0 1333.0 3.0 82.0 0.0 -2.0929 2.374 0.0 0.56569 987.0 2.5 12.0 94.0 0.1071 0.0 0.374 0.0 0.5 979.0 2.5 11.0 92.0 2.3071 0.0 0.0 -1.026 0.44721 980.0 2.5 11.0 88.0 4.5071 0.0 0.0 -1.926 0.31623 981.0 2.4717 11.0 84.0 6.4071 0.0 0.0 -2.526 0.22361 981.0 2.2521 11.0 
0.06528 158.13844 106.0 2446.0 3.0 49.0 0.0 -0.9929 2.374 0.0 0.44721 1000.0 1.8864 19.0 49.0 0.8071 0.0 1.174 0.0 0.31623 999.0 1.7517 18.0 52.0 2.5071 0.0 0.274 0.0 0.22361 998.0 1.8412 16.0 53.0 3.9071 0.0 0.0 -0.326 0.22361 996.0 1.6877 14.0 53.0 5.1071 0.0 0.0 -0.726 0.22361 995.0 1.5939 14.0 
0.04847 308.38642 104.0 1869.0 3.0 35.0 0.0 -0.0929 0.0 -3.126 0.14142 1001.0 1.0427 16.0 40.0 0.9071 0.0 0.0 -2.626 0.2 1000.0 1.2571 19.0 42.0 2.2071 0.0 0.0 -2.526 0.2 1000.0 1.3859 18.0 49.0 3.5071 0.0 0.0 -2.626 0.22361 998.0 1.6349 16.0 53.0 4.8071 0.0 0.0 -2.926 0.3 996.0 1.6877 14.0 
0.00838 142.78701 67.0 1320.0 3.0 57.0 0.0 -3.2929 2.674 0.0 0.80623 1002.0 2.5 19.0 59.0 0.0 -0.8929 0.0 -0.926 0.72111 1001.0 2.5 17.0 60.0 1.6071 0.0 0.0 -3.926 0.64031 1000.0 2.5 15.0 61.0 4.1071 0.0 0.0 -6.426 0.5831 999.0 2.5 14.0 65.0 6.7071 0.0 0.0 -8.026 0.44721 997.0 2.5 15.0 
0.00879 109.81409 95.0 185.0 3.0 68.0 0.0 -3.8929 3.074 0.0 0.86023 1000.0 2.5 12.0 65.0 0.0 -0.8929 0.0 -0.426 0.70711 998.0 2.5 11.0 63.0 1.8071 0.0 0.0 -3.026 0.56569 997.0 2.5 9.0 62.0 4.1071 0.0 0.0 -5.026 0.42426 995.0 2.1812 11.0 67.0 5.9071 0.0 0.0 -6.726 0.42426 990.0 1.9935 9.0 
0.11405 224.15533 94.0 2734.0 3.0 62.0 0.0 -1.7929 0.0 -1.626 0.44721 997.0 2.4538 12.0 64.0 0.6071 0.0 0.0 -1.926 0.4 993.0 2.0918 10.0 73.0 2.8071 0.0 0.0 -1.326 0.41231 990.0 2.3665 11.0 85.0 4.9071 0.0 0.0 -0.526 0.41231 982.0 2.3805 9.0 100.0 6.9071 0.0 0.074 0.0 0.41231 970.0 2.3753 7.0 
0.12722 232.85955 88.0 66.0 3.0 70.0 0.0 -0.3929 5.274 0.0 0.89443 1000.0 2.5 12.0 66.0 1.9071 0.0 0.874 0.0 0.80623 999.0 2.5 11.0 66.0 4.1071 0.0 0.0 -2.926 0.67082 998.0 2.5 13.0 68.0 6.2071 0.0 0.0 -6.126 0.5831 996.0 2.5 11.0 72.0 8.1071 0.0 0.0 -8.826 0.44721 991.0 2.4067 9.0 
0.29832 141.95101 91.0 392.0 3.0 64.0 0.0 -3.0929 3.174 0.0 0.67082 1002.0 2.5 24.0 62.0 0.5071 0.0 1.174 0.0 0.5831 1001.0 2.5 21.0 58.0 3.5071 0.0 0.0 -0.626 0.53852 1001.0 2.5 20.0 52.0 6.0071 0.0 0.0 -1.926 0.36056 1001.0 2.3015 20.0 45.0 7.9071 0.0 0.0 -2.826 0.31623 1001.0 1.7236 20.0 
0.12473 109.93408 96.0 820.0 3.0 56.0 0.0 -0.9929 3.574 0.0 0.67082 998.0 2.1353 11.0 58.0 0.8071 0.0 0.574 0.0 0.5831 997.0 2.1474 14.0 60.0 2.7071 0.0 0.0 -2.026 0.5 996.0 2.1629 12.0 64.0 4.6071 0.0 0.0 -4.326 0.42426 994.0 2.2019 14.0 72.0 6.5071 0.0 0.0 -6.226 0.42426 989.0 2.2062 12.0 
0.07042 179.01056 106.0 1632.0 3.0 47.0 0.9071 0.0 2.774 0.0 0.41231 999.0 1.6116 13.0 47.0 1.5071 0.0 0.574 0.0 0.31623 998.0 1.5041 14.0 49.0 2.2071 0.0 0.0 -1.226 0.31623 997.0 1.5327 12.0 52.0 3.1071 0.0 0.0 -2.726 0.28284 995.0 1.5343 11.0 61.0 4.4071 0.0 0.0 -3.826 0.22361 992.0 1.8098 12.0 
0.16783 57.38457 98.0 25.0 3.0 48.0 0.0 -2.1929 1.274 0.0 0.42426 1000.0 1.8102 16.0 51.0 0.0 -0.2929 0.0 -0.426 0.36056 999.0 1.8976 14.0 55.0 1.7071 0.0 0.0 -1.526 0.41231 998.0 2.0598 17.0 61.0 3.8071 0.0 0.0 -2.026 0.3 995.0 2.1114 14.0 64.0 5.7071 0.0 0.0 -2.126 0.4 993.0 2.0918 12.0 
0.58448 92.42951 86.0 2859.0 3.0 74.0 0.0 -3.0929 2.674 0.0 0.64031 996.0 2.5 19.0 86.0 0.3071 0.0 0.774 0.0 0.67082 992.0 2.5 15.0 85.0 3.8071 0.0 0.0 -0.826 0.53852 991.0 2.5 15.0 82.0 6.9071 0.0 0.0 -2.026 0.5099 990.0 2.5 14.0 79.0 9.6071 0.0 0.0 -2.826 0.41231 990.0 2.5 14.0 
0.25928 43.18263 114.0 171.0 3.0 47.0 0.0 -1.2929 0.974 0.0 0.22361 997.0 1.4101 13.0 51.0 0.1071 0.0 0.374 0.0 0.2 996.0 1.5627 15.0 56.0 1.4071 0.0 0.174 0.0 0.2 994.0 1.6858 13.0 63.0 2.6071 0.0 0.174 0.0 0.2 990.0 1.7625 11.0 70.0 3.9071 0.0 0.174 0.0 0.22361 986.0 1.8536 10.0 
0.10747 109.18961 119.0 1189.0 3.0 47.0 0.0 -0.6929 1.874 0.0 0.28284 999.0 1.6116 17.0 47.0 0.6071 0.0 0.774 0.0 0.22361 999.0 1.6116 17.0 50.0 1.8071 0.0 0.074 0.0 0.22361 997.0 1.5959 15.0 51.0 3.0071 0.0 0.0 -0.226 0.1 996.0 1.5627 14.0 52.0 3.9071 0.0 0.0 -0.026 0.22361 994.0 1.4536 13.0 
0.54663 19.33007 98.0 1524.0 3.0 47.0 0.0 -1.3929 0.0 -0.426 0.22361 997.0 1.4101 16.0 60.0 0.0071 0.0 0.174 0.0 0.31623 994.0 1.9352 17.0 67.0 2.0071 0.0 0.474 0.0 0.3 993.0 2.2925 16.0 72.0 4.1071 0.0 0.774 0.0 0.41231 991.0 2.4067 15.0 73.0 6.1071 0.0 1.574 0.0 0.36056 990.0 2.3665 14.0 
0.08479 158.7318 91.0 1439.0 3.0 66.0 0.0 -2.8929 0.0 -0.926 0.5099 997.0 2.5 12.0 69.0 0.1071 0.0 0.0 -1.426 0.41231 995.0 2.5 14.0 78.0 2.7071 0.0 0.0 -1.826 0.5 990.0 2.5 11.0 80.0 5.3071 0.0 0.0 -2.026 0.4 988.0 2.5 10.0 79.0 7.6071 0.0 0.0 -2.126 0.4 987.0 2.4517 10.0 
0.5903 43.18263 94.0 2157.0 3.0 71.0 0.0 -2.7929 2.274 0.0 0.5831 996.0 2.5 12.0 74.0 0.1071 0.0 0.374 0.0 0.53852 994.0 2.5 13.0 76.0 2.7071 0.0 0.0 -0.626 0.41231 990.0 2.5 11.0 78.0 5.0071 0.0 0.0 -1.126 0.3 987.0 2.39 10.0 75.0 6.9071 0.0 0.0 -1.326 0.3 987.0 2.2097 10.0 
0.00832 161.68118 79.0 1450.0 3.0 63.0 0.0 -3.8929 3.574 0.0 0.86023 1000.0 2.5 18.0 63.0 0.0 -1.3929 0.0 -0.426 0.80623 1000.0 2.5 16.0 65.0 0.9071 0.0 0.0 -4.326 0.72111 998.0 2.5 15.0 69.0 3.3071 0.0 0.0 -8.026 0.64031 998.0 2.5 17.0 71.0 5.7071 0.0 0.0 -11.126 0.56569 995.0 2.5 15.0 
0.07874 174.53445 96.0 738.0 3.0 44.0 0.0 -0.0929 2.874 0.0 0.36056 1000.0 1.5211 12.0 46.0 1.3071 0.0 0.874 0.0 0.5 1000.0 1.6625 11.0 49.0 2.7071 0.0 0.0 -1.226 0.5 998.0 1.6349 10.0 53.0 4.1071 0.0 0.0 -3.426 0.36056 997.0 1.7931 11.0 60.0 5.4071 0.0 0.0 -5.626 0.36056 995.0 2.0427 11.0 
0.07063 165.42227 99.0 2382.0 3.0 57.0 0.0 -0.2929 3.274 0.0 0.5 997.0 2.074 13.0 58.0 1.2071 0.0 0.874 0.0 0.42426 995.0 1.9088 12.0 61.0 2.7071 0.0 0.0 -0.926 0.28284 993.0 1.9003 13.0 68.0 4.1071 0.0 0.0 -1.926 0.31623 987.0 1.8165 11.0 79.0 5.6071 0.0 0.0 -2.126 0.3 980.0 1.9316 9.0 
0.05257 173.18157 103.0 775.0 3.0 56.0 0.4071 0.0 2.874 0.0 0.41231 998.0 2.1353 16.0 58.0 1.4071 0.0 0.674 0.0 0.36056 996.0 2.0211 14.0 61.0 2.6071 0.0 0.0 -0.926 0.28284 994.0 2.0003 13.0 59.0 4.0071 0.0 0.0 -2.026 0.22361 994.0 1.8713 13.0 58.0 5.3071 0.0 0.0 -2.626 0.2 994.0 1.8084 13.0 
0.13467 130.85513 89.0 2853.0 3.0 63.0 0.0 -2.9929 0.974 0.0 0.5099 996.0 2.3846 11.0 76.0 0.1071 0.0 1.174 0.0 0.5 993.0 2.5 13.0 84.0 3.2071 0.0 1.174 0.0 0.5099 989.0 2.5 11.0 84.0 6.1071 0.0 1.474 0.0 0.5099 987.0 2.5 10.0 84.0 8.6071 0.0 2.174 0.0 0.44721 986.0 2.5 10.0 
0.04073 263.49741 90.0 281.0 3.0 64.0 0.0 -0.1929 4.574 0.0 0.86023 1000.0 2.5 11.0 64.0 2.2071 0.0 0.874 0.0 0.72111 998.0 2.5 10.0 66.0 4.6071 0.0 0.0 -2.426 0.5831 998.0 2.5 13.0 68.0 6.5071 0.0 0.0 -5.526 0.5 995.0 2.5 11.0 71.0 8.0071 0.0 0.0 -8.126 0.44721 990.0 2.2386 9.0 
0.03559 266.00859 91.0 777.0 3.0 61.0 0.0 -0.2929 5.174 0.0 0.72111 1001.0 2.5 12.0 60.0 1.8071 0.0 1.574 0.0 0.72111 1000.0 2.5 11.0 60.0 3.8071 0.0 0.0 -1.526 0.5831 999.0 2.5 10.0 64.0 5.8071 0.0 0.0 -4.126 0.42426 997.0 2.5 11.0 64.0 7.9071 0.0 0.0 -6.026 0.42426 996.0 2.4609 11.0 
0.08547 27.12273 112.0 1793.0 3.0 42.0 0.0 -1.0929 2.174 0.0 0.5099 1001.0 1.5014 13.0 43.0 0.0 -0.0929 0.0 -0.226 0.41231 1000.0 1.4527 12.0 44.0 0.8071 0.0 0.0 -2.426 0.36056 999.0 1.4124 11.0 47.0 2.0071 0.0 0.0 -4.226 0.28284 998.0 1.5041 10.0 51.0 3.4071 0.0 0.0 -5.626 0.22361 997.0 1.6604 12.0 
0.14024 156.27706 92.0 2547.0 3.0 56.0 0.0 -1.8929 2.074 0.0 0.41231 995.0 1.7795 12.0 64.0 0.3071 0.0 1.374 0.0 0.41231 993.0 2.0918 13.0 78.0 2.6071 0.0 0.674 0.0 0.44721 986.0 2.3015 11.0 94.0 5.1071 0.0 0.0 -0.426 0.5 979.0 2.5 11.0 110.0 7.4071 0.0 0.0 -2.026 0.56569 962.0 2.4233 7.0 
0.28183 14.00819 96.0 2093.0 3.0 58.0 0.0 -1.9929 2.874 0.0 0.67082 999.0 2.4542 13.0 60.0 0.0071 0.0 0.0 -0.126 0.5 998.0 2.4513 13.0 64.0 2.0071 0.0 0.0 -2.426 0.56569 995.0 2.3242 11.0 70.0 4.1071 0.0 0.0 -4.226 0.44721 992.0 2.3832 12.0 82.0 6.2071 0.0 0.0 -5.326 0.31623 985.0 2.4528 9.0 
0.03121 185.68035 127.0 500.0 3.0 46.0 0.0 -2.0929 0.0 -0.826 0.22361 999.0 1.5437 10.0 50.0 0.0 -0.3929 0.0 -1.626 0.22361 997.0 1.5959 9.0 57.0 1.1071 0.0 0.0 -2.226 0.2 994.0 1.7465 10.0 59.0 2.5071 0.0 0.0 -2.526 0.2 992.0 1.693 9.0 66.0 3.7071 0.0 0.0 -2.626 0.2 988.0 1.7796 8.0 
0.03379 127.73908 102.0 487.0 3.0 57.0 0.0 -3.4929 1.774 0.0 0.56569 1000.0 2.5 12.0 57.0 0.0 -0.8929 0.0 -0.726 0.5 999.0 2.3703 11.0 55.0 1.3071 0.0 0.0 -2.726 0.42426 997.0 1.931 9.0 57.0 3.2071 0.0 0.0 -4.126 0.36056 996.0 1.952 11.0 62.0 5.0071 0.0 0.0 -5.026 0.22361 991.0 1.7846 9.0 
0.08947 211.4766 97.0 382.0 3.0 71.0 0.0 -0.8929 3.574 0.0 0.56569 993.0 2.5 10.0 76.0 1.2071 0.0 1.474 0.0 0.5 990.0 2.5 11.0 83.0 3.1071 0.0 0.0 -0.126 0.42426 983.0 2.3454 9.0 94.0 4.8071 0.0 0.0 -1.426 0.28284 973.0 2.2562 8.0 92.0 6.3071 0.0 0.0 -2.326 0.36056 974.0 2.2166 8.0 
0.47158 22.67945 93.0 221.0 3.0 59.0 0.0 -2.3929 2.274 0.0 0.56569 999.0 2.5 14.0 60.0 0.1071 0.0 0.174 0.0 0.5 997.0 2.2981 13.0 61.0 2.5071 0.0 0.0 -1.126 0.44721 996.0 2.2356 11.0 68.0 4.9071 0.0 0.0 -1.826 0.4 994.0 2.4857 13.0 74.0 7.2071 0.0 0.0 -2.026 0.3 989.0 2.3304 11.0 
0.28344 61.84866 276.0 1404.0 3.0 51.0 0.0 -1.8929 0.174 0.0 0.3 996.0 1.5627 12.0 56.0 0.0 -0.2929 0.474 0.0 0.22361 994.0 1.6858 14.0 59.0 1.1071 0.0 0.974 0.0 0.2 991.0 1.6161 12.0 72.0 2.5071 0.0 1.374 0.0 0.2 986.0 1.961 13.0 87.0 4.0071 0.0 1.574 0.0 0.3 977.0 2.1474 10.0 
0.05376 75.10415 130.0 722.0 3.0 47.0 0.0 -2.1929 1.874 0.0 0.5 1000.0 1.7355 13.0 47.0 0.0 -0.5929 0.0 -0.326 0.5 1000.0 1.7355 11.0 47.0 0.8071 0.0 0.0 -2.326 0.36056 998.0 1.5041 10.0 48.0 2.1071 0.0 0.0 -3.826 0.28284 997.0 1.4708 11.0 51.0 3.2071 0.0 0.0 -4.826 0.22361 994.0 1.3982 11.0 
0.11773 183.55744 109.0 2626.0 3.0 60.0 0.0 -0.1929 1.874 0.0 0.1 987.0 1.4142 11.0 66.0 0.5071 0.0 1.574 0.0 0.1 982.0 1.4352 8.0 80.0 1.4071 0.0 1.574 0.0 0.2 972.0 1.5943 7.0 112.0 2.6071 0.0 1.874 0.0 0.22361 952.0 2.1003 8.0 139.0 3.8071 0.0 2.674 0.0 0.28284 925.0 2.2425 6.0 
0.09087 172.16692 89.0 2536.0 3.0 65.0 0.0 -1.4929 3.474 0.0 0.70711 1000.0 2.5 19.0 65.0 1.2071 0.0 0.974 0.0 0.5 998.0 2.5 16.0 66.0 3.8071 0.0 0.0 -0.926 0.5831 998.0 2.5 16.0 64.0 6.4071 0.0 0.0 -2.926 0.5 998.0 2.5 16.0 60.0 8.6071 0.0 0.0 -4.826 0.44721 998.0 2.4513 16.0 
0.11093 132.05205 107.0 1843.0 3.0 40.0 0.0071 0.0 1.974 0.0 0.31623 1000.0 1.2571 21.0 41.0 0.8071 0.0 0.874 0.0 0.22361 998.0 1.1446 18.0 46.0 1.8071 0.0 0.474 0.0 0.22361 997.0 1.3508 18.0 55.0 3.0071 0.0 0.374 0.0 0.22361 994.0 1.6261 17.0 62.0 4.4071 0.0 0.474 0.0 0.2 991.0 1.7846 15.0 
0.13217 139.91577 82.0 217.0 3.0 40.0 0.0 -2.2929 0.0 -1.426 0.41231 1002.0 1.4856 20.0 42.0 0.0 -0.2929 0.0 -1.226 0.41231 1002.0 1.6379 24.0 49.0 1.8071 0.0 0.0 -1.926 0.41231 1001.0 2.0436 20.0 51.0 4.0071 0.0 0.0 -2.726 0.41231 1000.0 2.0435 19.0 50.0 6.0071 0.0 0.0 -3.226 0.4 1000.0 1.9642 18.0 
0.04258 159.44896 100.0 1504.0 3.0 42.0 0.0 -2.5929 1.774 0.0 0.44721 1001.0 1.5014 19.0 46.0 0.0 -1.2929 0.0 -0.626 0.44721 1001.0 1.801 17.0 49.0 0.3071 0.0 0.0 -2.726 0.44721 1000.0 1.8864 15.0 52.0 2.0071 0.0 0.0 -4.526 0.5 999.0 1.9727 14.0 59.0 4.1071 0.0 0.0 -5.826 0.44721 997.0 2.2221 16.0 
0.00931 155.0065 78.0 1009.0 3.0 52.0 0.0 -2.5929 2.674 0.0 0.5831 1000.0 2.1245 12.0 53.0 0.0 -1.1929 0.0 -0.726 0.53852 999.0 2.0493 11.0 55.0 0.0071 0.0 0.0 -4.026 0.5099 998.0 2.0598 10.0 59.0 1.1071 0.0 0.0 -7.226 0.5831 997.0 2.2221 13.0 66.0 2.7071 0.0 0.0 -10.126 0.5 994.0 2.3416 11.0 
0.11065 205.41978 92.0 1242.0 3.0 77.0 0.0 -0.9929 4.074 0.0 0.64031 994.0 2.5 14.0 77.0 1.5071 0.0 1.074 0.0 0.56569 993.0 2.5 17.0 86.0 3.8071 0.0 0.0 -1.526 0.5 987.0 2.5 13.0 89.0 5.9071 0.0 0.0 -3.426 0.42426 982.0 2.5 11.0 81.0 7.6071 0.0 0.0 -4.826 0.36056 984.0 2.3108 12.0 
0.04476 183.87599 117.0 1085.0 3.0 34.0 0.0 -2.0929 0.0 -0.626 0.28284 1001.0 1.0 13.0 35.0 0.0 -0.9929 0.0 -1.326 0.14142 1000.0 1.0 12.0 36.0 0.0 -0.0929 0.0 -1.826 0.2 1000.0 1.0182 15.0 40.0 0.8071 0.0 0.0 -2.126 0.2 998.0 1.0895 13.0 47.0 1.9071 0.0 0.0 -2.326 0.22361 997.0 1.4101 16.0 
0.15978 302.58703 89.0 2887.0 3.0 69.0 0.0 -2.2929 0.0 -2.526 0.31623 988.0 1.9451 10.0 91.0 0.0071 0.0 0.0 -2.726 0.5 977.0 2.3494 9.0 116.0 2.7071 0.0 0.0 -2.026 0.44721 962.0 2.5 8.0 147.0 5.5071 0.0 0.0 -0.426 0.5831 936.0 2.5 6.0 154.0 8.5071 0.0 1.474 0.0 0.5831 931.0 2.5 6.0 
0.02285 171.4929 114.0 624.0 3.0 55.0 0.0 -3.3929 0.574 0.0 0.5 1001.0 2.5 12.0 55.0 0.0 -0.7929 0.0 -1.326 0.5 1000.0 2.3767 11.0 52.0 1.4071 0.0 0.0 -2.826 0.36056 998.0 1.8412 10.0 50.0 3.0071 0.0 0.0 -3.526 0.31623 996.0 1.502 8.0 58.0 4.3071 0.0 0.0 -3.726 0.22361 992.0 1.6361 9.0 
0.07591 131.83447 105.0 1205.0 3.0 56.0 0.0 -0.8929 2.174 0.0 0.28284 994.0 1.6858 10.0 57.0 0.5071 0.0 1.074 0.0 0.22361 993.0 1.6592 10.0 65.0 1.9071 0.0 0.274 0.0 0.22361 990.0 1.8762 11.0 79.0 3.3071 0.0 0.0 -0.126 0.2 981.0 1.992 9.0 92.0 4.6071 0.0 0.0 -0.226 0.2 971.0 2.0583 7.0 
0.25531 27.12273 96.0 1966.0 3.0 61.0 0.0 -2.3929 3.174 0.0 0.72111 999.0 2.5 17.0 59.0 0.0 -0.0929 0.0 -0.226 0.64031 999.0 2.5 21.0 60.0 2.2071 0.0 0.0 -3.026 0.5 997.0 2.2981 18.0 60.0 4.3071 0.0 0.0 -5.126 0.42426 995.0 2.0427 16.0 65.0 6.3071 0.0 0.0 -6.726 0.42426 993.0 2.1576 17.0 
0.05572 151.16417 95.0 830.0 3.0 56.0 0.0 -3.3929 0.174 0.0 0.5831 1001.0 2.5 17.0 55.0 0.0 -0.5929 0.0 -1.226 0.53852 1001.0 2.5 20.0 57.0 2.0071 0.0 0.0 -2.026 0.41231 999.0 2.3703 17.0 55.0 4.3071 0.0 0.0 -2.726 0.41231 999.0 2.2069 17.0 53.0 6.5071 0.0 0.0 -3.526 0.36056 999.0 2.0493 18.0 
0.28418 81.45815 90.0 2684.0 3.0 59.0 0.0 -2.0929 0.0 -0.726 0.3 993.0 1.7777 10.0 78.0 0.1071 0.0 0.0 -0.726 0.5 989.0 2.5 11.0 95.0 2.9071 0.0 0.0 -0.726 0.5 981.0 2.5 9.0 100.0 5.7071 0.0 0.0 -0.926 0.5099 977.0 2.5 8.0 93.0 8.2071 0.0 0.0 -1.626 0.41231 980.0 2.5 8.0 
0.10398 180.46314 108.0 1071.0 3.0 57.0 0.0 -1.5929 2.174 0.0 0.4 995.0 1.8436 11.0 66.0 0.4071 0.0 1.574 0.0 0.31623 993.0 2.2245 12.0 73.0 2.2071 0.0 0.974 0.0 0.31623 987.0 2.0934 10.0 76.0 3.7071 0.0 0.374 0.0 0.2 984.0 2.0343 9.0 81.0 5.0071 0.0 0.0 -0.026 0.22361 979.0 1.9709 8.0 
0.07586 156.04509 116.0 679.0 3.0 41.0 0.0 -0.1929 2.574 0.0 0.28284 1001.0 1.4308 17.0 42.0 0.9071 0.0 1.074 0.0 0.28284 1000.0 1.3859 15.0 44.0 2.0071 0.0 0.0 -0.126 0.22361 998.0 1.3183 13.0 50.0 3.1071 0.0 0.0 -1.026 0.22361 997.0 1.5959 15.0 54.0 4.2071 0.0 0.0 -1.526 0.22361 994.0 1.5675 13.0 
0.35064 39.17945 98.0 375.0 3.0 57.0 0.0 -2.0929 2.274 0.0 0.56569 1000.0 2.5 15.0 56.0 0.3071 0.0 0.174 0.0 0.42426 999.0 2.2879 14.0 56.0 2.5071 0.0 0.0 -1.326 0.31623 998.0 2.1353 17.0 60.0 4.5071 0.0 0.0 -2.026 0.4 995.0 2.0427 14.0 62.0 6.4071 0.0 0.0 -2.126 0.2 993.0 1.9631 12.0 
0.50187 24.41152 92.0 2173.0 3.0 65.0 0.0 -2.6929 1.774 0.0 0.64031 999.0 2.5 10.0 59.0 0.2071 0.0 0.074 0.0 0.41231 999.0 2.5 13.0 64.0 2.6071 0.0 0.0 -0.126 0.5099 996.0 2.4609 11.0 72.0 5.2071 0.0 0.474 0.0 0.41231 992.0 2.5 9.0 72.0 7.6071 0.0 0.874 0.0 0.3 991.0 2.4067 9.0 
0.05487 109.81409 114.0 793.0 3.0 43.0 0.0 -1.4929 1.374 0.0 0.31623 998.0 1.259 11.0 45.0 0.0 -0.8929 0.0 -0.426 0.31623 997.0 1.2927 13.0 49.0 0.0 -0.0929 0.0 -1.726 0.22361 994.0 1.2907 11.0 57.0 1.0071 0.0 0.0 -2.626 0.22361 990.0 1.4428 9.0 72.0 2.3071 0.0 0.0 -3.126 0.31623 983.0 1.7649 10.0 
0.06407 219.05074 93.0 2475.0 3.0 54.0 0.0 -0.5929 3.774 0.0 0.56569 1001.0 2.4819 17.0 54.0 1.5071 0.0 1.274 0.0 0.5 1000.0 2.291 15.0 56.0 3.5071 0.0 0.0 -1.026 0.5 998.0 2.1353 14.0 61.0 5.4071 0.0 0.0 -3.226 0.42426 997.0 2.3753 16.0 63.0 7.2071 0.0 0.0 -5.226 0.42426 996.0 2.3846 14.0 
0.1266 91.63024 100.0 3071.0 3.0 40.0 0.0 -2.0929 0.174 0.0 0.36056 1002.0 1.4856 19.0 42.0 0.0 -0.3929 0.0 -0.726 0.31623 1001.0 1.5014 17.0 46.0 1.5071 0.0 0.0 -1.526 0.31623 1000.0 1.6625 16.0 50.0 3.3071 0.0 0.0 -2.426 0.31623 999.0 1.8239 18.0 56.0 5.1071 0.0 0.0 -3.326 0.36056 997.0 2.0019 15.0 
0.03058 213.10284 56.0 1417.0 3.0 67.0 0.0 -4.6929 0.0 -0.726 0.82462 1002.0 2.5 19.0 61.0 0.0 -0.5929 0.0 -1.826 0.63246 1002.0 2.5 23.0 59.0 2.7071 0.0 0.0 -2.926 0.5099 1001.0 2.5 20.0 58.0 5.5071 0.0 0.0 -3.726 0.41231 999.0 2.4542 18.0 54.0 7.9071 0.0 0.0 -4.126 0.31623 999.0 2.1274 17.0 
0.04579 219.05074 98.0 96.0 3.0 51.0 0.0 -0.2929 3.474 0.0 0.5 1000.0 2.0435 16.0 54.0 1.5071 0.0 1.274 0.0 0.42426 999.0 2.1274 18.0 55.0 3.3071 0.0 0.0 -0.126 0.31623 998.0 2.0598 16.0 54.0 5.0071 0.0 0.0 -0.726 0.22361 997.0 1.8615 15.0 52.0 6.4071 0.0 0.0 -0.926 0.2 997.0 1.7261 14.0 
0.36625 37.19517 106.0 2556.0 3.0 54.0 0.0 -1.6929 0.0 -0.426 0.31623 995.0 1.6546 11.0 63.0 0.0 -0.1929 0.274 0.0 0.31623 992.0 1.9304 12.0 76.0 1.4071 0.0 1.174 0.0 0.36056 986.0 2.185 10.0 94.0 3.0071 0.0 2.474 0.0 0.36056 974.0 2.3141 8.0 109.0 4.7071 0.0 4.074 0.0 0.28284 964.0 2.4765 7.0 
0.12351 123.55085 98.0 1554.0 3.0 51.0 0.0 -0.7929 2.474 0.0 0.42426 1001.0 2.2138 21.0 51.0 1.0071 0.0 0.474 0.0 0.42426 1000.0 2.0435 19.0 53.0 2.7071 0.0 0.0 -1.026 0.36056 998.0 1.9127 17.0 54.0 4.3071 0.0 0.0 -2.226 0.31623 997.0 1.8615 15.0 54.0 5.9071 0.0 0.0 -3.226 0.28284 997.0 1.8615 15.0 
0.23914 54.46995 115.0 602.0 3.0 55.0 0.0 -0.9929 1.474 0.0 0.36056 996.0 1.8174 15.0 56.0 0.4071 0.0 0.274 0.0 0.22361 995.0 1.7795 14.0 59.0 1.7071 0.0 0.0 -0.626 0.22361 993.0 1.7777 12.0 63.0 2.9071 0.0 0.0 -1.326 0.22361 991.0 1.8426 11.0 65.0 4.2071 0.0 0.0 -1.826 0.22361 990.0 1.8762 11.0 
0.13293 57.41677 107.0 390.0 3.0 35.0 0.0 -0.8929 1.174 0.0 0.22361 1001.0 1.0427 23.0 37.0 0.2071 0.0 0.474 0.0 0.22361 1001.0 1.1652 22.0 40.0 1.4071 0.0 0.0 -0.026 0.2 1000.0 1.2571 20.0 43.0 2.7071 0.0 0.0 -0.226 0.2 1000.0 1.4527 18.0 45.0 4.1071 0.0 0.0 -0.226 0.2 999.0 1.4773 17.0 
0.18971 84.17478 93.0 1905.0 3.0 55.0 0.0 -0.9929 3.474 0.0 0.67082 1001.0 2.5 18.0 53.0 0.7071 0.0 0.274 0.0 0.5 1001.0 2.3909 16.0 51.0 2.5071 0.0 0.0 -2.126 0.42426 1000.0 2.0435 18.0 56.0 4.5071 0.0 0.0 -3.826 0.44721 999.0 2.2879 17.0 62.0 6.9071 0.0 0.0 -4.926 0.44721 997.0 2.4538 15.0 
0.22641 67.21565 106.0 1060.0 3.0 56.0 0.0 -2.0929 0.0 -0.426 0.44721 997.0 2.0019 12.0 62.0 0.0 -0.1929 0.574 0.0 0.28284 994.0 2.0664 13.0 66.0 1.3071 0.0 1.874 0.0 0.36056 992.0 2.1186 12.0 71.0 2.9071 0.0 3.174 0.0 0.36056 990.0 2.2386 11.0 74.0 4.5071 0.0 4.474 0.0 0.36056 988.0 2.2372 10.0 
0.0556 220.67588 90.0 1534.0 3.0 52.0 0.0 -3.6929 0.0 -1.526 0.6 1001.0 2.3015 17.0 58.0 0.0 -0.4929 0.0 -1.926 0.53852 1000.0 2.5 16.0 64.0 2.8071 0.0 0.0 -3.226 0.53852 1000.0 2.5 19.0 65.0 5.8071 0.0 0.0 -4.626 0.44721 998.0 2.5 16.0 63.0 8.3071 0.0 0.0 -6.226 0.5 997.0 2.5 15.0 
0.02817 203.01067 89.0 2462.0 3.0 53.0 0.0 -0.9929 3.774 0.0 0.64031 1002.0 2.5 19.0 49.0 1.2071 0.0 1.374 0.0 0.42426 1002.0 2.2294 17.0 47.0 2.9071 0.0 0.0 -0.426 0.36056 1001.0 1.8802 16.0 46.0 4.4071 0.0 0.0 -1.926 0.42426 1001.0 1.801 15.0 45.0 5.8071 0.0 0.0 -3.426 0.42426 1001.0 1.7236 15.0 
0.09999 141.95101 95.0 3113.0 3.0 51.0 0.0 -1.8929 2.574 0.0 0.44721 1002.0 2.4151 24.0 51.0 0.5071 0.0 1.174 0.0 0.44721 1001.0 2.2138 21.0 54.0 2.8071 0.0 0.0 -0.126 0.41231 1000.0 2.291 19.0 54.0 5.0071 0.0 0.0 -1.326 0.36056 1000.0 2.291 18.0 51.0 6.9071 0.0 0.0 -2.426 0.28284 999.0 1.8976 18.0 
0.06672 171.21175 98.0 271.0 3.0 47.0 0.2071 0.0 2.674 0.0 0.31623 999.0 1.6116 18.0 51.0 1.1071 0.0 1.074 0.0 0.28284 997.0 1.6604 15.0 55.0 2.2071 0.0 0.0 -0.126 0.22361 996.0 1.8174 14.0 55.0 3.3071 0.0 0.0 -0.826 0.22361 995.0 1.7165 13.0 53.0 4.5071 0.0 0.0 -1.326 0.2 996.0 1.6877 14.0 
0.17608 85.91761 52.0 254.0 3.0 48.0 0.0 -2.3929 1.974 0.0 0.44721 1002.0 2.1393 23.0 50.0 0.0071 0.0 0.774 0.0 0.41231 1001.0 2.1279 21.0 51.0 2.3071 0.0 0.0 -0.226 0.36056 1001.0 2.2138 20.0 50.0 4.3071 0.0 0.0 -1.426 0.36056 1000.0 1.9642 19.0 47.0 6.1071 0.0 0.0 -2.726 0.36056 1001.0 1.8802 20.0 
0.49382 118.12228 91.0 2014.0 3.0 68.0 0.0 -2.2929 4.174 0.0 0.72111 997.0 2.5 9.0 74.0 0.6071 0.0 0.874 0.0 0.70711 995.0 2.5 11.0 78.0 3.4071 0.0 0.0 -2.026 0.64031 992.0 2.5 10.0 83.0 5.8071 0.0 0.0 -4.426 0.56569 985.0 2.5 8.0 92.0 7.9071 0.0 0.0 -6.326 0.42426 979.0 2.5 9.0 
0.14334 45.6838 105.0 227.0 3.0 35.0 0.0 -0.0929 0.874 0.0 0.1 999.0 1.0 14.0 36.0 0.3071 0.0 0.274 0.0 0.22361 999.0 1.0 14.0 43.0 1.0071 0.0 0.0 -0.426 0.22361 997.0 1.1803 12.0 50.0 1.9071 0.0 0.0 -1.226 0.22361 996.0 1.502 15.0 56.0 3.3071 0.0 0.0 -1.626 0.22361 994.0 1.6858 12.0 
0.2297 35.39254 100.0 2608.0 3.0 56.0 0.0 -2.5929 1.674 0.0 0.5 999.0 2.2879 15.0 58.0 0.0 -0.2929 0.0 -0.126 0.5 997.0 2.1474 13.0 61.0 1.9071 0.0 0.0 -1.926 0.42426 995.0 2.1114 11.0 65.0 3.8071 0.0 0.0 -3.326 0.44721 992.0 2.0549 13.0 71.0 5.6071 0.0 0.0 -4.126 0.3 986.0 1.9069 11.0 
0.21043 85.49496 98.0 1125.0 3.0 57.0 0.0 -1.0929 3.174 0.0 0.5831 999.0 2.3703 10.0 55.0 0.6071 0.0 0.474 0.0 0.44721 999.0 2.2069 10.0 56.0 2.2071 0.0 0.0 -1.726 0.42426 997.0 2.0019 9.0 61.0 3.8071 0.0 0.0 -3.226 0.42426 995.0 2.1114 10.0 72.0 5.6071 0.0 0.0 -4.426 0.31623 989.0 2.2062 8.0 
0.1087 106.76945 119.0 1699.0 3.0 41.0 0.0 -1.4929 0.0 -0.126 0.14142 998.0 1.1446 16.0 48.0 0.0 -0.4929 0.0 -0.826 0.14142 996.0 1.3843 15.0 57.0 0.7071 0.0 0.0 -1.326 0.2 993.0 1.6592 15.0 72.0 2.1071 0.0 0.0 -1.526 0.31623 986.0 1.961 13.0 75.0 3.5071 0.0 0.0 -1.626 0.22361 984.0 1.9811 12.0 
0.0602 179.1179 105.0 1958.0 3.0 52.0 0.0 -0.0929 2.874 0.0 0.36056 996.0 1.6246 13.0 55.0 1.1071 0.0 1.174 0.0 0.28284 995.0 1.7165 15.0 62.0 2.4071 0.0 0.0 -0.126 0.28284 990.0 1.707 12.0 74.0 3.7071 0.0 0.0 -0.926 0.22361 985.0 1.9975 12.0 86.0 4.9071 0.0 0.0 -1.226 0.2 975.0 1.9879 10.0 
0.24695 86.89722 125.0 1928.0 3.0 56.0 0.0 -2.3929 0.274 0.0 0.44721 997.0 2.0019 22.0 61.0 0.0 -0.2929 0.0 -0.726 0.31623 994.0 2.0003 18.0 74.0 1.5071 0.0 0.0 -1.226 0.3 987.0 2.1512 16.0 67.0 3.0071 0.0 0.0 -1.326 0.31623 989.0 1.9104 17.0 70.0 4.3071 0.0 0.0 -1.426 0.2 986.0 1.8536 16.0 
0.18709 116.7183 98.0 1129.0 3.0 74.0 0.0 -1.4929 4.174 0.0 0.80623 996.0 2.5 12.0 70.0 0.8071 0.0 0.674 0.0 0.64031 995.0 2.5 11.0 70.0 2.9071 0.0 0.0 -1.926 0.56569 993.0 2.5 11.0 78.0 4.9071 0.0 0.0 -3.726 0.42426 987.0 2.39 10.0 85.0 6.5071 0.0 0.0 -5.026 0.31623 979.0 2.1704 8.0 
0.04855 195.86221 95.0 3089.0 3.0 62.0 0.0 -1.1929 3.074 0.0 0.5 998.0 2.5 17.0 65.0 1.1071 0.0 1.374 0.0 0.44721 996.0 2.5 14.0 66.0 3.1071 0.0 0.0 -0.126 0.44721 994.0 2.3416 13.0 67.0 5.0071 0.0 0.0 -1.426 0.42426 993.0 2.2925 12.0 66.0 6.8071 0.0 0.0 -2.626 0.36056 992.0 2.1186 12.0 
0.0497 168.61724 100.0 2210.0 3.0 47.0 0.0 -0.1929 2.474 0.0 0.36056 1001.0 1.8802 21.0 48.0 1.3071 0.0 0.774 0.0 0.36056 1000.0 1.8102 19.0 51.0 3.0071 0.0 0.0 -0.626 0.36056 999.0 1.8976 18.0 51.0 4.5071 0.0 0.0 -2.026 0.42426 999.0 1.8976 17.0 51.0 6.0071 0.0 0.0 -3.526 0.36056 999.0 1.8976 17.0 
0.00959 150.70376 86.0 649.0 3.0 59.0 0.0 -3.6929 1.974 0.0 0.70711 1000.0 2.5 12.0 61.0 0.0 -0.9929 0.0 -0.926 0.70711 998.0 2.5 10.0 61.0 1.4071 0.0 0.0 -3.626 0.56569 997.0 2.3753 9.0 65.0 3.6071 0.0 0.0 -5.926 0.5 995.0 2.3974 11.0 71.0 5.7071 0.0 0.0 -7.826 0.42426 990.0 2.2386 9.0 
0.03971 225.62088 275.0 279.0 3.0 61.0 0.0 -3.4929 0.0 -0.426 0.5831 998.0 2.5 14.0 61.0 0.0 -0.8929 0.0 -1.826 0.44721 995.0 2.1114 12.0 64.0 1.4071 0.0 0.0 -2.826 0.36056 992.0 1.9922 12.0 74.0 3.4071 0.0 0.0 -3.626 0.31623 986.0 2.0715 11.0 91.0 5.4071 0.0 0.0 -4.326 0.36056 978.0 2.4166 11.0 
0.17064 78.26613 104.0 2329.0 3.0 55.0 0.0 -1.5929 1.074 0.0 0.31623 995.0 1.7165 11.0 61.0 0.2071 0.0 0.674 0.0 0.31623 994.0 2.0003 13.0 70.0 1.8071 0.0 0.274 0.0 0.31623 989.0 2.0853 11.0 77.0 3.4071 0.0 0.074 0.0 0.2 984.0 2.0882 9.0 78.0 4.9071 0.0 0.074 0.0 0.2 984.0 2.1428 9.0 
0.16674 36.84572 79.0 656.0 3.0 60.0 0.0 -0.4929 4.274 0.0 0.72801 999.0 2.5 12.0 58.0 0.3071 0.0 0.0 -0.126 0.70711 999.0 2.4542 11.0 59.0 1.3071 0.0 0.0 -4.126 0.63246 998.0 2.3703 10.0 60.0 2.7071 0.0 0.0 -7.426 0.5831 997.0 2.2981 13.0 63.0 4.4071 0.0 0.0 -10.126 0.5 994.0 2.1336 11.0 
0.27042 32.98146 87.0 2935.0 3.0 67.0 0.0 -2.9929 2.074 0.0 0.56569 996.0 2.5 11.0 80.0 0.0 -0.1929 0.0 -0.226 0.5831 992.0 2.5 12.0 89.0 2.8071 0.0 0.0 -1.826 0.53852 987.0 2.5 10.0 91.0 5.6071 0.0 0.0 -2.926 0.5099 984.0 2.5 9.0 82.0 8.2071 0.0 0.0 -3.826 0.36056 987.0 2.5 10.0 
0.19943 69.35559 119.0 843.0 3.0 53.0 0.0 -1.4929 1.574 0.0 0.36056 999.0 2.0493 18.0 53.0 0.4071 0.0 0.474 0.0 0.31623 998.0 1.9127 17.0 54.0 2.1071 0.0 0.0 -0.226 0.31623 997.0 1.8615 15.0 55.0 3.6071 0.0 0.0 -0.726 0.31623 996.0 1.8174 14.0 55.0 5.0071 0.0 0.0 -1.226 0.22361 995.0 1.7165 13.0 
0.07414 181.46604 109.0 1617.0 3.0 44.0 0.0 -0.6929 2.174 0.0 0.22361 999.0 1.4124 17.0 50.0 0.7071 0.0 1.474 0.0 0.22361 998.0 1.7023 16.0 55.0 2.1071 0.0 0.774 0.0 0.28284 996.0 1.8174 14.0 57.0 3.4071 0.0 0.074 0.0 0.22361 994.0 1.7465 13.0 59.0 4.7071 0.0 0.0 -0.526 0.2 993.0 1.7777 12.0 
0.34574 23.16855 93.0 333.0 3.0 65.0 0.0 -2.3929 3.774 0.0 0.78102 999.0 2.5 16.0 66.0 0.2071 0.0 0.0 -0.026 0.78102 998.0 2.5 15.0 64.0 2.7071 0.0 0.0 -3.426 0.56569 997.0 2.5 13.0 63.0 4.9071 0.0 0.0 -5.726 0.56569 996.0 2.3846 16.0 68.0 7.1071 0.0 0.0 -7.326 0.36056 992.0 2.249 13.0 
0.03821 135.01663 121.0 1434.0 3.0 50.0 0.0 -2.9929 1.174 0.0 0.56569 1001.0 2.1279 18.0 49.0 0.0 -0.8929 0.0 -0.826 0.42426 1000.0 1.8864 16.0 46.0 0.8071 0.0 0.0 -2.226 0.31623 999.0 1.5437 14.0 44.0 2.2071 0.0 0.0 -2.826 0.2 998.0 1.3183 13.0 48.0 3.4071 0.0 0.0 -2.826 0.1 996.0 1.3843 15.0 
0.36066 19.33007 99.0 1354.0 3.0 42.0 0.0 -1.8929 0.674 0.0 0.31623 1001.0 1.5014 21.0 45.0 0.0071 0.0 0.174 0.0 0.3 1001.0 1.7236 21.0 49.0 1.9071 0.0 0.174 0.0 0.3 1000.0 1.8864 18.0 50.0 3.8071 0.0 0.374 0.0 0.3 999.0 1.8239 17.0 48.0 5.5071 0.0 0.474 0.0 0.2 999.0 1.6809 17.0 
0.21811 47.69726 89.0 868.0 3.0 65.0 0.0 -3.3929 3.574 0.0 0.78102 1000.0 2.5 12.0 67.0 0.0 -0.3929 0.174 0.0 0.84853 999.0 2.5 15.0 70.0 2.8071 0.0 0.0 -2.826 0.70711 998.0 2.5 13.0 73.0 5.8071 0.0 0.0 -5.426 0.56569 995.0 2.5 11.0 76.0 8.4071 0.0 0.0 -7.526 0.44721 992.0 2.5 12.0 
0.09967 103.89543 107.0 60.0 3.0 51.0 0.0 -0.4929 3.474 0.0 0.53852 1000.0 2.0435 12.0 50.0 0.8071 0.0 0.474 0.0 0.5 1000.0 1.9642 14.0 49.0 2.2071 0.0 0.0 -1.826 0.36056 999.0 1.7517 14.0 49.0 3.5071 0.0 0.0 -3.526 0.28284 998.0 1.6349 13.0 51.0 4.7071 0.0 0.0 -4.526 0.22361 995.0 1.4759 11.0 
0.21718 49.1426 98.0 762.0 3.0 55.0 0.0 -1.1929 3.074 0.0 0.5831 1000.0 2.3767 15.0 56.0 0.4071 0.0 0.174 0.0 0.5831 999.0 2.2879 14.0 58.0 2.1071 0.0 0.0 -2.426 0.5 998.0 2.2906 13.0 62.0 4.0071 0.0 0.0 -4.526 0.44721 995.0 2.1812 11.0 69.0 5.9071 0.0 0.0 -5.826 0.36056 992.0 2.3156 12.0 
0.07886 125.44014 103.0 2009.0 3.0 53.0 0.0 -0.9929 2.574 0.0 0.42426 1000.0 2.207 15.0 54.0 0.9071 0.0 0.674 0.0 0.36056 999.0 2.1274 13.0 53.0 2.7071 0.0 0.0 -0.726 0.42426 998.0 1.9127 12.0 52.0 4.3071 0.0 0.0 -2.026 0.28284 998.0 1.8412 12.0 50.0 5.6071 0.0 0.0 -3.126 0.31623 998.0 1.7023 12.0 
0.2861 2.99167 100.0 1005.0 3.0 50.0 0.0 -1.9929 1.774 0.0 0.5 999.0 1.8239 12.0 49.0 0.0071 0.0 0.0 -0.026 0.42426 998.0 1.6349 11.0 51.0 1.7071 0.0 0.0 -1.826 0.36056 998.0 1.7711 14.0 56.0 3.4071 0.0 0.0 -3.626 0.42426 996.0 1.8841 12.0 64.0 5.2071 0.0 0.0 -5.426 0.42426 992.0 1.9922 10.0 
0.15201 183.86527 88.0 1833.0 3.0 53.0 0.0 -0.2929 3.974 0.0 0.5831 999.0 2.0493 12.0 56.0 1.4071 0.0 0.874 0.0 0.5831 998.0 2.1353 11.0 63.0 3.2071 0.0 0.0 -2.426 0.67082 998.0 2.5 13.0 69.0 5.2071 0.0 0.0 -5.626 0.64031 995.0 2.5 11.0 74.0 7.2071 0.0 0.0 -8.526 0.5831 990.0 2.4318 9.0 
0.14478 179.2891 185.0 916.0 3.0 50.0 0.0 -2.2929 0.874 0.0 0.2 993.0 1.2767 11.0 61.0 0.0 -0.9929 1.274 0.0 0.28284 989.0 1.5836 12.0 70.0 0.2071 0.0 2.274 0.0 0.28284 985.0 1.7874 12.0 85.0 1.4071 0.0 3.674 0.0 0.28284 976.0 1.9944 11.0 99.0 2.6071 0.0 5.274 0.0 0.36056 968.0 2.2245 9.0 
0.24677 136.34878 90.0 2692.0 3.0 36.0 0.0 -0.3929 0.0 -2.326 0.22361 1001.0 1.1031 22.0 48.0 0.8071 0.0 0.0 -0.926 0.42426 1000.0 1.8102 19.0 59.0 2.6071 0.0 0.974 0.0 0.56569 999.0 2.5 17.0 62.0 5.0071 0.0 2.874 0.0 0.5 999.0 2.5 17.0 58.0 7.5071 0.0 4.274 0.0 0.5 999.0 2.4542 17.0 
0.03086 121.04327 98.0 162.0 3.0 61.0 0.0 -3.6929 2.274 0.0 0.70711 1001.0 2.5 17.0 62.0 0.0 -0.8929 0.0 -0.626 0.56569 999.0 2.5 15.0 61.0 1.7071 0.0 0.0 -2.726 0.5 998.0 2.5 13.0 62.0 4.0071 0.0 0.0 -4.126 0.44721 996.0 2.3095 15.0 68.0 6.0071 0.0 0.0 -4.926 0.31623 992.0 2.249 12.0 
0.10607 147.73872 99.0 1624.0 3.0 47.0 0.0 -0.5929 2.474 0.0 0.36056 1000.0 1.7355 20.0 49.0 0.9071 0.0 0.974 0.0 0.42426 998.0 1.6349 18.0 55.0 2.4071 0.0 0.0 -0.526 0.28284 997.0 1.931 20.0 61.0 3.9071 0.0 0.0 -1.826 0.36056 994.0 2.0003 17.0 65.0 5.5071 0.0 0.0 -2.826 0.36056 993.0 2.1576 16.0 
0.26333 62.59715 105.0 475.0 3.0 45.0 0.0 -1.9929 0.0 -0.726 0.36056 999.0 1.4773 14.0 55.0 0.0 -0.4929 0.274 0.0 0.42426 996.0 1.8174 15.0 61.0 1.1071 0.0 2.074 0.0 0.36056 996.0 2.2356 14.0 68.0 2.9071 0.0 3.674 0.0 0.36056 993.0 2.3614 12.0 70.0 5.0071 0.0 4.774 0.0 0.44721 992.0 2.3832 12.0 
0.03337 180.93975 100.0 1766.0 3.0 41.0 0.3071 0.0 3.074 0.0 0.44721 1001.0 1.4308 13.0 42.0 1.3071 0.0 0.974 0.0 0.36056 1001.0 1.5014 12.0 45.0 2.5071 0.0 0.0 -0.726 0.42426 1000.0 1.591 11.0 47.0 3.9071 0.0 0.0 -2.126 0.28284 999.0 1.6116 14.0 54.0 5.3071 0.0 0.0 -3.326 0.36056 996.0 1.752 11.0 
0.00707 152.86463 86.0 2781.0 3.0 65.0 0.0 -3.5929 2.374 0.0 0.72111 998.0 2.5 10.0 70.0 0.0 -0.7929 0.0 -1.126 0.70711 997.0 2.5 13.0 76.0 2.2071 0.0 0.0 -3.926 0.70711 994.0 2.5 11.0 86.0 5.2071 0.0 0.0 -6.626 0.64031 988.0 2.5 8.0 102.0 8.2071 0.0 0.0 -8.926 0.5831 980.0 2.5 9.0 
0.2326 122.92198 81.0 1195.0 3.0 65.0 0.4071 0.0 4.674 0.0 0.80623 999.0 2.5 15.0 64.0 1.1071 0.0 0.0 -0.026 0.72801 998.0 2.5 15.0 62.0 2.4071 0.0 0.0 -4.026 0.63246 997.0 2.4538 14.0 61.0 3.9071 0.0 0.0 -7.126 0.5 995.0 2.1114 12.0 65.0 5.5071 0.0 0.0 -9.426 0.36056 993.0 2.1576 13.0 
0.19539 124.12592 96.0 1285.0 3.0 66.0 0.0 -2.0929 2.774 0.0 0.67082 998.0 2.5 14.0 65.0 0.8071 0.0 0.774 0.0 0.5831 997.0 2.5 12.0 68.0 3.2071 0.0 0.0 -1.126 0.36056 994.0 2.4857 13.0 71.0 5.0071 0.0 0.0 -2.626 0.42426 991.0 2.3403 11.0 73.0 6.6071 0.0 0.0 -4.026 0.28284 988.0 2.1772 10.0 
0.05409 227.64058 134.0 1332.0 3.0 47.0 0.8071 0.0 2.274 0.0 0.22361 997.0 1.4101 15.0 50.0 1.6071 0.0 1.274 0.0 0.22361 996.0 1.502 14.0 51.0 2.3071 0.0 0.374 0.0 0.22361 995.0 1.4759 13.0 51.0 2.8071 0.0 0.0 -0.426 0.14142 994.0 1.3982 13.0 53.0 3.2071 0.0 0.0 -0.926 0.14142 992.0 1.3662 12.0 
0.10274 137.42438 101.0 469.0 3.0 47.0 0.0 -3.0929 0.474 0.0 0.44721 1002.0 2.0511 19.0 47.0 0.0 -0.6929 0.0 -1.026 0.36056 1001.0 1.8802 18.0 48.0 1.5071 0.0 0.0 -1.926 0.31623 1001.0 1.961 21.0 48.0 3.4071 0.0 0.0 -2.026 0.3 1000.0 1.8102 19.0 50.0 5.2071 0.0 0.0 -1.626 0.36056 999.0 1.8239 17.0 
0.22176 171.52522 86.0 1561.0 3.0 70.0 0.0 -3.2929 2.974 0.0 0.72801 998.0 2.5 13.0 76.0 0.7071 0.0 1.374 0.0 0.67082 997.0 2.5 14.0 82.0 4.2071 0.0 0.0 -0.926 0.78102 994.0 2.5 13.0 84.0 7.2071 0.0 0.0 -3.526 0.70711 992.0 2.5 12.0 84.0 9.8071 0.0 0.0 -6.326 0.64031 991.0 2.5 11.0 
0.43599 32.11459 89.0 1880.0 3.0 75.0 0.0 -4.2929 2.974 0.0 0.9434 1000.0 2.5 22.0 71.0 0.0 -0.0929 0.274 0.0 0.78102 999.0 2.5 20.0 69.0 3.2071 0.0 0.0 -2.926 0.64031 997.0 2.5 18.0 66.0 6.2071 0.0 0.0 -5.126 0.5 995.0 2.4717 16.0 66.0 8.6071 0.0 0.0 -6.626 0.42426 993.0 2.2245 18.0 
0.11047 237.69831 85.0 1999.0 3.0 66.0 0.0 -0.4929 5.274 0.0 0.80623 1000.0 2.5 12.0 66.0 1.9071 0.0 0.974 0.0 0.80623 999.0 2.5 11.0 67.0 4.2071 0.0 0.0 -2.926 0.76158 999.0 2.5 14.0 69.0 6.2071 0.0 0.0 -6.626 0.67082 996.0 2.5 12.0 72.0 7.9071 0.0 0.0 -9.926 0.53852 994.0 2.5 12.0 
0.04404 231.71968 112.0 629.0 3.0 46.0 1.3071 0.0 2.974 0.0 0.44721 1000.0 1.6625 12.0 44.0 2.0071 0.0 0.574 0.0 0.31623 999.0 1.4124 11.0 42.0 2.6071 0.0 0.0 -1.226 0.31623 999.0 1.2869 15.0 44.0 3.3071 0.0 0.0 -2.726 0.31623 997.0 1.2359 13.0 50.0 4.1071 0.0 0.0 -4.126 0.28284 995.0 1.4186 11.0 
0.07959 226.31771 91.0 1825.0 3.0 62.0 0.0 -1.3929 0.0 -3.126 0.5 996.0 2.3095 16.0 68.0 0.9071 0.0 0.0 -1.826 0.44721 991.0 2.1467 13.0 78.0 3.0071 0.0 0.0 -0.726 0.41231 987.0 2.39 13.0 96.0 5.3071 0.0 0.074 0.0 0.41231 977.0 2.5 10.0 107.0 7.7071 0.0 0.774 0.0 0.41231 968.0 2.5 9.0 
0.02688 251.98434 105.0 1914.0 3.0 45.0 0.3071 0.0 3.374 0.0 0.5 1002.0 1.8803 18.0 45.0 1.8071 0.0 1.374 0.0 0.36056 1001.0 1.7236 16.0 44.0 3.1071 0.0 0.0 -0.226 0.28284 1000.0 1.5211 15.0 43.0 4.3071 0.0 0.0 -1.426 0.22361 1000.0 1.4527 14.0 43.0 5.4071 0.0 0.0 -2.526 0.28284 1000.0 1.4527 14.0 
0.21797 152.2047 90.0 503.0 3.0 58.0 0.0 -2.4929 2.674 0.0 0.5831 1001.0 2.5 21.0 60.0 0.5071 0.0 1.274 0.0 0.5099 1000.0 2.5 19.0 59.0 3.4071 0.0 0.974 0.0 0.5 999.0 2.5 18.0 56.0 6.0071 0.0 1.174 0.0 0.41231 999.0 2.2879 17.0 56.0 8.2071 0.0 2.174 0.0 0.44721 999.0 2.2879 17.0 
0.31809 32.65484 104.0 713.0 3.0 61.0 0.0 -1.5929 1.874 0.0 0.42426 994.0 2.0003 10.0 66.0 0.1071 0.0 0.274 0.0 0.36056 990.0 1.9344 9.0 81.0 1.7071 0.0 0.0 -0.926 0.28284 982.0 2.1617 9.0 83.0 3.2071 0.0 0.0 -1.526 0.3 979.0 2.0695 8.0 89.0 4.8071 0.0 0.0 -1.526 0.2 975.0 2.129 8.0 
0.85125 75.75263 86.0 1484.0 3.0 88.0 0.0 -3.9929 1.374 0.0 0.80623 992.0 2.5 10.0 96.0 0.1071 0.0 0.674 0.0 0.60828 986.0 2.5 10.0 107.0 3.6071 0.0 0.0 -0.226 0.63246 978.0 2.5 8.0 107.0 7.0071 0.0 0.0 -1.226 0.53852 976.0 2.5 8.0 95.0 9.7071 0.0 0.0 -2.126 0.41231 980.0 2.5 8.0 
0.12109 122.33723 125.0 1590.0 3.0 28.0 0.6071 0.0 0.0 -1.226 0.1 1001.0 1.0 17.0 32.0 0.9071 0.0 0.0 -0.626 0.14142 1000.0 1.0 15.0 37.0 1.4071 0.0 0.074 0.0 0.1 999.0 1.0 18.0 44.0 1.8071 0.0 0.874 0.0 0.14142 997.0 1.2359 15.0 49.0 2.4071 0.0 1.674 0.0 0.14142 995.0 1.3624 14.0 
0.2219 88.93632 125.0 3025.0 3.0 46.0 0.0 -0.6929 1.074 0.0 0.1 996.0 1.2713 18.0 47.0 0.2071 0.0 0.774 0.0 0.2 995.0 1.2535 15.0 54.0 1.2071 0.0 0.774 0.0 0.2 993.0 1.4892 16.0 61.0 2.1071 0.0 0.874 0.0 0.22361 989.0 1.5836 14.0 65.0 2.8071 0.0 1.074 0.0 0.14142 986.0 1.5983 13.0 
0.2007 61.36266 103.0 1875.0 3.0 44.0 0.0 -0.4929 2.174 0.0 0.31623 999.0 1.4124 15.0 46.0 0.4071 0.0 0.374 0.0 0.28284 998.0 1.4408 16.0 50.0 1.5071 0.0 0.0 -1.126 0.22361 996.0 1.502 16.0 55.0 2.7071 0.0 0.0 -2.326 0.22361 994.0 1.6261 14.0 65.0 4.1071 0.0 0.0 -3.026 0.3 991.0 1.9615 15.0 
0.05653 94.15302 99.0 372.0 3.0 63.0 0.0 -3.3929 0.774 0.0 0.67082 1000.0 2.5 15.0 63.0 0.0 -0.1929 0.0 -0.826 0.41231 998.0 2.5 13.0 62.0 2.3071 0.0 0.0 -1.626 0.41231 996.0 2.3095 15.0 65.0 4.4071 0.0 0.0 -1.926 0.3 993.0 2.1576 12.0 67.0 6.1071 0.0 0.0 -2.126 0.31623 991.0 2.0841 11.0 
0.02471 166.06974 102.0 1062.0 3.0 60.0 0.0 -3.1929 0.674 0.0 0.64031 999.0 2.5 13.0 58.0 0.0 -0.6929 0.0 -1.326 0.44721 998.0 2.2906 13.0 59.0 1.4071 0.0 0.0 -2.626 0.44721 995.0 1.9752 11.0 65.0 3.4071 0.0 0.0 -3.426 0.3 993.0 2.1576 12.0 76.0 5.2071 0.0 0.0 -3.426 0.3 985.0 2.1069 10.0 
0.17544 147.98621 193.0 2109.0 3.0 37.0 0.0 -0.7929 1.274 0.0 0.0 998.0 1.0 17.0 38.0 0.0 -0.3929 1.274 0.0 0.14142 998.0 1.0 17.0 42.0 0.3071 0.0 1.574 0.0 0.14142 997.0 1.1261 14.0 53.0 1.0071 0.0 2.174 0.0 0.22361 994.0 1.51 13.0 61.0 2.0071 0.0 2.974 0.0 0.22361 991.0 1.7275 11.0 
0.41676 118.12228 88.0 1114.0 3.0 74.0 0.0 -2.4929 3.874 0.0 0.78102 998.0 2.5 13.0 75.0 0.6071 0.0 0.874 0.0 0.70711 996.0 2.5 11.0 76.0 3.5071 0.0 0.0 -1.626 0.5831 993.0 2.5 10.0 75.0 6.3071 0.0 0.0 -3.226 0.5831 993.0 2.5 9.0 70.0 9.0071 0.0 0.0 -4.726 0.44721 994.0 2.5 10.0 
0.08 210.50431 117.0 2939.0 3.0 49.0 1.4071 0.0 0.0 -1.626 0.14142 994.0 1.2907 13.0 54.0 1.7071 0.0 0.0 -0.826 0.14142 992.0 1.4182 12.0 55.0 2.2071 0.0 0.0 -0.126 0.1 992.0 1.4713 12.0 57.0 2.7071 0.0 0.274 0.0 0.22361 991.0 1.5084 11.0 60.0 3.5071 0.0 0.674 0.0 0.1 990.0 1.5987 11.0 
0.32692 24.41152 93.0 1299.0 3.0 63.0 0.0 -2.4929 3.374 0.0 0.78102 999.0 2.5 16.0 64.0 0.2071 0.0 0.074 0.0 0.78102 998.0 2.5 15.0 63.0 2.7071 0.0 0.0 -3.026 0.5831 997.0 2.5 16.0 64.0 4.8071 0.0 0.0 -5.526 0.56569 995.0 2.3242 15.0 69.0 6.9071 0.0 0.0 -7.526 0.42426 992.0 2.3156 15.0 
0.03573 233.34002 104.0 410.0 3.0 35.0 1.4071 0.0 2.174 0.0 0.2 1000.0 1.0 11.0 41.0 1.8071 0.0 1.074 0.0 0.14142 999.0 1.2264 13.0 50.0 2.7071 0.0 0.174 0.0 0.14142 996.0 1.502 11.0 57.0 3.8071 0.0 0.0 -0.226 0.2 993.0 1.6592 9.0 63.0 5.0071 0.0 0.074 0.0 0.31623 991.0 1.8426 8.0 
0.05207 178.25807 98.0 627.0 3.0 47.0 0.0071 0.0 3.074 0.0 0.5 1002.0 2.0511 18.0 45.0 1.4071 0.0 0.774 0.0 0.42426 1001.0 1.7236 17.0 46.0 3.1071 0.0 0.0 -0.526 0.36056 1000.0 1.6625 20.0 51.0 4.8071 0.0 0.0 -1.326 0.31623 999.0 1.8976 17.0 51.0 6.4071 0.0 0.0 -1.826 0.31623 998.0 1.7711 16.0 
0.04613 192.02828 98.0 1067.0 3.0 63.0 0.0 -4.1929 1.574 0.0 0.70711 999.0 2.5 11.0 62.0 0.0 -1.3929 0.0 -1.026 0.70711 998.0 2.5 14.0 64.0 1.2071 0.0 0.0 -3.426 0.64031 996.0 2.4609 12.0 66.0 3.6071 0.0 0.0 -5.426 0.44721 993.0 2.2245 11.0 72.0 5.7071 0.0 0.0 -6.626 0.41231 989.0 2.2062 11.0 
0.09989 124.12592 102.0 472.0 3.0 53.0 0.0 -0.4929 2.274 0.0 0.36056 998.0 1.9127 16.0 58.0 0.8071 0.0 0.774 0.0 0.28284 995.0 1.9088 14.0 59.0 2.1071 0.0 0.0 -0.426 0.22361 994.0 1.8713 13.0 62.0 3.6071 0.0 0.0 -1.026 0.22361 993.0 1.9631 12.0 66.0 5.2071 0.0 0.0 -1.026 0.3 991.0 2.0223 11.0 
0.15002 32.63974 84.0 1672.0 3.0 55.0 0.0 -1.8929 3.374 0.0 0.63246 1000.0 2.3767 13.0 53.0 0.0 -0.2929 0.0 -0.026 0.5831 999.0 2.0493 12.0 54.0 1.3071 0.0 0.0 -3.026 0.5 999.0 2.1274 15.0 55.0 2.9071 0.0 0.0 -5.726 0.53852 997.0 1.931 14.0 58.0 4.3071 0.0 0.0 -8.226 0.44721 995.0 1.9088 12.0 
0.0653 111.39813 95.0 612.0 3.0 52.0 0.0 -2.7929 0.974 0.0 0.5 1000.0 2.1245 16.0 52.0 0.0 -0.6929 0.0 -0.726 0.42426 999.0 1.9727 14.0 53.0 1.0071 0.0 0.0 -1.926 0.36056 998.0 1.9127 16.0 57.0 2.7071 0.0 0.0 -2.526 0.3 996.0 1.952 14.0 62.0 4.4071 0.0 0.0 -2.526 0.2 993.0 1.9631 12.0 
0.18364 45.28017 80.0 97.0 3.0 64.0 0.0 -1.2929 4.474 0.0 0.76158 999.0 2.5 11.0 64.0 0.4071 0.0 0.0 -0.026 0.8544 999.0 2.5 11.0 63.0 2.2071 0.0 0.0 -4.126 0.67082 998.0 2.5 10.0 65.0 4.0071 0.0 0.0 -7.726 0.53852 997.0 2.5 13.0 70.0 5.7071 0.0 0.0 -10.926 0.5831 994.0 2.5 11.0 
0.3583 108.43208 83.0 2122.0 3.0 76.0 0.0 -1.1929 6.174 0.0 1.04403 998.0 2.5 11.0 75.0 0.7071 0.0 0.674 0.0 0.89443 998.0 2.5 13.0 74.0 3.1071 0.0 0.0 -3.726 0.80623 996.0 2.5 12.0 80.0 5.6071 0.0 0.0 -7.426 0.72111 993.0 2.5 10.0 89.0 8.2071 0.0 0.0 -10.626 0.64031 988.0 2.5 11.0 
0.16918 52.57774 126.0 1967.0 3.0 27.0 0.0 -0.1929 0.0 -0.926 0.1 1001.0 1.0 17.0 32.0 0.2071 0.0 0.0 -0.426 0.1 1000.0 1.0 15.0 37.0 0.9071 0.0 0.074 0.0 0.1 999.0 1.0 14.0 43.0 1.5071 0.0 0.574 0.0 0.1 997.0 1.1803 16.0 50.0 2.1071 0.0 1.174 0.0 0.14142 995.0 1.4186 13.0 
0.04035 233.34002 90.0 1423.0 3.0 64.0 0.1071 0.0 4.474 0.0 0.76158 999.0 2.5 14.0 61.0 1.8071 0.0 1.074 0.0 0.5831 998.0 2.5 13.0 59.0 3.6071 0.0 0.0 -1.226 0.5 997.0 2.2221 12.0 58.0 5.8071 0.0 0.0 -2.726 0.36056 997.0 2.1474 12.0 56.0 8.1071 0.0 0.0 -3.526 0.41231 998.0 2.1353 13.0 
0.14857 187.78321 90.0 1752.0 3.0 66.0 0.0 -1.3929 5.274 0.0 0.9434 1000.0 2.5 12.0 66.0 1.3071 0.0 1.074 0.0 0.80623 999.0 2.5 11.0 60.0 3.5071 0.0 0.0 -2.226 0.64031 997.0 2.2981 10.0 60.0 5.1071 0.0 0.0 -5.026 0.44721 995.0 2.0427 9.0 65.0 6.4071 0.0 0.0 -7.526 0.42426 993.0 2.1576 10.0 
0.34324 30.42421 109.0 2714.0 3.0 64.0 0.0 -2.0929 2.974 0.0 0.64031 998.0 2.5 10.0 59.0 0.0071 0.0 0.274 0.0 0.42426 997.0 2.2221 11.0 58.0 1.6071 0.0 0.0 -1.526 0.36056 995.0 1.9088 11.0 58.0 2.9071 0.0 0.0 -2.626 0.28284 992.0 1.6361 10.0 66.0 3.9071 0.0 0.0 -3.326 0.2 984.0 1.5342 8.0 
0.19622 67.88686 95.0 1601.0 3.0 54.0 0.0 -1.1929 2.874 0.0 0.5831 1000.0 2.291 12.0 52.0 0.6071 0.0 0.074 0.0 0.5 1000.0 2.1245 11.0 52.0 2.4071 0.0 0.0 -2.126 0.5 999.0 1.9727 11.0 54.0 4.1071 0.0 0.0 -4.126 0.5 998.0 1.9855 13.0 60.0 5.8071 0.0 0.0 -6.126 0.36056 995.0 2.0427 11.0 
0.19135 116.36837 96.0 304.0 3.0 61.0 0.0 -1.9929 2.474 0.0 0.5831 999.0 2.5 15.0 58.0 0.7071 0.0 0.774 0.0 0.44721 998.0 2.2906 14.0 57.0 2.9071 0.0 0.0 -0.726 0.36056 996.0 1.952 12.0 63.0 4.8071 0.0 0.0 -2.026 0.36056 994.0 2.1336 13.0 67.0 6.5071 0.0 0.0 -3.326 0.28284 991.0 2.0841 12.0 
0.03055 140.60184 80.0 2573.0 3.0 68.0 0.0 -3.5929 4.074 0.0 0.89443 999.0 2.5 16.0 68.0 0.0 -1.1929 0.0 -0.426 0.80623 998.0 2.5 14.0 68.0 1.2071 0.0 0.0 -4.126 0.64031 996.0 2.5 13.0 72.0 3.6071 0.0 0.0 -7.126 0.56569 994.0 2.5 14.0 79.0 5.9071 0.0 0.0 -9.726 0.64031 989.0 2.5 12.0 
0.28563 141.95101 96.0 2827.0 3.0 76.0 0.0 -2.3929 3.274 0.0 0.64031 994.0 2.5 14.0 77.0 0.5071 0.0 1.174 0.0 0.5831 992.0 2.5 13.0 78.0 3.1071 0.0 0.0 -0.226 0.41231 989.0 2.5 14.0 83.0 5.1071 0.0 0.0 -1.226 0.22361 983.0 2.3454 12.0 85.0 6.6071 0.0 0.0 -2.126 0.22361 980.0 2.2362 11.0 
0.35083 12.23339 96.0 1913.0 3.0 49.0 0.0 -1.9929 0.774 0.0 0.41231 1000.0 1.8864 15.0 54.0 0.1071 0.0 0.0 -0.026 0.44721 999.0 2.1274 13.0 58.0 2.1071 0.0 0.0 -0.826 0.41231 997.0 2.1474 11.0 60.0 4.2071 0.0 0.0 -1.526 0.31623 996.0 2.1629 11.0 56.0 6.1071 0.0 0.0 -2.226 0.28284 997.0 2.0019 11.0 
0.19241 41.06496 97.0 2696.0 3.0 59.0 0.0 -2.9929 1.474 0.0 0.5831 1000.0 2.5 11.0 61.0 0.0 -0.2929 0.0 -0.226 0.53852 999.0 2.5 13.0 66.0 2.3071 0.0 0.0 -1.426 0.44721 996.0 2.5 10.0 65.0 4.6071 0.0 0.0 -2.326 0.41231 995.0 2.3974 10.0 61.0 6.5071 0.0 0.0 -2.926 0.31623 995.0 2.1114 10.0 
0.07389 156.56692 104.0 485.0 3.0 44.0 0.1071 0.0 2.574 0.0 0.44721 1000.0 1.5211 18.0 48.0 1.1071 0.0 0.874 0.0 0.36056 999.0 1.6809 17.0 51.0 2.4071 0.0 0.0 -0.226 0.22361 997.0 1.6604 15.0 53.0 3.7071 0.0 0.0 -0.826 0.2 996.0 1.6877 14.0 54.0 5.0071 0.0 0.0 -1.026 0.31623 996.0 1.752 14.0 
0.08398 45.79963 100.0 753.0 3.0 38.0 0.0 -1.6929 1.174 0.0 0.28284 1001.0 1.2291 13.0 41.0 0.0 -0.3929 0.0 -0.126 0.42426 1000.0 1.3207 12.0 47.0 1.2071 0.0 0.0 -1.626 0.42426 999.0 1.6116 11.0 53.0 3.1071 0.0 0.0 -3.326 0.36056 997.0 1.7931 9.0 58.0 5.0071 0.0 0.0 -4.926 0.36056 996.0 2.0211 12.0 
0.15389 116.36837 107.0 2751.0 3.0 47.0 0.0 -0.8929 2.574 0.0 0.36056 999.0 1.6116 21.0 49.0 0.7071 0.0 0.774 0.0 0.42426 998.0 1.6349 19.0 52.0 2.5071 0.0 0.0 -0.726 0.36056 997.0 1.7261 17.0 55.0 4.0071 0.0 0.0 -2.026 0.36056 995.0 1.7165 19.0 60.0 5.2071 0.0 0.0 -3.326 0.28284 992.0 1.7509 18.0 
0.0248 205.90863 95.0 423.0 3.0 48.0 0.0 -3.2929 0.0 -0.226 0.5 1001.0 1.961 18.0 52.0 0.0 -0.8929 0.0 -1.626 0.44721 1000.0 2.1245 16.0 53.0 1.6071 0.0 0.0 -2.626 0.41231 999.0 2.0493 14.0 56.0 3.9071 0.0 0.0 -3.026 0.41231 998.0 2.1353 17.0 60.0 6.3071 0.0 0.0 -3.026 0.31623 997.0 2.2981 15.0 
0.01723 208.34633 89.0 2784.0 3.0 51.0 0.0 -3.9929 0.374 0.0 0.64031 1001.0 2.2138 15.0 57.0 0.0 -1.0929 0.0 -1.526 0.5831 1001.0 2.5 16.0 58.0 1.7071 0.0 0.0 -3.126 0.44721 999.0 2.4542 14.0 61.0 4.2071 0.0 0.0 -4.726 0.5831 998.0 2.5 12.0 68.0 6.7071 0.0 0.0 -6.426 0.5 996.0 2.5 14.0 
0.07271 150.73401 96.0 54.0 3.0 68.0 0.0 -3.7929 0.174 0.0 0.67082 999.0 2.5 14.0 66.0 0.0 -0.2929 0.0 -1.326 0.5099 998.0 2.5 15.0 66.0 2.4071 0.0 0.0 -1.926 0.4 995.0 2.4717 14.0 67.0 4.6071 0.0 0.0 -1.826 0.31623 992.0 2.1833 12.0 68.0 6.5071 0.0 0.0 -1.526 0.3 991.0 2.1467 11.0 
0.11772 35.39254 98.0 89.0 3.0 62.0 0.0 -2.6929 2.674 0.0 0.64031 998.0 2.5 12.0 65.0 0.0 -0.2929 0.0 -0.126 0.5 996.0 2.5 12.0 67.0 1.9071 0.0 0.0 -2.126 0.36056 993.0 2.2925 11.0 74.0 3.9071 0.0 0.0 -3.226 0.31623 989.0 2.3304 11.0 86.0 5.8071 0.0 0.0 -3.726 0.3 980.0 2.2891 8.0 
0.41977 22.93337 99.0 342.0 3.0 59.0 0.0 -3.1929 1.874 0.0 0.64031 1001.0 2.5 18.0 55.0 0.0 -0.1929 0.074 0.0 0.5 1000.0 2.3767 16.0 50.0 2.2071 0.0 0.0 -1.026 0.36056 1000.0 1.9642 17.0 51.0 4.1071 0.0 0.0 -1.526 0.31623 999.0 1.8976 17.0 55.0 5.8071 0.0 0.0 -1.626 0.31623 997.0 1.931 15.0 
0.06507 143.87015 127.0 236.0 3.0 45.0 0.1071 0.0 2.374 0.0 0.31623 1000.0 1.591 15.0 45.0 1.1071 0.0 0.674 0.0 0.28284 998.0 1.3789 14.0 46.0 2.1071 0.0 0.0 -0.526 0.22361 997.0 1.3508 12.0 46.0 2.9071 0.0 0.0 -1.426 0.22361 996.0 1.2713 11.0 47.0 3.7071 0.0 0.0 -2.126 0.14142 995.0 1.2535 11.0 
0.14772 102.71108 104.0 340.0 3.0 48.0 0.0 -1.1929 2.974 0.0 0.5 1000.0 1.8102 16.0 51.0 0.5071 0.0 0.774 0.0 0.42426 999.0 1.8976 14.0 53.0 2.2071 0.0 0.0 -0.926 0.36056 998.0 1.9127 15.0 56.0 3.8071 0.0 0.0 -2.126 0.36056 996.0 1.8841 15.0 61.0 5.3071 0.0 0.0 -3.126 0.22361 993.0 1.9003 12.0 
0.07753 149.94232 115.0 311.0 3.0 40.0 0.0 -0.1929 2.374 0.0 0.36056 1001.0 1.3618 17.0 43.0 1.1071 0.0 0.774 0.0 0.28284 1001.0 1.5738 21.0 45.0 2.3071 0.0 0.0 -0.426 0.28284 999.0 1.4773 18.0 46.0 3.4071 0.0 0.0 -1.326 0.22361 998.0 1.4408 16.0 47.0 4.4071 0.0 0.0 -1.926 0.22361 997.0 1.4101 15.0 
0.323 97.07306 116.0 1975.0 3.0 43.0 0.2071 0.0 0.974 0.0 0.0 993.0 1.0 18.0 47.0 0.4071 0.0 0.774 0.0 0.1 992.0 1.0744 17.0 60.0 0.9071 0.0 0.674 0.0 0.1 988.0 1.4708 17.0 76.0 1.7071 0.0 0.874 0.0 0.22361 981.0 1.8436 14.0 79.0 2.8071 0.0 1.174 0.0 0.2 981.0 1.992 14.0 
0.06786 113.60601 116.0 239.0 3.0 44.0 0.0071 0.0 2.074 0.0 0.36056 999.0 1.4124 11.0 44.0 0.9071 0.0 0.474 0.0 0.36056 998.0 1.3183 10.0 45.0 1.6071 0.0 0.0 -0.926 0.22361 997.0 1.2927 12.0 48.0 2.2071 0.0 0.0 -1.926 0.14142 994.0 1.2385 10.0 51.0 2.9071 0.0 0.0 -2.526 0.14142 992.0 1.265 10.0 
0.16871 78.1117 114.0 723.0 3.0 51.0 0.0 -1.5929 1.274 0.0 0.41231 1000.0 2.0435 20.0 49.0 0.4071 0.0 0.574 0.0 0.31623 999.0 1.7517 18.0 52.0 2.0071 0.0 0.074 0.0 0.22361 997.0 1.7261 15.0 52.0 3.4071 0.0 0.0 -0.126 0.2 996.0 1.6246 14.0 53.0 4.7071 0.0 0.0 -0.026 0.14142 996.0 1.6877 14.0 
0.5176 14.00819 95.0 1920.0 3.0 61.0 0.0 -1.9929 1.474 0.0 0.42426 995.0 2.1114 11.0 67.0 0.0071 0.0 0.0 -0.126 0.36056 992.0 2.1833 13.0 76.0 2.0071 0.0 0.0 -1.126 0.4 988.0 2.3598 14.0 88.0 4.2071 0.0 0.0 -1.426 0.4 981.0 2.4717 11.0 100.0 6.5071 0.0 0.0 -1.626 0.3 967.0 2.2204 7.0 
0.10893 209.41869 120.0 930.0 3.0 41.0 0.0 -2.7929 0.874 0.0 0.3 1000.0 1.3207 16.0 44.0 0.0 -1.2929 1.374 0.0 0.28284 999.0 1.4124 14.0 48.0 0.0 -0.1929 2.374 0.0 0.28284 998.0 1.5688 16.0 55.0 0.6071 0.0 3.774 0.0 0.36056 995.0 1.7165 13.0 60.0 1.4071 0.0 5.374 0.0 0.31623 993.0 1.8385 12.0 
0.15359 197.27253 95.0 2988.0 3.0 59.0 0.0 -1.8929 2.174 0.0 0.31623 994.0 1.8713 10.0 67.0 0.1071 0.0 1.774 0.0 0.3 990.0 1.9935 9.0 79.0 2.1071 0.0 1.674 0.0 0.41231 986.0 2.3609 10.0 90.0 4.2071 0.0 1.674 0.0 0.3 978.0 2.3637 8.0 92.0 6.2071 0.0 1.874 0.0 0.4 978.0 2.47 8.0 
0.01929 190.73619 116.0 127.0 3.0 53.0 0.0 -3.0929 0.274 0.0 0.42426 998.0 1.9127 10.0 57.0 0.0 -1.0929 0.0 -1.326 0.5 996.0 1.952 10.0 63.0 0.9071 0.0 0.0 -2.726 0.36056 992.0 1.9304 10.0 72.0 2.7071 0.0 0.0 -3.426 0.31623 985.0 1.891 8.0 92.0 4.3071 0.0 0.0 -3.726 0.2 971.0 2.0583 7.0 
0.1048 140.40892 90.0 842.0 3.0 48.0 0.0 -1.3929 2.474 0.0 0.36056 1001.0 1.961 23.0 51.0 0.8071 0.0 0.974 0.0 0.44721 1000.0 2.0435 21.0 56.0 3.2071 0.0 0.0 -0.026 0.41231 999.0 2.2879 18.0 59.0 5.7071 0.0 0.0 -0.726 0.4 998.0 2.3703 16.0 57.0 8.1071 0.0 0.0 -1.026 0.41231 998.0 2.2123 16.0 
0.38552 10.70814 86.0 1103.0 3.0 46.0 0.0 -2.2929 0.774 0.0 0.44721 1002.0 1.9647 18.0 46.0 0.0 -0.0929 0.0 -0.026 0.31623 1001.0 1.801 21.0 48.0 1.8071 0.0 0.0 -0.426 0.31623 1000.0 1.8102 19.0 50.0 3.6071 0.0 0.0 -0.826 0.2 999.0 1.8239 17.0 49.0 5.2071 0.0 0.0 -1.126 0.3 999.0 1.7517 17.0 
0.47573 13.18352 100.0 2117.0 3.0 48.0 0.0 -2.3929 0.374 0.0 0.4 1000.0 1.8102 15.0 53.0 0.0 -0.0929 0.074 0.0 0.4 999.0 2.0493 18.0 57.0 2.1071 0.0 0.0 -0.126 0.31623 997.0 2.074 15.0 58.0 4.0071 0.0 0.0 -0.726 0.31623 996.0 2.0211 14.0 59.0 5.7071 0.0 0.0 -1.526 0.22361 995.0 1.9752 14.0 
0.2798 27.12273 91.0 247.0 3.0 55.0 0.0 -2.4929 1.174 0.0 0.5 1000.0 2.3767 15.0 56.0 0.0 -0.0929 0.0 -0.226 0.44721 998.0 2.1353 13.0 61.0 2.3071 0.0 0.0 -1.326 0.53852 997.0 2.3753 16.0 70.0 4.9071 0.0 0.0 -2.326 0.44721 994.0 2.5 13.0 75.0 7.5071 0.0 0.0 -3.426 0.41231 992.0 2.5 12.0 
0.11915 218.30081 86.0 2333.0 3.0 70.0 0.0 -1.1929 5.574 0.0 0.86023 1000.0 2.5 13.0 70.0 1.4071 0.0 1.374 0.0 0.78102 999.0 2.5 14.0 75.0 4.2071 0.0 0.0 -2.426 0.78102 996.0 2.5 12.0 83.0 7.0071 0.0 0.0 -6.026 0.78102 994.0 2.5 13.0 93.0 9.9071 0.0 0.0 -9.326 0.70711 989.0 2.5 11.0 
0.1414 242.97001 93.0 1971.0 3.0 71.0 0.0 -0.7929 0.0 -3.226 0.44721 987.0 1.9803 11.0 91.0 1.2071 0.0 0.0 -1.826 0.36056 978.0 2.4166 11.0 115.0 3.4071 0.0 0.0 -0.426 0.44721 962.0 2.5 8.0 118.0 5.6071 0.0 0.474 0.0 0.31623 956.0 2.495 8.0 112.0 7.4071 0.0 0.974 0.0 0.3 958.0 2.3295 8.0 
0.03147 210.50196 100.0 329.0 3.0 53.0 0.0071 0.0 3.574 0.0 0.44721 999.0 2.0493 17.0 60.0 1.3071 0.0 1.374 0.0 0.42426 996.0 2.1629 15.0 61.0 2.8071 0.0 0.0 -0.426 0.36056 995.0 2.1114 13.0 63.0 4.3071 0.0 0.0 -1.726 0.36056 994.0 2.1336 12.0 63.0 5.9071 0.0 0.0 -2.726 0.22361 993.0 2.0269 12.0 
0.00922 115.03084 89.0 251.0 3.0 69.0 0.0 -3.9929 3.874 0.0 0.86023 1000.0 2.5 12.0 72.0 0.0 -0.8929 0.0 -0.526 0.84853 999.0 2.5 11.0 74.0 2.7071 0.0 0.0 -3.926 0.78102 998.0 2.5 13.0 73.0 6.0071 0.0 0.0 -6.426 0.5831 995.0 2.5 11.0 76.0 8.7071 0.0 0.0 -8.426 0.5 992.0 2.5 12.0 
0.29723 2.99167 110.0 2975.0 3.0 44.0 0.0 -1.5929 0.674 0.0 0.31623 1000.0 1.5211 14.0 49.0 0.0071 0.0 0.0 -0.026 0.31623 998.0 1.6349 12.0 54.0 1.7071 0.0 0.0 -0.726 0.31623 997.0 1.8615 11.0 55.0 3.3071 0.0 0.0 -1.526 0.36056 997.0 1.931 11.0 51.0 4.9071 0.0 0.0 -2.526 0.22361 997.0 1.6604 12.0 
0.05975 230.58808 105.0 2517.0 3.0 40.0 0.0 -2.9929 0.0 -0.626 0.36056 1001.0 1.3618 18.0 43.0 0.0 -1.2929 0.0 -1.626 0.36056 1000.0 1.4527 16.0 46.0 0.4071 0.0 0.0 -2.326 0.31623 999.0 1.5437 14.0 50.0 2.2071 0.0 0.0 -2.926 0.31623 998.0 1.7023 17.0 57.0 3.9071 0.0 0.0 -3.426 0.31623 995.0 1.8436 14.0 
0.01821 119.9276 87.0 970.0 3.0 84.0 0.0 -5.5929 3.974 0.0 1.20416 1000.0 2.5 17.0 79.0 0.0 -0.9929 0.0 -0.426 0.98995 999.0 2.5 15.0 76.0 3.0071 0.0 0.0 -3.726 0.72111 998.0 2.5 13.0 75.0 6.6071 0.0 0.0 -6.026 0.72111 996.0 2.5 13.0 80.0 9.6071 0.0 0.0 -8.426 0.64031 992.0 2.5 13.0 
0.30311 12.23339 96.0 1821.0 3.0 40.0 0.0 -1.4929 0.274 0.0 0.31623 1000.0 1.2571 16.0 43.0 0.1071 0.0 0.0 -0.026 0.2 1000.0 1.4527 15.0 50.0 1.8071 0.0 0.0 -0.226 0.3 999.0 1.8239 17.0 58.0 3.6071 0.0 0.0 -0.626 0.36056 997.0 2.1474 14.0 60.0 5.4071 0.0 0.0 -1.426 0.36056 996.0 2.1629 14.0 
0.24964 110.21391 93.0 2461.0 3.0 74.0 0.0 -3.2929 0.274 0.0 0.5099 993.0 2.5 22.0 87.0 0.0 -0.1929 0.974 0.0 0.53852 987.0 2.5 20.0 91.0 2.7071 0.0 2.074 0.0 0.41231 983.0 2.5 18.0 94.0 5.0071 0.0 2.874 0.0 0.31623 977.0 2.5 16.0 101.0 7.0071 0.0 3.274 0.0 0.41231 970.0 2.423 14.0 
0.20034 108.43208 96.0 45.0 3.0 71.0 0.0 -1.4929 2.774 0.0 0.56569 993.0 2.5 13.0 71.0 0.7071 0.0 0.674 0.0 0.5 992.0 2.4518 13.0 81.0 2.8071 0.0 0.0 -0.826 0.44721 986.0 2.4819 13.0 89.0 4.8071 0.0 0.0 -1.926 0.36056 979.0 2.3795 11.0 95.0 6.5071 0.0 0.0 -2.626 0.31623 973.0 2.3045 10.0 
0.04401 103.65204 98.0 2839.0 3.0 55.0 0.0 -2.8929 2.174 0.0 0.64031 1001.0 2.5 13.0 54.0 0.0 -0.6929 0.0 -0.626 0.56569 1000.0 2.291 16.0 54.0 1.6071 0.0 0.0 -2.726 0.44721 999.0 2.1274 15.0 54.0 3.7071 0.0 0.0 -4.126 0.36056 998.0 1.9855 13.0 58.0 5.6071 0.0 0.0 -5.126 0.36056 996.0 2.0211 15.0 
0.16275 81.45815 106.0 923.0 3.0 58.0 0.0 -1.6929 0.0 -0.726 0.3 994.0 1.8084 11.0 68.0 0.1071 0.0 0.0 -0.726 0.3 991.0 2.1467 11.0 76.0 1.9071 0.0 0.0 -0.626 0.3 986.0 2.185 10.0 82.0 3.6071 0.0 0.0 -0.626 0.3 981.0 2.1462 9.0 84.0 5.1071 0.0 0.0 -0.926 0.22361 979.0 2.1196 8.0 
0.36355 112.65961 116.0 1418.0 3.0 40.0 1.3071 0.0 0.0 -2.326 0.4 999.0 1.1673 15.0 49.0 1.0071 0.0 0.0 -0.126 0.4 998.0 1.6349 13.0 58.0 0.8071 0.0 2.574 0.0 0.4 997.0 2.1474 16.0 68.0 1.1071 0.0 5.474 0.0 0.5099 993.0 2.3614 12.0 71.0 2.1071 0.0 8.074 0.0 0.36056 991.0 2.3403 11.0 
0.1416 97.07306 99.0 1723.0 3.0 48.0 0.0 -0.4929 1.174 0.0 0.22361 995.0 1.3074 14.0 51.0 0.4071 0.0 0.774 0.0 0.2 994.0 1.3982 12.0 63.0 1.7071 0.0 0.674 0.0 0.2 991.0 1.8426 11.0 73.0 3.2071 0.0 0.774 0.0 0.3 987.0 2.0934 10.0 80.0 5.0071 0.0 0.874 0.0 0.31623 984.0 2.2541 9.0 
0.14236 112.89668 96.0 1906.0 3.0 44.0 0.0 -1.8929 0.574 0.0 0.3 998.0 1.3183 14.0 53.0 0.0 -0.2929 0.974 0.0 0.31623 997.0 1.7931 15.0 61.0 1.6071 0.0 1.974 0.0 0.36056 995.0 2.1114 14.0 70.0 3.7071 0.0 3.474 0.0 0.42426 993.0 2.5 12.0 76.0 5.9071 0.0 5.174 0.0 0.5 991.0 2.5 11.0 
0.05111 235.0142 110.0 610.0 3.0 50.0 1.3071 0.0 2.874 0.0 0.41231 998.0 1.7023 14.0 50.0 2.0071 0.0 0.674 0.0 0.36056 997.0 1.5959 17.0 52.0 2.9071 0.0 0.0 -0.826 0.28284 994.0 1.4536 14.0 60.0 3.9071 0.0 0.0 -1.726 0.22361 991.0 1.6713 15.0 69.0 5.0071 0.0 0.0 -2.326 0.22361 986.0 1.801 13.0 
0.08912 125.44014 136.0 817.0 3.0 48.0 0.0 -0.2929 2.974 0.0 0.53852 1000.0 1.8102 12.0 47.0 0.9071 0.0 0.674 0.0 0.36056 999.0 1.6116 13.0 48.0 2.1071 0.0 0.0 -1.026 0.28284 998.0 1.5688 13.0 47.0 3.2071 0.0 0.0 -2.226 0.28284 996.0 1.3272 12.0 49.0 4.0071 0.0 0.0 -2.926 0.2 993.0 1.2262 10.0 
0.19678 42.04636 97.0 523.0 3.0 51.0 0.0 -2.2929 1.674 0.0 0.56569 999.0 1.8976 17.0 51.0 0.0 -0.1929 0.0 -0.326 0.42426 998.0 1.7711 15.0 53.0 1.8071 0.0 0.0 -1.926 0.36056 997.0 1.7931 14.0 57.0 3.7071 0.0 0.0 -3.526 0.44721 995.0 1.8436 12.0 62.0 5.8071 0.0 0.0 -4.926 0.42426 994.0 2.0664 14.0 
0.21592 34.02587 82.0 75.0 3.0 72.0 0.0 -2.0929 4.674 0.0 0.98489 1000.0 2.5 13.0 64.0 0.2071 0.0 0.0 -0.226 0.80623 1000.0 2.5 12.0 61.0 2.3071 0.0 0.0 -4.126 0.5831 1000.0 2.5 15.0 58.0 4.2071 0.0 0.0 -6.926 0.42426 998.0 2.2906 13.0 58.0 6.1071 0.0 0.0 -8.626 0.36056 996.0 2.0211 11.0 
0.06469 57.38457 109.0 2513.0 3.0 52.0 0.0 -1.8929 0.974 0.0 0.36056 997.0 1.7261 13.0 57.0 0.0 -0.2929 0.0 -0.426 0.28284 994.0 1.7465 11.0 63.0 1.1071 0.0 0.0 -1.626 0.22361 990.0 1.7625 12.0 71.0 2.4071 0.0 0.0 -2.326 0.2 983.0 1.7162 10.0 85.0 3.6071 0.0 0.0 -2.426 0.2 975.0 1.942 10.0 
0.17695 88.93632 122.0 1877.0 3.0 38.0 0.0 -1.1929 1.074 0.0 0.22361 1001.0 1.2291 29.0 40.0 0.2071 0.0 0.774 0.0 0.2 1000.0 1.2571 27.0 42.0 1.6071 0.0 0.774 0.0 0.2 999.0 1.2869 24.0 43.0 2.8071 0.0 0.874 0.0 0.2 999.0 1.3489 23.0 42.0 3.8071 0.0 1.074 0.0 0.1 998.0 1.2011 22.0 
0.41013 38.08876 97.0 1580.0 3.0 50.0 0.0 -2.1929 0.474 0.0 0.41231 1000.0 1.9642 15.0 55.0 0.1071 0.0 0.0 -0.326 0.31623 998.0 2.0598 17.0 62.0 2.2071 0.0 0.0 -1.126 0.36056 996.0 2.3095 14.0 62.0 4.2071 0.0 0.0 -2.126 0.36056 996.0 2.3095 14.0 61.0 6.1071 0.0 0.0 -3.326 0.42426 996.0 2.2356 14.0 
0.54638 62.69156 91.0 2516.0 3.0 69.0 0.0 -2.7929 3.574 0.0 0.78102 997.0 2.5 14.0 70.0 0.3071 0.0 0.474 0.0 0.64031 996.0 2.5 13.0 69.0 3.3071 0.0 0.0 -1.926 0.56569 995.0 2.5 16.0 71.0 5.7071 0.0 0.0 -4.126 0.5 992.0 2.4518 13.0 78.0 7.9071 0.0 0.0 -6.126 0.42426 987.0 2.39 14.0 
0.08554 105.1813 123.0 2454.0 3.0 36.0 0.8071 0.0 1.374 0.0 0.2 998.0 1.0 11.0 36.0 0.9071 0.0 0.274 0.0 0.22361 999.0 1.0 15.0 40.0 1.4071 0.0 0.0 -0.626 0.22361 997.0 1.0214 13.0 44.0 2.0071 0.0 0.0 -1.426 0.14142 995.0 1.0985 12.0 50.0 2.8071 0.0 0.0 -2.226 0.14142 992.0 1.2159 10.0 
0.05272 210.69561 109.0 1953.0 3.0 43.0 0.0 -0.0929 2.674 0.0 0.28284 1001.0 1.5738 17.0 45.0 1.4071 0.0 1.274 0.0 0.42426 1000.0 1.591 20.0 51.0 2.9071 0.0 0.0 -0.226 0.42426 999.0 1.8976 17.0 54.0 4.3071 0.0 0.0 -1.726 0.28284 997.0 1.8615 15.0 54.0 5.5071 0.0 0.0 -3.026 0.22361 996.0 1.752 14.0 
0.11082 210.50196 89.0 1294.0 3.0 74.0 0.0 -1.6929 4.974 0.0 0.86023 999.0 2.5 23.0 72.0 1.3071 0.0 1.374 0.0 0.78102 998.0 2.5 21.0 73.0 4.0071 0.0 0.0 -1.626 0.64031 996.0 2.5 18.0 69.0 6.4071 0.0 0.0 -3.826 0.5 995.0 2.5 18.0 65.0 8.5071 0.0 0.0 -5.626 0.36056 995.0 2.3974 18.0 
0.02593 152.06216 101.0 1424.0 3.0 45.0 0.0 -2.4929 1.674 0.0 0.53852 1001.0 1.7236 13.0 45.0 0.0 -1.0929 0.0 -0.826 0.44721 1000.0 1.591 12.0 46.0 0.3071 0.0 0.0 -2.826 0.42426 999.0 1.5437 11.0 49.0 1.9071 0.0 0.0 -4.526 0.42426 998.0 1.6349 10.0 55.0 3.8071 0.0 0.0 -5.926 0.44721 997.0 1.931 13.0 
0.1343 132.32608 95.0 137.0 3.0 49.0 0.0 -2.7929 1.074 0.0 0.5 1002.0 2.2294 25.0 54.0 0.2071 0.0 1.174 0.0 0.5 1001.0 2.4819 22.0 50.0 2.7071 0.0 1.374 0.0 0.4 1000.0 1.9642 20.0 45.0 4.5071 0.0 1.574 0.0 0.22361 1000.0 1.591 19.0 42.0 5.8071 0.0 2.074 0.0 0.22361 1000.0 1.3859 19.0 
0.19785 43.70729 93.0 2052.0 3.0 63.0 0.0 -3.6929 2.874 0.0 0.70711 999.0 2.5 16.0 68.0 0.0 -0.3929 0.0 -0.026 0.78102 998.0 2.5 15.0 69.0 2.7071 0.0 0.0 -3.026 0.70711 996.0 2.5 13.0 65.0 5.2071 0.0 0.0 -5.626 0.42426 995.0 2.3974 15.0 68.0 7.0071 0.0 0.0 -7.426 0.42426 990.0 2.0534 12.0 
0.06777 163.42753 122.0 2414.0 3.0 54.0 0.2071 0.0 1.774 0.0 0.14142 991.0 1.3538 9.0 66.0 1.0071 0.0 1.074 0.0 0.22361 986.0 1.6478 10.0 80.0 1.9071 0.0 0.474 0.0 0.14142 977.0 1.8158 8.0 93.0 2.7071 0.0 0.074 0.0 0.2 967.0 1.9204 7.0 92.0 3.7071 0.0 0.0 -0.226 0.1 969.0 1.9647 7.0 
0.12516 60.18886 120.0 52.0 3.0 45.0 0.0 -2.2929 1.574 0.0 0.5 1001.0 1.7236 17.0 47.0 0.0 -0.4929 0.0 -0.226 0.42426 1000.0 1.7355 16.0 47.0 1.1071 0.0 0.0 -1.626 0.36056 999.0 1.6116 14.0 46.0 2.5071 0.0 0.0 -2.426 0.22361 998.0 1.4408 17.0 51.0 3.7071 0.0 0.0 -2.726 0.22361 996.0 1.5627 14.0 
0.08958 152.86221 97.0 453.0 3.0 49.0 0.0 -2.1929 1.574 0.0 0.31623 1000.0 1.8864 20.0 54.0 0.0 -0.0929 1.374 0.0 0.3 998.0 1.9855 17.0 58.0 2.0071 0.0 1.774 0.0 0.4 997.0 2.1474 15.0 59.0 4.1071 0.0 2.174 0.0 0.31623 996.0 2.0914 14.0 59.0 6.1071 0.0 2.574 0.0 0.31623 996.0 2.0914 14.0 
0.14738 149.12413 86.0 1366.0 3.0 52.0 0.0 -1.7929 3.474 0.0 0.56569 1002.0 2.5 24.0 58.0 0.8071 0.0 1.074 0.0 0.64031 1001.0 2.5 21.0 63.0 3.8071 0.0 0.0 -1.326 0.5831 1000.0 2.5 19.0 63.0 6.9071 0.0 0.0 -3.026 0.5831 1000.0 2.5 19.0 61.0 10.0071 0.0 0.0 -4.526 0.5 1000.0 2.5 19.0 
0.91609 22.67945 97.0 1934.0 3.0 65.0 0.0 -1.9929 0.0 -0.326 0.41231 991.0 1.9615 12.0 78.0 0.1071 0.0 0.174 0.0 0.3 985.0 2.2193 11.0 94.0 2.3071 0.0 0.374 0.0 0.4 976.0 2.4391 10.0 108.0 4.5071 0.0 0.274 0.0 0.4 965.0 2.4819 9.0 101.0 6.5071 0.0 0.074 0.0 0.3 966.0 2.2168 8.0 
0.55352 36.19458 94.0 3114.0 3.0 72.0 0.0 -3.7929 0.0 -0.126 0.7 999.0 2.5 15.0 67.0 0.0071 0.0 0.0 -0.326 0.6 997.0 2.5 13.0 65.0 2.9071 0.0 0.0 -0.226 0.4 995.0 2.3974 14.0 67.0 5.1071 0.0 0.0 -0.126 0.3 992.0 2.1833 12.0 70.0 7.0071 0.0 0.074 0.0 0.31623 990.0 2.176 11.0 
0.13693 173.59727 91.0 1523.0 3.0 65.0 0.0 -1.5929 4.674 0.0 0.72111 999.0 2.5 14.0 66.0 0.9071 0.0 1.274 0.0 0.70711 998.0 2.5 14.0 70.0 3.4071 0.0 0.0 -1.826 0.64031 996.0 2.5 11.0 76.0 5.7071 0.0 0.0 -4.726 0.56569 992.0 2.5 9.0 87.0 7.8071 0.0 0.0 -7.326 0.5831 986.0 2.5 10.0 
0.22241 18.35579 89.0 277.0 3.0 62.0 0.0 -2.1929 3.874 0.0 0.80623 1000.0 2.5 12.0 62.0 0.1071 0.0 0.0 -0.126 0.72111 1000.0 2.5 11.0 59.0 2.5071 0.0 0.0 -3.326 0.5831 998.0 2.3703 10.0 57.0 4.5071 0.0 0.0 -5.726 0.5 998.0 2.2123 13.0 60.0 6.2071 0.0 0.0 -7.626 0.36056 995.0 2.0427 11.0 
0.02565 229.07578 88.0 2211.0 3.0 70.0 0.0 -3.7929 0.0 -1.726 0.60828 996.0 2.5 11.0 80.0 0.0 -0.3929 0.0 -2.026 0.60828 993.0 2.5 13.0 92.0 3.2071 0.0 0.0 -2.526 0.63246 987.0 2.5 10.0 94.0 6.4071 0.0 0.0 -3.326 0.41231 983.0 2.5 9.0 85.0 8.8071 0.0 0.0 -3.926 0.3 984.0 2.5 9.0 
0.03361 183.87599 324.0 290.0 3.0 62.0 0.0 -3.5929 1.274 0.0 0.64031 998.0 2.5 10.0 63.0 0.0 -0.9929 0.0 -1.326 0.5831 996.0 2.3846 9.0 67.0 1.6071 0.0 0.0 -3.126 0.5 995.0 2.5 11.0 74.0 4.0071 0.0 0.0 -4.626 0.44721 989.0 2.3304 9.0 87.0 6.2071 0.0 0.0 -5.726 0.31623 981.0 2.4159 9.0 
0.16914 35.39254 116.0 1559.0 3.0 52.0 0.0 -1.7929 1.374 0.0 0.42426 998.0 1.8412 13.0 55.0 0.0 -0.2929 0.0 -0.126 0.28284 995.0 1.7165 11.0 64.0 1.0071 0.0 0.0 -0.926 0.22361 989.0 1.7431 10.0 71.0 2.1071 0.0 0.0 -1.326 0.22361 985.0 1.8388 9.0 70.0 3.2071 0.0 0.0 -1.526 0.2 985.0 1.7874 10.0 
0.48827 24.41152 94.0 1879.0 3.0 62.0 0.0 -2.9929 2.074 0.0 0.5831 1000.0 2.5 21.0 64.0 0.2071 0.0 0.074 0.0 0.64031 998.0 2.5 19.0 63.0 3.0071 0.0 0.0 -1.926 0.5831 997.0 2.5 17.0 64.0 5.4071 0.0 0.0 -3.626 0.36056 996.0 2.4609 19.0 59.0 7.2071 0.0 0.0 -4.926 0.36056 995.0 1.9752 18.0 
0.07541 242.99435 90.0 2297.0 3.0 55.0 0.4071 0.0 3.574 0.0 0.5 1000.0 2.3767 15.0 59.0 2.0071 0.0 0.874 0.0 0.5 998.0 2.3703 17.0 65.0 4.0071 0.0 0.0 -1.526 0.5 997.0 2.5 15.0 67.0 6.0071 0.0 0.0 -3.626 0.56569 996.0 2.5 14.0 66.0 8.1071 0.0 0.0 -5.626 0.36056 995.0 2.4717 14.0 
0.0699 231.27048 105.0 1946.0 3.0 47.0 0.5071 0.0 0.0 -2.426 0.28284 997.0 1.4101 12.0 55.0 1.6071 0.0 0.0 -1.326 0.28284 994.0 1.6261 10.0 68.0 2.6071 0.0 0.474 0.0 0.31623 991.0 2.1467 11.0 75.0 3.4071 0.0 2.974 0.0 0.44721 988.0 2.2981 8.0 82.0 4.5071 0.0 5.874 0.0 0.53852 986.0 2.5 8.0 
0.1691 127.08247 91.0 2438.0 3.0 73.0 0.0 -3.1929 0.0 -3.026 0.67082 995.0 2.5 11.0 83.0 0.2071 0.0 0.0 -1.126 0.53852 992.0 2.5 12.0 89.0 3.2071 0.0 0.0 -0.026 0.5099 985.0 2.5 9.0 92.0 5.8071 0.0 0.474 0.0 0.41231 980.0 2.5 8.0 89.0 8.0071 0.0 0.974 0.0 0.31623 980.0 2.4516 8.0 
0.09803 97.07306 100.0 1659.0 3.0 52.0 0.0 -1.6929 2.674 0.0 0.5 1000.0 2.1245 16.0 52.0 0.4071 0.0 0.774 0.0 0.5 999.0 1.9727 15.0 53.0 2.3071 0.0 0.0 -0.926 0.42426 998.0 1.9127 13.0 55.0 4.0071 0.0 0.0 -2.426 0.42426 997.0 1.931 16.0 63.0 5.6071 0.0 0.0 -3.726 0.36056 993.0 2.0269 13.0 
0.06891 114.50479 102.0 508.0 3.0 54.0 0.0 -1.7929 0.0 -0.626 0.31623 996.0 1.752 12.0 60.0 0.1071 0.0 0.0 -1.026 0.31623 994.0 1.9352 13.0 69.0 1.9071 0.0 0.0 -1.026 0.31623 990.0 2.1142 11.0 76.0 3.6071 0.0 0.0 -0.626 0.3 985.0 2.1069 10.0 84.0 5.2071 0.0 0.0 -0.226 0.3 980.0 2.1839 8.0 
0.05361 143.93094 109.0 2728.0 3.0 45.0 0.0 -2.4929 0.174 0.0 0.36056 999.0 1.4773 11.0 48.0 0.0 -0.7929 0.0 -1.026 0.28284 998.0 1.5688 14.0 53.0 0.8071 0.0 0.0 -2.026 0.36056 996.0 1.6877 12.0 59.0 2.4071 0.0 0.0 -2.726 0.31623 993.0 1.7777 10.0 71.0 4.1071 0.0 0.0 -3.226 0.22361 988.0 2.0595 10.0 
0.04228 199.1832 101.0 2460.0 3.0 55.0 0.3071 0.0 4.174 0.0 0.63246 1000.0 2.3767 16.0 53.0 1.5071 0.0 0.974 0.0 0.44721 999.0 2.0493 15.0 51.0 2.9071 0.0 0.0 -1.126 0.36056 998.0 1.7711 13.0 55.0 4.3071 0.0 0.0 -2.726 0.28284 997.0 1.931 15.0 64.0 5.7071 0.0 0.0 -3.926 0.36056 993.0 2.0918 12.0 
0.39141 14.4498 100.0 2205.0 3.0 48.0 0.0 -1.5929 0.674 0.0 0.31623 999.0 1.6809 18.0 57.0 0.1071 0.0 0.074 0.0 0.36056 996.0 1.952 14.0 61.0 1.9071 0.0 0.0 -0.826 0.31623 995.0 2.1114 13.0 64.0 3.7071 0.0 0.0 -1.726 0.31623 994.0 2.2019 13.0 61.0 5.5071 0.0 0.0 -2.326 0.31623 995.0 2.1114 13.0 
0.31337 52.6199 90.0 1082.0 3.0 58.0 0.0 -2.6929 0.0 -0.226 0.5099 999.0 2.4542 14.0 63.0 0.0071 0.0 0.474 0.0 0.5099 997.0 2.5 15.0 68.0 2.7071 0.0 0.874 0.0 0.5 995.0 2.5 14.0 71.0 5.5071 0.0 1.074 0.0 0.4 994.0 2.5 13.0 74.0 8.2071 0.0 1.474 0.0 0.4 993.0 2.5 12.0 
0.12654 180.07493 90.0 2791.0 3.0 65.0 0.0 -3.5929 0.274 0.0 0.63246 998.0 2.5 13.0 71.0 0.0 -0.3929 1.574 0.0 0.63246 996.0 2.5 14.0 78.0 2.6071 0.0 2.374 0.0 0.5 992.0 2.5 12.0 82.0 5.5071 0.0 2.374 0.0 0.5099 989.0 2.5 11.0 79.0 8.2071 0.0 2.174 0.0 0.4 989.0 2.5 10.0 
0.02348 168.35251 91.0 2688.0 3.0 68.0 0.0 -4.4929 1.374 0.0 0.92195 1001.0 2.5 17.0 65.0 0.0 -0.8929 0.0 -1.226 0.72111 1000.0 2.5 15.0 62.0 2.3071 0.0 0.0 -2.826 0.53852 998.0 2.5 13.0 65.0 5.2071 0.0 0.0 -3.526 0.41231 997.0 2.5 15.0 70.0 7.9071 0.0 0.0 -4.026 0.41231 994.0 2.5 13.0 
0.02041 189.38521 82.0 513.0 3.0 56.0 0.0 -3.4929 2.574 0.0 0.72111 1001.0 2.5 16.0 54.0 0.0 -1.4929 0.0 -0.826 0.64031 1000.0 2.291 17.0 53.0 0.5071 0.0 0.0 -3.526 0.5 999.0 2.0493 15.0 54.0 2.4071 0.0 0.0 -5.826 0.42426 998.0 1.9855 14.0 56.0 4.2071 0.0 0.0 -7.626 0.28284 996.0 1.8841 12.0 
0.11048 139.82063 97.0 534.0 3.0 54.0 0.0 -0.4929 2.274 0.0 0.28284 996.0 1.752 12.0 60.0 0.9071 0.0 0.874 0.0 0.42426 994.0 1.9352 13.0 72.0 2.4071 0.0 0.0 -0.526 0.36056 988.0 2.1179 11.0 85.0 4.0071 0.0 0.0 -1.826 0.42426 981.0 2.3061 9.0 100.0 5.8071 0.0 0.0 -3.126 0.44721 971.0 2.4318 7.0 
0.13399 86.73259 103.0 121.0 3.0 57.0 0.0 -2.3929 1.174 0.0 0.41231 999.0 2.3703 14.0 57.0 0.1071 0.0 0.774 0.0 0.41231 997.0 2.074 12.0 58.0 2.1071 0.0 0.374 0.0 0.31623 995.0 1.9088 14.0 65.0 3.7071 0.0 0.0 -0.326 0.22361 991.0 1.9615 11.0 72.0 5.1071 0.0 0.0 -0.926 0.31623 987.0 2.0365 10.0 
0.0961 42.04636 84.0 2914.0 3.0 42.0 0.0 -1.3929 2.074 0.0 0.44721 1001.0 1.5014 13.0 45.0 0.0 -0.1929 0.0 -0.326 0.5 1000.0 1.591 12.0 48.0 1.1071 0.0 0.0 -2.826 0.44721 999.0 1.6809 11.0 52.0 2.3071 0.0 0.0 -5.326 0.44721 998.0 1.8412 10.0 56.0 3.5071 0.0 0.0 -7.826 0.44721 997.0 2.0019 12.0 
0.51619 12.23339 95.0 3087.0 3.0 56.0 0.0 -2.1929 0.574 0.0 0.41231 999.0 2.2879 17.0 62.0 0.1071 0.0 0.0 -0.026 0.31623 996.0 2.3095 14.0 64.0 2.2071 0.0 0.0 -0.626 0.31623 994.0 2.2019 13.0 68.0 4.3071 0.0 0.0 -1.326 0.31623 993.0 2.3614 12.0 71.0 6.4071 0.0 0.0 -2.226 0.36056 992.0 2.4518 12.0 
0.12094 149.53255 116.0 2679.0 3.0 58.0 1.2071 0.0 0.0 -4.026 0.6 998.0 2.2906 14.0 62.0 1.3071 0.0 0.0 -0.326 0.5099 997.0 2.4538 12.0 63.0 1.7071 0.0 2.574 0.0 0.31623 994.0 2.1336 13.0 67.0 2.4071 0.0 4.474 0.0 0.36056 990.0 1.9935 11.0 73.0 3.6071 0.0 5.974 0.0 0.28284 987.0 2.0934 10.0 
0.24619 156.56692 86.0 2465.0 3.0 80.0 0.0 -2.4929 4.274 0.0 0.84853 997.0 2.5 16.0 82.0 1.1071 0.0 0.874 0.0 0.78102 995.0 2.5 15.0 86.0 4.6071 0.0 0.0 -1.826 0.64031 992.0 2.5 16.0 86.0 7.4071 0.0 0.0 -4.426 0.56569 989.0 2.5 14.0 87.0 9.7071 0.0 0.0 -6.826 0.5 983.0 2.5 11.0 
0.10564 187.34835 96.0 1927.0 3.0 53.0 0.0 -0.6929 3.174 0.0 0.42426 998.0 1.9127 14.0 54.0 1.1071 0.0 1.274 0.0 0.36056 998.0 1.9855 17.0 58.0 2.7071 0.0 0.0 -0.226 0.36056 995.0 1.9088 15.0 66.0 4.3071 0.0 0.0 -1.626 0.28284 992.0 2.1186 15.0 77.0 5.9071 0.0 0.0 -2.726 0.44721 986.0 2.2429 13.0 
0.05234 247.08726 91.0 507.0 3.0 52.0 0.0 -2.7929 0.0 -1.926 0.5 1000.0 2.1245 16.0 57.0 0.0071 0.0 0.0 -2.226 0.5099 999.0 2.3703 14.0 60.0 2.9071 0.0 0.0 -2.426 0.4 998.0 2.4513 17.0 65.0 5.5071 0.0 0.0 -2.826 0.41231 996.0 2.5 14.0 66.0 7.8071 0.0 0.0 -3.626 0.41231 994.0 2.3416 13.0 
0.09047 104.99253 111.0 3117.0 3.0 43.0 0.0 -1.9929 0.0 -0.026 0.36056 1001.0 1.5738 17.0 46.0 0.0 -0.1929 0.0 -0.926 0.44721 1000.0 1.6625 15.0 49.0 1.6071 0.0 0.0 -1.726 0.36056 998.0 1.6349 13.0 51.0 3.2071 0.0 0.0 -2.626 0.36056 997.0 1.6604 12.0 57.0 4.6071 0.0 0.0 -3.426 0.22361 995.0 1.8436 13.0 
0.058 176.88004 98.0 690.0 3.0 47.0 0.0 -0.6929 2.674 0.0 0.28284 997.0 1.4101 9.0 53.0 0.8071 0.0 1.374 0.0 0.22361 996.0 1.6877 12.0 63.0 2.5071 0.0 0.574 0.0 0.31623 993.0 2.0269 13.0 70.0 4.4071 0.0 0.174 0.0 0.31623 990.0 2.176 11.0 74.0 6.2071 0.0 0.074 0.0 0.31623 987.0 2.1512 10.0 
0.15868 88.79073 106.0 1767.0 3.0 52.0 0.0 -0.2929 2.274 0.0 0.41231 997.0 1.7261 14.0 55.0 0.7071 0.0 0.374 0.0 0.28284 996.0 1.8174 15.0 63.0 1.9071 0.0 0.0 -0.926 0.22361 991.0 1.8426 12.0 62.0 3.0071 0.0 0.0 -1.626 0.2 991.0 1.7846 11.0 67.0 4.3071 0.0 0.0 -1.526 0.22361 989.0 1.9104 11.0 
0.14119 92.73958 98.0 2078.0 3.0 53.0 0.0 -1.3929 3.274 0.0 0.64031 999.0 2.0493 12.0 54.0 0.6071 0.0 0.574 0.0 0.5831 998.0 1.9855 11.0 53.0 2.4071 0.0 0.0 -1.926 0.42426 998.0 1.9127 14.0 55.0 4.0071 0.0 0.0 -4.026 0.42426 997.0 1.931 13.0 58.0 5.5071 0.0 0.0 -5.926 0.28284 994.0 1.8084 11.0 
0.08245 149.94232 89.0 1739.0 3.0 51.0 0.0 -0.2929 3.874 0.0 0.53852 1000.0 2.0435 12.0 52.0 1.1071 0.0 0.774 0.0 0.5831 999.0 1.9727 11.0 53.0 2.5071 0.0 0.0 -2.126 0.44721 998.0 1.9127 10.0 56.0 3.8071 0.0 0.0 -4.726 0.44721 996.0 1.8841 9.0 60.0 5.1071 0.0 0.0 -7.026 0.44721 994.0 1.9352 11.0 
0.16249 93.62417 95.0 837.0 3.0 54.0 0.0 -1.3929 2.574 0.0 0.5 1000.0 2.291 18.0 56.0 0.5071 0.0 0.674 0.0 0.42426 999.0 2.2879 17.0 57.0 2.4071 0.0 0.0 -0.926 0.36056 998.0 2.2123 16.0 58.0 4.4071 0.0 0.0 -2.026 0.41231 997.0 2.1474 15.0 57.0 6.5071 0.0 0.0 -2.626 0.3 997.0 2.074 15.0 
0.11811 234.69733 93.0 1826.0 3.0 73.0 0.0 -0.5929 6.174 0.0 0.98489 1000.0 2.5 11.0 66.0 1.6071 0.0 1.374 0.0 0.80623 999.0 2.5 11.0 60.0 3.5071 0.0 0.0 -2.126 0.5831 997.0 2.2981 10.0 60.0 5.3071 0.0 0.0 -4.626 0.5 996.0 2.1629 12.0 66.0 6.8071 0.0 0.0 -6.926 0.44721 992.0 2.1186 10.0 
0.084 125.44014 75.0 1736.0 3.0 51.0 0.0 -0.5929 2.874 0.0 0.44721 1001.0 2.2138 20.0 51.0 0.9071 0.0 0.674 0.0 0.42426 1000.0 2.0435 18.0 50.0 2.5071 0.0 0.0 -0.826 0.36056 1000.0 1.9642 18.0 51.0 4.5071 0.0 0.0 -1.626 0.41231 1000.0 2.0435 18.0 50.0 6.7071 0.0 0.0 -2.026 0.41231 1000.0 1.9642 19.0 
0.09527 148.01451 99.0 1707.0 3.0 65.0 0.0 -0.9929 4.574 0.0 0.72111 999.0 2.5 11.0 61.0 1.0071 0.0 0.874 0.0 0.5831 998.0 2.5 10.0 58.0 2.7071 0.0 0.0 -2.026 0.5 997.0 2.1474 13.0 60.0 4.2071 0.0 0.0 -4.026 0.42426 994.0 1.9352 11.0 66.0 5.7071 0.0 0.0 -5.326 0.31623 989.0 1.8538 9.0 
0.09764 195.86221 87.0 2507.0 3.0 65.0 0.0 -2.1929 4.074 0.0 0.78102 998.0 2.5 14.0 69.0 1.1071 0.0 1.374 0.0 0.64031 997.0 2.5 13.0 69.0 4.3071 0.0 0.0 -0.526 0.53852 996.0 2.5 15.0 71.0 7.0071 0.0 0.0 -2.126 0.5 993.0 2.5 15.0 78.0 9.2071 0.0 0.0 -3.626 0.44721 989.0 2.5 14.0 
0.20227 53.71602 119.0 2138.0 3.0 57.0 0.0 -0.6929 1.774 0.0 0.36056 994.0 1.7465 13.0 56.0 0.3071 0.0 0.374 0.0 0.28284 994.0 1.6858 13.0 60.0 1.5071 0.0 0.0 -0.726 0.22361 993.0 1.8385 12.0 66.0 2.8071 0.0 0.0 -1.426 0.31623 990.0 1.9344 11.0 66.0 4.3071 0.0 0.0 -1.826 0.2 990.0 1.9344 11.0 
0.07169 191.29221 94.0 2745.0 3.0 46.0 0.0 -3.1929 1.674 0.0 0.44721 1001.0 1.801 19.0 47.0 0.0 -0.8929 1.474 0.0 0.36056 1001.0 1.8802 23.0 56.0 1.4071 0.0 2.974 0.0 0.5 1000.0 2.4639 19.0 61.0 4.0071 0.0 4.674 0.0 0.5831 999.0 2.5 17.0 60.0 6.6071 0.0 5.974 0.0 0.44721 999.0 2.5 17.0 
0.03231 97.40378 104.0 2511.0 3.0 56.0 0.0 -2.3929 2.274 0.0 0.5831 1000.0 2.4639 12.0 53.0 0.0 -0.4929 0.0 -0.726 0.5 999.0 2.0493 11.0 51.0 1.3071 0.0 0.0 -2.726 0.36056 997.0 1.6604 10.0 53.0 2.9071 0.0 0.0 -4.126 0.36056 997.0 1.7931 12.0 59.0 4.5071 0.0 0.0 -5.226 0.28284 993.0 1.7777 10.0 
0.07341 165.42227 97.0 483.0 3.0 47.0 0.0 -0.1929 2.474 0.0 0.42426 999.0 1.6116 15.0 50.0 1.2071 0.0 0.874 0.0 0.36056 998.0 1.7023 13.0 58.0 2.7071 0.0 0.0 -0.626 0.36056 996.0 2.0211 14.0 67.0 4.4071 0.0 0.0 -2.126 0.36056 993.0 2.2925 12.0 72.0 6.1071 0.0 0.0 -3.626 0.42426 990.0 2.3021 11.0 
0.20856 13.18352 100.0 1924.0 3.0 52.0 0.0 -1.6929 2.774 0.0 0.53852 999.0 1.9727 11.0 52.0 0.0 -0.0929 0.074 0.0 0.44721 999.0 1.9727 15.0 54.0 1.6071 0.0 0.0 -2.026 0.42426 998.0 1.9855 13.0 58.0 3.4071 0.0 0.0 -3.326 0.36056 995.0 1.9088 11.0 66.0 5.3071 0.0 0.0 -4.226 0.31623 992.0 2.1186 12.0 
0.08246 186.5357 162.0 788.0 3.0 59.0 0.0 -0.2929 2.274 0.0 0.22361 989.0 1.4814 9.0 65.0 0.8071 0.0 1.474 0.0 0.22361 986.0 1.5983 11.0 81.0 1.9071 0.0 1.174 0.0 0.22361 978.0 1.9146 11.0 94.0 3.0071 0.0 1.474 0.0 0.14142 967.0 1.9619 9.0 95.0 3.7071 0.0 2.074 0.0 0.14142 965.0 1.9204 9.0 
0.21949 187.23059 86.0 2715.0 3.0 64.0 0.0 -3.0929 3.174 0.0 0.5831 998.0 2.5 15.0 66.0 0.2071 0.0 1.674 0.0 0.5099 998.0 2.5 17.0 71.0 3.5071 0.0 1.274 0.0 0.5099 995.0 2.5 15.0 80.0 6.8071 0.0 0.874 0.0 0.5099 992.0 2.5 15.0 81.0 9.7071 0.0 0.374 0.0 0.41231 989.0 2.5 14.0 
0.33702 32.65484 87.0 1653.0 3.0 50.0 0.0 -2.1929 1.774 0.0 0.44721 1001.0 2.1279 18.0 50.0 0.1071 0.0 0.274 0.0 0.42426 1000.0 1.9642 16.0 50.0 2.0071 0.0 0.0 -1.326 0.36056 1000.0 1.9642 15.0 50.0 3.7071 0.0 0.0 -2.726 0.36056 998.0 1.7023 13.0 52.0 5.2071 0.0 0.0 -3.826 0.22361 997.0 1.7261 13.0 
0.04926 237.69831 131.0 1253.0 3.0 38.0 1.5071 0.0 1.874 0.0 0.22361 999.0 1.0535 19.0 42.0 1.9071 0.0 0.974 0.0 0.14142 998.0 1.2011 16.0 42.0 2.3071 0.0 0.574 0.0 0.1 996.0 1.0598 15.0 44.0 2.6071 0.0 0.574 0.0 0.1 995.0 1.0985 14.0 49.0 3.0071 0.0 0.874 0.0 0.1 994.0 1.2907 13.0 
0.06803 258.1872 111.0 2777.0 3.0 55.0 0.0 -2.2929 0.0 -2.026 0.41231 998.0 2.0598 14.0 57.0 0.0071 0.0 0.0 -2.326 0.3 996.0 1.952 12.0 67.0 1.9071 0.0 0.0 -2.126 0.3 992.0 2.1833 12.0 64.0 3.6071 0.0 0.0 -2.026 0.2 992.0 1.9922 12.0 68.0 5.0071 0.0 0.0 -1.926 0.3 989.0 1.9678 10.0 
0.07679 169.28524 111.0 914.0 3.0 56.0 0.0 -1.0929 0.0 -2.026 0.41231 996.0 1.8841 12.0 63.0 0.9071 0.0 0.0 -1.226 0.36056 993.0 2.0269 11.0 71.0 2.5071 0.0 0.0 -0.026 0.36056 988.0 2.0595 10.0 78.0 3.6071 0.0 1.274 0.0 0.31623 983.0 2.0713 9.0 82.0 4.6071 0.0 2.574 0.0 0.22361 980.0 2.0811 8.0 
0.66417 30.42421 94.0 2267.0 3.0 73.0 0.0 -2.3929 0.974 0.0 0.44721 989.0 2.2679 9.0 93.0 0.0071 0.0 0.274 0.0 0.4 979.0 2.5 8.0 104.0 2.4071 0.0 0.074 0.0 0.5 970.0 2.5 7.0 112.0 4.8071 0.0 0.074 0.0 0.4 962.0 2.5 6.0 107.0 6.9071 0.0 0.074 0.0 0.3 964.0 2.3865 7.0 
0.41356 32.11459 97.0 1797.0 3.0 61.0 0.0 -2.6929 0.074 0.0 0.4 996.0 2.2356 12.0 68.0 0.0 -0.0929 0.274 0.0 0.41231 992.0 2.249 10.0 75.0 2.2071 0.0 0.774 0.0 0.31623 989.0 2.3938 11.0 86.0 4.2071 0.0 1.374 0.0 0.31623 980.0 2.2891 9.0 97.0 6.1071 0.0 1.674 0.0 0.3 971.0 2.2881 7.0 
0.43097 27.7603 98.0 259.0 3.0 42.0 0.0 -1.8929 0.0 -0.126 0.3 1001.0 1.5014 17.0 48.0 0.1071 0.0 0.0 -0.226 0.3 1000.0 1.8102 20.0 54.0 2.2071 0.0 0.0 -0.826 0.36056 999.0 2.1274 17.0 55.0 4.2071 0.0 0.0 -1.926 0.36056 998.0 2.0598 16.0 54.0 6.1071 0.0 0.0 -3.026 0.36056 998.0 1.9855 16.0 
0.05229 272.77482 137.0 1387.0 3.0 34.0 0.0 -1.8929 0.0 -1.826 0.22361 1001.0 1.0 18.0 36.0 0.0 -0.7929 0.0 -2.326 0.22361 1000.0 1.0182 16.0 37.0 0.2071 0.0 0.0 -2.526 0.1 999.0 1.0 14.0 41.0 1.0071 0.0 0.0 -2.426 0.14142 998.0 1.1446 15.0 46.0 1.7071 0.0 0.0 -2.226 0.1 996.0 1.2713 15.0 
0.06404 72.3143 243.0 278.0 3.0 63.0 0.0 -2.7929 1.974 0.0 0.56569 997.0 2.5 9.0 64.0 0.0 -0.4929 0.0 -0.426 0.5 996.0 2.4609 11.0 70.0 1.7071 0.0 0.0 -2.126 0.44721 991.0 2.2749 9.0 79.0 3.8071 0.0 0.0 -3.426 0.36056 985.0 2.2766 9.0 98.0 5.7071 0.0 0.0 -4.526 0.31623 971.0 2.3355 7.0 
0.04454 192.1136 73.0 2239.0 3.0 44.0 0.0 -0.7929 2.474 0.0 0.36056 1001.0 1.6478 20.0 49.0 0.9071 0.0 1.474 0.0 0.31623 1000.0 1.8864 18.0 49.0 2.7071 0.0 0.674 0.0 0.31623 1000.0 1.8864 18.0 44.0 4.2071 0.0 0.074 0.0 0.22361 1000.0 1.5211 18.0 40.0 5.4071 0.0 0.0 -0.226 0.1 1000.0 1.2571 18.0 
0.10154 257.667 94.0 70.0 3.0 48.0 1.0071 0.0 3.674 0.0 0.53852 999.0 1.6809 13.0 53.0 2.1071 0.0 0.974 0.0 0.44721 998.0 1.9127 14.0 58.0 3.3071 0.0 0.0 -1.626 0.5 996.0 2.0211 12.0 64.0 5.0071 0.0 0.0 -3.926 0.42426 993.0 2.0918 10.0 73.0 6.9071 0.0 0.0 -5.726 0.42426 989.0 2.2679 12.0 
0.05284 105.51111 105.0 735.0 3.0 47.0 0.0 -2.1929 2.074 0.0 0.44721 1000.0 1.7355 12.0 47.0 0.0 -0.8929 0.0 -0.326 0.44721 1000.0 1.7355 16.0 49.0 0.4071 0.0 0.0 -2.426 0.36056 999.0 1.7517 14.0 52.0 2.0071 0.0 0.0 -3.826 0.22361 997.0 1.7261 12.0 59.0 3.7071 0.0 0.0 -4.426 0.3 995.0 1.9752 14.0 
0.34174 109.18961 87.0 99.0 3.0 75.0 0.0 -2.4929 4.874 0.0 0.92195 1000.0 2.5 16.0 66.0 0.6071 0.0 0.774 0.0 0.78102 999.0 2.5 16.0 64.0 3.1071 0.0 0.0 -2.726 0.64031 999.0 2.5 19.0 66.0 5.3071 0.0 0.0 -5.826 0.64031 997.0 2.5 16.0 70.0 7.3071 0.0 0.0 -8.826 0.5831 994.0 2.5 14.0 
0.08607 138.01396 99.0 2354.0 3.0 47.0 0.0 -1.9929 0.0 -1.426 0.4 1001.0 1.8802 16.0 52.0 0.2071 0.0 0.0 -1.226 0.41231 1000.0 2.1245 14.0 54.0 2.4071 0.0 0.0 -0.826 0.41231 999.0 2.1274 13.0 53.0 4.4071 0.0 0.0 -0.326 0.36056 998.0 1.9127 12.0 50.0 6.1071 0.0 0.474 0.0 0.31623 999.0 1.8239 13.0 
0.07917 148.45836 106.0 3115.0 3.0 52.0 0.0 -0.9929 1.574 0.0 0.31623 997.0 1.7261 11.0 55.0 0.4071 0.0 1.274 0.0 0.2 995.0 1.7165 10.0 58.0 1.5071 0.0 1.174 0.0 0.2 992.0 1.6361 9.0 63.0 2.7071 0.0 1.074 0.0 0.1 990.0 1.7625 8.0 67.0 3.9071 0.0 1.174 0.0 0.2 989.0 1.9104 8.0 
0.09559 109.93408 110.0 1878.0 3.0 39.0 0.0 -0.1929 2.074 0.0 0.36056 1000.0 1.195 16.0 43.0 0.8071 0.0 0.574 0.0 0.28284 1000.0 1.4527 20.0 49.0 2.0071 0.0 0.0 -0.726 0.28284 998.0 1.6349 16.0 49.0 3.2071 0.0 0.0 -1.626 0.2 997.0 1.5327 15.0 49.0 4.3071 0.0 0.0 -1.926 0.2 997.0 1.5327 15.0 
0.15931 78.1117 56.0 1511.0 3.0 45.0 0.0 -1.3929 1.974 0.0 0.36056 1001.0 1.7236 21.0 49.0 0.4071 0.0 0.574 0.0 0.44721 1001.0 2.0436 20.0 52.0 2.5071 0.0 0.0 -0.626 0.44721 1000.0 2.1245 19.0 50.0 4.7071 0.0 0.0 -1.726 0.41231 1001.0 2.1279 20.0 46.0 6.7071 0.0 0.0 -2.726 0.36056 1001.0 1.801 21.0 
0.19118 112.1609 91.0 1498.0 3.0 60.0 0.0 -2.2929 3.474 0.0 0.64031 1001.0 2.5 17.0 59.0 0.5071 0.0 0.874 0.0 0.64031 1000.0 2.5 15.0 61.0 3.0071 0.0 0.0 -1.626 0.56569 998.0 2.5 14.0 64.0 5.4071 0.0 0.0 -3.926 0.56569 997.0 2.5 16.0 68.0 7.7071 0.0 0.0 -5.926 0.5 995.0 2.5 14.0 
0.09795 158.13844 94.0 1243.0 3.0 62.0 0.0 -1.3929 3.774 0.0 0.56569 997.0 2.4538 13.0 62.0 0.8071 0.0 1.174 0.0 0.56569 996.0 2.3095 13.0 67.0 3.0071 0.0 0.0 -1.226 0.5 994.0 2.4131 14.0 73.0 5.0071 0.0 0.0 -3.326 0.5 989.0 2.2679 12.0 83.0 6.8071 0.0 0.0 -5.226 0.42426 985.0 2.5 12.0 
0.0988 136.94208 100.0 1938.0 3.0 40.0 0.0 -0.7929 1.774 0.0 0.31623 1001.0 1.3618 21.0 44.0 0.6071 0.0 1.074 0.0 0.31623 1000.0 1.5211 19.0 50.0 2.2071 0.0 0.374 0.0 0.22361 998.0 1.7023 16.0 53.0 3.8071 0.0 0.0 -0.026 0.2 997.0 1.7931 15.0 54.0 5.4071 0.0 0.0 -0.226 0.3 997.0 1.8615 15.0 
0.15198 167.99645 89.0 2188.0 3.0 80.0 0.0 -3.5929 0.0 -1.826 0.8 997.0 2.5 14.0 81.0 0.5071 0.0 0.0 -1.426 0.5099 994.0 2.5 13.0 80.0 3.6071 0.0 0.0 -0.426 0.53852 991.0 2.5 12.0 78.0 6.3071 0.0 0.174 0.0 0.41231 990.0 2.5 11.0 73.0 8.6071 0.0 0.074 0.0 0.3 990.0 2.3665 11.0 
0.09153 180.93975 93.0 2637.0 3.0 58.0 0.0 -0.7929 4.474 0.0 0.80623 1001.0 2.5 15.0 56.0 1.3071 0.0 0.974 0.0 0.5831 1001.0 2.5 16.0 56.0 3.2071 0.0 0.0 -1.926 0.5 1000.0 2.4639 15.0 58.0 5.1071 0.0 0.0 -4.326 0.5 998.0 2.2906 13.0 64.0 7.0071 0.0 0.0 -6.426 0.5 996.0 2.4609 15.0 
0.0685 143.94806 112.0 1704.0 3.0 48.0 0.8071 0.0 2.474 0.0 0.41231 997.0 1.4708 10.0 50.0 1.2071 0.0 0.474 0.0 0.31623 996.0 1.502 12.0 54.0 1.7071 0.0 0.0 -1.026 0.22361 992.0 1.4182 10.0 65.0 2.4071 0.0 0.0 -1.926 0.14142 987.0 1.6597 10.0 70.0 3.3071 0.0 0.0 -2.426 0.14142 984.0 1.7258 9.0 
0.05488 77.34927 80.0 659.0 3.0 63.0 0.0 -3.5929 4.474 0.0 0.86023 1001.0 2.5 18.0 70.0 0.0 -0.6929 0.074 0.0 1.0 1001.0 2.5 16.0 81.0 2.9071 0.0 0.0 -4.626 0.92195 999.0 2.5 14.0 83.0 6.8071 0.0 0.0 -8.826 0.86023 997.0 2.5 13.0 81.0 10.6071 0.0 0.0 -11.426 0.63246 995.0 2.5 14.0 
0.07731 210.69561 93.0 1640.0 3.0 40.0 0.5071 0.0 2.774 0.0 0.28284 1000.0 1.2571 16.0 43.0 1.4071 0.0 1.274 0.0 0.28284 1000.0 1.4527 17.0 51.0 2.5071 0.0 0.0 -0.226 0.36056 998.0 1.7711 16.0 56.0 3.8071 0.0 0.0 -1.826 0.28284 997.0 2.0019 15.0 56.0 5.0071 0.0 0.0 -3.026 0.28284 995.0 1.7795 13.0 
0.00631 150.70376 83.0 2550.0 3.0 74.0 0.0 -3.9929 3.874 0.0 0.98489 999.0 2.5 15.0 76.0 0.0 -0.9929 0.0 -0.926 0.86023 997.0 2.5 13.0 76.0 2.2071 0.0 0.0 -4.426 0.70711 994.0 2.5 12.0 79.0 5.2071 0.0 0.0 -7.126 0.5831 992.0 2.5 13.0 85.0 7.9071 0.0 0.0 -9.226 0.42426 984.0 2.5 10.0 
0.1003 130.72136 119.0 2950.0 3.0 52.0 0.0 -1.4929 0.774 0.0 0.22361 996.0 1.6246 14.0 64.0 0.0 -0.0929 1.174 0.0 0.22361 991.0 1.9016 11.0 67.0 1.4071 0.0 1.374 0.0 0.3 990.0 1.9935 11.0 70.0 3.0071 0.0 1.274 0.0 0.2 988.0 2.0019 10.0 70.0 4.4071 0.0 0.874 0.0 0.22361 988.0 2.0019 10.0 
0.12247 125.44014 96.0 334.0 3.0 60.0 0.0 -1.5929 3.274 0.0 0.64031 1001.0 2.5 17.0 56.0 0.9071 0.0 0.674 0.0 0.5 1000.0 2.4639 15.0 53.0 3.1071 0.0 0.0 -1.026 0.44721 999.0 2.0493 14.0 55.0 5.1071 0.0 0.0 -2.126 0.31623 997.0 1.931 16.0 57.0 6.7071 0.0 0.0 -2.726 0.31623 995.0 1.8436 14.0 
0.06182 168.68372 95.0 1175.0 3.0 58.0 0.0 -0.2929 3.974 0.0 0.67082 1000.0 2.5 12.0 55.0 1.4071 0.0 0.574 0.0 0.63246 999.0 2.2069 11.0 53.0 2.8071 0.0 0.0 -2.326 0.5 998.0 1.9127 10.0 53.0 4.3071 0.0 0.0 -4.526 0.44721 997.0 1.7931 9.0 57.0 5.7071 0.0 0.0 -6.426 0.42426 995.0 1.8436 11.0 
0.02041 150.97414 96.0 568.0 3.0 80.0 0.0 -4.0929 1.774 0.0 0.78102 996.0 2.5 12.0 75.0 0.0 -0.8929 0.0 -1.026 0.56569 993.0 2.5 12.0 77.0 1.6071 0.0 0.0 -2.526 0.41231 988.0 2.4223 11.0 88.0 4.0071 0.0 0.0 -3.126 0.4 981.0 2.4717 11.0 105.0 6.2071 0.0 0.0 -3.526 0.31623 966.0 2.3959 9.0 
0.70803 22.67945 88.0 2710.0 3.0 70.0 0.0 -2.9929 2.474 0.0 0.70711 998.0 2.5 13.0 71.0 0.1071 0.0 0.174 0.0 0.5831 996.0 2.5 13.0 78.0 3.1071 0.0 0.0 -1.126 0.5099 992.0 2.5 12.0 85.0 6.2071 0.0 0.0 -2.026 0.5099 989.0 2.5 11.0 86.0 9.0071 0.0 0.0 -3.126 0.53852 986.0 2.5 10.0 
0.08011 233.99754 88.0 2178.0 3.0 81.0 0.0 -0.9929 4.474 0.0 0.64031 993.0 2.5 12.0 90.0 1.5071 0.0 1.474 0.0 0.56569 986.0 2.5 10.0 95.0 3.9071 0.0 0.0 -1.026 0.64031 983.0 2.5 9.0 94.0 6.4071 0.0 0.0 -3.426 0.56569 984.0 2.5 9.0 93.0 8.7071 0.0 0.0 -6.026 0.5 983.0 2.5 9.0 
0.07925 108.76564 97.0 202.0 3.0 34.0 0.0 -1.2929 1.274 0.0 0.22361 1001.0 1.0 13.0 38.0 0.1071 0.0 0.974 0.0 0.3 1001.0 1.2291 12.0 42.0 1.7071 0.0 1.074 0.0 0.3 1000.0 1.3859 11.0 48.0 3.5071 0.0 1.474 0.0 0.41231 999.0 1.6809 10.0 54.0 5.5071 0.0 1.974 0.0 0.41231 997.0 1.8615 9.0 
0.09556 164.681 102.0 2132.0 3.0 49.0 0.0 -0.2929 3.574 0.0 0.44721 1000.0 1.8864 16.0 49.0 0.9071 0.0 1.174 0.0 0.42426 999.0 1.7517 14.0 51.0 2.3071 0.0 0.0 -0.726 0.36056 998.0 1.7711 13.0 55.0 3.6071 0.0 0.0 -2.326 0.36056 997.0 1.931 15.0 63.0 4.9071 0.0 0.0 -3.626 0.28284 992.0 1.9304 12.0 
0.09169 134.51288 93.0 1662.0 3.0 52.0 0.0 -1.3929 2.974 0.0 0.56569 1001.0 2.3015 12.0 54.0 1.0071 0.0 0.674 0.0 0.5 1000.0 2.291 11.0 56.0 3.2071 0.0 0.0 -1.526 0.5 998.0 2.1353 10.0 59.0 5.2071 0.0 0.0 -3.626 0.42426 998.0 2.3703 12.0 65.0 7.2071 0.0 0.0 -5.626 0.5 995.0 2.3974 10.0 
0.35933 47.45382 53.0 3088.0 3.0 63.0 0.0 -2.0929 2.174 0.0 0.56569 998.0 2.5 15.0 66.0 0.2071 0.0 0.374 0.0 0.5 996.0 2.5 14.0 62.0 2.6071 0.0 0.0 -0.926 0.44721 997.0 2.4538 15.0 58.0 4.9071 0.0 0.0 -1.926 0.44721 999.0 2.4542 16.0 55.0 7.1071 0.0 0.0 -2.926 0.44721 1000.0 2.3767 18.0 
0.12889 248.69615 95.0 1553.0 3.0 44.0 0.0 -1.0929 0.0 -3.026 0.36056 1001.0 1.6478 19.0 47.0 0.7071 0.0 0.0 -2.126 0.31623 1000.0 1.7355 19.0 55.0 2.7071 0.0 0.0 -1.526 0.41231 998.0 2.0598 17.0 58.0 4.9071 0.0 0.0 -0.626 0.44721 998.0 2.2906 16.0 58.0 6.9071 0.0 0.974 0.0 0.42426 998.0 2.2906 16.0 
0.05759 141.25405 100.0 2886.0 3.0 54.0 0.0 -2.7929 0.174 0.0 0.42426 999.0 2.1274 14.0 57.0 0.0 -0.5929 0.0 -1.126 0.44721 997.0 2.074 12.0 62.0 1.5071 0.0 0.0 -1.926 0.41231 995.0 2.1812 14.0 65.0 3.5071 0.0 0.0 -2.426 0.31623 993.0 2.1576 12.0 71.0 5.3071 0.0 0.0 -2.726 0.3 989.0 2.1453 11.0 
0.44561 39.17945 57.0 2219.0 3.0 66.0 0.0 -2.9929 2.874 0.0 0.78102 1001.0 2.5 21.0 68.0 0.3071 0.0 0.174 0.0 0.72111 1000.0 2.5 18.0 64.0 3.4071 0.0 0.0 -1.526 0.44721 998.0 2.5 16.0 57.0 5.7071 0.0 0.0 -2.326 0.4 998.0 2.2123 16.0 50.0 7.5071 0.0 0.0 -2.626 0.3 999.0 1.8239 16.0 
0.04632 192.11039 104.0 1007.0 3.0 47.0 0.0 -2.0929 0.0 -1.126 0.31623 998.0 1.5041 13.0 54.0 0.0 -0.5929 0.0 -1.626 0.31623 995.0 1.6546 11.0 64.0 1.0071 0.0 0.0 -2.126 0.2 989.0 1.7431 9.0 81.0 2.5071 0.0 0.0 -2.326 0.31623 982.0 2.1617 9.0 84.0 4.2071 0.0 0.0 -2.526 0.3 981.0 2.2521 9.0 
0.24638 25.57494 106.0 432.0 3.0 44.0 0.0 -1.9929 1.274 0.0 0.42426 1001.0 1.6478 12.0 46.0 0.0 -0.1929 0.0 -0.126 0.36056 1000.0 1.6625 11.0 49.0 1.5071 0.0 0.0 -1.326 0.36056 999.0 1.7517 10.0 53.0 3.2071 0.0 0.0 -2.426 0.36056 998.0 1.9127 12.0 59.0 4.8071 0.0 0.0 -3.326 0.22361 994.0 1.8713 10.0 
0.02574 90.28514 83.0 999.0 3.0 59.0 0.0 -2.9929 3.074 0.0 0.72111 1001.0 2.5 13.0 57.0 0.0 -0.6929 0.0 -0.426 0.5831 1000.0 2.5 11.0 60.0 1.3071 0.0 0.0 -3.626 0.64031 999.0 2.5 10.0 63.0 3.6071 0.0 0.0 -6.326 0.56569 998.0 2.5 13.0 66.0 6.0071 0.0 0.0 -8.326 0.5 995.0 2.4717 11.0 
0.04474 251.98434 94.0 1719.0 3.0 55.0 0.0 -0.1929 4.574 0.0 0.64031 1000.0 2.3767 12.0 56.0 1.8071 0.0 1.374 0.0 0.5831 999.0 2.2879 11.0 57.0 3.8071 0.0 0.0 -1.426 0.5 998.0 2.2123 10.0 57.0 5.5071 0.0 0.0 -3.826 0.5 997.0 2.074 13.0 63.0 7.1071 0.0 0.0 -6.026 0.5 994.0 2.1336 11.0 
0.07392 54.78796 91.0 2147.0 3.0 71.0 0.0 -3.4929 3.774 0.0 0.78102 998.0 2.5 10.0 72.0 0.0 -0.4929 0.0 -0.026 0.78102 997.0 2.5 9.0 74.0 2.3071 0.0 0.0 -3.426 0.70711 995.0 2.5 11.0 80.0 5.1071 0.0 0.0 -6.126 0.56569 990.0 2.5 9.0 90.0 7.6071 0.0 0.0 -8.126 0.44721 983.0 2.5 9.0 
0.11878 109.93408 101.0 1093.0 3.0 56.0 0.0 -1.6929 3.274 0.0 0.70711 1002.0 2.5 26.0 53.0 0.8071 0.0 0.574 0.0 0.42426 1002.0 2.5 22.0 49.0 2.7071 0.0 0.0 -1.226 0.42426 1001.0 2.0436 20.0 45.0 4.3071 0.0 0.0 -2.426 0.31623 1001.0 1.7236 20.0 42.0 5.8071 0.0 0.0 -3.026 0.22361 1000.0 1.3859 19.0 
0.32422 77.04923 90.0 439.0 3.0 69.0 0.0 -1.7929 4.474 0.0 0.80623 998.0 2.5 10.0 67.0 0.5071 0.0 0.474 0.0 0.80623 998.0 2.5 11.0 66.0 2.7071 0.0 0.0 -2.926 0.5 997.0 2.5 12.0 69.0 4.7071 0.0 0.0 -5.526 0.5 993.0 2.4314 10.0 77.0 6.6071 0.0 0.0 -7.626 0.5 988.0 2.4223 9.0 
0.23156 63.97938 95.0 1845.0 3.0 50.0 0.0 -1.7929 2.174 0.0 0.56569 1002.0 2.3213 19.0 50.0 0.5071 0.0 0.274 0.0 0.5 1001.0 2.1279 17.0 50.0 2.7071 0.0 0.0 -1.426 0.36056 1000.0 1.9642 15.0 50.0 4.6071 0.0 0.0 -2.626 0.36056 1000.0 1.9642 14.0 50.0 6.5071 0.0 0.0 -3.526 0.36056 999.0 1.8239 14.0 
0.64288 27.12273 88.0 2657.0 3.0 58.0 0.0 -3.2929 0.874 0.0 0.67082 1002.0 2.5 23.0 60.0 0.0 -0.0929 0.0 -0.226 0.6 1000.0 2.5 20.0 65.0 3.3071 0.0 0.074 0.0 0.5 999.0 2.5 18.0 63.0 6.5071 0.0 0.374 0.0 0.4 999.0 2.5 17.0 56.0 9.1071 0.0 0.274 0.0 0.3 999.0 2.2879 17.0 
0.17662 48.75749 87.0 2053.0 3.0 68.0 0.0 -3.4929 3.074 0.0 0.84853 1000.0 2.5 16.0 72.0 0.1071 0.0 0.0 -0.426 0.84853 998.0 2.5 15.0 71.0 3.3071 0.0 0.0 -4.026 0.64031 997.0 2.5 13.0 65.0 5.7071 0.0 0.0 -6.726 0.42426 995.0 2.3974 15.0 67.0 7.6071 0.0 0.0 -8.426 0.36056 991.0 2.0841 12.0 
0.29623 45.6838 103.0 1382.0 3.0 65.0 0.0 -1.8929 1.274 0.0 0.44721 994.0 2.2712 10.0 72.0 0.3071 0.0 0.274 0.0 0.41231 989.0 2.2062 8.0 79.0 2.4071 0.0 0.0 -0.526 0.31623 984.0 2.1981 7.0 85.0 4.3071 0.0 0.0 -1.226 0.31623 978.0 2.1084 6.0 85.0 5.9071 0.0 0.0 -1.726 0.22361 977.0 2.0498 6.0 
0.2141 170.03035 79.0 2851.0 3.0 68.0 0.2071 0.0 5.374 0.0 0.8544 998.0 2.5 16.0 69.0 1.5071 0.0 0.274 0.0 0.90554 997.0 2.5 15.0 69.0 2.4071 0.0 0.0 -4.726 0.82462 996.0 2.5 14.0 70.0 3.5071 0.0 0.0 -9.226 0.76158 995.0 2.5 16.0 73.0 5.1071 0.0 0.0 -12.926 0.63246 992.0 2.5 14.0 
0.11693 119.15354 91.0 2209.0 3.0 65.0 0.0 -1.4929 3.474 0.0 0.64031 999.0 2.5 15.0 62.0 0.9071 0.0 0.574 0.0 0.5 997.0 2.4538 13.0 66.0 3.2071 0.0 0.0 -1.326 0.44721 996.0 2.5 14.0 70.0 5.6071 0.0 0.0 -2.826 0.36056 993.0 2.5 12.0 73.0 7.7071 0.0 0.0 -4.426 0.5 992.0 2.5 12.0 
0.1821 91.68939 86.0 1413.0 3.0 79.0 0.0 -3.8929 0.374 0.0 0.72801 995.0 2.5 11.0 84.0 0.0071 0.0 0.0 -0.826 0.72801 992.0 2.5 12.0 95.0 3.8071 0.0 0.0 -1.926 0.63246 986.0 2.5 10.0 99.0 7.3071 0.0 0.0 -3.426 0.53852 983.0 2.5 9.0 92.0 10.1071 0.0 0.0 -4.726 0.53852 983.0 2.5 9.0 
0.0472 33.53347 110.0 1839.0 3.0 37.0 0.0 -0.2929 1.774 0.0 0.3 1000.0 1.0756 17.0 38.0 0.0 -0.2929 0.074 0.0 0.3 1000.0 1.1345 16.0 40.0 0.0 -0.0929 0.0 -1.626 0.2 998.0 1.0895 14.0 45.0 0.4071 0.0 0.0 -3.126 0.22361 997.0 1.2927 15.0 54.0 1.5071 0.0 0.0 -4.226 0.22361 994.0 1.5675 14.0 
0.53228 41.06496 87.0 2383.0 3.0 57.0 0.0 -3.7929 0.0 -0.526 0.60828 1001.0 2.5 17.0 60.0 0.0 -0.2929 0.0 -0.226 0.60828 1000.0 2.5 16.0 63.0 3.1071 0.0 0.0 -0.926 0.63246 1000.0 2.5 19.0 67.0 6.4071 0.0 0.0 -2.226 0.53852 998.0 2.5 16.0 69.0 9.4071 0.0 0.0 -3.126 0.53852 996.0 2.5 14.0 
0.30781 14.00819 62.0 730.0 3.0 46.0 0.0 -2.2929 1.674 0.0 0.5 1002.0 1.9647 13.0 53.0 0.0071 0.0 0.0 -0.126 0.5 1001.0 2.3909 16.0 56.0 2.4071 0.0 0.0 -1.726 0.5 1000.0 2.4639 14.0 57.0 4.8071 0.0 0.0 -2.926 0.41231 999.0 2.3703 13.0 53.0 7.0071 0.0 0.0 -3.626 0.3 999.0 2.0493 13.0 
0.11927 63.97938 92.0 2144.0 3.0 49.0 0.0 -0.0929 3.474 0.0 0.5099 1000.0 1.8864 13.0 49.0 0.5071 0.0 0.274 0.0 0.5099 999.0 1.7517 12.0 47.0 1.3071 0.0 0.0 -2.326 0.44721 998.0 1.5041 11.0 46.0 2.3071 0.0 0.0 -4.326 0.31623 996.0 1.2713 10.0 50.0 3.4071 0.0 0.0 -5.826 0.28284 995.0 1.4186 12.0 
0.10393 143.02583 102.0 1483.0 3.0 52.0 0.0 -1.7929 0.974 0.0 0.22361 996.0 1.6246 12.0 57.0 0.0 -0.1929 1.274 0.0 0.31623 995.0 1.8436 14.0 64.0 1.5071 0.0 1.674 0.0 0.31623 992.0 1.9922 12.0 73.0 3.1071 0.0 2.074 0.0 0.31623 987.0 2.0934 10.0 79.0 4.8071 0.0 2.674 0.0 0.31623 984.0 2.1981 9.0 
0.25759 51.90795 85.0 1055.0 3.0 53.0 0.0 -2.6929 0.774 0.0 0.44721 1001.0 2.3909 18.0 50.0 0.0 -0.1929 0.0 -0.426 0.44721 1001.0 2.1279 21.0 49.0 1.7071 0.0 0.0 -1.126 0.31623 999.0 1.7517 17.0 45.0 3.2071 0.0 0.0 -1.326 0.2 999.0 1.4773 17.0 46.0 4.3071 0.0 0.0 -1.226 0.22361 998.0 1.4408 16.0 
0.04461 227.64058 95.0 786.0 3.0 48.0 0.2071 0.0 3.974 0.0 0.53852 1001.0 1.961 12.0 52.0 1.6071 0.0 1.274 0.0 0.5 1000.0 2.1245 15.0 57.0 3.3071 0.0 0.0 -1.126 0.5 999.0 2.3703 13.0 58.0 5.1071 0.0 0.0 -3.026 0.42426 998.0 2.2906 12.0 57.0 6.8071 0.0 0.0 -4.426 0.36056 997.0 2.074 11.0 
0.21042 22.67945 115.0 348.0 3.0 39.0 0.0 -0.5929 0.974 0.0 0.14142 998.0 1.0357 13.0 42.0 0.1071 0.0 0.174 0.0 0.22361 996.0 1.0598 9.0 50.0 1.1071 0.0 0.0 -0.626 0.28284 995.0 1.4186 11.0 58.0 2.3071 0.0 0.0 -1.526 0.28284 991.0 1.5618 9.0 66.0 3.5071 0.0 0.0 -2.326 0.22361 986.0 1.6478 8.0 
0.09985 116.36837 100.0 2327.0 3.0 50.0 0.0 -1.0929 2.874 0.0 0.42426 1001.0 2.1279 17.0 48.0 0.7071 0.0 0.774 0.0 0.42426 1000.0 1.8102 16.0 49.0 2.4071 0.0 0.0 -1.026 0.42426 999.0 1.7517 15.0 52.0 4.1071 0.0 0.0 -2.726 0.28284 998.0 1.8412 13.0 58.0 5.7071 0.0 0.0 -4.126 0.28284 996.0 2.0211 15.0 
0.15323 281.07704 97.0 299.0 3.0 60.0 0.0 -0.4929 0.0 -3.026 0.31623 993.0 1.8385 13.0 73.0 1.2071 0.0 0.0 -2.226 0.31623 985.0 1.9439 10.0 91.0 3.0071 0.0 0.0 -1.026 0.36056 978.0 2.4166 11.0 106.0 4.8071 0.0 0.274 0.0 0.36056 966.0 2.4417 9.0 113.0 6.6071 0.0 1.474 0.0 0.28284 958.0 2.3713 8.0 
0.04434 248.58317 100.0 244.0 3.0 59.0 0.0071 0.0 3.674 0.0 0.56569 999.0 2.5 14.0 57.0 1.9071 0.0 1.174 0.0 0.42426 997.0 2.074 13.0 59.0 3.5071 0.0 0.0 -0.626 0.28284 995.0 1.9752 14.0 63.0 4.8071 0.0 0.0 -1.826 0.36056 992.0 1.9304 12.0 66.0 6.1071 0.0 0.0 -2.726 0.36056 990.0 1.9344 11.0 
0.41838 25.09838 112.0 2560.0 3.0 43.0 0.0 -0.8929 0.0 -0.526 0.1 997.0 1.1803 16.0 50.0 0.0071 0.0 0.0 -0.226 0.22361 994.0 1.3439 14.0 63.0 1.1071 0.0 0.0 -0.026 0.2 990.0 1.7625 14.0 72.0 2.3071 0.0 0.0 -0.026 0.22361 985.0 1.891 12.0 81.0 3.5071 0.0 0.0 -0.326 0.2 979.0 1.9709 11.0 
0.15096 42.04636 111.0 2661.0 3.0 51.0 0.0 -2.1929 1.574 0.0 0.56569 1000.0 2.0435 16.0 53.0 0.0 -0.1929 0.0 -0.326 0.5 999.0 2.0493 14.0 55.0 1.7071 0.0 0.0 -1.826 0.36056 997.0 1.931 12.0 56.0 3.4071 0.0 0.0 -2.726 0.31623 996.0 1.8841 14.0 63.0 4.8071 0.0 0.0 -3.226 0.2 991.0 1.8426 11.0 
0.18388 45.92858 106.0 606.0 3.0 61.0 0.0 -1.0929 3.874 0.0 0.76158 999.0 2.5 11.0 57.0 0.4071 0.0 0.074 0.0 0.53852 998.0 2.2123 11.0 55.0 1.8071 0.0 0.0 -2.826 0.44721 997.0 1.931 10.0 56.0 3.2071 0.0 0.0 -5.026 0.36056 995.0 1.7795 12.0 60.0 4.7071 0.0 0.0 -6.526 0.22361 991.0 1.6713 10.0 
0.27156 82.88708 118.0 2860.0 3.0 42.0 0.0 -0.4929 0.0 -0.926 0.2 999.0 1.2869 22.0 47.0 0.4071 0.0 0.0 -0.626 0.2 996.0 1.3272 19.0 49.0 1.2071 0.0 0.0 -0.526 0.1 995.0 1.3624 17.0 51.0 1.9071 0.0 0.0 -0.626 0.1 994.0 1.3982 16.0 55.0 2.7071 0.0 0.0 -0.826 0.1 993.0 1.5448 16.0 
0.01403 84.99922 80.0 1286.0 3.0 68.0 0.0 -3.7929 3.574 0.0 0.92195 1000.0 2.5 12.0 68.0 0.0 -0.6929 0.0 -0.326 0.78102 999.0 2.5 11.0 68.0 1.9071 0.0 0.0 -4.226 0.72111 998.0 2.5 9.0 68.0 4.0071 0.0 0.0 -7.826 0.5831 995.0 2.5 8.0 71.0 5.9071 0.0 0.0 -10.426 0.42426 992.0 2.4518 9.0 
0.13574 99.87449 108.0 951.0 3.0 41.0 0.0 -1.6929 0.0 -0.526 0.22361 1000.0 1.3207 15.0 48.0 0.0 -0.6929 0.574 0.0 0.28284 998.0 1.5688 16.0 46.0 0.5071 0.0 1.474 0.0 0.22361 999.0 1.5437 17.0 52.0 1.8071 0.0 1.874 0.0 0.2 997.0 1.7261 15.0 53.0 3.2071 0.0 1.774 0.0 0.31623 996.0 1.6877 14.0 
0.20126 53.94034 105.0 2408.0 3.0 62.0 0.0 -1.9929 1.374 0.0 0.36056 995.0 2.1812 11.0 68.0 0.1071 0.0 0.474 0.0 0.41231 992.0 2.249 12.0 72.0 2.1071 0.0 0.0 -0.226 0.3 989.0 2.2062 11.0 76.0 3.9071 0.0 0.0 -0.626 0.3 985.0 2.1069 10.0 79.0 5.4071 0.0 0.0 -0.826 0.2 981.0 1.992 9.0 
0.01363 124.72204 322.0 1245.0 3.0 68.0 0.0 -4.2929 3.074 0.0 0.92195 1001.0 2.5 13.0 64.0 0.0 -0.9929 0.0 -0.526 0.78102 1000.0 2.5 12.0 61.0 1.9071 0.0 0.0 -3.526 0.56569 999.0 2.5 11.0 60.0 4.4071 0.0 0.0 -5.726 0.56569 998.0 2.4513 13.0 61.0 6.7071 0.0 0.0 -7.326 0.44721 996.0 2.2356 11.0 
0.02302 105.61733 95.0 1078.0 3.0 72.0 0.0 -4.4929 2.974 0.0 0.92195 1001.0 2.5 18.0 67.0 0.0 -0.7929 0.0 -0.526 0.78102 1000.0 2.5 16.0 63.0 2.3071 0.0 0.0 -3.126 0.5831 999.0 2.5 14.0 59.0 4.9071 0.0 0.0 -4.626 0.44721 998.0 2.3703 16.0 58.0 6.9071 0.0 0.0 -5.326 0.31623 995.0 1.9088 14.0 
0.10091 186.1939 91.0 2911.0 3.0 53.0 0.0 -1.5929 1.774 0.0 0.2 994.0 1.51 11.0 69.0 0.1071 0.0 1.674 0.0 0.3 990.0 2.1142 11.0 83.0 2.3071 0.0 2.074 0.0 0.41231 985.0 2.5 9.0 95.0 4.9071 0.0 2.974 0.0 0.5099 981.0 2.5 9.0 97.0 7.6071 0.0 3.974 0.0 0.53852 980.0 2.5 8.0 
0.18929 180.46314 93.0 1470.0 3.0 70.0 0.0 -2.0929 2.674 0.0 0.44721 993.0 2.5 10.0 75.0 0.4071 0.0 1.574 0.0 0.41231 989.0 2.3938 10.0 90.0 2.7071 0.0 0.674 0.0 0.44721 981.0 2.5 9.0 98.0 5.0071 0.0 0.0 -0.326 0.41231 975.0 2.5 8.0 97.0 7.2071 0.0 0.0 -1.226 0.36056 974.0 2.4641 8.0 
0.07655 149.12413 96.0 335.0 3.0 52.0 0.0 -1.0929 2.574 0.0 0.42426 999.0 1.9727 14.0 57.0 0.8071 0.0 1.074 0.0 0.5 998.0 2.2123 16.0 66.0 2.9071 0.0 0.0 -0.326 0.42426 994.0 2.3416 13.0 69.0 4.8071 0.0 0.0 -1.526 0.36056 992.0 2.3156 12.0 72.0 6.6071 0.0 0.0 -2.526 0.31623 989.0 2.2062 11.0 
0.10522 151.62886 107.0 1141.0 3.0 48.0 0.0 -1.8929 0.474 0.0 0.22361 997.0 1.4708 12.0 62.0 0.0 -0.4929 1.274 0.0 0.28284 993.0 1.9631 12.0 61.0 0.8071 0.0 2.374 0.0 0.36056 993.0 1.9003 12.0 68.0 2.2071 0.0 3.274 0.0 0.31623 989.0 1.9678 11.0 71.0 3.7071 0.0 3.774 0.0 0.3 988.0 2.0595 10.0 
0.02156 140.60184 83.0 1735.0 3.0 52.0 0.0 -2.7929 2.674 0.0 0.53852 1000.0 2.1245 12.0 53.0 0.0 -1.1929 0.0 -0.426 0.5831 999.0 2.0493 13.0 55.0 0.5071 0.0 0.0 -3.226 0.5 998.0 2.0598 14.0 57.0 2.2071 0.0 0.0 -5.626 0.5 996.0 1.952 12.0 62.0 3.9071 0.0 0.0 -7.626 0.36056 994.0 2.0664 12.0 
0.03181 146.7547 101.0 110.0 3.0 51.0 0.0 -3.5929 0.0 -0.226 0.5099 1000.0 2.0435 13.0 54.0 0.0 -0.6929 0.0 -1.126 0.53852 999.0 2.1274 12.0 54.0 2.0071 0.0 0.0 -2.426 0.5 998.0 1.9855 11.0 53.0 4.2071 0.0 0.0 -3.926 0.36056 997.0 1.7931 14.0 54.0 5.9071 0.0 0.0 -5.226 0.28284 995.0 1.6546 12.0 
0.17984 32.98146 102.0 465.0 3.0 40.0 0.0 -1.4929 0.974 0.0 0.28284 1000.0 1.2571 16.0 43.0 0.0 -0.1929 0.0 -0.226 0.36056 999.0 1.3489 15.0 48.0 1.3071 0.0 0.0 -1.126 0.36056 999.0 1.6809 17.0 53.0 3.1071 0.0 0.0 -1.726 0.31623 997.0 1.7931 16.0 61.0 5.0071 0.0 0.0 -1.826 0.31623 995.0 2.1114 13.0 
0.03322 201.07326 140.0 1909.0 3.0 55.0 0.0 -3.8929 1.574 0.0 0.70711 1001.0 2.5 13.0 51.0 0.0 -1.4929 0.0 -1.026 0.5 1001.0 2.2138 17.0 47.0 0.4071 0.0 0.0 -2.726 0.36056 1000.0 1.7355 16.0 43.0 1.9071 0.0 0.0 -3.626 0.22361 999.0 1.3489 14.0 44.0 3.0071 0.0 0.0 -3.926 0.2 997.0 1.2359 14.0 
0.05414 115.03084 105.0 51.0 3.0 49.0 0.0 -2.6929 1.874 0.0 0.5831 1001.0 2.0436 18.0 48.0 0.0 -0.8929 0.0 -0.526 0.5 1001.0 1.961 17.0 48.0 1.0071 0.0 0.0 -2.226 0.36056 1000.0 1.8102 15.0 49.0 2.8071 0.0 0.0 -3.226 0.3 999.0 1.7517 18.0 54.0 4.5071 0.0 0.0 -3.426 0.3 997.0 1.8615 15.0 
0.18387 142.73178 95.0 3116.0 3.0 61.0 0.0 -1.5929 2.574 0.0 0.5 998.0 2.5 17.0 63.0 0.7071 0.0 1.074 0.0 0.5 997.0 2.5 19.0 65.0 3.0071 0.0 0.0 -0.426 0.36056 995.0 2.3974 18.0 63.0 5.1071 0.0 0.0 -1.926 0.36056 996.0 2.3846 18.0 58.0 6.8071 0.0 0.0 -3.426 0.36056 996.0 2.0211 15.0 
0.07593 183.15492 89.0 2295.0 3.0 45.0 1.2071 0.0 3.374 0.0 0.5099 1001.0 1.7236 13.0 48.0 1.6071 0.0 0.374 0.0 0.53852 1001.0 1.961 12.0 54.0 3.1071 0.0 0.0 -2.526 0.5831 1000.0 2.291 11.0 61.0 5.2071 0.0 0.0 -5.326 0.5 998.0 2.5 10.0 72.0 7.5071 0.0 0.0 -8.226 0.64031 997.0 2.5 11.0 
0.12271 107.02187 105.0 1687.0 3.0 62.0 0.0 -0.9929 1.874 0.0 0.28284 990.0 1.707 9.0 64.0 0.4071 0.0 0.874 0.0 0.22361 989.0 1.7431 9.0 80.0 1.8071 0.0 0.074 0.0 0.22361 981.0 2.0427 9.0 97.0 3.3071 0.0 0.0 -0.426 0.22361 969.0 2.1841 7.0 104.0 4.8071 0.0 0.0 -1.026 0.22361 963.0 2.2094 6.0 
0.08342 172.16692 90.0 2805.0 3.0 75.0 0.0 -1.3929 3.674 0.0 0.64031 995.0 2.5 14.0 79.0 1.2071 0.0 0.974 0.0 0.5 991.0 2.5 12.0 81.0 3.7071 0.0 0.0 -1.126 0.5 988.0 2.5 11.0 80.0 6.0071 0.0 0.0 -3.026 0.42426 987.0 2.5 11.0 78.0 8.1071 0.0 0.0 -4.826 0.36056 988.0 2.4856 11.0 
0.03896 248.34911 111.0 1431.0 3.0 51.0 0.0 -2.9929 0.0 -0.626 0.36056 998.0 1.7711 14.0 51.0 0.0 -1.2929 0.0 -1.826 0.28284 997.0 1.6604 17.0 55.0 0.2071 0.0 0.0 -2.326 0.2 994.0 1.6261 14.0 68.0 1.5071 0.0 0.0 -2.326 0.3 988.0 1.8891 13.0 65.0 2.8071 0.0 0.0 -2.126 0.2 989.0 1.798 14.0 
0.06897 124.39661 107.0 749.0 3.0 42.0 0.4071 0.0 2.374 0.0 0.41231 1000.0 1.3859 12.0 45.0 1.1071 0.0 0.174 0.0 0.36056 999.0 1.4773 13.0 48.0 2.2071 0.0 0.0 -1.726 0.36056 998.0 1.5688 13.0 51.0 3.4071 0.0 0.0 -3.126 0.28284 996.0 1.5627 12.0 56.0 4.6071 0.0 0.0 -4.026 0.28284 993.0 1.6015 11.0 
0.07353 126.5958 121.0 635.0 3.0 38.0 0.7071 0.0 1.474 0.0 0.31623 999.0 1.0535 15.0 39.0 1.1071 0.0 0.274 0.0 0.22361 998.0 1.0357 14.0 43.0 1.8071 0.0 0.0 -0.626 0.14142 997.0 1.1803 16.0 49.0 2.6071 0.0 0.0 -1.026 0.14142 994.0 1.2907 14.0 58.0 3.5071 0.0 0.0 -1.226 0.2 992.0 1.6361 15.0 
0.07703 218.21274 104.0 394.0 3.0 53.0 0.3071 0.0 3.474 0.0 0.5 999.0 2.0493 15.0 55.0 1.8071 0.0 0.774 0.0 0.44721 998.0 2.0598 14.0 55.0 3.2071 0.0 0.0 -1.426 0.36056 997.0 1.931 12.0 58.0 4.5071 0.0 0.0 -3.026 0.28284 994.0 1.8084 12.0 67.0 5.7071 0.0 0.0 -4.026 0.28284 989.0 1.9104 11.0 
0.05603 174.53445 106.0 1130.0 3.0 52.0 0.0 -0.0929 3.674 0.0 0.53852 1001.0 2.3015 17.0 51.0 1.3071 0.0 0.874 0.0 0.44721 1000.0 2.0435 15.0 51.0 2.8071 0.0 0.0 -1.326 0.36056 999.0 1.8976 14.0 52.0 4.2071 0.0 0.0 -2.826 0.36056 997.0 1.7261 14.0 57.0 5.5071 0.0 0.0 -3.826 0.22361 994.0 1.7465 13.0 
0.09197 163.42753 102.0 1328.0 3.0 64.0 0.0 -0.5929 3.074 0.0 0.42426 993.0 2.0918 10.0 76.0 1.0071 0.0 1.074 0.0 0.42426 988.0 2.3598 10.0 86.0 2.6071 0.0 0.0 -0.726 0.42426 981.0 2.3606 9.0 93.0 4.2071 0.0 0.0 -2.226 0.28284 975.0 2.3247 8.0 93.0 5.6071 0.0 0.0 -3.326 0.31623 974.0 2.2651 7.0 
0.10542 152.2047 94.0 296.0 3.0 45.0 0.0 -1.3929 2.074 0.0 0.44721 1001.0 1.7236 22.0 48.0 0.5071 0.0 1.274 0.0 0.41231 1000.0 1.8102 20.0 54.0 2.6071 0.0 0.974 0.0 0.4 999.0 2.1274 17.0 56.0 4.9071 0.0 1.074 0.0 0.31623 998.0 2.1353 16.0 54.0 6.9071 0.0 1.374 0.0 0.3 998.0 1.9855 16.0 
0.08803 242.97001 91.0 2882.0 3.0 53.0 0.0 -0.8929 0.0 -2.726 0.41231 999.0 2.0493 18.0 59.0 1.2071 0.0 0.0 -1.826 0.44721 997.0 2.2221 15.0 62.0 3.2071 0.0 0.0 -0.526 0.36056 996.0 2.3095 14.0 63.0 5.2071 0.0 0.674 0.0 0.44721 996.0 2.3846 14.0 62.0 7.5071 0.0 1.774 0.0 0.44721 997.0 2.4538 15.0 
0.13313 125.5501 61.0 2400.0 3.0 55.0 0.0 -2.3929 0.0 -1.026 0.4 998.0 2.0598 13.0 65.0 0.1071 0.0 0.0 -1.126 0.5 996.0 2.5 14.0 74.0 2.9071 0.0 0.0 -1.526 0.41231 993.0 2.5 12.0 75.0 5.6071 0.0 0.0 -2.126 0.5 993.0 2.5 12.0 72.0 8.5071 0.0 0.0 -2.226 0.5 995.0 2.5 13.0 
0.06227 197.65626 128.0 2051.0 3.0 40.0 0.0 -0.0929 2.274 0.0 0.14142 999.0 1.1673 14.0 45.0 0.6071 0.0 1.674 0.0 0.2 997.0 1.2927 11.0 50.0 1.4071 0.0 1.374 0.0 0.14142 994.0 1.3439 10.0 54.0 2.1071 0.0 1.074 0.0 0.2 992.0 1.4182 9.0 57.0 2.9071 0.0 0.974 0.0 0.14142 991.0 1.5084 8.0 
0.08063 95.70533 130.0 574.0 3.0 38.0 0.0 -1.5929 0.474 0.0 0.28284 1001.0 1.2291 17.0 39.0 0.0 -0.5929 0.0 -0.626 0.14142 1000.0 1.195 15.0 41.0 0.3071 0.0 0.0 -1.226 0.22361 998.0 1.1446 13.0 47.0 1.3071 0.0 0.0 -1.426 0.22361 996.0 1.3272 11.0 60.0 2.5071 0.0 0.0 -1.526 0.2 992.0 1.7509 12.0 
0.15317 170.73396 95.0 2311.0 3.0 51.0 0.0 -1.9929 0.0 -1.426 0.3 996.0 1.5627 20.0 63.0 0.0 -0.1929 0.0 -1.526 0.4 994.0 2.1336 21.0 77.0 2.1071 0.0 0.0 -1.526 0.5 989.0 2.5 17.0 77.0 4.6071 0.0 0.0 -1.426 0.41231 989.0 2.5 17.0 73.0 6.7071 0.0 0.0 -1.126 0.31623 989.0 2.2679 17.0 
0.25795 22.93337 123.0 1896.0 3.0 33.0 0.0 -0.8929 0.0 -0.826 0.22361 1001.0 1.0 17.0 37.0 0.0 -0.1929 0.074 0.0 0.22361 1000.0 1.0756 20.0 40.0 0.5071 0.0 1.074 0.0 0.28284 999.0 1.1673 19.0 46.0 1.4071 0.0 1.974 0.0 0.22361 998.0 1.4408 16.0 48.0 2.3071 0.0 2.474 0.0 0.2 996.0 1.3843 15.0 
0.11124 35.39254 105.0 801.0 3.0 50.0 0.0 -1.4929 2.774 0.0 0.5099 1000.0 1.9642 12.0 51.0 0.0 -0.2929 0.0 -0.126 0.5831 999.0 1.8976 11.0 53.0 1.3071 0.0 0.0 -2.426 0.44721 998.0 1.9127 13.0 56.0 2.9071 0.0 0.0 -4.126 0.36056 996.0 1.8841 11.0 61.0 4.4071 0.0 0.0 -5.326 0.22361 991.0 1.7275 9.0 
1.43468 27.7603 346.0 2669.0 3.0 68.0 0.0 -2.5929 0.0 -0.426 0.4 991.0 2.1467 13.0 82.0 0.1071 0.0 0.0 -0.226 0.5099 986.0 2.5 14.0 103.0 3.1071 0.0 0.374 0.0 0.60828 976.0 2.5 13.0 128.0 6.4071 0.0 0.774 0.0 0.6 957.0 2.5 10.0 134.0 9.6071 0.0 0.874 0.0 0.4 948.0 2.5 9.0 
0.17761 91.68939 106.0 2183.0 3.0 49.0 0.0 -2.0929 0.0 -0.326 0.44721 1000.0 1.8864 17.0 46.0 0.0071 0.0 0.0 -0.826 0.3 1000.0 1.6625 15.0 50.0 1.8071 0.0 0.0 -0.726 0.41231 999.0 1.8239 18.0 56.0 3.7071 0.0 0.0 -0.226 0.31623 996.0 1.8841 15.0 58.0 5.4071 0.0 0.174 0.0 0.3 995.0 1.9088 14.0 
0.21887 121.41017 92.0 1525.0 3.0 60.0 0.0 -2.5929 2.274 0.0 0.53852 998.0 2.4513 13.0 64.0 0.2071 0.0 1.074 0.0 0.53852 997.0 2.5 16.0 69.0 2.8071 0.0 0.0 -0.326 0.44721 995.0 2.5 13.0 73.0 5.2071 0.0 0.0 -1.526 0.41231 992.0 2.5 12.0 75.0 7.5071 0.0 0.0 -2.326 0.31623 990.0 2.4979 11.0 
0.12467 160.20751 102.0 1447.0 3.0 50.0 0.0 -0.1929 0.0 -2.326 0.31623 997.0 1.5959 14.0 59.0 1.1071 0.0 0.0 -0.926 0.36056 995.0 1.9752 13.0 68.0 2.2071 0.0 0.974 0.0 0.44721 992.0 2.249 12.0 77.0 3.5071 0.0 3.174 0.0 0.5 988.0 2.4223 10.0 83.0 5.3071 0.0 4.874 0.0 0.42426 985.0 2.5 9.0 
0.31245 52.6199 104.0 23.0 3.0 61.0 0.0 -2.6929 1.774 0.0 0.53852 999.0 2.5 14.0 59.0 0.0071 0.0 0.474 0.0 0.44721 998.0 2.3703 13.0 59.0 2.2071 0.0 0.0 -0.526 0.36056 996.0 2.0914 14.0 62.0 3.9071 0.0 0.0 -1.226 0.2 993.0 1.9631 12.0 63.0 5.3071 0.0 0.0 -1.526 0.22361 991.0 1.8426 11.0 
0.32028 34.21005 378.0 1160.0 3.0 68.0 0.0 -2.0929 3.774 0.0 0.89443 999.0 2.5 16.0 60.0 0.3071 0.0 0.0 -0.026 0.72111 998.0 2.4513 16.0 56.0 2.4071 0.0 0.0 -2.826 0.5 997.0 2.0019 14.0 55.0 4.2071 0.0 0.0 -4.726 0.42426 995.0 1.7165 12.0 57.0 5.9071 0.0 0.0 -6.126 0.36056 991.0 1.5084 11.0 
0.07915 181.75166 302.0 481.0 3.0 73.0 0.0 -3.4929 0.0 -0.726 0.63246 994.0 2.5 11.0 75.0 0.0 -0.1929 0.0 -1.626 0.5099 991.0 2.5 13.0 79.0 2.3071 0.0 0.0 -1.726 0.4 983.0 2.1248 10.0 94.0 4.2071 0.0 0.0 -1.326 0.31623 973.0 2.2562 10.0 109.0 5.9071 0.0 0.0 -0.626 0.31623 960.0 2.2896 8.0 
0.06383 48.64617 85.0 1140.0 3.0 69.0 0.0 -2.9929 4.074 0.0 0.9434 1001.0 2.5 13.0 63.0 0.0 -0.2929 0.0 -0.326 0.72111 1000.0 2.5 12.0 57.0 1.8071 0.0 0.0 -3.626 0.5 999.0 2.3703 11.0 55.0 3.7071 0.0 0.0 -6.026 0.36056 998.0 2.0598 14.0 57.0 5.4071 0.0 0.0 -7.826 0.36056 996.0 1.952 12.0 
0.11831 88.79073 125.0 1513.0 3.0 39.0 0.0071 0.0 1.674 0.0 0.31623 1001.0 1.2946 21.0 39.0 0.7071 0.0 0.374 0.0 0.22361 1000.0 1.195 20.0 41.0 1.5071 0.0 0.0 -0.526 0.22361 999.0 1.2264 18.0 46.0 2.4071 0.0 0.0 -1.326 0.14142 998.0 1.4408 16.0 45.0 3.4071 0.0 0.0 -1.926 0.14142 998.0 1.3789 16.0 
0.11827 234.76556 94.0 3036.0 3.0 70.0 0.0 -2.1929 0.0 -3.326 0.53852 995.0 2.5 11.0 75.0 0.6071 0.0 0.0 -2.026 0.41231 992.0 2.5 12.0 83.0 3.0071 0.0 0.0 -1.226 0.41231 985.0 2.5 10.0 88.0 5.1071 0.0 0.0 -0.426 0.31623 980.0 2.3968 8.0 89.0 6.9071 0.0 0.274 0.0 0.31623 979.0 2.3795 8.0 
0.53846 27.12273 88.0 1864.0 3.0 43.0 0.0 -2.6929 0.0 -0.426 0.4 1002.0 1.7168 18.0 52.0 0.0 -0.0929 0.0 -0.226 0.41231 1001.0 2.3015 21.0 59.0 2.7071 0.0 0.374 0.0 0.5099 1000.0 2.5 19.0 66.0 6.0071 0.0 0.874 0.0 0.60828 999.0 2.5 18.0 64.0 9.4071 0.0 1.374 0.0 0.41231 999.0 2.5 17.0 
0.18769 56.66943 100.0 388.0 3.0 49.0 0.0 -2.1929 1.474 0.0 0.42426 999.0 1.7517 16.0 51.0 0.0 -0.3929 0.0 -0.326 0.42426 998.0 1.7711 19.0 56.0 1.5071 0.0 0.0 -1.726 0.36056 996.0 1.8841 16.0 59.0 3.4071 0.0 0.0 -2.726 0.31623 994.0 1.8713 14.0 68.0 5.2071 0.0 0.0 -3.326 0.41231 991.0 2.1467 15.0 
0.03699 201.71074 98.0 2852.0 3.0 59.0 0.0 -1.0929 2.774 0.0 0.36056 995.0 1.9752 11.0 65.0 0.7071 0.0 1.674 0.0 0.41231 991.0 1.9615 9.0 69.0 2.5071 0.0 0.874 0.0 0.31623 989.0 2.0261 8.0 72.0 4.2071 0.0 0.374 0.0 0.22361 987.0 2.0365 8.0 71.0 5.9071 0.0 0.0 -0.026 0.22361 988.0 2.0595 8.0 
0.0657 171.52522 101.0 2319.0 3.0 58.0 0.0 -0.8929 2.674 0.0 0.36056 994.0 1.8084 14.0 59.0 0.7071 0.0 1.374 0.0 0.22361 993.0 1.7777 14.0 70.0 2.3071 0.0 0.274 0.0 0.36056 990.0 2.176 14.0 80.0 4.0071 0.0 0.0 -0.826 0.28284 984.0 2.2541 12.0 90.0 5.6071 0.0 0.0 -1.926 0.28284 977.0 2.2981 10.0 
0.32914 73.93353 96.0 2566.0 3.0 74.0 0.0 -1.5929 4.574 0.0 0.8544 996.0 2.5 14.0 68.0 0.6071 0.0 0.274 0.0 0.67082 996.0 2.5 13.0 64.0 2.7071 0.0 0.0 -3.026 0.56569 995.0 2.3242 12.0 66.0 4.7071 0.0 0.0 -5.426 0.5 993.0 2.2245 14.0 70.0 6.6071 0.0 0.0 -7.126 0.36056 987.0 1.9249 12.0 
0.10907 103.30197 61.0 3093.0 3.0 62.0 0.0 -2.9929 0.0 -0.426 0.60828 1000.0 2.5 15.0 58.0 0.0 -0.0929 0.0 -0.926 0.5099 999.0 2.4542 17.0 56.0 2.0071 0.0 0.0 -1.026 0.3 997.0 2.0019 15.0 51.0 3.5071 0.0 0.0 -0.826 0.22361 997.0 1.6604 15.0 48.0 4.7071 0.0 0.0 -0.426 0.2 998.0 1.5688 15.0 
0.19189 108.43208 97.0 2594.0 3.0 68.0 0.0 -1.3929 2.574 0.0 0.5 994.0 2.4857 18.0 69.0 0.7071 0.0 0.674 0.0 0.42426 992.0 2.3156 16.0 77.0 2.7071 0.0 0.0 -0.726 0.36056 987.0 2.3291 17.0 85.0 4.5071 0.0 0.0 -1.226 0.3 980.0 2.2362 14.0 97.0 6.3071 0.0 0.0 -1.026 0.22361 970.0 2.2349 12.0 
0.38878 42.32382 153.0 908.0 3.0 43.0 0.0 -1.3929 0.0 -0.726 0.3 1001.0 1.5738 21.0 46.0 0.3071 0.0 0.0 -0.226 0.31623 1000.0 1.6625 18.0 45.0 1.6071 0.0 0.374 0.0 0.28284 999.0 1.4773 17.0 42.0 2.4071 0.0 1.174 0.0 0.1 998.0 1.2011 16.0 39.0 2.6071 0.0 1.774 0.0 0.1 998.0 1.0357 16.0 
0.11654 188.9149 107.0 2022.0 3.0 55.0 0.0 -1.7929 2.374 0.0 0.44721 999.0 2.2069 19.0 53.0 0.3071 0.0 1.674 0.0 0.3 997.0 1.7931 19.0 57.0 1.9071 0.0 1.674 0.0 0.3 995.0 1.8436 17.0 59.0 3.2071 0.0 1.774 0.0 0.3 992.0 1.693 16.0 63.0 4.5071 0.0 1.974 0.0 0.22361 990.0 1.7625 15.0 
0.06347 179.1179 93.0 2151.0 3.0 57.0 0.0 -0.7929 3.074 0.0 0.42426 996.0 1.952 13.0 63.0 1.1071 0.0 1.174 0.0 0.5 995.0 2.2521 14.0 72.0 3.3071 0.0 0.0 -0.426 0.36056 990.0 2.3021 12.0 83.0 5.4071 0.0 0.0 -1.326 0.41231 984.0 2.4263 12.0 92.0 7.4071 0.0 0.0 -1.426 0.31623 975.0 2.275 10.0 
0.13489 85.01661 100.0 1629.0 3.0 57.0 0.0 -0.9929 2.774 0.0 0.44721 997.0 2.074 13.0 55.0 0.5071 0.0 0.574 0.0 0.36056 997.0 1.931 12.0 59.0 2.3071 0.0 0.0 -0.726 0.36056 994.0 1.8713 11.0 69.0 4.1071 0.0 0.0 -1.526 0.31623 990.0 2.1142 11.0 75.0 5.8071 0.0 0.0 -1.926 0.22361 985.0 2.0519 10.0 
0.04445 161.22942 93.0 274.0 3.0 63.0 0.0 -3.9929 0.0 -0.226 0.63246 999.0 2.5 14.0 69.0 0.0 -0.5929 0.0 -1.326 0.53852 996.0 2.5 12.0 71.0 2.5071 0.0 0.0 -2.126 0.41231 994.0 2.5 13.0 77.0 5.0071 0.0 0.0 -2.526 0.41231 989.0 2.5 11.0 82.0 7.2071 0.0 0.0 -2.826 0.31623 983.0 2.2892 9.0 
0.05395 154.93415 105.0 557.0 3.0 43.0 0.0 -2.7929 1.774 0.0 0.44721 1001.0 1.5738 14.0 45.0 0.0 -1.2929 0.0 -0.526 0.44721 1001.0 1.7236 17.0 46.0 0.3071 0.0 0.0 -2.326 0.42426 1000.0 1.6625 16.0 49.0 2.1071 0.0 0.0 -3.626 0.31623 999.0 1.7517 14.0 52.0 3.8071 0.0 0.0 -4.426 0.31623 998.0 1.8412 16.0 
0.07966 141.95101 88.0 2480.0 3.0 50.0 0.0 -1.0929 2.274 0.0 0.36056 1000.0 1.9642 19.0 50.0 0.5071 0.0 1.174 0.0 0.31623 999.0 1.8239 17.0 50.0 2.0071 0.0 0.374 0.0 0.28284 998.0 1.7023 16.0 49.0 3.2071 0.0 0.0 -0.526 0.22361 998.0 1.6349 15.0 47.0 4.3071 0.0 0.0 -1.226 0.22361 998.0 1.5041 16.0 
0.19272 86.73259 76.0 3035.0 3.0 48.0 0.0 -1.9929 1.774 0.0 0.36056 1000.0 1.8102 20.0 55.0 0.1071 0.0 0.774 0.0 0.41231 999.0 2.2069 17.0 59.0 2.5071 0.0 0.274 0.0 0.41231 999.0 2.5 16.0 60.0 5.1071 0.0 0.074 0.0 0.4 998.0 2.4513 16.0 59.0 7.7071 0.0 0.574 0.0 0.41231 999.0 2.5 17.0 
0.07164 70.43091 122.0 2116.0 3.0 43.0 0.0 -1.8929 1.674 0.0 0.36056 1000.0 1.4527 13.0 43.0 0.0 -0.5929 0.0 -0.226 0.36056 1000.0 1.4527 12.0 43.0 0.7071 0.0 0.0 -1.626 0.28284 999.0 1.3489 15.0 46.0 1.9071 0.0 0.0 -2.626 0.22361 997.0 1.3508 13.0 50.0 3.2071 0.0 0.0 -3.226 0.22361 995.0 1.4186 11.0 
0.11784 194.59495 90.0 526.0 3.0 60.0 0.0 -2.7929 0.0 -1.626 0.5099 998.0 2.4513 13.0 69.0 0.3071 0.0 0.0 -1.726 0.5 997.0 2.5 15.0 75.0 3.4071 0.0 0.0 -1.826 0.5099 994.0 2.5 13.0 73.0 6.0071 0.0 0.0 -2.526 0.41231 992.0 2.5 12.0 68.0 8.1071 0.0 0.0 -3.026 0.3 992.0 2.249 12.0 
0.02516 183.87599 88.0 892.0 3.0 87.0 0.0 -4.8929 0.974 0.0 0.72111 993.0 2.5 10.0 94.0 0.0 -0.9929 0.0 -1.326 0.72111 986.0 2.5 8.0 109.0 2.6071 0.0 0.0 -2.726 0.63246 975.0 2.5 8.0 128.0 5.9071 0.0 0.0 -3.126 0.60828 956.0 2.5 6.0 120.0 8.8071 0.0 0.0 -2.826 0.41231 958.0 2.5 6.0 
0.18595 92.73958 98.0 796.0 3.0 51.0 0.0 -1.1929 2.974 0.0 0.5 1001.0 2.2138 20.0 53.0 0.6071 0.0 0.574 0.0 0.5 1000.0 2.207 20.0 55.0 2.5071 0.0 0.0 -1.326 0.36056 999.0 2.2069 17.0 53.0 4.4071 0.0 0.0 -2.526 0.36056 999.0 2.0493 17.0 51.0 6.1071 0.0 0.0 -3.226 0.31623 998.0 1.7711 17.0 
0.35299 8.25172 92.0 2278.0 3.0 58.0 0.0 -1.9929 2.474 0.0 0.5 998.0 2.2906 9.0 63.0 0.0071 0.0 0.074 0.0 0.5 996.0 2.3846 8.0 69.0 2.3071 0.0 0.0 -1.826 0.5 993.0 2.4314 7.0 81.0 4.8071 0.0 0.0 -3.526 0.5 989.0 2.5 8.0 90.0 7.4071 0.0 0.0 -5.126 0.5 984.0 2.5 7.0 
0.35086 24.41152 94.0 3104.0 3.0 45.0 0.0 -1.8929 1.674 0.0 0.44721 1001.0 1.7236 18.0 48.0 0.2071 0.0 0.074 0.0 0.42426 1001.0 1.961 17.0 50.0 2.3071 0.0 0.0 -1.626 0.5 1000.0 1.9642 16.0 53.0 4.5071 0.0 0.0 -3.126 0.42426 1000.0 2.207 19.0 55.0 6.6071 0.0 0.0 -4.326 0.44721 998.0 2.0598 17.0 
0.22952 12.23339 114.0 686.0 3.0 37.0 0.0 -1.0929 0.174 0.0 0.2 1001.0 1.1652 17.0 37.0 0.1071 0.0 0.0 -0.026 0.2 1000.0 1.0756 16.0 40.0 1.3071 0.0 0.0 -0.426 0.22361 999.0 1.1673 15.0 46.0 2.5071 0.0 0.0 -0.826 0.22361 998.0 1.4408 16.0 52.0 3.7071 0.0 0.0 -1.126 0.2 996.0 1.6246 14.0 
0.17247 100.68908 94.0 1917.0 3.0 65.0 0.0 -1.7929 3.674 0.0 0.64031 998.0 2.5 10.0 60.0 0.6071 0.0 0.674 0.0 0.5 997.0 2.2981 10.0 62.0 2.7071 0.0 0.0 -1.826 0.5 997.0 2.4538 12.0 67.0 4.8071 0.0 0.0 -3.826 0.5 993.0 2.2925 10.0 74.0 6.8071 0.0 0.0 -5.526 0.36056 989.0 2.3304 11.0 
0.01497 186.20251 79.0 1201.0 3.0 48.0 0.0 -2.8929 2.674 0.0 0.53852 1000.0 1.8102 12.0 52.0 0.0 -1.5929 0.0 -0.526 0.53852 999.0 1.9727 11.0 56.0 0.0 -0.1929 0.0 -3.626 0.53852 998.0 2.1353 12.0 58.0 1.4071 0.0 0.0 -6.426 0.44721 996.0 2.0211 13.0 61.0 3.1071 0.0 0.0 -8.526 0.42426 993.0 1.9003 11.0 
0.51829 19.33007 97.0 625.0 3.0 62.0 0.0 -2.0929 1.974 0.0 0.5 998.0 2.5 13.0 60.0 0.0071 0.0 0.174 0.0 0.42426 995.0 2.0427 11.0 67.0 1.9071 0.0 0.0 -1.326 0.36056 991.0 2.0841 9.0 78.0 3.8071 0.0 0.0 -2.526 0.36056 987.0 2.39 10.0 96.0 5.8071 0.0 0.0 -3.626 0.41231 975.0 2.4771 8.0 
0.3126 2.99167 95.0 2029.0 3.0 57.0 0.0 -2.7929 2.674 0.0 0.70711 1000.0 2.5 12.0 60.0 0.0071 0.0 0.0 -0.026 0.56569 999.0 2.5 11.0 60.0 2.6071 0.0 0.0 -2.626 0.56569 998.0 2.4513 12.0 59.0 4.7071 0.0 0.0 -4.826 0.5 997.0 2.2221 12.0 60.0 6.6071 0.0 0.0 -6.226 0.36056 994.0 1.9352 11.0 
0.2159 53.71602 97.0 2244.0 3.0 52.0 0.0 -1.3929 3.174 0.0 0.5831 1000.0 2.1245 12.0 50.0 0.3071 0.0 0.374 0.0 0.5 1000.0 1.9642 12.0 52.0 2.2071 0.0 0.0 -1.826 0.42426 1000.0 2.1245 13.0 54.0 4.2071 0.0 0.0 -3.726 0.5 999.0 2.1274 14.0 57.0 6.2071 0.0 0.0 -5.426 0.42426 997.0 2.074 12.0 
0.22345 87.40194 98.0 2245.0 3.0 65.0 0.0 -1.6929 2.374 0.0 0.5 995.0 2.3974 14.0 70.0 0.4071 0.0 0.674 0.0 0.44721 993.0 2.5 12.0 74.0 2.5071 0.0 0.0 -0.226 0.41231 989.0 2.3304 11.0 76.0 4.5071 0.0 0.0 -0.626 0.3 986.0 2.185 10.0 78.0 6.2071 0.0 0.0 -0.526 0.3 984.0 2.1428 9.0 
0.06566 180.93975 91.0 1367.0 3.0 80.0 0.0 -1.2929 3.574 0.0 0.70711 992.0 2.5 12.0 89.0 1.3071 0.0 0.974 0.0 0.56569 986.0 2.5 10.0 91.0 4.0071 0.0 0.0 -1.026 0.44721 984.0 2.5 9.0 86.0 6.3071 0.0 0.0 -2.326 0.36056 983.0 2.5 9.0 83.0 7.9071 0.0 0.0 -3.226 0.36056 980.0 2.1322 8.0 
0.27224 47.45382 364.0 818.0 3.0 47.0 0.0 -1.4929 2.274 0.0 0.5 1002.0 2.0511 23.0 46.0 0.2071 0.0 0.374 0.0 0.42426 1001.0 1.801 22.0 49.0 2.1071 0.0 0.0 -1.026 0.36056 1000.0 1.8864 20.0 48.0 4.0071 0.0 0.0 -2.026 0.3 1000.0 1.8102 19.0 47.0 5.9071 0.0 0.0 -2.326 0.31623 1000.0 1.7355 19.0 
0.07486 205.41978 92.0 1804.0 3.0 67.0 0.0 -0.5929 3.874 0.0 0.5831 997.0 2.5 12.0 71.0 1.5071 0.0 1.074 0.0 0.56569 994.0 2.5 13.0 76.0 3.7071 0.0 0.0 -1.126 0.5 991.0 2.5 11.0 80.0 5.7071 0.0 0.0 -3.026 0.42426 988.0 2.5 10.0 80.0 7.6071 0.0 0.0 -4.526 0.36056 986.0 2.421 10.0 
0.04759 239.98206 117.0 813.0 3.0 46.0 0.0 -1.7929 0.0 -1.626 0.31623 997.0 1.3508 10.0 48.0 0.0 -0.3929 0.0 -2.126 0.22361 996.0 1.3843 12.0 55.0 0.8071 0.0 0.0 -2.326 0.1 991.0 1.4044 9.0 67.0 1.8071 0.0 0.0 -2.226 0.22361 986.0 1.6981 10.0 73.0 2.8071 0.0 0.0 -1.826 0.22361 984.0 1.8769 9.0 
0.08679 121.41017 123.0 2027.0 3.0 38.0 0.0 -0.8929 1.474 0.0 0.22361 1000.0 1.1345 16.0 36.0 0.2071 0.0 1.074 0.0 0.2 1000.0 1.0182 15.0 37.0 1.1071 0.0 1.174 0.0 0.1 998.0 1.0 14.0 41.0 1.8071 0.0 1.374 0.0 0.14142 997.0 1.0731 16.0 46.0 2.4071 0.0 1.674 0.0 0.14142 995.0 1.2007 14.0 
0.06888 132.36053 108.0 1969.0 3.0 50.0 0.0 -0.9929 2.674 0.0 0.42426 1001.0 2.1279 17.0 50.0 0.9071 0.0 0.774 0.0 0.42426 999.0 1.8239 15.0 51.0 2.6071 0.0 0.0 -0.726 0.36056 999.0 1.8976 17.0 53.0 4.0071 0.0 0.0 -1.726 0.22361 996.0 1.6877 14.0 52.0 5.0071 0.0 0.0 -2.326 0.2 995.0 1.5343 13.0 
0.1292 25.57494 81.0 1312.0 3.0 67.0 0.0 -3.1929 3.974 0.0 0.92195 1000.0 2.5 13.0 65.0 0.0 -0.1929 0.0 -0.126 0.72111 1000.0 2.5 17.0 65.0 2.3071 0.0 0.0 -3.926 0.80623 999.0 2.5 15.0 65.0 4.6071 0.0 0.0 -7.426 0.5831 998.0 2.5 13.0 66.0 6.7071 0.0 0.0 -10.226 0.5 996.0 2.5 13.0 
0.26212 13.18352 108.0 607.0 3.0 51.0 0.0 -1.9929 2.274 0.0 0.42426 1000.0 2.0435 12.0 51.0 0.0 -0.0929 0.074 0.0 0.42426 999.0 1.8976 11.0 51.0 1.6071 0.0 0.0 -1.726 0.36056 998.0 1.7711 14.0 51.0 3.2071 0.0 0.0 -2.826 0.28284 996.0 1.5627 12.0 56.0 4.6071 0.0 0.0 -3.626 0.28284 993.0 1.6015 10.0 
0.30265 30.02471 91.0 551.0 3.0 61.0 0.0 -1.6929 3.674 0.0 0.76158 1000.0 2.5 16.0 58.0 0.2071 0.0 0.174 0.0 0.64031 999.0 2.4542 15.0 58.0 2.4071 0.0 0.0 -2.426 0.5 999.0 2.4542 14.0 62.0 4.9071 0.0 0.0 -4.226 0.5 997.0 2.4538 14.0 69.0 7.5071 0.0 0.0 -5.626 0.44721 995.0 2.5 14.0 
0.15667 32.98146 103.0 1086.0 3.0 36.0 0.0 -1.2929 1.174 0.0 0.36056 1001.0 1.1031 18.0 39.0 0.0 -0.1929 0.0 -0.226 0.28284 1001.0 1.2946 17.0 42.0 1.0071 0.0 0.0 -1.526 0.28284 1000.0 1.3859 15.0 48.0 2.4071 0.0 0.0 -2.626 0.31623 999.0 1.6809 18.0 55.0 4.1071 0.0 0.0 -3.326 0.36056 997.0 1.931 15.0 
0.1022 87.49915 105.0 2654.0 3.0 29.0 0.0 -0.3929 0.0 -0.926 0.1 1001.0 1.0 13.0 32.0 0.3071 0.0 0.0 -0.726 0.1 1001.0 1.0 16.0 38.0 1.2071 0.0 0.0 -0.326 0.14142 999.0 1.0535 15.0 45.0 2.3071 0.0 0.174 0.0 0.31623 998.0 1.3789 13.0 56.0 3.9071 0.0 0.574 0.0 0.3 996.0 1.8841 14.0 
0.43613 18.35579 133.0 2735.0 3.0 55.0 0.0 -1.5929 0.0 -0.026 0.3 997.0 1.931 15.0 60.0 0.1071 0.0 0.0 -0.126 0.3 994.0 1.9352 13.0 57.0 1.6071 0.0 0.0 -0.226 0.2 994.0 1.7465 13.0 54.0 2.8071 0.0 0.0 -0.226 0.2 994.0 1.5675 13.0 50.0 3.8071 0.0 0.0 -0.226 0.22361 995.0 1.4186 14.0 
0.0321 164.5897 93.0 2621.0 3.0 57.0 0.0 -3.0929 2.974 0.0 0.76158 1000.0 2.5 17.0 58.0 0.0 -1.2929 0.0 -0.726 0.72111 999.0 2.4542 16.0 60.0 1.1071 0.0 0.0 -3.526 0.5 998.0 2.4513 14.0 64.0 3.9071 0.0 0.0 -5.126 0.53852 997.0 2.5 17.0 68.0 6.8071 0.0 0.0 -5.626 0.5 995.0 2.5 16.0 
0.51253 53.94034 93.0 1519.0 3.0 64.0 0.0 -2.5929 2.074 0.0 0.5 997.0 2.5 12.0 71.0 0.1071 0.0 0.474 0.0 0.5831 995.0 2.5 14.0 79.0 2.7071 0.0 0.0 -1.126 0.5831 991.0 2.5 11.0 80.0 5.1071 0.0 0.0 -2.526 0.36056 988.0 2.5 10.0 80.0 7.1071 0.0 0.0 -3.426 0.31623 985.0 2.3346 9.0 
0.07077 193.3831 100.0 2782.0 3.0 57.0 0.1071 0.0 3.574 0.0 0.53852 998.0 2.2123 14.0 58.0 1.5071 0.0 0.874 0.0 0.44721 996.0 2.0211 12.0 61.0 2.9071 0.0 0.0 -1.226 0.36056 994.0 2.0003 10.0 70.0 4.3071 0.0 0.0 -2.826 0.42426 987.0 1.9249 8.0 87.0 5.8071 0.0 0.0 -4.126 0.36056 978.0 2.2088 8.0 
0.12706 148.36538 100.0 1985.0 3.0 59.0 0.2071 0.0 2.974 0.0 0.44721 995.0 1.9752 11.0 66.0 1.2071 0.0 0.574 0.0 0.36056 991.0 2.0223 12.0 76.0 2.6071 0.0 0.0 -1.126 0.28284 984.0 2.0343 10.0 82.0 4.1071 0.0 0.0 -2.326 0.31623 980.0 2.0811 9.0 86.0 5.7071 0.0 0.0 -3.126 0.22361 977.0 2.0984 8.0 
0.12208 82.03842 81.0 1249.0 3.0 55.0 0.0 -2.5929 0.374 0.0 0.44721 998.0 2.0598 13.0 62.0 0.0 -0.3929 0.0 -0.626 0.44721 995.0 2.1812 11.0 75.0 1.9071 0.0 0.0 -1.326 0.31623 990.0 2.4979 11.0 77.0 4.1071 0.0 0.0 -1.626 0.4 989.0 2.5 10.0 79.0 6.2071 0.0 0.0 -1.626 0.3 987.0 2.4517 10.0 
0.46338 18.35579 91.0 2583.0 3.0 64.0 0.0 -2.1929 2.374 0.0 0.5 996.0 2.4609 11.0 75.0 0.1071 0.0 0.0 -0.126 0.56569 992.0 2.5 9.0 87.0 2.8071 0.0 0.0 -2.026 0.53852 987.0 2.5 10.0 101.0 5.5071 0.0 0.0 -3.126 0.41231 976.0 2.5 8.0 101.0 7.8071 0.0 0.0 -3.526 0.3 971.0 2.4807 7.0 
0.18413 208.59279 87.0 1267.0 3.0 70.0 0.0 -0.8929 5.074 0.0 0.80623 998.0 2.5 10.0 70.0 1.6071 0.0 0.974 0.0 0.76158 998.0 2.5 13.0 69.0 3.6071 0.0 0.0 -2.726 0.67082 995.0 2.5 12.0 72.0 5.3071 0.0 0.0 -5.826 0.5831 991.0 2.4067 10.0 83.0 6.9071 0.0 0.0 -8.526 0.42426 985.0 2.5 10.0 
0.01164 223.68652 96.0 3076.0 3.0 63.0 0.0 -4.2929 0.0 -0.826 0.63246 1001.0 2.5 13.0 59.0 0.0 -0.5929 0.0 -1.926 0.5099 1000.0 2.5 12.0 55.0 2.2071 0.0 0.0 -2.926 0.44721 998.0 2.0598 10.0 55.0 4.4071 0.0 0.0 -4.126 0.44721 998.0 2.0598 13.0 60.0 6.4071 0.0 0.0 -5.526 0.42426 995.0 2.0427 11.0 
0.17224 39.17945 116.0 658.0 3.0 45.0 0.0 -0.4929 1.474 0.0 0.22361 997.0 1.2927 13.0 46.0 0.3071 0.0 0.174 0.0 0.28284 997.0 1.3508 12.0 52.0 1.2071 0.0 0.0 -0.826 0.22361 995.0 1.5343 14.0 60.0 2.1071 0.0 0.0 -1.626 0.22361 991.0 1.6713 12.0 64.0 3.2071 0.0 0.0 -2.126 0.2 989.0 1.7431 11.0 
0.02207 197.77529 104.0 1022.0 3.0 41.0 0.0 -2.7929 0.374 0.0 0.36056 1000.0 1.3207 13.0 42.0 0.0 -1.2929 0.0 -1.226 0.36056 1000.0 1.3859 12.0 45.0 0.2071 0.0 0.0 -2.726 0.36056 999.0 1.4773 11.0 49.0 1.9071 0.0 0.0 -4.026 0.42426 997.0 1.5327 10.0 55.0 3.7071 0.0 0.0 -5.326 0.36056 996.0 1.8174 12.0 
0.08048 113.60601 97.0 1316.0 3.0 63.0 0.0 -1.1929 3.274 0.0 0.64031 999.0 2.5 14.0 60.0 0.9071 0.0 0.474 0.0 0.56569 998.0 2.4513 13.0 58.0 2.9071 0.0 0.0 -1.726 0.42426 997.0 2.1474 12.0 62.0 4.6071 0.0 0.0 -3.326 0.31623 994.0 2.0664 13.0 69.0 6.4071 0.0 0.0 -4.026 0.3 990.0 2.1142 11.0 
0.0194 88.44035 84.0 616.0 3.0 63.0 0.0 -2.9929 3.374 0.0 0.80623 1001.0 2.5 13.0 64.0 0.0 -0.4929 0.0 -0.626 0.80623 1000.0 2.5 11.0 65.0 2.1071 0.0 0.0 -4.226 0.64031 999.0 2.5 14.0 67.0 4.9071 0.0 0.0 -6.826 0.64031 997.0 2.5 12.0 74.0 7.8071 0.0 0.0 -9.026 0.64031 994.0 2.5 11.0 
0.2136 67.44987 120.0 2136.0 3.0 33.0 0.5071 0.0 0.0 -0.826 0.1 1000.0 1.0 15.0 37.0 0.6071 0.0 0.0 -0.026 0.22361 998.0 1.0 13.0 43.0 0.8071 0.0 0.874 0.0 0.14142 996.0 1.1109 11.0 52.0 1.2071 0.0 1.674 0.0 0.14142 993.0 1.3809 13.0 62.0 1.7071 0.0 2.274 0.0 0.14142 988.0 1.5705 10.0 
0.16747 10.70814 118.0 1803.0 3.0 45.0 0.0 -0.7929 1.774 0.0 0.31623 998.0 1.3789 15.0 42.0 0.0 -0.0929 0.0 -0.026 0.28284 998.0 1.2011 14.0 43.0 0.6071 0.0 0.0 -1.226 0.22361 996.0 1.1109 13.0 46.0 1.3071 0.0 0.0 -2.126 0.1 993.0 1.0806 11.0 47.0 1.8071 0.0 0.0 -2.626 0.1 991.0 1.0256 10.0 
0.52603 58.29206 101.0 2617.0 3.0 52.0 0.0 -1.4929 0.0 -1.626 0.31623 997.0 1.7261 13.0 60.0 0.3071 0.0 0.0 -0.426 0.36056 995.0 2.0427 12.0 71.0 2.2071 0.0 0.974 0.0 0.42426 991.0 2.3403 11.0 78.0 4.0071 0.0 2.174 0.0 0.31623 986.0 2.3015 10.0 79.0 5.7071 0.0 2.674 0.0 0.3 984.0 2.1981 9.0 
0.18682 77.04923 98.0 2678.0 3.0 52.0 0.0 -1.6929 1.774 0.0 0.44721 1000.0 2.1245 15.0 52.0 0.5071 0.0 0.474 0.0 0.36056 999.0 1.9727 14.0 55.0 2.4071 0.0 0.0 -0.826 0.36056 998.0 2.0598 16.0 60.0 4.1071 0.0 0.0 -1.926 0.31623 995.0 2.0427 14.0 62.0 5.9071 0.0 0.0 -2.726 0.22361 994.0 2.0664 13.0 
0.02143 141.25405 89.0 2995.0 3.0 66.0 0.0 -4.1929 1.674 0.0 0.78102 1001.0 2.5 17.0 67.0 0.0 -0.5929 0.0 -1.126 0.78102 1000.0 2.5 16.0 66.0 2.9071 0.0 0.0 -3.526 0.5831 999.0 2.5 14.0 66.0 5.9071 0.0 0.0 -5.526 0.5831 998.0 2.5 16.0 67.0 8.4071 0.0 0.0 -7.226 0.5 996.0 2.5 14.0 
0.02543 127.73908 91.0 1378.0 3.0 63.0 0.0 -4.0929 2.174 0.0 0.78102 1001.0 2.5 17.0 63.0 0.0 -0.8929 0.0 -0.726 0.64031 1000.0 2.5 16.0 62.0 2.2071 0.0 0.0 -2.926 0.5831 999.0 2.5 14.0 63.0 5.0071 0.0 0.0 -4.326 0.53852 998.0 2.5 16.0 67.0 7.6071 0.0 0.0 -5.126 0.41231 995.0 2.5 13.0 
0.14315 108.43208 111.0 1030.0 3.0 69.0 0.0 -0.5929 1.874 0.0 0.28284 986.0 1.801 8.0 77.0 0.7071 0.0 0.674 0.0 0.36056 981.0 1.8924 8.0 101.0 2.1071 0.0 0.0 -0.326 0.22361 963.0 2.0838 7.0 124.0 3.3071 0.0 0.0 -1.126 0.22361 941.0 2.1812 5.0 117.0 4.5071 0.0 0.0 -1.826 0.22361 948.0 2.151 5.0 
0.26049 23.16855 103.0 613.0 3.0 47.0 0.0 -1.2929 1.974 0.0 0.44721 999.0 1.6116 11.0 48.0 0.2071 0.0 0.0 -0.026 0.36056 998.0 1.5688 10.0 51.0 1.6071 0.0 0.0 -1.726 0.36056 998.0 1.7711 13.0 54.0 3.1071 0.0 0.0 -2.926 0.31623 996.0 1.752 11.0 62.0 4.7071 0.0 0.0 -3.726 0.31623 991.0 1.7846 9.0 
0.06391 194.80947 103.0 1432.0 3.0 49.0 0.0071 0.0 2.574 0.0 0.28284 998.0 1.6349 17.0 54.0 1.2071 0.0 1.274 0.0 0.36056 996.0 1.752 15.0 57.0 2.5071 0.0 0.074 0.0 0.36056 995.0 1.8436 14.0 59.0 3.8071 0.0 0.0 -0.926 0.28284 994.0 1.8713 13.0 62.0 5.1071 0.0 0.0 -1.726 0.31623 992.0 1.8696 12.0 
0.07193 156.64953 110.0 195.0 3.0 41.0 0.0 -0.7929 2.374 0.0 0.36056 1001.0 1.4308 17.0 41.0 0.6071 0.0 1.274 0.0 0.31623 1000.0 1.3207 16.0 43.0 2.0071 0.0 0.674 0.0 0.3 999.0 1.3489 14.0 47.0 3.4071 0.0 0.474 0.0 0.2 997.0 1.4101 14.0 54.0 4.6071 0.0 0.374 0.0 0.2 994.0 1.5675 13.0 
0.0963 139.82063 113.0 741.0 3.0 47.0 0.0 -0.0929 2.174 0.0 0.28284 998.0 1.5041 22.0 54.0 0.9071 0.0 0.874 0.0 0.28284 996.0 1.752 18.0 56.0 2.1071 0.0 0.0 -0.226 0.28284 995.0 1.7795 17.0 59.0 3.3071 0.0 0.0 -1.126 0.22361 993.0 1.7777 16.0 60.0 4.5071 0.0 0.0 -1.726 0.31623 992.0 1.7509 15.0 
0.07736 116.36837 106.0 1482.0 3.0 48.0 0.0 -1.2929 2.674 0.0 0.42426 1001.0 1.961 18.0 47.0 0.7071 0.0 0.774 0.0 0.42426 1001.0 1.8802 17.0 46.0 2.4071 0.0 0.0 -0.926 0.28284 1001.0 1.801 21.0 45.0 3.8071 0.0 0.0 -2.226 0.28284 1000.0 1.591 19.0 48.0 5.0071 0.0 0.0 -3.326 0.22361 998.0 1.5688 16.0 
0.13562 93.62417 95.0 2674.0 3.0 50.0 0.0 -1.0929 2.074 0.0 0.36056 1000.0 1.9642 18.0 51.0 0.5071 0.0 0.674 0.0 0.42426 999.0 1.8976 17.0 55.0 2.3071 0.0 0.0 -0.526 0.31623 998.0 2.0598 16.0 57.0 4.4071 0.0 0.0 -1.326 0.31623 998.0 2.2123 16.0 54.0 6.5071 0.0 0.0 -1.826 0.3 999.0 2.1274 17.0 
0.05638 262.51785 87.0 2061.0 3.0 57.0 0.0 -0.2929 4.474 0.0 0.72111 1000.0 2.5 23.0 62.0 2.1071 0.0 1.074 0.0 0.72111 1000.0 2.5 20.0 68.0 4.5071 0.0 0.0 -2.426 0.72111 998.0 2.5 18.0 72.0 6.9071 0.0 0.0 -5.926 0.64031 997.0 2.5 20.0 77.0 9.0071 0.0 0.0 -9.126 0.64031 994.0 2.5 17.0 
0.09925 183.23294 95.0 2203.0 3.0 57.0 0.0 -0.2929 0.0 -2.926 0.42426 995.0 1.8436 14.0 72.0 1.2071 0.0 0.0 -1.126 0.42426 990.0 2.3021 11.0 80.0 2.8071 0.0 0.774 0.0 0.42426 986.0 2.421 10.0 82.0 4.7071 0.0 2.674 0.0 0.5 987.0 2.5 10.0 83.0 6.6071 0.0 4.774 0.0 0.5831 987.0 2.5 10.0 
0.06926 179.1179 90.0 2945.0 3.0 54.0 0.0 -0.9929 2.874 0.0 0.5 998.0 1.9855 18.0 60.0 1.1071 0.0 1.174 0.0 0.44721 996.0 2.1629 16.0 68.0 3.4071 0.0 0.0 -0.026 0.44721 994.0 2.4857 17.0 74.0 5.8071 0.0 0.0 -0.926 0.41231 991.0 2.5 15.0 78.0 8.1071 0.0 0.0 -1.426 0.4 988.0 2.4856 13.0 
0.43365 17.37652 96.0 328.0 3.0 51.0 0.0 -2.5929 1.074 0.0 0.44721 1001.0 2.2138 18.0 50.0 0.0 -0.0929 0.0 -0.126 0.4 1001.0 2.1279 17.0 49.0 2.3071 0.0 0.0 -0.426 0.31623 1000.0 1.8864 15.0 51.0 4.4071 0.0 0.0 -0.626 0.3 999.0 1.8976 18.0 57.0 6.3071 0.0 0.0 -0.826 0.41231 997.0 2.074 15.0 
0.07592 175.36688 94.0 1167.0 3.0 59.0 0.1071 0.0 3.874 0.0 0.63246 997.0 2.2221 10.0 58.0 1.5071 0.0 0.474 0.0 0.53852 997.0 2.1474 14.0 58.0 2.9071 0.0 0.0 -2.326 0.5 995.0 1.9088 12.0 62.0 4.4071 0.0 0.0 -4.526 0.5 992.0 1.8696 10.0 71.0 5.9071 0.0 0.0 -6.526 0.36056 988.0 2.0595 11.0 
0.05574 153.45992 127.0 521.0 3.0 47.0 0.0071 0.0 2.974 0.0 0.44721 999.0 1.6116 11.0 49.0 1.2071 0.0 0.674 0.0 0.44721 998.0 1.6349 10.0 50.0 2.4071 0.0 0.0 -1.326 0.31623 997.0 1.5959 13.0 49.0 3.4071 0.0 0.0 -2.926 0.22361 996.0 1.4425 12.0 53.0 4.2071 0.0 0.0 -3.926 0.22361 991.0 1.3041 10.0 
0.44546 8.25172 94.0 1830.0 3.0 58.0 0.0 -2.4929 1.974 0.0 0.5831 998.0 2.2906 14.0 61.0 0.0071 0.0 0.074 0.0 0.5 998.0 2.5 16.0 63.0 2.3071 0.0 0.0 -1.526 0.36056 996.0 2.3846 15.0 69.0 4.5071 0.0 0.0 -2.626 0.44721 993.0 2.4314 12.0 71.0 6.7071 0.0 0.0 -3.426 0.31623 991.0 2.3403 11.0 
0.05983 290.00089 96.0 1796.0 3.0 56.0 2.2071 0.0 0.0 -1.826 0.1 987.0 1.2319 11.0 70.0 2.3071 0.0 0.0 -1.226 0.14142 981.0 1.564 11.0 80.0 2.8071 0.0 0.0 -0.726 0.14142 976.0 1.7667 10.0 95.0 3.8071 0.0 0.0 -0.226 0.22361 969.0 2.095 9.0 108.0 5.5071 0.0 0.574 0.0 0.41231 965.0 2.4819 9.0 
0.51957 14.00819 99.0 2980.0 3.0 58.0 0.0 -2.1929 1.374 0.0 0.44721 998.0 2.2906 13.0 65.0 0.0071 0.0 0.0 -0.126 0.36056 994.0 2.2712 10.0 68.0 2.1071 0.0 0.0 -1.326 0.31623 991.0 2.1467 9.0 72.0 4.1071 0.0 0.0 -2.026 0.31623 988.0 2.1179 8.0 74.0 5.9071 0.0 0.0 -2.626 0.31623 986.0 2.0715 7.0 
0.05056 169.80266 105.0 1109.0 3.0 47.0 0.0 -1.8929 0.0 -0.926 0.36056 999.0 1.6116 10.0 53.0 0.1071 0.0 0.0 -1.526 0.31623 998.0 1.9127 12.0 60.0 2.0071 0.0 0.0 -2.026 0.31623 994.0 1.9352 10.0 62.0 3.7071 0.0 0.0 -2.326 0.31623 992.0 1.8696 9.0 65.0 5.1071 0.0 0.0 -2.526 0.2 989.0 1.798 8.0 
0.37034 21.60552 104.0 1376.0 3.0 43.0 0.0 -1.7929 0.874 0.0 0.31623 1000.0 1.4527 15.0 48.0 0.0 -0.1929 0.0 -0.026 0.36056 999.0 1.6809 18.0 57.0 1.5071 0.0 0.0 -0.926 0.36056 996.0 1.952 15.0 57.0 3.4071 0.0 0.0 -1.926 0.31623 996.0 1.952 15.0 58.0 5.1071 0.0 0.0 -2.726 0.31623 996.0 2.0211 14.0 
0.19591 38.12432 107.0 1915.0 3.0 44.0 0.0 -1.1929 1.374 0.0 0.36056 1000.0 1.5211 15.0 45.0 0.2071 0.0 0.274 0.0 0.22361 999.0 1.4773 14.0 48.0 1.5071 0.0 0.0 -0.426 0.31623 997.0 1.4708 12.0 56.0 2.9071 0.0 0.0 -0.726 0.2 994.0 1.6858 13.0 64.0 4.3071 0.0 0.0 -0.726 0.22361 991.0 1.9016 11.0 
0.03459 218.16136 108.0 151.0 3.0 46.0 0.8071 0.0 2.274 0.0 0.22361 999.0 1.5437 13.0 50.0 1.7071 0.0 0.974 0.0 0.28284 997.0 1.5959 11.0 53.0 2.8071 0.0 0.0 -0.026 0.28284 996.0 1.6877 10.0 56.0 4.0071 0.0 0.0 -1.026 0.28284 995.0 1.7795 10.0 54.0 5.1071 0.0 0.0 -2.026 0.28284 996.0 1.752 10.0 
0.31538 94.52394 92.0 850.0 3.0 51.0 0.0 -2.4929 0.0 -1.826 0.53852 1001.0 2.2138 22.0 56.0 0.2071 0.0 0.0 -0.826 0.5099 1000.0 2.4639 19.0 57.0 2.8071 0.0 0.274 0.0 0.5 999.0 2.3703 18.0 58.0 5.2071 0.0 1.674 0.0 0.44721 999.0 2.4542 18.0 54.0 7.4071 0.0 3.174 0.0 0.36056 1000.0 2.291 18.0 
0.07435 201.65087 119.0 2616.0 3.0 51.0 0.0 -0.2929 2.474 0.0 0.28284 998.0 1.7711 16.0 52.0 0.9071 0.0 1.574 0.0 0.22361 996.0 1.6246 14.0 52.0 2.0071 0.0 0.974 0.0 0.22361 995.0 1.5343 14.0 52.0 3.0071 0.0 0.474 0.0 0.1 995.0 1.5343 13.0 51.0 3.8071 0.0 0.074 0.0 0.14142 995.0 1.4759 13.0 
0.07552 178.04021 96.0 3102.0 3.0 37.0 0.0 -2.5929 0.474 0.0 0.3 1001.0 1.1652 18.0 40.0 0.0 -1.0929 1.174 0.0 0.28284 1001.0 1.3618 17.0 47.0 0.5071 0.0 2.574 0.0 0.36056 1000.0 1.7355 18.0 57.0 2.6071 0.0 3.874 0.0 0.5 999.0 2.3703 17.0 65.0 5.2071 0.0 4.974 0.0 0.44721 997.0 2.5 15.0 
0.06846 72.7102 215.0 3065.0 3.0 40.0 0.0 -1.2929 0.274 0.0 0.28284 998.0 1.0895 10.0 44.0 0.0 -0.1929 0.0 -0.626 0.28284 996.0 1.1632 9.0 50.0 0.9071 0.0 0.0 -1.526 0.22361 995.0 1.4186 11.0 60.0 2.1071 0.0 0.0 -2.326 0.28284 990.0 1.5987 9.0 75.0 3.3071 0.0 0.0 -3.026 0.31623 980.0 1.741 7.0 
0.3994 124.39661 96.0 2476.0 3.0 76.0 0.0 -1.3929 4.474 0.0 0.89443 995.0 2.5 13.0 71.0 1.1071 0.0 0.174 0.0 0.64031 994.0 2.5 12.0 67.0 3.4071 0.0 0.0 -2.826 0.56569 993.0 2.2925 15.0 69.0 5.4071 0.0 0.0 -5.126 0.42426 989.0 2.0261 13.0 75.0 7.0071 0.0 0.0 -6.926 0.36056 984.0 1.9811 13.0 
0.28334 107.02187 61.0 1118.0 3.0 58.0 0.0 -2.5929 3.274 0.0 0.5831 1002.0 2.5 19.0 59.0 0.4071 0.0 0.874 0.0 0.64031 1001.0 2.5 17.0 59.0 3.2071 0.0 0.0 -1.226 0.5831 1001.0 2.5 15.0 57.0 5.9071 0.0 0.0 -2.726 0.5099 1000.0 2.5 14.0 52.0 8.5071 0.0 0.0 -3.626 0.41231 1001.0 2.3015 15.0 
0.13574 64.32701 95.0 2251.0 3.0 64.0 0.0 -3.3929 1.874 0.0 0.72111 1000.0 2.5 16.0 59.0 0.0 -0.3929 0.0 -0.426 0.5831 999.0 2.5 15.0 58.0 2.2071 0.0 0.0 -1.826 0.44721 998.0 2.2906 17.0 58.0 4.4071 0.0 0.0 -2.626 0.41231 997.0 2.1474 16.0 58.0 6.4071 0.0 0.0 -3.426 0.44721 997.0 2.1474 15.0 
0.02209 248.58317 101.0 35.0 3.0 73.0 0.2071 0.0 3.774 0.0 0.5831 994.0 2.5 13.0 71.0 1.9071 0.0 1.174 0.0 0.36056 992.0 2.4518 12.0 74.0 3.4071 0.0 0.0 -0.526 0.36056 987.0 2.1512 10.0 79.0 4.7071 0.0 0.0 -1.726 0.22361 982.0 2.0563 9.0 84.0 6.0071 0.0 0.0 -2.526 0.22361 977.0 2.0019 8.0 
0.08811 176.88004 116.0 2923.0 3.0 61.0 0.0 -1.3929 2.774 0.0 0.44721 998.0 2.5 17.0 64.0 0.8071 0.0 1.374 0.0 0.41231 995.0 2.3242 14.0 63.0 2.7071 0.0 0.374 0.0 0.36056 994.0 2.1336 13.0 62.0 4.1071 0.0 0.0 -0.526 0.28284 992.0 1.8696 12.0 60.0 5.2071 0.0 0.0 -1.426 0.22361 992.0 1.7509 12.0 
0.11446 41.06496 321.0 559.0 3.0 40.0 0.0 -1.1929 1.274 0.0 0.31623 1000.0 1.2571 12.0 40.0 0.0 -0.2929 0.0 -0.226 0.28284 1000.0 1.2571 15.0 41.0 0.6071 0.0 0.0 -1.126 0.22361 998.0 1.1446 13.0 44.0 1.4071 0.0 0.0 -1.426 0.22361 996.0 1.1632 12.0 56.0 2.2071 0.0 0.0 -1.426 0.2 992.0 1.5252 12.0 
0.07359 218.21274 94.0 1505.0 3.0 55.0 0.4071 0.0 3.474 0.0 0.53852 998.0 2.0598 14.0 58.0 1.8071 0.0 0.774 0.0 0.5 997.0 2.1474 17.0 62.0 3.4071 0.0 0.0 -1.526 0.36056 994.0 2.0664 14.0 70.0 5.1071 0.0 0.0 -3.326 0.36056 992.0 2.3832 15.0 76.0 7.0071 0.0 0.0 -4.626 0.36056 988.0 2.3598 13.0 
0.26373 69.94114 98.0 418.0 3.0 64.0 0.0 -1.3929 2.974 0.0 0.5831 997.0 2.5 12.0 64.0 0.5071 0.0 0.374 0.0 0.56569 995.0 2.3242 11.0 67.0 2.3071 0.0 0.0 -1.526 0.42426 992.0 2.1833 11.0 73.0 4.0071 0.0 0.0 -2.826 0.31623 988.0 2.1772 10.0 85.0 5.7071 0.0 0.0 -3.426 0.3 980.0 2.2362 8.0 
0.24496 89.42401 169.0 1714.0 3.0 35.0 0.0 -0.3929 0.0 -1.526 0.28284 1000.0 1.0 16.0 39.0 0.5071 0.0 0.0 -0.626 0.28284 1000.0 1.195 20.0 45.0 1.4071 0.0 0.474 0.0 0.28284 998.0 1.3789 17.0 48.0 2.3071 0.0 1.574 0.0 0.14142 997.0 1.4708 15.0 48.0 3.0071 0.0 2.374 0.0 0.14142 996.0 1.3843 14.0 
0.11336 193.3831 116.0 1579.0 3.0 33.0 2.0071 0.0 0.174 0.0 0.14142 1000.0 1.0 16.0 35.0 1.5071 0.0 0.874 0.0 0.2 999.0 1.0 15.0 36.0 1.3071 0.0 1.574 0.0 0.1 999.0 1.0 18.0 42.0 1.3071 0.0 1.974 0.0 0.1 996.0 1.0598 14.0 50.0 1.8071 0.0 2.074 0.0 0.1 994.0 1.3439 13.0 
0.0711 147.73872 147.0 2044.0 3.0 56.0 0.0 -0.4929 2.474 0.0 0.42426 997.0 2.0019 15.0 61.0 0.9071 0.0 0.974 0.0 0.36056 994.0 2.0003 13.0 62.0 2.3071 0.0 0.074 0.0 0.31623 992.0 1.8696 12.0 61.0 3.6071 0.0 0.0 -0.426 0.2 991.0 1.7275 11.0 60.0 4.7071 0.0 0.0 -0.526 0.2 990.0 1.5987 11.0 
0.3635 2.99167 105.0 1988.0 3.0 54.0 0.0 -2.2929 1.874 0.0 0.5 1000.0 2.291 12.0 54.0 0.0071 0.0 0.0 -0.026 0.5 999.0 2.1274 10.0 56.0 2.1071 0.0 0.0 -1.526 0.5 998.0 2.1353 11.0 58.0 4.0071 0.0 0.0 -2.726 0.31623 996.0 2.0211 11.0 62.0 5.5071 0.0 0.0 -3.426 0.2 992.0 1.8696 9.0 
0.13471 102.71108 103.0 676.0 3.0 54.0 0.0 -0.8929 2.574 0.0 0.36056 996.0 1.752 12.0 56.0 0.5071 0.0 0.774 0.0 0.42426 996.0 1.8841 15.0 64.0 2.1071 0.0 0.0 -0.626 0.36056 993.0 2.0918 16.0 71.0 3.7071 0.0 0.0 -1.526 0.31623 988.0 2.0595 14.0 77.0 5.2071 0.0 0.0 -1.826 0.3 983.0 2.0186 12.0 
0.07781 213.60353 86.0 1609.0 3.0 64.0 0.0 -1.8929 4.674 0.0 0.70711 1001.0 2.5 21.0 68.0 1.1071 0.0 1.574 0.0 0.64031 999.0 2.5 18.0 69.0 4.1071 0.0 0.0 -1.026 0.64031 998.0 2.5 16.0 67.0 7.0071 0.0 0.0 -3.126 0.5 998.0 2.5 16.0 63.0 9.6071 0.0 0.0 -4.726 0.53852 998.0 2.5 16.0 
0.06027 186.90786 75.0 2607.0 3.0 46.0 0.0 -0.1929 2.274 0.0 0.36056 1000.0 1.6625 19.0 49.0 1.2071 0.0 1.174 0.0 0.31623 999.0 1.7517 17.0 50.0 2.6071 0.0 0.274 0.0 0.31623 998.0 1.7023 16.0 51.0 4.1071 0.0 0.0 -0.426 0.22361 998.0 1.7711 16.0 50.0 5.6071 0.0 0.0 -1.026 0.31623 998.0 1.7023 16.0 
0.19924 102.21686 106.0 1964.0 3.0 36.0 0.0 -0.6929 0.0 -1.426 0.22361 999.0 1.0 15.0 45.0 0.4071 0.0 0.0 -0.826 0.31623 999.0 1.4773 17.0 53.0 1.7071 0.0 0.174 0.0 0.28284 996.0 1.6877 15.0 59.0 3.0071 0.0 1.474 0.0 0.36056 995.0 1.9752 13.0 64.0 4.3071 0.0 3.074 0.0 0.28284 993.0 2.0918 12.0 
0.0785 178.25807 93.0 1711.0 3.0 56.0 0.0 -0.4929 3.974 0.0 0.5831 1000.0 2.4639 12.0 56.0 1.4071 0.0 0.774 0.0 0.5831 999.0 2.2879 11.0 55.0 3.1071 0.0 0.0 -2.026 0.5 997.0 1.931 10.0 57.0 4.5071 0.0 0.0 -4.326 0.44721 996.0 1.952 12.0 64.0 6.0071 0.0 0.0 -6.526 0.44721 993.0 2.0918 10.0 
0.5422 57.41677 98.0 180.0 3.0 70.0 0.0 -2.7929 3.074 0.0 0.64031 997.0 2.5 13.0 71.0 0.2071 0.0 0.474 0.0 0.5 995.0 2.5 11.0 71.0 2.6071 0.0 0.0 -1.526 0.5 992.0 2.4518 10.0 79.0 4.7071 0.0 0.0 -3.026 0.44721 987.0 2.4517 10.0 85.0 6.5071 0.0 0.0 -4.126 0.22361 980.0 2.2362 8.0 
0.20812 87.49915 88.0 925.0 3.0 67.0 0.0 -3.1929 0.0 -1.726 0.60828 996.0 2.5 8.0 80.0 0.3071 0.0 0.0 -0.726 0.53852 993.0 2.5 9.0 87.0 3.5071 0.0 0.574 0.0 0.5099 987.0 2.5 7.0 88.0 6.3071 0.0 1.474 0.0 0.5099 985.0 2.5 7.0 81.0 8.9071 0.0 2.174 0.0 0.31623 987.0 2.5 7.0 
0.40679 78.1117 89.0 2983.0 3.0 61.0 0.0 -2.7929 2.274 0.0 0.5831 1000.0 2.5 15.0 64.0 0.4071 0.0 0.574 0.0 0.5831 999.0 2.5 14.0 70.0 3.6071 0.0 0.0 -1.126 0.53852 997.0 2.5 16.0 70.0 6.4071 0.0 0.0 -2.426 0.44721 995.0 2.5 13.0 65.0 8.6071 0.0 0.0 -3.226 0.31623 993.0 2.1576 12.0 
0.11531 116.7183 105.0 2384.0 3.0 44.0 0.0 -0.0929 1.974 0.0 0.31623 998.0 1.3183 13.0 46.0 0.8071 0.0 0.674 0.0 0.28284 998.0 1.4408 13.0 54.0 1.9071 0.0 0.0 -0.526 0.28284 996.0 1.752 14.0 62.0 3.2071 0.0 0.0 -1.526 0.28284 993.0 1.9631 12.0 66.0 4.4071 0.0 0.0 -2.426 0.31623 990.0 1.9344 11.0 
0.05083 208.05517 108.0 2397.0 3.0 53.0 0.5071 0.0 3.374 0.0 0.53852 999.0 2.0493 16.0 51.0 1.7071 0.0 0.774 0.0 0.44721 998.0 1.7711 14.0 49.0 2.7071 0.0 0.0 -1.226 0.31623 996.0 1.4425 13.0 52.0 3.6071 0.0 0.0 -2.726 0.28284 995.0 1.5343 15.0 59.0 4.7071 0.0 0.0 -3.526 0.22361 991.0 1.6161 14.0 
0.38347 28.83574 103.0 2505.0 3.0 58.0 0.0 -1.9929 0.0 -0.826 0.36056 995.0 1.9088 11.0 70.0 0.0 -0.1929 0.174 0.0 0.36056 990.0 2.176 11.0 71.0 1.5071 0.0 1.174 0.0 0.31623 989.0 2.1453 11.0 75.0 3.1071 0.0 1.974 0.0 0.31623 986.0 2.1279 10.0 76.0 4.7071 0.0 2.574 0.0 0.31623 985.0 2.1069 9.0 
0.2239 33.53347 106.0 2069.0 3.0 54.0 0.0 -2.6929 2.774 0.0 0.64031 1000.0 2.291 18.0 56.0 0.0 -0.2929 0.074 0.0 0.64031 999.0 2.2879 16.0 58.0 2.0071 0.0 0.0 -2.426 0.56569 998.0 2.2906 14.0 56.0 4.0071 0.0 0.0 -4.526 0.42426 996.0 1.8841 13.0 55.0 5.5071 0.0 0.0 -5.926 0.22361 995.0 1.7165 15.0 
0.20916 85.01661 101.0 303.0 3.0 55.0 0.0 -1.4929 2.874 0.0 0.5 999.0 2.2069 11.0 54.0 0.5071 0.0 0.574 0.0 0.5 999.0 2.1274 15.0 54.0 2.4071 0.0 0.0 -1.326 0.36056 998.0 1.9855 13.0 56.0 4.0071 0.0 0.0 -2.826 0.28284 995.0 1.7795 11.0 63.0 5.4071 0.0 0.0 -4.126 0.28284 992.0 1.9304 12.0 
0.0882 191.61849 92.0 136.0 3.0 43.0 0.0 -0.8929 0.0 -2.026 0.31623 1001.0 1.5738 22.0 45.0 0.8071 0.0 0.0 -1.526 0.31623 1000.0 1.591 19.0 44.0 2.2071 0.0 0.0 -0.826 0.31623 1000.0 1.5211 18.0 42.0 3.4071 0.0 0.0 -0.126 0.22361 1000.0 1.3859 18.0 41.0 4.4071 0.0 0.574 0.0 0.14142 1000.0 1.3207 18.0 
0.15533 94.15302 122.0 2177.0 3.0 56.0 0.0 -2.4929 0.0 -0.326 0.41231 999.0 2.2879 14.0 55.0 0.0 -0.1929 0.0 -0.826 0.31623 998.0 2.0598 16.0 63.0 1.7071 0.0 0.0 -1.226 0.3 994.0 2.1336 13.0 59.0 3.4071 0.0 0.0 -1.526 0.3 994.0 1.8713 13.0 59.0 4.8071 0.0 0.0 -2.026 0.1 993.0 1.7777 12.0 
0.39447 14.00819 120.0 1452.0 3.0 50.0 0.0 -1.5929 0.074 0.0 0.3 998.0 1.7023 13.0 54.0 0.0071 0.0 0.0 -0.126 0.2 996.0 1.752 14.0 56.0 1.3071 0.0 0.0 -0.126 0.2 994.0 1.6858 13.0 58.0 2.4071 0.0 0.0 -0.126 0.2 992.0 1.6361 12.0 59.0 3.4071 0.0 0.0 -0.226 0.2 991.0 1.6161 11.0 
0.39643 65.40589 95.0 1626.0 3.0 45.0 0.0 -1.0929 0.0 -1.226 0.31623 999.0 1.4773 19.0 50.0 0.4071 0.0 0.0 -0.426 0.31623 997.0 1.5959 16.0 53.0 1.9071 0.0 0.174 0.0 0.31623 997.0 1.7931 20.0 57.0 3.7071 0.0 0.574 0.0 0.3 996.0 1.952 19.0 71.0 6.0071 0.0 0.374 0.0 0.41231 993.0 2.5 16.0 
0.03543 180.26231 104.0 58.0 3.0 59.0 0.0 -0.2929 2.374 0.0 0.28284 993.0 1.7777 13.0 62.0 1.0071 0.0 1.274 0.0 0.22361 992.0 1.8696 12.0 67.0 2.3071 0.0 0.474 0.0 0.28284 989.0 1.9104 11.0 69.0 3.6071 0.0 0.0 -0.126 0.22361 988.0 1.9451 10.0 70.0 4.9071 0.0 0.0 -0.426 0.31623 987.0 1.9249 10.0 
0.07069 66.82775 100.0 1809.0 3.0 48.0 0.0 -2.1929 1.674 0.0 0.56569 1001.0 1.961 13.0 48.0 0.0 -0.2929 0.0 -0.526 0.5 1001.0 1.961 17.0 49.0 1.4071 0.0 0.0 -2.426 0.42426 999.0 1.7517 15.0 51.0 3.1071 0.0 0.0 -3.826 0.36056 998.0 1.7711 13.0 57.0 4.9071 0.0 0.0 -4.526 0.31623 996.0 1.952 15.0 
0.39456 27.7603 99.0 3081.0 3.0 48.0 0.0 -2.0929 0.474 0.0 0.41231 1001.0 1.961 17.0 48.0 0.1071 0.0 0.0 -0.226 0.3 1000.0 1.8102 15.0 50.0 2.1071 0.0 0.0 -0.426 0.4 998.0 1.7023 14.0 56.0 4.1071 0.0 0.0 -0.626 0.31623 997.0 2.0019 15.0 60.0 5.9071 0.0 0.0 -1.226 0.31623 995.0 2.0427 13.0 
0.11347 92.42951 95.0 538.0 3.0 50.0 0.0 -1.8929 2.674 0.0 0.56569 1001.0 2.1279 13.0 48.0 0.3071 0.0 0.774 0.0 0.36056 1001.0 1.961 12.0 49.0 2.4071 0.0 0.0 -0.426 0.41231 1000.0 1.8864 11.0 52.0 4.5071 0.0 0.0 -1.026 0.31623 999.0 1.9727 13.0 57.0 6.5071 0.0 0.0 -1.426 0.3 997.0 2.074 11.0 
0.10643 44.37868 83.0 289.0 3.0 71.0 0.0 -3.1929 4.674 0.0 0.89443 999.0 2.5 11.0 72.0 0.0 -0.3929 0.074 0.0 0.86023 998.0 2.5 10.0 73.0 2.5071 0.0 0.0 -3.826 0.78102 997.0 2.5 12.0 74.0 5.1071 0.0 0.0 -7.126 0.5831 994.0 2.5 10.0 79.0 7.2071 0.0 0.0 -9.826 0.5 989.0 2.5 10.0 
0.00309 190.73619 79.0 3096.0 3.0 72.0 0.0 -4.3929 2.674 0.0 0.92195 1000.0 2.5 13.0 66.0 0.0 -1.0929 0.0 -1.326 0.78102 1000.0 2.5 12.0 65.0 1.7071 0.0 0.0 -4.826 0.64031 998.0 2.5 10.0 65.0 4.2071 0.0 0.0 -7.926 0.5831 998.0 2.5 13.0 66.0 6.1071 0.0 0.0 -10.826 0.5 995.0 2.4717 11.0 
0.05547 232.85955 106.0 38.0 3.0 51.0 0.8071 0.0 3.574 0.0 0.53852 999.0 1.8976 11.0 51.0 1.9071 0.0 0.874 0.0 0.44721 999.0 1.8976 14.0 53.0 3.1071 0.0 0.0 -1.326 0.36056 997.0 1.7931 12.0 57.0 4.3071 0.0 0.0 -3.126 0.28284 994.0 1.7465 10.0 64.0 5.5071 0.0 0.0 -4.226 0.14142 990.0 1.8189 11.0 
0.23859 8.25172 75.0 466.0 3.0 37.0 0.0 -1.1929 1.774 0.0 0.36056 1002.0 1.2711 22.0 42.0 0.0071 0.0 0.074 0.0 0.36056 1002.0 1.6379 23.0 47.0 1.5071 0.0 0.0 -1.526 0.36056 1001.0 1.8802 20.0 49.0 3.3071 0.0 0.0 -2.526 0.31623 1000.0 1.8864 18.0 51.0 5.3071 0.0 0.0 -2.826 0.3 1000.0 2.0435 18.0 
0.04037 152.06216 109.0 2690.0 3.0 48.0 0.0 -2.8929 1.174 0.0 0.42426 999.0 1.6809 12.0 50.0 0.0 -1.0929 0.0 -0.826 0.42426 999.0 1.8239 13.0 52.0 0.7071 0.0 0.0 -2.626 0.36056 998.0 1.8412 13.0 55.0 2.4071 0.0 0.0 -4.026 0.28284 995.0 1.7165 11.0 59.0 3.9071 0.0 0.0 -5.026 0.22361 992.0 1.693 11.0 
0.40228 42.77555 91.0 3051.0 3.0 59.0 0.0 -2.6929 0.874 0.0 0.41231 999.0 2.5 17.0 64.0 0.0 -0.0929 0.374 0.0 0.5099 997.0 2.5 15.0 68.0 2.6071 0.0 0.0 -0.026 0.5099 995.0 2.5 14.0 70.0 5.3071 0.0 0.0 -0.726 0.44721 995.0 2.5 13.0 66.0 7.8071 0.0 0.0 -1.726 0.36056 995.0 2.4717 13.0 
0.01128 271.24154 96.0 1566.0 3.0 57.0 0.0 -3.8929 0.0 -1.426 0.63246 1002.0 2.5 25.0 62.0 0.0 -0.2929 0.0 -2.426 0.70711 1001.0 2.5 22.0 58.0 3.0071 0.0 0.0 -2.726 0.5099 1000.0 2.5 19.0 51.0 5.4071 0.0 0.0 -2.226 0.31623 1000.0 2.0435 19.0 45.0 7.0071 0.0 0.0 -1.426 0.31623 1000.0 1.591 19.0 
0.11201 223.86987 86.0 98.0 3.0 89.0 0.0 -2.0929 5.374 0.0 1.06301 997.0 2.5 13.0 82.0 1.7071 0.0 1.074 0.0 0.84853 996.0 2.5 12.0 81.0 4.8071 0.0 0.0 -2.026 0.56569 993.0 2.5 13.0 82.0 7.4071 0.0 0.0 -4.226 0.5 989.0 2.5 11.0 85.0 9.8071 0.0 0.0 -5.626 0.31623 984.0 2.5 9.0 
0.03022 161.68118 77.0 758.0 3.0 68.0 0.0 -2.6929 4.774 0.0 0.94868 1000.0 2.5 16.0 66.0 0.0 -1.3929 0.0 -0.426 0.80623 999.0 2.5 15.0 68.0 0.1071 0.0 0.0 -4.926 0.76158 997.0 2.5 13.0 70.0 2.3071 0.0 0.0 -8.526 0.64031 995.0 2.5 12.0 74.0 4.7071 0.0 0.0 -10.926 0.5831 992.0 2.5 13.0 
0.08417 229.07578 112.0 2130.0 3.0 55.0 0.0 -2.0929 0.0 -1.626 0.31623 995.0 1.7165 12.0 59.0 0.0 -0.3929 0.0 -2.026 0.31623 992.0 1.693 13.0 69.0 1.0071 0.0 0.0 -2.026 0.3 986.0 1.801 12.0 90.0 2.3071 0.0 0.0 -1.626 0.2 972.0 2.0178 10.0 93.0 3.4071 0.0 0.0 -0.926 0.22361 970.0 2.0544 9.0 
0.25727 45.6838 104.0 2156.0 3.0 62.0 0.0 -1.3929 2.574 0.0 0.5 995.0 2.1812 11.0 63.0 0.3071 0.0 0.274 0.0 0.42426 993.0 2.0269 10.0 67.0 1.9071 0.0 0.0 -1.226 0.36056 991.0 2.0841 12.0 70.0 3.4071 0.0 0.0 -2.026 0.3 988.0 2.0019 10.0 77.0 4.9071 0.0 0.0 -2.126 0.2 982.0 1.9535 9.0 
0.34581 25.09838 105.0 146.0 3.0 57.0 0.0 -2.8929 1.574 0.0 0.5831 1001.0 2.5 17.0 56.0 0.0071 0.0 0.0 -0.226 0.5831 1000.0 2.4639 16.0 50.0 2.4071 0.0 0.0 -1.626 0.36056 1000.0 1.9642 15.0 49.0 4.1071 0.0 0.0 -2.526 0.22361 999.0 1.7517 17.0 51.0 5.5071 0.0 0.0 -2.926 0.2 997.0 1.6604 15.0 
0.07149 175.11799 104.0 2107.0 3.0 47.0 0.0 -1.4929 2.374 0.0 0.36056 999.0 1.6116 12.0 50.0 0.1071 0.0 1.574 0.0 0.3 997.0 1.5959 12.0 57.0 1.7071 0.0 1.374 0.0 0.3 994.0 1.7465 10.0 62.0 3.3071 0.0 1.574 0.0 0.3 991.0 1.7846 9.0 67.0 4.9071 0.0 1.774 0.0 0.22361 989.0 1.9104 8.0 
0.10885 113.37695 88.0 1753.0 3.0 26.0 0.5071 0.0 0.0 -1.226 0.14142 1002.0 1.0 18.0 29.0 0.8071 0.0 0.0 -0.626 0.14142 1001.0 1.0 17.0 34.0 1.3071 0.0 0.0 -0.026 0.14142 1001.0 1.0 20.0 40.0 2.0071 0.0 0.674 0.0 0.14142 999.0 1.1673 17.0 43.0 2.8071 0.0 1.374 0.0 0.14142 999.0 1.3489 17.0 
0.20782 69.35559 125.0 1276.0 3.0 62.0 0.0 -0.6929 1.874 0.0 0.28284 992.0 1.8696 16.0 58.0 0.4071 0.0 0.474 0.0 0.28284 994.0 1.8084 17.0 64.0 1.6071 0.0 0.0 -0.526 0.28284 990.0 1.8189 15.0 69.0 2.8071 0.0 0.0 -1.326 0.22361 987.0 1.8703 13.0 69.0 3.9071 0.0 0.0 -1.826 0.22361 987.0 1.8703 13.0 
0.22841 18.35579 92.0 86.0 3.0 59.0 0.0 -1.8929 3.674 0.0 0.76158 1000.0 2.5 13.0 58.0 0.1071 0.0 0.0 -0.126 0.72111 999.0 2.4542 12.0 58.0 2.4071 0.0 0.0 -3.226 0.5831 999.0 2.4542 15.0 59.0 4.8071 0.0 0.0 -5.326 0.5 998.0 2.3703 14.0 62.0 7.3071 0.0 0.0 -6.726 0.44721 995.0 2.1812 12.0 
0.44802 93.62417 75.0 2742.0 3.0 81.0 0.0 -3.4929 3.874 0.0 1.06301 1001.0 2.5 20.0 72.0 0.5071 0.0 0.674 0.0 0.72111 1000.0 2.5 18.0 65.0 3.7071 0.0 0.0 -1.326 0.5831 999.0 2.5 17.0 58.0 6.3071 0.0 0.0 -2.726 0.44721 999.0 2.4542 17.0 49.0 8.2071 0.0 0.0 -3.726 0.31623 1000.0 1.8864 18.0 
0.10445 111.39813 99.0 2575.0 3.0 54.0 0.0 -2.9929 1.574 0.0 0.56569 1000.0 2.291 23.0 54.0 0.0 -0.6929 0.0 -0.726 0.56569 999.0 2.1274 21.0 56.0 1.4071 0.0 0.0 -2.826 0.5 999.0 2.2879 24.0 57.0 3.4071 0.0 0.0 -4.526 0.42426 997.0 2.074 21.0 61.0 5.3071 0.0 0.0 -5.626 0.31623 995.0 2.1114 22.0 
0.05469 224.15533 107.0 875.0 3.0 52.0 0.0 -1.4929 0.0 -2.126 0.4 999.0 1.9727 14.0 54.0 0.6071 0.0 0.0 -1.926 0.3 997.0 1.8615 12.0 64.0 2.2071 0.0 0.0 -1.426 0.22361 992.0 1.9922 12.0 62.0 3.5071 0.0 0.0 -0.626 0.31623 992.0 1.8696 12.0 63.0 4.8071 0.0 0.174 0.0 0.22361 991.0 1.8426 11.0 
0.20944 57.41677 96.0 2068.0 3.0 52.0 0.0 -2.2929 1.974 0.0 0.53852 1001.0 2.3015 18.0 50.0 0.2071 0.0 0.474 0.0 0.5 1001.0 2.1279 17.0 52.0 2.4071 0.0 0.0 -1.226 0.44721 1000.0 2.1245 20.0 54.0 4.5071 0.0 0.0 -2.826 0.36056 999.0 2.1274 18.0 54.0 6.3071 0.0 0.0 -4.026 0.31623 998.0 1.9855 16.0 
0.11132 149.94232 90.0 442.0 3.0 67.0 0.0 -1.7929 3.274 0.0 0.64031 999.0 2.5 14.0 70.0 1.1071 0.0 0.774 0.0 0.64031 997.0 2.5 11.0 71.0 3.7071 0.0 0.0 -1.226 0.5 995.0 2.5 10.0 70.0 6.1071 0.0 0.0 -2.926 0.36056 994.0 2.5 9.0 64.0 8.2071 0.0 0.0 -4.026 0.31623 994.0 2.2019 10.0 
0.0354 227.20012 106.0 1329.0 3.0 48.0 0.0 -2.6929 0.0 -1.126 0.44721 998.0 1.5688 10.0 53.0 0.0 -0.6929 0.0 -1.926 0.36056 996.0 1.6877 11.0 60.0 1.2071 0.0 0.0 -2.726 0.31623 994.0 1.9352 10.0 69.0 2.9071 0.0 0.0 -3.626 0.31623 987.0 1.8703 8.0 86.0 4.5071 0.0 0.0 -4.226 0.31623 977.0 2.0984 8.0 
0.60044 62.74853 88.0 2896.0 3.0 53.0 0.0 -2.4929 0.0 -2.626 0.56569 1000.0 2.207 21.0 60.0 0.2071 0.0 0.0 -0.526 0.5099 999.0 2.5 19.0 66.0 3.4071 0.0 0.074 0.0 0.5 998.0 2.5 21.0 69.0 6.4071 0.0 0.0 -0.226 0.41231 995.0 2.5 18.0 70.0 8.9071 0.0 0.0 -0.926 0.41231 993.0 2.5 16.0 
0.22585 108.43208 90.0 1095.0 3.0 63.0 0.0 -2.0929 2.374 0.0 0.44721 998.0 2.5 17.0 70.0 0.7071 0.0 0.674 0.0 0.5831 996.0 2.5 15.0 72.0 3.5071 0.0 0.0 -0.926 0.44721 994.0 2.5 13.0 71.0 6.0071 0.0 0.0 -2.026 0.41231 993.0 2.5 12.0 67.0 8.2071 0.0 0.0 -2.626 0.4 993.0 2.2925 12.0 
0.03428 137.2674 138.0 2369.0 3.0 37.0 0.0 -1.7929 1.374 0.0 0.31623 1000.0 1.0756 12.0 39.0 0.0 -1.1929 0.0 -0.326 0.31623 999.0 1.1096 11.0 41.0 0.0 -0.3929 0.0 -1.726 0.28284 997.0 1.0731 10.0 44.0 0.5071 0.0 0.0 -2.726 0.22361 996.0 1.1632 13.0 47.0 1.4071 0.0 0.0 -3.226 0.1 993.0 1.1281 11.0 
0.2327 19.33007 104.0 966.0 3.0 48.0 0.0 -1.3929 2.674 0.0 0.44721 1000.0 1.8102 23.0 46.0 0.0071 0.0 0.174 0.0 0.44721 1000.0 1.6625 22.0 47.0 1.4071 0.0 0.0 -1.926 0.44721 999.0 1.6116 21.0 50.0 2.8071 0.0 0.0 -3.826 0.36056 999.0 1.8239 24.0 53.0 4.4071 0.0 0.0 -5.226 0.31623 997.0 1.7931 21.0 
0.25865 43.18263 99.0 919.0 3.0 51.0 0.0 -1.2929 2.574 0.0 0.44721 998.0 1.7711 10.0 52.0 0.1071 0.0 0.374 0.0 0.5 998.0 1.8412 13.0 54.0 1.7071 0.0 0.0 -1.426 0.36056 996.0 1.752 12.0 60.0 3.4071 0.0 0.0 -2.726 0.31623 993.0 1.8385 10.0 72.0 5.2071 0.0 0.0 -3.526 0.31623 989.0 2.2062 11.0 
0.04676 150.70376 100.0 1959.0 3.0 43.0 0.0 -2.4929 0.674 0.0 0.42426 1000.0 1.4527 16.0 46.0 0.0 -0.9929 0.0 -0.926 0.28284 999.0 1.5437 14.0 51.0 0.6071 0.0 0.0 -2.026 0.31623 997.0 1.6604 13.0 58.0 2.5071 0.0 0.0 -2.526 0.3 996.0 2.0211 14.0 68.0 4.5071 0.0 0.0 -2.526 0.3 992.0 2.249 12.0 
0.05127 183.25513 102.0 1490.0 3.0 58.0 0.0 -0.3929 3.974 0.0 0.67082 1001.0 2.5 17.0 57.0 1.5071 0.0 0.674 0.0 0.64031 1000.0 2.5 15.0 53.0 3.4071 0.0 0.0 -1.626 0.28284 998.0 1.9127 14.0 52.0 4.9071 0.0 0.0 -2.926 0.28284 997.0 1.7261 15.0 55.0 6.1071 0.0 0.0 -3.826 0.2 995.0 1.7165 13.0 
0.08138 140.98863 108.0 122.0 3.0 61.0 0.0 -0.6929 2.774 0.0 0.5 995.0 2.1114 11.0 66.0 1.0071 0.0 0.774 0.0 0.36056 993.0 2.2245 13.0 70.0 2.5071 0.0 0.0 -0.826 0.36056 990.0 2.176 11.0 76.0 4.0071 0.0 0.0 -1.926 0.28284 985.0 2.1069 10.0 81.0 5.3071 0.0 0.0 -2.726 0.22361 980.0 2.0307 8.0 
0.41508 25.09838 106.0 697.0 3.0 50.0 0.0 -2.3929 0.0 -1.126 0.5099 1002.0 2.3213 19.0 46.0 0.0071 0.0 0.0 -0.226 0.31623 1001.0 1.801 17.0 44.0 1.9071 0.0 0.374 0.0 0.3 1000.0 1.5211 16.0 46.0 3.5071 0.0 0.574 0.0 0.22361 999.0 1.5437 18.0 50.0 4.9071 0.0 0.774 0.0 0.2 997.0 1.5959 15.0 
0.16627 73.93353 85.0 2395.0 3.0 56.0 0.0 -0.9929 3.774 0.0 0.67082 1000.0 2.4639 13.0 53.0 0.6071 0.0 0.274 0.0 0.53852 1000.0 2.207 12.0 54.0 2.0071 0.0 0.0 -2.826 0.53852 999.0 2.1274 11.0 55.0 3.5071 0.0 0.0 -5.726 0.44721 997.0 1.931 10.0 57.0 5.1071 0.0 0.0 -7.826 0.36056 996.0 1.952 12.0 
0.08695 108.43208 108.0 976.0 3.0 50.0 0.0 -0.6929 2.174 0.0 0.42426 999.0 1.8239 14.0 46.0 0.7071 0.0 0.674 0.0 0.28284 998.0 1.4408 13.0 47.0 1.7071 0.0 0.0 -0.226 0.22361 997.0 1.4101 16.0 57.0 2.8071 0.0 0.0 -0.426 0.22361 993.0 1.6592 12.0 66.0 4.1071 0.0 0.074 0.0 0.22361 990.0 1.9344 11.0 
0.05669 203.01067 97.0 1161.0 3.0 59.0 0.0 -0.1929 3.474 0.0 0.5 997.0 2.2221 12.0 58.0 1.2071 0.0 1.374 0.0 0.36056 996.0 2.0211 15.0 63.0 2.5071 0.0 0.0 -0.026 0.28284 992.0 1.9304 12.0 66.0 3.6071 0.0 0.0 -0.926 0.22361 989.0 1.8538 11.0 67.0 4.7071 0.0 0.0 -1.326 0.22361 988.0 1.834 10.0 
0.07238 35.39254 142.0 309.0 3.0 39.0 0.0 -1.1929 1.074 0.0 0.31623 1000.0 1.195 11.0 41.0 0.0 -0.2929 0.0 -0.126 0.28284 998.0 1.1446 10.0 44.0 0.6071 0.0 0.0 -0.926 0.28284 997.0 1.2359 10.0 51.0 1.5071 0.0 0.0 -1.526 0.14142 993.0 1.3283 10.0 66.0 2.3071 0.0 0.0 -2.026 0.14142 986.0 1.6478 10.0 
0.00805 166.3929 80.0 2537.0 3.0 66.0 0.0 -4.1929 2.974 0.0 0.86023 1000.0 2.5 16.0 70.0 0.0 -1.0929 0.0 -1.026 0.86023 998.0 2.5 15.0 71.0 1.9071 0.0 0.0 -4.726 0.70711 997.0 2.5 13.0 72.0 4.6071 0.0 0.0 -7.726 0.64031 995.0 2.5 15.0 76.0 7.1071 0.0 0.0 -10.126 0.5 991.0 2.5 12.0 
0.25879 52.72984 126.0 417.0 3.0 40.0 0.0 -0.7929 0.0 -0.326 0.14142 996.0 1.0 12.0 47.0 0.0 -0.2929 0.374 0.0 0.14142 992.0 1.0744 10.0 49.0 0.2071 0.0 1.074 0.0 0.2 991.0 1.1147 10.0 58.0 0.6071 0.0 1.974 0.0 0.1 988.0 1.3744 11.0 75.0 1.1071 0.0 2.874 0.0 0.22361 976.0 1.5528 9.0 
0.38215 2.99167 96.0 1410.0 3.0 48.0 0.0 -1.9929 1.774 0.0 0.5 1001.0 1.961 22.0 51.0 0.0071 0.0 0.0 -0.026 0.36056 1000.0 2.0435 19.0 54.0 2.1071 0.0 0.0 -1.426 0.44721 999.0 2.1274 18.0 57.0 4.3071 0.0 0.0 -2.626 0.41231 998.0 2.2123 17.0 56.0 6.4071 0.0 0.0 -3.626 0.36056 998.0 2.1353 16.0 
0.10473 118.12228 106.0 467.0 3.0 48.0 0.0 -1.0929 3.074 0.0 0.5 1001.0 1.961 17.0 47.0 0.6071 0.0 0.874 0.0 0.42426 1000.0 1.7355 16.0 47.0 2.1071 0.0 0.0 -0.826 0.36056 999.0 1.6116 15.0 47.0 3.5071 0.0 0.0 -2.126 0.28284 999.0 1.6116 18.0 53.0 4.8071 0.0 0.0 -3.226 0.22361 996.0 1.6877 15.0 
0.16041 108.29109 115.0 2606.0 3.0 42.0 0.0 -0.6929 0.0 -1.026 0.2 999.0 1.2869 18.0 47.0 0.3071 0.0 0.0 -0.926 0.2 996.0 1.3272 15.0 53.0 1.3071 0.0 0.0 -0.926 0.2 994.0 1.51 13.0 56.0 2.3071 0.0 0.0 -0.926 0.2 993.0 1.6015 12.0 59.0 3.4071 0.0 0.0 -0.826 0.2 992.0 1.693 12.0 
0.14084 14.4498 139.0 1947.0 3.0 30.0 0.0 -0.5929 0.374 0.0 0.1 1000.0 1.0 15.0 32.0 0.1071 0.0 0.074 0.0 0.2 1000.0 1.0 17.0 33.0 0.8071 0.0 0.0 -0.126 0.1 999.0 1.0 15.0 35.0 1.3071 0.0 0.0 -0.226 0.14142 998.0 1.0 13.0 41.0 1.8071 0.0 0.0 -0.026 0.1 996.0 1.01 13.0 
0.7913 48.75749 91.0 2199.0 3.0 81.0 0.0 -2.8929 0.0 -0.326 0.5 988.0 2.5 11.0 95.0 0.1071 0.0 0.0 -0.426 0.5 977.0 2.5 9.0 122.0 3.0071 0.0 0.0 -0.126 0.5099 957.0 2.5 8.0 138.0 5.7071 0.0 0.274 0.0 0.4 940.0 2.5 7.0 134.0 8.0071 0.0 0.474 0.0 0.3 939.0 2.4783 7.0 
0.11564 91.64638 116.0 851.0 3.0 40.0 0.5071 0.0 2.274 0.0 0.4 1000.0 1.2571 17.0 42.0 0.8071 0.0 0.174 0.0 0.31623 999.0 1.2869 15.0 43.0 1.5071 0.0 0.0 -1.426 0.28284 999.0 1.3489 19.0 46.0 2.6071 0.0 0.0 -2.526 0.28284 997.0 1.3508 17.0 51.0 3.8071 0.0 0.0 -3.226 0.22361 995.0 1.4759 15.0 
0.18191 67.88686 96.0 2347.0 3.0 49.0 0.0 -0.6929 2.774 0.0 0.53852 1001.0 2.0436 13.0 47.0 0.6071 0.0 0.074 0.0 0.44721 1000.0 1.7355 12.0 47.0 2.0071 0.0 0.0 -2.126 0.42426 999.0 1.6116 11.0 50.0 3.5071 0.0 0.0 -4.026 0.42426 999.0 1.8239 14.0 56.0 5.1071 0.0 0.0 -5.826 0.42426 997.0 2.0019 12.0 
0.22647 77.81776 70.0 3048.0 3.0 51.0 0.0 -2.6929 0.474 0.0 0.4 1002.0 2.4151 23.0 52.0 0.0 -0.1929 0.674 0.0 0.4 1001.0 2.3015 20.0 49.0 2.0071 0.0 0.674 0.0 0.3 1000.0 1.8864 19.0 46.0 3.7071 0.0 0.774 0.0 0.3 1000.0 1.6625 19.0 43.0 5.3071 0.0 0.774 0.0 0.2 1000.0 1.4527 19.0 
0.07816 167.12732 118.0 130.0 3.0 29.0 0.1071 0.0 1.774 0.0 0.0 1000.0 1.0 11.0 33.0 0.3071 0.0 1.474 0.0 0.1 999.0 1.0 12.0 43.0 0.8071 0.0 1.374 0.0 0.2 997.0 1.1803 11.0 52.0 1.6071 0.0 1.474 0.0 0.2 994.0 1.4536 10.0 60.0 2.8071 0.0 1.574 0.0 0.2 992.0 1.7509 9.0 
0.08874 50.31208 105.0 619.0 3.0 55.0 0.0 -2.0929 2.874 0.0 0.67082 1000.0 2.3767 11.0 55.0 0.0 -0.3929 0.0 -0.226 0.5831 998.0 2.0598 10.0 55.0 1.3071 0.0 0.0 -2.626 0.42426 997.0 1.931 11.0 58.0 3.0071 0.0 0.0 -4.326 0.36056 995.0 1.9088 11.0 65.0 4.5071 0.0 0.0 -5.626 0.31623 990.0 1.8762 9.0 
0.3972 142.73178 81.0 1083.0 3.0 96.0 0.0 -4.5929 5.474 0.0 1.27279 998.0 2.5 14.0 93.0 0.7071 0.0 1.074 0.0 1.08167 997.0 2.5 12.0 93.0 5.7071 0.0 0.0 -1.726 0.89443 993.0 2.5 10.0 93.0 10.1071 0.0 0.0 -3.526 0.67082 990.0 2.5 11.0 88.0 13.3071 0.0 0.0 -5.026 0.44721 986.0 2.5 10.0 
0.08771 258.36991 98.0 1802.0 3.0 39.0 0.2071 0.0 0.0 -2.726 0.22361 999.0 1.1096 20.0 45.0 1.3071 0.0 0.0 -1.926 0.22361 998.0 1.3789 22.0 54.0 2.6071 0.0 0.0 -1.326 0.22361 996.0 1.752 19.0 59.0 4.2071 0.0 0.0 -0.826 0.3 995.0 1.9752 17.0 62.0 5.9071 0.0 0.0 -0.626 0.3 994.0 2.0664 16.0 
0.07698 221.02456 93.0 1197.0 3.0 40.0 0.0 -2.2929 0.0 -0.726 0.28284 1001.0 1.3618 18.0 40.0 0.0 -0.9929 0.0 -1.726 0.28284 1000.0 1.2571 16.0 41.0 0.3071 0.0 0.0 -2.226 0.2 999.0 1.2264 14.0 44.0 1.4071 0.0 0.0 -2.226 0.22361 998.0 1.3183 17.0 55.0 2.4071 0.0 0.0 -1.726 0.22361 994.0 1.6261 13.0 
0.08303 80.01448 101.0 2615.0 3.0 46.0 0.0 -2.1929 1.474 0.0 0.5 1000.0 1.6625 17.0 48.0 0.0 -0.4929 0.0 -0.526 0.42426 999.0 1.6809 16.0 51.0 1.4071 0.0 0.0 -2.226 0.44721 999.0 1.8976 19.0 54.0 3.4071 0.0 0.0 -3.526 0.36056 997.0 1.8615 17.0 57.0 5.2071 0.0 0.0 -4.126 0.3 996.0 1.952 18.0 
0.09033 140.27196 103.0 1202.0 3.0 55.0 0.1071 0.0 3.174 0.0 0.53852 998.0 2.0598 10.0 54.0 1.2071 0.0 0.374 0.0 0.44721 997.0 1.8615 13.0 54.0 2.3071 0.0 0.0 -1.726 0.36056 996.0 1.752 12.0 58.0 3.6071 0.0 0.0 -3.226 0.28284 992.0 1.6361 10.0 69.0 5.0071 0.0 0.0 -4.326 0.22361 987.0 1.8703 11.0 
0.06168 159.72767 95.0 692.0 3.0 58.0 0.0 -2.8929 0.0 -0.826 0.41231 999.0 2.4542 14.0 61.0 0.0 -0.1929 0.0 -1.426 0.41231 997.0 2.3753 12.0 69.0 2.3071 0.0 0.0 -1.826 0.41231 994.0 2.5 13.0 71.0 4.6071 0.0 0.0 -1.826 0.31623 991.0 2.3403 12.0 74.0 6.6071 0.0 0.0 -1.226 0.36056 989.0 2.3304 11.0 
0.09612 279.07631 88.0 1863.0 3.0 70.0 1.6071 0.0 0.0 -4.326 0.5099 991.0 2.2749 9.0 89.0 2.4071 0.0 0.0 -0.726 0.63246 986.0 2.5 10.0 99.0 4.3071 0.0 2.474 0.0 0.64031 980.0 2.5 8.0 92.0 6.7071 0.0 4.374 0.0 0.44721 981.0 2.5 9.0 83.0 8.7071 0.0 5.474 0.0 0.28284 983.0 2.3454 9.0 
0.31713 49.1426 92.0 44.0 3.0 61.0 0.0 -2.1929 2.974 0.0 0.70711 1000.0 2.5 12.0 58.0 0.4071 0.0 0.174 0.0 0.56569 999.0 2.4542 11.0 56.0 2.8071 0.0 0.0 -1.826 0.5 1000.0 2.4639 15.0 57.0 5.2071 0.0 0.0 -3.426 0.36056 998.0 2.2123 13.0 60.0 7.4071 0.0 0.0 -4.826 0.44721 997.0 2.2981 12.0 
0.06956 195.86221 91.0 1772.0 3.0 48.0 0.0 -0.8929 3.174 0.0 0.36056 999.0 1.6809 15.0 55.0 1.1071 0.0 1.374 0.0 0.42426 998.0 2.0598 14.0 61.0 3.3071 0.0 0.0 -0.626 0.42426 996.0 2.2356 16.0 67.0 5.4071 0.0 0.0 -2.726 0.5 995.0 2.5 18.0 77.0 7.7071 0.0 0.0 -4.726 0.56569 991.0 2.5 15.0 
0.01171 166.3929 82.0 2413.0 3.0 72.0 0.0 -4.1929 2.374 0.0 0.92195 999.0 2.5 11.0 64.0 0.0 -1.0929 0.0 -1.026 0.64031 998.0 2.5 10.0 62.0 1.1071 0.0 0.0 -3.826 0.5 996.0 2.3095 11.0 67.0 3.0071 0.0 0.0 -6.326 0.5 994.0 2.4131 10.0 81.0 5.1071 0.0 0.0 -8.826 0.5 987.0 2.5 8.0 
0.20021 119.80528 88.0 1577.0 3.0 81.0 0.0 -3.8929 1.074 0.0 0.7 994.0 2.5 14.0 89.0 0.1071 0.0 1.074 0.0 0.70711 990.0 2.5 13.0 92.0 3.6071 0.0 0.074 0.0 0.53852 986.0 2.5 13.0 96.0 6.4071 0.0 0.0 -1.226 0.44721 980.0 2.5 11.0 97.0 8.7071 0.0 0.0 -2.526 0.36056 976.0 2.5 10.0 
0.39529 77.04923 89.0 3127.0 3.0 61.0 0.0 -1.7929 3.674 0.0 0.72111 999.0 2.5 11.0 60.0 0.5071 0.0 0.474 0.0 0.64031 998.0 2.4513 10.0 62.0 2.7071 0.0 0.0 -2.426 0.5831 997.0 2.4538 9.0 66.0 4.6071 0.0 0.0 -5.226 0.5 995.0 2.4717 11.0 73.0 6.4071 0.0 0.0 -7.726 0.5 990.0 2.3665 9.0 
0.01771 174.35293 82.0 2288.0 3.0 65.0 0.0 -4.4929 3.074 0.0 0.92195 1000.0 2.5 18.0 63.0 0.0 -1.3929 0.0 -0.726 0.78102 1000.0 2.5 23.0 62.0 1.4071 0.0 0.0 -3.926 0.70711 998.0 2.5 20.0 60.0 3.8071 0.0 0.0 -6.726 0.5831 997.0 2.2981 18.0 60.0 5.7071 0.0 0.0 -9.226 0.42426 996.0 2.1629 19.0 
0.05402 252.67868 111.0 301.0 3.0 42.0 1.5071 0.0 2.374 0.0 0.22361 999.0 1.2869 16.0 47.0 2.0071 0.0 1.074 0.0 0.14142 997.0 1.4101 15.0 51.0 2.7071 0.0 0.074 0.0 0.22361 996.0 1.5627 14.0 55.0 3.5071 0.0 0.0 -0.826 0.28284 994.0 1.6261 13.0 60.0 4.6071 0.0 0.0 -1.626 0.28284 992.0 1.7509 12.0 
0.2765 30.02471 113.0 1651.0 3.0 46.0 0.0 -1.1929 0.774 0.0 0.22361 998.0 1.4408 13.0 51.0 0.2071 0.0 0.174 0.0 0.22361 997.0 1.6604 15.0 54.0 1.4071 0.0 0.0 -0.526 0.22361 995.0 1.6546 14.0 61.0 2.7071 0.0 0.0 -1.126 0.22361 992.0 1.8098 12.0 63.0 3.9071 0.0 0.0 -1.726 0.31623 991.0 1.8426 11.0 
0.1505 59.28963 88.0 3034.0 3.0 56.0 0.0 -2.2929 1.374 0.0 0.5 997.0 2.0019 13.0 65.0 0.0 -0.0929 0.0 -0.526 0.5 995.0 2.3974 12.0 79.0 2.5071 0.0 0.0 -2.126 0.5831 991.0 2.5 12.0 90.0 5.6071 0.0 0.0 -3.526 0.63246 987.0 2.5 10.0 87.0 8.9071 0.0 0.0 -4.726 0.53852 988.0 2.5 10.0 
0.1863 53.71602 102.0 546.0 3.0 60.0 0.0 -1.0929 3.774 0.0 0.63246 999.0 2.5 10.0 57.0 0.3071 0.0 0.374 0.0 0.5831 998.0 2.2123 10.0 57.0 1.9071 0.0 0.0 -2.126 0.42426 997.0 2.074 12.0 60.0 3.6071 0.0 0.0 -3.526 0.28284 993.0 1.8385 10.0 69.0 5.2071 0.0 0.0 -4.226 0.22361 989.0 2.0261 11.0 
0.06574 180.26231 90.0 754.0 3.0 42.0 0.0 -0.6929 3.174 0.0 0.42426 1002.0 1.6379 26.0 46.0 1.0071 0.0 1.274 0.0 0.5 1002.0 1.9647 23.0 50.0 3.1071 0.0 0.0 -0.226 0.36056 1001.0 2.1279 20.0 52.0 5.3071 0.0 0.0 -1.426 0.36056 1000.0 2.1245 19.0 48.0 7.3071 0.0 0.0 -2.426 0.31623 1001.0 1.961 20.0 
0.11811 168.61724 107.0 2612.0 3.0 60.0 0.0 -0.0929 2.774 0.0 0.5 997.0 2.2981 15.0 60.0 1.3071 0.0 0.774 0.0 0.28284 995.0 2.0427 14.0 58.0 2.5071 0.0 0.0 -0.726 0.28284 995.0 1.9088 13.0 58.0 3.7071 0.0 0.0 -1.926 0.28284 994.0 1.8084 13.0 65.0 4.9071 0.0 0.0 -3.026 0.28284 990.0 1.8762 11.0 
0.07427 248.79571 109.0 1742.0 3.0 49.0 1.0071 0.0 0.0 -2.326 0.14142 995.0 1.3624 11.0 61.0 1.8071 0.0 0.0 -1.326 0.22361 991.0 1.7275 11.0 65.0 2.7071 0.0 0.0 -0.426 0.22361 988.0 1.7261 11.0 71.0 3.7071 0.0 0.174 0.0 0.2 985.0 1.8388 9.0 78.0 4.8071 0.0 0.574 0.0 0.2 981.0 1.9419 9.0 
0.12898 69.35559 119.0 1603.0 3.0 49.0 0.0 -0.6929 1.974 0.0 0.36056 998.0 1.6349 13.0 49.0 0.4071 0.0 0.474 0.0 0.36056 997.0 1.5327 12.0 55.0 1.4071 0.0 0.0 -0.726 0.28284 994.0 1.6261 13.0 60.0 2.3071 0.0 0.0 -1.526 0.14142 991.0 1.6713 11.0 58.0 3.1071 0.0 0.0 -1.926 0.22361 991.0 1.5618 11.0 
0.11144 158.13844 90.0 1040.0 3.0 70.0 0.0 -1.8929 3.374 0.0 0.5831 995.0 2.5 11.0 76.0 0.8071 0.0 1.174 0.0 0.64031 993.0 2.5 13.0 83.0 3.4071 0.0 0.0 -0.826 0.44721 988.0 2.5 10.0 88.0 5.8071 0.0 0.0 -2.026 0.44721 983.0 2.5 9.0 90.0 8.0071 0.0 0.0 -2.826 0.36056 980.0 2.5 8.0 
0.29683 122.33723 95.0 3043.0 3.0 45.0 0.0 -0.1929 0.0 -2.826 0.44721 1000.0 1.591 15.0 51.0 0.9071 0.0 0.0 -0.626 0.5 999.0 1.8976 16.0 60.0 2.4071 0.0 1.474 0.0 0.5 997.0 2.2981 15.0 65.0 4.2071 0.0 3.074 0.0 0.44721 994.0 2.2712 13.0 69.0 6.4071 0.0 3.874 0.0 0.31623 993.0 2.4314 12.0 
0.00876 165.26876 79.0 2095.0 3.0 62.0 0.0 -3.8929 3.374 0.0 0.72111 1000.0 2.5 12.0 63.0 0.0 -1.3929 0.0 -0.526 0.72111 999.0 2.5 11.0 63.0 0.7071 0.0 0.0 -4.126 0.72111 997.0 2.5 10.0 67.0 2.7071 0.0 0.0 -7.426 0.5831 996.0 2.5 12.0 73.0 4.7071 0.0 0.0 -10.326 0.5 992.0 2.5 10.0 
0.23142 100.68908 96.0 2603.0 3.0 66.0 0.0 -1.3929 4.474 0.0 0.80623 999.0 2.5 15.0 60.0 0.6071 0.0 0.674 0.0 0.67082 999.0 2.5 15.0 57.0 2.4071 0.0 0.0 -2.326 0.5 998.0 2.2123 14.0 58.0 4.3071 0.0 0.0 -4.526 0.42426 996.0 2.0211 12.0 62.0 6.2071 0.0 0.0 -6.226 0.36056 994.0 2.0664 14.0 
0.09337 193.3831 94.0 1701.0 3.0 86.0 0.0 -1.1929 5.074 0.0 0.89443 993.0 2.5 10.0 92.0 1.5071 0.0 0.874 0.0 0.70711 990.0 2.5 11.0 93.0 4.1071 0.0 0.0 -1.726 0.5 983.0 2.5 9.0 95.0 6.0071 0.0 0.0 -3.526 0.36056 975.0 2.4258 8.0 92.0 7.4071 0.0 0.0 -5.126 0.36056 975.0 2.275 8.0 
0.07485 195.01871 96.0 1500.0 3.0 69.0 0.0 -0.6929 3.174 0.0 0.56569 994.0 2.5 12.0 72.0 1.3071 0.0 1.174 0.0 0.42426 991.0 2.4067 12.0 81.0 3.1071 0.0 0.0 -0.326 0.31623 984.0 2.3108 9.0 90.0 4.8071 0.0 0.0 -1.126 0.31623 976.0 2.236 8.0 95.0 6.5071 0.0 0.0 -1.526 0.31623 972.0 2.2483 7.0 
0.07757 191.22972 107.0 2092.0 3.0 45.0 0.0 -1.0929 2.274 0.0 0.31623 999.0 1.4773 14.0 47.0 0.4071 0.0 1.674 0.0 0.2 999.0 1.6116 17.0 55.0 1.8071 0.0 1.674 0.0 0.31623 996.0 1.8174 14.0 59.0 3.3071 0.0 2.074 0.0 0.36056 994.0 1.8713 13.0 62.0 4.9071 0.0 2.874 0.0 0.28284 994.0 2.0664 12.0 
0.1479 64.81358 123.0 650.0 3.0 39.0 0.0 -0.8929 1.074 0.0 0.22361 998.0 1.0357 14.0 40.0 0.1071 0.0 0.574 0.0 0.2 998.0 1.0895 18.0 44.0 1.1071 0.0 0.174 0.0 0.1 997.0 1.2359 16.0 49.0 2.0071 0.0 0.0 -0.126 0.2 994.0 1.2907 14.0 55.0 3.1071 0.0 0.0 -0.326 0.1 993.0 1.5448 16.0 
0.15241 47.69726 84.0 1250.0 3.0 79.0 0.0 -4.2929 4.274 0.0 0.98995 999.0 2.5 11.0 78.0 0.0 -0.3929 0.174 0.0 0.92195 998.0 2.5 14.0 78.0 2.9071 0.0 0.0 -3.826 0.64031 996.0 2.5 12.0 78.0 5.4071 0.0 0.0 -7.126 0.56569 992.0 2.5 9.0 87.0 7.7071 0.0 0.0 -9.726 0.5 986.0 2.5 10.0 
0.25329 152.86221 102.0 2153.0 3.0 75.0 0.0 -2.0929 1.674 0.0 0.31623 986.0 2.1279 10.0 98.0 0.0 -0.0929 1.374 0.0 0.4 972.0 2.3925 10.0 103.0 1.9071 0.0 1.474 0.0 0.3 968.0 2.4079 9.0 112.0 3.8071 0.0 1.774 0.0 0.4 960.0 2.4174 8.0 104.0 5.6071 0.0 2.074 0.0 0.31623 965.0 2.3015 9.0 
0.36071 94.49135 94.0 1815.0 3.0 65.0 0.0 -1.6929 4.074 0.0 0.80623 999.0 2.5 11.0 61.0 0.7071 0.0 0.474 0.0 0.64031 999.0 2.5 11.0 59.0 2.9071 0.0 0.0 -2.426 0.56569 998.0 2.3703 10.0 60.0 4.9071 0.0 0.0 -4.726 0.42426 996.0 2.1629 12.0 64.0 6.5071 0.0 0.0 -6.726 0.42426 992.0 1.9922 10.0 
0.03762 119.3323 110.0 3082.0 3.0 44.0 0.0 -2.2929 1.174 0.0 0.36056 1000.0 1.5211 13.0 45.0 0.0 -0.7929 0.0 -0.726 0.5 1000.0 1.591 12.0 48.0 0.8071 0.0 0.0 -2.526 0.42426 998.0 1.5688 10.0 50.0 2.4071 0.0 0.0 -3.926 0.22361 998.0 1.7023 13.0 54.0 3.9071 0.0 0.0 -4.826 0.22361 995.0 1.6546 11.0 
0.03381 277.49037 99.0 1117.0 3.0 45.0 1.4071 0.0 3.774 0.0 0.5099 1002.0 1.8803 18.0 46.0 2.2071 0.0 1.174 0.0 0.44721 1001.0 1.801 16.0 47.0 3.4071 0.0 0.0 -0.926 0.36056 1000.0 1.7355 15.0 47.0 4.8071 0.0 0.0 -2.426 0.28284 1000.0 1.7355 14.0 45.0 6.2071 0.0 0.0 -3.526 0.31623 1000.0 1.591 14.0 
0.0523 229.08438 59.0 853.0 3.0 70.0 0.0 -1.3929 5.174 0.0 0.86023 1000.0 2.5 19.0 70.0 1.2071 0.0 1.674 0.0 0.70711 998.0 2.5 16.0 67.0 3.8071 0.0 0.0 -0.726 0.5 997.0 2.5 15.0 61.0 6.2071 0.0 0.0 -2.226 0.44721 998.0 2.5 15.0 53.0 8.2071 0.0 0.0 -3.326 0.31623 999.0 2.0493 17.0 
0.48188 32.11459 98.0 175.0 3.0 53.0 0.0 -2.9929 0.074 0.0 0.5099 1000.0 2.207 15.0 59.0 0.0 -0.0929 0.274 0.0 0.5099 999.0 2.5 18.0 62.0 2.6071 0.0 0.974 0.0 0.31623 997.0 2.4538 15.0 63.0 4.6071 0.0 2.274 0.0 0.42426 995.0 2.2521 14.0 66.0 6.1071 0.0 4.174 0.0 0.44721 994.0 2.3416 13.0 
0.19887 48.39733 95.0 2532.0 3.0 55.0 0.0 -2.3929 2.374 0.0 0.64031 1001.0 2.5 17.0 56.0 0.0 -0.0929 0.0 -0.426 0.56569 1000.0 2.4639 15.0 57.0 2.3071 0.0 0.0 -2.326 0.5 999.0 2.3703 14.0 59.0 4.5071 0.0 0.0 -3.726 0.44721 998.0 2.3703 16.0 63.0 6.6071 0.0 0.0 -4.926 0.36056 995.0 2.2521 14.0 
0.25031 17.37652 104.0 628.0 3.0 43.0 0.0 -1.2929 1.074 0.0 0.22361 999.0 1.3489 14.0 49.0 0.0 -0.0929 0.0 -0.126 0.22361 997.0 1.5327 12.0 59.0 1.5071 0.0 0.0 -0.926 0.31623 995.0 1.9752 13.0 67.0 3.3071 0.0 0.0 -1.326 0.3 992.0 2.1833 12.0 70.0 5.1071 0.0 0.0 -1.526 0.31623 990.0 2.176 11.0 
0.10616 213.78745 99.0 955.0 3.0 61.0 0.0 -2.9929 0.0 -1.626 0.60828 999.0 2.5 14.0 62.0 0.0071 0.0 0.0 -1.926 0.4 998.0 2.5 16.0 68.0 2.6071 0.0 0.0 -1.426 0.41231 994.0 2.4857 13.0 69.0 4.8071 0.0 0.0 -0.626 0.36056 992.0 2.3156 12.0 66.0 6.5071 0.0 0.374 0.0 0.28284 992.0 2.1186 12.0 
0.10221 149.94232 116.0 430.0 3.0 53.0 0.0 -0.2929 2.674 0.0 0.44721 999.0 2.0493 19.0 55.0 1.1071 0.0 0.774 0.0 0.36056 997.0 1.931 15.0 55.0 2.4071 0.0 0.0 -0.526 0.28284 996.0 1.8174 14.0 55.0 3.6071 0.0 0.0 -1.326 0.14142 995.0 1.7165 13.0 54.0 4.6071 0.0 0.0 -1.726 0.1 994.0 1.5675 13.0 
0.07492 202.60424 94.0 501.0 3.0 62.0 0.0 -1.0929 4.674 0.0 0.72111 999.0 2.5 11.0 62.0 1.3071 0.0 1.274 0.0 0.64031 998.0 2.5 14.0 60.0 3.4071 0.0 0.0 -1.426 0.5 996.0 2.1629 13.0 63.0 5.1071 0.0 0.0 -3.826 0.36056 993.0 2.0269 11.0 71.0 6.7071 0.0 0.0 -5.826 0.5 990.0 2.2386 12.0 
0.1074 79.14903 114.0 841.0 3.0 47.0 0.0 -0.1929 2.074 0.0 0.31623 998.0 1.5041 17.0 52.0 0.6071 0.0 0.374 0.0 0.28284 997.0 1.7261 15.0 58.0 1.7071 0.0 0.0 -0.926 0.28284 994.0 1.8084 13.0 61.0 2.9071 0.0 0.0 -1.826 0.22361 992.0 1.8098 12.0 64.0 4.0071 0.0 0.0 -2.426 0.22361 990.0 1.8189 11.0 
0.13532 195.86221 90.0 100.0 3.0 69.0 0.0 -1.6929 4.774 0.0 0.78102 998.0 2.5 18.0 70.0 1.1071 0.0 1.374 0.0 0.78102 998.0 2.5 22.0 72.0 3.7071 0.0 0.0 -1.526 0.56569 996.0 2.5 18.0 72.0 6.0071 0.0 0.0 -3.926 0.5 994.0 2.5 17.0 73.0 8.1071 0.0 0.0 -6.026 0.5 993.0 2.5 16.0 
0.1948 99.7004 100.0 2918.0 3.0 65.0 0.0 -1.8929 1.974 0.0 0.44721 993.0 2.1576 10.0 72.0 0.2071 0.0 0.874 0.0 0.31623 990.0 2.3021 11.0 78.0 2.1071 0.0 0.174 0.0 0.3 986.0 2.3015 10.0 75.0 3.9071 0.0 0.0 -0.226 0.31623 986.0 2.1279 10.0 71.0 5.5071 0.0 0.0 -0.626 0.31623 988.0 2.0595 10.0 
0.44581 19.33007 93.0 1721.0 3.0 64.0 0.0 -2.7929 2.674 0.0 0.64031 999.0 2.5 15.0 64.0 0.0071 0.0 0.174 0.0 0.64031 998.0 2.5 13.0 63.0 2.6071 0.0 0.0 -1.926 0.42426 997.0 2.5 12.0 64.0 4.7071 0.0 0.0 -3.626 0.36056 995.0 2.3242 14.0 74.0 6.8071 0.0 0.0 -4.926 0.44721 990.0 2.4318 11.0 
0.03355 283.79742 100.0 2243.0 3.0 58.0 0.0 -1.7929 0.0 -3.026 0.5099 1000.0 2.5 20.0 59.0 0.8071 0.0 0.0 -2.426 0.41231 998.0 2.3703 16.0 56.0 3.0071 0.0 0.0 -2.226 0.4 998.0 2.1353 16.0 51.0 4.8071 0.0 0.0 -2.026 0.3 998.0 1.7711 16.0 47.0 6.4071 0.0 0.0 -1.726 0.22361 999.0 1.6116 17.0 
0.28131 63.97938 111.0 771.0 3.0 51.0 0.0 -1.2929 2.274 0.0 0.5 1000.0 2.0435 20.0 51.0 0.5071 0.0 0.274 0.0 0.36056 1000.0 2.0435 19.0 55.0 2.1071 0.0 0.0 -1.226 0.31623 997.0 1.931 15.0 51.0 3.7071 0.0 0.0 -2.126 0.2 998.0 1.7711 16.0 49.0 5.0071 0.0 0.0 -2.526 0.22361 997.0 1.5327 15.0 
0.10898 182.75288 89.0 1808.0 3.0 71.0 0.0 -1.8929 3.574 0.0 0.70711 995.0 2.5 11.0 75.0 0.9071 0.0 1.374 0.0 0.5831 993.0 2.5 11.0 82.0 3.5071 0.0 0.0 -0.026 0.41231 987.0 2.5 10.0 93.0 6.0071 0.0 0.0 -0.526 0.41231 979.0 2.5 8.0 105.0 8.4071 0.0 0.0 -0.626 0.31623 970.0 2.5 7.0 
0.18722 81.45815 115.0 1904.0 3.0 55.0 0.0 -1.9929 0.0 -0.626 0.4 998.0 2.0598 17.0 59.0 0.1071 0.0 0.0 -0.726 0.3 996.0 2.0914 14.0 61.0 1.9071 0.0 0.0 -0.326 0.31623 994.0 2.0003 13.0 63.0 3.4071 0.0 0.374 0.0 0.22361 992.0 1.9304 12.0 62.0 4.7071 0.0 1.274 0.0 0.14142 991.0 1.7846 12.0 
0.34544 42.77555 94.0 1531.0 3.0 52.0 0.0 -2.1929 1.174 0.0 0.41231 997.0 1.7261 9.0 62.0 0.0 -0.0929 0.374 0.0 0.41231 995.0 2.1812 10.0 70.0 2.1071 0.0 0.0 -0.326 0.4 992.0 2.3832 9.0 82.0 4.3071 0.0 0.0 -0.826 0.41231 985.0 2.4528 7.0 84.0 6.5071 0.0 0.0 -1.426 0.41231 983.0 2.4023 7.0 
0.15274 81.24308 103.0 2154.0 3.0 59.0 0.0 -2.4929 0.174 0.0 0.44721 998.0 2.3703 14.0 58.0 0.0 -0.0929 0.0 -0.726 0.31623 997.0 2.1474 16.0 64.0 1.9071 0.0 0.0 -1.126 0.3 993.0 2.0918 12.0 63.0 3.6071 0.0 0.0 -1.226 0.31623 993.0 2.0269 12.0 64.0 5.2071 0.0 0.0 -1.126 0.3 992.0 1.9922 12.0 
0.10009 164.681 94.0 1615.0 3.0 59.0 0.0 -1.9929 3.074 0.0 0.67082 1000.0 2.5 11.0 60.0 0.9071 0.0 1.174 0.0 0.5831 1000.0 2.5 14.0 62.0 3.5071 0.0 0.0 -0.626 0.42426 998.0 2.5 12.0 58.0 5.6071 0.0 0.0 -2.126 0.36056 998.0 2.2906 12.0 53.0 7.3071 0.0 0.0 -3.426 0.36056 998.0 1.9127 12.0 
0.13482 21.60552 101.0 770.0 3.0 33.0 0.0 -1.0929 1.074 0.0 0.28284 1001.0 1.0 18.0 37.0 0.0 -0.1929 0.0 -0.026 0.28284 1001.0 1.1652 16.0 43.0 1.1071 0.0 0.0 -1.026 0.28284 1000.0 1.4527 15.0 52.0 2.8071 0.0 0.0 -2.226 0.36056 999.0 1.9727 18.0 59.0 4.8071 0.0 0.0 -3.226 0.36056 997.0 2.2221 15.0 
0.1868 109.18961 99.0 2180.0 3.0 62.0 0.0 -1.5929 2.474 0.0 0.56569 997.0 2.4538 15.0 67.0 0.6071 0.0 0.774 0.0 0.5 995.0 2.5 13.0 70.0 2.8071 0.0 0.0 -0.526 0.44721 993.0 2.5 12.0 70.0 4.8071 0.0 0.0 -1.626 0.31623 991.0 2.2749 11.0 64.0 6.5071 0.0 0.0 -2.326 0.22361 992.0 1.9922 12.0 
0.10737 203.72254 103.0 621.0 3.0 51.0 1.1071 0.0 3.174 0.0 0.5099 998.0 1.7711 10.0 52.0 1.7071 0.0 0.674 0.0 0.36056 996.0 1.6246 10.0 56.0 2.6071 0.0 0.0 -1.126 0.36056 994.0 1.6858 10.0 65.0 3.8071 0.0 0.0 -2.526 0.28284 990.0 1.8762 10.0 82.0 5.2071 0.0 0.0 -3.426 0.22361 980.0 2.0811 8.0 
0.19904 102.71108 103.0 1693.0 3.0 65.0 0.0 -1.8929 2.174 0.0 0.44721 995.0 2.3974 15.0 68.0 0.5071 0.0 0.774 0.0 0.42426 992.0 2.249 13.0 77.0 2.6071 0.0 0.0 -0.426 0.36056 987.0 2.3291 13.0 87.0 4.4071 0.0 0.0 -1.226 0.2 978.0 2.2088 11.0 94.0 5.8071 0.0 0.0 -1.426 0.22361 969.0 2.0511 9.0 
0.23037 85.91761 93.0 895.0 3.0 52.0 0.0 -2.3929 1.874 0.0 0.44721 1000.0 2.1245 20.0 57.0 0.0071 0.0 0.774 0.0 0.41231 999.0 2.3703 18.0 60.0 2.5071 0.0 0.0 -0.126 0.41231 998.0 2.4513 16.0 60.0 4.9071 0.0 0.0 -0.626 0.41231 997.0 2.2981 15.0 58.0 7.1071 0.0 0.0 -0.726 0.4 997.0 2.1474 15.0 
0.2098 59.28963 105.0 3047.0 3.0 58.0 0.0 -1.8929 0.174 0.0 0.31623 995.0 1.9088 11.0 64.0 0.0 -0.0929 0.0 -0.526 0.31623 990.0 1.8189 9.0 78.0 1.6071 0.0 0.0 -0.926 0.31623 980.0 1.883 7.0 90.0 3.1071 0.0 0.0 -1.226 0.22361 973.0 2.0683 8.0 102.0 4.5071 0.0 0.0 -1.526 0.31623 963.0 2.1253 6.0 
0.10705 131.83447 96.0 233.0 3.0 50.0 0.0 -1.5929 1.874 0.0 0.41231 1000.0 1.9642 15.0 50.0 0.5071 0.0 1.074 0.0 0.36056 999.0 1.8239 14.0 54.0 2.5071 0.0 0.274 0.0 0.31623 997.0 1.8615 12.0 62.0 4.4071 0.0 0.0 -0.426 0.41231 995.0 2.1812 14.0 70.0 6.4071 0.0 0.0 -1.126 0.31623 990.0 2.176 11.0 
0.19758 99.7004 87.0 249.0 3.0 56.0 0.0 -2.9929 2.274 0.0 0.5831 1001.0 2.5 18.0 57.0 0.2071 0.0 0.874 0.0 0.53852 1001.0 2.5 17.0 60.0 3.4071 0.0 0.0 -0.326 0.53852 1000.0 2.5 15.0 63.0 6.5071 0.0 0.0 -1.526 0.63246 999.0 2.5 18.0 69.0 9.6071 0.0 0.0 -2.826 0.5099 997.0 2.5 15.0 
0.13885 45.79963 84.0 1487.0 3.0 61.0 0.0 -1.5929 4.074 0.0 0.82462 1000.0 2.5 13.0 55.0 0.0 -0.3929 0.0 -0.126 0.72801 1000.0 2.3767 12.0 50.0 0.8071 0.0 0.0 -3.326 0.44721 999.0 1.8239 11.0 51.0 2.3071 0.0 0.0 -5.426 0.42426 998.0 1.7711 12.0 57.0 4.2071 0.0 0.0 -6.926 0.36056 996.0 1.952 12.0 
0.05467 188.05989 116.0 581.0 3.0 41.0 0.8071 0.0 2.674 0.0 0.31623 1000.0 1.3207 12.0 43.0 1.5071 0.0 0.774 0.0 0.36056 1000.0 1.4527 15.0 45.0 2.4071 0.0 0.0 -0.826 0.22361 998.0 1.3789 13.0 47.0 3.2071 0.0 0.0 -1.926 0.22361 996.0 1.3272 12.0 54.0 4.2071 0.0 0.0 -2.626 0.14142 994.0 1.5675 13.0 
0.37535 64.81358 106.0 2596.0 3.0 63.0 0.0 -1.9929 2.474 0.0 0.5 994.0 2.1336 11.0 67.0 0.1071 0.0 0.574 0.0 0.44721 991.0 2.0841 10.0 72.0 2.1071 0.0 0.0 -0.926 0.28284 987.0 2.0365 11.0 78.0 3.6071 0.0 0.0 -2.226 0.36056 981.0 1.9419 9.0 100.0 4.9071 0.0 0.0 -3.326 0.22361 964.0 2.0844 9.0 
0.35042 41.52148 108.0 2073.0 3.0 57.0 0.0 -2.3929 1.974 0.0 0.5831 1000.0 2.5 15.0 55.0 0.0071 0.0 0.374 0.0 0.5 998.0 2.0598 14.0 54.0 2.0071 0.0 0.0 -0.826 0.36056 996.0 1.752 12.0 56.0 3.5071 0.0 0.0 -1.526 0.2 995.0 1.7795 14.0 59.0 4.7071 0.0 0.0 -1.526 0.22361 992.0 1.693 12.0 
0.43202 77.04923 107.0 1136.0 3.0 79.0 0.0 -1.7929 3.674 0.0 0.78102 993.0 2.5 10.0 73.0 0.5071 0.0 0.474 0.0 0.5 992.0 2.5 10.0 75.0 2.4071 0.0 0.0 -1.626 0.36056 986.0 2.1279 8.0 89.0 4.1071 0.0 0.0 -2.826 0.28284 975.0 2.129 8.0 117.0 5.5071 0.0 0.0 -3.626 0.22361 944.0 2.0263 6.0 
0.22779 62.69156 109.0 2595.0 3.0 66.0 0.0 -1.4929 2.074 0.0 0.42426 994.0 2.3416 12.0 69.0 0.3071 0.0 0.474 0.0 0.36056 991.0 2.2103 12.0 73.0 2.0071 0.0 0.0 -0.426 0.28284 987.0 2.0934 10.0 81.0 3.5071 0.0 0.0 -1.126 0.22361 981.0 2.0941 9.0 91.0 4.8071 0.0 0.0 -1.826 0.22361 973.0 2.1145 7.0 
0.10502 147.18811 125.0 76.0 3.0 45.0 0.0 -1.6929 0.0 -0.926 0.31623 999.0 1.4773 15.0 49.0 0.0071 0.0 0.0 -1.326 0.2 998.0 1.6349 13.0 56.0 1.5071 0.0 0.0 -1.326 0.3 995.0 1.7795 14.0 56.0 2.8071 0.0 0.0 -1.026 0.2 994.0 1.6858 13.0 55.0 3.8071 0.0 0.0 -0.926 0.2 993.0 1.5448 12.0 
0.07964 163.93864 98.0 2387.0 3.0 44.0 0.0 -1.6929 1.674 0.0 0.31623 1000.0 1.5211 19.0 51.0 0.0 -0.0929 1.474 0.0 0.3 998.0 1.7711 16.0 54.0 1.6071 0.0 1.374 0.0 0.31623 997.0 1.8615 15.0 57.0 3.1071 0.0 0.974 0.0 0.31623 995.0 1.8436 14.0 60.0 4.7071 0.0 0.574 0.0 0.31623 994.0 1.9352 13.0 
0.19239 86.53063 96.0 232.0 3.0 43.0 0.0 -1.9929 0.174 0.0 0.31623 1001.0 1.5738 18.0 43.0 0.0 -0.0929 0.774 0.0 0.3 1001.0 1.5738 22.0 47.0 1.7071 0.0 1.074 0.0 0.4 1000.0 1.7355 19.0 52.0 3.7071 0.0 1.074 0.0 0.41231 999.0 1.9727 17.0 55.0 5.9071 0.0 0.674 0.0 0.41231 999.0 2.2069 17.0 
0.07034 256.1568 94.0 1460.0 3.0 57.0 0.8071 0.0 3.974 0.0 0.63246 1000.0 2.5 12.0 55.0 2.2071 0.0 0.674 0.0 0.53852 998.0 2.0598 10.0 57.0 3.6071 0.0 0.0 -2.126 0.5 996.0 1.952 9.0 63.0 5.3071 0.0 0.0 -4.526 0.42426 995.0 2.2521 11.0 71.0 7.1071 0.0 0.0 -6.426 0.42426 989.0 2.1453 9.0 
0.01087 175.69678 81.0 67.0 3.0 54.0 0.0 -3.4929 2.674 0.0 0.72111 1000.0 2.291 17.0 56.0 0.0 -1.4929 0.0 -0.526 0.67082 999.0 2.2879 15.0 59.0 0.4071 0.0 0.0 -3.626 0.5 997.0 2.2221 14.0 61.0 2.4071 0.0 0.0 -6.226 0.5 996.0 2.2356 16.0 65.0 4.4071 0.0 0.0 -8.426 0.42426 993.0 2.1576 14.0 
0.0074 124.72204 83.0 1375.0 3.0 71.0 0.0 -4.2929 3.874 0.0 1.0 1001.0 2.5 13.0 68.0 0.0 -0.9929 0.0 -0.526 0.78102 1000.0 2.5 12.0 65.0 2.0071 0.0 0.0 -3.926 0.64031 999.0 2.5 15.0 62.0 4.4071 0.0 0.0 -6.826 0.64031 998.0 2.5 13.0 63.0 6.3071 0.0 0.0 -9.326 0.5 995.0 2.2521 11.0 
0.07248 212.05435 90.0 178.0 3.0 88.0 0.0 -2.0929 4.474 0.0 0.92195 995.0 2.5 12.0 85.0 1.5071 0.0 1.174 0.0 0.72111 993.0 2.5 12.0 85.0 4.4071 0.0 0.0 -1.026 0.5 988.0 2.5 10.0 83.0 6.5071 0.0 0.0 -2.626 0.36056 985.0 2.5 9.0 79.0 8.1071 0.0 0.0 -3.926 0.36056 984.0 2.1981 9.0 
0.71201 12.23339 92.0 2506.0 3.0 64.0 0.0 -2.7929 1.574 0.0 0.5831 997.0 2.5 15.0 67.0 0.1071 0.0 0.0 -0.026 0.53852 995.0 2.5 15.0 73.0 2.8071 0.0 0.0 -0.926 0.41231 992.0 2.5 16.0 82.0 5.2071 0.0 0.0 -1.626 0.44721 986.0 2.5 13.0 90.0 7.5071 0.0 0.0 -2.326 0.4 980.0 2.5 11.0 
0.02727 105.51111 80.0 1248.0 3.0 68.0 0.0 -3.0929 4.074 0.0 0.89443 998.0 2.5 11.0 67.0 0.0 -0.8929 0.0 -0.326 0.72111 998.0 2.5 14.0 68.0 1.3071 0.0 0.0 -3.926 0.67082 996.0 2.5 12.0 71.0 3.3071 0.0 0.0 -7.026 0.5 992.0 2.4518 10.0 76.0 5.1071 0.0 0.0 -9.326 0.36056 987.0 2.269 11.0 
0.06828 208.59279 99.0 978.0 3.0 59.0 0.1071 0.0 3.774 0.0 0.5831 998.0 2.3703 10.0 59.0 1.6071 0.0 0.974 0.0 0.5831 997.0 2.2221 12.0 62.0 3.0071 0.0 0.0 -1.326 0.5 993.0 1.9631 10.0 71.0 4.4071 0.0 0.0 -2.926 0.42426 988.0 2.0595 11.0 85.0 5.9071 0.0 0.0 -3.826 0.22361 978.0 2.1084 8.0 
0.36519 2.99167 113.0 1789.0 3.0 42.0 0.0 -1.0929 0.274 0.0 0.22361 998.0 1.2011 13.0 48.0 0.0071 0.0 0.0 -0.026 0.2 996.0 1.3843 15.0 54.0 1.1071 0.0 0.074 0.0 0.22361 994.0 1.5675 13.0 60.0 2.3071 0.0 0.474 0.0 0.22361 992.0 1.7509 12.0 65.0 3.6071 0.0 0.874 0.0 0.2 990.0 1.8762 11.0 
0.02042 206.44766 101.0 2578.0 3.0 57.0 0.0 -3.2929 0.0 -0.726 0.53852 999.0 2.3703 15.0 57.0 0.0 -0.6929 0.0 -1.726 0.36056 997.0 2.074 13.0 59.0 1.4071 0.0 0.0 -2.526 0.31623 995.0 1.9752 11.0 66.0 3.3071 0.0 0.0 -3.126 0.31623 992.0 2.1186 12.0 78.0 5.1071 0.0 0.0 -3.526 0.3 985.0 2.2193 10.0 
0.49741 23.16855 99.0 1638.0 3.0 57.0 0.0 -2.0929 1.574 0.0 0.5 999.0 2.3703 14.0 60.0 0.2071 0.0 0.0 -0.026 0.44721 997.0 2.2981 12.0 64.0 2.4071 0.0 0.0 -1.226 0.44721 995.0 2.3242 14.0 69.0 4.4071 0.0 0.0 -2.126 0.31623 991.0 2.2103 11.0 72.0 6.1071 0.0 0.0 -2.726 0.31623 987.0 2.0365 10.0 
0.02857 135.31835 339.0 1981.0 3.0 60.0 0.0 -3.2929 2.274 0.0 0.72111 1000.0 2.5 12.0 58.0 0.0 -0.7929 0.0 -0.926 0.64031 999.0 2.4542 11.0 57.0 1.5071 0.0 0.0 -3.626 0.5 998.0 2.2123 12.0 59.0 3.6071 0.0 0.0 -5.726 0.42426 997.0 2.2221 13.0 64.0 5.7071 0.0 0.0 -7.426 0.36056 994.0 2.2019 10.0 
0.08559 75.10415 92.0 1489.0 3.0 69.0 0.0 -4.1929 2.474 0.0 0.86023 1001.0 2.5 17.0 65.0 0.0 -0.5929 0.0 -0.326 0.72111 1000.0 2.5 15.0 62.0 2.5071 0.0 0.0 -2.626 0.5 999.0 2.5 14.0 60.0 5.1071 0.0 0.0 -4.126 0.5 997.0 2.2981 15.0 64.0 7.4071 0.0 0.0 -5.226 0.41231 995.0 2.3242 14.0 
0.06244 175.98266 115.0 454.0 3.0 40.0 0.0 -1.7929 0.0 -0.626 0.28284 998.0 1.0895 14.0 44.0 0.0 -0.6929 0.0 -1.426 0.22361 996.0 1.1632 13.0 49.0 0.3071 0.0 0.0 -2.026 0.2 995.0 1.3624 14.0 59.0 1.3071 0.0 0.0 -2.226 0.2 989.0 1.4814 11.0 75.0 2.3071 0.0 0.0 -2.226 0.14142 982.0 1.8533 11.0 
0.21551 128.10508 106.0 2795.0 3.0 50.0 0.1071 0.0 0.0 -2.426 0.36056 998.0 1.7023 16.0 59.0 1.1071 0.0 0.0 -0.326 0.36056 996.0 2.0914 14.0 62.0 2.4071 0.0 1.574 0.0 0.36056 994.0 2.0664 13.0 62.0 3.8071 0.0 2.874 0.0 0.36056 993.0 1.9631 12.0 62.0 5.2071 0.0 3.774 0.0 0.28284 992.0 1.8696 12.0 
0.11311 108.43208 99.0 1049.0 3.0 55.0 0.0 -1.2929 2.574 0.0 0.42426 998.0 2.0598 10.0 58.0 0.7071 0.0 0.674 0.0 0.42426 998.0 2.2906 12.0 66.0 2.7071 0.0 0.0 -1.026 0.5 994.0 2.3416 10.0 71.0 4.6071 0.0 0.0 -2.426 0.36056 990.0 2.2386 8.0 71.0 6.2071 0.0 0.0 -3.426 0.22361 988.0 2.0595 8.0 
0.08902 132.36053 96.0 1765.0 3.0 56.0 0.0 -0.9929 3.574 0.0 0.5831 1000.0 2.4639 15.0 59.0 0.9071 0.0 0.774 0.0 0.5 999.0 2.5 17.0 63.0 3.0071 0.0 0.0 -1.026 0.5 997.0 2.5 15.0 62.0 5.1071 0.0 0.0 -2.226 0.44721 996.0 2.3095 14.0 58.0 6.9071 0.0 0.0 -3.026 0.22361 996.0 2.0211 14.0 
0.25522 36.19458 99.0 815.0 3.0 60.0 0.0 -2.1929 2.174 0.0 0.64031 999.0 2.5 15.0 59.0 0.0071 0.0 0.0 -0.326 0.5 997.0 2.2221 13.0 61.0 2.1071 0.0 0.0 -2.026 0.42426 995.0 2.1114 13.0 64.0 4.0071 0.0 0.0 -3.426 0.36056 992.0 1.9922 13.0 73.0 5.7071 0.0 0.0 -4.526 0.22361 987.0 2.0934 12.0 
0.02689 194.31045 102.0 343.0 3.0 60.0 0.0 -4.1929 2.774 0.0 0.72111 1000.0 2.5 12.0 61.0 0.0 -1.5929 0.0 -0.726 0.72111 1000.0 2.5 16.0 56.0 0.7071 0.0 0.0 -3.226 0.42426 999.0 2.2879 14.0 54.0 2.7071 0.0 0.0 -4.326 0.31623 997.0 1.8615 12.0 60.0 4.5071 0.0 0.0 -4.626 0.41231 994.0 1.9352 13.0 
0.3906 17.37652 94.0 1872.0 3.0 60.0 0.0 -2.6929 0.974 0.0 0.53852 999.0 2.5 14.0 60.0 0.0 -0.0929 0.0 -0.126 0.44721 997.0 2.2981 12.0 61.0 2.1071 0.0 0.0 -1.126 0.36056 995.0 2.1114 14.0 68.0 4.2071 0.0 0.0 -2.026 0.31623 992.0 2.249 12.0 78.0 6.5071 0.0 0.0 -2.726 0.41231 988.0 2.4856 10.0 
0.13922 172.03376 93.0 2772.0 3.0 52.0 0.0 -1.7929 0.0 -3.026 0.44721 1000.0 2.1245 16.0 55.0 0.6071 0.0 0.0 -1.426 0.44721 1000.0 2.3767 19.0 59.0 2.9071 0.0 0.0 -0.326 0.31623 998.0 2.3703 16.0 61.0 5.1071 0.0 0.074 0.0 0.4 996.0 2.2356 14.0 61.0 7.1071 0.0 0.0 -0.026 0.4 995.0 2.1114 14.0 
0.13041 92.73958 96.0 3057.0 3.0 46.0 0.0 -1.4929 1.974 0.0 0.44721 1002.0 1.9647 18.0 47.0 0.6071 0.0 0.574 0.0 0.44721 1001.0 1.8802 17.0 51.0 2.7071 0.0 0.0 -0.726 0.44721 1000.0 2.0435 15.0 53.0 4.8071 0.0 0.0 -2.226 0.42426 999.0 2.0493 14.0 53.0 6.6071 0.0 0.0 -3.926 0.36056 999.0 2.0493 13.0 
0.2087 69.35559 94.0 809.0 3.0 55.0 0.0 -2.0929 2.774 0.0 0.64031 1002.0 2.5 24.0 53.0 0.4071 0.0 0.474 0.0 0.56569 1001.0 2.3909 22.0 53.0 2.6071 0.0 0.0 -1.326 0.5 1000.0 2.207 20.0 52.0 4.8071 0.0 0.0 -2.626 0.31623 1000.0 2.1245 19.0 51.0 6.8071 0.0 0.0 -3.326 0.41231 1000.0 2.0435 19.0 
0.17311 127.49095 88.0 3023.0 3.0 66.0 0.0 -2.3929 1.574 0.0 0.41231 994.0 2.3416 11.0 77.0 0.4071 0.0 1.074 0.0 0.5099 992.0 2.5 12.0 88.0 3.4071 0.0 0.674 0.0 0.5099 987.0 2.5 10.0 90.0 6.4071 0.0 0.474 0.0 0.4 984.0 2.5 9.0 86.0 9.0071 0.0 0.674 0.0 0.4 984.0 2.5 9.0 
0.07327 41.06496 109.0 117.0 3.0 44.0 0.0 -1.2929 1.874 0.0 0.41231 999.0 1.4124 11.0 47.0 0.0 -0.2929 0.0 -0.226 0.31623 998.0 1.5041 10.0 50.0 0.9071 0.0 0.0 -1.726 0.36056 996.0 1.502 11.0 56.0 2.4071 0.0 0.0 -2.726 0.22361 994.0 1.6858 10.0 66.0 3.9071 0.0 0.0 -3.326 0.22361 987.0 1.7112 8.0 
0.10502 164.04532 100.0 936.0 3.0 52.0 0.0 -2.5929 1.774 0.0 0.5 1002.0 2.5 25.0 50.0 0.1071 0.0 1.474 0.0 0.5099 1001.0 2.1279 22.0 49.0 2.4071 0.0 1.074 0.0 0.4 1001.0 2.0436 20.0 46.0 4.3071 0.0 0.674 0.0 0.31623 1000.0 1.6625 20.0 43.0 5.9071 0.0 0.174 0.0 0.3 1001.0 1.5738 20.0 
0.46819 63.71887 90.0 2737.0 3.0 58.0 0.0 -2.8929 2.174 0.0 0.5 1000.0 2.5 15.0 62.0 0.0071 0.0 0.574 0.0 0.5831 998.0 2.5 14.0 66.0 2.9071 0.0 0.0 -1.126 0.5831 997.0 2.5 14.0 71.0 5.6071 0.0 0.0 -2.726 0.44721 994.0 2.5 13.0 73.0 7.9071 0.0 0.0 -4.026 0.44721 991.0 2.474 12.0 
0.12479 25.09838 105.0 212.0 3.0 35.0 0.0 -0.9929 0.874 0.0 0.28284 1001.0 1.0427 13.0 37.0 0.0071 0.0 0.0 -0.226 0.28284 1001.0 1.1652 17.0 40.0 1.1071 0.0 0.0 -1.326 0.22361 1000.0 1.2571 15.0 43.0 2.1071 0.0 0.0 -2.226 0.22361 998.0 1.259 13.0 47.0 3.2071 0.0 0.0 -2.926 0.22361 997.0 1.4101 12.0 
0.07862 192.1136 145.0 358.0 3.0 45.0 0.0071 0.0 2.074 0.0 0.22361 998.0 1.3789 16.0 48.0 0.9071 0.0 1.474 0.0 0.2 996.0 1.3843 14.0 50.0 1.8071 0.0 1.274 0.0 0.2 995.0 1.4186 14.0 50.0 2.6071 0.0 1.274 0.0 0.1 995.0 1.4186 13.0 49.0 3.3071 0.0 1.374 0.0 0.1 995.0 1.3624 13.0 
0.22439 35.06378 97.0 88.0 3.0 56.0 0.0 -1.3929 3.474 0.0 0.67082 1000.0 2.4639 12.0 56.0 0.3071 0.0 0.074 0.0 0.5831 999.0 2.2879 11.0 55.0 2.1071 0.0 0.0 -2.926 0.5 998.0 2.0598 10.0 56.0 3.9071 0.0 0.0 -5.126 0.5 998.0 2.1353 13.0 61.0 5.8071 0.0 0.0 -6.826 0.42426 995.0 2.1114 11.0 
0.0599 137.80669 106.0 2195.0 3.0 31.0 0.3071 0.0 0.0 -1.426 0.14142 1001.0 1.0 12.0 35.0 1.0071 0.0 0.0 -0.726 0.22361 1000.0 1.0 11.0 41.0 1.9071 0.0 0.174 0.0 0.28284 998.0 1.1446 10.0 51.0 3.0071 0.0 1.374 0.0 0.31623 997.0 1.6604 12.0 58.0 4.4071 0.0 2.174 0.0 0.31623 994.0 1.8084 10.0 
0.07523 76.71589 83.0 1673.0 3.0 76.0 0.0 -3.5929 4.474 0.0 1.08167 1000.0 2.5 17.0 74.0 0.0 -0.2929 0.0 -0.626 0.86023 1000.0 2.5 21.0 73.0 3.0071 0.0 0.0 -4.426 0.78102 998.0 2.5 18.0 74.0 6.2071 0.0 0.0 -7.526 0.70711 997.0 2.5 18.0 79.0 9.0071 0.0 0.0 -10.526 0.64031 994.0 2.5 17.0 
0.08698 136.94208 92.0 608.0 3.0 48.0 0.0 -1.3929 3.274 0.0 0.5 1001.0 1.961 18.0 49.0 0.6071 0.0 1.074 0.0 0.5 1001.0 2.0436 17.0 52.0 2.9071 0.0 0.0 -0.526 0.44721 1000.0 2.1245 21.0 57.0 5.3071 0.0 0.0 -1.726 0.41231 999.0 2.3703 17.0 57.0 7.4071 0.0 0.0 -2.526 0.44721 997.0 2.074 16.0 
0.13511 102.78902 99.0 2198.0 3.0 54.0 0.0 -1.3929 0.0 -0.926 0.3 993.0 1.4892 10.0 68.0 0.0071 0.0 0.0 -0.926 0.3 988.0 1.8891 10.0 83.0 1.7071 0.0 0.0 -0.926 0.3 982.0 2.2698 9.0 88.0 3.6071 0.0 0.0 -1.126 0.3 979.0 2.3263 8.0 88.0 5.5071 0.0 0.0 -1.226 0.3 979.0 2.3263 8.0 
0.16556 108.43208 106.0 108.0 3.0 58.0 0.0 -1.7929 3.074 0.0 0.64031 1001.0 2.5 18.0 53.0 0.7071 0.0 0.674 0.0 0.5 1000.0 2.207 16.0 49.0 2.6071 0.0 0.0 -1.126 0.36056 999.0 1.7517 14.0 49.0 4.1071 0.0 0.0 -2.426 0.28284 998.0 1.6349 15.0 54.0 5.4071 0.0 0.0 -3.426 0.22361 995.0 1.6546 14.0 
0.22516 53.71602 106.0 2453.0 3.0 58.0 0.0 -1.6929 3.274 0.0 0.5831 1000.0 2.5 16.0 55.0 0.3071 0.0 0.374 0.0 0.5 999.0 2.2069 15.0 52.0 2.0071 0.0 0.0 -2.026 0.42426 998.0 1.8412 14.0 51.0 3.5071 0.0 0.0 -3.726 0.28284 997.0 1.6604 17.0 52.0 4.8071 0.0 0.0 -4.426 0.2 995.0 1.5343 14.0 
0.10865 152.12534 100.0 556.0 3.0 55.0 0.0 -1.2929 2.774 0.0 0.42426 997.0 1.931 13.0 63.0 0.7071 0.0 1.174 0.0 0.36056 996.0 2.3846 14.0 67.0 2.5071 0.0 0.0 -0.326 0.36056 993.0 2.2925 12.0 70.0 4.1071 0.0 0.0 -1.726 0.42426 990.0 2.176 11.0 74.0 5.5071 0.0 0.0 -3.126 0.28284 987.0 2.1512 10.0 
0.0787 175.11799 123.0 998.0 3.0 38.0 0.0 -0.9929 1.974 0.0 0.22361 1000.0 1.1345 16.0 37.0 0.1071 0.0 1.574 0.0 0.2 1000.0 1.0756 16.0 38.0 1.1071 0.0 1.374 0.0 0.2 1000.0 1.1345 19.0 42.0 2.0071 0.0 1.274 0.0 0.1 998.0 1.2011 16.0 45.0 2.7071 0.0 1.274 0.0 0.1 996.0 1.2166 15.0 
0.1192 141.91281 93.0 1649.0 3.0 39.0 0.0 -1.5929 1.074 0.0 0.31623 1001.0 1.2946 17.0 43.0 0.1071 0.0 1.274 0.0 0.41231 1000.0 1.4527 16.0 51.0 2.1071 0.0 0.774 0.0 0.44721 999.0 1.8976 19.0 60.0 4.3071 0.0 0.0 -0.426 0.5 998.0 2.4513 16.0 67.0 6.7071 0.0 0.0 -2.426 0.5 997.0 2.5 15.0 
0.20142 32.98146 81.0 371.0 3.0 44.0 0.0 -1.5929 0.974 0.0 0.28284 1000.0 1.5211 16.0 46.0 0.0 -0.1929 0.0 -0.226 0.36056 1000.0 1.6625 16.0 52.0 1.4071 0.0 0.0 -1.226 0.28284 998.0 1.8412 16.0 58.0 3.0071 0.0 0.0 -1.926 0.31623 996.0 2.0211 14.0 61.0 4.7071 0.0 0.0 -2.326 0.3 995.0 2.1114 13.0 
0.05568 199.68361 96.0 2170.0 3.0 56.0 0.0 -2.2929 0.0 -1.726 0.5099 1001.0 2.5 22.0 57.0 0.5071 0.0 0.0 -1.726 0.41231 1000.0 2.5 18.0 57.0 2.9071 0.0 0.0 -1.126 0.36056 998.0 2.2123 16.0 55.0 4.9071 0.0 0.0 -0.026 0.36056 999.0 2.2069 16.0 53.0 6.6071 0.0 1.374 0.0 0.36056 999.0 2.0493 17.0 
0.18215 178.25807 88.0 1124.0 3.0 63.0 0.0 -0.3929 5.174 0.0 0.8544 1001.0 2.5 12.0 62.0 1.4071 0.0 0.774 0.0 0.80623 1000.0 2.5 12.0 65.0 3.6071 0.0 0.0 -3.126 0.72111 1000.0 2.5 15.0 67.0 6.1071 0.0 0.0 -6.426 0.64031 998.0 2.5 13.0 69.0 8.7071 0.0 0.0 -8.826 0.5 996.0 2.5 15.0 
0.03189 223.86987 104.0 3014.0 3.0 51.0 0.0071 0.0 3.574 0.0 0.5831 1001.0 2.2138 17.0 51.0 1.7071 0.0 1.074 0.0 0.5 1000.0 2.0435 15.0 52.0 3.4071 0.0 0.0 -0.926 0.42426 999.0 1.9727 18.0 53.0 4.9071 0.0 0.0 -2.626 0.28284 997.0 1.7931 16.0 57.0 6.1071 0.0 0.0 -4.026 0.28284 995.0 1.8436 13.0 
0.01264 174.17829 96.0 1400.0 3.0 61.0 0.0 -4.0929 1.774 0.0 0.70711 1000.0 2.5 12.0 61.0 0.0 -1.0929 0.0 -1.126 0.64031 999.0 2.5 11.0 59.0 1.7071 0.0 0.0 -3.326 0.5 999.0 2.5 14.0 60.0 4.2071 0.0 0.0 -5.126 0.42426 997.0 2.2981 12.0 63.0 6.2071 0.0 0.0 -6.826 0.42426 994.0 2.1336 10.0 
0.4963 102.71108 89.0 1208.0 3.0 68.0 0.0 -2.8929 3.974 0.0 0.78102 1000.0 2.5 11.0 66.0 0.5071 0.0 0.774 0.0 0.70711 999.0 2.5 11.0 64.0 3.5071 0.0 0.0 -2.026 0.64031 998.0 2.5 10.0 64.0 6.1071 0.0 0.0 -4.326 0.56569 997.0 2.5 12.0 70.0 8.6071 0.0 0.0 -6.326 0.5 993.0 2.5 10.0 
0.26372 105.1813 85.0 2768.0 3.0 61.0 0.0 -1.0929 4.274 0.0 0.76158 1000.0 2.5 12.0 59.0 0.9071 0.0 0.274 0.0 0.5831 999.0 2.5 11.0 57.0 2.6071 0.0 0.0 -3.126 0.53852 998.0 2.2123 11.0 56.0 4.1071 0.0 0.0 -6.026 0.53852 998.0 2.1353 14.0 58.0 5.5071 0.0 0.0 -8.426 0.36056 995.0 1.9088 12.0 
0.05741 135.31835 96.0 1263.0 3.0 52.0 0.0 -2.8929 0.874 0.0 0.5 1000.0 2.1245 15.0 55.0 0.0 -0.7929 0.0 -0.926 0.36056 998.0 2.0598 13.0 60.0 1.4071 0.0 0.0 -1.926 0.41231 995.0 2.0427 11.0 66.0 3.7071 0.0 0.0 -2.426 0.4 994.0 2.3416 13.0 74.0 6.0071 0.0 0.0 -2.426 0.4 989.0 2.3304 11.0 
0.07828 168.61724 100.0 404.0 3.0 79.0 0.0 -0.5929 3.174 0.0 0.5831 990.0 2.5 11.0 78.0 1.3071 0.0 0.774 0.0 0.42426 989.0 2.5 11.0 83.0 3.1071 0.0 0.0 -1.026 0.42426 984.0 2.4263 9.0 83.0 4.7071 0.0 0.0 -2.426 0.28284 982.0 2.2698 9.0 79.0 6.1071 0.0 0.0 -3.626 0.22361 983.0 2.1248 9.0 
0.03585 80.01448 89.0 688.0 3.0 49.0 0.0 -2.3929 2.174 0.0 0.5 1001.0 2.0436 13.0 51.0 0.0 -0.4929 0.0 -0.526 0.5 1000.0 2.0435 12.0 52.0 1.3071 0.0 0.0 -2.826 0.5 999.0 1.9727 11.0 54.0 3.2071 0.0 0.0 -4.926 0.42426 997.0 1.8615 10.0 58.0 4.8071 0.0 0.0 -6.826 0.42426 996.0 2.0211 12.0 
0.06599 266.79252 95.0 1258.0 3.0 51.0 1.3071 0.0 3.774 0.0 0.60828 1000.0 2.0435 12.0 52.0 2.3071 0.0 0.674 0.0 0.53852 999.0 1.9727 11.0 54.0 3.4071 0.0 0.0 -2.226 0.44721 997.0 1.8615 10.0 58.0 4.6071 0.0 0.0 -4.626 0.5 996.0 2.0211 12.0 66.0 6.1071 0.0 0.0 -6.626 0.42426 992.0 2.1186 10.0 
0.05207 233.34002 95.0 3046.0 3.0 53.0 0.1071 0.0 4.274 0.0 0.67082 1000.0 2.207 12.0 54.0 1.8071 0.0 1.074 0.0 0.5 999.0 2.1274 11.0 56.0 3.6071 0.0 0.0 -1.626 0.5 998.0 2.1353 10.0 57.0 5.2071 0.0 0.0 -4.126 0.44721 996.0 1.952 9.0 61.0 6.4071 0.0 0.0 -6.326 0.44721 993.0 1.9003 10.0 
0.09651 180.26231 110.0 640.0 3.0 38.0 0.4071 0.0 1.874 0.0 0.14142 998.0 1.0 13.0 43.0 1.0071 0.0 1.274 0.0 0.1 997.0 1.1803 15.0 54.0 1.8071 0.0 0.874 0.0 0.22361 993.0 1.4892 13.0 63.0 2.9071 0.0 0.574 0.0 0.2 990.0 1.7625 11.0 71.0 4.2071 0.0 0.574 0.0 0.2 986.0 1.9069 10.0 
0.10642 197.86124 297.0 2336.0 3.0 49.0 0.0 -2.4929 0.0 -0.426 0.28284 994.0 1.2907 8.0 63.0 0.0 -1.4929 0.974 0.0 0.36056 989.0 1.6891 9.0 79.0 0.0 -0.1929 2.474 0.0 0.36056 980.0 1.9316 7.0 97.0 1.3071 0.0 4.174 0.0 0.36056 971.0 2.2881 7.0 129.0 2.9071 0.0 5.974 0.0 0.44721 945.0 2.4995 5.0 
0.07741 133.60022 112.0 1428.0 3.0 56.0 0.0 -0.6929 2.174 0.0 0.36056 997.0 2.0019 15.0 53.0 0.7071 0.0 0.974 0.0 0.36056 997.0 1.7931 15.0 57.0 2.0071 0.0 0.074 0.0 0.22361 994.0 1.7465 13.0 59.0 3.2071 0.0 0.0 -0.626 0.22361 992.0 1.693 12.0 62.0 4.3071 0.0 0.0 -1.126 0.22361 991.0 1.7846 11.0 
0.2341 24.41152 95.0 1374.0 3.0 72.0 0.0 -2.3929 4.374 0.0 0.89443 1000.0 2.5 12.0 64.0 0.2071 0.0 0.074 0.0 0.72111 1000.0 2.5 11.0 59.0 2.5071 0.0 0.0 -2.926 0.56569 998.0 2.3703 10.0 59.0 4.6071 0.0 0.0 -5.226 0.56569 997.0 2.2221 13.0 63.0 6.6071 0.0 0.0 -7.026 0.42426 994.0 2.1336 10.0 
0.31263 41.52148 96.0 887.0 3.0 51.0 0.0 -2.2929 1.874 0.0 0.5 1001.0 2.2138 22.0 53.0 0.0071 0.0 0.374 0.0 0.44721 1000.0 2.207 19.0 54.0 2.3071 0.0 0.0 -0.226 0.3 999.0 2.1274 17.0 53.0 4.4071 0.0 0.174 0.0 0.31623 999.0 2.0493 17.0 53.0 6.2071 0.0 1.074 0.0 0.36056 999.0 2.0493 17.0 
0.05538 213.10284 132.0 261.0 3.0 40.0 0.0 -1.9929 0.0 -1.526 0.31623 999.0 1.1673 11.0 41.0 0.0 -0.5929 0.0 -1.826 0.22361 999.0 1.2264 14.0 45.0 0.5071 0.0 0.0 -1.926 0.2 997.0 1.2927 12.0 51.0 1.5071 0.0 0.0 -1.926 0.2 993.0 1.3283 10.0 67.0 2.4071 0.0 0.0 -1.826 0.2 986.0 1.6981 10.0 
0.28522 72.7102 85.0 2889.0 3.0 72.0 0.0 -4.4929 0.574 0.0 0.67082 998.0 2.5 17.0 86.0 0.0 -0.1929 0.0 -0.626 0.70711 995.0 2.5 14.0 86.0 4.1071 0.0 0.0 -0.926 0.60828 993.0 2.5 12.0 81.0 7.6071 0.0 0.0 -0.326 0.53852 992.0 2.5 12.0 80.0 10.4071 0.0 1.274 0.0 0.5 992.0 2.5 12.0 
0.06107 234.69733 115.0 2237.0 3.0 56.0 0.2071 0.0 2.974 0.0 0.36056 998.0 2.1353 16.0 56.0 1.6071 0.0 1.374 0.0 0.28284 996.0 1.8841 15.0 55.0 2.8071 0.0 0.0 -0.026 0.28284 996.0 1.8174 14.0 54.0 4.0071 0.0 0.0 -1.226 0.28284 996.0 1.752 14.0 52.0 5.1071 0.0 0.0 -2.326 0.22361 996.0 1.6246 15.0 
0.04969 97.40378 97.0 1674.0 3.0 49.0 0.0 -2.8929 1.274 0.0 0.5 1001.0 2.0436 13.0 52.0 0.0 -0.4929 0.0 -0.726 0.5 1000.0 2.1245 12.0 54.0 2.0071 0.0 0.0 -2.626 0.5 999.0 2.1274 11.0 55.0 4.3071 0.0 0.0 -4.326 0.44721 998.0 2.0598 10.0 56.0 6.3071 0.0 0.0 -5.626 0.42426 997.0 2.0019 12.0 
0.05039 144.71294 355.0 647.0 3.0 53.0 0.0 -2.5929 3.074 0.0 0.72801 999.0 2.0493 13.0 53.0 0.0 -1.1929 0.0 -0.526 0.67082 999.0 2.0493 17.0 53.0 0.3071 0.0 0.0 -3.726 0.44721 997.0 1.7931 15.0 53.0 1.7071 0.0 0.0 -6.226 0.42426 996.0 1.6877 14.0 54.0 3.2071 0.0 0.0 -8.026 0.36056 993.0 1.4892 12.0 
0.08222 149.12413 107.0 1771.0 3.0 40.0 0.1071 0.0 2.174 0.0 0.22361 999.0 1.1673 18.0 47.0 0.8071 0.0 1.074 0.0 0.22361 998.0 1.5041 16.0 52.0 2.0071 0.0 0.174 0.0 0.28284 997.0 1.7261 15.0 54.0 3.3071 0.0 0.0 -0.826 0.22361 996.0 1.752 14.0 55.0 4.6071 0.0 0.0 -1.526 0.31623 995.0 1.7165 14.0 
0.077 140.98863 96.0 1882.0 3.0 67.0 0.0 -0.5929 3.274 0.0 0.53852 993.0 2.2925 10.0 70.0 1.0071 0.0 0.774 0.0 0.42426 991.0 2.2749 12.0 80.0 2.8071 0.0 0.0 -0.826 0.36056 985.0 2.3346 12.0 90.0 4.5071 0.0 0.0 -1.826 0.31623 977.0 2.2981 10.0 93.0 6.2071 0.0 0.0 -2.326 0.3 974.0 2.2651 10.0 
0.08825 64.32701 144.0 1446.0 3.0 45.0 0.0 -1.7929 1.274 0.0 0.42426 1000.0 1.591 11.0 46.0 0.0 -0.3929 0.0 -0.426 0.36056 999.0 1.5437 15.0 48.0 0.9071 0.0 0.0 -1.726 0.28284 997.0 1.4708 13.0 50.0 2.0071 0.0 0.0 -2.626 0.22361 995.0 1.4186 11.0 56.0 3.0071 0.0 0.0 -3.026 0.1 992.0 1.5252 12.0 
0.07607 146.70683 106.0 2604.0 3.0 57.0 0.0 -0.5929 1.974 0.0 0.28284 993.0 1.6592 10.0 57.0 0.6071 0.0 1.174 0.0 0.2 991.0 1.5084 9.0 70.0 1.7071 0.0 1.074 0.0 0.2 985.0 1.7874 10.0 91.0 2.9071 0.0 1.574 0.0 0.22361 971.0 2.0138 7.0 99.0 4.1071 0.0 2.474 0.0 0.28284 967.0 2.1762 7.0 
0.15095 166.73835 111.0 565.0 3.0 63.0 0.0 -1.0929 2.174 0.0 0.36056 994.0 2.1336 13.0 66.0 0.6071 0.0 1.374 0.0 0.31623 992.0 2.1186 12.0 69.0 2.3071 0.0 0.974 0.0 0.2 989.0 2.0261 11.0 72.0 3.8071 0.0 0.774 0.0 0.3 987.0 2.0365 10.0 72.0 5.3071 0.0 0.574 0.0 0.2 986.0 1.961 10.0 
0.30897 167.12732 87.0 1817.0 3.0 80.0 0.0 -3.1929 3.074 0.0 0.67082 993.0 2.5 12.0 86.0 0.3071 0.0 1.474 0.0 0.63246 987.0 2.5 11.0 100.0 3.5071 0.0 0.674 0.0 0.6 979.0 2.5 11.0 114.0 6.7071 0.0 0.274 0.0 0.5 968.0 2.5 9.0 122.0 9.7071 0.0 0.0 -0.026 0.5 959.0 2.5 8.0 
0.10217 194.80947 85.0 1885.0 3.0 74.0 0.0 -2.1929 4.574 0.0 0.84853 997.0 2.5 17.0 78.0 1.2071 0.0 1.274 0.0 0.78102 995.0 2.5 15.0 85.0 4.5071 0.0 0.0 -1.626 0.64031 992.0 2.5 16.0 86.0 7.7071 0.0 0.0 -3.626 0.53852 989.0 2.5 14.0 84.0 10.3071 0.0 0.0 -5.026 0.41231 986.0 2.5 13.0 
0.05304 242.9482 106.0 2070.0 3.0 38.0 1.3071 0.0 1.974 0.0 0.14142 1000.0 1.1345 19.0 42.0 1.9071 0.0 1.074 0.0 0.14142 999.0 1.2869 17.0 45.0 2.7071 0.0 0.274 0.0 0.22361 998.0 1.3789 16.0 48.0 3.6071 0.0 0.0 -0.626 0.22361 998.0 1.5688 16.0 49.0 4.8071 0.0 0.0 -1.426 0.22361 998.0 1.6349 16.0 
0.19307 169.32672 112.0 1807.0 3.0 58.0 0.0 -2.2929 0.774 0.0 0.41231 997.0 2.1474 30.0 62.0 0.0 -0.3929 1.474 0.0 0.31623 994.0 2.0664 25.0 61.0 1.3071 0.0 1.874 0.0 0.31623 993.0 1.9003 25.0 59.0 2.7071 0.0 2.174 0.0 0.31623 993.0 1.7777 25.0 58.0 4.1071 0.0 2.374 0.0 0.2 993.0 1.7179 25.0 
0.10665 149.94232 95.0 1477.0 3.0 58.0 0.0 -0.3929 4.174 0.0 0.67082 1001.0 2.5 17.0 54.0 1.1071 0.0 0.774 0.0 0.5831 1000.0 2.291 16.0 53.0 2.8071 0.0 0.0 -1.726 0.5 999.0 2.0493 14.0 55.0 4.6071 0.0 0.0 -3.526 0.42426 998.0 2.0598 17.0 59.0 6.5071 0.0 0.0 -4.826 0.44721 996.0 2.0914 15.0 
0.12702 97.07306 98.0 389.0 3.0 55.0 0.0 -1.8929 3.274 0.0 0.56569 1001.0 2.5 17.0 54.0 0.4071 0.0 0.774 0.0 0.56569 1000.0 2.291 16.0 53.0 2.5071 0.0 0.0 -1.326 0.42426 1000.0 2.207 20.0 55.0 4.4071 0.0 0.0 -3.026 0.28284 998.0 2.0598 17.0 58.0 6.1071 0.0 0.0 -4.326 0.36056 997.0 2.1474 15.0 
0.07856 202.60424 93.0 2899.0 3.0 63.0 0.0 -1.2929 4.874 0.0 0.86023 1001.0 2.5 13.0 59.0 1.3071 0.0 1.274 0.0 0.64031 1000.0 2.5 14.0 59.0 3.5071 0.0 0.0 -1.726 0.64031 1000.0 2.5 15.0 60.0 5.6071 0.0 0.0 -4.326 0.5 998.0 2.4513 13.0 61.0 7.4071 0.0 0.0 -6.626 0.42426 996.0 2.2356 11.0 
0.07362 139.82063 111.0 1775.0 3.0 40.0 0.0071 0.0 2.674 0.0 0.44721 1001.0 1.3618 17.0 41.0 0.9071 0.0 0.874 0.0 0.28284 1000.0 1.3207 16.0 43.0 2.0071 0.0 0.0 -0.326 0.28284 999.0 1.3489 14.0 49.0 3.3071 0.0 0.0 -1.126 0.22361 998.0 1.6349 16.0 54.0 4.7071 0.0 0.0 -1.526 0.22361 995.0 1.6546 14.0 
0.08677 222.81675 96.0 1492.0 3.0 63.0 0.0 -0.0929 4.674 0.0 0.80623 999.0 2.5 12.0 59.0 1.8071 0.0 0.874 0.0 0.5831 998.0 2.3703 11.0 57.0 3.5071 0.0 0.0 -2.026 0.5 998.0 2.2123 14.0 58.0 5.1071 0.0 0.0 -4.326 0.5 995.0 1.9088 12.0 63.0 6.5071 0.0 0.0 -6.326 0.42426 991.0 1.8426 10.0 
0.02266 150.70376 110.0 2398.0 3.0 58.0 0.0 -3.1929 2.174 0.0 0.72111 1001.0 2.5 13.0 53.0 0.0 -0.9929 0.0 -0.926 0.5 1000.0 2.207 14.0 50.0 0.9071 0.0 0.0 -3.026 0.42426 1000.0 1.9642 15.0 50.0 2.6071 0.0 0.0 -4.426 0.36056 998.0 1.7023 13.0 51.0 4.2071 0.0 0.0 -5.226 0.31623 997.0 1.6604 14.0 
0.12794 180.46314 96.0 346.0 3.0 65.0 0.0 -2.0929 3.074 0.0 0.44721 997.0 2.5 15.0 70.0 0.4071 0.0 1.574 0.0 0.41231 994.0 2.5 13.0 73.0 2.7071 0.0 0.774 0.0 0.41231 991.0 2.474 11.0 76.0 4.7071 0.0 0.274 0.0 0.31623 987.0 2.269 10.0 80.0 6.5071 0.0 0.0 -0.426 0.31623 984.0 2.2541 9.0 
0.13707 140.40892 374.0 2913.0 3.0 61.0 0.0 -1.9929 3.674 0.0 0.70711 1001.0 2.5 21.0 62.0 0.8071 0.0 0.974 0.0 0.56569 999.0 2.5 18.0 60.0 3.1071 0.0 0.0 -0.926 0.44721 998.0 2.4513 16.0 56.0 5.0071 0.0 0.0 -2.126 0.36056 997.0 2.0019 15.0 53.0 6.6071 0.0 0.0 -2.826 0.31623 997.0 1.7931 15.0 
0.34495 137.92644 84.0 3001.0 3.0 70.0 0.0 -3.4929 3.474 0.0 0.72111 999.0 2.5 16.0 78.0 0.4071 0.0 1.174 0.0 0.80623 997.0 2.5 16.0 83.0 4.5071 0.0 0.0 -0.826 0.76158 995.0 2.5 14.0 77.0 8.1071 0.0 0.0 -2.226 0.53852 994.0 2.5 13.0 69.0 10.9071 0.0 0.0 -2.826 0.4 994.0 2.5 13.0 
0.39113 59.5095 98.0 992.0 3.0 72.0 0.0 -2.7929 3.074 0.0 0.78102 999.0 2.5 11.0 65.0 0.5071 0.0 0.174 0.0 0.56569 999.0 2.5 14.0 62.0 2.9071 0.0 0.0 -2.226 0.56569 997.0 2.4538 12.0 61.0 4.8071 0.0 0.0 -4.026 0.36056 994.0 2.0003 10.0 68.0 6.4071 0.0 0.0 -5.126 0.22361 990.0 2.0534 11.0 
0.22279 172.16692 83.0 848.0 3.0 79.0 0.0 -2.5929 6.174 0.0 1.14018 1000.0 2.5 12.0 78.0 1.2071 0.0 0.974 0.0 1.0 999.0 2.5 11.0 79.0 4.9071 0.0 0.0 -3.626 0.92195 999.0 2.5 15.0 76.0 8.5071 0.0 0.0 -7.326 0.70711 998.0 2.5 13.0 71.0 11.4071 0.0 0.0 -10.026 0.5 996.0 2.5 15.0 
0.53451 10.70814 37.0 2840.0 3.0 53.0 0.0 -2.9929 0.0 -0.426 0.5 1002.0 2.5 24.0 54.0 0.0 -0.0929 0.0 -0.026 0.5099 1001.0 2.4819 21.0 53.0 2.6071 0.0 0.374 0.0 0.4 1001.0 2.3909 20.0 50.0 5.1071 0.0 0.174 0.0 0.41231 1001.0 2.1279 21.0 43.0 7.3071 0.0 0.0 -0.326 0.31623 1002.0 1.7168 24.0 
0.05325 233.34002 72.0 2401.0 3.0 55.0 0.0 -0.2929 3.974 0.0 0.72111 1002.0 2.5 18.0 54.0 1.8071 0.0 1.074 0.0 0.56569 1001.0 2.4819 22.0 57.0 4.0071 0.0 0.0 -1.226 0.5 1000.0 2.5 18.0 57.0 6.2071 0.0 0.0 -2.926 0.36056 999.0 2.3703 17.0 55.0 8.3071 0.0 0.0 -3.726 0.31623 999.0 2.2069 16.0 
0.18145 38.08876 87.0 1122.0 3.0 73.0 0.0 -2.5929 4.274 0.0 0.9434 1000.0 2.5 12.0 66.0 0.1071 0.0 0.0 -0.326 0.80623 999.0 2.5 11.0 61.0 2.3071 0.0 0.0 -3.726 0.5 997.0 2.3753 10.0 60.0 4.3071 0.0 0.0 -6.026 0.42426 996.0 2.1629 10.0 65.0 6.2071 0.0 0.0 -7.626 0.42426 992.0 2.0549 10.0 
0.07386 233.34002 97.0 1542.0 3.0 66.0 0.0071 0.0 3.174 0.0 0.5 995.0 2.4717 13.0 67.0 1.8071 0.0 1.074 0.0 0.42426 993.0 2.2925 13.0 75.0 3.6071 0.0 0.0 -0.626 0.36056 988.0 2.2981 10.0 82.0 5.1071 0.0 0.0 -2.226 0.42426 984.0 2.3682 9.0 83.0 6.5071 0.0 0.0 -3.826 0.42426 983.0 2.3454 9.0 
0.03849 253.07091 137.0 1656.0 3.0 50.0 0.0 -1.9929 0.0 -1.526 0.36056 997.0 1.5959 13.0 55.0 0.0 -0.4929 0.0 -2.226 0.31623 994.0 1.6261 10.0 70.0 1.0071 0.0 0.0 -2.526 0.3 988.0 2.0019 10.0 75.0 2.5071 0.0 0.0 -2.326 0.2 984.0 1.9811 9.0 72.0 3.7071 0.0 0.0 -2.026 0.14142 985.0 1.891 9.0 
0.10412 165.22105 48.0 2225.0 3.0 54.0 0.0 -2.7929 1.474 0.0 0.5099 1002.0 2.5 18.0 54.0 0.2071 0.0 1.474 0.0 0.4 1001.0 2.4819 16.0 53.0 3.0071 0.0 1.574 0.0 0.41231 1001.0 2.3909 16.0 49.0 5.6071 0.0 1.874 0.0 0.41231 1002.0 2.2294 17.0 44.0 7.9071 0.0 1.974 0.0 0.3 1002.0 1.7976 18.0 
0.04056 253.21011 95.0 614.0 3.0 63.0 0.5071 0.0 3.874 0.0 0.5831 997.0 2.5 13.0 63.0 2.1071 0.0 0.874 0.0 0.5831 997.0 2.5 16.0 62.0 3.7071 0.0 0.0 -1.526 0.36056 994.0 2.0664 11.0 69.0 5.3071 0.0 0.0 -3.426 0.36056 991.0 2.2103 12.0 72.0 6.8071 0.0 0.0 -5.026 0.36056 989.0 2.2062 11.0 
0.02393 183.20941 352.0 583.0 3.0 54.0 0.0 -3.2929 1.974 0.0 0.5831 1000.0 2.291 13.0 52.0 0.0 -1.2929 0.0 -1.026 0.5 1000.0 2.1245 12.0 49.0 0.4071 0.0 0.0 -3.226 0.42426 998.0 1.6349 10.0 50.0 2.0071 0.0 0.0 -4.626 0.31623 998.0 1.7023 13.0 54.0 3.7071 0.0 0.0 -5.326 0.2 995.0 1.6546 11.0 
0.07396 194.80947 90.0 1342.0 3.0 59.0 0.0 -1.6929 4.174 0.0 0.70711 1001.0 2.5 18.0 59.0 1.2071 0.0 1.274 0.0 0.56569 1001.0 2.5 16.0 60.0 3.8071 0.0 0.0 -1.326 0.56569 1000.0 2.5 15.0 60.0 6.0071 0.0 0.0 -3.926 0.56569 999.0 2.5 18.0 64.0 8.1071 0.0 0.0 -6.226 0.56569 997.0 2.5 15.0 
0.15962 129.55114 97.0 1850.0 3.0 43.0 0.0 -1.3929 0.0 -1.426 0.3 999.0 1.3489 15.0 48.0 0.3071 0.0 0.0 -1.126 0.3 998.0 1.5688 18.0 54.0 2.2071 0.0 0.0 -1.026 0.3 996.0 1.752 16.0 63.0 4.0071 0.0 0.0 -1.126 0.31623 993.0 2.0269 17.0 70.0 5.9071 0.0 0.0 -1.426 0.3 990.0 2.176 14.0 
0.07251 212.05435 97.0 1614.0 3.0 62.0 0.0 -0.6929 3.374 0.0 0.56569 998.0 2.5 16.0 68.0 1.5071 0.0 1.174 0.0 0.5 995.0 2.5 14.0 70.0 3.6071 0.0 0.0 -0.726 0.36056 993.0 2.5 12.0 69.0 5.4071 0.0 0.0 -2.126 0.36056 992.0 2.3156 12.0 65.0 6.9071 0.0 0.0 -3.126 0.31623 991.0 1.9615 11.0 
0.10302 177.71327 107.0 845.0 3.0 35.0 0.0 -1.2929 1.574 0.0 0.1 1000.0 1.0 15.0 43.0 0.0 -0.2929 1.574 0.0 0.22361 998.0 1.259 13.0 53.0 1.1071 0.0 1.974 0.0 0.2 996.0 1.6877 15.0 62.0 2.6071 0.0 2.474 0.0 0.31623 993.0 1.9631 12.0 69.0 4.2071 0.0 3.074 0.0 0.36056 990.0 2.1142 11.0 
0.14288 99.7004 99.0 1637.0 3.0 53.0 0.0 -1.9929 1.574 0.0 0.41231 999.0 2.0493 18.0 58.0 0.2071 0.0 0.874 0.0 0.4 998.0 2.2906 16.0 59.0 2.4071 0.0 0.674 0.0 0.3 997.0 2.2221 15.0 58.0 4.3071 0.0 0.874 0.0 0.31623 996.0 2.0211 14.0 56.0 6.0071 0.0 1.574 0.0 0.31623 996.0 1.8841 14.0 
0.04826 205.90863 112.0 1359.0 3.0 41.0 0.0 -2.4929 0.0 -0.826 0.22361 1000.0 1.3207 12.0 42.0 0.0 -0.8929 0.0 -1.626 0.22361 999.0 1.2869 11.0 42.0 0.5071 0.0 0.0 -2.426 0.22361 998.0 1.2011 10.0 45.0 1.6071 0.0 0.0 -3.226 0.22361 997.0 1.2927 12.0 52.0 2.7071 0.0 0.0 -3.926 0.2 994.0 1.4536 10.0 
0.16577 123.55085 90.0 2386.0 3.0 61.0 0.0 -1.5929 3.174 0.0 0.64031 1000.0 2.5 11.0 58.0 1.0071 0.0 0.474 0.0 0.5 1000.0 2.5 11.0 60.0 3.2071 0.0 0.0 -2.026 0.56569 998.0 2.4513 9.0 66.0 5.5071 0.0 0.0 -4.426 0.5 997.0 2.5 11.0 70.0 7.9071 0.0 0.0 -6.426 0.5 995.0 2.5 10.0 
0.0365 142.78701 336.0 829.0 3.0 51.0 0.0 -2.6929 1.174 0.0 0.5 999.0 1.8976 11.0 52.0 0.0 -0.8929 0.0 -0.926 0.36056 997.0 1.7261 10.0 55.0 0.7071 0.0 0.0 -2.626 0.28284 996.0 1.8174 12.0 60.0 2.2071 0.0 0.0 -3.726 0.28284 991.0 1.6713 9.0 71.0 3.6071 0.0 0.0 -4.226 0.2 986.0 1.9069 10.0 
0.29531 56.36204 76.0 1272.0 3.0 60.0 0.0 -1.6929 3.474 0.0 0.72111 1001.0 2.5 16.0 60.0 0.5071 0.0 0.0 -0.026 0.64031 1000.0 2.5 16.0 60.0 2.7071 0.0 0.0 -3.226 0.5831 1000.0 2.5 14.0 63.0 4.7071 0.0 0.0 -6.126 0.56569 998.0 2.5 13.0 65.0 6.6071 0.0 0.0 -8.626 0.5 996.0 2.5 15.0 
0.11205 203.06164 87.0 1495.0 3.0 62.0 0.0 -1.2929 4.274 0.0 0.78102 1001.0 2.5 18.0 64.0 1.6071 0.0 0.874 0.0 0.78102 1000.0 2.5 16.0 66.0 4.4071 0.0 0.0 -2.526 0.64031 999.0 2.5 14.0 67.0 6.9071 0.0 0.0 -5.526 0.64031 997.0 2.5 12.0 72.0 9.2071 0.0 0.0 -8.226 0.5 995.0 2.5 13.0 
0.04423 80.01448 102.0 2880.0 3.0 55.0 0.0 -1.9929 2.174 0.0 0.63246 998.0 2.0598 10.0 57.0 0.0 -0.4929 0.0 -0.526 0.5 997.0 2.074 13.0 62.0 1.5071 0.0 0.0 -2.426 0.42426 994.0 2.0664 11.0 69.0 3.4071 0.0 0.0 -3.626 0.44721 988.0 1.9451 9.0 83.0 5.2071 0.0 0.0 -4.426 0.31623 980.0 2.1322 9.0 
0.07094 233.34002 97.0 780.0 3.0 74.0 0.0071 0.0 3.874 0.0 0.5831 993.0 2.5 12.0 81.0 1.8071 0.0 1.074 0.0 0.44721 988.0 2.5 10.0 82.0 3.4071 0.0 0.0 -1.126 0.42426 986.0 2.5 10.0 80.0 5.0071 0.0 0.0 -2.826 0.36056 985.0 2.3346 9.0 80.0 6.5071 0.0 0.0 -4.026 0.31623 983.0 2.1789 9.0 
0.29898 61.84866 87.0 2409.0 3.0 42.0 0.0 -1.9929 0.0 -0.426 0.31623 1001.0 1.5014 21.0 51.0 0.0 -0.2929 0.474 0.0 0.31623 999.0 1.8976 17.0 55.0 1.6071 0.0 1.574 0.0 0.44721 999.0 2.2069 17.0 54.0 3.6071 0.0 2.574 0.0 0.31623 999.0 2.1274 16.0 51.0 5.4071 0.0 3.274 0.0 0.31623 999.0 1.8976 17.0 
0.05609 126.3464 99.0 1229.0 3.0 52.0 0.0 -2.4929 0.574 0.0 0.42426 998.0 1.8412 14.0 57.0 0.0 -0.4929 0.0 -1.026 0.44721 996.0 1.952 12.0 63.0 1.6071 0.0 0.0 -2.226 0.31623 994.0 2.1336 14.0 71.0 3.5071 0.0 0.0 -3.126 0.41231 988.0 2.0595 11.0 87.0 5.4071 0.0 0.0 -3.626 0.31623 979.0 2.2738 11.0 
0.05918 137.76019 99.0 405.0 3.0 58.0 0.0 -2.6929 0.0 -0.426 0.41231 998.0 2.2906 13.0 60.0 0.0 -0.1929 0.0 -1.226 0.41231 996.0 2.1629 11.0 68.0 2.0071 0.0 0.0 -1.926 0.41231 993.0 2.3614 12.0 75.0 4.2071 0.0 0.0 -2.426 0.31623 989.0 2.3938 10.0 75.0 6.0071 0.0 0.0 -2.826 0.31623 987.0 2.2097 10.0 
0.0663 188.59636 227.0 1459.0 3.0 47.0 0.0 -2.2929 0.0 -0.626 0.36056 1000.0 1.7355 15.0 49.0 0.0 -0.4929 0.0 -1.626 0.31623 999.0 1.7517 14.0 53.0 1.3071 0.0 0.0 -2.026 0.3 997.0 1.7931 16.0 59.0 3.0071 0.0 0.0 -1.926 0.3 995.0 1.9752 13.0 64.0 4.8071 0.0 0.0 -1.626 0.31623 993.0 2.0918 12.0 
0.03668 64.32701 82.0 497.0 3.0 66.0 0.0 -2.8929 3.674 0.0 0.86023 1000.0 2.5 12.0 64.0 0.0 -0.3929 0.0 -0.426 0.80623 999.0 2.5 11.0 63.0 1.9071 0.0 0.0 -3.926 0.67082 998.0 2.5 10.0 63.0 3.9071 0.0 0.0 -6.826 0.5831 996.0 2.3846 8.0 66.0 5.7071 0.0 0.0 -9.126 0.42426 993.0 2.2245 10.0 
0.57797 100.68908 90.0 512.0 3.0 75.0 0.0 -2.1929 4.774 0.0 0.86023 998.0 2.5 10.0 73.0 0.6071 0.0 0.674 0.0 0.78102 996.0 2.5 9.0 75.0 3.2071 0.0 0.0 -2.826 0.64031 994.0 2.5 10.0 85.0 5.7071 0.0 0.0 -5.826 0.64031 988.0 2.5 8.0 99.0 8.2071 0.0 0.0 -8.326 0.56569 979.0 2.5 8.0 
0.09208 153.51129 87.0 964.0 3.0 73.0 0.0 -4.0929 0.274 0.0 0.76158 999.0 2.5 14.0 70.0 0.0 -0.3929 0.0 -1.326 0.63246 996.0 2.5 12.0 74.0 3.0071 0.0 0.0 -2.026 0.5099 995.0 2.5 14.0 80.0 6.4071 0.0 0.0 -2.426 0.5099 992.0 2.5 12.0 78.0 9.3071 0.0 0.0 -2.626 0.4 989.0 2.5 11.0 
0.30519 71.5297 108.0 2515.0 3.0 61.0 0.0 -2.0929 0.0 -1.026 0.42426 995.0 2.1114 15.0 68.0 0.0 -0.2929 0.574 0.0 0.36056 991.0 2.1467 14.0 74.0 1.3071 0.0 2.174 0.0 0.36056 988.0 2.2372 14.0 86.0 2.6071 0.0 3.774 0.0 0.28284 979.0 2.2218 11.0 96.0 3.8071 0.0 5.174 0.0 0.28284 971.0 2.2412 9.0 
0.05586 231.71968 167.0 53.0 3.0 45.0 1.7071 0.0 1.474 0.0 0.14142 997.0 1.2927 15.0 47.0 2.0071 0.0 0.574 0.0 0.14142 996.0 1.3272 14.0 48.0 2.4071 0.0 0.0 -0.126 0.1 995.0 1.3074 13.0 47.0 2.8071 0.0 0.0 -0.526 0.0 994.0 1.1875 13.0 49.0 3.2071 0.0 0.0 -0.326 0.0 994.0 1.2907 13.0 
0.10225 164.60991 92.0 1838.0 3.0 53.0 0.0 -2.0929 0.0 -2.526 0.44721 999.0 2.0493 14.0 58.0 0.4071 0.0 0.0 -1.426 0.31623 997.0 2.1474 12.0 62.0 2.6071 0.0 0.0 -0.626 0.41231 995.0 2.1812 14.0 71.0 4.9071 0.0 0.0 -0.126 0.41231 992.0 2.4518 12.0 76.0 7.3071 0.0 0.074 0.0 0.31623 989.0 2.4581 11.0 
0.0642 196.34411 101.0 188.0 3.0 40.0 0.0 -0.6929 2.474 0.0 0.28284 1001.0 1.3618 17.0 42.0 0.8071 0.0 1.574 0.0 0.22361 1000.0 1.3859 15.0 46.0 2.2071 0.0 0.974 0.0 0.22361 999.0 1.5437 18.0 53.0 3.7071 0.0 0.274 0.0 0.36056 997.0 1.7931 15.0 58.0 5.3071 0.0 0.0 -0.726 0.28284 995.0 1.9088 14.0 
0.04031 196.65699 108.0 3020.0 3.0 51.0 0.9071 0.0 2.874 0.0 0.5099 998.0 1.7711 10.0 50.0 1.7071 0.0 0.474 0.0 0.44721 997.0 1.5959 9.0 51.0 2.6071 0.0 0.0 -1.426 0.31623 996.0 1.5627 12.0 57.0 3.6071 0.0 0.0 -2.826 0.22361 992.0 1.5802 10.0 69.0 4.7071 0.0 0.0 -3.826 0.22361 984.0 1.6768 7.0 
0.54092 54.46995 92.0 287.0 3.0 72.0 0.0 -1.9929 2.374 0.0 0.56569 993.0 2.5 17.0 76.0 0.4071 0.0 0.274 0.0 0.5 990.0 2.5 15.0 85.0 2.8071 0.0 0.0 -1.326 0.5 986.0 2.5 16.0 96.0 5.2071 0.0 0.0 -2.726 0.44721 978.0 2.5 13.0 102.0 7.5071 0.0 0.0 -3.926 0.44721 969.0 2.4151 10.0 
0.06261 211.70777 145.0 435.0 3.0 26.0 2.0071 0.0 0.274 0.0 0.1 1001.0 1.0 18.0 26.0 1.9071 0.0 0.0 -0.026 0.1 1000.0 1.0 16.0 29.0 2.0071 0.0 0.0 -0.026 0.1 999.0 1.0 15.0 36.0 2.2071 0.0 0.474 0.0 0.1 998.0 1.0 13.0 45.0 2.4071 0.0 1.274 0.0 0.14142 996.0 1.2166 15.0 
0.05659 227.86887 89.0 1302.0 3.0 65.0 0.0 -0.8929 4.474 0.0 0.78102 999.0 2.5 10.0 68.0 1.8071 0.0 0.974 0.0 0.78102 998.0 2.5 14.0 71.0 4.4071 0.0 0.0 -2.226 0.64031 996.0 2.5 12.0 76.0 6.7071 0.0 0.0 -5.326 0.5831 992.0 2.5 10.0 85.0 8.5071 0.0 0.0 -8.126 0.5 987.0 2.5 10.0 
0.09815 132.36053 119.0 1923.0 3.0 47.0 0.0 -0.2929 1.974 0.0 0.28284 999.0 1.6116 18.0 51.0 0.9071 0.0 0.774 0.0 0.22361 997.0 1.6604 15.0 54.0 2.0071 0.0 0.074 0.0 0.22361 995.0 1.6546 13.0 56.0 3.2071 0.0 0.0 -0.226 0.2 994.0 1.6858 13.0 56.0 4.2071 0.0 0.0 -0.326 0.1 993.0 1.6015 12.0 
0.12955 143.27028 90.0 1557.0 3.0 54.0 0.0 -2.0929 1.274 0.0 0.4 997.0 1.8615 16.0 64.0 0.2071 0.0 1.274 0.0 0.4 995.0 2.3242 14.0 72.0 2.8071 0.0 0.974 0.0 0.5099 993.0 2.5 13.0 71.0 5.7071 0.0 0.774 0.0 0.5099 994.0 2.5 13.0 66.0 8.3071 0.0 1.274 0.0 0.41231 995.0 2.4717 14.0 
0.38899 91.64638 91.0 1053.0 3.0 74.0 0.0 -1.9929 4.474 0.0 0.86023 998.0 2.5 11.0 70.0 0.8071 0.0 0.174 0.0 0.72111 997.0 2.5 14.0 68.0 3.3071 0.0 0.0 -3.026 0.56569 996.0 2.5 14.0 71.0 5.6071 0.0 0.0 -5.326 0.5 993.0 2.5 13.0 79.0 7.8071 0.0 0.0 -7.226 0.5 987.0 2.4517 12.0 
0.53556 52.57774 95.0 3031.0 3.0 64.0 0.0 -1.9929 0.0 -0.826 0.41231 992.0 1.9922 10.0 73.0 0.2071 0.0 0.0 -0.426 0.31623 987.0 2.0934 11.0 89.0 2.3071 0.0 0.0 -0.026 0.31623 979.0 2.3795 11.0 117.0 4.3071 0.0 0.574 0.0 0.31623 955.0 2.4106 8.0 141.0 6.4071 0.0 1.374 0.0 0.36056 933.0 2.5 6.0 
0.73903 42.87049 88.0 2946.0 3.0 56.0 0.0 -2.8929 0.0 -1.726 0.5831 1001.0 2.5 21.0 64.0 0.2071 0.0 0.0 -0.326 0.5099 999.0 2.5 17.0 67.0 3.3071 0.0 0.474 0.0 0.5099 997.0 2.5 15.0 66.0 6.2071 0.0 0.974 0.0 0.41231 997.0 2.5 15.0 64.0 8.8071 0.0 1.674 0.0 0.44721 997.0 2.5 15.0 
0.07562 237.69831 95.0 1893.0 3.0 58.0 0.3071 0.0 4.674 0.0 0.72801 1000.0 2.5 12.0 57.0 1.9071 0.0 0.974 0.0 0.67082 999.0 2.3703 11.0 57.0 3.7071 0.0 0.0 -2.126 0.5 998.0 2.2123 10.0 56.0 5.5071 0.0 0.0 -4.426 0.5 997.0 2.0019 11.0 57.0 7.1071 0.0 0.0 -6.126 0.36056 995.0 1.8436 11.0 
0.17284 114.50479 89.0 361.0 3.0 61.0 0.0 -3.4929 0.0 -1.126 0.60828 1000.0 2.5 15.0 68.0 0.1071 0.0 0.0 -1.026 0.6 999.0 2.5 17.0 70.0 3.4071 0.0 0.0 -1.226 0.5 997.0 2.5 15.0 68.0 6.2071 0.0 0.0 -1.626 0.5099 995.0 2.5 13.0 64.0 8.5071 0.0 0.0 -2.226 0.41231 995.0 2.3242 13.0 
0.13742 112.89668 105.0 1215.0 3.0 61.0 0.0 -2.3929 0.674 0.0 0.41231 995.0 2.1114 11.0 72.0 0.0 -0.2929 0.974 0.0 0.41231 990.0 2.3021 11.0 72.0 1.6071 0.0 1.374 0.0 0.3 988.0 2.1179 10.0 79.0 3.2071 0.0 1.574 0.0 0.31623 983.0 2.1248 9.0 84.0 4.8071 0.0 1.774 0.0 0.2 979.0 2.1196 8.0 
0.07785 272.45394 93.0 804.0 3.0 64.0 0.5071 0.0 5.174 0.0 0.76158 999.0 2.5 11.0 65.0 2.2071 0.0 1.074 0.0 0.67082 997.0 2.5 10.0 66.0 4.0071 0.0 0.0 -2.426 0.5831 996.0 2.5 12.0 69.0 5.7071 0.0 0.0 -5.026 0.5 992.0 2.3156 10.0 78.0 7.4071 0.0 0.0 -6.926 0.36056 984.0 2.1428 7.0 
0.13506 93.62417 98.0 1788.0 3.0 39.0 0.0 -0.5929 1.974 0.0 0.22361 1001.0 1.2946 22.0 40.0 0.5071 0.0 0.674 0.0 0.22361 1001.0 1.3618 21.0 45.0 1.8071 0.0 0.0 -0.226 0.22361 1000.0 1.591 18.0 47.0 3.2071 0.0 0.0 -0.926 0.22361 999.0 1.6116 17.0 48.0 4.6071 0.0 0.0 -1.426 0.31623 999.0 1.6809 17.0 
0.23857 198.07472 86.0 2730.0 3.0 60.0 0.0 -3.0929 2.074 0.0 0.4 997.0 2.2981 22.0 69.0 0.0 -0.1929 1.774 0.0 0.5099 996.0 2.5 23.0 80.0 3.0071 0.0 1.974 0.0 0.60828 992.0 2.5 19.0 88.0 6.5071 0.0 2.074 0.0 0.6 990.0 2.5 18.0 91.0 10.2071 0.0 2.174 0.0 0.60828 988.0 2.5 17.0 
0.18844 124.78821 95.0 586.0 3.0 69.0 0.0 -1.5929 2.774 0.0 0.5 993.0 2.4314 10.0 71.0 0.7071 0.0 0.874 0.0 0.5 990.0 2.2386 9.0 85.0 2.8071 0.0 0.0 -0.526 0.44721 983.0 2.4598 9.0 103.0 4.8071 0.0 0.0 -1.726 0.41231 967.0 2.3556 7.0 128.0 6.7071 0.0 0.0 -2.626 0.31623 941.0 2.3242 5.0 
0.239 30.02471 128.0 2148.0 3.0 49.0 0.0 -1.3929 1.674 0.0 0.36056 998.0 1.6349 10.0 51.0 0.2071 0.0 0.174 0.0 0.42426 998.0 1.7711 13.0 54.0 1.7071 0.0 0.0 -1.126 0.36056 995.0 1.6546 11.0 56.0 3.1071 0.0 0.0 -2.126 0.28284 993.0 1.6015 10.0 67.0 4.3071 0.0 0.0 -2.926 0.22361 988.0 1.834 11.0 
0.06332 51.90795 81.0 774.0 3.0 65.0 0.0 -2.9929 3.674 0.0 0.80623 1000.0 2.5 12.0 68.0 0.0 -0.1929 0.0 -0.426 0.80623 999.0 2.5 11.0 66.0 2.2071 0.0 0.0 -4.126 0.72111 997.0 2.5 10.0 64.0 4.3071 0.0 0.0 -7.226 0.5 996.0 2.4609 12.0 68.0 5.9071 0.0 0.0 -9.726 0.5 992.0 2.249 10.0 
0.11871 183.35999 101.0 1894.0 3.0 39.0 0.2071 0.0 0.0 -2.026 0.22361 998.0 1.0357 18.0 46.0 1.1071 0.0 0.0 -1.226 0.22361 996.0 1.2713 16.0 53.0 2.2071 0.0 0.0 -0.526 0.28284 995.0 1.5939 18.0 64.0 3.4071 0.0 0.174 0.0 0.31623 991.0 1.9016 15.0 73.0 4.9071 0.0 0.574 0.0 0.3 987.0 2.0934 13.0 
0.22614 175.01805 320.0 2478.0 3.0 75.0 0.0 -2.0929 1.874 0.0 0.41231 987.0 2.2097 11.0 80.0 0.0 -0.0929 1.574 0.0 0.3 981.0 2.0427 12.0 87.0 1.6071 0.0 1.574 0.0 0.2 975.0 2.0344 12.0 109.0 3.3071 0.0 1.574 0.0 0.3 960.0 2.2896 10.0 122.0 5.1071 0.0 1.374 0.0 0.31623 950.0 2.413 9.0 
0.1123 182.29858 88.0 2372.0 3.0 59.0 0.0 -2.3929 0.0 -3.226 0.5831 1000.0 2.5 14.0 67.0 0.6071 0.0 0.0 -1.526 0.53852 998.0 2.5 12.0 69.0 3.6071 0.0 0.0 -0.426 0.5099 996.0 2.5 11.0 68.0 6.5071 0.0 0.174 0.0 0.41231 996.0 2.5 10.0 63.0 9.0071 0.0 0.974 0.0 0.41231 996.0 2.3846 11.0 
0.07912 55.32506 86.0 1379.0 3.0 64.0 0.0 -3.1929 3.874 0.0 0.86023 1001.0 2.5 13.0 61.0 0.0 -0.4929 0.074 0.0 0.78102 1000.0 2.5 12.0 59.0 2.0071 0.0 0.0 -3.026 0.5831 999.0 2.5 11.0 57.0 3.9071 0.0 0.0 -5.626 0.5 998.0 2.2123 14.0 59.0 5.5071 0.0 0.0 -7.926 0.42426 996.0 2.0914 11.0 
0.84853 24.41152 100.0 596.0 3.0 66.0 0.0 -1.8929 1.574 0.0 0.42426 993.0 2.2245 14.0 74.0 0.2071 0.0 0.074 0.0 0.36056 987.0 2.1512 11.0 96.0 2.2071 0.0 0.0 -1.126 0.36056 975.0 2.4771 10.0 98.0 4.0071 0.0 0.0 -2.126 0.36056 972.0 2.3925 9.0 94.0 5.7071 0.0 0.0 -3.226 0.31623 975.0 2.375 10.0 
0.13761 102.82857 99.0 2746.0 3.0 45.0 0.0 -1.6929 1.974 0.0 0.36056 1001.0 1.7236 12.0 48.0 0.3071 0.0 0.874 0.0 0.31623 1000.0 1.8102 11.0 53.0 2.3071 0.0 0.374 0.0 0.31623 999.0 2.0493 13.0 56.0 4.2071 0.0 0.0 -0.026 0.22361 996.0 1.8841 11.0 57.0 5.7071 0.0 0.0 -0.426 0.31623 995.0 1.8436 10.0 
0.06955 210.50196 124.0 1335.0 3.0 49.0 0.3071 0.0 2.474 0.0 0.28284 995.0 1.3624 11.0 59.0 1.3071 0.0 1.374 0.0 0.28284 993.0 1.7777 12.0 66.0 2.4071 0.0 0.174 0.0 0.28284 989.0 1.8538 11.0 70.0 3.5071 0.0 0.0 -1.026 0.28284 987.0 1.9249 10.0 68.0 4.5071 0.0 0.0 -2.126 0.28284 987.0 1.8165 10.0 
0.10435 150.91047 87.0 1151.0 3.0 56.0 0.0 -0.4929 3.874 0.0 0.67082 1001.0 2.5 12.0 56.0 1.3071 0.0 0.374 0.0 0.5831 1000.0 2.4639 11.0 56.0 2.9071 0.0 0.0 -2.726 0.5831 999.0 2.2879 10.0 60.0 4.6071 0.0 0.0 -5.526 0.5831 997.0 2.2981 9.0 65.0 6.3071 0.0 0.0 -8.226 0.5 995.0 2.3974 9.0 
0.09621 199.84274 94.0 1033.0 3.0 52.0 0.0 -2.0929 2.574 0.0 0.41231 1000.0 2.1245 19.0 59.0 0.3071 0.0 1.774 0.0 0.41231 998.0 2.3703 16.0 61.0 2.7071 0.0 1.274 0.0 0.41231 997.0 2.3753 15.0 59.0 5.0071 0.0 1.174 0.0 0.31623 997.0 2.2221 15.0 55.0 7.0071 0.0 1.674 0.0 0.31623 998.0 2.0598 15.0 
0.09634 197.27253 99.0 907.0 3.0 53.0 0.0 -1.5929 1.874 0.0 0.3 996.0 1.6877 12.0 57.0 0.1071 0.0 1.774 0.0 0.3 995.0 1.8436 14.0 67.0 1.8071 0.0 2.074 0.0 0.31623 991.0 2.0841 11.0 73.0 3.6071 0.0 2.674 0.0 0.31623 988.0 2.1772 10.0 79.0 5.5071 0.0 3.274 0.0 0.31623 985.0 2.2766 10.0 
0.06707 187.78321 103.0 1290.0 3.0 63.0 0.0 -0.6929 2.774 0.0 0.5 995.0 2.2521 15.0 63.0 1.3071 0.0 1.074 0.0 0.36056 993.0 2.0269 14.0 69.0 3.0071 0.0 0.0 -0.126 0.36056 990.0 2.1142 15.0 79.0 4.5071 0.0 0.0 -1.026 0.31623 982.0 2.0563 12.0 90.0 5.9071 0.0 0.0 -1.626 0.22361 973.0 2.0683 10.0 
0.09587 202.68753 101.0 980.0 3.0 49.0 0.0 -2.0929 0.0 -1.626 0.4 1000.0 1.8864 15.0 52.0 0.0071 0.0 0.0 -1.826 0.3 999.0 1.9727 17.0 59.0 1.9071 0.0 0.0 -1.826 0.3 996.0 2.0914 14.0 61.0 3.6071 0.0 0.0 -1.726 0.31623 994.0 2.0003 13.0 61.0 5.3071 0.0 0.0 -1.226 0.36056 995.0 2.1114 13.0 
0.069 196.48588 98.0 638.0 3.0 51.0 0.2071 0.0 2.774 0.0 0.36056 999.0 1.8976 17.0 57.0 1.4071 0.0 1.074 0.0 0.36056 996.0 1.952 14.0 60.0 2.7071 0.0 0.0 -0.326 0.28284 994.0 1.9352 13.0 63.0 4.0071 0.0 0.0 -1.326 0.31623 992.0 1.9304 12.0 64.0 5.4071 0.0 0.0 -1.926 0.22361 991.0 1.9016 11.0 
0.26263 57.41677 105.0 2719.0 3.0 56.0 0.0 -1.7929 2.674 0.0 0.5 998.0 2.1353 18.0 58.0 0.2071 0.0 0.474 0.0 0.42426 997.0 2.1474 17.0 58.0 2.0071 0.0 0.0 -1.326 0.36056 996.0 2.0211 18.0 61.0 3.7071 0.0 0.0 -2.526 0.36056 994.0 2.0003 17.0 67.0 5.2071 0.0 0.0 -3.226 0.22361 990.0 1.9935 14.0 
0.08453 179.34545 95.0 2104.0 3.0 81.0 0.0 -1.1929 3.974 0.0 0.78102 991.0 2.5 9.0 83.0 1.2071 0.0 1.074 0.0 0.5 988.0 2.5 11.0 96.0 3.2071 0.0 0.0 -1.026 0.5 977.0 2.5 8.0 99.0 5.1071 0.0 0.0 -2.726 0.36056 973.0 2.5 7.0 89.0 6.9071 0.0 0.0 -4.126 0.28284 979.0 2.3795 8.0 
0.09294 183.86527 93.0 641.0 3.0 60.0 0.0071 0.0 4.874 0.0 0.82462 1001.0 2.5 18.0 57.0 1.4071 0.0 0.874 0.0 0.67082 1000.0 2.5 16.0 55.0 3.2071 0.0 0.0 -1.926 0.56569 1000.0 2.3767 19.0 56.0 5.2071 0.0 0.0 -3.626 0.42426 998.0 2.1353 16.0 57.0 7.1071 0.0 0.0 -4.626 0.36056 997.0 2.074 15.0 
0.11477 131.83447 97.0 1631.0 3.0 54.0 0.0 -1.6929 3.274 0.0 0.5 1000.0 2.291 16.0 57.0 0.5071 0.0 1.074 0.0 0.5 999.0 2.3703 18.0 59.0 2.6071 0.0 0.0 -0.626 0.44721 998.0 2.3703 16.0 57.0 4.6071 0.0 0.0 -1.526 0.3 997.0 2.074 15.0 55.0 6.4071 0.0 0.0 -1.726 0.2 997.0 1.931 15.0 
0.24924 52.6199 101.0 1778.0 3.0 51.0 0.0 -1.1929 0.974 0.0 0.22361 995.0 1.4759 11.0 56.0 0.0071 0.0 0.474 0.0 0.2 991.0 1.4559 9.0 67.0 1.3071 0.0 0.474 0.0 0.2 988.0 1.834 10.0 88.0 2.7071 0.0 0.874 0.0 0.22361 975.0 2.0815 8.0 105.0 4.2071 0.0 1.674 0.0 0.36056 965.0 2.346 7.0 
0.03524 257.74158 95.0 428.0 3.0 60.0 0.0 -0.1929 4.474 0.0 0.5831 999.0 2.5 14.0 63.0 1.7071 0.0 1.574 0.0 0.5 997.0 2.5 12.0 64.0 3.5071 0.0 0.0 -0.926 0.5 996.0 2.4609 11.0 67.0 5.2071 0.0 0.0 -3.126 0.42426 994.0 2.4131 10.0 68.0 6.9071 0.0 0.0 -4.926 0.42426 992.0 2.249 9.0 
0.01084 190.30808 78.0 2206.0 3.0 68.0 0.0 -4.1929 3.274 0.0 0.86023 999.0 2.5 12.0 69.0 0.0 -1.2929 0.0 -1.126 0.86023 999.0 2.5 16.0 69.0 1.5071 0.0 0.0 -5.126 0.64031 998.0 2.5 14.0 67.0 4.0071 0.0 0.0 -8.126 0.64031 996.0 2.5 12.0 67.0 6.3071 0.0 0.0 -10.426 0.5 994.0 2.4131 14.0 
0.07675 47.29257 79.0 2497.0 3.0 65.0 0.0 -2.5929 3.774 0.0 0.86023 999.0 2.5 11.0 69.0 0.0071 0.0 0.0 -0.426 0.80623 998.0 2.5 10.0 75.0 2.5071 0.0 0.0 -4.826 0.80623 996.0 2.5 9.0 83.0 4.9071 0.0 0.0 -9.426 0.80623 994.0 2.5 11.0 90.0 7.2071 0.0 0.0 -13.626 0.67082 988.0 2.5 8.0 
0.12202 174.53445 92.0 2803.0 3.0 61.0 0.0 -0.4929 4.874 0.0 0.76158 999.0 2.5 12.0 61.0 1.3071 0.0 0.874 0.0 0.67082 998.0 2.5 11.0 59.0 3.2071 0.0 0.0 -2.226 0.5831 997.0 2.2221 10.0 60.0 4.9071 0.0 0.0 -4.826 0.5 996.0 2.1629 12.0 66.0 6.4071 0.0 0.0 -7.026 0.5 992.0 2.1186 10.0 
0.04071 192.11039 109.0 2878.0 3.0 52.0 0.0 -2.5929 0.0 -0.526 0.44721 999.0 1.9727 14.0 54.0 0.0 -0.5929 0.0 -1.626 0.22361 997.0 1.8615 12.0 58.0 1.0071 0.0 0.0 -2.226 0.3 995.0 1.9088 13.0 67.0 2.6071 0.0 0.0 -2.326 0.2 990.0 1.9935 11.0 69.0 4.0071 0.0 0.0 -2.326 0.22361 988.0 1.9451 10.0 
0.07235 179.01056 132.0 1717.0 3.0 26.0 1.5071 0.0 0.774 0.0 0.0 1001.0 1.0 22.0 29.0 1.5071 0.0 0.574 0.0 0.1 1000.0 1.0 20.0 33.0 1.7071 0.0 0.474 0.0 0.0 999.0 1.0 18.0 38.0 2.0071 0.0 0.374 0.0 0.1 998.0 1.0 16.0 41.0 2.4071 0.0 0.274 0.0 0.14142 997.0 1.0731 15.0 
0.01956 174.17829 81.0 1667.0 3.0 45.0 0.0 -2.7929 1.274 0.0 0.5 1000.0 1.591 13.0 50.0 0.0 -1.0929 0.0 -1.126 0.5 999.0 1.8239 11.0 54.0 0.7071 0.0 0.0 -3.626 0.5 998.0 1.9855 15.0 57.0 2.3071 0.0 0.0 -6.126 0.5 996.0 1.952 13.0 61.0 3.9071 0.0 0.0 -8.526 0.42426 994.0 2.0003 11.0 
0.30654 21.89443 107.0 3123.0 3.0 42.0 0.0 -1.5929 0.774 0.0 0.22361 1001.0 1.5014 21.0 46.0 0.0 -0.0929 0.174 0.0 0.31623 999.0 1.5437 18.0 48.0 1.4071 0.0 0.0 -0.326 0.22361 998.0 1.5688 17.0 48.0 2.7071 0.0 0.0 -0.826 0.22361 998.0 1.5688 16.0 48.0 3.9071 0.0 0.0 -1.326 0.2 998.0 1.5688 15.0 
0.05192 191.53424 102.0 1751.0 3.0 37.0 0.0 -0.8929 2.674 0.0 0.31623 1001.0 1.1652 18.0 43.0 0.7071 0.0 1.574 0.0 0.31623 1000.0 1.4527 17.0 46.0 2.4071 0.0 0.474 0.0 0.28284 999.0 1.5437 15.0 49.0 3.9071 0.0 0.0 -0.726 0.36056 999.0 1.7517 18.0 54.0 5.3071 0.0 0.0 -2.026 0.36056 997.0 1.8615 15.0 
0.23514 47.45382 89.0 437.0 3.0 54.0 0.0 -1.3929 3.474 0.0 0.53852 999.0 2.1274 11.0 57.0 0.2071 0.0 0.374 0.0 0.5831 999.0 2.3703 10.0 59.0 2.1071 0.0 0.0 -2.626 0.5831 998.0 2.3703 14.0 64.0 3.9071 0.0 0.0 -5.326 0.56569 996.0 2.4609 11.0 69.0 5.9071 0.0 0.0 -7.426 0.5 992.0 2.3156 9.0 
0.0771 72.3143 102.0 1593.0 3.0 45.0 0.0 -2.5929 1.274 0.0 0.5 1002.0 1.8803 14.0 46.0 0.0 -0.4929 0.0 -0.426 0.42426 1001.0 1.801 12.0 48.0 1.5071 0.0 0.0 -1.826 0.5 1000.0 1.8102 11.0 50.0 3.5071 0.0 0.0 -3.026 0.36056 999.0 1.8239 14.0 53.0 5.3071 0.0 0.0 -3.926 0.22361 997.0 1.7931 12.0 
0.66453 43.70729 86.0 2850.0 3.0 71.0 0.0 -4.8929 0.0 -0.526 0.70711 999.0 2.5 14.0 81.0 0.0 -0.3929 0.0 -0.026 0.8 997.0 2.5 16.0 82.0 3.9071 0.0 0.0 -0.126 0.70711 995.0 2.5 13.0 76.0 7.3071 0.0 0.0 -0.426 0.5 993.0 2.5 12.0 71.0 9.8071 0.0 0.0 -0.226 0.4 992.0 2.4518 12.0 
0.25272 14.4498 84.0 1433.0 3.0 54.0 0.0 -1.6929 3.174 0.0 0.5831 1001.0 2.4819 18.0 52.0 0.1071 0.0 0.074 0.0 0.53852 1000.0 2.1245 17.0 54.0 1.6071 0.0 0.0 -2.926 0.5831 999.0 2.1274 16.0 58.0 3.3071 0.0 0.0 -6.026 0.5831 998.0 2.2906 14.0 62.0 5.2071 0.0 0.0 -8.726 0.5831 997.0 2.4538 16.0 
0.15972 103.30197 55.0 1108.0 3.0 56.0 0.0 -2.9929 0.274 0.0 0.53852 1002.0 2.5 18.0 54.0 0.0 -0.0929 0.0 -0.926 0.41231 1001.0 2.4819 22.0 59.0 2.7071 0.0 0.0 -1.826 0.5099 1000.0 2.5 19.0 60.0 5.5071 0.0 0.0 -2.326 0.5 999.0 2.5 17.0 58.0 8.1071 0.0 0.0 -2.426 0.41231 999.0 2.4542 16.0 
0.01574 134.63098 81.0 1325.0 3.0 66.0 0.0 -2.8929 4.474 0.0 0.94868 1001.0 2.5 13.0 62.0 0.0 -1.0929 0.0 -0.526 0.72111 1000.0 2.5 12.0 59.0 0.9071 0.0 0.0 -4.026 0.64031 999.0 2.5 10.0 59.0 3.1071 0.0 0.0 -6.526 0.5 997.0 2.2221 9.0 63.0 5.2071 0.0 0.0 -8.326 0.42426 994.0 2.1336 8.0 
0.00782 198.81232 94.0 2907.0 3.0 50.0 0.0 -3.6929 1.474 0.0 0.5 1000.0 1.9642 12.0 59.0 0.0 -1.3929 0.0 -1.126 0.64031 998.0 2.3703 10.0 64.0 1.2071 0.0 0.0 -3.526 0.64031 998.0 2.5 13.0 69.0 4.0071 0.0 0.0 -5.426 0.5831 995.0 2.5 11.0 76.0 6.7071 0.0 0.0 -7.226 0.5 990.0 2.5 9.0 
0.10424 150.73401 105.0 2128.0 3.0 46.0 0.0 -1.9929 0.0 -0.426 0.36056 999.0 1.5437 19.0 50.0 0.0 -0.2929 0.0 -1.326 0.31623 997.0 1.5959 17.0 56.0 1.4071 0.0 0.0 -1.726 0.3 996.0 1.8841 19.0 63.0 3.1071 0.0 0.0 -1.926 0.3 992.0 1.9304 16.0 68.0 4.7071 0.0 0.0 -1.926 0.31623 989.0 1.9678 14.0 
0.21406 42.32382 82.0 1176.0 3.0 71.0 0.0 -2.0929 4.374 0.0 0.9434 1000.0 2.5 12.0 64.0 0.3071 0.0 0.0 -0.226 0.76158 1000.0 2.5 12.0 61.0 2.3071 0.0 0.0 -4.026 0.72111 999.0 2.5 13.0 62.0 4.5071 0.0 0.0 -7.026 0.56569 998.0 2.5 13.0 65.0 6.6071 0.0 0.0 -9.326 0.5 995.0 2.3974 11.0 
0.23351 64.81358 79.0 1052.0 3.0 53.0 0.0 -2.4929 2.074 0.0 0.5 1002.0 2.5 18.0 52.0 0.1071 0.0 0.574 0.0 0.53852 1001.0 2.3015 22.0 53.0 2.6071 0.0 0.0 -0.326 0.41231 1000.0 2.207 19.0 54.0 4.9071 0.0 0.0 -0.626 0.4 999.0 2.1274 17.0 53.0 7.1071 0.0 0.0 -0.326 0.3 999.0 2.0493 17.0 
0.1942 99.7004 94.0 651.0 3.0 55.0 0.0 -2.3929 1.974 0.0 0.44721 999.0 2.2069 18.0 64.0 0.2071 0.0 0.874 0.0 0.44721 997.0 2.5 15.0 66.0 2.8071 0.0 0.0 -0.326 0.42426 996.0 2.5 14.0 63.0 5.0071 0.0 0.0 -1.726 0.36056 996.0 2.3846 14.0 59.0 6.9071 0.0 0.0 -3.126 0.44721 997.0 2.2221 15.0 
0.08371 118.12228 111.0 1401.0 3.0 43.0 0.0 -0.2929 1.774 0.0 0.28284 998.0 1.259 11.0 43.0 0.6071 0.0 0.874 0.0 0.22361 997.0 1.1803 12.0 49.0 1.6071 0.0 0.474 0.0 0.1 994.0 1.2907 11.0 61.0 2.6071 0.0 0.474 0.0 0.22361 991.0 1.7275 11.0 72.0 3.9071 0.0 0.674 0.0 0.3 985.0 1.891 10.0 
0.06412 156.56692 112.0 580.0 3.0 52.0 0.2071 0.0 3.774 0.0 0.5099 1000.0 2.1245 11.0 49.0 1.1071 0.0 0.874 0.0 0.36056 1000.0 1.8864 15.0 49.0 2.3071 0.0 0.0 -1.126 0.28284 998.0 1.6349 13.0 52.0 3.6071 0.0 0.0 -2.426 0.28284 996.0 1.6246 11.0 59.0 4.8071 0.0 0.0 -3.526 0.28284 993.0 1.7777 13.0 
0.21076 132.36053 92.0 1499.0 3.0 67.0 0.0 -0.3929 5.174 0.0 0.82462 998.0 2.5 10.0 66.0 0.9071 0.0 0.774 0.0 0.67082 998.0 2.5 13.0 66.0 2.7071 0.0 0.0 -2.326 0.5 995.0 2.4717 11.0 72.0 4.9071 0.0 0.0 -4.426 0.36056 991.0 2.4067 9.0 82.0 7.2071 0.0 0.0 -5.726 0.41231 986.0 2.5 10.0 
0.12917 124.78821 99.0 1100.0 3.0 67.0 0.0 -2.0929 4.074 0.0 0.78102 1000.0 2.5 16.0 62.0 0.7071 0.0 0.874 0.0 0.64031 999.0 2.5 14.0 59.0 3.0071 0.0 0.0 -1.426 0.5 998.0 2.3703 15.0 60.0 4.8071 0.0 0.0 -3.026 0.42426 996.0 2.1629 14.0 63.0 6.3071 0.0 0.0 -4.326 0.28284 993.0 2.0269 12.0 
0.08457 142.90345 119.0 1126.0 3.0 43.0 0.0 -1.7929 0.0 -0.726 0.22361 999.0 1.3489 15.0 46.0 0.0 -0.3929 0.0 -1.226 0.22361 998.0 1.4408 13.0 51.0 1.0071 0.0 0.0 -1.426 0.22361 996.0 1.5627 15.0 60.0 2.2071 0.0 0.0 -1.426 0.2 992.0 1.7509 12.0 59.0 3.3071 0.0 0.0 -1.326 0.2 991.0 1.6161 11.0 
0.89294 8.25172 99.0 1867.0 3.0 63.0 0.0 -2.0929 0.0 -0.926 0.41231 993.0 2.0269 10.0 74.0 0.0071 0.0 0.074 0.0 0.36056 986.0 2.0715 8.0 92.0 2.0071 0.0 1.374 0.0 0.36056 977.0 2.4014 8.0 107.0 3.9071 0.0 2.274 0.0 0.31623 964.0 2.3865 7.0 113.0 5.7071 0.0 2.574 0.0 0.3 956.0 2.2881 6.0 
0.10694 226.99612 109.0 2740.0 3.0 39.0 0.6071 0.0 0.0 -2.826 0.36056 1001.0 1.2946 21.0 47.0 1.7071 0.0 0.0 -1.126 0.36056 1000.0 1.7355 18.0 51.0 3.0071 0.0 0.574 0.0 0.36056 999.0 1.8976 17.0 50.0 4.4071 0.0 1.874 0.0 0.31623 999.0 1.8239 17.0 46.0 5.8071 0.0 2.474 0.0 0.22361 999.0 1.5437 17.0 
0.22589 163.42753 90.0 789.0 3.0 66.0 0.0 -1.8929 5.174 0.0 0.86023 999.0 2.5 11.0 71.0 1.0071 0.0 1.074 0.0 0.78102 998.0 2.5 10.0 70.0 3.7071 0.0 0.0 -2.626 0.72111 997.0 2.5 13.0 70.0 5.9071 0.0 0.0 -5.526 0.5831 994.0 2.5 10.0 75.0 7.6071 0.0 0.0 -7.926 0.5 988.0 2.2981 8.0 
0.06092 178.25807 109.0 2368.0 3.0 45.0 0.2071 0.0 2.874 0.0 0.44721 1000.0 1.591 16.0 46.0 1.4071 0.0 0.774 0.0 0.36056 999.0 1.5437 15.0 46.0 2.5071 0.0 0.0 -0.926 0.28284 998.0 1.4408 16.0 50.0 3.5071 0.0 0.0 -2.226 0.28284 996.0 1.502 15.0 55.0 4.5071 0.0 0.0 -3.226 0.22361 993.0 1.5448 15.0 
0.16972 92.73958 96.0 2732.0 3.0 60.0 0.0 -1.3929 2.274 0.0 0.42426 998.0 2.4513 16.0 62.0 0.6071 0.0 0.574 0.0 0.44721 996.0 2.3095 14.0 65.0 2.6071 0.0 0.0 -0.726 0.36056 994.0 2.2712 13.0 67.0 4.5071 0.0 0.0 -1.726 0.31623 992.0 2.1833 12.0 68.0 6.3071 0.0 0.0 -2.526 0.36056 992.0 2.249 12.0 
0.05315 288.78238 119.0 2011.0 3.0 43.0 2.0071 0.0 0.0 -1.826 0.0 993.0 1.0 10.0 58.0 2.1071 0.0 0.0 -1.526 0.14142 986.0 1.2726 9.0 64.0 2.5071 0.0 0.0 -1.026 0.22361 984.0 1.4426 9.0 73.0 2.9071 0.0 0.0 -0.126 0.14142 981.0 1.7009 9.0 89.0 3.4071 0.0 0.874 0.0 0.14142 969.0 1.8387 7.0 
0.18047 59.28963 96.0 943.0 3.0 57.0 0.0 -2.8929 1.574 0.0 0.64031 1000.0 2.5 16.0 59.0 0.0 -0.0929 0.0 -0.526 0.5831 999.0 2.5 14.0 59.0 2.5071 0.0 0.0 -2.126 0.31623 998.0 2.3703 17.0 60.0 4.6071 0.0 0.0 -2.826 0.31623 996.0 2.1629 14.0 60.0 6.5071 0.0 0.0 -2.926 0.31623 995.0 2.0427 13.0 
0.15204 73.93353 105.0 1087.0 3.0 50.0 0.0 -0.8929 2.674 0.0 0.5831 1000.0 1.9642 12.0 48.0 0.6071 0.0 0.274 0.0 0.44721 999.0 1.6809 11.0 47.0 1.9071 0.0 0.0 -1.626 0.36056 998.0 1.5041 10.0 48.0 3.2071 0.0 0.0 -3.026 0.28284 998.0 1.5688 13.0 55.0 4.6071 0.0 0.0 -4.126 0.22361 995.0 1.7165 11.0 
0.20161 187.78321 90.0 1144.0 3.0 74.0 0.0 -1.0929 5.874 0.0 0.98489 999.0 2.5 11.0 69.0 1.3071 0.0 1.074 0.0 0.80623 999.0 2.5 12.0 64.0 3.4071 0.0 0.0 -2.526 0.67082 998.0 2.5 13.0 65.0 5.3071 0.0 0.0 -5.326 0.5831 995.0 2.3974 11.0 72.0 7.1071 0.0 0.0 -7.826 0.53852 992.0 2.5 11.0 
0.10623 99.7004 113.0 527.0 3.0 42.0 0.0 -0.9929 1.574 0.0 0.22361 1000.0 1.3859 15.0 41.0 0.2071 0.0 0.874 0.0 0.2 999.0 1.2264 14.0 45.0 1.4071 0.0 0.674 0.0 0.2 997.0 1.2927 12.0 51.0 2.5071 0.0 0.774 0.0 0.22361 995.0 1.4759 14.0 57.0 3.5071 0.0 1.074 0.0 0.14142 992.0 1.5802 12.0 
0.04991 97.27973 114.0 2972.0 3.0 60.0 0.0 -2.3929 0.574 0.0 0.42426 996.0 2.1629 11.0 68.0 0.0 -0.2929 0.0 -0.826 0.36056 991.0 2.1467 9.0 80.0 1.7071 0.0 0.0 -1.826 0.31623 984.0 2.2541 10.0 95.0 3.6071 0.0 0.0 -2.526 0.22361 973.0 2.3045 7.0 99.0 5.1071 0.0 0.0 -3.026 0.3 968.0 2.2245 7.0 
0.17285 211.8474 106.0 1467.0 3.0 42.0 2.0071 0.0 0.0 -1.426 0.2 997.0 1.1261 17.0 50.0 1.9071 0.0 0.074 0.0 0.3 995.0 1.4186 15.0 61.0 2.1071 0.0 1.974 0.0 0.31623 993.0 1.9003 16.0 71.0 2.7071 0.0 4.074 0.0 0.36056 989.0 2.1453 14.0 77.0 3.8071 0.0 6.074 0.0 0.36056 987.0 2.3291 13.0 
0.14023 45.92858 84.0 1502.0 3.0 55.0 0.0071 0.0 3.674 0.0 0.70711 999.0 2.2069 11.0 52.0 0.4071 0.0 0.074 0.0 0.60828 998.0 1.8412 11.0 51.0 1.0071 0.0 0.0 -2.926 0.41231 998.0 1.7711 14.0 54.0 1.9071 0.0 0.0 -5.326 0.36056 996.0 1.752 12.0 62.0 3.3071 0.0 0.0 -7.226 0.42426 992.0 1.8696 10.0 
0.41749 30.02471 99.0 2474.0 3.0 57.0 0.0 -1.6929 2.374 0.0 0.56569 999.0 2.3703 14.0 55.0 0.2071 0.0 0.174 0.0 0.42426 999.0 2.2069 17.0 59.0 2.0071 0.0 0.0 -1.326 0.31623 996.0 2.0914 14.0 60.0 3.8071 0.0 0.0 -2.126 0.31623 995.0 2.0427 13.0 63.0 5.5071 0.0 0.0 -2.726 0.31623 993.0 2.0269 12.0 
0.12951 315.7006 64.0 2979.0 3.0 56.0 0.0 -1.8929 0.0 -4.626 0.64031 1002.0 2.5 23.0 64.0 1.3071 0.0 0.0 -2.526 0.63246 1001.0 2.5 20.0 60.0 4.5071 0.0 0.0 -1.026 0.53852 1001.0 2.5 20.0 58.0 7.4071 0.0 0.474 0.0 0.5831 1001.0 2.5 21.0 57.0 10.2071 0.0 2.274 0.0 0.56569 1001.0 2.5 21.0 
0.07433 156.56692 153.0 1098.0 3.0 63.0 0.0 -0.2929 2.974 0.0 0.5 997.0 2.5 15.0 63.0 1.1071 0.0 0.874 0.0 0.36056 994.0 2.1336 13.0 60.0 2.3071 0.0 0.0 -0.426 0.22361 993.0 1.8385 12.0 58.0 3.2071 0.0 0.0 -1.426 0.14142 992.0 1.6361 12.0 58.0 4.0071 0.0 0.0 -2.026 0.14142 992.0 1.6361 12.0 
0.13924 127.03689 357.0 2189.0 3.0 60.0 0.0 -1.8929 0.0 -1.226 0.5099 998.0 2.4513 13.0 58.0 0.5071 0.0 0.0 -1.026 0.41231 996.0 2.0211 12.0 66.0 2.4071 0.0 0.0 -0.126 0.44721 993.0 2.2245 12.0 75.0 4.3071 0.0 1.174 0.0 0.36056 988.0 2.2981 10.0 81.0 6.1071 0.0 2.374 0.0 0.36056 985.0 2.3933 9.0 
0.22209 25.09838 80.0 2299.0 3.0 71.0 0.0 -2.8929 4.274 0.0 1.0 1000.0 2.5 17.0 70.0 0.0071 0.0 0.0 -0.226 0.9434 999.0 2.5 18.0 72.0 2.8071 0.0 0.0 -4.526 0.80623 998.0 2.5 18.0 73.0 5.3071 0.0 0.0 -8.326 0.72111 996.0 2.5 16.0 76.0 7.8071 0.0 0.0 -11.426 0.56569 994.0 2.5 17.0 
0.43361 34.02587 84.0 2435.0 3.0 64.0 0.0 -3.7929 0.0 -0.526 0.72801 999.0 2.5 11.0 69.0 0.2071 0.0 0.0 -0.226 0.70711 999.0 2.5 14.0 75.0 4.2071 0.0 0.0 -1.126 0.72801 997.0 2.5 12.0 79.0 8.2071 0.0 0.0 -2.126 0.60828 993.0 2.5 10.0 88.0 11.8071 0.0 0.0 -2.526 0.60828 989.0 2.5 11.0 
0.08845 186.69812 102.0 363.0 3.0 54.0 0.0 -2.8929 0.774 0.0 0.41231 998.0 1.9855 13.0 61.0 0.0 -0.5929 1.574 0.0 0.44721 995.0 2.1114 11.0 70.0 1.6071 0.0 2.974 0.0 0.36056 992.0 2.3832 12.0 76.0 3.5071 0.0 4.274 0.0 0.36056 988.0 2.3598 10.0 79.0 5.2071 0.0 5.174 0.0 0.31623 983.0 2.1248 9.0 
0.84125 19.33007 97.0 1180.0 3.0 67.0 0.0 -2.5929 0.274 0.0 0.4 994.0 2.4131 10.0 75.0 0.0071 0.0 0.174 0.0 0.41231 990.0 2.4979 11.0 87.0 2.4071 0.0 0.0 -0.026 0.41231 982.0 2.4938 9.0 99.0 4.6071 0.0 0.0 -0.426 0.31623 972.0 2.4416 7.0 92.0 6.4071 0.0 0.0 -0.726 0.3 976.0 2.3365 8.0 
0.04032 247.08726 98.0 3118.0 3.0 67.0 0.0 -2.2929 0.0 -1.926 0.41231 990.0 1.9935 9.0 80.0 0.0071 0.0 0.0 -2.226 0.3 983.0 2.1789 10.0 103.0 2.1071 0.0 0.0 -2.326 0.4 969.0 2.4627 9.0 108.0 4.1071 0.0 0.0 -2.426 0.4 963.0 2.3827 8.0 113.0 6.0071 0.0 0.0 -2.626 0.3 950.0 2.0701 6.0 
0.04518 243.24116 97.0 1420.0 3.0 76.0 0.0 -0.2929 4.374 0.0 0.72111 994.0 2.5 12.0 77.0 1.7071 0.0 1.374 0.0 0.5 991.0 2.5 11.0 77.0 3.4071 0.0 0.0 -0.726 0.42426 987.0 2.3291 10.0 81.0 5.0071 0.0 0.0 -2.126 0.28284 984.0 2.3108 9.0 83.0 6.6071 0.0 0.0 -3.126 0.28284 981.0 2.1988 9.0 
0.30602 152.01353 97.0 2260.0 3.0 56.0 0.0 -0.5929 0.0 -2.526 0.36056 995.0 1.7795 21.0 69.0 0.9071 0.0 0.0 -1.026 0.42426 991.0 2.2103 19.0 79.0 2.5071 0.0 0.974 0.0 0.5 988.0 2.5 17.0 83.0 4.3071 0.0 2.974 0.0 0.5 985.0 2.5 16.0 84.0 6.2071 0.0 4.874 0.0 0.42426 985.0 2.5 16.0 
0.6663 38.12432 93.0 107.0 3.0 61.0 0.0 -3.1929 0.374 0.0 0.60828 997.0 2.3753 14.0 67.0 0.2071 0.0 0.274 0.0 0.5 996.0 2.5 16.0 67.0 3.1071 0.0 0.474 0.0 0.4 995.0 2.5 18.0 72.0 5.4071 0.0 0.374 0.0 0.4 990.0 2.3021 14.0 76.0 7.4071 0.0 0.0 -0.026 0.31623 986.0 2.185 13.0 
0.09361 153.45992 106.0 226.0 3.0 43.0 0.0 -0.0929 2.374 0.0 0.42426 1000.0 1.4527 12.0 44.0 1.2071 0.0 0.674 0.0 0.28284 1000.0 1.5211 15.0 46.0 2.4071 0.0 0.0 -0.726 0.22361 998.0 1.4408 13.0 50.0 3.4071 0.0 0.0 -2.026 0.36056 996.0 1.502 12.0 58.0 4.5071 0.0 0.0 -3.226 0.28284 994.0 1.8084 13.0 
0.0522 155.51597 103.0 1380.0 3.0 49.0 0.0071 0.0 3.074 0.0 0.41231 1000.0 1.8864 19.0 50.0 1.0071 0.0 0.974 0.0 0.28284 999.0 1.8239 17.0 51.0 2.2071 0.0 0.0 -0.426 0.36056 998.0 1.7711 16.0 53.0 3.6071 0.0 0.0 -1.426 0.36056 997.0 1.7931 15.0 54.0 5.1071 0.0 0.0 -2.226 0.31623 997.0 1.8615 15.0 
0.11756 102.71108 103.0 1578.0 3.0 40.0 0.0 -0.9929 1.574 0.0 0.22361 1001.0 1.3618 16.0 43.0 0.5071 0.0 0.774 0.0 0.36056 1000.0 1.4527 15.0 48.0 2.1071 0.0 0.0 -0.226 0.31623 999.0 1.6809 18.0 53.0 3.6071 0.0 0.0 -1.226 0.36056 997.0 1.7931 15.0 54.0 5.0071 0.0 0.0 -2.226 0.22361 996.0 1.752 14.0 
0.15244 47.45382 115.0 570.0 3.0 44.0 0.0 -0.8929 1.974 0.0 0.28284 1000.0 1.5211 15.0 45.0 0.2071 0.0 0.374 0.0 0.42426 999.0 1.4773 14.0 48.0 1.5071 0.0 0.0 -1.026 0.28284 998.0 1.5688 13.0 51.0 2.8071 0.0 0.0 -2.026 0.22361 997.0 1.6604 15.0 56.0 4.0071 0.0 0.0 -2.526 0.2 994.0 1.6858 13.0 
0.32238 14.4498 101.0 2622.0 3.0 48.0 0.0 -1.5929 1.274 0.0 0.36056 1000.0 1.8102 20.0 49.0 0.1071 0.0 0.074 0.0 0.28284 999.0 1.7517 18.0 47.0 1.6071 0.0 0.0 -0.526 0.3 999.0 1.6116 17.0 48.0 3.3071 0.0 0.0 -0.426 0.22361 999.0 1.6809 17.0 51.0 5.0071 0.0 0.374 0.0 0.36056 999.0 1.8976 17.0 
0.38439 77.39705 92.0 932.0 3.0 61.0 0.0 -2.3929 0.0 -0.926 0.4 997.0 2.3753 12.0 68.0 0.3071 0.0 0.0 -0.626 0.41231 995.0 2.5 14.0 72.0 2.8071 0.0 0.174 0.0 0.36056 992.0 2.5 12.0 76.0 5.0071 0.0 1.074 0.0 0.41231 990.0 2.5 11.0 75.0 7.3071 0.0 1.874 0.0 0.44721 990.0 2.4979 11.0 
0.28959 113.60601 81.0 111.0 3.0 73.0 0.0 -1.3929 5.874 0.0 1.11803 1000.0 2.5 12.0 69.0 0.9071 0.0 0.474 0.0 0.8544 1000.0 2.5 11.0 65.0 2.7071 0.0 0.0 -4.026 0.67082 999.0 2.5 12.0 64.0 4.6071 0.0 0.0 -7.526 0.5831 997.0 2.5 13.0 67.0 6.5071 0.0 0.0 -10.326 0.5 994.0 2.4131 11.0 
0.05481 243.24116 348.0 2922.0 3.0 81.0 0.0 -0.4929 4.974 0.0 0.72111 996.0 2.5 14.0 78.0 1.7071 0.0 1.374 0.0 0.64031 993.0 2.5 12.0 74.0 3.6071 0.0 0.0 -1.326 0.42426 991.0 2.5 12.0 74.0 5.4071 0.0 0.0 -3.226 0.36056 990.0 2.4318 11.0 70.0 7.2071 0.0 0.0 -4.726 0.42426 992.0 2.3832 12.0 
0.83584 52.6199 96.0 631.0 3.0 76.0 0.0 -2.3929 1.374 0.0 0.41231 986.0 2.185 11.0 98.0 0.0071 0.0 0.474 0.0 0.41231 976.0 2.5 10.0 112.0 2.5071 0.0 0.0 -0.226 0.5099 965.0 2.5 9.0 110.0 4.8071 0.0 0.0 -0.726 0.31623 963.0 2.4717 8.0 109.0 6.7071 0.0 0.0 -1.026 0.2 960.0 2.2896 8.0 
0.11696 121.95089 92.0 83.0 3.0 48.0 0.0 -2.6929 0.174 0.0 0.44721 1001.0 1.961 18.0 50.0 0.0 -0.3929 0.0 -1.026 0.41231 1001.0 2.1279 21.0 55.0 2.0071 0.0 0.0 -1.526 0.41231 999.0 2.2069 18.0 59.0 4.5071 0.0 0.0 -1.426 0.5 999.0 2.5 17.0 62.0 7.2071 0.0 0.0 -1.226 0.5 998.0 2.5 16.0 
0.49206 14.00819 92.0 1779.0 3.0 51.0 0.0 -2.3929 1.374 0.0 0.44721 1001.0 2.2138 16.0 56.0 0.0071 0.0 0.0 -0.126 0.44721 1000.0 2.4639 19.0 61.0 2.6071 0.0 0.0 -1.026 0.41231 998.0 2.5 16.0 62.0 5.1071 0.0 0.0 -1.526 0.41231 997.0 2.4538 15.0 59.0 7.3071 0.0 0.0 -2.126 0.41231 997.0 2.2221 15.0 
0.07241 100.72945 152.0 1000.0 3.0 25.0 0.9071 0.0 0.474 0.0 0.1 1001.0 1.0 16.0 27.0 0.9071 0.0 0.0 -0.026 0.1 1000.0 1.0 17.0 29.0 0.8071 0.0 0.0 -0.426 0.1 999.0 1.0 16.0 31.0 0.9071 0.0 0.0 -0.826 0.1 998.0 1.0 14.0 36.0 1.1071 0.0 0.0 -1.126 0.1 997.0 1.0 15.0 
0.09329 134.51288 95.0 821.0 3.0 46.0 0.0 -0.6929 2.774 0.0 0.42426 1002.0 1.9647 24.0 48.0 1.0071 0.0 0.674 0.0 0.42426 1001.0 1.961 22.0 48.0 2.8071 0.0 0.0 -1.026 0.36056 1001.0 1.961 21.0 47.0 4.7071 0.0 0.0 -2.226 0.31623 1001.0 1.8802 21.0 44.0 6.6071 0.0 0.0 -3.026 0.31623 1001.0 1.6478 21.0 
0.15426 87.40194 84.0 2814.0 3.0 48.0 0.0 -1.1929 2.474 0.0 0.36056 1000.0 1.8102 19.0 54.0 0.4071 0.0 0.674 0.0 0.36056 999.0 2.1274 17.0 56.0 2.3071 0.0 0.0 -0.826 0.36056 998.0 2.1353 16.0 55.0 4.0071 0.0 0.0 -1.926 0.36056 998.0 2.0598 15.0 51.0 5.6071 0.0 0.0 -2.826 0.22361 998.0 1.7711 16.0 
0.30775 35.39254 92.0 1300.0 3.0 67.0 0.0 -3.3929 2.374 0.0 0.70711 999.0 2.5 15.0 68.0 0.0 -0.2929 0.0 -0.126 0.67082 998.0 2.5 13.0 66.0 2.6071 0.0 0.0 -1.626 0.53852 996.0 2.5 13.0 70.0 5.2071 0.0 0.0 -2.326 0.4 993.0 2.5 12.0 74.0 7.4071 0.0 0.0 -2.326 0.41231 989.0 2.3304 11.0 
0.05262 140.98863 69.0 349.0 3.0 51.0 0.0 -0.5929 2.974 0.0 0.44721 1001.0 2.2138 15.0 53.0 1.0071 0.0 0.774 0.0 0.5 1000.0 2.207 14.0 50.0 2.7071 0.0 0.0 -0.826 0.22361 999.0 1.8239 13.0 49.0 4.2071 0.0 0.0 -1.726 0.36056 999.0 1.7517 13.0 48.0 5.7071 0.0 0.0 -2.526 0.36056 999.0 1.6809 13.0 
0.17748 82.21395 112.0 257.0 3.0 55.0 0.0 -1.1929 1.574 0.0 0.22361 994.0 1.6261 11.0 58.0 0.3071 0.0 0.674 0.0 0.22361 992.0 1.6361 10.0 64.0 1.6071 0.0 0.0 -0.126 0.22361 987.0 1.6091 8.0 80.0 2.8071 0.0 0.0 -0.726 0.22361 977.0 1.8158 8.0 104.0 3.9071 0.0 0.0 -1.326 0.22361 956.0 1.9381 6.0 
0.32003 45.6838 104.0 2082.0 3.0 57.0 0.0 -2.1929 2.874 0.0 0.64031 1000.0 2.5 12.0 56.0 0.3071 0.0 0.274 0.0 0.56569 999.0 2.2879 11.0 53.0 2.4071 0.0 0.0 -1.926 0.5 998.0 1.9127 10.0 51.0 4.0071 0.0 0.0 -3.726 0.42426 998.0 1.7711 13.0 53.0 5.4071 0.0 0.0 -5.026 0.28284 995.0 1.5939 11.0 
0.05856 175.36688 97.0 276.0 3.0 51.0 0.0 -0.0929 3.274 0.0 0.5831 1000.0 2.0435 12.0 53.0 1.5071 0.0 0.474 0.0 0.5 999.0 2.0493 11.0 56.0 3.3071 0.0 0.0 -1.926 0.5 997.0 2.0019 9.0 60.0 5.0071 0.0 0.0 -4.126 0.5 996.0 2.1629 11.0 67.0 6.6071 0.0 0.0 -6.126 0.36056 991.0 2.0841 9.0 
0.10752 179.1179 110.0 2224.0 3.0 55.0 0.0 -0.7929 3.274 0.0 0.42426 1000.0 2.3767 20.0 51.0 1.1071 0.0 1.174 0.0 0.42426 1000.0 2.0435 19.0 49.0 2.6071 0.0 0.0 -0.426 0.36056 999.0 1.7517 18.0 47.0 3.8071 0.0 0.0 -1.726 0.28284 999.0 1.6116 17.0 45.0 4.9071 0.0 0.0 -2.726 0.22361 999.0 1.4773 17.0 
0.23601 56.36204 104.0 30.0 3.0 53.0 0.0 -1.1929 3.074 0.0 0.5831 1000.0 2.207 12.0 55.0 0.5071 0.0 0.0 -0.026 0.5831 1000.0 2.3767 16.0 54.0 2.2071 0.0 0.0 -2.826 0.42426 999.0 2.1274 14.0 54.0 4.0071 0.0 0.0 -4.626 0.28284 997.0 1.8615 12.0 55.0 5.5071 0.0 0.0 -5.526 0.31623 995.0 1.7165 14.0 
0.06556 123.55085 84.0 2417.0 3.0 52.0 0.0 -0.7929 2.974 0.0 0.5831 1001.0 2.3015 13.0 48.0 1.0071 0.0 0.474 0.0 0.42426 1001.0 1.961 17.0 47.0 2.6071 0.0 0.0 -1.526 0.42426 1000.0 1.7355 16.0 48.0 4.0071 0.0 0.0 -3.226 0.36056 999.0 1.6809 14.0 50.0 5.3071 0.0 0.0 -4.626 0.28284 997.0 1.5959 12.0 
0.5321 38.12432 92.0 2522.0 3.0 69.0 0.0 -2.4929 1.774 0.0 0.5 996.0 2.5 12.0 70.0 0.2071 0.0 0.274 0.0 0.5099 994.0 2.5 13.0 74.0 2.7071 0.0 0.0 -0.226 0.4 990.0 2.4318 11.0 81.0 5.0071 0.0 0.0 -0.526 0.31623 987.0 2.5 10.0 85.0 7.3071 0.0 0.0 -0.926 0.41231 985.0 2.5 9.0 
0.23505 34.02587 119.0 1660.0 3.0 37.0 0.0 -0.8929 0.0 -0.626 0.22361 1001.0 1.1652 21.0 40.0 0.2071 0.0 0.0 -0.226 0.2 1000.0 1.2571 19.0 43.0 1.2071 0.0 0.0 -0.026 0.22361 998.0 1.259 17.0 45.0 2.2071 0.0 0.274 0.0 0.22361 998.0 1.3789 16.0 46.0 3.3071 0.0 0.574 0.0 0.1 997.0 1.3508 15.0 
0.16503 92.73958 100.0 1313.0 3.0 54.0 0.0 -0.4929 2.774 0.0 0.44721 994.0 1.5675 12.0 56.0 0.6071 0.0 0.574 0.0 0.36056 993.0 1.6015 11.0 61.0 1.8071 0.0 0.0 -1.526 0.42426 992.0 1.8098 14.0 68.0 3.4071 0.0 0.0 -3.426 0.42426 989.0 1.9678 12.0 82.0 5.2071 0.0 0.0 -4.926 0.36056 981.0 2.1462 12.0 
0.02354 190.30808 111.0 1634.0 3.0 57.0 0.0 -4.0929 1.274 0.0 0.64031 1000.0 2.5 12.0 57.0 0.0 -1.2929 0.0 -1.126 0.56569 999.0 2.3703 11.0 56.0 1.0071 0.0 0.0 -3.426 0.5 998.0 2.1353 14.0 54.0 2.8071 0.0 0.0 -5.326 0.28284 996.0 1.752 12.0 55.0 4.3071 0.0 0.0 -6.426 0.28284 993.0 1.5448 11.0 
0.30694 41.52148 86.0 1668.0 3.0 63.0 0.0 -2.7929 3.774 0.0 0.78102 999.0 2.5 11.0 64.0 0.0071 0.0 0.374 0.0 0.64031 998.0 2.5 10.0 63.0 2.5071 0.0 0.0 -2.826 0.64031 997.0 2.5 10.0 66.0 4.6071 0.0 0.0 -5.726 0.5831 996.0 2.5 12.0 71.0 6.4071 0.0 0.0 -8.526 0.5831 992.0 2.4518 10.0 
0.08513 219.05074 96.0 1081.0 3.0 62.0 0.0 -0.5929 3.674 0.0 0.5831 997.0 2.4538 15.0 66.0 1.5071 0.0 1.274 0.0 0.56569 995.0 2.4717 14.0 71.0 3.6071 0.0 0.0 -0.426 0.44721 992.0 2.4518 15.0 74.0 5.5071 0.0 0.0 -1.426 0.22361 987.0 2.1512 13.0 75.0 7.0071 0.0 0.0 -2.126 0.22361 985.0 2.0519 12.0 
0.19311 62.69156 99.0 946.0 3.0 55.0 0.0 -1.4929 3.174 0.0 0.5831 999.0 2.2069 11.0 55.0 0.3071 0.0 0.474 0.0 0.5 998.0 2.0598 10.0 57.0 2.0071 0.0 0.0 -1.926 0.5 996.0 1.952 9.0 61.0 3.7071 0.0 0.0 -4.026 0.42426 994.0 2.0003 11.0 72.0 5.4071 0.0 0.0 -5.826 0.44721 988.0 2.1179 8.0 
0.24217 146.70683 94.0 2317.0 3.0 63.0 0.0 -1.9929 2.174 0.0 0.44721 997.0 2.5 16.0 64.0 0.6071 0.0 1.174 0.0 0.41231 996.0 2.4609 19.0 71.0 2.9071 0.0 0.074 0.0 0.44721 992.0 2.4518 16.0 72.0 5.0071 0.0 0.0 -0.926 0.31623 990.0 2.3021 14.0 73.0 6.9071 0.0 0.0 -1.626 0.31623 989.0 2.2679 14.0 
0.14973 80.01448 100.0 426.0 3.0 53.0 0.0 -2.9929 0.774 0.0 0.53852 1001.0 2.3909 17.0 52.0 0.0 -0.4929 0.0 -0.526 0.44721 1000.0 2.1245 15.0 51.0 1.7071 0.0 0.0 -1.326 0.3 998.0 1.7711 14.0 54.0 3.6071 0.0 0.0 -1.226 0.31623 998.0 1.9855 16.0 62.0 5.5071 0.0 0.0 -0.326 0.44721 995.0 2.1812 14.0 
0.06615 218.30081 94.0 2806.0 3.0 58.0 0.0 -1.2929 4.274 0.0 0.64031 1000.0 2.5 13.0 59.0 1.4071 0.0 1.374 0.0 0.64031 1000.0 2.5 12.0 58.0 3.9071 0.0 0.0 -1.226 0.64031 998.0 2.2906 11.0 57.0 5.9071 0.0 0.0 -3.826 0.44721 998.0 2.2123 13.0 60.0 7.3071 0.0 0.0 -6.226 0.36056 995.0 2.0427 11.0 
0.10548 140.40892 106.0 13.0 3.0 61.0 0.0 -0.8929 1.874 0.0 0.31623 995.0 2.1114 13.0 61.0 0.8071 0.0 0.974 0.0 0.31623 994.0 2.0003 13.0 65.0 2.3071 0.0 0.374 0.0 0.3 991.0 1.9615 11.0 68.0 3.8071 0.0 0.174 0.0 0.22361 989.0 1.9678 10.0 71.0 5.1071 0.0 0.0 -0.026 0.3 987.0 1.9803 10.0 
0.06323 235.0142 116.0 1718.0 3.0 53.0 1.2071 0.0 3.474 0.0 0.5099 997.0 1.7931 15.0 53.0 2.0071 0.0 0.674 0.0 0.53852 995.0 1.5939 13.0 51.0 2.8071 0.0 0.0 -1.726 0.31623 994.0 1.3982 12.0 52.0 3.5071 0.0 0.0 -3.326 0.22361 992.0 1.3151 14.0 57.0 4.2071 0.0 0.0 -4.326 0.14142 987.0 1.2763 12.0 
0.09435 233.99754 83.0 906.0 3.0 96.0 0.0 -2.6929 6.874 0.0 1.14018 997.0 2.5 17.0 92.0 1.5071 0.0 1.474 0.0 1.06301 997.0 2.5 20.0 91.0 5.1071 0.0 0.0 -2.826 0.78102 993.0 2.5 16.0 87.0 8.5071 0.0 0.0 -5.726 0.64031 992.0 2.5 15.0 86.0 11.2071 0.0 0.0 -8.026 0.56569 988.0 2.5 14.0 
0.05234 269.62735 125.0 2062.0 3.0 45.0 2.4071 0.0 0.0 -0.526 0.0 995.0 1.149 13.0 47.0 2.4071 0.0 0.0 -0.326 0.1 993.0 1.1281 12.0 53.0 2.7071 0.0 0.0 -0.326 0.1 991.0 1.3041 11.0 60.0 3.2071 0.0 0.0 -0.526 0.1 988.0 1.4708 10.0 68.0 3.8071 0.0 0.0 -0.926 0.14142 985.0 1.6867 9.0 
0.1075 154.00971 100.0 1829.0 3.0 63.0 0.0 -2.8929 0.774 0.0 0.5099 996.0 2.3846 12.0 72.0 0.0 -0.1929 1.374 0.0 0.44721 993.0 2.5 12.0 74.0 2.1071 0.0 2.174 0.0 0.41231 990.0 2.4318 11.0 77.0 4.1071 0.0 2.874 0.0 0.4 987.0 2.3291 10.0 76.0 5.9071 0.0 3.274 0.0 0.31623 986.0 2.185 10.0 
0.03791 312.59985 105.0 2790.0 3.0 39.0 0.0 -0.8929 0.0 -2.926 0.3 1000.0 1.195 16.0 43.0 0.7071 0.0 0.0 -2.726 0.2 999.0 1.3489 15.0 48.0 2.2071 0.0 0.0 -2.526 0.3 998.0 1.5688 17.0 51.0 3.7071 0.0 0.0 -2.526 0.2 997.0 1.6604 15.0 53.0 5.1071 0.0 0.0 -2.626 0.22361 996.0 1.6877 14.0 
0.09944 86.89722 92.0 2290.0 3.0 53.0 0.0 -2.5929 0.974 0.0 0.42426 1000.0 2.207 20.0 58.0 0.0 -0.2929 0.0 -0.726 0.44721 998.0 2.2906 18.0 64.0 2.3071 0.0 0.0 -2.126 0.53852 997.0 2.5 20.0 70.0 4.9071 0.0 0.0 -3.426 0.5099 994.0 2.5 17.0 71.0 7.4071 0.0 0.0 -4.126 0.41231 992.0 2.4518 15.0 
0.10204 210.69561 94.0 1278.0 3.0 69.0 0.0 -0.6929 3.674 0.0 0.56569 996.0 2.5 14.0 71.0 1.4071 0.0 1.274 0.0 0.5 994.0 2.5 13.0 74.0 3.3071 0.0 0.0 -1.026 0.42426 992.0 2.5 12.0 75.0 5.2071 0.0 0.0 -3.026 0.42426 991.0 2.5 11.0 73.0 7.0071 0.0 0.0 -4.826 0.42426 991.0 2.474 11.0 
0.0296 214.9989 97.0 2829.0 3.0 55.0 0.0 -3.7929 0.874 0.0 0.56569 1000.0 2.3767 12.0 59.0 0.0 -1.1929 0.0 -1.526 0.5831 1000.0 2.5 15.0 61.0 1.7071 0.0 0.0 -3.026 0.41231 998.0 2.5 13.0 61.0 4.1071 0.0 0.0 -4.026 0.41231 995.0 2.1114 11.0 67.0 6.1071 0.0 0.0 -4.726 0.31623 992.0 2.1833 12.0 
0.11341 152.86221 103.0 2282.0 3.0 55.0 0.0 -2.4929 0.974 0.0 0.4 999.0 2.2069 15.0 55.0 0.0 -0.0929 1.374 0.0 0.41231 999.0 2.2069 17.0 55.0 1.9071 0.0 1.774 0.0 0.22361 997.0 1.931 15.0 55.0 3.4071 0.0 2.074 0.0 0.22361 996.0 1.8174 14.0 56.0 4.8071 0.0 2.174 0.0 0.2 995.0 1.7795 13.0 
0.08189 108.43208 98.0 1178.0 3.0 59.0 0.0 -1.5929 3.474 0.0 0.64031 1000.0 2.5 12.0 54.0 0.7071 0.0 0.674 0.0 0.56569 1000.0 2.291 12.0 52.0 2.7071 0.0 0.0 -1.626 0.5 1000.0 2.1245 15.0 53.0 4.5071 0.0 0.0 -3.426 0.36056 998.0 1.9127 13.0 56.0 6.2071 0.0 0.0 -4.926 0.42426 996.0 1.8841 11.0 
0.10892 172.47794 109.0 572.0 3.0 57.0 0.0 -2.2929 0.0 -1.126 0.41231 996.0 1.952 12.0 62.0 0.0 -0.2929 0.0 -1.526 0.31623 993.0 1.9631 11.0 73.0 1.6071 0.0 0.0 -1.626 0.2 987.0 2.0934 10.0 80.0 3.2071 0.0 0.0 -1.326 0.3 983.0 2.1789 9.0 78.0 4.7071 0.0 0.0 -0.926 0.3 983.0 2.0713 9.0 
0.20748 72.25976 50.0 1784.0 3.0 48.0 0.0 -0.9929 1.974 0.0 0.36056 1000.0 1.8102 18.0 49.0 0.3071 0.0 0.574 0.0 0.36056 999.0 1.7517 17.0 54.0 2.0071 0.0 0.0 -0.326 0.31623 998.0 1.9855 16.0 58.0 4.1071 0.0 0.0 -0.826 0.4 998.0 2.2906 16.0 59.0 6.7071 0.0 0.0 -1.026 0.41231 999.0 2.5 17.0 
0.05474 159.51385 79.0 2235.0 3.0 41.0 0.0 -2.2929 0.474 0.0 0.36056 1001.0 1.4308 18.0 43.0 0.0 -0.8929 0.0 -1.126 0.28284 1001.0 1.5738 16.0 48.0 0.7071 0.0 0.0 -2.126 0.22361 1000.0 1.8102 18.0 52.0 2.4071 0.0 0.0 -2.526 0.2 998.0 1.8412 16.0 52.0 4.1071 0.0 0.0 -2.426 0.2 998.0 1.8412 16.0 
0.14204 121.41017 75.0 1570.0 3.0 39.0 0.0 -1.6929 0.774 0.0 0.31623 1002.0 1.4123 25.0 44.0 0.2071 0.0 1.074 0.0 0.3 1002.0 1.7976 23.0 49.0 2.4071 0.0 0.774 0.0 0.4 1001.0 2.0436 20.0 52.0 4.7071 0.0 0.474 0.0 0.31623 1000.0 2.1245 19.0 53.0 7.0071 0.0 0.474 0.0 0.4 1000.0 2.207 19.0 
0.32459 45.92858 82.0 1234.0 3.0 68.0 0.0 -1.5929 5.074 0.0 0.98489 1000.0 2.5 17.0 66.0 0.4071 0.0 0.074 0.0 0.76158 1000.0 2.5 16.0 64.0 2.5071 0.0 0.0 -3.926 0.67082 999.0 2.5 15.0 62.0 4.5071 0.0 0.0 -7.126 0.64031 998.0 2.5 13.0 62.0 6.4071 0.0 0.0 -9.526 0.5 997.0 2.4538 15.0 
0.07844 164.81188 98.0 956.0 3.0 66.0 0.2071 0.0 3.474 0.0 0.63246 995.0 2.4717 11.0 66.0 1.4071 0.0 0.474 0.0 0.44721 993.0 2.2245 10.0 75.0 2.9071 0.0 0.0 -1.726 0.36056 986.0 2.1279 8.0 92.0 4.5071 0.0 0.0 -3.426 0.42426 976.0 2.3365 8.0 125.0 6.1071 0.0 0.0 -4.826 0.36056 944.0 2.3129 5.0 
0.35228 27.12273 101.0 2066.0 3.0 52.0 0.0 -2.2929 1.574 0.0 0.56569 1000.0 2.1245 15.0 55.0 0.0 -0.0929 0.0 -0.226 0.42426 999.0 2.2069 18.0 60.0 2.0071 0.0 0.0 -1.526 0.36056 996.0 2.1629 15.0 59.0 3.8071 0.0 0.0 -2.326 0.31623 995.0 1.9752 14.0 58.0 5.4071 0.0 0.0 -2.626 0.2 994.0 1.8084 13.0 
0.136 22.67945 117.0 562.0 3.0 39.0 0.0 -0.7929 1.174 0.0 0.22361 999.0 1.1096 10.0 41.0 0.1071 0.0 0.174 0.0 0.22361 998.0 1.1446 10.0 45.0 1.1071 0.0 0.0 -0.726 0.28284 996.0 1.2166 9.0 51.0 2.1071 0.0 0.0 -1.526 0.22361 994.0 1.3982 9.0 59.0 3.2071 0.0 0.0 -2.326 0.22361 991.0 1.6161 9.0 
0.05924 125.44014 100.0 1781.0 3.0 48.0 0.0 -0.0929 3.274 0.0 0.44721 1000.0 1.8102 12.0 48.0 0.9071 0.0 0.674 0.0 0.44721 999.0 1.6809 11.0 49.0 1.9071 0.0 0.0 -1.726 0.36056 998.0 1.6349 10.0 52.0 3.1071 0.0 0.0 -3.726 0.36056 997.0 1.7261 13.0 59.0 4.6071 0.0 0.0 -5.326 0.36056 994.0 1.8713 10.0 
0.66322 57.38457 91.0 876.0 3.0 57.0 0.0 -3.4929 0.474 0.0 0.53852 1001.0 2.5 29.0 59.0 0.0 -0.2929 0.0 -0.426 0.60828 1000.0 2.5 33.0 61.0 2.9071 0.0 0.0 -0.826 0.4 999.0 2.5 28.0 60.0 5.5071 0.0 0.0 -0.526 0.41231 998.0 2.4513 26.0 58.0 7.7071 0.0 0.374 0.0 0.36056 997.0 2.1474 25.0 
0.07352 75.10415 110.0 3.0 3.0 56.0 0.0 -2.4929 2.674 0.0 0.67082 998.0 2.1353 11.0 57.0 0.0 -0.5929 0.0 -0.326 0.56569 998.0 2.2123 14.0 59.0 1.3071 0.0 0.0 -2.726 0.5 996.0 2.0914 12.0 61.0 3.0071 0.0 0.0 -4.526 0.36056 992.0 1.8098 10.0 67.0 4.5071 0.0 0.0 -5.726 0.28284 988.0 1.834 11.0 
0.4173 99.7004 93.0 2919.0 3.0 74.0 0.0 -3.9929 3.074 0.0 0.89443 1000.0 2.5 22.0 69.0 0.2071 0.0 0.874 0.0 0.72111 999.0 2.5 20.0 62.0 3.3071 0.0 0.0 -1.126 0.5 998.0 2.5 20.0 60.0 5.5071 0.0 0.0 -2.526 0.36056 996.0 2.1629 19.0 59.0 7.3071 0.0 0.0 -3.326 0.36056 995.0 1.9752 17.0 
0.07839 285.26582 112.0 2643.0 3.0 46.0 0.0 -2.4929 0.0 -1.226 0.36056 998.0 1.4408 12.0 51.0 0.0 -1.0929 0.0 -2.326 0.36056 996.0 1.5627 12.0 57.0 0.3071 0.0 0.0 -2.726 0.22361 992.0 1.5802 10.0 76.0 1.7071 0.0 0.0 -2.526 0.22361 983.0 1.9665 9.0 83.0 3.1071 0.0 0.0 -1.626 0.28284 981.0 2.1988 9.0 
0.10115 137.92644 66.0 1747.0 3.0 44.0 0.0 -0.9929 1.974 0.0 0.28284 999.0 1.4124 14.0 49.0 0.4071 0.0 1.174 0.0 0.31623 999.0 1.7517 17.0 59.0 2.1071 0.0 0.674 0.0 0.41231 996.0 2.0914 14.0 64.0 4.3071 0.0 0.374 0.0 0.41231 995.0 2.3242 13.0 64.0 6.6071 0.0 0.274 0.0 0.4 996.0 2.4609 14.0 
0.55268 42.77555 88.0 1521.0 3.0 75.0 0.0 -3.2929 0.0 -1.826 0.70711 996.0 2.5 11.0 80.0 0.0 -0.0929 0.374 0.0 0.5831 992.0 2.5 9.0 90.0 3.4071 0.0 1.174 0.0 0.5099 988.0 2.5 10.0 85.0 6.4071 0.0 1.974 0.0 0.53852 988.0 2.5 10.0 78.0 8.8071 0.0 3.474 0.0 0.44721 987.0 2.39 8.0 
0.63377 21.60552 88.0 2898.0 3.0 69.0 0.0 -3.9929 0.974 0.0 0.63246 997.0 2.5 12.0 81.0 0.0 -0.1929 0.0 -0.026 0.60828 993.0 2.5 10.0 90.0 3.4071 0.0 0.0 -1.026 0.63246 988.0 2.5 10.0 98.0 6.5071 0.0 0.0 -1.826 0.41231 978.0 2.5 8.0 107.0 8.9071 0.0 0.0 -2.526 0.41231 967.0 2.5 7.0 
0.24985 30.02471 109.0 1079.0 3.0 66.0 0.0 -2.3929 3.574 0.0 0.78102 1001.0 2.5 12.0 57.0 0.2071 0.0 0.174 0.0 0.5831 1000.0 2.5 12.0 52.0 2.2071 0.0 0.0 -2.226 0.5 1000.0 2.1245 15.0 49.0 3.8071 0.0 0.0 -3.826 0.28284 998.0 1.6349 13.0 49.0 5.1071 0.0 0.0 -4.626 0.2 996.0 1.4425 11.0 
0.14604 147.66532 87.0 1014.0 3.0 68.0 0.0 -3.8929 0.0 -0.726 0.72801 1000.0 2.5 15.0 68.0 0.1071 0.0 0.0 -1.326 0.6 999.0 2.5 18.0 71.0 3.7071 0.0 0.0 -1.126 0.5099 997.0 2.5 16.0 69.0 6.8071 0.0 0.0 -0.726 0.5 995.0 2.5 14.0 66.0 9.3071 0.0 0.0 -0.226 0.41231 994.0 2.3416 13.0 
0.14218 141.4162 97.0 1572.0 3.0 53.0 0.0 -2.8929 1.674 0.0 0.6 1001.0 2.3909 18.0 52.0 0.0071 0.0 1.274 0.0 0.5099 1000.0 2.1245 17.0 52.0 2.5071 0.0 0.274 0.0 0.44721 1000.0 2.1245 20.0 52.0 4.6071 0.0 0.0 -0.926 0.36056 999.0 1.9727 18.0 52.0 6.4071 0.0 0.0 -2.126 0.36056 998.0 1.8412 17.0 
0.07224 95.70533 95.0 1065.0 3.0 54.0 0.0 -2.4929 1.674 0.0 0.5 997.0 1.8615 10.0 59.0 0.0 -0.5929 0.0 -0.626 0.5 996.0 2.0914 12.0 65.0 1.4071 0.0 0.0 -2.726 0.36056 993.0 2.1576 10.0 77.0 3.7071 0.0 0.0 -4.026 0.41231 988.0 2.4223 11.0 93.0 6.1071 0.0 0.0 -4.826 0.41231 977.0 2.4538 8.0 
0.65628 56.80407 87.0 2871.0 3.0 72.0 0.0 -3.8929 0.0 -1.026 0.67082 996.0 2.5 12.0 83.0 0.0 -0.1929 0.474 0.0 0.72801 993.0 2.5 11.0 92.0 3.7071 0.0 0.774 0.0 0.6 988.0 2.5 10.0 92.0 6.9071 0.0 0.674 0.0 0.5 983.0 2.5 9.0 95.0 9.3071 0.0 0.974 0.0 0.41231 976.0 2.4913 8.0 
0.14858 70.24699 94.0 2602.0 3.0 52.0 0.0 -2.1929 0.074 0.0 0.41231 998.0 1.8412 9.0 59.0 0.0 -0.0929 0.0 -0.626 0.41231 997.0 2.2221 11.0 71.0 2.1071 0.0 0.0 -1.126 0.31623 992.0 2.4518 8.0 73.0 4.3071 0.0 0.0 -1.426 0.3 990.0 2.3665 8.0 67.0 6.3071 0.0 0.0 -1.226 0.3 992.0 2.1833 9.0 
0.1952 78.91674 82.0 2555.0 3.0 55.0 0.2071 0.0 3.874 0.0 0.7 999.0 2.2069 12.0 53.0 0.7071 0.0 0.074 0.0 0.60828 998.0 1.9127 12.0 55.0 1.7071 0.0 0.0 -3.326 0.53852 998.0 2.0598 15.0 58.0 3.0071 0.0 0.0 -6.326 0.53852 996.0 2.0211 13.0 62.0 4.4071 0.0 0.0 -9.126 0.5831 994.0 2.0664 11.0 
0.13402 97.07306 95.0 1006.0 3.0 51.0 0.0 -1.8929 2.174 0.0 0.5 1000.0 2.0435 16.0 52.0 0.4071 0.0 0.774 0.0 0.44721 999.0 1.9727 15.0 54.0 2.6071 0.0 0.0 -0.426 0.36056 998.0 1.9855 13.0 60.0 4.6071 0.0 0.0 -1.626 0.44721 996.0 2.1629 15.0 65.0 6.6071 0.0 0.0 -2.826 0.36056 994.0 2.2712 13.0 
0.22041 82.21395 91.0 2415.0 3.0 56.0 0.0 -1.9929 3.074 0.0 0.5 999.0 2.2879 14.0 60.0 0.3071 0.0 0.674 0.0 0.5 999.0 2.5 18.0 65.0 2.8071 0.0 0.0 -1.226 0.5831 997.0 2.5 15.0 69.0 5.4071 0.0 0.0 -2.726 0.53852 995.0 2.5 14.0 67.0 7.8071 0.0 0.0 -3.426 0.41231 994.0 2.4131 13.0 
0.67745 47.30299 96.0 2200.0 3.0 49.0 0.0 -1.6929 0.0 -2.226 0.5 1001.0 2.0436 22.0 54.0 0.4071 0.0 0.0 -0.126 0.5 1000.0 2.291 20.0 54.0 2.5071 0.0 1.774 0.0 0.5 1000.0 2.291 19.0 52.0 4.5071 0.0 3.374 0.0 0.44721 1000.0 2.1245 19.0 52.0 6.4071 0.0 4.874 0.0 0.42426 1000.0 2.1245 19.0 
0.06615 196.48588 114.0 2832.0 3.0 47.0 0.7071 0.0 2.174 0.0 0.22361 997.0 1.4101 15.0 50.0 1.4071 0.0 1.074 0.0 0.22361 996.0 1.502 14.0 52.0 2.2071 0.0 0.0 -0.026 0.22361 996.0 1.6246 14.0 53.0 3.1071 0.0 0.0 -1.126 0.22361 996.0 1.6877 14.0 52.0 4.1071 0.0 0.0 -2.126 0.22361 996.0 1.6246 14.0 
0.3814 34.21005 91.0 2965.0 3.0 60.0 0.0 -2.3929 2.874 0.0 0.70711 1001.0 2.5 18.0 59.0 0.3071 0.0 0.0 -0.026 0.70711 1000.0 2.5 16.0 59.0 3.1071 0.0 0.0 -2.326 0.56569 999.0 2.5 15.0 58.0 5.6071 0.0 0.0 -4.126 0.5 998.0 2.2906 13.0 55.0 7.8071 0.0 0.0 -5.626 0.42426 998.0 2.0598 13.0 
0.23567 78.26613 94.0 3107.0 3.0 71.0 0.0 -2.3929 2.174 0.0 0.44721 994.0 2.5 13.0 83.0 0.2071 0.0 0.674 0.0 0.44721 988.0 2.5 10.0 84.0 2.6071 0.0 0.0 -0.726 0.44721 987.0 2.5 10.0 82.0 4.9071 0.0 0.0 -2.026 0.36056 986.0 2.5 10.0 78.0 6.9071 0.0 0.0 -3.126 0.31623 987.0 2.39 10.0 
0.25518 14.4498 86.0 3073.0 3.0 54.0 0.0 -1.7929 3.074 0.0 0.67082 1000.0 2.291 13.0 52.0 0.1071 0.0 0.074 0.0 0.5831 1000.0 2.1245 12.0 52.0 1.8071 0.0 0.0 -2.726 0.44721 999.0 1.9727 11.0 53.0 3.2071 0.0 0.0 -5.326 0.44721 998.0 1.9127 10.0 55.0 4.4071 0.0 0.0 -7.626 0.36056 996.0 1.8174 12.0 
0.17579 30.02471 84.0 2797.0 3.0 52.0 0.0 -0.8929 3.774 0.0 0.70711 999.0 1.9727 12.0 52.0 0.2071 0.0 0.174 0.0 0.63246 999.0 1.9727 12.0 54.0 1.5071 0.0 0.0 -3.026 0.5831 998.0 1.9855 11.0 55.0 3.1071 0.0 0.0 -5.826 0.44721 998.0 2.0598 14.0 57.0 4.6071 0.0 0.0 -8.226 0.44721 996.0 1.952 12.0 
0.15273 180.46314 89.0 2990.0 3.0 69.0 0.0 -2.4929 2.774 0.0 0.5831 993.0 2.4314 7.0 81.0 0.4071 0.0 1.574 0.0 0.53852 989.0 2.5 8.0 98.0 3.3071 0.0 0.874 0.0 0.5099 977.0 2.5 6.0 107.0 6.1071 0.0 0.574 0.0 0.4 969.0 2.5 5.0 112.0 8.7071 0.0 0.674 0.0 0.31623 963.0 2.5 5.0 
0.25543 153.45992 87.0 1700.0 3.0 66.0 0.0 -1.3929 4.574 0.0 0.78102 999.0 2.5 11.0 67.0 1.2071 0.0 0.674 0.0 0.72111 998.0 2.5 10.0 67.0 3.6071 0.0 0.0 -2.826 0.72111 996.0 2.5 9.0 69.0 5.6071 0.0 0.0 -6.126 0.5831 995.0 2.5 11.0 76.0 7.2071 0.0 0.0 -9.026 0.5831 989.0 2.4581 9.0 
0.09251 128.67033 97.0 2389.0 3.0 51.0 0.0 -0.3929 3.474 0.0 0.5831 1000.0 2.0435 12.0 50.0 1.0071 0.0 0.574 0.0 0.53852 999.0 1.8239 11.0 51.0 2.3071 0.0 0.0 -2.026 0.44721 998.0 1.7711 10.0 53.0 3.7071 0.0 0.0 -4.326 0.5 998.0 1.9127 13.0 57.0 5.3071 0.0 0.0 -6.226 0.28284 995.0 1.8436 11.0 
0.05009 72.3143 94.0 3103.0 3.0 64.0 0.0 -3.0929 2.974 0.0 0.72111 999.0 2.5 10.0 66.0 0.0 -0.4929 0.0 -0.426 0.64031 998.0 2.5 13.0 68.0 2.2071 0.0 0.0 -2.826 0.5 995.0 2.5 11.0 72.0 4.6071 0.0 0.0 -4.426 0.36056 990.0 2.3021 9.0 83.0 6.7071 0.0 0.0 -5.326 0.41231 983.0 2.3454 9.0 
0.08823 245.0051 114.0 1008.0 3.0 44.0 2.4071 0.0 0.0 -0.626 0.14142 996.0 1.1632 19.0 49.0 2.2071 0.0 0.0 -0.026 0.1 993.0 1.2262 17.0 60.0 2.3071 0.0 0.574 0.0 0.14142 988.0 1.4708 14.0 68.0 2.8071 0.0 1.174 0.0 0.14142 984.0 1.6286 12.0 75.0 3.5071 0.0 1.674 0.0 0.2 981.0 1.7954 11.0 
0.11579 156.04509 98.0 2269.0 3.0 67.0 0.0 -1.1929 2.574 0.0 0.5 994.0 2.4131 12.0 69.0 0.9071 0.0 1.074 0.0 0.36056 991.0 2.2103 11.0 80.0 2.8071 0.0 0.0 -0.226 0.36056 986.0 2.421 10.0 93.0 4.6071 0.0 0.0 -1.326 0.36056 976.0 2.3875 8.0 101.0 6.3071 0.0 0.0 -2.226 0.31623 967.0 2.265 7.0 
0.20294 169.73952 101.0 1363.0 3.0 60.0 0.0 -2.2929 2.474 0.0 0.53852 998.0 2.4513 14.0 58.0 0.4071 0.0 1.474 0.0 0.41231 998.0 2.2906 17.0 59.0 2.7071 0.0 0.574 0.0 0.36056 995.0 1.9752 15.0 66.0 4.5071 0.0 0.0 -0.626 0.36056 992.0 2.1186 16.0 70.0 6.0071 0.0 0.0 -2.026 0.28284 990.0 2.176 14.0 
0.07098 163.67688 88.0 403.0 3.0 58.0 0.0 -1.1929 3.074 0.0 0.56569 999.0 2.4542 14.0 60.0 1.1071 0.0 0.974 0.0 0.44721 998.0 2.4513 17.0 68.0 3.6071 0.0 0.0 -0.326 0.41231 995.0 2.5 13.0 75.0 6.3071 0.0 0.0 -0.926 0.5099 993.0 2.5 12.0 76.0 9.0071 0.0 0.0 -1.426 0.41231 991.0 2.5 11.0 
0.06664 242.05755 106.0 969.0 3.0 68.0 0.0 -0.6929 4.074 0.0 0.64031 997.0 2.5 16.0 68.0 1.6071 0.0 1.474 0.0 0.5 995.0 2.5 14.0 67.0 3.3071 0.0 0.0 -0.826 0.42426 994.0 2.4131 13.0 64.0 4.7071 0.0 0.0 -2.526 0.36056 993.0 2.0918 12.0 62.0 5.9071 0.0 0.0 -3.626 0.28284 992.0 1.8696 12.0 
0.42192 92.39084 66.0 2529.0 3.0 48.0 0.0 -2.1929 0.0 -1.726 0.5099 1002.0 2.1393 19.0 50.0 0.4071 0.0 0.0 -0.726 0.41231 1002.0 2.3213 23.0 55.0 3.0071 0.0 0.374 0.0 0.41231 1000.0 2.3767 19.0 58.0 5.6071 0.0 0.974 0.0 0.5 1000.0 2.5 18.0 55.0 8.1071 0.0 1.174 0.0 0.4 999.0 2.2069 17.0 
0.09364 255.47721 88.0 2757.0 3.0 77.0 0.3071 0.0 0.0 -3.726 0.5 989.0 2.5 9.0 89.0 2.1071 0.0 0.0 -0.926 0.5 983.0 2.5 9.0 110.0 4.1071 0.0 1.074 0.0 0.44721 966.0 2.5 7.0 116.0 6.5071 0.0 1.874 0.0 0.41231 961.0 2.5 6.0 109.0 8.9071 0.0 2.374 0.0 0.31623 965.0 2.5 7.0 
0.18268 208.59279 87.0 1510.0 3.0 73.0 0.0 -0.9929 5.974 0.0 0.98489 998.0 2.5 11.0 72.0 1.6071 0.0 0.974 0.0 0.80623 999.0 2.5 15.0 71.0 4.2071 0.0 0.0 -3.126 0.78102 997.0 2.5 13.0 70.0 6.8071 0.0 0.0 -6.326 0.64031 996.0 2.5 16.0 72.0 9.3071 0.0 0.0 -8.826 0.42426 993.0 2.5 13.0 
0.18495 88.93632 98.0 2977.0 3.0 49.0 0.0 -1.8929 1.274 0.0 0.31623 999.0 1.7517 15.0 51.0 0.2071 0.0 0.774 0.0 0.31623 998.0 1.7711 13.0 55.0 2.2071 0.0 0.174 0.0 0.31623 996.0 1.8174 12.0 64.0 4.1071 0.0 0.0 -0.526 0.31623 994.0 2.2019 13.0 70.0 6.0071 0.0 0.0 -1.126 0.36056 990.0 2.176 11.0 
0.11578 116.7183 72.0 1933.0 3.0 41.0 0.0 -0.3929 1.774 0.0 0.28284 1000.0 1.3207 15.0 44.0 0.8071 0.0 0.674 0.0 0.36056 999.0 1.4124 14.0 53.0 2.4071 0.0 0.0 -0.326 0.28284 998.0 1.9127 16.0 61.0 4.2071 0.0 0.0 -1.226 0.31623 996.0 2.2356 14.0 64.0 6.2071 0.0 0.0 -2.126 0.44721 995.0 2.3242 13.0 
0.09708 197.12445 109.0 2028.0 3.0 39.0 0.0 -1.4929 1.374 0.0 0.2 997.0 1.0 13.0 48.0 0.0 -0.5929 1.674 0.0 0.22361 996.0 1.3843 14.0 59.0 0.5071 0.0 2.074 0.0 0.22361 992.0 1.693 12.0 65.0 1.6071 0.0 2.674 0.0 0.22361 989.0 1.798 11.0 70.0 2.8071 0.0 3.474 0.0 0.22361 987.0 1.9249 10.0 
0.04594 131.53413 113.0 408.0 3.0 46.0 0.0 -2.0929 0.074 0.0 0.36056 998.0 1.4408 10.0 50.0 0.0 -0.5929 0.0 -1.026 0.28284 997.0 1.5959 12.0 56.0 0.8071 0.0 0.0 -2.026 0.31623 994.0 1.6858 10.0 58.0 2.2071 0.0 0.0 -2.426 0.3 993.0 1.7179 13.0 69.0 3.6071 0.0 0.0 -2.326 0.2 987.0 1.8703 10.0 
0.02981 156.6338 79.0 1198.0 3.0 65.0 0.0 -3.1929 4.174 0.0 0.8544 998.0 2.5 11.0 65.0 0.0 -1.3929 0.0 -0.226 0.76158 998.0 2.5 14.0 66.0 0.4071 0.0 0.0 -4.026 0.5831 996.0 2.5 12.0 69.0 2.3071 0.0 0.0 -6.826 0.56569 992.0 2.3156 10.0 77.0 4.4071 0.0 0.0 -9.026 0.36056 988.0 2.4223 11.0 
0.33551 58.39132 102.0 639.0 3.0 68.0 0.0 -1.8929 0.0 -0.126 0.31623 989.0 1.9678 11.0 84.0 0.0071 0.0 0.0 -0.526 0.31623 981.0 2.2521 11.0 103.0 1.8071 0.0 0.0 -0.826 0.31623 966.0 2.3055 9.0 116.0 3.6071 0.0 0.0 -1.126 0.22361 954.0 2.3294 7.0 106.0 5.2071 0.0 0.0 -1.426 0.2 962.0 2.2502 8.0 
0.16526 107.80531 94.0 2708.0 3.0 50.0 0.0 -2.6929 0.174 0.0 0.5 1000.0 1.9642 21.0 55.0 0.0 -0.2929 0.0 -0.926 0.41231 999.0 2.2069 23.0 60.0 2.2071 0.0 0.0 -1.326 0.4 997.0 2.2981 20.0 59.0 4.5071 0.0 0.0 -1.426 0.41231 997.0 2.2221 20.0 59.0 6.6071 0.0 0.0 -1.826 0.41231 996.0 2.0914 19.0 
0.80941 25.57494 89.0 2176.0 3.0 83.0 0.0 -4.0929 1.174 0.0 0.67082 994.0 2.5 11.0 87.0 0.0 -0.1929 0.0 -0.126 0.63246 991.0 2.5 12.0 94.0 3.1071 0.0 0.0 -0.326 0.5099 983.0 2.5 9.0 109.0 6.1071 0.0 0.074 0.0 0.5099 970.0 2.5 7.0 119.0 8.7071 0.0 0.174 0.0 0.4 957.0 2.5 6.0 
0.03886 135.01663 108.0 1324.0 3.0 53.0 0.0 -2.5929 2.274 0.0 0.67082 1001.0 2.3909 13.0 50.0 0.0 -0.8929 0.0 -0.826 0.44721 1000.0 1.9642 12.0 47.0 0.6071 0.0 0.0 -2.926 0.36056 999.0 1.6116 11.0 48.0 2.1071 0.0 0.0 -4.126 0.31623 998.0 1.5688 13.0 52.0 3.6071 0.0 0.0 -4.726 0.3 995.0 1.5343 11.0 
0.08617 70.43091 83.0 1121.0 3.0 92.0 0.0 -5.5929 5.774 0.0 1.28062 1001.0 2.5 13.0 89.0 0.0 -0.5929 0.0 -0.226 1.14018 1000.0 2.5 16.0 78.0 3.6071 0.0 0.0 -4.726 0.84853 999.0 2.5 14.0 70.0 6.7071 0.0 0.0 -7.826 0.70711 997.0 2.5 12.0 69.0 9.2071 0.0 0.0 -10.126 0.5 995.0 2.5 14.0 
0.07882 201.71074 99.0 2433.0 3.0 68.0 0.0 -1.8929 3.374 0.0 0.5831 995.0 2.5 15.0 72.0 0.7071 0.0 1.674 0.0 0.44721 993.0 2.5 16.0 80.0 3.0071 0.0 0.474 0.0 0.41231 987.0 2.5 13.0 84.0 5.0071 0.0 0.0 -0.226 0.3 981.0 2.2521 11.0 91.0 6.5071 0.0 0.0 -0.426 0.22361 973.0 2.1145 10.0 
0.12737 56.88427 108.0 2072.0 3.0 33.0 0.0071 0.0 1.474 0.0 0.31623 1000.0 1.0 18.0 36.0 0.5071 0.0 0.074 0.0 0.22361 1000.0 1.0182 17.0 42.0 1.5071 0.0 0.0 -1.326 0.22361 999.0 1.2869 15.0 46.0 2.7071 0.0 0.0 -2.826 0.36056 998.0 1.4408 14.0 50.0 3.9071 0.0 0.0 -4.426 0.42426 996.0 1.502 13.0 
0.31231 47.45382 119.0 1528.0 3.0 50.0 0.0 -2.1929 1.974 0.0 0.5 1001.0 2.1279 17.0 53.0 0.2071 0.0 0.374 0.0 0.5 1000.0 2.207 16.0 52.0 2.5071 0.0 0.0 -1.326 0.42426 999.0 1.9727 14.0 51.0 4.2071 0.0 0.0 -2.726 0.36056 998.0 1.7711 17.0 54.0 5.6071 0.0 0.0 -3.826 0.28284 996.0 1.752 14.0 
0.07642 140.40892 98.0 1162.0 3.0 80.0 0.0 -1.8929 4.174 0.0 0.78102 997.0 2.5 15.0 71.0 0.8071 0.0 0.974 0.0 0.56569 996.0 2.5 15.0 72.0 3.0071 0.0 0.0 -1.226 0.42426 992.0 2.5 12.0 72.0 4.8071 0.0 0.0 -2.626 0.31623 989.0 2.2062 11.0 73.0 6.4071 0.0 0.0 -3.326 0.22361 987.0 2.0934 10.0 
0.16137 174.53445 90.0 1782.0 3.0 70.0 0.0 -1.2929 5.474 0.0 1.02956 1001.0 2.5 13.0 65.0 1.3071 0.0 0.874 0.0 0.67082 1000.0 2.5 12.0 57.0 3.4071 0.0 0.0 -2.426 0.5 999.0 2.3703 10.0 55.0 4.9071 0.0 0.0 -5.026 0.44721 998.0 2.0598 13.0 59.0 6.1071 0.0 0.0 -7.326 0.36056 995.0 1.9752 11.0 
0.28808 158.13844 90.0 3044.0 3.0 82.0 0.0 -2.3929 3.074 0.0 0.5831 992.0 2.5 12.0 95.0 0.8071 0.0 1.174 0.0 0.64031 984.0 2.5 9.0 101.0 3.6071 0.0 0.0 -0.826 0.5 978.0 2.5 8.0 99.0 6.0071 0.0 0.0 -2.626 0.44721 976.0 2.5 8.0 96.0 8.1071 0.0 0.0 -3.926 0.31623 974.0 2.4136 8.0 
0.0607 238.77972 104.0 78.0 3.0 88.0 0.5071 0.0 3.174 0.0 0.5 981.0 2.4717 9.0 97.0 2.0071 0.0 0.774 0.0 0.5 975.0 2.5 10.0 107.0 3.4071 0.0 0.0 -1.126 0.28284 964.0 2.3865 8.0 103.0 4.7071 0.0 0.0 -2.426 0.28284 959.0 2.0066 6.0 97.0 5.9071 0.0 0.0 -3.326 0.22361 965.0 2.0021 7.0 
0.14536 62.18838 136.0 1682.0 3.0 49.0 0.0 -2.0929 0.374 0.0 0.36056 999.0 1.7517 14.0 52.0 0.0 -0.1929 0.0 -0.526 0.36056 998.0 1.8412 15.0 57.0 1.5071 0.0 0.0 -1.426 0.31623 996.0 1.952 14.0 60.0 2.9071 0.0 0.0 -1.926 0.31623 993.0 1.8385 12.0 57.0 4.1071 0.0 0.0 -2.126 0.2 993.0 1.6592 12.0 
0.25477 50.31208 85.0 2813.0 3.0 44.0 0.0 -1.9929 0.874 0.0 0.28284 1000.0 1.5211 15.0 50.0 0.0 -0.3929 0.0 -0.226 0.28284 998.0 1.7023 13.0 62.0 1.5071 0.0 0.0 -1.026 0.44721 996.0 2.3095 14.0 70.0 3.9071 0.0 0.0 -1.926 0.44721 994.0 2.5 13.0 77.0 6.6071 0.0 0.0 -3.126 0.5099 993.0 2.5 12.0 
0.04358 202.68753 91.0 3018.0 3.0 67.0 0.0 -2.4929 0.0 -1.526 0.4 991.0 2.0841 13.0 81.0 0.0071 0.0 0.0 -1.826 0.41231 985.0 2.3933 13.0 99.0 2.6071 0.0 0.0 -2.326 0.4 976.0 2.5 13.0 114.0 5.1071 0.0 0.0 -2.526 0.4 963.0 2.5 11.0 135.0 7.6071 0.0 0.0 -2.426 0.5 943.0 2.5 9.0 
0.06988 156.04509 100.0 2609.0 3.0 49.0 0.0 -0.8929 2.874 0.0 0.42426 1000.0 1.8864 12.0 46.0 0.9071 0.0 1.074 0.0 0.42426 1001.0 1.801 16.0 47.0 2.5071 0.0 0.0 -0.626 0.42426 1000.0 1.7355 15.0 50.0 4.0071 0.0 0.0 -2.326 0.36056 999.0 1.8239 14.0 55.0 5.5071 0.0 0.0 -3.926 0.42426 997.0 1.931 12.0 
0.16348 32.98146 107.0 42.0 3.0 46.0 0.0 -1.3929 1.374 0.0 0.36056 996.0 1.2713 13.0 54.0 0.0 -0.1929 0.0 -0.226 0.36056 995.0 1.6546 15.0 63.0 1.1071 0.0 0.0 -1.826 0.36056 990.0 1.7625 13.0 75.0 2.5071 0.0 0.0 -3.126 0.31623 984.0 1.9811 13.0 92.0 4.1071 0.0 0.0 -3.726 0.2 971.0 2.0583 11.0 
0.04182 192.1136 93.0 2261.0 3.0 49.0 0.0 -0.9929 3.174 0.0 0.5 1000.0 1.8864 16.0 53.0 0.9071 0.0 1.474 0.0 0.5 999.0 2.0493 18.0 60.0 3.2071 0.0 0.174 0.0 0.44721 998.0 2.4513 16.0 61.0 5.5071 0.0 0.0 -1.026 0.36056 997.0 2.3753 15.0 57.0 7.3071 0.0 0.0 -2.326 0.36056 997.0 2.074 15.0 
0.17582 123.99184 92.0 419.0 3.0 57.0 0.0 -1.9929 2.374 0.0 0.44721 999.0 2.3703 18.0 60.0 0.3071 0.0 1.074 0.0 0.44721 997.0 2.2981 16.0 65.0 2.6071 0.0 0.274 0.0 0.4 995.0 2.3974 14.0 70.0 5.1071 0.0 0.274 0.0 0.4 994.0 2.5 13.0 69.0 7.5071 0.0 0.774 0.0 0.41231 993.0 2.4314 12.0 
0.09018 124.78821 137.0 498.0 3.0 50.0 0.0 -0.5929 1.974 0.0 0.28284 998.0 1.7023 17.0 52.0 0.7071 0.0 0.874 0.0 0.22361 996.0 1.6246 15.0 53.0 1.8071 0.0 0.074 0.0 0.14142 995.0 1.5939 13.0 54.0 2.6071 0.0 0.0 -0.426 0.14142 993.0 1.4892 12.0 58.0 3.4071 0.0 0.0 -0.926 0.14142 991.0 1.5618 11.0 
0.18151 83.38209 100.0 1744.0 3.0 50.0 0.0 -1.9929 0.274 0.0 0.36056 998.0 1.7023 13.0 55.0 0.0 -0.1929 0.0 -0.726 0.31623 996.0 1.8174 11.0 68.0 1.6071 0.0 0.0 -1.126 0.3 991.0 2.1467 11.0 68.0 3.4071 0.0 0.0 -1.126 0.3 991.0 2.1467 11.0 73.0 5.3071 0.0 0.0 -1.126 0.3 988.0 2.1772 10.0 
0.11878 195.01871 94.0 1903.0 3.0 60.0 0.0 -0.6929 4.774 0.0 0.67082 999.0 2.5 17.0 60.0 1.3071 0.0 1.174 0.0 0.72111 999.0 2.5 16.0 61.0 3.3071 0.0 0.0 -2.126 0.5831 997.0 2.3753 14.0 62.0 5.2071 0.0 0.0 -4.926 0.5 996.0 2.3095 16.0 66.0 7.1071 0.0 0.0 -7.226 0.42426 993.0 2.2245 14.0 
0.04826 203.06164 99.0 643.0 3.0 48.0 0.6071 0.0 3.674 0.0 0.53852 1000.0 1.8102 13.0 48.0 1.6071 0.0 0.874 0.0 0.44721 999.0 1.6809 12.0 47.0 2.9071 0.0 0.0 -1.326 0.36056 999.0 1.6116 15.0 51.0 4.3071 0.0 0.0 -3.026 0.28284 997.0 1.6604 13.0 55.0 5.8071 0.0 0.0 -4.426 0.28284 995.0 1.7165 11.0 
0.09377 129.14536 88.0 1352.0 3.0 57.0 0.0 -3.2929 0.374 0.0 0.5831 1001.0 2.5 12.0 57.0 0.0 -0.2929 0.0 -1.126 0.5099 1000.0 2.5 11.0 61.0 2.8071 0.0 0.0 -1.626 0.60828 998.0 2.5 10.0 68.0 6.0071 0.0 0.0 -1.826 0.5099 997.0 2.5 11.0 70.0 8.9071 0.0 0.0 -2.226 0.4 994.0 2.5 10.0 
0.1023 140.40892 91.0 1729.0 3.0 62.0 0.0 -0.7929 2.274 0.0 0.42426 993.0 1.9631 11.0 68.0 0.8071 0.0 0.974 0.0 0.36056 991.0 2.1467 12.0 82.0 2.8071 0.0 0.174 0.0 0.41231 985.0 2.4528 9.0 95.0 5.2071 0.0 0.0 -0.026 0.4 978.0 2.5 8.0 93.0 7.8071 0.0 0.174 0.0 0.4 981.0 2.5 8.0 
0.26645 41.52148 97.0 1508.0 3.0 52.0 0.0 -2.2929 1.474 0.0 0.44721 999.0 1.9727 10.0 55.0 0.0071 0.0 0.374 0.0 0.41231 998.0 2.0598 13.0 60.0 2.3071 0.0 0.0 -0.426 0.36056 996.0 2.1629 11.0 65.0 4.4071 0.0 0.0 -1.326 0.31623 993.0 2.1576 9.0 67.0 6.2071 0.0 0.0 -2.226 0.36056 991.0 2.0841 9.0 
0.22607 8.25172 139.0 653.0 3.0 46.0 0.0 -0.9929 2.474 0.0 0.41231 1000.0 1.6625 17.0 45.0 0.0071 0.0 0.074 0.0 0.36056 999.0 1.4773 16.0 46.0 1.2071 0.0 0.0 -1.726 0.36056 998.0 1.4408 14.0 47.0 2.5071 0.0 0.0 -2.926 0.22361 996.0 1.3272 13.0 49.0 3.6071 0.0 0.0 -3.626 0.22361 994.0 1.2907 13.0 
0.11303 172.51937 66.0 2161.0 3.0 51.0 0.0 -3.1929 1.574 0.0 0.4 1001.0 2.2138 22.0 55.0 0.0 -0.4929 1.474 0.0 0.41231 1000.0 2.3767 19.0 57.0 2.0071 0.0 2.074 0.0 0.41231 1000.0 2.5 18.0 58.0 4.6071 0.0 3.074 0.0 0.53852 1000.0 2.5 18.0 59.0 7.4071 0.0 4.374 0.0 0.44721 1000.0 2.5 19.0 
0.09826 304.29322 106.0 2539.0 3.0 75.0 0.7071 0.0 0.0 -3.626 0.36056 988.0 2.2981 10.0 88.0 2.2071 0.0 0.0 -1.626 0.36056 978.0 2.2599 10.0 99.0 3.3071 0.0 0.074 0.0 0.36056 967.0 2.1762 9.0 124.0 4.3071 0.0 1.674 0.0 0.22361 942.0 2.2119 7.0 122.0 5.2071 0.0 2.874 0.0 0.22361 944.0 2.2032 7.0 
0.24449 43.18263 129.0 1940.0 3.0 52.0 0.0 -1.3929 2.074 0.0 0.42426 999.0 1.9727 14.0 49.0 0.1071 0.0 0.374 0.0 0.36056 998.0 1.6349 13.0 50.0 1.5071 0.0 0.0 -0.526 0.2 996.0 1.502 11.0 57.0 2.8071 0.0 0.0 -0.726 0.2 993.0 1.6592 13.0 66.0 3.9071 0.0 0.0 -0.626 0.22361 988.0 1.7796 10.0 
0.0773 140.29041 108.0 2102.0 3.0 51.0 0.0 -0.9929 0.0 -1.526 0.2 996.0 1.5627 15.0 61.0 0.3071 0.0 0.0 -1.226 0.31623 992.0 1.8098 12.0 65.0 1.6071 0.0 0.0 -0.526 0.28284 990.0 1.8762 11.0 68.0 2.7071 0.0 0.574 0.0 0.22361 988.0 1.8891 10.0 71.0 3.8071 0.0 1.574 0.0 0.22361 987.0 1.9803 10.0 
0.0728 134.51288 126.0 85.0 3.0 63.0 0.1071 0.0 2.574 0.0 0.41231 992.0 1.9304 13.0 63.0 1.0071 0.0 0.674 0.0 0.36056 990.0 1.7625 12.0 77.0 2.1071 0.0 0.0 -0.726 0.22361 983.0 2.0186 12.0 80.0 3.2071 0.0 0.0 -1.526 0.22361 980.0 1.9808 11.0 78.0 4.3071 0.0 0.0 -2.026 0.22361 981.0 1.9419 11.0 
0.14736 110.21391 89.0 1419.0 3.0 71.0 0.0 -3.6929 0.874 0.0 0.6 997.0 2.5 12.0 76.0 0.0 -0.1929 0.974 0.0 0.5099 994.0 2.5 13.0 76.0 2.7071 0.0 1.274 0.0 0.4 992.0 2.5 12.0 77.0 5.3071 0.0 1.474 0.0 0.41231 991.0 2.5 11.0 73.0 7.6071 0.0 1.974 0.0 0.41231 991.0 2.474 11.0 
0.04237 199.1832 100.0 119.0 3.0 58.0 0.0 -0.5929 4.174 0.0 0.72111 999.0 2.4542 18.0 54.0 1.5071 0.0 0.974 0.0 0.5 999.0 2.1274 16.0 51.0 3.3071 0.0 0.0 -1.326 0.44721 998.0 1.7711 15.0 50.0 4.8071 0.0 0.0 -3.026 0.42426 997.0 1.5959 18.0 50.0 6.2071 0.0 0.0 -4.326 0.22361 996.0 1.502 16.0 
0.22584 30.42421 102.0 451.0 3.0 39.0 0.0 -1.7929 1.374 0.0 0.31623 1002.0 1.4123 19.0 42.0 0.0071 0.0 0.274 0.0 0.36056 1001.0 1.5014 23.0 44.0 1.6071 0.0 0.0 -0.726 0.36056 1001.0 1.6478 20.0 46.0 3.2071 0.0 0.0 -1.626 0.31623 1000.0 1.6625 19.0 48.0 4.9071 0.0 0.0 -2.326 0.31623 999.0 1.6809 18.0 
0.05706 139.82063 98.0 2432.0 3.0 54.0 0.0 -0.5929 3.574 0.0 0.5831 999.0 2.1274 11.0 54.0 0.9071 0.0 0.874 0.0 0.5 997.0 1.8615 10.0 57.0 2.5071 0.0 0.0 -1.426 0.42426 997.0 2.074 12.0 63.0 4.1071 0.0 0.0 -3.426 0.42426 993.0 2.0269 10.0 73.0 5.8071 0.0 0.0 -5.126 0.36056 988.0 2.1772 10.0 
0.11015 35.39254 96.0 514.0 3.0 59.0 0.0 -2.6929 3.074 0.0 0.72111 1000.0 2.5 12.0 58.0 0.0 -0.2929 0.0 -0.126 0.56569 999.0 2.4542 11.0 58.0 2.0071 0.0 0.0 -2.626 0.56569 998.0 2.2906 12.0 60.0 4.2071 0.0 0.0 -4.626 0.42426 996.0 2.1629 12.0 67.0 6.2071 0.0 0.0 -6.326 0.5 993.0 2.2925 10.0 
0.14675 112.89668 91.0 2424.0 3.0 71.0 0.0 -4.0929 0.0 -0.326 0.63246 997.0 2.5 12.0 83.0 0.0 -0.2929 0.974 0.0 0.5831 993.0 2.5 13.0 78.0 2.9071 0.0 2.074 0.0 0.5099 992.0 2.5 12.0 76.0 5.6071 0.0 2.874 0.0 0.44721 991.0 2.5 11.0 78.0 7.9071 0.0 4.274 0.0 0.42426 989.0 2.5 11.0 
0.1887 42.04636 98.0 1457.0 3.0 43.0 0.0 -1.3929 0.774 0.0 0.28284 999.0 1.3489 14.0 49.0 0.0 -0.1929 0.0 -0.326 0.36056 997.0 1.5327 12.0 61.0 1.3071 0.0 0.0 -1.026 0.22361 993.0 1.9003 12.0 62.0 3.0071 0.0 0.0 -1.426 0.3 993.0 1.9631 13.0 73.0 5.0071 0.0 0.0 -1.526 0.4 990.0 2.3665 11.0 
0.24997 39.17945 82.0 79.0 3.0 66.0 0.0 -1.9929 4.474 0.0 0.89443 1000.0 2.5 12.0 62.0 0.3071 0.0 0.174 0.0 0.76158 1000.0 2.5 12.0 62.0 2.2071 0.0 0.0 -3.626 0.76158 999.0 2.5 11.0 63.0 4.0071 0.0 0.0 -7.226 0.5831 998.0 2.5 13.0 65.0 5.8071 0.0 0.0 -9.926 0.5831 995.0 2.3974 11.0 
0.10829 142.90345 104.0 1993.0 3.0 38.0 0.0 -1.8929 0.0 -0.926 0.3 1001.0 1.2291 18.0 40.0 0.0 -0.3929 0.0 -1.226 0.22361 1000.0 1.2571 16.0 45.0 1.1071 0.0 0.0 -1.626 0.22361 999.0 1.4773 18.0 50.0 2.7071 0.0 0.0 -2.126 0.3 998.0 1.7023 16.0 52.0 4.3071 0.0 0.0 -2.426 0.3 997.0 1.7261 15.0 
0.15393 155.51597 91.0 3098.0 3.0 60.0 0.0 -0.9929 5.074 0.0 0.8544 1001.0 2.5 15.0 60.0 1.0071 0.0 0.974 0.0 0.72111 1000.0 2.5 16.0 62.0 3.2071 0.0 0.0 -2.326 0.64031 999.0 2.5 14.0 64.0 5.5071 0.0 0.0 -5.226 0.56569 997.0 2.5 13.0 69.0 7.7071 0.0 0.0 -7.726 0.56569 995.0 2.5 14.0 
0.11103 137.07608 156.0 2162.0 3.0 48.0 0.0 -0.5929 0.0 -1.426 0.22361 997.0 1.4708 15.0 57.0 0.5071 0.0 0.0 -1.126 0.2 993.0 1.6592 12.0 62.0 1.6071 0.0 0.0 -0.626 0.22361 991.0 1.7846 11.0 64.0 2.6071 0.0 0.074 0.0 0.14142 989.0 1.7431 11.0 65.0 3.5071 0.0 0.674 0.0 0.22361 989.0 1.798 10.0 
0.37854 48.39733 95.0 684.0 3.0 60.0 0.0 -2.8929 0.174 0.0 0.5099 998.0 2.4513 14.0 62.0 0.0 -0.0929 0.0 -0.426 0.4 996.0 2.3095 12.0 67.0 2.4071 0.0 0.0 -0.626 0.3 993.0 2.2925 13.0 74.0 4.5071 0.0 0.0 -0.326 0.41231 989.0 2.3304 11.0 80.0 6.5071 0.0 0.274 0.0 0.31623 985.0 2.3346 9.0 
0.43647 42.04636 102.0 726.0 3.0 50.0 0.0 -2.6929 0.0 -0.626 0.41231 1001.0 2.1279 17.0 49.0 0.0 -0.1929 0.0 -0.326 0.4 1000.0 1.8864 16.0 51.0 2.0071 0.0 0.0 -0.226 0.41231 999.0 1.8976 18.0 54.0 3.9071 0.0 0.174 0.0 0.31623 998.0 1.9855 16.0 53.0 5.5071 0.0 0.674 0.0 0.3 997.0 1.7931 15.0 
0.52266 123.55085 90.0 859.0 3.0 88.0 0.0 -1.8929 5.374 0.0 1.02956 996.0 2.5 12.0 81.0 1.0071 0.0 0.474 0.0 0.80623 994.0 2.5 11.0 76.0 3.3071 0.0 0.0 -3.426 0.5831 992.0 2.5 10.0 82.0 5.5071 0.0 0.0 -6.326 0.5 988.0 2.5 11.0 97.0 7.9071 0.0 0.0 -8.226 0.44721 975.0 2.5 8.0 
0.16074 174.71578 94.0 2968.0 3.0 60.0 0.0 -2.4929 1.974 0.0 0.41231 995.0 2.0427 11.0 73.0 0.0071 0.0 1.574 0.0 0.4 992.0 2.5 12.0 84.0 2.5071 0.0 1.474 0.0 0.41231 986.0 2.5 10.0 84.0 4.9071 0.0 1.274 0.0 0.4 985.0 2.5 9.0 79.0 7.0071 0.0 1.174 0.0 0.31623 986.0 2.3609 10.0 
0.1027 112.86066 99.0 1963.0 3.0 60.0 0.0 -2.9929 0.174 0.0 0.44721 996.0 2.1629 12.0 66.0 0.0 -0.5929 0.0 -0.826 0.53852 994.0 2.3416 14.0 75.0 2.0071 0.0 0.0 -1.626 0.41231 989.0 2.3938 11.0 86.0 4.3071 0.0 0.0 -2.426 0.31623 982.0 2.4368 11.0 98.0 6.1071 0.0 0.0 -3.226 0.22361 971.0 2.3355 9.0 
0.48012 12.23339 91.0 2793.0 3.0 58.0 0.0 -3.2929 1.274 0.0 0.63246 1001.0 2.5 22.0 64.0 0.1071 0.0 0.0 -0.026 0.5831 1000.0 2.5 19.0 65.0 3.1071 0.0 0.0 -1.726 0.5831 999.0 2.5 17.0 59.0 5.7071 0.0 0.0 -3.326 0.5 999.0 2.5 17.0 53.0 7.7071 0.0 0.0 -4.726 0.36056 999.0 2.0493 18.0 
0.22294 30.42421 101.0 1733.0 3.0 46.0 0.0 -1.7929 1.974 0.0 0.42426 1001.0 1.801 17.0 46.0 0.0071 0.0 0.274 0.0 0.42426 1000.0 1.6625 16.0 47.0 1.5071 0.0 0.0 -1.326 0.36056 999.0 1.6116 14.0 49.0 3.1071 0.0 0.0 -2.526 0.28284 998.0 1.6349 13.0 56.0 4.7071 0.0 0.0 -3.726 0.36056 997.0 2.0019 15.0 
0.07767 195.86221 94.0 330.0 3.0 60.0 0.0 -1.2929 3.774 0.0 0.56569 1000.0 2.5 20.0 58.0 1.1071 0.0 1.374 0.0 0.56569 1000.0 2.5 19.0 55.0 3.3071 0.0 0.0 -0.526 0.42426 999.0 2.2069 18.0 54.0 5.2071 0.0 0.0 -2.026 0.36056 999.0 2.1274 17.0 52.0 7.1071 0.0 0.0 -3.326 0.42426 999.0 1.9727 18.0 
0.04478 214.55603 98.0 2190.0 3.0 64.0 0.4071 0.0 3.574 0.0 0.53852 997.0 2.5 15.0 63.0 1.6071 0.0 1.074 0.0 0.5 995.0 2.2521 14.0 64.0 3.2071 0.0 0.0 -0.926 0.36056 994.0 2.2019 13.0 64.0 4.8071 0.0 0.0 -2.526 0.42426 994.0 2.2019 13.0 63.0 6.3071 0.0 0.0 -4.126 0.42426 994.0 2.1336 13.0 
0.17292 69.94114 107.0 470.0 3.0 63.0 0.0 -0.8929 2.274 0.0 0.42426 994.0 2.1336 14.0 61.0 0.5071 0.0 0.374 0.0 0.36056 993.0 1.9003 13.0 71.0 1.8071 0.0 0.0 -1.026 0.31623 988.0 2.0595 13.0 66.0 3.2071 0.0 0.0 -1.926 0.22361 988.0 1.7796 11.0 82.0 4.5071 0.0 0.0 -2.726 0.28284 980.0 2.0811 11.0 
0.29534 42.32382 91.0 585.0 3.0 61.0 0.0 -1.9929 3.774 0.0 0.80623 1001.0 2.5 17.0 62.0 0.3071 0.0 0.0 -0.226 0.72111 1000.0 2.5 16.0 61.0 2.8071 0.0 0.0 -3.426 0.56569 1000.0 2.5 15.0 60.0 5.3071 0.0 0.0 -5.726 0.5 998.0 2.4513 13.0 63.0 7.7071 0.0 0.0 -7.426 0.5 997.0 2.5 16.0 
0.43009 12.23339 108.0 310.0 3.0 54.0 0.0 -1.7929 1.774 0.0 0.42426 998.0 1.9855 13.0 58.0 0.1071 0.0 0.0 -0.026 0.36056 997.0 2.1474 16.0 62.0 1.9071 0.0 0.0 -1.326 0.36056 995.0 2.1812 14.0 60.0 3.6071 0.0 0.0 -2.326 0.22361 994.0 1.9352 13.0 62.0 4.9071 0.0 0.0 -2.926 0.2 992.0 1.8696 12.0 
0.06555 132.05205 92.0 2491.0 3.0 50.0 0.0 -0.8929 3.774 0.0 0.5831 1001.0 2.1279 13.0 51.0 0.8071 0.0 0.874 0.0 0.5 1000.0 2.0435 12.0 53.0 2.6071 0.0 0.0 -1.826 0.5831 999.0 2.0493 11.0 57.0 4.5071 0.0 0.0 -4.426 0.64031 999.0 2.3703 14.0 60.0 6.4071 0.0 0.0 -7.026 0.5 997.0 2.2981 12.0 
0.0412 208.59279 106.0 385.0 3.0 46.0 0.4071 0.0 3.074 0.0 0.44721 1001.0 1.801 17.0 45.0 1.6071 0.0 0.974 0.0 0.36056 1000.0 1.591 16.0 44.0 2.7071 0.0 0.0 -0.626 0.28284 999.0 1.4124 14.0 47.0 3.9071 0.0 0.0 -1.626 0.22361 998.0 1.5041 16.0 52.0 5.2071 0.0 0.0 -2.126 0.2 996.0 1.6246 14.0 
0.04454 195.01871 104.0 1412.0 3.0 76.0 0.0 -0.1929 3.774 0.0 0.5831 991.0 2.5 8.0 73.0 1.3071 0.0 1.174 0.0 0.42426 991.0 2.474 8.0 72.0 2.8071 0.0 0.0 -0.726 0.36056 989.0 2.2062 8.0 71.0 4.1071 0.0 0.0 -2.026 0.36056 988.0 2.0595 8.0 66.0 5.4071 0.0 0.0 -3.026 0.22361 990.0 1.9344 8.0 
0.21241 103.89543 110.0 1096.0 3.0 80.0 0.0 -0.6929 1.974 0.0 0.28284 986.0 2.421 12.0 76.0 0.8071 0.0 0.474 0.0 0.36056 987.0 2.269 13.0 82.0 2.4071 0.0 0.0 -0.626 0.36056 982.0 2.2154 11.0 84.0 3.8071 0.0 0.0 -1.626 0.28284 979.0 2.1196 11.0 82.0 5.0071 0.0 0.0 -2.426 0.28284 979.0 2.0199 11.0 
0.11702 301.75277 77.0 917.0 3.0 47.0 0.0 -0.9929 0.0 -3.226 0.41231 1002.0 2.0511 23.0 53.0 1.4071 0.0 0.0 -2.326 0.44721 1001.0 2.3909 20.0 56.0 3.7071 0.0 0.0 -0.626 0.5 1000.0 2.4639 18.0 57.0 5.6071 0.0 1.674 0.0 0.5 1000.0 2.5 18.0 53.0 7.1071 0.0 4.074 0.0 0.44721 1000.0 2.207 19.0 
0.33531 33.53347 96.0 1665.0 3.0 57.0 0.0 -2.9929 2.174 0.0 0.5831 1000.0 2.5 16.0 59.0 0.0 -0.2929 0.074 0.0 0.64031 999.0 2.5 14.0 59.0 2.2071 0.0 0.0 -1.826 0.44721 998.0 2.3703 13.0 60.0 4.3071 0.0 0.0 -3.026 0.44721 996.0 2.1629 15.0 64.0 6.3071 0.0 0.0 -3.626 0.3 993.0 2.0918 13.0 
0.27028 38.08876 94.0 379.0 3.0 70.0 0.0 -3.2929 2.574 0.0 0.78102 1000.0 2.5 16.0 67.0 0.1071 0.0 0.0 -0.326 0.64031 999.0 2.5 14.0 62.0 2.9071 0.0 0.0 -2.126 0.44721 997.0 2.4538 12.0 65.0 5.1071 0.0 0.0 -3.326 0.36056 995.0 2.3974 13.0 67.0 7.0071 0.0 0.0 -4.626 0.36056 993.0 2.2925 12.0 
0.23935 67.73423 94.0 806.0 3.0 64.0 0.0 -2.3929 3.474 0.0 0.72111 1001.0 2.5 12.0 57.0 0.2071 0.0 0.574 0.0 0.5831 1000.0 2.5 13.0 59.0 2.8071 0.0 0.0 -1.026 0.44721 999.0 2.5 13.0 61.0 5.2071 0.0 0.0 -2.026 0.44721 997.0 2.3753 11.0 58.0 7.2071 0.0 0.0 -2.626 0.3 996.0 2.0211 10.0 
0.59571 2.99167 104.0 2780.0 3.0 59.0 0.0 -1.5929 0.0 -0.126 0.31623 992.0 1.693 10.0 72.0 0.0071 0.0 0.0 -0.026 0.3 987.0 2.0365 10.0 84.0 1.6071 0.0 0.0 -0.126 0.3 979.0 2.1196 8.0 101.0 3.2071 0.0 0.0 -0.526 0.31623 965.0 2.1706 7.0 119.0 4.8071 0.0 0.0 -1.126 0.22361 948.0 2.2252 6.0 
0.61379 42.04636 355.0 2226.0 3.0 74.0 0.0 -2.7929 0.774 0.0 0.5 990.0 2.4318 9.0 84.0 0.0 -0.1929 0.0 -0.326 0.41231 984.0 2.4851 10.0 102.0 2.3071 0.0 0.0 -0.426 0.4 968.0 2.3614 7.0 124.0 4.7071 0.0 0.0 -0.026 0.31623 944.0 2.276 6.0 139.0 6.7071 0.0 0.674 0.0 0.31623 928.0 2.3216 5.0 
0.0734 269.46416 108.0 705.0 3.0 47.0 0.8071 0.0 0.0 -2.726 0.22361 997.0 1.4101 15.0 56.0 1.7071 0.0 0.0 -1.726 0.22361 994.0 1.6858 13.0 63.0 2.7071 0.0 0.0 -0.726 0.28284 991.0 1.8426 11.0 66.0 3.7071 0.0 0.274 0.0 0.22361 989.0 1.8538 10.0 68.0 4.8071 0.0 0.774 0.0 0.2 987.0 1.8165 10.0 
0.21965 52.6199 99.0 429.0 3.0 49.0 0.0 -1.4929 1.774 0.0 0.36056 997.0 1.5327 13.0 54.0 0.0071 0.0 0.474 0.0 0.31623 995.0 1.6546 11.0 61.0 1.6071 0.0 0.0 -0.426 0.31623 992.0 1.8098 10.0 76.0 3.4071 0.0 0.0 -1.326 0.31623 987.0 2.269 10.0 90.0 5.3071 0.0 0.0 -2.226 0.36056 978.0 2.3637 8.0 
0.08197 147.73872 123.0 2338.0 3.0 64.0 0.0 -0.4929 2.674 0.0 0.42426 992.0 1.9922 10.0 69.0 0.9071 0.0 0.974 0.0 0.28284 989.0 2.0261 11.0 79.0 2.2071 0.0 0.0 -0.226 0.28284 982.0 2.0563 9.0 90.0 3.5071 0.0 0.0 -1.226 0.28284 974.0 2.1213 8.0 92.0 4.5071 0.0 0.0 -2.126 0.28284 970.0 2.0104 7.0 
0.8677 26.90838 90.0 1331.0 3.0 67.0 0.0 -3.0929 0.874 0.0 0.63246 996.0 2.5 12.0 75.0 0.2071 0.0 0.0 -0.126 0.5099 994.0 2.5 13.0 83.0 3.3071 0.0 0.0 -0.626 0.44721 989.0 2.5 11.0 89.0 6.0071 0.0 0.0 -1.426 0.41231 983.0 2.5 9.0 89.0 8.2071 0.0 0.0 -2.326 0.36056 981.0 2.5 9.0 
0.03487 150.70376 106.0 2553.0 3.0 52.0 0.0 -2.7929 1.574 0.0 0.56569 1000.0 2.1245 14.0 50.0 0.0 -0.9929 0.0 -0.926 0.44721 999.0 1.8239 15.0 51.0 0.5071 0.0 0.0 -3.026 0.42426 997.0 1.6604 14.0 55.0 2.1071 0.0 0.0 -4.726 0.42426 995.0 1.7165 12.0 61.0 3.8071 0.0 0.0 -6.126 0.31623 993.0 1.9003 14.0 
0.02288 136.53119 96.0 332.0 3.0 56.0 0.0 -3.0929 2.474 0.0 0.64031 1001.0 2.5 19.0 54.0 0.0 -0.9929 0.0 -0.726 0.5831 1000.0 2.291 17.0 54.0 1.1071 0.0 0.0 -3.326 0.56569 999.0 2.1274 16.0 56.0 3.4071 0.0 0.0 -5.426 0.5 998.0 2.1353 14.0 59.0 5.7071 0.0 0.0 -6.926 0.44721 997.0 2.2221 16.0 
0.02102 182.30737 91.0 2970.0 3.0 59.0 0.0 -4.0929 1.274 0.0 0.64031 1000.0 2.5 12.0 61.0 0.0 -1.0929 0.0 -1.226 0.64031 999.0 2.5 11.0 63.0 2.0071 0.0 0.0 -3.126 0.5831 999.0 2.5 14.0 65.0 5.0071 0.0 0.0 -4.626 0.53852 997.0 2.5 12.0 65.0 7.6071 0.0 0.0 -5.726 0.44721 994.0 2.2712 11.0 
0.14994 78.1117 94.0 2427.0 3.0 57.0 0.0 -1.8929 2.174 0.0 0.5 999.0 2.3703 15.0 54.0 0.4071 0.0 0.574 0.0 0.44721 998.0 1.9855 14.0 55.0 2.5071 0.0 0.0 -0.226 0.31623 996.0 1.8174 12.0 64.0 4.6071 0.0 0.0 -0.126 0.31623 994.0 2.2019 13.0 73.0 6.8071 0.0 0.474 0.0 0.31623 990.0 2.3665 11.0 
0.18058 72.25976 126.0 2034.0 3.0 55.0 0.0 -1.9929 1.174 0.0 0.41231 999.0 2.2069 14.0 56.0 0.3071 0.0 0.574 0.0 0.31623 998.0 2.1353 12.0 52.0 2.2071 0.0 0.074 0.0 0.3 998.0 1.8412 12.0 48.0 3.6071 0.0 0.0 -0.126 0.2 998.0 1.5688 12.0 43.0 4.5071 0.0 0.074 0.0 0.2 998.0 1.259 12.0 
0.09824 101.5299 93.0 3109.0 3.0 67.0 0.0 -4.0929 1.374 0.0 0.72111 1002.0 2.5 19.0 61.0 0.0 -0.3929 0.0 -0.826 0.67082 1001.0 2.5 20.0 57.0 2.6071 0.0 0.0 -2.326 0.53852 1001.0 2.5 20.0 56.0 5.2071 0.0 0.0 -3.326 0.41231 1000.0 2.4639 18.0 53.0 7.3071 0.0 0.0 -3.926 0.31623 999.0 2.0493 17.0 
1.15062 22.93337 287.0 934.0 3.0 67.0 0.0 -2.7929 0.874 0.0 0.44721 994.0 2.4131 11.0 75.0 0.0 -0.1929 0.074 0.0 0.4 990.0 2.4979 10.0 89.0 2.3071 0.0 0.174 0.0 0.4 981.0 2.5 9.0 102.0 4.6071 0.0 0.674 0.0 0.31623 970.0 2.4712 7.0 100.0 6.6071 0.0 1.374 0.0 0.31623 970.0 2.3753 7.0 
0.04902 122.04986 91.0 2304.0 3.0 52.0 0.0 -2.8929 0.874 0.0 0.5 999.0 1.9727 11.0 55.0 0.0 -0.5929 0.0 -0.926 0.44721 998.0 2.0598 12.0 60.0 1.7071 0.0 0.0 -2.726 0.5 997.0 2.2981 13.0 68.0 4.0071 0.0 0.0 -4.826 0.56569 994.0 2.4857 11.0 80.0 6.3071 0.0 0.0 -7.226 0.64031 990.0 2.5 12.0 
0.08552 133.60022 89.0 1955.0 3.0 67.0 0.0 -1.4929 3.674 0.0 0.64031 996.0 2.5 16.0 66.0 0.7071 0.0 0.974 0.0 0.56569 996.0 2.5 19.0 75.0 3.0071 0.0 0.0 -1.226 0.56569 992.0 2.5 16.0 80.0 5.6071 0.0 0.0 -3.326 0.5831 991.0 2.5 15.0 79.0 8.5071 0.0 0.0 -5.226 0.5831 992.0 2.5 16.0 
0.1416 155.51597 95.0 807.0 3.0 59.0 0.0 -0.8929 4.474 0.0 0.67082 999.0 2.5 13.0 61.0 1.0071 0.0 0.974 0.0 0.72111 998.0 2.5 14.0 63.0 3.0071 0.0 0.0 -2.226 0.5831 996.0 2.3846 13.0 65.0 4.9071 0.0 0.0 -4.726 0.5 993.0 2.1576 11.0 72.0 6.7071 0.0 0.0 -6.726 0.42426 989.0 2.2062 12.0 
0.08183 150.73401 47.0 2762.0 3.0 55.0 0.0 -3.2929 0.0 -1.526 0.5099 1002.0 2.5 18.0 54.0 0.0 -0.2929 0.0 -1.326 0.5099 1001.0 2.4819 22.0 55.0 2.4071 0.0 0.0 -1.826 0.53852 1000.0 2.3767 19.0 57.0 5.0071 0.0 0.0 -2.626 0.44721 999.0 2.3703 18.0 55.0 7.4071 0.0 0.0 -3.326 0.4 1000.0 2.3767 18.0 
0.05305 280.63791 97.0 2328.0 3.0 41.0 0.0 -1.4929 0.0 -2.526 0.2 1000.0 1.3207 16.0 45.0 0.1071 0.0 0.0 -2.526 0.3 999.0 1.4773 14.0 51.0 1.8071 0.0 0.0 -2.626 0.31623 997.0 1.6604 12.0 59.0 3.7071 0.0 0.0 -3.026 0.31623 995.0 1.9752 14.0 70.0 5.6071 0.0 0.0 -3.526 0.4 991.0 2.2749 11.0 
0.09852 67.28161 90.0 2508.0 3.0 60.0 0.0 -3.7929 2.974 0.0 0.78102 1000.0 2.5 13.0 64.0 0.0 -0.5929 0.0 -0.126 0.78102 1000.0 2.5 14.0 61.0 2.7071 0.0 0.0 -2.426 0.5831 999.0 2.5 15.0 59.0 5.5071 0.0 0.0 -4.226 0.5 998.0 2.3703 14.0 61.0 8.0071 0.0 0.0 -5.726 0.5 996.0 2.2356 12.0 
0.42035 2.99167 56.0 2800.0 3.0 48.0 0.0 -2.0929 0.074 0.0 0.41231 1001.0 1.961 20.0 50.0 0.0071 0.0 0.0 -0.026 0.3 1000.0 1.9642 18.0 49.0 1.8071 0.0 0.174 0.0 0.3 1000.0 1.8864 18.0 47.0 3.5071 0.0 0.274 0.0 0.3 1000.0 1.7355 18.0 46.0 5.3071 0.0 0.474 0.0 0.3 1000.0 1.6625 19.0 
0.0713 65.59587 84.0 2379.0 3.0 51.0 0.0 -1.7929 2.774 0.0 0.53852 1000.0 2.0435 15.0 51.0 0.0 -0.4929 0.0 -0.326 0.5 999.0 1.8976 16.0 53.0 1.0071 0.0 0.0 -3.026 0.5 998.0 1.9127 15.0 56.0 2.6071 0.0 0.0 -5.526 0.44721 997.0 2.0019 13.0 59.0 4.1071 0.0 0.0 -7.626 0.5 995.0 1.9752 13.0 
0.07325 183.25513 115.0 1792.0 3.0 44.0 1.1071 0.0 1.774 0.0 0.22361 998.0 1.3183 16.0 47.0 1.5071 0.0 0.674 0.0 0.22361 997.0 1.4101 15.0 51.0 2.2071 0.0 0.0 -0.226 0.28284 996.0 1.5627 14.0 54.0 3.2071 0.0 0.0 -1.026 0.28284 995.0 1.6546 13.0 54.0 4.3071 0.0 0.0 -1.826 0.22361 995.0 1.6546 13.0 
0.10747 227.10248 86.0 1307.0 3.0 78.0 0.0 -2.0929 5.374 0.0 0.92195 1000.0 2.5 19.0 75.0 1.3071 0.0 1.574 0.0 0.78102 998.0 2.5 17.0 78.0 4.4071 0.0 0.0 -1.626 0.64031 996.0 2.5 14.0 74.0 7.1071 0.0 0.0 -4.226 0.5831 995.0 2.5 14.0 70.0 9.6071 0.0 0.0 -6.126 0.5 995.0 2.5 13.0 
0.07748 210.69561 107.0 190.0 3.0 53.0 0.0 -0.0929 2.774 0.0 0.42426 998.0 1.9127 13.0 56.0 1.4071 0.0 1.274 0.0 0.36056 996.0 1.8841 15.0 59.0 2.8071 0.0 0.274 0.0 0.22361 994.0 1.8713 13.0 60.0 4.0071 0.0 0.0 -0.226 0.2 992.0 1.7509 12.0 62.0 5.1071 0.0 0.0 -0.126 0.2 990.0 1.707 11.0 
0.08445 180.93975 112.0 1874.0 3.0 54.0 0.1071 0.0 2.174 0.0 0.28284 997.0 1.8615 16.0 52.0 1.3071 0.0 0.974 0.0 0.28284 997.0 1.7261 15.0 54.0 2.5071 0.0 0.0 -0.026 0.28284 995.0 1.6546 14.0 57.0 3.7071 0.0 0.0 -0.926 0.22361 994.0 1.7465 13.0 60.0 4.9071 0.0 0.0 -1.526 0.22361 992.0 1.7509 12.0 
0.05446 195.86221 92.0 2830.0 3.0 53.0 0.0 -0.8929 3.174 0.0 0.42426 999.0 2.0493 11.0 55.0 1.1071 0.0 1.374 0.0 0.36056 998.0 2.0598 13.0 62.0 3.2071 0.0 0.074 0.0 0.44721 996.0 2.3095 11.0 68.0 5.4071 0.0 0.0 -1.126 0.44721 993.0 2.3614 9.0 69.0 7.5071 0.0 0.0 -2.226 0.36056 992.0 2.3156 9.0 
0.2186 147.73872 87.0 3086.0 3.0 69.0 0.0 -2.5929 4.374 0.0 0.84853 1001.0 2.5 18.0 67.0 0.9071 0.0 0.974 0.0 0.84853 1000.0 2.5 16.0 66.0 4.1071 0.0 0.0 -2.226 0.70711 999.0 2.5 15.0 64.0 6.8071 0.0 0.0 -4.926 0.56569 998.0 2.5 16.0 65.0 9.2071 0.0 0.0 -7.126 0.42426 997.0 2.5 15.0 
0.40452 17.37652 97.0 2167.0 3.0 64.0 0.0 -2.6929 1.574 0.0 0.5831 997.0 2.5 12.0 69.0 0.0 -0.0929 0.0 -0.126 0.5 993.0 2.4314 10.0 76.0 2.2071 0.0 0.0 -1.526 0.44721 990.0 2.5 11.0 83.0 4.3071 0.0 0.0 -2.726 0.41231 985.0 2.5 9.0 90.0 6.3071 0.0 0.0 -3.626 0.31623 979.0 2.4333 8.0 
0.08891 224.78436 96.0 2418.0 3.0 59.0 0.1071 0.0 0.0 -2.426 0.22361 989.0 1.4814 12.0 78.0 1.2071 0.0 0.0 -1.626 0.22361 981.0 1.9419 11.0 94.0 2.5071 0.0 0.0 -0.726 0.36056 973.0 2.2562 10.0 102.0 4.3071 0.0 0.074 0.0 0.3 969.0 2.4151 9.0 100.0 6.3071 0.0 0.374 0.0 0.4 971.0 2.4318 9.0 
0.07389 156.04509 104.0 561.0 3.0 57.0 0.0 -0.9929 2.574 0.0 0.42426 998.0 2.2123 13.0 59.0 0.9071 0.0 1.074 0.0 0.36056 995.0 1.9752 11.0 63.0 2.7071 0.0 0.074 0.0 0.22361 994.0 2.1336 13.0 65.0 4.2071 0.0 0.0 -0.826 0.36056 989.0 1.798 9.0 68.0 5.5071 0.0 0.0 -1.826 0.28284 986.0 1.7492 8.0 
0.10185 171.52522 93.0 1303.0 3.0 68.0 0.0 -1.9929 3.174 0.0 0.5831 995.0 2.5 11.0 67.0 0.7071 0.0 1.374 0.0 0.44721 994.0 2.4131 11.0 75.0 3.1071 0.0 0.0 -0.126 0.44721 991.0 2.5 11.0 82.0 5.3071 0.0 0.0 -1.326 0.31623 985.0 2.4528 10.0 86.0 7.2071 0.0 0.0 -1.926 0.31623 979.0 2.2218 8.0 
0.18357 48.64617 88.0 2126.0 3.0 75.0 0.0 -4.2929 0.574 0.0 0.72801 998.0 2.5 13.0 78.0 0.0 -0.2929 0.0 -0.326 0.63246 994.0 2.5 11.0 85.0 3.2071 0.0 0.0 -1.126 0.60828 990.0 2.5 11.0 92.0 6.3071 0.0 0.0 -1.026 0.5099 983.0 2.5 9.0 101.0 8.9071 0.0 0.074 0.0 0.44721 976.0 2.5 8.0 
0.12093 193.44107 93.0 2257.0 3.0 53.0 0.0071 0.0 4.174 0.0 0.63246 1000.0 2.207 18.0 56.0 1.6071 0.0 0.674 0.0 0.5831 999.0 2.2879 19.0 56.0 3.5071 0.0 0.0 -2.226 0.5831 999.0 2.2879 20.0 57.0 5.4071 0.0 0.0 -4.726 0.5 997.0 2.074 18.0 59.0 7.0071 0.0 0.0 -7.026 0.5 996.0 2.0914 18.0 
0.55147 22.67945 55.0 858.0 3.0 60.0 0.0 -2.8929 2.174 0.0 0.64031 1001.0 2.5 21.0 64.0 0.1071 0.0 0.174 0.0 0.67082 1000.0 2.5 18.0 65.0 3.3071 0.0 0.0 -1.026 0.60828 999.0 2.5 17.0 60.0 6.3071 0.0 0.0 -1.426 0.4 999.0 2.5 17.0 52.0 8.7071 0.0 0.0 -1.426 0.41231 1000.0 2.1245 19.0 
0.21077 132.05205 89.0 285.0 3.0 66.0 0.0 -2.2929 4.074 0.0 0.84853 1001.0 2.5 16.0 63.0 0.8071 0.0 0.874 0.0 0.64031 1000.0 2.5 16.0 59.0 3.7071 0.0 0.0 -1.126 0.44721 999.0 2.5 17.0 60.0 6.2071 0.0 0.0 -2.326 0.44721 997.0 2.2981 16.0 65.0 8.5071 0.0 0.0 -3.326 0.41231 995.0 2.3974 14.0 
0.06116 187.78321 111.0 24.0 3.0 45.0 0.2071 0.0 2.874 0.0 0.36056 999.0 1.4773 11.0 45.0 1.3071 0.0 1.074 0.0 0.36056 998.0 1.3789 10.0 48.0 2.3071 0.0 0.0 -0.526 0.28284 997.0 1.4708 13.0 53.0 3.4071 0.0 0.0 -1.826 0.22361 995.0 1.5939 11.0 60.0 4.4071 0.0 0.0 -2.926 0.28284 992.0 1.7509 12.0 
0.01944 158.48244 90.0 909.0 3.0 59.0 0.0 -4.1929 1.174 0.0 0.64031 1001.0 2.5 18.0 60.0 0.0 -0.9929 0.0 -1.026 0.64031 1001.0 2.5 16.0 63.0 2.1071 0.0 0.0 -2.926 0.5831 1000.0 2.5 19.0 66.0 5.2071 0.0 0.0 -4.426 0.53852 998.0 2.5 16.0 64.0 8.1071 0.0 0.0 -5.426 0.5099 998.0 2.5 16.0 
0.05005 188.05989 98.0 2464.0 3.0 58.0 0.0 -0.0929 3.874 0.0 0.67082 999.0 2.4542 15.0 58.0 1.5071 0.0 0.774 0.0 0.5 997.0 2.1474 13.0 58.0 3.1071 0.0 0.0 -1.426 0.42426 995.0 1.9088 12.0 63.0 4.7071 0.0 0.0 -3.026 0.36056 992.0 1.9304 13.0 74.0 6.1071 0.0 0.0 -4.526 0.36056 987.0 2.1512 13.0 
0.07269 239.20143 91.0 2916.0 3.0 81.0 0.0 -0.1929 3.774 0.0 0.5831 989.0 2.5 19.0 91.0 1.8071 0.0 1.174 0.0 0.56569 982.0 2.5 18.0 104.0 3.9071 0.0 0.0 -0.726 0.42426 971.0 2.5 14.0 109.0 5.8071 0.0 0.0 -1.826 0.31623 963.0 2.427 13.0 118.0 7.7071 0.0 0.0 -2.226 0.31623 953.0 2.3703 12.0 
0.21512 82.21395 97.0 3129.0 3.0 52.0 0.0 -2.0929 2.374 0.0 0.5831 1001.0 2.3015 23.0 52.0 0.3071 0.0 0.674 0.0 0.5 1000.0 2.1245 21.0 55.0 2.5071 0.0 0.0 -1.026 0.5 998.0 2.0598 19.0 58.0 4.6071 0.0 0.0 -2.726 0.42426 998.0 2.2906 21.0 62.0 6.4071 0.0 0.0 -4.326 0.36056 995.0 2.1812 18.0 
0.06536 196.81356 122.0 2570.0 3.0 45.0 0.0 -0.2929 0.0 -1.826 0.1 997.0 1.2927 12.0 51.0 0.7071 0.0 0.0 -1.626 0.2 993.0 1.3283 10.0 65.0 1.7071 0.0 0.0 -1.326 0.2 987.0 1.6597 10.0 72.0 2.6071 0.0 0.0 -1.026 0.2 983.0 1.7649 9.0 72.0 3.5071 0.0 0.0 -0.826 0.1 982.0 1.708 9.0 
0.0523 99.91026 91.0 1323.0 3.0 66.0 0.0 -3.0929 4.074 0.0 0.8544 1001.0 2.5 17.0 65.0 0.0 -0.7929 0.0 -0.426 0.78102 1000.0 2.5 16.0 66.0 2.0071 0.0 0.0 -3.826 0.64031 999.0 2.5 14.0 65.0 4.9071 0.0 0.0 -5.826 0.53852 997.0 2.5 12.0 70.0 7.8071 0.0 0.0 -6.626 0.41231 995.0 2.5 13.0 
0.01842 199.24504 93.0 2160.0 3.0 65.0 0.0 -3.4929 0.0 -0.426 0.5831 998.0 2.5 10.0 65.0 0.0 -0.4929 0.0 -1.726 0.44721 996.0 2.5 12.0 71.0 2.2071 0.0 0.0 -2.426 0.41231 991.0 2.3403 9.0 79.0 4.6071 0.0 0.0 -2.926 0.4 985.0 2.2766 8.0 84.0 6.9071 0.0 0.0 -3.326 0.4 982.0 2.3248 7.0 
0.27669 81.24308 95.0 884.0 3.0 52.0 0.0 -1.6929 0.0 -0.926 0.2 995.0 1.5343 13.0 67.0 0.0 -0.0929 0.0 -0.726 0.3 991.0 2.0841 11.0 78.0 1.8071 0.0 0.0 -0.026 0.44721 987.0 2.39 10.0 84.0 3.8071 0.0 1.174 0.0 0.5 985.0 2.5 9.0 86.0 6.1071 0.0 2.574 0.0 0.44721 985.0 2.5 9.0 
0.08528 161.73528 88.0 1045.0 3.0 44.0 0.0 -1.4929 2.474 0.0 0.36056 1001.0 1.6478 24.0 49.0 0.7071 0.0 1.274 0.0 0.44721 1000.0 1.8864 22.0 55.0 3.2071 0.0 0.074 0.0 0.53852 1000.0 2.3767 23.0 62.0 6.1071 0.0 0.0 -0.826 0.5099 998.0 2.5 22.0 68.0 9.2071 0.0 0.0 -1.326 0.5099 997.0 2.5 20.0 
0.14896 84.17478 112.0 1791.0 3.0 45.0 0.0 -0.4929 2.574 0.0 0.44721 1000.0 1.591 18.0 45.0 0.7071 0.0 0.274 0.0 0.36056 1000.0 1.591 16.0 43.0 2.0071 0.0 0.0 -1.426 0.36056 999.0 1.3489 15.0 43.0 3.3071 0.0 0.0 -2.526 0.22361 999.0 1.3489 19.0 46.0 4.5071 0.0 0.0 -3.326 0.14142 997.0 1.3508 17.0 
0.06179 237.69831 96.0 661.0 3.0 59.0 0.0071 0.0 4.274 0.0 0.67082 1000.0 2.5 11.0 58.0 1.9071 0.0 0.974 0.0 0.67082 999.0 2.4542 11.0 57.0 3.7071 0.0 0.0 -1.926 0.5 998.0 2.2123 12.0 60.0 5.3071 0.0 0.0 -4.326 0.5 996.0 2.1629 12.0 65.0 6.7071 0.0 0.0 -6.526 0.42426 992.0 2.0549 10.0 
0.19599 66.82775 121.0 2083.0 3.0 48.0 0.0 -1.7929 1.074 0.0 0.28284 998.0 1.5688 20.0 49.0 0.0 -0.2929 0.0 -0.526 0.28284 997.0 1.5327 21.0 55.0 1.2071 0.0 0.0 -2.026 0.36056 995.0 1.7165 20.0 57.0 2.7071 0.0 0.0 -3.426 0.28284 993.0 1.6592 20.0 63.0 4.0071 0.0 0.0 -4.226 0.2 989.0 1.6891 19.0 
0.02522 102.23735 78.0 1231.0 3.0 72.0 0.0 -3.2929 4.774 0.0 0.9434 998.0 2.5 11.0 71.0 0.0 -0.8929 0.0 -0.226 0.8544 996.0 2.5 10.0 72.0 1.2071 0.0 0.0 -4.826 0.67082 996.0 2.5 13.0 75.0 3.2071 0.0 0.0 -8.726 0.67082 992.0 2.5 11.0 78.0 5.0071 0.0 0.0 -12.026 0.5831 986.0 2.3015 9.0 
0.1707 14.4498 144.0 1982.0 3.0 30.0 0.9071 0.0 0.0 -0.426 0.22361 1001.0 1.0 14.0 29.0 0.1071 0.0 0.074 0.0 0.22361 1001.0 1.0 13.0 27.0 0.0 -0.5929 0.374 0.0 0.0 1001.0 1.0 13.0 26.0 0.0 -0.7929 0.574 0.0 0.1 1000.0 1.0 12.0 29.0 0.0 -0.8929 0.774 0.0 0.14142 999.0 1.0 11.0 
0.36477 136.34878 160.0 1862.0 3.0 32.0 0.0 -0.3929 0.0 -1.926 0.22361 1001.0 1.0 24.0 40.0 0.8071 0.0 0.0 -0.926 0.42426 1001.0 1.3618 23.0 49.0 2.2071 0.0 0.974 0.0 0.44721 1000.0 1.8864 25.0 52.0 3.4071 0.0 3.274 0.0 0.31623 999.0 1.9727 22.0 51.0 4.2071 0.0 5.274 0.0 0.4 998.0 1.7711 21.0 
0.25899 19.33007 104.0 478.0 3.0 49.0 0.0 -1.6929 2.674 0.0 0.5 1001.0 2.0436 13.0 47.0 0.0071 0.0 0.174 0.0 0.5 1001.0 1.8802 17.0 45.0 1.6071 0.0 0.0 -1.726 0.28284 1000.0 1.591 16.0 45.0 3.0071 0.0 0.0 -2.926 0.36056 999.0 1.4773 14.0 49.0 4.5071 0.0 0.0 -3.926 0.22361 997.0 1.5327 12.0 
0.04184 293.83623 125.0 1569.0 3.0 40.0 2.5071 0.0 0.0 -1.326 0.14142 996.0 1.0 9.0 42.0 2.0071 0.0 0.0 -1.726 0.1 994.0 1.0 9.0 52.0 1.8071 0.0 0.0 -2.126 0.0 988.0 1.1047 8.0 70.0 1.9071 0.0 0.0 -2.226 0.1 978.0 1.4299 8.0 84.0 2.3071 0.0 0.0 -2.226 0.14142 970.0 1.676 7.0 
0.28518 72.25976 98.0 2271.0 3.0 60.0 0.0 -1.5929 2.174 0.0 0.42426 996.0 2.1629 15.0 66.0 0.3071 0.0 0.574 0.0 0.42426 994.0 2.3416 13.0 70.0 2.3071 0.0 0.0 -0.926 0.42426 992.0 2.3832 12.0 72.0 4.3071 0.0 0.0 -2.326 0.36056 990.0 2.3021 11.0 68.0 6.1071 0.0 0.0 -3.426 0.28284 991.0 2.1467 12.0 
0.10666 153.45992 114.0 1427.0 3.0 43.0 0.9071 0.0 1.274 0.0 0.14142 997.0 1.1803 15.0 44.0 1.2071 0.0 0.674 0.0 0.14142 996.0 1.1632 14.0 45.0 1.7071 0.0 0.274 0.0 0.1 996.0 1.2166 14.0 45.0 2.2071 0.0 0.174 0.0 0.1 996.0 1.2166 14.0 47.0 2.8071 0.0 0.374 0.0 0.1 996.0 1.3272 14.0 
0.22196 99.7004 99.0 2152.0 3.0 67.0 0.0 -2.5929 2.474 0.0 0.5831 996.0 2.5 12.0 71.0 0.2071 0.0 0.874 0.0 0.44721 994.0 2.5 13.0 78.0 2.7071 0.0 0.0 -0.126 0.31623 989.0 2.5 11.0 83.0 4.8071 0.0 0.0 -0.626 0.3 983.0 2.3454 9.0 80.0 6.4071 0.0 0.0 -0.426 0.22361 982.0 2.1086 9.0 
0.6152 28.83574 89.0 2163.0 3.0 50.0 0.0 -3.1929 0.874 0.0 0.5099 1001.0 2.1279 17.0 58.0 0.0 -0.1929 0.174 0.0 0.60828 1000.0 2.5 15.0 61.0 3.0071 0.0 0.0 -0.526 0.5099 999.0 2.5 14.0 63.0 5.9071 0.0 0.0 -0.726 0.4 997.0 2.5 15.0 67.0 8.4071 0.0 0.0 -0.326 0.41231 995.0 2.5 13.0 
0.10841 159.06755 52.0 1396.0 3.0 51.0 0.0 -1.8929 2.474 0.0 0.44721 1001.0 2.2138 22.0 51.0 0.4071 0.0 1.374 0.0 0.41231 1001.0 2.2138 20.0 51.0 2.6071 0.0 0.774 0.0 0.4 1000.0 2.0435 19.0 49.0 4.8071 0.0 0.774 0.0 0.4 1001.0 2.0436 20.0 46.0 6.9071 0.0 1.174 0.0 0.31623 1001.0 1.801 21.0 
0.09957 169.73952 99.0 2472.0 3.0 59.0 0.0 -1.4929 2.674 0.0 0.5 996.0 2.0914 12.0 62.0 0.4071 0.0 1.474 0.0 0.31623 994.0 2.0664 13.0 71.0 2.2071 0.0 0.774 0.0 0.31623 989.0 2.1453 11.0 80.0 3.9071 0.0 0.0 -0.026 0.36056 984.0 2.2541 9.0 85.0 5.7071 0.0 0.0 -1.226 0.36056 982.0 2.3805 9.0 
0.28441 21.89443 107.0 2155.0 3.0 42.0 0.0 -1.4929 1.574 0.0 0.36056 1001.0 1.5014 22.0 46.0 0.0 -0.0929 0.174 0.0 0.36056 1000.0 1.6625 19.0 50.0 1.5071 0.0 0.0 -0.926 0.36056 999.0 1.8239 17.0 50.0 3.1071 0.0 0.0 -1.826 0.31623 998.0 1.7023 17.0 49.0 4.6071 0.0 0.0 -2.626 0.31623 998.0 1.6349 17.0 
0.37172 53.71602 89.0 1107.0 3.0 69.0 0.0 -2.4929 4.374 0.0 0.86023 999.0 2.5 11.0 68.0 0.3071 0.0 0.374 0.0 0.72111 998.0 2.5 10.0 69.0 3.2071 0.0 0.0 -2.926 0.70711 998.0 2.5 11.0 71.0 6.1071 0.0 0.0 -5.426 0.56569 995.0 2.5 11.0 76.0 8.7071 0.0 0.0 -7.426 0.5 990.0 2.5 9.0 
0.21284 91.63024 98.0 1549.0 3.0 51.0 0.0 -3.1929 0.0 -0.426 0.5 1002.0 2.4151 18.0 51.0 0.0 -0.3929 0.0 -0.726 0.5099 1001.0 2.2138 20.0 52.0 2.2071 0.0 0.0 -1.226 0.4 1000.0 2.1245 20.0 52.0 4.5071 0.0 0.0 -1.526 0.3 999.0 1.9727 18.0 51.0 6.3071 0.0 0.0 -1.626 0.3 998.0 1.7711 16.0 
0.02847 236.43955 89.0 1414.0 3.0 61.0 0.0 -0.2929 4.174 0.0 0.64031 998.0 2.5 14.0 64.0 1.7071 0.0 1.274 0.0 0.56569 996.0 2.4609 12.0 69.0 3.9071 0.0 0.0 -0.826 0.36056 994.0 2.5 13.0 74.0 6.0071 0.0 0.0 -2.226 0.41231 991.0 2.5 11.0 80.0 8.3071 0.0 0.0 -2.926 0.41231 987.0 2.5 10.0 
0.01903 235.643 105.0 982.0 3.0 55.0 0.0 -3.5929 0.0 -0.526 0.44721 1001.0 2.5 17.0 55.0 0.0 -0.8929 0.0 -1.926 0.44721 1000.0 2.3767 15.0 56.0 1.7071 0.0 0.0 -2.826 0.31623 999.0 2.2879 18.0 59.0 3.9071 0.0 0.0 -3.126 0.3 997.0 2.2221 15.0 57.0 5.7071 0.0 0.0 -2.926 0.22361 996.0 1.952 14.0 
0.27678 30.42421 91.0 634.0 3.0 59.0 0.0 -2.4929 3.674 0.0 0.72111 1001.0 2.5 17.0 62.0 0.0071 0.0 0.274 0.0 0.72111 1000.0 2.5 15.0 63.0 2.5071 0.0 0.0 -2.926 0.56569 999.0 2.5 14.0 64.0 4.9071 0.0 0.0 -5.126 0.5831 998.0 2.5 16.0 69.0 7.5071 0.0 0.0 -6.326 0.41231 995.0 2.5 13.0 
0.24025 21.89443 100.0 90.0 3.0 58.0 0.0 -1.8929 3.574 0.0 0.67082 1000.0 2.5 12.0 57.0 0.0 -0.0929 0.174 0.0 0.5831 999.0 2.3703 11.0 57.0 1.7071 0.0 0.0 -2.626 0.5 998.0 2.2123 13.0 59.0 3.6071 0.0 0.0 -4.426 0.42426 996.0 2.0914 11.0 64.0 5.4071 0.0 0.0 -5.726 0.31623 992.0 1.9922 11.0 
0.08261 72.87608 96.0 882.0 3.0 55.0 0.0 -2.4929 1.974 0.0 0.5831 1001.0 2.5 17.0 53.0 0.0 -0.3929 0.0 -0.526 0.42426 1000.0 2.207 15.0 54.0 1.7071 0.0 0.0 -2.126 0.41231 999.0 2.1274 18.0 59.0 3.9071 0.0 0.0 -2.726 0.41231 997.0 2.2221 15.0 62.0 6.2071 0.0 0.0 -2.826 0.31623 996.0 2.3095 14.0 
0.12444 152.12534 91.0 1599.0 3.0 78.0 0.0 -1.8929 3.374 0.0 0.56569 992.0 2.5 12.0 81.0 0.7071 0.0 1.174 0.0 0.5831 990.0 2.5 11.0 92.0 3.4071 0.0 0.0 -0.626 0.44721 983.0 2.5 9.0 94.0 5.7071 0.0 0.0 -2.126 0.44721 979.0 2.5 8.0 85.0 7.7071 0.0 0.0 -3.626 0.36056 984.0 2.5 9.0 
0.07026 245.42515 87.0 142.0 3.0 81.0 0.0 -1.2929 6.274 0.0 1.08167 1000.0 2.5 12.0 72.0 1.8071 0.0 1.274 0.0 0.86023 999.0 2.5 11.0 68.0 4.6071 0.0 0.0 -2.426 0.64031 997.0 2.5 9.0 67.0 7.1071 0.0 0.0 -5.126 0.42426 996.0 2.5 11.0 68.0 9.2071 0.0 0.0 -6.926 0.42426 991.0 2.1467 9.0 
0.22874 145.10322 107.0 1012.0 3.0 54.0 0.0 -2.9929 1.074 0.0 0.5099 1001.0 2.4819 42.0 53.0 0.0 -0.2929 1.274 0.0 0.41231 1000.0 2.207 39.0 51.0 2.1071 0.0 2.274 0.0 0.31623 1000.0 2.0435 38.0 49.0 4.0071 0.0 3.474 0.0 0.36056 1000.0 1.8864 37.0 46.0 5.6071 0.0 4.474 0.0 0.36056 999.0 1.5437 36.0 
0.96004 24.41152 87.0 2858.0 3.0 61.0 0.0 -2.1929 0.0 -2.126 0.5 998.0 2.5 16.0 74.0 0.2071 0.0 0.074 0.0 0.5831 994.0 2.5 13.0 83.0 3.3071 0.0 1.574 0.0 0.63246 992.0 2.5 12.0 81.0 6.5071 0.0 3.174 0.0 0.5831 992.0 2.5 12.0 80.0 9.2071 0.0 5.474 0.0 0.56569 993.0 2.5 12.0 
0.08359 148.01451 115.0 1683.0 3.0 38.0 0.5071 0.0 2.174 0.0 0.3 999.0 1.0535 14.0 44.0 1.0071 0.0 0.874 0.0 0.28284 999.0 1.4124 17.0 54.0 1.9071 0.0 0.0 -0.426 0.28284 996.0 1.752 14.0 61.0 3.2071 0.0 0.0 -1.526 0.36056 994.0 2.0003 12.0 64.0 4.6071 0.0 0.0 -2.426 0.22361 992.0 1.9922 11.0 
0.05793 261.84348 121.0 1422.0 3.0 43.0 0.0 -1.8929 0.0 -2.126 0.3 998.0 1.259 15.0 43.0 0.0 -0.3929 0.0 -2.326 0.22361 997.0 1.1803 18.0 45.0 0.8071 0.0 0.0 -2.426 0.1 995.0 1.149 16.0 46.0 1.8071 0.0 0.0 -2.426 0.1 994.0 1.1375 15.0 50.0 2.6071 0.0 0.0 -2.626 0.2 993.0 1.2767 18.0 
0.08434 196.65699 122.0 8.0 3.0 35.0 1.5071 0.0 1.174 0.0 0.14142 999.0 1.0 21.0 42.0 1.7071 0.0 0.474 0.0 0.22361 997.0 1.1261 20.0 48.0 2.1071 0.0 0.0 -0.326 0.14142 995.0 1.3074 18.0 52.0 2.7071 0.0 0.0 -0.926 0.14142 994.0 1.4536 17.0 55.0 3.4071 0.0 0.0 -1.326 0.2 992.0 1.4713 15.0 
0.18455 38.12432 137.0 1288.0 3.0 41.0 0.0 -0.7929 1.274 0.0 0.22361 1000.0 1.3207 19.0 43.0 0.2071 0.0 0.274 0.0 0.14142 999.0 1.3489 18.0 44.0 1.2071 0.0 0.0 -0.426 0.2 999.0 1.4124 17.0 44.0 2.2071 0.0 0.0 -0.826 0.2 998.0 1.3183 16.0 45.0 3.1071 0.0 0.0 -1.026 0.1 997.0 1.2927 15.0 
0.16018 269.46416 87.0 1848.0 3.0 72.0 0.0 -0.3929 0.0 -3.926 0.5 990.0 2.3021 10.0 91.0 1.7071 0.0 0.0 -1.726 0.5 980.0 2.5 10.0 110.0 3.9071 0.0 0.474 0.0 0.5831 968.0 2.5 9.0 139.0 6.6071 0.0 1.974 0.0 0.53852 943.0 2.5 7.0 140.0 9.2071 0.0 3.174 0.0 0.42426 938.0 2.5 7.0 
0.3771 45.6838 93.0 412.0 3.0 66.0 0.0 -2.5929 3.874 0.0 0.86023 1001.0 2.5 17.0 63.0 0.3071 0.0 0.274 0.0 0.64031 1001.0 2.5 16.0 57.0 2.8071 0.0 0.0 -2.526 0.5831 1000.0 2.5 15.0 57.0 4.9071 0.0 0.0 -5.026 0.5 999.0 2.3703 14.0 60.0 6.8071 0.0 0.0 -7.226 0.42426 997.0 2.2981 14.0 
0.09874 183.15492 365.0 2440.0 3.0 63.0 0.4071 0.0 4.174 0.0 0.72801 998.0 2.5 11.0 60.0 1.6071 0.0 0.374 0.0 0.63246 998.0 2.4513 14.0 63.0 2.8071 0.0 0.0 -3.126 0.53852 996.0 2.3846 12.0 68.0 4.2071 0.0 0.0 -6.226 0.5831 992.0 2.249 10.0 75.0 5.8071 0.0 0.0 -8.726 0.5 988.0 2.2981 11.0 
0.23701 56.66943 96.0 458.0 3.0 52.0 0.0 -2.8929 2.174 0.0 0.64031 1002.0 2.5 19.0 52.0 0.0 -0.3929 0.0 -0.326 0.5 1001.0 2.3015 18.0 53.0 2.0071 0.0 0.0 -2.126 0.5 1001.0 2.3909 21.0 53.0 4.2071 0.0 0.0 -3.526 0.36056 1000.0 2.207 18.0 54.0 6.2071 0.0 0.0 -4.726 0.31623 998.0 1.9855 17.0 
0.06719 203.01067 91.0 436.0 3.0 65.0 0.0 -0.6929 3.874 0.0 0.5831 995.0 2.3974 14.0 67.0 1.2071 0.0 1.374 0.0 0.56569 995.0 2.5 14.0 76.0 3.3071 0.0 0.0 -0.726 0.5 990.0 2.5 11.0 80.0 5.6071 0.0 0.0 -2.426 0.36056 987.0 2.5 10.0 79.0 7.8071 0.0 0.0 -3.626 0.36056 987.0 2.4517 10.0 
0.33492 30.02471 91.0 1607.0 3.0 61.0 0.0 -2.6929 3.274 0.0 0.70711 1000.0 2.5 12.0 63.0 0.2071 0.0 0.174 0.0 0.70711 999.0 2.5 11.0 60.0 2.8071 0.0 0.0 -2.626 0.56569 998.0 2.4513 10.0 59.0 4.9071 0.0 0.0 -5.026 0.5 997.0 2.2221 12.0 65.0 6.6071 0.0 0.0 -7.226 0.5 994.0 2.2712 10.0 
0.13683 110.21391 92.0 2457.0 3.0 72.0 0.0 -3.6929 0.274 0.0 0.6 997.0 2.5 12.0 78.0 0.0 -0.1929 0.974 0.0 0.60828 994.0 2.5 13.0 78.0 3.0071 0.0 1.774 0.0 0.41231 992.0 2.5 12.0 76.0 5.5071 0.0 2.174 0.0 0.41231 989.0 2.4581 11.0 79.0 7.6071 0.0 2.574 0.0 0.36056 986.0 2.3609 10.0 
0.04365 222.81675 101.0 590.0 3.0 35.0 1.6071 0.0 1.674 0.0 0.2 999.0 1.0 10.0 38.0 1.8071 0.0 0.874 0.0 0.14142 998.0 1.0 9.0 44.0 2.3071 0.0 0.374 0.0 0.1 996.0 1.1632 11.0 52.0 2.9071 0.0 0.074 0.0 0.1 993.0 1.3809 9.0 58.0 3.6071 0.0 0.0 -0.226 0.1 991.0 1.5618 8.0 
0.40013 18.35579 66.0 2647.0 3.0 56.0 0.0 -2.1929 0.474 0.0 0.41231 1000.0 2.4639 19.0 56.0 0.1071 0.0 0.0 -0.126 0.4 998.0 2.1353 16.0 54.0 2.1071 0.0 0.0 -0.326 0.31623 998.0 1.9855 15.0 53.0 3.8071 0.0 0.074 0.0 0.31623 998.0 1.9127 16.0 52.0 5.6071 0.0 0.674 0.0 0.3 999.0 1.9727 16.0 
0.10139 140.40892 96.0 1921.0 3.0 49.0 0.0 -0.7929 2.074 0.0 0.36056 999.0 1.7517 16.0 51.0 0.8071 0.0 0.974 0.0 0.31623 998.0 1.7711 17.0 59.0 2.6071 0.0 0.174 0.0 0.36056 996.0 2.0914 14.0 62.0 4.4071 0.0 0.0 -0.626 0.31623 994.0 2.0664 13.0 65.0 6.1071 0.0 0.0 -1.426 0.36056 993.0 2.1576 12.0 
0.1731 62.69156 108.0 2370.0 3.0 56.0 0.0 -1.4929 1.874 0.0 0.36056 997.0 2.0019 12.0 56.0 0.3071 0.0 0.474 0.0 0.36056 996.0 1.8841 12.0 62.0 2.0071 0.0 0.0 -0.626 0.28284 993.0 1.9631 13.0 67.0 3.4071 0.0 0.0 -1.626 0.31623 990.0 1.9935 11.0 72.0 4.8071 0.0 0.0 -2.426 0.28284 986.0 1.961 10.0 
0.09591 116.7183 94.0 2812.0 3.0 45.0 0.0 -0.4929 2.774 0.0 0.44721 1002.0 1.8803 18.0 46.0 0.8071 0.0 0.674 0.0 0.36056 1001.0 1.801 15.0 48.0 2.2071 0.0 0.0 -0.826 0.36056 1000.0 1.8102 14.0 48.0 3.8071 0.0 0.0 -1.826 0.22361 999.0 1.6809 13.0 46.0 5.3071 0.0 0.0 -2.426 0.22361 999.0 1.5437 13.0 
0.32997 25.57494 116.0 1196.0 3.0 48.0 0.0 -1.9929 1.274 0.0 0.42426 1000.0 1.8102 15.0 50.0 0.0 -0.1929 0.0 -0.126 0.36056 999.0 1.8239 14.0 54.0 1.6071 0.0 0.0 -1.126 0.28284 997.0 1.8615 15.0 54.0 3.1071 0.0 0.0 -1.926 0.22361 996.0 1.752 14.0 56.0 4.4071 0.0 0.0 -2.426 0.22361 994.0 1.6858 13.0 
0.0636 238.77972 105.0 1259.0 3.0 50.0 0.9071 0.0 3.074 0.0 0.44721 998.0 1.7023 10.0 51.0 2.0071 0.0 0.774 0.0 0.31623 997.0 1.6604 9.0 53.0 3.0071 0.0 0.0 -1.026 0.31623 995.0 1.5939 10.0 60.0 4.0071 0.0 0.0 -2.526 0.36056 991.0 1.6713 9.0 74.0 5.0071 0.0 0.0 -3.826 0.28284 981.0 1.7478 7.0 
0.18875 59.5095 155.0 4.0 3.0 39.0 0.0 -0.2929 1.274 0.0 0.28284 1000.0 1.195 32.0 38.0 0.5071 0.0 0.174 0.0 0.22361 1000.0 1.1345 28.0 41.0 1.3071 0.0 0.0 -0.426 0.22361 999.0 1.2264 28.0 41.0 2.1071 0.0 0.0 -0.826 0.1 998.0 1.1446 26.0 42.0 2.7071 0.0 0.0 -0.826 0.1 996.0 1.0598 24.0 
0.30447 85.91761 94.0 921.0 3.0 70.0 0.0 -2.2929 1.974 0.0 0.44721 992.0 2.3832 16.0 77.0 0.0071 0.0 0.774 0.0 0.41231 986.0 2.2429 14.0 88.0 2.3071 0.0 0.274 0.0 0.3 981.0 2.4717 14.0 108.0 4.5071 0.0 0.574 0.0 0.41231 966.0 2.5 11.0 113.0 6.7071 0.0 1.174 0.0 0.44721 962.0 2.5 10.0 
0.0614 262.51785 90.0 2055.0 3.0 51.0 0.7071 0.0 4.174 0.0 0.53852 1001.0 2.2138 13.0 52.0 2.1071 0.0 1.074 0.0 0.53852 1000.0 2.1245 12.0 53.0 3.3071 0.0 0.0 -1.826 0.53852 999.0 2.0493 10.0 55.0 4.4071 0.0 0.0 -4.526 0.44721 998.0 2.0598 13.0 62.0 5.6071 0.0 0.0 -6.926 0.5 995.0 2.1812 11.0 
0.14756 82.21395 105.0 794.0 3.0 50.0 0.0 -1.7929 1.574 0.0 0.31623 999.0 1.8239 15.0 54.0 0.3071 0.0 0.674 0.0 0.44721 999.0 2.1274 18.0 58.0 2.2071 0.0 0.0 -0.526 0.36056 996.0 2.0211 14.0 62.0 3.7071 0.0 0.0 -1.726 0.36056 993.0 1.9631 13.0 64.0 5.1071 0.0 0.0 -2.726 0.22361 991.0 1.9016 12.0 
0.03901 262.51785 97.0 81.0 3.0 60.0 0.5071 0.0 4.474 0.0 0.67082 1000.0 2.5 19.0 59.0 2.1071 0.0 1.074 0.0 0.5 999.0 2.5 18.0 54.0 3.7071 0.0 0.0 -1.426 0.42426 999.0 2.1274 18.0 50.0 5.3071 0.0 0.0 -3.126 0.28284 999.0 1.8239 18.0 47.0 6.7071 0.0 0.0 -4.326 0.28284 999.0 1.6116 18.0 
0.13799 132.32608 96.0 752.0 3.0 52.0 0.0 -2.1929 2.174 0.0 0.44721 1001.0 2.3015 20.0 53.0 0.2071 0.0 1.174 0.0 0.41231 1000.0 2.207 19.0 53.0 2.5071 0.0 1.074 0.0 0.4 1000.0 2.207 18.0 51.0 4.6071 0.0 1.674 0.0 0.31623 1000.0 2.0435 18.0 47.0 6.3071 0.0 2.674 0.0 0.36056 1000.0 1.7355 19.0 
0.02561 166.3929 96.0 2192.0 3.0 46.0 0.0 -2.5929 1.274 0.0 0.44721 1000.0 1.6625 12.0 48.0 0.0 -1.0929 0.0 -1.026 0.42426 999.0 1.6809 11.0 53.0 0.9071 0.0 0.0 -2.626 0.5 998.0 1.9127 10.0 62.0 3.5071 0.0 0.0 -3.926 0.5 997.0 2.4538 12.0 67.0 6.0071 0.0 0.0 -5.426 0.5 994.0 2.4131 10.0 
0.07375 189.09548 90.0 2252.0 3.0 57.0 0.0 -0.8929 4.074 0.0 0.5831 1000.0 2.5 19.0 60.0 1.0071 0.0 1.374 0.0 0.5 999.0 2.5 17.0 61.0 3.2071 0.0 0.0 -0.726 0.56569 999.0 2.5 17.0 58.0 5.4071 0.0 0.0 -2.626 0.42426 999.0 2.4542 17.0 54.0 7.2071 0.0 0.0 -4.426 0.42426 999.0 2.1274 18.0 
0.18496 154.23674 89.0 898.0 3.0 63.0 0.0 -3.1929 1.474 0.0 0.60828 1001.0 2.5 21.0 60.0 0.2071 0.0 1.374 0.0 0.5099 1001.0 2.5 20.0 60.0 3.3071 0.0 0.374 0.0 0.53852 1000.0 2.5 19.0 56.0 6.2071 0.0 0.0 -0.726 0.41231 1000.0 2.4639 19.0 48.0 8.5071 0.0 0.0 -1.526 0.31623 1001.0 1.961 20.0 
0.03448 112.86066 93.0 1230.0 3.0 64.0 0.0 -3.5929 1.174 0.0 0.5831 999.0 2.5 14.0 68.0 0.0 -0.5929 0.0 -0.826 0.53852 996.0 2.5 12.0 73.0 2.2071 0.0 0.0 -2.226 0.53852 994.0 2.5 13.0 79.0 4.8071 0.0 0.0 -3.226 0.41231 989.0 2.5 11.0 79.0 7.2071 0.0 0.0 -3.726 0.41231 988.0 2.5 10.0 
0.65634 47.29257 100.0 2571.0 3.0 62.0 0.0 -2.4929 0.0 -1.726 0.44721 996.0 2.3095 11.0 71.0 0.0071 0.0 0.0 -0.426 0.5 991.0 2.3403 9.0 80.0 2.2071 0.0 0.674 0.0 0.41231 986.0 2.421 10.0 93.0 4.3071 0.0 0.974 0.0 0.3 975.0 2.3247 8.0 101.0 6.0071 0.0 0.674 0.0 0.31623 967.0 2.265 7.0 
0.05495 108.43208 115.0 953.0 3.0 36.0 0.0 -0.1929 1.874 0.0 0.28284 1000.0 1.0182 12.0 38.0 0.7071 0.0 0.674 0.0 0.22361 999.0 1.0535 11.0 41.0 1.7071 0.0 0.0 -0.426 0.22361 999.0 1.2264 14.0 44.0 2.6071 0.0 0.0 -1.626 0.22361 998.0 1.3183 13.0 50.0 3.6071 0.0 0.0 -2.626 0.28284 995.0 1.4186 11.0 
0.09232 218.21274 87.0 622.0 3.0 56.0 0.7071 0.0 4.574 0.0 0.72801 1001.0 2.5 13.0 53.0 1.8071 0.0 0.774 0.0 0.63246 1000.0 2.207 12.0 52.0 2.7071 0.0 0.0 -2.426 0.53852 999.0 1.9727 11.0 53.0 3.8071 0.0 0.0 -5.226 0.53852 998.0 1.9127 10.0 56.0 5.0071 0.0 0.0 -7.626 0.5 997.0 2.0019 12.0 
0.11237 109.93408 296.0 1212.0 3.0 56.0 0.0 -0.8929 2.274 0.0 0.42426 998.0 2.1353 13.0 52.0 0.8071 0.0 0.574 0.0 0.36056 997.0 1.7261 13.0 57.0 2.4071 0.0 0.0 -0.526 0.31623 995.0 1.8436 14.0 60.0 3.8071 0.0 0.0 -1.126 0.31623 993.0 1.8385 12.0 62.0 5.1071 0.0 0.0 -1.626 0.22361 991.0 1.7846 11.0 
0.07572 138.42312 128.0 715.0 3.0 48.0 0.2071 0.0 2.074 0.0 0.28284 999.0 1.6809 17.0 51.0 1.1071 0.0 0.574 0.0 0.28284 997.0 1.6604 15.0 49.0 1.9071 0.0 0.0 -0.426 0.28284 996.0 1.4425 14.0 51.0 2.7071 0.0 0.0 -1.026 0.14142 995.0 1.4759 13.0 50.0 3.4071 0.0 0.0 -1.426 0.14142 995.0 1.4186 13.0 
0.17814 163.42753 345.0 1876.0 3.0 84.0 0.0 -2.4929 4.174 0.0 0.92195 993.0 2.5 11.0 83.0 1.0071 0.0 1.074 0.0 0.64031 992.0 2.5 13.0 89.0 4.0071 0.0 0.0 -1.226 0.5831 987.0 2.5 13.0 98.0 6.8071 0.0 0.0 -2.626 0.53852 979.0 2.5 11.0 110.0 9.5071 0.0 0.0 -3.526 0.44721 967.0 2.5 9.0 
0.11481 66.82775 127.0 495.0 3.0 35.0 0.0 -1.0929 0.0 -0.126 0.14142 999.0 1.0 11.0 38.0 0.0 -0.2929 0.0 -0.526 0.14142 998.0 1.0 14.0 44.0 0.4071 0.0 0.0 -0.826 0.22361 996.0 1.1632 11.0 54.0 1.2071 0.0 0.0 -1.126 0.1 992.0 1.4182 12.0 61.0 2.0071 0.0 0.0 -1.426 0.14142 989.0 1.5836 11.0 
0.00633 176.52373 85.0 1594.0 3.0 56.0 0.0 -3.8929 2.174 0.0 0.64031 1001.0 2.5 13.0 58.0 0.0 -1.2929 0.0 -0.926 0.56569 1000.0 2.5 12.0 58.0 1.2071 0.0 0.0 -3.626 0.56569 999.0 2.4542 11.0 58.0 3.5071 0.0 0.0 -5.826 0.42426 998.0 2.2906 9.0 62.0 5.6071 0.0 0.0 -7.826 0.42426 996.0 2.3095 11.0 
0.39224 21.60552 99.0 2521.0 3.0 64.0 0.0 -2.4929 3.274 0.0 0.80623 996.0 2.4609 19.0 65.0 0.0 -0.1929 0.0 -0.026 0.56569 994.0 2.2712 17.0 64.0 2.0071 0.0 0.0 -2.126 0.42426 990.0 1.8189 14.0 68.0 3.9071 0.0 0.0 -3.526 0.36056 987.0 1.8165 15.0 82.0 5.6071 0.0 0.0 -4.626 0.36056 980.0 2.0811 15.0 
0.08247 210.69561 92.0 479.0 3.0 61.0 0.0 -0.7929 3.674 0.0 0.5831 998.0 2.5 9.0 66.0 1.4071 0.0 1.274 0.0 0.56569 996.0 2.5 11.0 71.0 3.6071 0.0 0.0 -0.726 0.42426 993.0 2.5 9.0 75.0 5.5071 0.0 0.0 -2.526 0.42426 990.0 2.4979 8.0 75.0 7.4071 0.0 0.0 -3.926 0.36056 988.0 2.2981 8.0 
0.05639 187.78321 93.0 2926.0 3.0 64.0 0.0 -0.4929 2.674 0.0 0.36056 995.0 2.3242 13.0 70.0 1.3071 0.0 1.074 0.0 0.44721 992.0 2.3832 12.0 71.0 3.3071 0.0 0.074 0.0 0.44721 991.0 2.3403 11.0 71.0 5.3071 0.0 0.0 -0.726 0.31623 990.0 2.2386 11.0 70.0 7.2071 0.0 0.0 -1.226 0.3 990.0 2.176 11.0 
0.06137 203.01067 95.0 605.0 3.0 72.0 0.0 -0.9929 3.274 0.0 0.5 991.0 2.4067 9.0 84.0 1.2071 0.0 1.374 0.0 0.42426 985.0 2.5 10.0 98.0 3.2071 0.0 0.0 -0.426 0.36056 975.0 2.5 8.0 101.0 5.0071 0.0 0.0 -2.026 0.42426 972.0 2.5 7.0 89.0 6.7071 0.0 0.0 -3.526 0.42426 980.0 2.4516 8.0 
0.08703 212.05435 87.0 2520.0 3.0 70.0 0.0 -1.3929 4.974 0.0 0.86023 998.0 2.5 11.0 71.0 1.5071 0.0 1.174 0.0 0.78102 997.0 2.5 9.0 75.0 4.4071 0.0 0.0 -2.226 0.78102 996.0 2.5 12.0 80.0 7.1071 0.0 0.0 -5.526 0.5831 991.0 2.5 9.0 88.0 9.1071 0.0 0.0 -8.426 0.44721 985.0 2.5 10.0 
0.09052 150.91047 100.0 511.0 3.0 53.0 0.2071 0.0 3.574 0.0 0.63246 1000.0 2.207 18.0 49.0 1.3071 0.0 0.374 0.0 0.5099 999.0 1.7517 17.0 45.0 2.3071 0.0 0.0 -2.026 0.41231 998.0 1.3789 16.0 44.0 3.3071 0.0 0.0 -3.926 0.31623 997.0 1.2359 15.0 48.0 4.4071 0.0 0.0 -5.426 0.28284 996.0 1.3843 13.0 
0.12171 48.39733 94.0 812.0 3.0 60.0 0.0 -2.1929 1.874 0.0 0.5831 997.0 2.2981 13.0 65.0 0.0 -0.0929 0.0 -0.426 0.5 994.0 2.2712 11.0 74.0 2.2071 0.0 0.0 -1.926 0.44721 991.0 2.5 12.0 86.0 4.6071 0.0 0.0 -2.826 0.31623 983.0 2.5 9.0 98.0 6.8071 0.0 0.0 -3.326 0.3 973.0 2.4523 8.0 
0.54859 28.83574 99.0 1930.0 3.0 56.0 0.0 -2.8929 1.574 0.0 0.44721 999.0 2.2879 14.0 66.0 0.0 -0.1929 0.174 0.0 0.5831 998.0 2.5 16.0 69.0 2.6071 0.0 0.0 -1.326 0.5 996.0 2.5 14.0 65.0 4.8071 0.0 0.0 -2.526 0.36056 994.0 2.2712 13.0 59.0 6.4071 0.0 0.0 -3.226 0.22361 994.0 1.8713 13.0 
0.15098 92.73958 102.0 1677.0 3.0 58.0 0.0 -1.8929 3.174 0.0 0.64031 1001.0 2.5 18.0 55.0 0.6071 0.0 0.574 0.0 0.56569 1001.0 2.5 16.0 52.0 2.7071 0.0 0.0 -1.626 0.42426 1000.0 2.1245 15.0 50.0 4.4071 0.0 0.0 -3.126 0.28284 999.0 1.8239 18.0 53.0 5.7071 0.0 0.0 -4.226 0.22361 996.0 1.6877 15.0 
0.06455 194.80947 107.0 2651.0 3.0 49.0 0.0 -0.3929 2.574 0.0 0.42426 1000.0 1.8864 20.0 46.0 1.2071 0.0 1.274 0.0 0.36056 1000.0 1.6625 19.0 44.0 2.6071 0.0 0.374 0.0 0.22361 1000.0 1.5211 18.0 43.0 3.8071 0.0 0.0 -0.026 0.22361 999.0 1.3489 18.0 43.0 5.0071 0.0 0.0 -0.226 0.2 999.0 1.3489 18.0 
0.1479 47.45382 125.0 131.0 3.0 45.0 0.0 -0.8929 1.774 0.0 0.36056 998.0 1.3789 14.0 45.0 0.2071 0.0 0.374 0.0 0.28284 997.0 1.2927 14.0 47.0 1.4071 0.0 0.0 -0.826 0.28284 997.0 1.4101 17.0 48.0 2.5071 0.0 0.0 -1.726 0.22361 995.0 1.3074 16.0 52.0 3.6071 0.0 0.0 -2.326 0.22361 992.0 1.3151 14.0 
0.24203 41.52148 86.0 173.0 3.0 62.0 0.0 -1.2929 4.574 0.0 0.82462 999.0 2.5 17.0 56.0 0.0071 0.0 0.374 0.0 0.67082 999.0 2.2879 17.0 53.0 1.5071 0.0 0.0 -2.826 0.53852 998.0 1.9127 15.0 53.0 3.0071 0.0 0.0 -5.326 0.42426 996.0 1.6877 14.0 54.0 4.5071 0.0 0.0 -7.326 0.36056 995.0 1.6546 16.0 
0.22797 86.53063 93.0 2697.0 3.0 46.0 0.0 -1.3929 0.374 0.0 0.22361 996.0 1.2713 12.0 57.0 0.0 -0.0929 0.774 0.0 0.31623 994.0 1.7465 13.0 72.0 1.7071 0.0 1.474 0.0 0.41231 990.0 2.3021 11.0 87.0 4.2071 0.0 1.974 0.0 0.41231 985.0 2.5 9.0 94.0 6.8071 0.0 2.374 0.0 0.5 981.0 2.5 8.0 
0.13338 91.63024 108.0 1102.0 3.0 52.0 0.0 -2.1929 0.274 0.0 0.36056 997.0 1.7261 13.0 58.0 0.0 -0.3929 0.0 -0.726 0.31623 994.0 1.8084 11.0 68.0 1.3071 0.0 0.0 -1.426 0.3 990.0 2.0534 11.0 73.0 2.9071 0.0 0.0 -1.626 0.31623 986.0 2.0159 10.0 77.0 4.4071 0.0 0.0 -1.026 0.22361 984.0 2.0882 9.0 
0.23506 25.09838 109.0 1097.0 3.0 49.0 0.0 -1.8929 1.974 0.0 0.5 1002.0 2.2294 18.0 48.0 0.0071 0.0 0.0 -0.226 0.42426 1001.0 1.961 17.0 47.0 1.8071 0.0 0.0 -1.926 0.36056 1000.0 1.7355 15.0 47.0 3.4071 0.0 0.0 -3.226 0.28284 999.0 1.6116 14.0 51.0 4.8071 0.0 0.0 -4.126 0.36056 997.0 1.6604 15.0 
0.1952 97.07306 99.0 1019.0 3.0 65.0 0.0 -1.7929 1.474 0.0 0.44721 993.0 2.1576 14.0 69.0 0.4071 0.0 0.774 0.0 0.41231 992.0 2.3156 15.0 76.0 2.4071 0.0 0.374 0.0 0.31623 987.0 2.269 13.0 83.0 4.2071 0.0 0.0 -0.026 0.3 981.0 2.1988 11.0 92.0 5.9071 0.0 0.0 -0.326 0.31623 975.0 2.275 10.0 
0.0647 193.3831 98.0 1785.0 3.0 68.0 0.0 -0.2929 3.774 0.0 0.5831 998.0 2.5 16.0 68.0 1.5071 0.0 0.874 0.0 0.5 995.0 2.5 14.0 66.0 3.2071 0.0 0.0 -1.326 0.42426 995.0 2.4717 13.0 64.0 5.0071 0.0 0.0 -2.926 0.28284 994.0 2.2019 13.0 61.0 6.4071 0.0 0.0 -4.226 0.31623 994.0 2.0003 13.0 
0.05371 150.97414 111.0 505.0 3.0 51.0 0.0 -3.0929 1.174 0.0 0.56569 1000.0 2.0435 13.0 50.0 0.0 -0.8929 0.0 -1.026 0.5 999.0 1.8239 12.0 49.0 1.0071 0.0 0.0 -2.826 0.42426 999.0 1.7517 15.0 51.0 2.8071 0.0 0.0 -4.326 0.36056 997.0 1.6604 13.0 53.0 4.3071 0.0 0.0 -5.826 0.28284 995.0 1.5939 12.0 
0.0169 124.72204 81.0 1142.0 3.0 66.0 0.0 -3.4929 3.674 0.0 0.86023 1000.0 2.5 12.0 63.0 0.0 -0.9929 0.0 -0.526 0.72111 999.0 2.5 11.0 60.0 1.1071 0.0 0.0 -4.026 0.5 998.0 2.4513 10.0 59.0 3.1071 0.0 0.0 -6.526 0.42426 997.0 2.2221 12.0 64.0 4.9071 0.0 0.0 -8.426 0.42426 994.0 2.2019 10.0 
0.12415 142.73178 92.0 3005.0 3.0 68.0 0.0 -1.3929 3.274 0.0 0.5 993.0 2.3614 10.0 75.0 0.7071 0.0 1.074 0.0 0.56569 991.0 2.5 12.0 84.0 2.9071 0.0 0.0 -0.926 0.42426 986.0 2.5 10.0 88.0 5.0071 0.0 0.0 -2.626 0.5 984.0 2.5 9.0 87.0 7.3071 0.0 0.0 -4.426 0.44721 985.0 2.5 9.0 
0.36813 30.42421 104.0 1190.0 3.0 60.0 0.0 -1.6929 1.274 0.0 0.36056 994.0 1.9352 14.0 67.0 0.0071 0.0 0.274 0.0 0.31623 990.0 1.9935 12.0 78.0 1.8071 0.0 0.0 -0.626 0.31623 985.0 2.2193 13.0 92.0 3.5071 0.0 0.0 -1.426 0.31623 975.0 2.275 10.0 89.0 5.1071 0.0 0.0 -1.926 0.22361 975.0 2.129 10.0 
0.22666 107.02187 88.0 3112.0 3.0 56.0 0.0 -2.5929 2.074 0.0 0.53852 1000.0 2.4639 16.0 62.0 0.4071 0.0 0.874 0.0 0.63246 999.0 2.5 18.0 69.0 3.5071 0.0 0.0 -0.326 0.63246 997.0 2.5 15.0 70.0 6.5071 0.0 0.0 -1.526 0.5 996.0 2.5 14.0 68.0 9.0071 0.0 0.0 -2.926 0.5 995.0 2.5 14.0 
0.19655 52.72984 171.0 2120.0 3.0 35.0 0.0 -1.1929 0.074 0.0 0.1 1001.0 1.0427 17.0 40.0 0.0 -0.2929 0.374 0.0 0.22361 999.0 1.1673 14.0 40.0 0.5071 0.0 1.074 0.0 0.14142 999.0 1.1673 13.0 41.0 0.9071 0.0 1.974 0.0 0.14142 998.0 1.1446 12.0 44.0 1.2071 0.0 2.974 0.0 0.22361 998.0 1.3183 12.0 
0.37407 125.44014 86.0 1548.0 3.0 71.0 0.0 -2.1929 4.474 0.0 0.80623 1000.0 2.5 18.0 73.0 0.9071 0.0 0.674 0.0 0.78102 1000.0 2.5 18.0 74.0 4.3071 0.0 0.0 -2.326 0.70711 998.0 2.5 16.0 69.0 7.2071 0.0 0.0 -4.926 0.70711 998.0 2.5 16.0 63.0 9.7071 0.0 0.0 -7.226 0.5 998.0 2.5 16.0 
0.06035 50.31208 106.0 1540.0 3.0 39.0 0.0 -1.3929 1.474 0.0 0.36056 1000.0 1.195 12.0 42.0 0.0 -0.3929 0.0 -0.226 0.28284 999.0 1.2869 11.0 46.0 0.8071 0.0 0.0 -1.726 0.28284 999.0 1.5437 14.0 53.0 2.3071 0.0 0.0 -2.826 0.28284 996.0 1.6877 12.0 60.0 3.9071 0.0 0.0 -3.726 0.36056 992.0 1.7509 10.0 
0.04121 247.63516 98.0 1657.0 3.0 59.0 0.6071 0.0 3.374 0.0 0.5 996.0 2.0914 12.0 58.0 2.0071 0.0 0.974 0.0 0.42426 994.0 1.8084 11.0 64.0 3.5071 0.0 0.0 -0.826 0.42426 991.0 1.9016 13.0 75.0 5.1071 0.0 0.0 -2.126 0.22361 986.0 2.1279 13.0 88.0 6.6071 0.0 0.0 -2.926 0.28284 976.0 2.1377 10.0 
0.17822 93.62417 129.0 1520.0 3.0 58.0 0.0 -1.3929 1.874 0.0 0.44721 996.0 2.0211 19.0 61.0 0.5071 0.0 0.674 0.0 0.36056 995.0 2.1114 18.0 65.0 2.2071 0.0 0.0 -0.526 0.36056 992.0 2.0549 16.0 65.0 3.7071 0.0 0.0 -1.426 0.22361 990.0 1.8762 14.0 64.0 4.8071 0.0 0.0 -1.926 0.1 989.0 1.7431 14.0 
0.07832 218.16136 90.0 2562.0 3.0 90.0 0.0 -0.7929 4.274 0.0 0.72111 988.0 2.5 8.0 90.0 1.7071 0.0 0.974 0.0 0.56569 986.0 2.5 10.0 109.0 4.0071 0.0 0.0 -1.426 0.5 969.0 2.5 7.0 123.0 6.2071 0.0 0.0 -3.226 0.5 954.0 2.5 6.0 123.0 8.2071 0.0 0.0 -4.426 0.31623 949.0 2.4144 6.0 
0.38418 108.91054 88.0 2787.0 3.0 70.0 0.0 -1.5929 4.274 0.0 0.80623 998.0 2.5 10.0 67.0 0.9071 0.0 0.374 0.0 0.72111 998.0 2.5 14.0 64.0 3.1071 0.0 0.0 -2.926 0.5831 997.0 2.5 13.0 66.0 5.0071 0.0 0.0 -5.726 0.5 994.0 2.3416 11.0 72.0 6.7071 0.0 0.0 -8.126 0.5 990.0 2.3021 12.0 
0.10668 168.61724 104.0 3050.0 3.0 54.0 0.0 -0.2929 2.774 0.0 0.5 997.0 1.8615 13.0 57.0 1.3071 0.0 0.774 0.0 0.42426 996.0 1.952 16.0 61.0 2.8071 0.0 0.0 -0.926 0.36056 993.0 1.9003 13.0 67.0 4.1071 0.0 0.0 -2.326 0.28284 988.0 1.834 11.0 82.0 5.3071 0.0 0.0 -3.326 0.28284 979.0 2.0199 11.0 
0.19454 183.86527 92.0 155.0 3.0 76.0 0.0 -1.1929 5.574 0.0 1.02956 999.0 2.5 11.0 72.0 1.4071 0.0 0.874 0.0 0.72111 997.0 2.5 9.0 69.0 3.7071 0.0 0.0 -2.526 0.56569 996.0 2.5 11.0 72.0 5.8071 0.0 0.0 -4.926 0.42426 991.0 2.4067 9.0 83.0 7.7071 0.0 0.0 -6.726 0.42426 981.0 2.1988 7.0 
0.05229 168.68372 102.0 50.0 3.0 50.0 0.0 -0.0929 3.274 0.0 0.5 1001.0 2.1279 17.0 52.0 1.4071 0.0 0.574 0.0 0.5831 1000.0 2.1245 15.0 53.0 2.9071 0.0 0.0 -1.826 0.36056 998.0 1.9127 14.0 54.0 4.3071 0.0 0.0 -3.626 0.36056 996.0 1.752 12.0 59.0 5.7071 0.0 0.0 -4.626 0.31623 994.0 1.8713 13.0 
0.13452 88.44035 150.0 2402.0 3.0 45.0 0.0 -1.4929 0.374 0.0 0.22361 996.0 1.2166 13.0 50.0 0.0 -0.4929 0.0 -0.626 0.14142 993.0 1.2767 11.0 59.0 0.5071 0.0 0.0 -1.326 0.14142 989.0 1.4814 12.0 74.0 1.5071 0.0 0.0 -1.826 0.14142 978.0 1.598 9.0 100.0 2.5071 0.0 0.0 -2.126 0.1 961.0 1.9642 8.0 
0.18772 77.81776 93.0 2981.0 3.0 60.0 0.0 -2.4929 0.574 0.0 0.3 995.0 2.0427 11.0 74.0 0.0 -0.1929 0.674 0.0 0.4 990.0 2.4318 11.0 80.0 2.2071 0.0 0.674 0.0 0.4 988.0 2.5 10.0 86.0 4.7071 0.0 0.774 0.0 0.4 984.0 2.5 9.0 86.0 7.0071 0.0 0.674 0.0 0.41231 983.0 2.5 9.0 
2.06023 63.97938 88.0 2881.0 3.0 94.0 0.0 -1.8929 2.674 0.0 0.56569 977.0 2.5 10.0 113.0 0.5071 0.0 0.274 0.0 0.64031 964.0 2.5 9.0 145.0 3.4071 0.0 0.0 -1.426 0.53852 937.0 2.5 8.0 164.0 6.3071 0.0 0.0 -2.326 0.5099 915.0 2.5 7.0 153.0 9.2071 0.0 0.0 -2.926 0.5099 927.0 2.5 8.0 
0.36786 150.91047 83.0 156.0 3.0 77.0 0.0 -1.6929 5.374 0.0 1.08167 1000.0 2.5 12.0 70.0 1.3071 0.0 0.374 0.0 0.9434 1000.0 2.5 12.0 65.0 3.7071 0.0 0.0 -3.826 0.72111 999.0 2.5 11.0 63.0 5.7071 0.0 0.0 -7.326 0.5831 998.0 2.5 13.0 64.0 7.3071 0.0 0.0 -10.226 0.53852 995.0 2.3242 11.0 
0.05235 258.10129 90.0 1317.0 3.0 70.0 0.0 -0.7929 5.174 0.0 0.86023 999.0 2.5 15.0 71.0 2.0071 0.0 1.174 0.0 0.80623 998.0 2.5 14.0 70.0 4.5071 0.0 0.0 -2.526 0.67082 996.0 2.5 12.0 72.0 6.4071 0.0 0.0 -5.726 0.5831 994.0 2.5 14.0 77.0 8.2071 0.0 0.0 -8.326 0.5 988.0 2.4223 11.0 
0.10213 72.7102 89.0 237.0 3.0 53.0 0.0 -2.9929 1.274 0.0 0.5831 1001.0 2.3909 17.0 57.0 0.0 -0.1929 0.0 -0.626 0.64031 1000.0 2.5 16.0 61.0 2.7071 0.0 0.0 -2.426 0.5831 1000.0 2.5 19.0 65.0 5.6071 0.0 0.0 -3.826 0.5831 998.0 2.5 16.0 66.0 8.5071 0.0 0.0 -5.326 0.44721 997.0 2.5 15.0 
0.22683 14.00819 105.0 995.0 3.0 49.0 0.0 -1.4929 0.974 0.0 0.36056 998.0 1.6349 13.0 52.0 0.0071 0.0 0.0 -0.126 0.36056 996.0 1.6246 12.0 62.0 1.5071 0.0 0.0 -0.926 0.31623 992.0 1.8696 12.0 62.0 2.9071 0.0 0.0 -1.326 0.3 992.0 1.8696 12.0 65.0 4.3071 0.0 0.0 -1.326 0.2 990.0 1.8762 11.0 
0.06155 220.91639 103.0 463.0 3.0 74.0 0.0071 0.0 3.674 0.0 0.5 990.0 2.4318 11.0 82.0 1.6071 0.0 1.174 0.0 0.42426 985.0 2.4528 13.0 93.0 3.2071 0.0 0.0 -0.626 0.36056 976.0 2.3875 10.0 106.0 4.6071 0.0 0.0 -2.026 0.42426 963.0 2.2952 8.0 109.0 6.0071 0.0 0.0 -3.126 0.28284 955.0 2.0922 7.0 
0.02543 227.64058 106.0 47.0 3.0 51.0 0.0071 0.0 3.474 0.0 0.5 1000.0 2.0435 15.0 52.0 1.6071 0.0 1.274 0.0 0.28284 998.0 1.8412 13.0 54.0 3.1071 0.0 0.0 -0.126 0.36056 997.0 1.8615 15.0 59.0 4.6071 0.0 0.0 -1.026 0.22361 994.0 1.8713 13.0 61.0 5.9071 0.0 0.0 -1.626 0.22361 992.0 1.8098 12.0 
0.23013 143.94806 86.0 1901.0 3.0 66.0 0.0 -0.6929 4.274 0.0 0.80623 997.0 2.5 10.0 65.0 1.2071 0.0 0.474 0.0 0.67082 997.0 2.5 13.0 66.0 2.9071 0.0 0.0 -2.926 0.67082 995.0 2.4717 12.0 72.0 4.7071 0.0 0.0 -6.026 0.5831 991.0 2.4067 10.0 80.0 6.3071 0.0 0.0 -8.626 0.5 986.0 2.421 10.0 
0.14782 147.73872 91.0 1824.0 3.0 62.0 0.0 -1.5929 4.674 0.0 0.72111 1001.0 2.5 17.0 62.0 0.9071 0.0 0.974 0.0 0.72111 1000.0 2.5 16.0 59.0 3.2071 0.0 0.0 -2.026 0.5 999.0 2.5 14.0 59.0 5.5071 0.0 0.0 -4.026 0.5 998.0 2.3703 17.0 63.0 7.7071 0.0 0.0 -5.626 0.5 996.0 2.3846 15.0 
0.08517 158.13844 101.0 103.0 3.0 56.0 0.0 -1.0929 2.674 0.0 0.42426 998.0 2.1353 13.0 53.0 0.8071 0.0 1.174 0.0 0.36056 997.0 1.7931 13.0 60.0 2.5071 0.0 0.0 -0.226 0.36056 995.0 2.0427 14.0 65.0 4.1071 0.0 0.0 -1.426 0.36056 993.0 2.1576 12.0 67.0 5.7071 0.0 0.0 -2.426 0.31623 991.0 2.0841 11.0 
0.13071 27.12273 143.0 1703.0 3.0 37.0 0.0 -1.0929 0.574 0.0 0.14142 999.0 1.0 16.0 40.0 0.0 -0.0929 0.0 -0.226 0.22361 998.0 1.0895 14.0 44.0 0.8071 0.0 0.0 -1.126 0.22361 997.0 1.2359 17.0 49.0 1.6071 0.0 0.0 -1.726 0.14142 993.0 1.2262 14.0 59.0 2.2071 0.0 0.0 -2.126 0.14142 989.0 1.4814 14.0 
0.03838 233.34002 104.0 1702.0 3.0 49.0 0.9071 0.0 2.874 0.0 0.31623 997.0 1.5327 13.0 56.0 1.8071 0.0 1.074 0.0 0.36056 994.0 1.6858 11.0 65.0 2.9071 0.0 0.0 -0.526 0.28284 990.0 1.8762 11.0 78.0 4.0071 0.0 0.0 -1.826 0.28284 982.0 2.0045 9.0 91.0 5.2071 0.0 0.0 -2.726 0.22361 971.0 2.0138 7.0 
0.22953 207.62064 101.0 1929.0 3.0 72.0 0.0 -2.8929 1.874 0.0 0.41231 989.0 2.2062 12.0 86.0 0.0 -0.5929 1.774 0.0 0.31623 976.0 2.0416 9.0 96.0 1.4071 0.0 2.074 0.0 0.3 969.0 2.1393 10.0 129.0 3.4071 0.0 2.274 0.0 0.41231 944.0 2.4633 9.0 136.0 5.3071 0.0 2.574 0.0 0.31623 935.0 2.422 8.0 
0.1081 124.12592 94.0 755.0 3.0 56.0 0.0 -0.9929 3.874 0.0 0.67082 999.0 2.2879 11.0 56.0 0.8071 0.0 0.774 0.0 0.5831 999.0 2.2879 15.0 57.0 2.5071 0.0 0.0 -1.926 0.5 997.0 2.074 13.0 60.0 4.2071 0.0 0.0 -4.326 0.36056 995.0 2.0427 12.0 64.0 5.7071 0.0 0.0 -6.326 0.44721 993.0 2.0918 13.0 
0.17397 8.25172 131.0 2362.0 3.0 38.0 0.0 -0.4929 1.474 0.0 0.3 999.0 1.0535 11.0 40.0 0.0071 0.0 0.074 0.0 0.31623 998.0 1.0895 10.0 43.0 0.7071 0.0 0.0 -1.126 0.28284 997.0 1.1803 9.0 48.0 1.6071 0.0 0.0 -2.026 0.22361 995.0 1.3074 11.0 52.0 2.6071 0.0 0.0 -2.426 0.22361 993.0 1.3809 10.0 
0.03009 214.55603 95.0 2671.0 3.0 50.0 0.1071 0.0 3.374 0.0 0.44721 1000.0 1.9642 15.0 53.0 1.6071 0.0 1.074 0.0 0.42426 998.0 1.9127 13.0 58.0 3.3071 0.0 0.0 -0.726 0.42426 997.0 2.1474 15.0 64.0 5.0071 0.0 0.0 -2.026 0.36056 993.0 2.0918 13.0 68.0 6.8071 0.0 0.0 -2.926 0.22361 991.0 2.1467 11.0 
0.08397 183.86527 108.0 1228.0 3.0 60.0 0.0 -0.4929 3.074 0.0 0.5 998.0 2.4513 13.0 61.0 1.4071 0.0 0.874 0.0 0.42426 996.0 2.2356 11.0 64.0 3.1071 0.0 0.0 -0.926 0.36056 993.0 2.0918 13.0 68.0 4.4071 0.0 0.0 -2.326 0.28284 986.0 1.7492 8.0 87.0 5.5071 0.0 0.0 -3.326 0.14142 975.0 2.0344 8.0 
0.23718 69.35559 95.0 2535.0 3.0 56.0 0.0 -1.6929 2.174 0.0 0.56569 998.0 2.1353 14.0 57.0 0.4071 0.0 0.474 0.0 0.5 997.0 2.074 12.0 62.0 2.6071 0.0 0.0 -0.826 0.41231 994.0 2.0664 11.0 70.0 4.6071 0.0 0.0 -1.826 0.44721 990.0 2.176 11.0 79.0 6.6071 0.0 0.0 -2.826 0.31623 985.0 2.2766 10.0 
0.09909 91.63024 93.0 1075.0 3.0 45.0 0.0 -2.7929 0.574 0.0 0.44721 1001.0 1.7236 18.0 51.0 0.0 -0.3929 0.0 -0.726 0.5831 1001.0 2.2138 17.0 55.0 2.3071 0.0 0.0 -2.026 0.44721 1000.0 2.3767 20.0 57.0 4.8071 0.0 0.0 -2.826 0.44721 999.0 2.3703 18.0 55.0 7.2071 0.0 0.0 -3.526 0.41231 999.0 2.2069 17.0 
0.10638 247.08726 111.0 729.0 3.0 51.0 0.0 -1.3929 0.0 -2.026 0.22361 995.0 1.4759 16.0 56.0 0.0071 0.0 0.0 -2.226 0.2 991.0 1.4559 13.0 67.0 1.4071 0.0 0.0 -2.126 0.22361 986.0 1.6981 14.0 81.0 2.7071 0.0 0.0 -1.626 0.22361 980.0 2.0307 14.0 87.0 4.0071 0.0 0.0 -1.026 0.22361 972.0 1.8856 10.0 
0.06413 234.6842 128.0 471.0 3.0 43.0 2.4071 0.0 0.0 -0.226 0.14142 996.0 1.1109 14.0 45.0 2.1071 0.0 0.174 0.0 0.1 995.0 1.149 13.0 48.0 2.1071 0.0 0.574 0.0 0.1 994.0 1.2385 13.0 52.0 2.2071 0.0 1.174 0.0 0.1 992.0 1.3151 12.0 55.0 2.4071 0.0 1.874 0.0 0.14142 992.0 1.4713 11.0 
0.15264 42.04636 118.0 490.0 3.0 44.0 0.0 -1.7929 0.074 0.0 0.31623 1001.0 1.6478 16.0 45.0 0.0 -0.1929 0.0 -0.326 0.22361 999.0 1.4773 13.0 47.0 1.0071 0.0 0.0 -0.526 0.22361 997.0 1.4101 12.0 49.0 2.2071 0.0 0.0 -0.726 0.2 997.0 1.5327 11.0 50.0 3.3071 0.0 0.0 -0.926 0.2 996.0 1.502 11.0 
0.2603 51.68435 82.0 297.0 3.0 63.0 0.0 -2.0929 4.074 0.0 0.80623 999.0 2.5 12.0 66.0 0.4071 0.0 0.0 -0.226 0.80623 999.0 2.5 11.0 63.0 2.7071 0.0 0.0 -4.026 0.67082 997.0 2.5 10.0 61.0 4.4071 0.0 0.0 -7.326 0.5 997.0 2.3753 13.0 59.0 5.8071 0.0 0.0 -9.726 0.41231 994.0 1.8713 11.0 
0.17103 67.73423 93.0 1515.0 3.0 46.0 0.0 -1.3929 1.074 0.0 0.31623 998.0 1.4408 15.0 54.0 0.2071 0.0 0.574 0.0 0.31623 997.0 1.8615 15.0 59.0 1.9071 0.0 0.174 0.0 0.3 995.0 1.9752 13.0 60.0 3.5071 0.0 0.074 0.0 0.31623 994.0 1.9352 13.0 60.0 5.0071 0.0 0.074 0.0 0.2 994.0 1.9352 12.0 
0.07993 204.62411 92.0 2629.0 3.0 78.0 0.0 -1.4929 3.774 0.0 0.64031 995.0 2.5 13.0 71.0 1.1071 0.0 1.474 0.0 0.5 995.0 2.5 13.0 71.0 3.4071 0.0 0.0 -0.226 0.44721 993.0 2.5 12.0 72.0 5.6071 0.0 0.0 -1.526 0.36056 992.0 2.5 12.0 68.0 7.5071 0.0 0.0 -2.826 0.36056 993.0 2.3614 12.0 
0.2574 97.82283 101.0 2187.0 3.0 43.0 0.2071 0.0 0.0 -1.826 0.22361 996.0 1.1109 12.0 55.0 0.7071 0.0 0.0 -0.526 0.36056 992.0 1.4713 10.0 71.0 1.6071 0.0 1.174 0.0 0.28284 987.0 1.9803 10.0 93.0 3.0071 0.0 2.774 0.0 0.36056 974.0 2.2651 8.0 115.0 4.7071 0.0 4.074 0.0 0.36056 957.0 2.4121 6.0 
0.15134 131.83447 92.0 1113.0 3.0 66.0 0.0 -2.1929 3.574 0.0 0.70711 999.0 2.5 15.0 61.0 0.5071 0.0 1.074 0.0 0.5 998.0 2.5 13.0 61.0 2.8071 0.0 0.0 -0.626 0.42426 996.0 2.2356 13.0 68.0 5.0071 0.0 0.0 -1.626 0.31623 993.0 2.3614 12.0 75.0 7.2071 0.0 0.0 -1.826 0.4 989.0 2.3938 11.0 
0.34912 78.26613 95.0 1998.0 3.0 77.0 0.0 -2.7929 2.174 0.0 0.5831 993.0 2.5 14.0 81.0 0.2071 0.0 0.674 0.0 0.53852 989.0 2.5 13.0 90.0 2.8071 0.0 0.0 -0.626 0.41231 981.0 2.5 11.0 96.0 4.9071 0.0 0.0 -1.326 0.31623 974.0 2.4136 10.0 102.0 6.7071 0.0 0.0 -1.526 0.3 967.0 2.3101 9.0 
0.07744 139.82063 101.0 3126.0 3.0 46.0 0.0 -0.2929 2.074 0.0 0.28284 999.0 1.5437 18.0 52.0 0.9071 0.0 0.874 0.0 0.28284 997.0 1.7261 15.0 57.0 2.1071 0.0 0.0 -0.226 0.36056 995.0 1.8436 14.0 60.0 3.5071 0.0 0.0 -1.426 0.36056 994.0 1.9352 13.0 62.0 5.0071 0.0 0.0 -2.626 0.31623 994.0 2.0664 13.0 
0.05398 199.1832 62.0 1322.0 3.0 56.0 0.0 -0.2929 3.074 0.0 0.42426 999.0 2.2879 17.0 61.0 1.5071 0.0 0.974 0.0 0.5 998.0 2.5 15.0 61.0 3.6071 0.0 0.0 -0.726 0.42426 998.0 2.5 15.0 57.0 5.6071 0.0 0.0 -2.126 0.36056 998.0 2.2123 16.0 50.0 7.4071 0.0 0.0 -3.026 0.22361 999.0 1.8239 17.0 
0.57488 24.41152 72.0 2425.0 3.0 51.0 0.0 -2.6929 0.0 -1.126 0.53852 1002.0 2.4151 24.0 55.0 0.2071 0.0 0.074 0.0 0.53852 1001.0 2.5 22.0 53.0 3.0071 0.0 0.774 0.0 0.4 1001.0 2.3909 21.0 51.0 5.5071 0.0 0.874 0.0 0.5099 1001.0 2.2138 21.0 54.0 8.2071 0.0 1.574 0.0 0.53852 1001.0 2.4819 21.0 
0.03358 203.72254 109.0 373.0 3.0 49.0 0.9071 0.0 3.474 0.0 0.5099 1000.0 1.8864 12.0 48.0 1.7071 0.0 0.674 0.0 0.36056 999.0 1.6809 11.0 47.0 2.7071 0.0 0.0 -1.326 0.28284 999.0 1.6116 14.0 49.0 3.8071 0.0 0.0 -2.526 0.22361 996.0 1.4425 12.0 55.0 4.8071 0.0 0.0 -3.526 0.14142 992.0 1.4713 10.0 
0.08542 100.68908 107.0 273.0 3.0 44.0 0.0 -0.4929 2.274 0.0 0.36056 999.0 1.4124 13.0 45.0 0.6071 0.0 0.674 0.0 0.28284 998.0 1.3789 14.0 49.0 1.7071 0.0 0.0 -0.526 0.22361 996.0 1.4425 12.0 55.0 2.9071 0.0 0.0 -1.226 0.2 994.0 1.6261 13.0 66.0 4.2071 0.0 0.0 -1.626 0.2 989.0 1.8538 11.0 
0.03109 280.57556 114.0 2097.0 3.0 45.0 0.0 -1.7929 0.0 -2.626 0.3 999.0 1.4773 14.0 50.0 0.0 -0.0929 0.0 -2.526 0.3 998.0 1.7023 14.0 60.0 1.5071 0.0 0.0 -2.426 0.31623 993.0 1.8385 12.0 58.0 3.0071 0.0 0.0 -2.226 0.22361 994.0 1.8084 13.0 58.0 4.3071 0.0 0.0 -2.026 0.2 994.0 1.8084 12.0 
0.0801 285.98017 61.0 1541.0 3.0 45.0 0.0 -1.6929 0.0 -3.526 0.44721 1002.0 1.8803 18.0 48.0 0.5071 0.0 0.0 -2.526 0.41231 1001.0 1.961 16.0 51.0 2.8071 0.0 0.0 -1.926 0.5099 1001.0 2.2138 15.0 51.0 5.3071 0.0 0.0 -1.526 0.41231 1001.0 2.2138 15.0 46.0 7.5071 0.0 0.0 -1.126 0.31623 1001.0 1.801 16.0 
0.07588 266.79252 93.0 554.0 3.0 59.0 1.3071 0.0 4.274 0.0 0.60828 998.0 2.3703 10.0 60.0 2.3071 0.0 0.674 0.0 0.53852 997.0 2.2981 13.0 63.0 3.8071 0.0 0.0 -2.226 0.5 995.0 2.2521 11.0 69.0 5.5071 0.0 0.0 -4.526 0.5 990.0 2.1142 9.0 84.0 7.3071 0.0 0.0 -6.726 0.5 983.0 2.4023 10.0 
0.11894 124.78821 97.0 834.0 3.0 50.0 0.0 -0.1929 1.974 0.0 0.22361 995.0 1.4186 11.0 56.0 0.7071 0.0 0.874 0.0 0.22361 994.0 1.6858 13.0 68.0 2.1071 0.0 0.174 0.0 0.31623 990.0 2.0534 11.0 80.0 4.0071 0.0 0.0 -0.326 0.3 985.0 2.3346 9.0 89.0 6.0071 0.0 0.0 -0.626 0.31623 979.0 2.3795 8.0 
0.08152 219.05074 89.0 2071.0 3.0 58.0 0.0 -0.7929 3.774 0.0 0.56569 1000.0 2.5 16.0 65.0 1.5071 0.0 1.274 0.0 0.56569 998.0 2.5 16.0 67.0 3.7071 0.0 0.0 -1.126 0.5 996.0 2.5 14.0 64.0 5.6071 0.0 0.0 -3.226 0.42426 996.0 2.4609 14.0 61.0 7.3071 0.0 0.0 -5.126 0.42426 997.0 2.3753 14.0 
0.02872 236.21119 103.0 1435.0 3.0 55.0 0.0 -1.7929 0.0 -1.726 0.31623 995.0 1.7165 10.0 61.0 0.0 -0.0929 0.0 -2.126 0.22361 991.0 1.7275 9.0 78.0 1.3071 0.0 0.0 -2.326 0.3 982.0 2.0045 9.0 88.0 2.8071 0.0 0.0 -2.426 0.2 975.0 2.0815 8.0 103.0 4.3071 0.0 0.0 -2.326 0.3 964.0 2.2114 7.0 
0.2106 43.70729 95.0 1818.0 3.0 57.0 0.0 -2.8929 2.674 0.0 0.64031 1000.0 2.5 16.0 59.0 0.0 -0.3929 0.0 -0.026 0.56569 999.0 2.5 14.0 59.0 2.0071 0.0 0.0 -2.026 0.36056 997.0 2.2221 13.0 60.0 4.2071 0.0 0.0 -3.126 0.31623 996.0 2.1629 15.0 65.0 6.3071 0.0 0.0 -3.526 0.41231 994.0 2.2712 13.0 
0.12219 166.73835 95.0 427.0 3.0 61.0 0.0 -1.9929 2.874 0.0 0.5831 999.0 2.5 10.0 60.0 0.6071 0.0 1.374 0.0 0.44721 997.0 2.2981 10.0 65.0 2.9071 0.0 0.474 0.0 0.41231 994.0 2.2712 10.0 70.0 5.0071 0.0 0.174 0.0 0.4 991.0 2.2749 8.0 71.0 6.9071 0.0 0.374 0.0 0.31623 989.0 2.1453 8.0 
0.12112 129.14536 97.0 3101.0 3.0 54.0 0.0 -2.6929 0.0 -0.626 0.41231 999.0 2.1274 15.0 55.0 0.0 -0.2929 0.0 -1.126 0.31623 998.0 2.0598 17.0 62.0 1.8071 0.0 0.0 -1.526 0.41231 995.0 2.1812 14.0 62.0 3.9071 0.0 0.0 -2.026 0.36056 995.0 2.1812 14.0 65.0 5.9071 0.0 0.0 -2.826 0.36056 994.0 2.2712 13.0 
0.10507 133.60022 161.0 3037.0 3.0 45.0 0.0 -0.1929 1.574 0.0 0.22361 998.0 1.3789 16.0 46.0 0.7071 0.0 0.974 0.0 0.22361 997.0 1.3508 15.0 47.0 1.6071 0.0 0.274 0.0 0.14142 997.0 1.4101 15.0 48.0 2.4071 0.0 0.0 -0.426 0.22361 996.0 1.3843 14.0 48.0 3.2071 0.0 0.0 -1.126 0.14142 996.0 1.3843 14.0 
0.17877 78.26613 92.0 2184.0 3.0 68.0 0.0 -2.0929 1.474 0.0 0.41231 990.0 2.0534 9.0 83.0 0.2071 0.0 0.674 0.0 0.5099 986.0 2.5 10.0 100.0 2.7071 0.0 0.0 -0.326 0.44721 975.0 2.5 8.0 116.0 5.1071 0.0 0.0 -1.426 0.44721 959.0 2.5 6.0 122.0 7.3071 0.0 0.0 -2.226 0.31623 952.0 2.4921 6.0 
0.43943 42.32382 127.0 2049.0 3.0 38.0 0.0071 0.0 0.0 -0.826 0.1 998.0 1.0 17.0 46.0 0.3071 0.0 0.0 -0.226 0.14142 996.0 1.2713 14.0 51.0 0.7071 0.0 0.574 0.0 0.2 994.0 1.3982 13.0 57.0 1.1071 0.0 1.574 0.0 0.2 992.0 1.5802 12.0 62.0 1.5071 0.0 2.674 0.0 0.2 990.0 1.707 11.0 
0.22425 176.21985 90.0 2264.0 3.0 63.0 0.0 -3.1929 2.674 0.0 0.60828 1000.0 2.5 19.0 68.0 0.2071 0.0 1.574 0.0 0.63246 999.0 2.5 17.0 66.0 3.4071 0.0 0.074 0.0 0.5 998.0 2.5 16.0 61.0 6.0071 0.0 0.0 -1.326 0.44721 998.0 2.5 16.0 54.0 8.1071 0.0 0.0 -2.426 0.31623 998.0 1.9855 17.0 
0.04966 235.98732 122.0 1209.0 3.0 47.0 0.0 -1.9929 0.0 -2.026 0.4 1001.0 1.8802 16.0 47.0 0.0071 0.0 0.0 -2.126 0.4 999.0 1.6116 15.0 50.0 1.8071 0.0 0.0 -2.226 0.2 998.0 1.7023 17.0 51.0 3.2071 0.0 0.0 -2.526 0.2 997.0 1.6604 15.0 55.0 4.4071 0.0 0.0 -2.826 0.22361 995.0 1.7165 13.0 
0.1189 88.44035 93.0 1725.0 3.0 65.0 0.0 -3.9929 1.574 0.0 0.72111 999.0 2.5 15.0 67.0 0.0 -0.4929 0.0 -0.626 0.5831 998.0 2.5 19.0 66.0 2.6071 0.0 0.0 -2.526 0.5 996.0 2.5 16.0 66.0 4.9071 0.0 0.0 -4.326 0.36056 994.0 2.3416 18.0 78.0 7.1071 0.0 0.0 -5.726 0.44721 989.0 2.5 14.0 
0.04861 208.59279 39.0 1058.0 3.0 63.0 0.0 -0.9929 4.174 0.0 0.78102 1002.0 2.5 23.0 60.0 1.6071 0.0 0.974 0.0 0.64031 1001.0 2.5 21.0 55.0 4.0071 0.0 0.0 -1.426 0.5 1001.0 2.5 21.0 49.0 6.3071 0.0 0.0 -3.126 0.5 1002.0 2.2294 22.0 44.0 8.5071 0.0 0.0 -4.426 0.44721 1002.0 1.7976 25.0 
0.14066 186.1939 106.0 2767.0 3.0 60.0 0.0 -1.8929 1.874 0.0 0.41231 995.0 2.0427 11.0 68.0 0.1071 0.0 1.674 0.0 0.4 991.0 2.1467 12.0 76.0 1.9071 0.0 1.674 0.0 0.3 985.0 2.1069 10.0 86.0 3.5071 0.0 1.474 0.0 0.3 977.0 2.0984 8.0 96.0 5.1071 0.0 1.274 0.0 0.2 970.0 2.1891 7.0 
0.30496 56.88427 84.0 2554.0 3.0 65.0 0.0 -1.4929 4.274 0.0 0.80623 1000.0 2.5 12.0 61.0 0.5071 0.0 0.074 0.0 0.72111 1000.0 2.5 16.0 61.0 2.6071 0.0 0.0 -3.326 0.67082 999.0 2.5 14.0 65.0 4.6071 0.0 0.0 -6.426 0.64031 997.0 2.5 13.0 73.0 6.8071 0.0 0.0 -9.426 0.64031 996.0 2.5 14.0 
0.36826 49.1426 92.0 1386.0 3.0 60.0 0.0 -2.2929 2.574 0.0 0.64031 1000.0 2.5 11.0 59.0 0.4071 0.0 0.174 0.0 0.56569 999.0 2.5 10.0 59.0 2.9071 0.0 0.0 -1.726 0.5 999.0 2.5 11.0 64.0 5.3071 0.0 0.0 -3.326 0.44721 997.0 2.5 11.0 66.0 7.5071 0.0 0.0 -4.626 0.44721 994.0 2.3416 10.0 
0.17097 107.02187 88.0 210.0 3.0 55.0 0.0 -1.9929 3.374 0.0 0.56569 1002.0 2.5 18.0 54.0 0.4071 0.0 0.874 0.0 0.5831 1001.0 2.4819 17.0 55.0 2.9071 0.0 0.0 -0.626 0.44721 1000.0 2.3767 14.0 55.0 5.3071 0.0 0.0 -1.426 0.31623 999.0 2.2069 13.0 50.0 7.3071 0.0 0.0 -1.826 0.3 999.0 1.8239 13.0 
0.10592 308.77013 96.0 1856.0 3.0 62.0 0.8071 0.0 0.0 -3.226 0.36056 990.0 1.707 12.0 79.0 2.0071 0.0 0.0 -1.926 0.28284 979.0 1.8748 9.0 91.0 3.3071 0.0 0.0 -0.826 0.36056 975.0 2.2258 10.0 97.0 4.9071 0.0 0.0 -0.026 0.31623 970.0 2.2349 9.0 104.0 6.5071 0.0 0.374 0.0 0.3 960.0 2.0844 7.0 
0.07864 146.70683 111.0 2110.0 3.0 49.0 0.0 -0.1929 2.074 0.0 0.22361 996.0 1.4425 12.0 55.0 0.6071 0.0 1.174 0.0 0.22361 993.0 1.5448 13.0 64.0 1.6071 0.0 0.674 0.0 0.2 989.0 1.7431 11.0 72.0 2.7071 0.0 0.774 0.0 0.2 984.0 1.8258 9.0 80.0 3.8071 0.0 0.974 0.0 0.22361 979.0 1.9226 8.0 
0.1186 107.80531 104.0 873.0 3.0 60.0 0.0 -2.6929 0.074 0.0 0.44721 996.0 2.1629 12.0 67.0 0.0 -0.2929 0.0 -0.926 0.41231 993.0 2.2925 12.0 78.0 2.0071 0.0 0.0 -1.426 0.31623 987.0 2.39 10.0 78.0 3.8071 0.0 0.0 -1.626 0.3 984.0 2.1428 9.0 75.0 5.3071 0.0 0.0 -1.526 0.3 985.0 2.0519 9.0 
0.12079 176.88004 87.0 245.0 3.0 56.0 0.0 -1.9929 3.274 0.0 0.5 1000.0 2.4639 16.0 59.0 0.8071 0.0 1.374 0.0 0.44721 1000.0 2.5 15.0 63.0 3.7071 0.0 0.0 -0.026 0.53852 999.0 2.5 17.0 68.0 6.6071 0.0 0.0 -1.226 0.53852 996.0 2.5 15.0 69.0 9.4071 0.0 0.0 -2.226 0.44721 995.0 2.5 14.0 
0.0397 181.75166 90.0 1592.0 3.0 60.0 0.0 -2.9929 0.0 -1.226 0.5 995.0 2.0427 12.0 73.0 0.0 -0.1929 0.0 -1.626 0.5099 992.0 2.5 13.0 85.0 2.8071 0.0 0.0 -2.226 0.5 986.0 2.5 10.0 95.0 5.7071 0.0 0.0 -2.426 0.4 976.0 2.4913 8.0 101.0 8.1071 0.0 0.0 -2.526 0.3 968.0 2.3153 7.0 
0.24067 69.94114 100.0 266.0 3.0 61.0 0.0 -2.1929 2.474 0.0 0.64031 1000.0 2.5 16.0 56.0 0.5071 0.0 0.374 0.0 0.5 999.0 2.2879 15.0 53.0 2.6071 0.0 0.0 -1.126 0.36056 998.0 1.9127 13.0 57.0 4.3071 0.0 0.0 -2.026 0.31623 996.0 1.952 14.0 61.0 5.9071 0.0 0.0 -2.626 0.31623 993.0 1.9003 12.0 
0.39413 41.52148 97.0 2989.0 3.0 54.0 0.0 -1.9929 1.574 0.0 0.44721 997.0 1.8615 9.0 63.0 0.0071 0.0 0.374 0.0 0.44721 995.0 2.2521 10.0 75.0 2.1071 0.0 0.0 -0.926 0.44721 990.0 2.4979 8.0 79.0 4.2071 0.0 0.0 -2.226 0.36056 987.0 2.4517 7.0 79.0 6.1071 0.0 0.0 -3.426 0.36056 987.0 2.4517 7.0 
0.2007 21.60552 116.0 393.0 3.0 49.0 0.0 -1.6929 2.274 0.0 0.5831 1001.0 2.0436 18.0 45.0 0.0 -0.1929 0.0 -0.026 0.42426 1001.0 1.7236 17.0 44.0 1.3071 0.0 0.0 -1.526 0.22361 1000.0 1.5211 15.0 44.0 2.6071 0.0 0.0 -2.326 0.2 999.0 1.4124 18.0 49.0 3.9071 0.0 0.0 -2.526 0.2 997.0 1.5327 15.0 
0.08709 179.34545 87.0 872.0 3.0 66.0 0.0 -1.3929 3.274 0.0 0.56569 995.0 2.4717 11.0 72.0 1.2071 0.0 1.074 0.0 0.5831 995.0 2.5 14.0 84.0 4.1071 0.0 0.0 -0.626 0.53852 989.0 2.5 11.0 89.0 6.9071 0.0 0.0 -1.626 0.41231 984.0 2.5 9.0 90.0 9.4071 0.0 0.0 -1.926 0.31623 980.0 2.5 9.0 
0.05985 163.67688 100.0 1094.0 3.0 56.0 0.0 -0.2929 4.474 0.0 0.63246 1000.0 2.4639 12.0 53.0 1.1071 0.0 0.974 0.0 0.5831 1000.0 2.207 12.0 51.0 2.6071 0.0 0.0 -1.726 0.5 1000.0 2.0435 13.0 52.0 4.1071 0.0 0.0 -3.826 0.42426 999.0 1.9727 14.0 56.0 5.7071 0.0 0.0 -5.526 0.28284 996.0 1.8841 12.0 
0.29443 32.11459 104.0 339.0 3.0 46.0 0.0 -1.7929 2.274 0.0 0.5 1001.0 1.801 18.0 46.0 0.0 -0.0929 0.274 0.0 0.44721 1001.0 1.801 22.0 49.0 1.8071 0.0 0.0 -1.126 0.36056 1000.0 1.8864 19.0 48.0 3.5071 0.0 0.0 -2.126 0.36056 1000.0 1.8102 18.0 50.0 5.1071 0.0 0.0 -2.926 0.22361 998.0 1.7023 16.0 
0.03554 106.76945 121.0 2426.0 3.0 50.0 0.0 -2.1929 0.474 0.0 0.36056 999.0 1.8239 10.0 53.0 0.0 -0.4929 0.0 -0.826 0.28284 996.0 1.6877 8.0 60.0 1.0071 0.0 0.0 -1.826 0.22361 991.0 1.6713 7.0 75.0 2.5071 0.0 0.0 -2.226 0.2 985.0 2.0519 7.0 77.0 3.9071 0.0 0.0 -2.126 0.2 983.0 2.0186 7.0 
0.0982 167.99645 117.0 1183.0 3.0 61.0 0.0 -1.5929 0.0 -2.526 0.41231 995.0 2.1114 11.0 67.0 0.5071 0.0 0.0 -1.426 0.44721 991.0 2.0841 9.0 77.0 2.3071 0.0 0.0 -0.326 0.28284 984.0 2.0882 10.0 94.0 3.7071 0.0 0.574 0.0 0.22361 970.0 2.0988 7.0 103.0 4.9071 0.0 1.174 0.0 0.14142 960.0 2.0445 6.0 
0.06548 248.58317 88.0 869.0 3.0 74.0 0.0 -0.3929 4.674 0.0 0.72111 995.0 2.5 15.0 78.0 1.9071 0.0 1.174 0.0 0.64031 991.0 2.5 13.0 87.0 4.2071 0.0 0.0 -1.426 0.56569 986.0 2.5 13.0 92.0 6.5071 0.0 0.0 -3.326 0.44721 981.0 2.5 11.0 93.0 8.9071 0.0 0.0 -4.526 0.41231 979.0 2.5 11.0 
0.30567 82.88708 96.0 2818.0 3.0 54.0 0.0 -1.7929 0.0 -1.626 0.41231 998.0 1.9855 13.0 60.0 0.4071 0.0 0.0 -0.626 0.36056 995.0 2.0427 11.0 68.0 2.4071 0.0 0.474 0.0 0.44721 992.0 2.249 12.0 79.0 4.5071 0.0 0.974 0.0 0.3 985.0 2.2766 10.0 92.0 6.4071 0.0 0.774 0.0 0.31623 976.0 2.3365 8.0 
0.04026 187.78321 100.0 473.0 3.0 52.0 0.2071 0.0 2.974 0.0 0.36056 998.0 1.8412 13.0 54.0 1.3071 0.0 1.074 0.0 0.36056 996.0 1.752 11.0 63.0 2.6071 0.0 0.0 -0.426 0.36056 993.0 2.0269 12.0 71.0 4.1071 0.0 0.0 -1.426 0.31623 988.0 2.0595 10.0 78.0 5.6071 0.0 0.0 -1.926 0.3 983.0 2.0713 9.0 
0.06457 282.41477 246.0 2229.0 3.0 41.0 1.2071 0.0 0.0 -2.826 0.28284 999.0 1.2264 18.0 52.0 2.1071 0.0 0.0 -1.426 0.36056 997.0 1.7261 15.0 59.0 3.2071 0.0 0.474 0.0 0.36056 996.0 2.0914 14.0 60.0 4.4071 0.0 2.474 0.0 0.36056 995.0 2.0427 14.0 57.0 5.5071 0.0 4.274 0.0 0.36056 996.0 1.952 14.0 
0.15561 159.06755 99.0 2921.0 3.0 60.0 0.0 -1.6929 1.874 0.0 0.31623 994.0 1.9352 11.0 71.0 0.4071 0.0 1.374 0.0 0.31623 990.0 2.2386 11.0 79.0 2.3071 0.0 0.774 0.0 0.31623 985.0 2.2766 9.0 87.0 4.0071 0.0 0.174 0.0 0.31623 978.0 2.2088 8.0 94.0 5.7071 0.0 0.0 -0.126 0.3 973.0 2.2562 7.0 
0.07647 50.31208 78.0 2788.0 3.0 75.0 0.0 -2.9929 5.674 0.0 1.2083 1000.0 2.5 12.0 75.0 0.0 -0.3929 0.0 -0.226 1.07703 1000.0 2.5 14.0 73.0 2.4071 0.0 0.0 -5.126 0.89443 999.0 2.5 14.0 71.0 5.0071 0.0 0.0 -8.926 0.72111 997.0 2.5 12.0 73.0 7.5071 0.0 0.0 -11.826 0.56569 994.0 2.5 12.0 
0.32852 35.06378 118.0 1024.0 3.0 60.0 0.0 -1.1929 1.574 0.0 0.28284 995.0 2.0427 14.0 64.0 0.3071 0.0 0.074 0.0 0.36056 993.0 2.0918 12.0 76.0 1.8071 0.0 0.0 -1.026 0.28284 985.0 2.1069 9.0 72.0 3.1071 0.0 0.0 -1.826 0.31623 986.0 1.961 10.0 70.0 4.4071 0.0 0.0 -2.226 0.22361 987.0 1.9249 10.0 
0.19347 108.29109 90.0 2823.0 3.0 70.0 0.0 -2.7929 0.0 -1.926 0.53852 994.0 2.5 11.0 78.0 0.3071 0.0 0.0 -0.926 0.44721 990.0 2.5 12.0 91.0 3.0071 0.0 0.0 -0.126 0.5 979.0 2.4876 9.0 109.0 5.7071 0.0 0.0 -0.026 0.41231 963.0 2.427 7.0 130.0 8.1071 0.0 0.0 -0.426 0.4 941.0 2.3974 5.0 
0.05414 107.80531 107.0 2089.0 3.0 62.0 0.0 -2.4929 0.574 0.0 0.5 996.0 2.3095 12.0 67.0 0.0 -0.2929 0.0 -0.926 0.36056 992.0 2.1833 10.0 79.0 1.7071 0.0 0.0 -1.926 0.31623 985.0 2.2766 10.0 86.0 3.4071 0.0 0.0 -2.526 0.3 978.0 2.1583 8.0 96.0 4.8071 0.0 0.0 -2.726 0.2 968.0 2.0918 7.0 
0.10108 156.56692 103.0 2584.0 3.0 53.0 0.0 -0.4929 2.974 0.0 0.5 997.0 1.7931 10.0 56.0 1.1071 0.0 0.874 0.0 0.36056 996.0 1.8841 12.0 61.0 2.6071 0.0 0.0 -0.926 0.36056 993.0 1.9003 10.0 71.0 4.0071 0.0 0.0 -2.526 0.36056 986.0 1.9069 8.0 88.0 5.3071 0.0 0.0 -4.026 0.28284 976.0 2.1377 8.0 
0.03435 232.85955 70.0 1669.0 3.0 56.0 0.9071 0.0 2.774 0.0 0.31623 997.0 2.0019 15.0 56.0 1.9071 0.0 0.874 0.0 0.36056 997.0 2.0019 15.0 55.0 3.2071 0.0 0.0 -0.826 0.36056 997.0 1.931 15.0 52.0 4.5071 0.0 0.0 -2.226 0.36056 998.0 1.8412 16.0 49.0 5.8071 0.0 0.0 -3.526 0.28284 999.0 1.7517 17.0 
0.11473 195.86221 54.0 1270.0 3.0 57.0 0.0 -2.0929 3.174 0.0 0.67082 1002.0 2.5 25.0 57.0 1.1071 0.0 1.374 0.0 0.53852 1002.0 2.5 22.0 57.0 4.0071 0.0 0.0 -0.026 0.53852 1001.0 2.5 20.0 53.0 6.6071 0.0 0.0 -1.026 0.41231 1000.0 2.207 19.0 46.0 8.7071 0.0 0.0 -1.426 0.2 1001.0 1.801 20.0 
0.1255 180.26231 94.0 798.0 3.0 65.0 0.0 -0.9929 3.674 0.0 0.56569 995.0 2.3974 19.0 72.0 1.0071 0.0 1.274 0.0 0.56569 993.0 2.5 20.0 78.0 3.0071 0.0 0.0 -0.826 0.42426 989.0 2.5 17.0 82.0 4.9071 0.0 0.0 -2.626 0.44721 986.0 2.5 16.0 82.0 6.9071 0.0 0.0 -3.926 0.36056 985.0 2.4528 15.0 
0.21356 116.7183 95.0 2682.0 3.0 65.0 0.0 -1.5929 2.574 0.0 0.64031 997.0 2.5 16.0 62.0 0.8071 0.0 0.674 0.0 0.42426 995.0 2.1812 15.0 68.0 2.7071 0.0 0.0 -0.826 0.41231 992.0 2.249 16.0 72.0 4.6071 0.0 0.0 -1.626 0.3 989.0 2.2062 14.0 79.0 6.5071 0.0 0.0 -1.826 0.3 985.0 2.2766 12.0 
0.08216 84.99922 99.0 452.0 3.0 52.0 0.0 -2.4929 2.174 0.0 0.5831 1001.0 2.3015 17.0 50.0 0.0 -0.6929 0.0 -0.326 0.5 1000.0 1.9642 16.0 51.0 1.2071 0.0 0.0 -2.126 0.31623 999.0 1.8976 14.0 54.0 3.1071 0.0 0.0 -2.826 0.41231 998.0 1.9855 16.0 61.0 5.2071 0.0 0.0 -2.726 0.3 995.0 2.1114 14.0 
0.30907 47.29257 101.0 540.0 3.0 57.0 0.0 -2.1929 0.374 0.0 0.44721 997.0 2.074 12.0 62.0 0.0071 0.0 0.0 -0.426 0.31623 995.0 2.1812 14.0 70.0 1.9071 0.0 0.0 -0.926 0.31623 990.0 2.176 11.0 72.0 3.7071 0.0 0.0 -1.326 0.31623 988.0 2.1179 10.0 73.0 5.3071 0.0 0.0 -1.626 0.3 987.0 2.0934 10.0 
0.15374 84.17478 86.0 518.0 3.0 52.0 0.0 -0.7929 3.374 0.0 0.63246 999.0 1.9727 12.0 52.0 0.7071 0.0 0.274 0.0 0.53852 999.0 1.9727 11.0 54.0 2.1071 0.0 0.0 -2.626 0.53852 998.0 1.9855 14.0 58.0 3.4071 0.0 0.0 -5.426 0.44721 996.0 2.0211 13.0 62.0 4.8071 0.0 0.0 -7.926 0.36056 993.0 1.9631 11.0 
0.22373 28.83574 83.0 3084.0 3.0 85.0 0.0 -4.3929 4.674 0.0 0.98995 1000.0 2.5 17.0 76.0 0.0 -0.1929 0.174 0.0 0.86023 999.0 2.5 16.0 71.0 3.0071 0.0 0.0 -3.926 0.72111 998.0 2.5 14.0 66.0 5.5071 0.0 0.0 -7.226 0.5831 997.0 2.5 17.0 64.0 7.4071 0.0 0.0 -9.726 0.42426 995.0 2.3242 14.0 
0.06916 192.1136 101.0 3009.0 3.0 52.0 0.0 -0.8929 2.674 0.0 0.36056 998.0 1.8412 18.0 56.0 0.9071 0.0 1.474 0.0 0.36056 997.0 2.0019 20.0 61.0 2.6071 0.0 0.474 0.0 0.22361 994.0 2.0003 17.0 62.0 4.2071 0.0 0.0 -0.226 0.31623 993.0 1.9631 16.0 62.0 5.8071 0.0 0.0 -0.826 0.22361 993.0 1.9631 16.0 
0.05535 187.34835 112.0 177.0 3.0 60.0 0.0 -1.2929 3.274 0.0 0.5 999.0 2.5 14.0 58.0 1.1071 0.0 1.274 0.0 0.42426 999.0 2.4542 17.0 59.0 3.0071 0.0 0.0 -0.126 0.36056 996.0 2.0914 14.0 59.0 4.6071 0.0 0.0 -1.126 0.28284 995.0 1.9752 13.0 59.0 5.9071 0.0 0.0 -2.026 0.14142 993.0 1.7777 12.0 
0.12631 156.04509 103.0 2006.0 3.0 56.0 0.0 -1.2929 2.474 0.0 0.44721 998.0 2.1353 13.0 62.0 0.9071 0.0 1.074 0.0 0.36056 996.0 2.3095 15.0 64.0 2.8071 0.0 0.0 -0.326 0.36056 994.0 2.2019 13.0 65.0 4.4071 0.0 0.0 -1.526 0.28284 992.0 2.0549 12.0 66.0 5.7071 0.0 0.0 -2.726 0.28284 991.0 2.0223 11.0 
0.0359 132.37635 95.0 170.0 3.0 45.0 0.0 -2.6929 0.374 0.0 0.42426 1001.0 1.7236 13.0 50.0 0.0 -0.3929 0.0 -1.126 0.5831 1000.0 1.9642 12.0 53.0 2.2071 0.0 0.0 -2.626 0.44721 999.0 2.0493 11.0 54.0 4.5071 0.0 0.0 -3.926 0.36056 998.0 1.9855 10.0 56.0 6.5071 0.0 0.0 -5.126 0.41231 997.0 2.0019 12.0 
0.52127 8.25172 308.0 1589.0 3.0 49.0 0.0 -1.5929 1.774 0.0 0.28284 998.0 1.6349 20.0 57.0 0.0071 0.0 0.074 0.0 0.5 997.0 2.074 21.0 60.0 2.0071 0.0 0.0 -1.526 0.42426 995.0 2.0427 19.0 61.0 3.6071 0.0 0.0 -2.826 0.31623 993.0 1.9003 19.0 70.0 5.2071 0.0 0.0 -3.426 0.22361 988.0 2.0019 17.0 
0.02423 121.04327 99.0 1353.0 3.0 52.0 0.0 -2.4929 2.274 0.0 0.67082 1001.0 2.3015 13.0 49.0 0.0 -0.8929 0.0 -0.626 0.5 1000.0 1.8864 12.0 48.0 0.6071 0.0 0.0 -2.726 0.42426 999.0 1.6809 11.0 51.0 2.2071 0.0 0.0 -4.426 0.42426 998.0 1.7711 13.0 59.0 4.0071 0.0 0.0 -5.926 0.5 996.0 2.0914 11.0 
0.30149 30.02471 85.0 2441.0 3.0 84.0 0.0 -3.4929 5.674 0.0 1.14018 1001.0 2.5 16.0 77.0 0.2071 0.0 0.174 0.0 0.9434 1000.0 2.5 16.0 76.0 3.7071 0.0 0.0 -4.226 0.92195 999.0 2.5 15.0 71.0 7.0071 0.0 0.0 -7.626 0.70711 999.0 2.5 17.0 68.0 9.5071 0.0 0.0 -10.126 0.42426 996.0 2.5 14.0 
0.07357 143.87015 58.0 1763.0 3.0 51.0 0.0 -0.3929 2.974 0.0 0.5 1000.0 2.0435 16.0 53.0 1.1071 0.0 0.674 0.0 0.36056 999.0 2.0493 18.0 56.0 2.6071 0.0 0.0 -1.026 0.36056 997.0 2.0019 15.0 54.0 4.3071 0.0 0.0 -2.026 0.31623 998.0 1.9855 15.0 52.0 6.1071 0.0 0.0 -2.426 0.3 999.0 1.9727 16.0 
0.15932 59.28963 100.0 545.0 3.0 54.0 0.0 -2.6929 0.874 0.0 0.5 1001.0 2.4819 17.0 53.0 0.0 -0.0929 0.0 -0.526 0.44721 1000.0 2.207 15.0 54.0 2.3071 0.0 0.0 -1.626 0.41231 998.0 1.9855 14.0 56.0 4.3071 0.0 0.0 -2.726 0.36056 997.0 2.0019 16.0 62.0 5.8071 0.0 0.0 -4.026 0.36056 994.0 2.0664 13.0 
0.11474 32.98146 100.0 750.0 3.0 68.0 0.0 -3.3929 3.274 0.0 0.84853 1000.0 2.5 13.0 63.0 0.0 -0.1929 0.0 -0.226 0.70711 999.0 2.5 12.0 58.0 2.4071 0.0 0.0 -2.826 0.56569 998.0 2.2906 10.0 53.0 4.4071 0.0 0.0 -4.726 0.42426 996.0 1.6877 9.0 54.0 6.0071 0.0 0.0 -6.026 0.28284 995.0 1.6546 11.0 
0.02102 123.87851 82.0 615.0 3.0 64.0 0.0 -3.2929 3.974 0.0 0.8544 999.0 2.5 12.0 63.0 0.0 -1.0929 0.0 -0.226 0.67082 998.0 2.5 11.0 61.0 0.8071 0.0 0.0 -3.726 0.5 997.0 2.3753 9.0 61.0 2.7071 0.0 0.0 -6.126 0.42426 995.0 2.1114 11.0 68.0 4.6071 0.0 0.0 -7.726 0.36056 990.0 2.0534 9.0 
0.11924 140.29041 102.0 2314.0 3.0 51.0 0.0 -0.8929 0.0 -1.326 0.22361 994.0 1.3982 14.0 62.0 0.3071 0.0 0.0 -1.226 0.2 988.0 1.5705 11.0 81.0 1.7071 0.0 0.0 -0.826 0.22361 981.0 2.0941 11.0 98.0 3.4071 0.0 0.0 -0.226 0.31623 971.0 2.3355 9.0 110.0 5.3071 0.0 0.474 0.0 0.36056 961.0 2.3767 8.0 
0.13791 136.94208 82.0 2546.0 3.0 57.0 0.0 -1.8929 3.174 0.0 0.5 1000.0 2.5 19.0 57.0 0.6071 0.0 1.074 0.0 0.5 1000.0 2.5 20.0 60.0 3.1071 0.0 0.0 -0.926 0.5 999.0 2.5 18.0 58.0 5.4071 0.0 0.0 -2.726 0.42426 999.0 2.4542 17.0 55.0 7.4071 0.0 0.0 -4.626 0.42426 1000.0 2.3767 18.0 
0.14017 27.12273 112.0 253.0 3.0 36.0 0.0 -0.9929 1.274 0.0 0.28284 1000.0 1.0182 12.0 41.0 0.0 -0.0929 0.0 -0.226 0.28284 999.0 1.2264 11.0 45.0 1.0071 0.0 0.0 -1.626 0.36056 998.0 1.3789 10.0 49.0 2.1071 0.0 0.0 -2.926 0.28284 996.0 1.4425 12.0 56.0 3.3071 0.0 0.0 -3.926 0.28284 993.0 1.6015 10.0 
0.01258 236.9554 102.0 558.0 3.0 70.0 0.0 -3.5929 0.0 -0.726 0.67082 999.0 2.5 14.0 69.0 0.0 -0.1929 0.0 -2.126 0.63246 996.0 2.5 12.0 68.0 2.7071 0.0 0.0 -2.826 0.41231 994.0 2.4857 13.0 71.0 4.8071 0.0 0.0 -3.026 0.3 989.0 2.1453 11.0 72.0 6.3071 0.0 0.0 -2.826 0.2 987.0 2.0365 10.0 
0.02818 97.27973 88.0 854.0 3.0 73.0 0.0 -3.6929 1.574 0.0 0.70711 997.0 2.5 13.0 76.0 0.0 -0.2929 0.0 -0.826 0.64031 994.0 2.5 11.0 84.0 2.9071 0.0 0.0 -2.626 0.67082 991.0 2.5 11.0 91.0 6.1071 0.0 0.0 -3.626 0.5099 985.0 2.5 9.0 92.0 8.8071 0.0 0.0 -3.926 0.4 980.0 2.5 8.0 
0.02655 190.88665 98.0 464.0 3.0 68.0 0.0 -3.7929 0.574 0.0 0.72111 997.0 2.5 11.0 71.0 0.0 -0.7929 0.0 -1.526 0.5 994.0 2.5 11.0 77.0 1.8071 0.0 0.0 -3.026 0.44721 988.0 2.4223 8.0 91.0 4.2071 0.0 0.0 -4.026 0.44721 980.0 2.5 8.0 106.0 6.2071 0.0 0.0 -4.726 0.31623 965.0 2.3909 7.0 
0.15001 37.62661 129.0 1213.0 3.0 43.0 0.0 -1.3929 0.574 0.0 0.28284 1000.0 1.4527 15.0 45.0 0.0 -0.0929 0.0 -0.326 0.28284 998.0 1.3789 13.0 49.0 0.9071 0.0 0.0 -1.026 0.22361 996.0 1.4425 13.0 57.0 1.9071 0.0 0.0 -1.426 0.14142 992.0 1.5802 12.0 59.0 2.7071 0.0 0.0 -1.726 0.2 991.0 1.6161 11.0 
0.3973 22.67945 69.0 1591.0 3.0 55.0 0.0 -3.0929 2.174 0.0 0.64031 1002.0 2.5 26.0 60.0 0.1071 0.0 0.174 0.0 0.72111 1002.0 2.5 23.0 57.0 3.2071 0.0 0.0 -1.526 0.5831 1001.0 2.5 21.0 52.0 5.7071 0.0 0.0 -2.826 0.44721 1001.0 2.3015 20.0 46.0 7.7071 0.0 0.0 -3.926 0.31623 1001.0 1.801 21.0 
0.0673 172.16692 105.0 2004.0 3.0 48.0 0.0 -0.3929 2.974 0.0 0.5 999.0 1.6809 11.0 50.0 1.2071 0.0 0.974 0.0 0.36056 998.0 1.7023 10.0 53.0 2.6071 0.0 0.0 -0.826 0.36056 997.0 1.7931 12.0 58.0 3.9071 0.0 0.0 -2.426 0.36056 994.0 1.8084 10.0 66.0 5.2071 0.0 0.0 -3.726 0.28284 989.0 1.8538 10.0 
0.11804 132.05205 104.0 2429.0 3.0 52.0 0.0 -0.6929 2.874 0.0 0.42426 998.0 1.8412 14.0 55.0 0.8071 0.0 0.874 0.0 0.42426 997.0 1.931 16.0 60.0 2.3071 0.0 0.0 -0.726 0.36056 995.0 2.0427 14.0 60.0 3.7071 0.0 0.0 -2.026 0.28284 994.0 1.9352 13.0 65.0 5.0071 0.0 0.0 -3.126 0.22361 990.0 1.8762 11.0 
0.03861 172.47794 98.0 1013.0 3.0 54.0 0.0 -2.7929 0.0 -0.626 0.5099 998.0 1.9855 10.0 58.0 0.0 -0.2929 0.0 -1.526 0.44721 997.0 2.1474 13.0 62.0 2.0071 0.0 0.0 -2.526 0.31623 994.0 2.0664 11.0 69.0 4.0071 0.0 0.0 -3.426 0.31623 991.0 2.2103 12.0 84.0 5.9071 0.0 0.0 -4.126 0.31623 981.0 2.2521 9.0 
0.83933 12.23339 95.0 2948.0 3.0 58.0 0.0 -2.4929 0.0 -1.726 0.5 998.0 2.2906 18.0 65.0 0.1071 0.0 0.0 -0.026 0.44721 996.0 2.5 16.0 68.0 2.6071 0.0 1.074 0.0 0.41231 994.0 2.4857 17.0 72.0 4.8071 0.0 1.874 0.0 0.44721 990.0 2.3021 15.0 76.0 6.8071 0.0 2.774 0.0 0.36056 987.0 2.269 13.0 
0.36777 22.67945 99.0 2300.0 3.0 48.0 0.0 -1.4929 0.774 0.0 0.22361 998.0 1.5688 17.0 55.0 0.1071 0.0 0.174 0.0 0.31623 996.0 1.8174 19.0 60.0 1.7071 0.0 0.0 -0.526 0.31623 995.0 2.0427 17.0 65.0 3.5071 0.0 0.0 -1.326 0.31623 993.0 2.1576 16.0 68.0 5.3071 0.0 0.0 -2.226 0.36056 992.0 2.249 15.0 
0.0504 277.49037 96.0 1051.0 3.0 55.0 1.0071 0.0 3.774 0.0 0.44721 999.0 2.2069 14.0 55.0 2.2071 0.0 1.174 0.0 0.44721 998.0 2.0598 13.0 56.0 3.4071 0.0 0.0 -1.026 0.36056 996.0 1.8841 11.0 63.0 4.8071 0.0 0.0 -2.826 0.42426 994.0 2.1336 11.0 69.0 6.5071 0.0 0.0 -4.426 0.28284 992.0 2.3156 12.0 
0.17464 136.94208 85.0 3015.0 3.0 62.0 0.0 -2.9929 1.974 0.0 0.60828 999.0 2.5 15.0 68.0 0.6071 0.0 1.074 0.0 0.63246 998.0 2.5 13.0 73.0 4.3071 0.0 0.0 -0.026 0.53852 997.0 2.5 15.0 74.0 7.4071 0.0 0.0 -0.926 0.5099 993.0 2.5 13.0 71.0 9.9071 0.0 0.0 -1.426 0.3 991.0 2.3403 12.0 
0.12961 131.53413 105.0 1047.0 3.0 52.0 0.0 -2.1929 0.0 -0.526 0.22361 994.0 1.4536 11.0 64.0 0.0 -0.5929 0.0 -1.026 0.22361 991.0 1.9016 12.0 80.0 1.1071 0.0 0.0 -1.526 0.4 981.0 2.0427 9.0 99.0 3.0071 0.0 0.0 -1.526 0.22361 970.0 2.328 9.0 107.0 4.6071 0.0 0.0 -0.926 0.36056 962.0 2.2929 8.0 
0.06897 201.71074 96.0 1283.0 3.0 57.0 0.0 -1.8929 3.274 0.0 0.5 1000.0 2.5 19.0 60.0 0.7071 0.0 1.674 0.0 0.44721 999.0 2.5 17.0 64.0 3.1071 0.0 0.374 0.0 0.41231 996.0 2.4609 14.0 62.0 5.2071 0.0 0.0 -0.626 0.31623 995.0 2.1812 14.0 57.0 6.8071 0.0 0.0 -1.426 0.31623 996.0 1.952 14.0 
0.20724 113.60601 80.0 710.0 3.0 61.0 0.0 -0.0929 5.074 0.0 0.82462 1000.0 2.5 12.0 62.0 0.9071 0.0 0.474 0.0 0.72801 999.0 2.5 11.0 63.0 2.0071 0.0 0.0 -3.826 0.72801 998.0 2.5 10.0 65.0 3.3071 0.0 0.0 -7.826 0.67082 996.0 2.5 9.0 68.0 4.9071 0.0 0.0 -11.126 0.44721 994.0 2.4857 11.0 
0.15439 92.73958 91.0 1112.0 3.0 55.0 0.0 -1.9929 2.674 0.0 0.56569 1001.0 2.5 18.0 54.0 0.6071 0.0 0.574 0.0 0.5 1000.0 2.291 16.0 56.0 3.1071 0.0 0.0 -1.126 0.5 999.0 2.2879 14.0 57.0 5.5071 0.0 0.0 -2.326 0.44721 997.0 2.074 13.0 61.0 7.7071 0.0 0.0 -3.026 0.31623 995.0 2.1114 14.0 
0.18986 62.69156 125.0 282.0 3.0 55.0 0.0 -1.3929 1.574 0.0 0.36056 998.0 2.0598 13.0 53.0 0.3071 0.0 0.474 0.0 0.22361 996.0 1.6877 11.0 52.0 1.6071 0.0 0.0 -0.126 0.22361 995.0 1.5343 10.0 51.0 2.5071 0.0 0.0 -0.326 0.1 993.0 1.3283 10.0 53.0 3.1071 0.0 0.0 -0.026 0.1 992.0 1.3662 9.0 
0.12288 96.34943 118.0 2359.0 3.0 46.0 0.0 -1.4929 0.274 0.0 0.22361 996.0 1.2713 12.0 57.0 0.0 -0.3929 0.774 0.0 0.14142 991.0 1.5084 9.0 63.0 0.8071 0.0 1.374 0.0 0.22361 988.0 1.6215 8.0 80.0 2.2071 0.0 1.974 0.0 0.3 981.0 2.0427 9.0 105.0 3.9071 0.0 2.374 0.0 0.2 962.0 2.208 6.0 
0.07225 195.01871 127.0 1783.0 3.0 36.0 0.8071 0.0 2.074 0.0 0.2 999.0 1.0 14.0 40.0 1.3071 0.0 1.174 0.0 0.14142 998.0 1.0895 17.0 47.0 1.9071 0.0 0.574 0.0 0.14142 995.0 1.2535 14.0 53.0 2.7071 0.0 0.074 0.0 0.14142 993.0 1.4345 13.0 59.0 3.5071 0.0 0.0 -0.426 0.14142 990.0 1.5458 11.0 
0.07826 72.7102 77.0 947.0 3.0 62.0 0.0 -3.1929 1.874 0.0 0.64031 1000.0 2.5 15.0 67.0 0.0 -0.1929 0.0 -0.626 0.64031 999.0 2.5 17.0 70.0 2.8071 0.0 0.0 -2.126 0.53852 996.0 2.5 14.0 67.0 5.5071 0.0 0.0 -2.826 0.4 995.0 2.5 13.0 65.0 7.9071 0.0 0.0 -3.126 0.4 996.0 2.5 13.0 
0.09003 112.1609 100.0 1957.0 3.0 51.0 0.0 -1.1929 2.274 0.0 0.42426 999.0 1.8976 14.0 51.0 0.5071 0.0 0.874 0.0 0.36056 998.0 1.7711 13.0 54.0 2.3071 0.0 0.074 0.0 0.31623 997.0 1.8615 15.0 62.0 4.0071 0.0 0.0 -0.226 0.3 993.0 1.9631 12.0 68.0 5.6071 0.0 0.0 -0.026 0.31623 990.0 2.0534 11.0 
0.08418 119.3323 94.0 2579.0 3.0 53.0 0.0 -2.7929 2.574 0.0 0.67082 1000.0 2.207 18.0 57.0 0.0 -0.7929 0.0 -0.726 0.64031 999.0 2.3703 16.0 59.0 1.6071 0.0 0.0 -3.426 0.64031 999.0 2.5 19.0 60.0 4.1071 0.0 0.0 -5.326 0.44721 997.0 2.2981 17.0 63.0 6.6071 0.0 0.0 -6.426 0.41231 996.0 2.3846 19.0 
0.77753 23.16855 92.0 252.0 3.0 65.0 0.0 -2.9929 0.174 0.0 0.5 998.0 2.5 13.0 69.0 0.2071 0.0 0.0 -0.026 0.5 995.0 2.5 11.0 73.0 3.0071 0.0 0.0 -0.326 0.41231 992.0 2.5 12.0 83.0 5.4071 0.0 0.0 -0.926 0.41231 985.0 2.5 10.0 93.0 7.5071 0.0 0.0 -1.626 0.31623 976.0 2.3875 8.0 
0.10492 237.69831 88.0 701.0 3.0 54.0 1.0071 0.0 4.374 0.0 0.5099 1000.0 2.291 12.0 53.0 1.9071 0.0 0.974 0.0 0.53852 999.0 2.0493 11.0 55.0 3.0071 0.0 0.0 -2.126 0.53852 998.0 2.0598 10.0 59.0 4.3071 0.0 0.0 -5.026 0.44721 997.0 2.2221 13.0 65.0 5.7071 0.0 0.0 -7.626 0.5 994.0 2.2712 10.0 
0.07012 135.31835 114.0 2358.0 3.0 46.0 0.0 -1.8929 0.874 0.0 0.44721 999.0 1.5437 15.0 47.0 0.0 -0.7929 0.0 -0.926 0.36056 997.0 1.4101 14.0 50.0 0.5071 0.0 0.0 -2.226 0.36056 995.0 1.4186 12.0 56.0 1.9071 0.0 0.0 -3.126 0.22361 993.0 1.6015 14.0 64.0 3.3071 0.0 0.0 -3.626 0.2 986.0 1.5495 11.0 
0.12779 134.51288 95.0 491.0 3.0 79.0 0.0 -1.5929 3.574 0.0 0.78102 993.0 2.5 10.0 82.0 1.0071 0.0 0.674 0.0 0.56569 990.0 2.5 11.0 86.0 3.3071 0.0 0.0 -1.226 0.42426 984.0 2.5 9.0 95.0 5.2071 0.0 0.0 -2.526 0.31623 974.0 2.3636 8.0 101.0 6.9071 0.0 0.0 -3.226 0.31623 967.0 2.265 7.0 
0.12346 110.21391 111.0 2012.0 3.0 64.0 0.0 -2.0929 0.874 0.0 0.3 992.0 1.9922 10.0 77.0 0.0 -0.1929 0.974 0.0 0.31623 985.0 2.1628 10.0 78.0 1.4071 0.0 1.274 0.0 0.31623 983.0 2.0713 9.0 85.0 2.9071 0.0 1.774 0.0 0.22361 978.0 2.1084 8.0 84.0 4.2071 0.0 2.274 0.0 0.22361 977.0 2.0019 8.0 
0.12836 147.73872 123.0 689.0 3.0 48.0 0.4071 0.0 1.674 0.0 0.22361 993.0 1.1766 10.0 53.0 0.9071 0.0 0.974 0.0 0.14142 990.0 1.2474 9.0 69.0 1.6071 0.0 0.374 0.0 0.22361 984.0 1.6768 9.0 87.0 2.5071 0.0 0.0 -0.426 0.22361 974.0 1.9822 8.0 96.0 3.5071 0.0 0.0 -1.326 0.28284 968.0 2.0918 7.0 
0.13397 227.86887 83.0 1252.0 3.0 82.0 0.0 -0.8929 6.774 0.0 1.07703 998.0 2.5 14.0 81.0 1.8071 0.0 0.974 0.0 0.98489 997.0 2.5 13.0 81.0 4.5071 0.0 0.0 -3.926 0.80623 996.0 2.5 15.0 82.0 6.9071 0.0 0.0 -7.926 0.64031 992.0 2.5 13.0 88.0 9.0071 0.0 0.0 -11.026 0.5 987.0 2.5 13.0 
0.08846 194.80947 96.0 1688.0 3.0 61.0 0.0 -1.0929 3.874 0.0 0.64031 1001.0 2.5 21.0 58.0 1.2071 0.0 1.274 0.0 0.56569 1000.0 2.5 19.0 54.0 3.3071 0.0 0.0 -0.626 0.36056 1000.0 2.291 18.0 50.0 5.1071 0.0 0.0 -1.826 0.31623 1000.0 1.9642 18.0 47.0 6.8071 0.0 0.0 -2.726 0.36056 1000.0 1.7355 19.0 
0.10947 158.13844 76.0 2590.0 3.0 51.0 0.0 -1.3929 1.974 0.0 0.41231 1000.0 2.0435 15.0 51.0 0.8071 0.0 1.174 0.0 0.31623 1000.0 2.0435 14.0 52.0 2.7071 0.0 0.574 0.0 0.3 998.0 1.8412 12.0 51.0 4.4071 0.0 0.074 0.0 0.31623 998.0 1.7711 12.0 50.0 6.0071 0.0 0.0 -0.526 0.22361 999.0 1.8239 12.0 
0.33337 22.67945 81.0 1658.0 3.0 53.0 0.0 -1.9929 1.574 0.0 0.42426 1000.0 2.207 15.0 53.0 0.1071 0.0 0.174 0.0 0.44721 999.0 2.0493 14.0 59.0 2.2071 0.0 0.0 -1.026 0.41231 997.0 2.2221 15.0 63.0 4.3071 0.0 0.0 -2.026 0.31623 996.0 2.3846 14.0 64.0 6.3071 0.0 0.0 -2.826 0.36056 994.0 2.2019 13.0 
0.1187 179.01056 86.0 604.0 3.0 68.0 0.0 -0.4929 5.174 0.0 0.94868 1000.0 2.5 12.0 61.0 1.5071 0.0 0.574 0.0 0.67082 1000.0 2.5 12.0 54.0 3.0071 0.0 0.0 -2.726 0.53852 999.0 2.1274 11.0 53.0 4.0071 0.0 0.0 -5.426 0.44721 997.0 1.7931 10.0 56.0 4.9071 0.0 0.0 -7.826 0.41231 996.0 1.8841 12.0 
0.05363 214.08578 123.0 636.0 3.0 44.0 1.1071 0.0 2.474 0.0 0.41231 1000.0 1.5211 20.0 44.0 1.8071 0.0 0.674 0.0 0.28284 999.0 1.4124 18.0 43.0 2.6071 0.0 0.0 -0.526 0.22361 999.0 1.3489 18.0 42.0 3.5071 0.0 0.0 -1.226 0.22361 999.0 1.2869 17.0 41.0 4.3071 0.0 0.0 -1.826 0.14142 999.0 1.2264 17.0 
0.05329 166.56534 95.0 2670.0 3.0 46.0 0.0 -2.2929 0.274 0.0 0.28284 997.0 1.3508 12.0 57.0 0.0 -0.7929 1.274 0.0 0.28284 995.0 1.8436 14.0 72.0 1.0071 0.0 2.374 0.0 0.44721 991.0 2.4067 11.0 82.0 3.5071 0.0 3.374 0.0 0.41231 988.0 2.5 10.0 81.0 6.1071 0.0 3.974 0.0 0.5099 988.0 2.5 10.0 
0.16094 130.85513 96.0 2337.0 3.0 54.0 0.0 -2.2929 1.674 0.0 0.41231 999.0 2.1274 18.0 63.0 0.1071 0.0 1.174 0.0 0.41231 997.0 2.5 15.0 66.0 2.6071 0.0 0.374 0.0 0.36056 995.0 2.4717 14.0 65.0 4.7071 0.0 0.0 -0.626 0.36056 994.0 2.2712 13.0 64.0 6.5071 0.0 0.0 -1.526 0.22361 993.0 2.0918 12.0 
0.1842 24.41152 119.0 2627.0 3.0 50.0 0.0 -0.4929 2.574 0.0 0.5099 999.0 1.8239 15.0 47.0 0.2071 0.0 0.074 0.0 0.44721 998.0 1.5041 10.0 50.0 1.1071 0.0 0.0 -2.126 0.36056 997.0 1.5959 13.0 53.0 2.2071 0.0 0.0 -3.826 0.36056 994.0 1.51 11.0 58.0 3.3071 0.0 0.0 -5.026 0.28284 990.0 1.4939 9.0 
0.07569 212.05435 106.0 1218.0 3.0 83.0 0.0 -0.1929 3.574 0.0 0.5 984.0 2.4263 10.0 84.0 1.5071 0.0 1.174 0.0 0.5 981.0 2.2521 9.0 103.0 3.1071 0.0 0.0 -0.826 0.36056 968.0 2.4079 9.0 124.0 4.6071 0.0 0.0 -2.226 0.36056 946.0 2.344 7.0 124.0 5.8071 0.0 0.0 -3.426 0.28284 943.0 2.2435 7.0 
0.24059 17.37652 102.0 209.0 3.0 51.0 0.0 -1.8929 1.674 0.0 0.42426 999.0 1.8976 11.0 49.0 0.0 -0.0929 0.0 -0.126 0.36056 999.0 1.7517 15.0 51.0 1.5071 0.0 0.0 -1.426 0.36056 997.0 1.6604 13.0 54.0 3.1071 0.0 0.0 -2.526 0.28284 995.0 1.6546 11.0 64.0 4.7071 0.0 0.0 -3.526 0.36056 993.0 2.0918 12.0 
0.10854 199.91302 102.0 425.0 3.0 46.0 0.9071 0.0 2.474 0.0 0.31623 998.0 1.4408 14.0 50.0 1.7071 0.0 0.574 0.0 0.36056 997.0 1.5959 17.0 55.0 2.7071 0.0 0.0 -1.026 0.28284 994.0 1.6261 14.0 61.0 3.9071 0.0 0.0 -2.326 0.28284 991.0 1.7275 12.0 74.0 5.2071 0.0 0.0 -3.326 0.36056 985.0 1.9975 12.0 
0.02698 262.51785 112.0 828.0 3.0 45.0 1.2071 0.0 3.274 0.0 0.41231 1000.0 1.591 12.0 45.0 2.1071 0.0 1.074 0.0 0.36056 999.0 1.4773 11.0 45.0 3.0071 0.0 0.0 -0.626 0.31623 998.0 1.3789 9.0 49.0 3.9071 0.0 0.0 -2.026 0.22361 996.0 1.4425 8.0 57.0 4.9071 0.0 0.0 -3.226 0.22361 993.0 1.6592 8.0 
0.09651 148.36538 95.0 1157.0 3.0 67.0 0.0 -0.9929 3.874 0.0 0.72111 998.0 2.5 10.0 60.0 1.2071 0.0 0.574 0.0 0.5 997.0 2.2981 10.0 59.0 3.0071 0.0 0.0 -1.826 0.5 997.0 2.2221 12.0 64.0 4.8071 0.0 0.0 -3.826 0.42426 993.0 2.0918 10.0 73.0 6.6071 0.0 0.0 -5.526 0.42426 988.0 2.1772 8.0 
0.24528 14.00819 80.0 2214.0 3.0 45.0 0.0 -1.3929 2.474 0.0 0.44721 1001.0 1.7236 17.0 52.0 0.0071 0.0 0.0 -0.126 0.5 1000.0 2.1245 15.0 54.0 1.9071 0.0 0.0 -2.426 0.42426 999.0 2.1274 14.0 53.0 3.6071 0.0 0.0 -3.826 0.36056 998.0 1.9127 16.0 56.0 5.1071 0.0 0.0 -4.426 0.3 995.0 1.7795 13.0 
0.17634 81.24308 87.0 2953.0 3.0 71.0 0.0 -3.4929 0.0 -0.226 0.6 995.0 2.5 11.0 84.0 0.0 -0.0929 0.0 -0.726 0.63246 989.0 2.5 8.0 96.0 3.2071 0.0 0.0 -1.826 0.63246 983.0 2.5 9.0 106.0 6.4071 0.0 0.0 -3.026 0.53852 976.0 2.5 8.0 104.0 9.4071 0.0 0.0 -4.126 0.53852 973.0 2.5 7.0 
0.53702 10.70814 104.0 2091.0 3.0 57.0 0.0 -2.1929 0.274 0.0 0.41231 996.0 1.952 12.0 62.0 0.0 -0.0929 0.0 -0.026 0.3 993.0 1.9631 12.0 69.0 1.7071 0.0 0.0 -0.026 0.22361 989.0 2.0261 11.0 79.0 3.2071 0.0 0.0 -0.126 0.22361 982.0 2.0563 9.0 93.0 4.7071 0.0 0.0 -0.026 0.2 972.0 2.1546 7.0 
0.05514 72.3143 92.0 2748.0 3.0 38.0 0.0 -1.8929 0.974 0.0 0.28284 1001.0 1.2291 13.0 40.0 0.0 -0.4929 0.0 -0.426 0.28284 1000.0 1.2571 12.0 44.0 0.9071 0.0 0.0 -2.026 0.28284 999.0 1.4124 11.0 49.0 2.3071 0.0 0.0 -3.726 0.5 998.0 1.6349 10.0 54.0 3.8071 0.0 0.0 -5.726 0.42426 997.0 1.8615 11.0 
0.05321 226.05788 96.0 860.0 3.0 47.0 0.0 -2.1929 0.0 -1.626 0.44721 1002.0 2.0511 24.0 49.0 0.2071 0.0 0.0 -2.026 0.4 1001.0 2.0436 21.0 51.0 2.4071 0.0 0.0 -1.626 0.44721 1000.0 2.0435 19.0 50.0 4.5071 0.0 0.0 -0.926 0.31623 1000.0 1.9642 18.0 49.0 6.4071 0.0 0.0 -0.526 0.31623 1000.0 1.8864 19.0 
0.18712 42.04636 101.0 225.0 3.0 52.0 0.0 -2.4929 1.374 0.0 0.5 999.0 1.9727 16.0 52.0 0.0 -0.1929 0.0 -0.326 0.42426 998.0 1.8412 15.0 51.0 1.7071 0.0 0.0 -1.926 0.36056 997.0 1.6604 18.0 52.0 3.3071 0.0 0.0 -3.226 0.22361 995.0 1.5343 16.0 58.0 4.8071 0.0 0.0 -4.126 0.36056 994.0 1.8084 18.0 
0.09604 51.90795 91.0 1812.0 3.0 64.0 0.0 -2.8929 2.674 0.0 0.70711 999.0 2.5 16.0 62.0 0.0 -0.1929 0.0 -0.426 0.64031 998.0 2.5 15.0 63.0 2.1071 0.0 0.0 -3.326 0.56569 996.0 2.3846 13.0 64.0 4.3071 0.0 0.0 -5.526 0.56569 994.0 2.2019 13.0 71.0 6.4071 0.0 0.0 -7.426 0.42426 990.0 2.2386 12.0 
0.28836 13.18352 112.0 1760.0 3.0 51.0 0.0 -1.4929 1.774 0.0 0.36056 997.0 1.6604 10.0 53.0 0.0 -0.0929 0.074 0.0 0.42426 997.0 1.7931 12.0 58.0 1.4071 0.0 0.0 -1.326 0.36056 993.0 1.7179 10.0 66.0 3.0071 0.0 0.0 -2.326 0.28284 989.0 1.8538 9.0 82.0 4.4071 0.0 0.0 -3.126 0.31623 980.0 2.0811 9.0 
0.14846 121.88924 93.0 2778.0 3.0 49.0 0.0 -1.1929 2.474 0.0 0.36056 998.0 1.6349 14.0 54.0 0.5071 0.0 0.974 0.0 0.36056 998.0 1.9855 17.0 65.0 2.5071 0.0 0.0 -0.326 0.5 995.0 2.3974 14.0 71.0 4.8071 0.0 0.0 -1.726 0.44721 993.0 2.5 12.0 72.0 7.1071 0.0 0.0 -3.126 0.36056 992.0 2.5 12.0 
0.0372 238.77972 104.0 1011.0 3.0 50.0 1.3071 0.0 3.074 0.0 0.41231 998.0 1.7023 10.0 50.0 2.0071 0.0 0.774 0.0 0.31623 996.0 1.502 9.0 55.0 2.8071 0.0 0.0 -1.026 0.28284 994.0 1.6261 10.0 63.0 3.7071 0.0 0.0 -2.326 0.22361 988.0 1.6215 8.0 78.0 4.6071 0.0 0.0 -3.226 0.22361 980.0 1.883 8.0 
0.20975 142.73178 96.0 1301.0 3.0 72.0 0.0 -1.5929 2.774 0.0 0.56569 992.0 2.5 9.0 76.0 0.7071 0.0 1.074 0.0 0.36056 989.0 2.4581 10.0 91.0 2.9071 0.0 0.0 -0.026 0.41231 980.0 2.5 8.0 106.0 5.1071 0.0 0.0 -0.826 0.36056 967.0 2.4948 7.0 104.0 6.9071 0.0 0.0 -1.526 0.22361 965.0 2.3015 7.0 
0.25125 72.25976 92.0 1891.0 3.0 61.0 0.0 -2.2929 1.474 0.0 0.53852 997.0 2.3753 12.0 64.0 0.3071 0.0 0.574 0.0 0.41231 994.0 2.2019 11.0 72.0 2.7071 0.0 0.274 0.0 0.4 991.0 2.4067 11.0 81.0 5.0071 0.0 0.374 0.0 0.4 986.0 2.4819 10.0 88.0 7.3071 0.0 0.374 0.0 0.5 983.0 2.5 9.0 
0.0782 152.12534 98.0 320.0 3.0 48.0 0.0 -1.0929 2.174 0.0 0.36056 1000.0 1.8102 15.0 49.0 0.7071 0.0 1.174 0.0 0.31623 999.0 1.7517 14.0 54.0 2.5071 0.0 0.574 0.0 0.31623 997.0 1.8615 15.0 59.0 4.2071 0.0 0.274 0.0 0.2 995.0 1.9752 13.0 62.0 5.8071 0.0 0.274 0.0 0.3 993.0 1.9631 12.0 
0.01661 158.48244 82.0 1220.0 3.0 52.0 0.0 -2.9929 1.574 0.0 0.5 1001.0 2.3015 13.0 51.0 0.0 -0.9929 0.0 -1.026 0.64031 1000.0 2.0435 12.0 53.0 0.8071 0.0 0.0 -3.626 0.5 999.0 2.0493 11.0 55.0 2.6071 0.0 0.0 -6.026 0.5 997.0 1.931 10.0 58.0 4.4071 0.0 0.0 -8.026 0.42426 996.0 2.0211 12.0 
0.18503 121.41017 92.0 1394.0 3.0 58.0 0.0 -2.3929 1.574 0.0 0.5099 998.0 2.2906 13.0 61.0 0.2071 0.0 1.074 0.0 0.4 997.0 2.3753 16.0 70.0 2.8071 0.0 0.474 0.0 0.41231 994.0 2.5 13.0 75.0 5.3071 0.0 0.0 -0.426 0.41231 991.0 2.5 11.0 76.0 7.5071 0.0 0.0 -1.426 0.31623 989.0 2.4581 11.0 
0.0918 80.58985 99.0 1046.0 3.0 38.0 0.0 -1.2929 0.0 -0.326 0.31623 1001.0 1.2291 12.0 38.0 0.0071 0.0 0.0 -0.726 0.31623 1001.0 1.2291 13.0 45.0 1.3071 0.0 0.0 -1.026 0.2 999.0 1.4773 13.0 49.0 2.6071 0.0 0.0 -1.026 0.2 998.0 1.6349 11.0 49.0 3.8071 0.0 0.0 -0.826 0.2 997.0 1.5327 11.0 
0.15881 103.89543 114.0 1116.0 3.0 47.0 0.0 -0.2929 2.474 0.0 0.36056 999.0 1.6116 14.0 52.0 0.8071 0.0 0.474 0.0 0.36056 997.0 1.7261 12.0 63.0 2.1071 0.0 0.0 -1.126 0.36056 993.0 2.0269 12.0 61.0 3.6071 0.0 0.0 -2.026 0.36056 993.0 1.9003 12.0 60.0 4.9071 0.0 0.0 -2.626 0.22361 992.0 1.7509 12.0 
0.15018 87.40194 103.0 1916.0 3.0 52.0 0.0 -1.0929 2.174 0.0 0.42426 997.0 1.7261 12.0 55.0 0.4071 0.0 0.674 0.0 0.36056 995.0 1.7165 11.0 63.0 2.0071 0.0 0.0 -0.526 0.22361 991.0 1.8426 11.0 77.0 3.6071 0.0 0.0 -1.526 0.36056 985.0 2.1628 10.0 90.0 5.3071 0.0 0.0 -2.726 0.28284 976.0 2.236 8.0 
0.11729 171.69251 84.0 918.0 3.0 71.0 0.0 -2.2929 3.874 0.0 0.70711 998.0 2.5 17.0 76.0 1.0071 0.0 1.174 0.0 0.64031 997.0 2.5 15.0 81.0 4.4071 0.0 0.0 -1.026 0.72801 995.0 2.5 13.0 78.0 8.0071 0.0 0.0 -2.026 0.6 995.0 2.5 13.0 68.0 11.1071 0.0 0.0 -2.126 0.5099 996.0 2.5 14.0 
0.11111 60.18886 95.0 2149.0 3.0 66.0 0.0 -3.5929 2.074 0.0 0.72111 999.0 2.5 11.0 63.0 0.0 -0.4929 0.0 -0.226 0.64031 997.0 2.5 10.0 62.0 2.1071 0.0 0.0 -2.126 0.44721 997.0 2.4538 12.0 65.0 4.4071 0.0 0.0 -3.626 0.44721 994.0 2.2712 10.0 70.0 6.5071 0.0 0.0 -4.926 0.36056 990.0 2.176 9.0 
0.42406 38.12432 94.0 1347.0 3.0 60.0 0.0 -2.9929 2.274 0.0 0.64031 1001.0 2.5 17.0 59.0 0.2071 0.0 0.274 0.0 0.5831 1000.0 2.5 15.0 55.0 2.9071 0.0 0.0 -0.626 0.4 998.0 2.0598 14.0 56.0 5.1071 0.0 0.0 -0.926 0.31623 997.0 2.0019 16.0 62.0 6.9071 0.0 0.0 -1.426 0.31623 994.0 2.0664 13.0 
0.12397 109.18961 104.0 1694.0 3.0 60.0 0.0 -1.2929 3.274 0.0 0.5 997.0 2.2981 12.0 62.0 0.6071 0.0 0.774 0.0 0.42426 996.0 2.3095 11.0 66.0 2.4071 0.0 0.0 -1.126 0.42426 994.0 2.3416 13.0 73.0 4.1071 0.0 0.0 -2.526 0.22361 987.0 2.0934 10.0 83.0 5.4071 0.0 0.0 -3.326 0.22361 979.0 2.0695 8.0 
0.09924 155.51597 89.0 2649.0 3.0 62.0 0.0 -1.9929 3.574 0.0 0.72111 999.0 2.5 11.0 63.0 1.0071 0.0 0.974 0.0 0.56569 999.0 2.5 14.0 66.0 3.7071 0.0 0.0 -1.426 0.64031 997.0 2.5 12.0 74.0 5.8071 0.0 0.0 -4.526 0.63246 993.0 2.5 10.0 87.0 7.3071 0.0 0.0 -8.126 0.67082 989.0 2.5 11.0 
0.46579 80.58985 92.0 2174.0 3.0 57.0 0.0 -2.8929 0.0 -1.326 0.5 1001.0 2.5 22.0 56.0 0.0071 0.0 0.0 -0.726 0.53852 1000.0 2.4639 20.0 56.0 2.5071 0.0 0.574 0.0 0.44721 1000.0 2.4639 19.0 56.0 5.0071 0.0 2.074 0.0 0.44721 1000.0 2.4639 19.0 54.0 7.4071 0.0 3.574 0.0 0.5 1001.0 2.4819 20.0 
0.39718 2.99167 102.0 2833.0 3.0 43.0 0.0 -1.4929 0.774 0.0 0.22361 999.0 1.3489 14.0 49.0 0.0071 0.0 0.0 -0.026 0.22361 997.0 1.5327 13.0 61.0 1.7071 0.0 0.0 -0.926 0.31623 995.0 2.1114 13.0 63.0 3.5071 0.0 0.0 -1.826 0.36056 994.0 2.1336 13.0 64.0 5.2071 0.0 0.0 -2.826 0.36056 993.0 2.0918 12.0 
0.327 45.28017 152.0 411.0 3.0 34.0 0.6071 0.0 0.0 -0.226 0.14142 999.0 1.0 17.0 36.0 0.4071 0.0 0.0 -0.026 0.1 998.0 1.0 16.0 41.0 0.4071 0.0 0.374 0.0 0.1 997.0 1.0731 15.0 47.0 0.6071 0.0 1.074 0.0 0.2 995.0 1.2535 14.0 53.0 0.9071 0.0 2.074 0.0 0.2 993.0 1.4345 13.0 
0.27046 8.25172 100.0 1681.0 3.0 45.0 0.0 -1.5929 1.974 0.0 0.36056 1001.0 1.7236 18.0 46.0 0.0071 0.0 0.074 0.0 0.42426 1001.0 1.801 17.0 48.0 1.7071 0.0 0.0 -1.626 0.42426 1000.0 1.8102 15.0 49.0 3.4071 0.0 0.0 -3.026 0.36056 999.0 1.7517 16.0 54.0 5.1071 0.0 0.0 -3.926 0.22361 997.0 1.8615 15.0 
0.37996 132.05205 85.0 2802.0 3.0 86.0 0.0 -2.7929 4.874 0.0 1.0 996.0 2.5 19.0 84.0 0.8071 0.0 0.874 0.0 0.78102 995.0 2.5 16.0 84.0 4.2071 0.0 0.0 -1.826 0.72111 993.0 2.5 16.0 81.0 7.4071 0.0 0.0 -3.826 0.5831 992.0 2.5 16.0 76.0 10.1071 0.0 0.0 -5.526 0.5 991.0 2.5 14.0 
0.03398 230.71254 106.0 1464.0 3.0 52.0 0.0 -3.5929 0.0 -0.626 0.44721 1001.0 2.3015 17.0 52.0 0.0 -0.9929 0.0 -1.826 0.44721 1000.0 2.1245 16.0 52.0 1.3071 0.0 0.0 -2.726 0.31623 999.0 1.9727 14.0 54.0 3.3071 0.0 0.0 -3.226 0.3 998.0 1.9855 16.0 60.0 5.0071 0.0 0.0 -3.226 0.31623 994.0 1.9352 13.0 
0.24026 47.45382 122.0 938.0 3.0 46.0 0.0 -0.4929 0.774 0.0 0.14142 992.0 1.0292 10.0 49.0 0.2071 0.0 0.374 0.0 0.1 991.0 1.1147 10.0 52.0 0.9071 0.0 0.074 0.0 0.14142 989.0 1.1507 9.0 64.0 1.6071 0.0 0.0 -0.426 0.1 984.0 1.4426 10.0 86.0 2.4071 0.0 0.0 -0.826 0.22361 972.0 1.8425 10.0 
0.24554 53.71602 88.0 1814.0 3.0 58.0 0.0 -1.3929 4.174 0.0 0.76158 999.0 2.4542 17.0 59.0 0.3071 0.0 0.374 0.0 0.67082 998.0 2.3703 15.0 58.0 2.3071 0.0 0.0 -2.826 0.5831 998.0 2.2906 14.0 58.0 4.1071 0.0 0.0 -5.426 0.5 996.0 2.0211 13.0 59.0 5.7071 0.0 0.0 -7.626 0.36056 994.0 1.8713 13.0 
0.07133 159.72767 95.0 3075.0 3.0 54.0 0.0 -2.2929 0.0 -0.626 0.44721 997.0 1.8615 12.0 62.0 0.0 -0.1929 0.0 -1.426 0.31623 993.0 1.9631 10.0 78.0 1.9071 0.0 0.0 -2.026 0.31623 987.0 2.39 10.0 82.0 4.1071 0.0 0.0 -2.326 0.41231 986.0 2.5 10.0 85.0 6.4071 0.0 0.0 -2.726 0.41231 984.0 2.5 9.0 
0.17827 85.01661 99.0 2232.0 3.0 49.0 0.0 -0.8929 2.374 0.0 0.36056 999.0 1.7517 18.0 50.0 0.5071 0.0 0.574 0.0 0.28284 999.0 1.8239 18.0 59.0 2.3071 0.0 0.0 -0.926 0.44721 997.0 2.2221 16.0 61.0 4.4071 0.0 0.0 -2.326 0.36056 996.0 2.2356 14.0 59.0 6.2071 0.0 0.0 -3.526 0.36056 996.0 2.0914 14.0 
0.14902 116.7183 98.0 1645.0 3.0 69.0 0.0 -1.4929 3.874 0.0 0.72111 997.0 2.5 12.0 73.0 0.8071 0.0 0.674 0.0 0.5 993.0 2.5 10.0 77.0 2.9071 0.0 0.0 -1.626 0.42426 988.0 2.4223 10.0 89.0 4.7071 0.0 0.0 -3.026 0.36056 978.0 2.3115 8.0 99.0 6.3071 0.0 0.0 -4.026 0.31623 968.0 2.2245 7.0 
0.05803 204.62411 93.0 3067.0 3.0 58.0 0.0 -1.4929 3.774 0.0 0.56569 1001.0 2.5 17.0 56.0 1.1071 0.0 1.474 0.0 0.56569 1000.0 2.4639 16.0 56.0 3.4071 0.0 0.0 -0.526 0.44721 999.0 2.2879 18.0 59.0 5.6071 0.0 0.0 -2.026 0.42426 997.0 2.2221 15.0 59.0 7.3071 0.0 0.0 -3.326 0.36056 996.0 2.0914 14.0 
0.06063 166.06974 100.0 2308.0 3.0 41.0 0.0 -2.3929 0.0 -0.026 0.28284 1000.0 1.3207 15.0 44.0 0.0 -0.6929 0.0 -1.326 0.36056 1000.0 1.5211 16.0 48.0 1.2071 0.0 0.0 -2.426 0.36056 998.0 1.5688 15.0 54.0 3.2071 0.0 0.0 -3.626 0.44721 997.0 1.8615 13.0 59.0 5.3071 0.0 0.0 -4.926 0.42426 995.0 1.9752 13.0 
0.31721 28.83574 92.0 157.0 3.0 66.0 0.0 -3.2929 3.274 0.0 0.78102 1000.0 2.5 16.0 68.0 0.0 -0.1929 0.174 0.0 0.70711 998.0 2.5 14.0 65.0 2.7071 0.0 0.0 -2.226 0.64031 997.0 2.5 13.0 66.0 5.3071 0.0 0.0 -4.026 0.5 996.0 2.5 15.0 70.0 7.6071 0.0 0.0 -5.626 0.42426 993.0 2.5 12.0 
0.10344 77.04923 112.0 1471.0 3.0 44.0 0.0 -0.2929 2.174 0.0 0.31623 999.0 1.4124 10.0 44.0 0.5071 0.0 0.474 0.0 0.36056 998.0 1.3183 10.0 46.0 1.5071 0.0 0.0 -1.026 0.22361 997.0 1.3508 11.0 50.0 2.5071 0.0 0.0 -2.126 0.14142 995.0 1.4186 11.0 57.0 3.5071 0.0 0.0 -2.926 0.22361 992.0 1.5802 9.0 
0.03187 242.05755 103.0 2125.0 3.0 49.0 0.8071 0.0 3.274 0.0 0.41231 998.0 1.6349 13.0 52.0 1.6071 0.0 1.474 0.0 0.28284 996.0 1.6246 13.0 58.0 2.6071 0.0 0.274 0.0 0.14142 992.0 1.6361 12.0 66.0 3.7071 0.0 0.0 -0.226 0.2 988.0 1.7796 10.0 76.0 5.0071 0.0 0.0 -0.126 0.2 983.0 1.9665 9.0 
0.15659 42.04636 97.0 414.0 3.0 47.0 0.0 -2.0929 2.074 0.0 0.5 1002.0 2.0511 19.0 49.0 0.0 -0.1929 0.0 -0.326 0.56569 1001.0 2.0436 17.0 50.0 1.9071 0.0 0.0 -2.326 0.42426 1000.0 1.9642 16.0 52.0 3.9071 0.0 0.0 -4.026 0.42426 999.0 1.9727 14.0 57.0 5.9071 0.0 0.0 -5.426 0.44721 998.0 2.2123 16.0 
0.12946 82.21395 202.0 2301.0 3.0 42.0 0.0 -0.8929 1.674 0.0 0.28284 1000.0 1.3859 16.0 40.0 0.3071 0.0 0.674 0.0 0.22361 1000.0 1.2571 15.0 43.0 1.6071 0.0 0.274 0.0 0.2 999.0 1.3489 18.0 49.0 2.8071 0.0 0.374 0.0 0.2 997.0 1.5327 15.0 51.0 4.0071 0.0 0.674 0.0 0.2 996.0 1.5627 14.0 
0.08832 209.26802 103.0 176.0 3.0 53.0 0.0071 0.0 0.0 -2.226 0.22361 992.0 1.3662 13.0 72.0 1.1071 0.0 0.0 -1.526 0.22361 985.0 1.891 13.0 84.0 2.5071 0.0 0.0 -0.426 0.36056 980.0 2.1839 11.0 97.0 4.0071 0.0 0.874 0.0 0.31623 970.0 2.2349 9.0 97.0 5.5071 0.0 1.674 0.0 0.22361 964.0 1.9612 7.0 
0.0994 106.76945 87.0 922.0 3.0 61.0 0.0 -3.9929 1.274 0.0 0.78102 1001.0 2.5 24.0 63.0 0.0 -0.4929 0.0 -0.826 0.67082 1001.0 2.5 21.0 65.0 3.0071 0.0 0.0 -2.026 0.60828 1000.0 2.5 19.0 63.0 6.5071 0.0 0.0 -2.326 0.60828 1000.0 2.5 19.0 57.0 9.6071 0.0 0.0 -1.926 0.5099 1000.0 2.5 19.0 
0.13331 170.03035 83.0 655.0 3.0 62.0 0.5071 0.0 4.674 0.0 0.82462 999.0 2.5 12.0 60.0 1.5071 0.0 0.274 0.0 0.72801 998.0 2.4513 11.0 59.0 2.6071 0.0 0.0 -3.526 0.53852 998.0 2.3703 12.0 62.0 4.1071 0.0 0.0 -6.726 0.53852 996.0 2.3095 12.0 66.0 5.6071 0.0 0.0 -9.426 0.5 992.0 2.1186 10.0 
0.05537 183.08024 78.0 145.0 3.0 42.0 0.0 -2.8929 1.174 0.0 0.41231 1002.0 1.6379 24.0 50.0 0.0 -0.4929 1.574 0.0 0.41231 1001.0 2.1279 22.0 54.0 2.1071 0.0 2.174 0.0 0.44721 1001.0 2.4819 20.0 51.0 4.5071 0.0 3.074 0.0 0.36056 1000.0 2.0435 19.0 47.0 6.3071 0.0 3.974 0.0 0.31623 1000.0 1.7355 19.0 
0.10334 159.94659 116.0 2783.0 3.0 43.0 0.0 -0.9929 0.0 -1.626 0.2 997.0 1.1803 17.0 52.0 0.2071 0.0 0.0 -1.426 0.2 994.0 1.4536 14.0 66.0 1.4071 0.0 0.0 -1.326 0.2 989.0 1.8538 14.0 70.0 2.7071 0.0 0.0 -1.426 0.2 987.0 1.9249 13.0 72.0 4.0071 0.0 0.0 -1.526 0.2 985.0 1.891 12.0 
0.14301 182.75288 92.0 800.0 3.0 66.0 0.0 -1.8929 2.774 0.0 0.5831 997.0 2.5 9.0 69.0 0.9071 0.0 1.374 0.0 0.41231 995.0 2.5 10.0 74.0 3.4071 0.0 0.674 0.0 0.41231 991.0 2.5 8.0 76.0 5.7071 0.0 0.474 0.0 0.3 988.0 2.3598 8.0 74.0 7.5071 0.0 0.474 0.0 0.3 987.0 2.1512 7.0 
0.42294 28.83574 117.0 1442.0 3.0 41.0 0.0 -1.2929 0.174 0.0 0.22361 999.0 1.2264 27.0 47.0 0.0 -0.1929 0.174 0.0 0.22361 997.0 1.4101 25.0 48.0 0.9071 0.0 0.774 0.0 0.22361 997.0 1.4708 24.0 50.0 2.0071 0.0 1.274 0.0 0.22361 996.0 1.502 23.0 52.0 3.1071 0.0 1.674 0.0 0.1 995.0 1.5343 22.0 
0.14467 119.80528 277.0 2228.0 3.0 60.0 0.0 -1.9929 1.574 0.0 0.31623 995.0 2.0427 11.0 66.0 0.1071 0.0 1.074 0.0 0.4 993.0 2.2245 13.0 74.0 2.3071 0.0 1.174 0.0 0.3 989.0 2.3304 11.0 78.0 4.3071 0.0 1.574 0.0 0.31623 986.0 2.3015 10.0 74.0 6.1071 0.0 2.174 0.0 0.22361 987.0 2.1512 10.0 
0.12745 152.2047 71.0 2108.0 3.0 56.0 0.0 -1.3929 2.174 0.0 0.36056 998.0 2.1353 17.0 59.0 0.5071 0.0 1.274 0.0 0.31623 996.0 2.0914 14.0 61.0 2.3071 0.0 0.774 0.0 0.31623 995.0 2.1114 13.0 59.0 4.2071 0.0 0.374 0.0 0.3 996.0 2.0914 14.0 57.0 6.0071 0.0 0.074 0.0 0.31623 997.0 2.074 15.0 
0.24815 32.65484 113.0 243.0 3.0 65.0 0.0 -1.4929 1.674 0.0 0.36056 992.0 2.0549 10.0 68.0 0.1071 0.0 0.274 0.0 0.28284 986.0 1.7492 8.0 86.0 1.3071 0.0 0.0 -0.826 0.22361 973.0 1.8885 8.0 105.0 2.5071 0.0 0.0 -1.626 0.22361 960.0 2.1246 8.0 101.0 3.7071 0.0 0.0 -2.126 0.22361 962.0 2.0429 8.0 
0.11314 82.03842 99.0 2614.0 3.0 64.0 0.0 -3.0929 2.774 0.0 0.78102 1000.0 2.5 18.0 59.0 0.0 -0.3929 0.0 -0.626 0.56569 1000.0 2.5 22.0 55.0 2.0071 0.0 0.0 -2.926 0.5 999.0 2.2069 20.0 53.0 3.9071 0.0 0.0 -4.726 0.36056 997.0 1.7931 18.0 54.0 5.7071 0.0 0.0 -5.926 0.22361 996.0 1.752 20.0 
0.03626 260.90683 99.0 1635.0 3.0 56.0 0.0071 0.0 4.574 0.0 0.72111 1001.0 2.5 18.0 55.0 1.9071 0.0 1.374 0.0 0.5831 1001.0 2.5 22.0 54.0 3.6071 0.0 0.0 -1.226 0.5 1000.0 2.291 19.0 53.0 5.1071 0.0 0.0 -3.226 0.42426 999.0 2.0493 17.0 54.0 6.4071 0.0 0.0 -4.826 0.36056 997.0 1.8615 15.0 
0.16478 51.90795 123.0 664.0 3.0 37.0 0.0 -0.9929 0.0 -0.226 0.14142 999.0 1.0 15.0 40.0 0.0 -0.1929 0.0 -0.426 0.22361 997.0 1.0214 13.0 44.0 0.6071 0.0 0.0 -0.626 0.14142 994.0 1.0407 11.0 53.0 1.2071 0.0 0.0 -1.026 0.1 991.0 1.3041 12.0 61.0 2.0071 0.0 0.0 -1.426 0.1 987.0 1.4617 11.0 
0.02544 304.75204 99.0 2986.0 3.0 56.0 0.2071 0.0 0.0 -3.026 0.36056 996.0 1.8841 11.0 62.0 1.6071 0.0 0.0 -2.226 0.22361 992.0 1.8696 12.0 61.0 2.7071 0.0 0.0 -1.626 0.14142 991.0 1.7275 11.0 63.0 3.5071 0.0 0.0 -1.026 0.1 989.0 1.6891 11.0 68.0 4.4071 0.0 0.0 -0.526 0.14142 987.0 1.8165 10.0 
0.06252 232.85955 118.0 617.0 3.0 59.0 1.2071 0.0 1.974 0.0 0.22361 992.0 1.693 16.0 66.0 1.9071 0.0 0.874 0.0 0.14142 988.0 1.7796 13.0 73.0 2.6071 0.0 0.0 -0.026 0.14142 982.0 1.7558 12.0 85.0 3.3071 0.0 0.0 -0.626 0.14142 974.0 1.8922 10.0 94.0 4.1071 0.0 0.0 -1.226 0.22361 966.0 1.9202 9.0 
0.20928 13.18352 92.0 1264.0 3.0 65.0 0.0 -3.1929 3.274 0.0 0.70711 1000.0 2.5 13.0 63.0 0.0 -0.0929 0.074 0.0 0.72111 1000.0 2.5 12.0 61.0 2.5071 0.0 0.0 -3.226 0.64031 999.0 2.5 11.0 58.0 4.6071 0.0 0.0 -5.726 0.56569 998.0 2.2906 13.0 60.0 6.5071 0.0 0.0 -7.426 0.42426 995.0 2.0427 11.0 
0.09513 48.64617 149.0 1692.0 3.0 43.0 0.0 -1.4929 1.074 0.0 0.28284 1000.0 1.4527 11.0 42.0 0.0 -0.2929 0.0 -0.326 0.22361 999.0 1.2869 12.0 43.0 0.5071 0.0 0.0 -1.326 0.14142 997.0 1.1803 13.0 48.0 1.2071 0.0 0.0 -2.026 0.14142 994.0 1.2385 10.0 64.0 1.9071 0.0 0.0 -2.326 0.14142 987.0 1.6091 10.0 
0.09458 263.49741 89.0 1757.0 3.0 54.0 1.4071 0.0 4.574 0.0 0.60828 1000.0 2.291 13.0 54.0 2.2071 0.0 0.874 0.0 0.63246 1000.0 2.291 12.0 53.0 3.2071 0.0 0.0 -2.326 0.5099 998.0 1.9127 10.0 53.0 4.1071 0.0 0.0 -5.026 0.36056 997.0 1.7931 9.0 57.0 5.3071 0.0 0.0 -7.126 0.36056 995.0 1.8436 11.0 
0.02731 197.98139 116.0 1039.0 3.0 52.0 0.0 -2.9929 0.574 0.0 0.5 999.0 1.9727 15.0 52.0 0.0 -1.1929 0.0 -1.326 0.42426 998.0 1.8412 14.0 55.0 0.6071 0.0 0.0 -2.626 0.36056 995.0 1.7165 12.0 58.0 2.2071 0.0 0.0 -3.526 0.28284 993.0 1.7179 13.0 67.0 3.5071 0.0 0.0 -4.126 0.2 985.0 1.6375 10.0 
0.01424 97.40378 80.0 1240.0 3.0 76.0 0.0 -3.7929 3.974 0.0 1.0 999.0 2.5 11.0 76.0 0.0 -0.4929 0.0 -0.726 0.92195 999.0 2.5 14.0 77.0 2.7071 0.0 0.0 -4.726 0.72111 996.0 2.5 12.0 77.0 5.4071 0.0 0.0 -7.926 0.64031 993.0 2.5 10.0 83.0 7.8071 0.0 0.0 -10.326 0.5 988.0 2.5 10.0 
0.15009 92.73958 105.0 3063.0 3.0 62.0 0.0 -0.8929 1.874 0.0 0.36056 993.0 1.9631 13.0 70.0 0.6071 0.0 0.574 0.0 0.36056 990.0 2.176 11.0 76.0 2.2071 0.0 0.0 -0.626 0.28284 987.0 2.269 10.0 81.0 3.7071 0.0 0.0 -1.726 0.36056 983.0 2.2337 9.0 84.0 5.2071 0.0 0.0 -2.726 0.22361 979.0 2.1196 8.0 
0.14324 140.40892 95.0 1105.0 3.0 65.0 0.0 -1.9929 3.574 0.0 0.70711 999.0 2.5 17.0 68.0 0.8071 0.0 0.974 0.0 0.5 998.0 2.5 16.0 65.0 3.3071 0.0 0.0 -1.026 0.5 997.0 2.5 15.0 59.0 5.5071 0.0 0.0 -2.726 0.42426 997.0 2.2221 15.0 55.0 7.1071 0.0 0.0 -4.326 0.42426 998.0 2.0598 16.0 
0.02829 91.51722 80.0 2458.0 3.0 68.0 0.0 -3.2929 4.474 0.0 0.9434 1000.0 2.5 12.0 66.0 0.0 -0.7929 0.0 -0.226 0.76158 999.0 2.5 11.0 66.0 1.4071 0.0 0.0 -4.226 0.67082 998.0 2.5 10.0 69.0 3.6071 0.0 0.0 -7.726 0.64031 996.0 2.5 12.0 73.0 5.9071 0.0 0.0 -10.726 0.5 993.0 2.5 10.0 
0.22133 116.7183 96.0 1392.0 3.0 63.0 0.0 -1.6929 2.874 0.0 0.56569 998.0 2.5 17.0 68.0 0.8071 0.0 0.674 0.0 0.5 996.0 2.5 17.0 75.0 3.3071 0.0 0.0 -1.226 0.5 992.0 2.5 15.0 76.0 5.3071 0.0 0.0 -2.826 0.36056 989.0 2.4581 14.0 74.0 6.9071 0.0 0.0 -4.026 0.28284 987.0 2.1512 13.0 
0.14421 227.64058 86.0 958.0 3.0 74.0 0.0 -1.3929 5.974 0.0 1.0 1000.0 2.5 12.0 72.0 1.6071 0.0 1.274 0.0 0.89443 998.0 2.5 10.0 68.0 3.7071 0.0 0.0 -2.926 0.67082 997.0 2.5 9.0 66.0 5.4071 0.0 0.0 -6.226 0.44721 995.0 2.4717 11.0 69.0 6.9071 0.0 0.0 -8.526 0.42426 990.0 2.1142 9.0 
0.15263 92.42951 103.0 415.0 3.0 53.0 0.0 -1.2929 2.074 0.0 0.42426 998.0 1.9127 17.0 54.0 0.3071 0.0 0.774 0.0 0.36056 997.0 1.8615 15.0 57.0 1.8071 0.0 0.0 -0.026 0.22361 995.0 1.8436 13.0 60.0 3.2071 0.0 0.0 -0.326 0.2 993.0 1.8385 12.0 64.0 4.7071 0.0 0.0 -0.226 0.3 992.0 1.9922 12.0 
0.12991 25.57494 93.0 1188.0 3.0 60.0 0.0 -2.7929 3.074 0.0 0.70711 1000.0 2.5 13.0 58.0 0.0 -0.1929 0.0 -0.126 0.64031 1000.0 2.5 11.0 57.0 2.1071 0.0 0.0 -2.826 0.5 998.0 2.2123 10.0 57.0 4.1071 0.0 0.0 -5.026 0.42426 998.0 2.2123 13.0 60.0 5.9071 0.0 0.0 -6.826 0.36056 995.0 2.0427 11.0 
0.12063 132.90397 104.0 2495.0 3.0 47.0 0.0 -1.0929 0.0 -1.826 0.3 998.0 1.5041 13.0 52.0 0.4071 0.0 0.0 -1.126 0.31623 995.0 1.5343 11.0 60.0 1.8071 0.0 0.0 -0.526 0.2 992.0 1.7509 12.0 70.0 3.2071 0.0 0.0 -0.326 0.22361 987.0 1.9249 10.0 81.0 4.7071 0.0 0.0 -0.626 0.22361 981.0 2.0941 9.0 
0.11332 143.27028 84.0 2561.0 3.0 46.0 0.0 -1.1929 1.474 0.0 0.2 999.0 1.5437 17.0 49.0 0.2071 0.0 1.274 0.0 0.3 998.0 1.6349 16.0 56.0 1.6071 0.0 1.174 0.0 0.3 995.0 1.7795 13.0 59.0 3.0071 0.0 1.174 0.0 0.2 994.0 1.8713 12.0 58.0 4.2071 0.0 1.274 0.0 0.22361 993.0 1.7179 12.0 
0.0822 218.30081 90.0 1680.0 3.0 62.0 0.0 -0.7929 3.974 0.0 0.5831 996.0 2.3095 17.0 67.0 1.4071 0.0 1.374 0.0 0.5 995.0 2.5 19.0 74.0 3.7071 0.0 0.0 -0.526 0.44721 992.0 2.5 20.0 81.0 6.0071 0.0 0.0 -1.726 0.41231 986.0 2.4819 16.0 86.0 8.1071 0.0 0.0 -2.326 0.4 981.0 2.3606 14.0 
0.0612 167.12732 79.0 1823.0 3.0 60.0 0.0 -3.2929 2.174 0.0 0.60828 1002.0 2.5 25.0 59.0 0.3071 0.0 1.474 0.0 0.60828 1001.0 2.5 22.0 57.0 3.4071 0.0 1.274 0.0 0.5 1001.0 2.5 20.0 57.0 6.4071 0.0 1.374 0.0 0.5099 1000.0 2.5 19.0 53.0 9.0071 0.0 1.874 0.0 0.44721 1001.0 2.3909 20.0 
0.4763 61.36266 102.0 80.0 3.0 68.0 0.0 -1.4929 2.874 0.0 0.56569 994.0 2.4857 10.0 68.0 0.4071 0.0 0.374 0.0 0.5 993.0 2.3614 10.0 75.0 2.2071 0.0 0.0 -1.726 0.42426 987.0 2.2097 8.0 86.0 3.9071 0.0 0.0 -3.126 0.31623 980.0 2.2891 9.0 106.0 5.4071 0.0 0.0 -3.926 0.3 961.0 2.207 6.0 
0.31765 62.18838 91.0 1522.0 3.0 56.0 0.0 -2.9929 0.174 0.0 0.5099 998.0 2.1353 14.0 62.0 0.0 -0.1929 0.0 -0.526 0.5099 997.0 2.4538 17.0 69.0 2.9071 0.0 0.0 -1.626 0.53852 996.0 2.5 16.0 64.0 5.7071 0.0 0.0 -2.926 0.44721 996.0 2.4609 15.0 58.0 7.9071 0.0 0.0 -4.226 0.36056 995.0 1.9088 11.0 
0.47541 32.65484 94.0 1977.0 3.0 58.0 0.0 -1.8929 1.774 0.0 0.42426 996.0 2.0211 12.0 64.0 0.1071 0.0 0.274 0.0 0.42426 993.0 2.0918 10.0 77.0 2.3071 0.0 0.0 -1.026 0.44721 989.0 2.5 11.0 90.0 4.7071 0.0 0.0 -2.226 0.44721 982.0 2.5 9.0 92.0 7.0071 0.0 0.0 -3.526 0.42426 979.0 2.5 8.0 
0.43425 59.58399 109.0 147.0 3.0 55.0 0.0 -2.7929 0.0 -1.426 0.53852 1002.0 2.5 23.0 55.0 0.1071 0.0 0.0 -0.526 0.5099 1001.0 2.5 20.0 51.0 2.4071 0.0 0.274 0.0 0.31623 1000.0 2.0435 18.0 46.0 4.0071 0.0 1.074 0.0 0.22361 999.0 1.5437 18.0 43.0 5.1071 0.0 1.674 0.0 0.22361 999.0 1.3489 17.0 
0.03825 174.53445 109.0 564.0 3.0 62.0 0.1071 0.0 2.274 0.0 0.36056 992.0 1.8696 9.0 71.0 1.3071 0.0 0.874 0.0 0.28284 988.0 2.0595 8.0 74.0 2.6071 0.0 0.0 -0.326 0.28284 985.0 1.9975 7.0 81.0 3.8071 0.0 0.0 -1.326 0.28284 980.0 2.0307 6.0 89.0 5.0071 0.0 0.0 -2.126 0.22361 973.0 2.0226 5.0 
0.29748 118.12228 91.0 71.0 3.0 70.0 0.0 -2.3929 2.974 0.0 0.64031 998.0 2.5 15.0 73.0 0.6071 0.0 0.874 0.0 0.53852 996.0 2.5 14.0 72.0 3.4071 0.0 0.0 -0.226 0.41231 993.0 2.5 12.0 70.0 5.7071 0.0 0.0 -0.526 0.4 992.0 2.3832 12.0 65.0 7.8071 0.0 0.0 -0.426 0.3 993.0 2.1576 12.0 
0.41843 38.12432 103.0 234.0 3.0 67.0 0.0 -2.5929 3.074 0.0 0.70711 998.0 2.5 13.0 67.0 0.2071 0.0 0.274 0.0 0.56569 997.0 2.5 12.0 64.0 2.6071 0.0 0.0 -1.626 0.36056 996.0 2.4609 15.0 65.0 4.5071 0.0 0.0 -2.626 0.36056 992.0 2.0549 12.0 68.0 6.0071 0.0 0.0 -3.226 0.2 988.0 1.8891 10.0 
0.13927 199.1832 87.0 165.0 3.0 97.0 0.0 -1.8929 5.774 0.0 1.16619 995.0 2.5 14.0 90.0 1.5071 0.0 0.974 0.0 0.92195 993.0 2.5 17.0 91.0 4.5071 0.0 0.0 -2.226 0.64031 988.0 2.5 13.0 90.0 7.0071 0.0 0.0 -4.626 0.42426 985.0 2.5 12.0 91.0 9.1071 0.0 0.0 -6.526 0.42426 981.0 2.5 11.0 
0.10397 142.73178 100.0 2722.0 3.0 53.0 0.0 -1.4929 2.674 0.0 0.5 1000.0 2.207 16.0 53.0 0.7071 0.0 1.074 0.0 0.36056 999.0 2.0493 14.0 55.0 2.5071 0.0 0.0 -0.426 0.42426 998.0 2.0598 16.0 61.0 4.1071 0.0 0.0 -1.826 0.36056 995.0 2.1114 13.0 63.0 5.7071 0.0 0.0 -2.826 0.36056 993.0 2.0269 12.0 
0.14116 39.17945 118.0 1565.0 3.0 42.0 0.0 -0.0929 2.074 0.0 0.3 1000.0 1.3859 17.0 38.0 0.3071 0.0 0.174 0.0 0.22361 999.0 1.0535 16.0 38.0 1.0071 0.0 0.0 -1.126 0.14142 999.0 1.0535 20.0 42.0 1.9071 0.0 0.0 -1.926 0.22361 998.0 1.2011 18.0 45.0 3.1071 0.0 0.0 -2.526 0.22361 997.0 1.2927 17.0 
0.09417 124.78821 114.0 1266.0 3.0 64.0 0.0 -0.6929 2.074 0.0 0.36056 991.0 1.9016 10.0 66.0 0.7071 0.0 0.874 0.0 0.28284 989.0 1.8538 10.0 83.0 2.0071 0.0 0.0 -0.126 0.31623 979.0 2.0695 8.0 98.0 3.4071 0.0 0.0 -0.826 0.28284 967.0 2.1324 7.0 101.0 4.7071 0.0 0.0 -1.726 0.22361 965.0 2.1706 7.0 
0.07302 197.65626 304.0 2258.0 3.0 67.0 0.0 -1.7929 3.574 0.0 0.5 995.0 2.5 11.0 68.0 0.6071 0.0 1.674 0.0 0.44721 994.0 2.4857 14.0 75.0 2.9071 0.0 0.474 0.0 0.41231 989.0 2.3938 11.0 80.0 5.0071 0.0 0.0 -0.426 0.31623 985.0 2.3346 10.0 81.0 6.8071 0.0 0.0 -1.126 0.31623 982.0 2.1617 9.0 
0.12725 64.32701 93.0 2528.0 3.0 73.0 0.0 -3.5929 1.974 0.0 0.70711 997.0 2.5 12.0 75.0 0.0 -0.3929 0.0 -0.426 0.53852 994.0 2.5 10.0 79.0 2.5071 0.0 0.0 -1.626 0.44721 990.0 2.5 11.0 87.0 4.9071 0.0 0.0 -2.626 0.41231 983.0 2.5 9.0 93.0 7.0071 0.0 0.0 -3.526 0.41231 977.0 2.4538 8.0 
0.67671 22.93337 93.0 874.0 3.0 61.0 0.0 -3.1929 0.0 -1.026 0.53852 999.0 2.5 17.0 69.0 0.0 -0.1929 0.074 0.0 0.53852 997.0 2.5 15.0 68.0 2.5071 0.0 1.274 0.0 0.53852 996.0 2.5 14.0 65.0 4.9071 0.0 2.474 0.0 0.44721 995.0 2.3974 14.0 64.0 7.0071 0.0 3.574 0.0 0.44721 995.0 2.3242 14.0 
0.10141 171.69251 175.0 2303.0 3.0 50.0 0.0 -0.5929 2.774 0.0 0.42426 1000.0 1.9642 20.0 50.0 1.0071 0.0 1.174 0.0 0.42426 999.0 1.8239 18.0 49.0 2.5071 0.0 0.0 -0.126 0.36056 999.0 1.7517 17.0 47.0 3.8071 0.0 0.0 -1.126 0.22361 999.0 1.6116 17.0 43.0 4.9071 0.0 0.0 -1.826 0.14142 999.0 1.3489 17.0 
0.27319 34.21005 115.0 120.0 3.0 53.0 0.0 -1.1929 2.074 0.0 0.42426 997.0 1.7931 9.0 56.0 0.3071 0.0 0.0 -0.026 0.42426 995.0 1.7795 9.0 61.0 1.9071 0.0 0.0 -1.726 0.28284 993.0 1.9003 10.0 65.0 3.4071 0.0 0.0 -2.926 0.22361 988.0 1.7261 8.0 77.0 4.6071 0.0 0.0 -3.426 0.22361 980.0 1.8351 9.0 
0.06029 155.51597 100.0 2381.0 3.0 57.0 0.0 -0.9929 3.974 0.0 0.67082 1001.0 2.5 17.0 53.0 1.0071 0.0 0.974 0.0 0.5 1000.0 2.207 16.0 53.0 2.8071 0.0 0.0 -1.426 0.36056 999.0 2.0493 14.0 55.0 4.4071 0.0 0.0 -3.426 0.42426 997.0 1.931 13.0 61.0 6.0071 0.0 0.0 -5.026 0.28284 995.0 2.1114 14.0 
0.24853 62.69156 95.0 3072.0 3.0 47.0 0.0 -1.5929 1.174 0.0 0.36056 1001.0 1.8802 20.0 49.0 0.3071 0.0 0.474 0.0 0.31623 1000.0 1.8864 18.0 54.0 2.3071 0.0 0.0 -0.226 0.31623 999.0 2.1274 17.0 57.0 4.4071 0.0 0.0 -0.826 0.41231 998.0 2.2123 16.0 57.0 6.6071 0.0 0.0 -1.626 0.31623 998.0 2.2123 16.0 
0.02416 128.37602 100.0 1941.0 3.0 59.0 0.0 -2.8929 1.474 0.0 0.56569 999.0 2.5 11.0 58.0 0.0 -0.6929 0.0 -0.926 0.5 997.0 2.1474 9.0 59.0 1.4071 0.0 0.0 -2.426 0.36056 995.0 1.9752 9.0 68.0 3.3071 0.0 0.0 -3.026 0.31623 990.0 2.0534 9.0 80.0 5.1071 0.0 0.0 -3.526 0.4 983.0 2.1789 7.0 
0.09646 150.91047 104.0 603.0 3.0 51.0 0.7071 0.0 1.974 0.0 0.3 992.0 1.265 8.0 56.0 1.3071 0.0 0.374 0.0 0.28284 992.0 1.5252 13.0 68.0 2.4071 0.0 0.0 -0.826 0.22361 986.0 1.7492 12.0 89.0 3.8071 0.0 0.0 -1.626 0.36056 973.0 2.0226 10.0 113.0 5.3071 0.0 0.0 -2.426 0.22361 950.0 2.0701 8.0 
0.23637 70.24699 104.0 1912.0 3.0 46.0 0.0 -1.6929 0.0 -0.126 0.36056 999.0 1.5437 14.0 51.0 0.0 -0.0929 0.0 -0.626 0.31623 997.0 1.6604 16.0 57.0 1.5071 0.0 0.0 -0.226 0.31623 995.0 1.8436 14.0 63.0 2.9071 0.0 1.074 0.0 0.36056 993.0 2.0269 12.0 70.0 4.2071 0.0 2.974 0.0 0.42426 992.0 2.3832 12.0 
0.06753 115.88136 107.0 294.0 3.0 57.0 0.0 -2.3929 0.274 0.0 0.5 998.0 2.2123 14.0 55.0 0.0 -0.1929 0.0 -1.026 0.44721 997.0 1.931 17.0 55.0 1.5071 0.0 0.0 -1.726 0.3 994.0 1.6261 14.0 60.0 2.9071 0.0 0.0 -1.626 0.22361 992.0 1.7509 16.0 66.0 4.1071 0.0 0.0 -0.926 0.36056 990.0 1.9344 14.0 
0.13765 156.27706 104.0 2085.0 3.0 59.0 0.0 -1.6929 2.074 0.0 0.44721 995.0 1.9752 11.0 64.0 0.3071 0.0 1.374 0.0 0.31623 993.0 2.0918 12.0 70.0 2.1071 0.0 1.174 0.0 0.3 990.0 2.176 11.0 73.0 3.8071 0.0 1.174 0.0 0.3 988.0 2.1772 10.0 70.0 5.5071 0.0 1.174 0.0 0.2 989.0 2.0853 10.0 
0.1586 116.36837 114.0 164.0 3.0 68.0 0.0 -1.1929 2.774 0.0 0.42426 992.0 2.249 10.0 69.0 0.7071 0.0 0.774 0.0 0.42426 990.0 2.1142 11.0 79.0 2.3071 0.0 0.0 -0.826 0.28284 982.0 2.0563 11.0 89.0 3.5071 0.0 0.0 -1.926 0.28284 974.0 2.0744 10.0 99.0 4.6071 0.0 0.0 -2.726 0.2 964.0 2.043 8.0 
0.19207 80.01448 91.0 2759.0 3.0 75.0 0.0 -3.7929 0.874 0.0 0.63246 995.0 2.5 11.0 80.0 0.0 -0.4929 0.0 -0.526 0.53852 990.0 2.5 9.0 87.0 2.5071 0.0 0.0 -1.526 0.5099 986.0 2.5 10.0 99.0 5.2071 0.0 0.0 -2.326 0.53852 977.0 2.5 8.0 111.0 7.7071 0.0 0.0 -3.126 0.41231 963.0 2.5 6.0 
0.45036 73.93353 89.0 1239.0 3.0 62.0 0.0 -2.3929 2.974 0.0 0.64031 1000.0 2.5 12.0 61.0 0.6071 0.0 0.274 0.0 0.64031 999.0 2.5 11.0 59.0 3.4071 0.0 0.0 -1.926 0.64031 998.0 2.3703 10.0 61.0 6.0071 0.0 0.0 -3.926 0.5 998.0 2.5 13.0 65.0 8.5071 0.0 0.0 -5.626 0.5 995.0 2.3974 11.0 
0.07005 92.73958 114.0 2482.0 3.0 41.0 0.0 -0.3929 2.174 0.0 0.31623 1001.0 1.4308 12.0 40.0 0.6071 0.0 0.574 0.0 0.28284 1001.0 1.3618 16.0 42.0 1.7071 0.0 0.0 -0.526 0.22361 999.0 1.2869 14.0 45.0 2.8071 0.0 0.0 -1.126 0.1 998.0 1.3789 12.0 47.0 3.8071 0.0 0.0 -1.326 0.2 997.0 1.4101 11.0 
0.0075 186.20251 80.0 2445.0 3.0 70.0 0.0 -4.2929 3.874 0.0 0.9434 1001.0 2.5 13.0 64.0 0.0 -1.5929 0.0 -0.526 0.80623 1000.0 2.5 12.0 60.0 0.6071 0.0 0.0 -4.126 0.56569 999.0 2.5 10.0 58.0 2.6071 0.0 0.0 -6.726 0.44721 998.0 2.2906 13.0 60.0 4.2071 0.0 0.0 -8.726 0.42426 995.0 2.0427 11.0 
0.04253 205.41978 105.0 799.0 3.0 58.0 0.0 -0.6929 4.074 0.0 0.70711 1001.0 2.5 17.0 56.0 1.5071 0.0 1.074 0.0 0.64031 1000.0 2.4639 15.0 52.0 3.2071 0.0 0.0 -1.226 0.36056 999.0 1.9727 18.0 52.0 4.5071 0.0 0.0 -2.726 0.36056 997.0 1.7261 15.0 55.0 5.7071 0.0 0.0 -3.626 0.28284 995.0 1.7165 14.0 
0.08418 242.99435 144.0 2119.0 3.0 56.0 2.6071 0.0 0.0 -0.326 0.22361 994.0 1.6858 13.0 55.0 2.0071 0.0 0.874 0.0 0.2 993.0 1.5448 12.0 57.0 1.8071 0.0 2.074 0.0 0.1 992.0 1.5802 12.0 62.0 1.9071 0.0 3.174 0.0 0.3 990.0 1.707 11.0 67.0 2.2071 0.0 4.474 0.0 0.2 987.0 1.7634 10.0 
0.09081 168.61724 103.0 62.0 3.0 58.0 0.1071 0.0 3.074 0.0 0.53852 995.0 1.9088 10.0 62.0 1.3071 0.0 0.774 0.0 0.44721 993.0 1.9631 10.0 70.0 2.6071 0.0 0.0 -1.126 0.36056 987.0 1.9249 8.0 89.0 3.9071 0.0 0.0 -2.526 0.36056 975.0 2.129 8.0 116.0 5.3071 0.0 0.0 -3.526 0.22361 950.0 2.1815 6.0 
0.09871 270.59757 105.0 2724.0 3.0 62.0 0.3071 0.0 0.0 -3.826 0.5 996.0 2.3095 14.0 78.0 2.1071 0.0 0.0 -1.226 0.5831 991.0 2.5 11.0 82.0 3.8071 0.0 1.474 0.0 0.44721 987.0 2.5 10.0 77.0 5.2071 0.0 3.574 0.0 0.36056 987.0 2.3291 10.0 74.0 6.4071 0.0 5.274 0.0 0.28284 987.0 2.1512 10.0 
0.14945 85.49496 106.0 1219.0 3.0 47.0 0.0 -0.6929 2.174 0.0 0.36056 1000.0 1.7355 15.0 46.0 0.6071 0.0 0.474 0.0 0.42426 999.0 1.5437 14.0 51.0 2.1071 0.0 0.0 -0.926 0.28284 998.0 1.7711 17.0 56.0 3.6071 0.0 0.0 -1.926 0.36056 996.0 1.8841 14.0 56.0 5.2071 0.0 0.0 -2.826 0.22361 996.0 1.8841 14.0 
0.13572 37.81606 82.0 524.0 3.0 51.0 0.0 -1.5929 3.874 0.0 0.63246 1001.0 2.2138 13.0 55.0 0.0 -0.2929 0.174 0.0 0.63246 1000.0 2.3767 12.0 59.0 1.4071 0.0 0.0 -3.426 0.5831 1000.0 2.5 15.0 61.0 3.4071 0.0 0.0 -6.526 0.56569 999.0 2.5 13.0 63.0 5.6071 0.0 0.0 -8.826 0.56569 996.0 2.3846 12.0 
0.02383 192.02828 103.0 985.0 3.0 50.0 0.0 -3.6929 1.174 0.0 0.5 1001.0 2.1279 13.0 53.0 0.0 -1.3929 0.0 -1.026 0.56569 1000.0 2.207 12.0 53.0 1.0071 0.0 0.0 -2.826 0.36056 999.0 2.0493 10.0 51.0 2.9071 0.0 0.0 -3.926 0.31623 997.0 1.6604 9.0 56.0 4.6071 0.0 0.0 -4.526 0.31623 995.0 1.7795 11.0 
0.06363 199.84274 68.0 220.0 3.0 36.0 0.0 -1.2929 2.074 0.0 0.3 1002.0 1.2034 20.0 37.0 0.3071 0.0 1.774 0.0 0.2 1002.0 1.2711 24.0 42.0 1.8071 0.0 1.474 0.0 0.31623 1001.0 1.5014 21.0 47.0 3.6071 0.0 0.874 0.0 0.31623 1000.0 1.7355 19.0 49.0 5.4071 0.0 0.074 0.0 0.31623 1000.0 1.8864 19.0 
0.1665 99.87449 89.0 1847.0 3.0 51.0 0.0 -3.0929 0.0 -1.126 0.44721 1000.0 2.0435 19.0 65.0 0.0 -0.6929 0.574 0.0 0.64031 998.0 2.5 16.0 70.0 2.2071 0.0 2.774 0.0 0.5831 997.0 2.5 15.0 66.0 5.2071 0.0 4.074 0.0 0.41231 998.0 2.5 15.0 58.0 7.8071 0.0 4.374 0.0 0.31623 999.0 2.4542 16.0 
0.00446 194.31045 79.0 1389.0 3.0 65.0 0.0 -4.0929 3.374 0.0 0.80623 999.0 2.5 11.0 70.0 0.0 -1.5929 0.0 -0.726 0.86023 997.0 2.5 10.0 75.0 1.3071 0.0 0.0 -4.526 0.70711 996.0 2.5 11.0 81.0 4.3071 0.0 0.0 -7.326 0.56569 991.0 2.5 9.0 89.0 7.0071 0.0 0.0 -9.626 0.5 986.0 2.5 10.0 
0.50549 102.71108 87.0 2473.0 3.0 79.0 0.0 -3.2929 3.074 0.0 0.80623 998.0 2.5 27.0 77.0 0.5071 0.0 0.774 0.0 0.53852 996.0 2.5 23.0 78.0 3.7071 0.0 0.0 -0.526 0.53852 993.0 2.5 20.0 77.0 6.6071 0.0 0.0 -1.826 0.5831 992.0 2.5 19.0 74.0 9.1071 0.0 0.0 -3.126 0.36056 991.0 2.5 19.0 
0.22017 148.01451 86.0 2500.0 3.0 69.0 0.0 -2.1929 4.174 0.0 0.78102 1000.0 2.5 16.0 66.0 1.0071 0.0 0.874 0.0 0.78102 1000.0 2.5 17.0 67.0 4.2071 0.0 0.0 -1.626 0.72111 999.0 2.5 18.0 64.0 7.3071 0.0 0.0 -3.926 0.56569 999.0 2.5 19.0 55.0 9.7071 0.0 0.0 -5.826 0.5 998.0 2.0598 14.0 
0.03452 161.73528 56.0 2755.0 3.0 47.0 0.0 -0.8929 2.774 0.0 0.36056 1000.0 1.7355 14.0 50.0 0.7071 0.0 1.274 0.0 0.36056 1000.0 1.9642 13.0 51.0 2.5071 0.0 0.074 0.0 0.36056 1000.0 2.0435 13.0 50.0 4.4071 0.0 0.0 -0.926 0.36056 1000.0 1.9642 14.0 48.0 6.4071 0.0 0.0 -1.726 0.31623 1000.0 1.8102 14.0 
0.11928 19.33007 123.0 1399.0 3.0 41.0 0.0 -1.2929 1.174 0.0 0.28284 1001.0 1.4308 12.0 38.0 0.0071 0.0 0.174 0.0 0.22361 1000.0 1.1345 12.0 39.0 1.1071 0.0 0.0 -0.226 0.2 1000.0 1.195 15.0 45.0 2.2071 0.0 0.0 -0.526 0.2 998.0 1.3789 12.0 49.0 3.4071 0.0 0.0 -0.826 0.14142 997.0 1.5327 11.0 
0.03946 95.1605 82.0 166.0 3.0 45.0 0.0 -1.5929 2.674 0.0 0.53852 1000.0 1.591 13.0 48.0 0.0 -0.7929 0.0 -0.326 0.53852 1000.0 1.8102 17.0 55.0 0.7071 0.0 0.0 -3.326 0.5831 999.0 2.2069 15.0 62.0 2.7071 0.0 0.0 -6.226 0.64031 997.0 2.4538 13.0 64.0 4.8071 0.0 0.0 -8.926 0.56569 995.0 2.3242 12.0 
0.03076 234.34953 96.0 2585.0 3.0 49.0 0.0 -0.0929 4.074 0.0 0.5831 1002.0 2.2294 24.0 47.0 1.4071 0.0 1.574 0.0 0.42426 1001.0 1.8802 21.0 48.0 2.9071 0.0 0.0 -0.126 0.36056 1000.0 1.8102 19.0 50.0 4.5071 0.0 0.0 -1.226 0.36056 1000.0 1.9642 18.0 50.0 6.3071 0.0 0.0 -2.126 0.36056 1000.0 1.9642 18.0 
0.01662 150.97414 96.0 2785.0 3.0 50.0 0.0 -3.0929 1.574 0.0 0.64031 1000.0 1.9642 13.0 54.0 0.0 -0.8929 0.0 -1.026 0.5831 999.0 2.1274 11.0 57.0 1.7071 0.0 0.0 -2.926 0.5 998.0 2.2123 10.0 59.0 4.1071 0.0 0.0 -4.726 0.5 997.0 2.2221 13.0 63.0 6.2071 0.0 0.0 -6.526 0.42426 994.0 2.1336 11.0 
0.17489 122.52341 71.0 3017.0 3.0 54.0 0.0 -2.2929 0.0 -2.126 0.5 1001.0 2.4819 21.0 58.0 0.4071 0.0 0.0 -1.026 0.41231 1000.0 2.5 18.0 56.0 2.8071 0.0 0.0 -0.426 0.41231 999.0 2.2879 17.0 55.0 4.9071 0.0 0.174 0.0 0.44721 999.0 2.2069 17.0 55.0 7.1071 0.0 1.074 0.0 0.41231 999.0 2.2069 17.0 
0.0558 161.73528 93.0 890.0 3.0 66.0 0.0 -0.8929 2.874 0.0 0.42426 992.0 2.1186 9.0 69.0 0.7071 0.0 1.274 0.0 0.36056 989.0 2.0261 10.0 86.0 2.6071 0.0 0.274 0.0 0.41231 981.0 2.3606 9.0 102.0 4.8071 0.0 0.074 0.0 0.4 971.0 2.5 7.0 101.0 7.1071 0.0 0.374 0.0 0.4 972.0 2.5 7.0 
0.04511 208.05517 118.0 2510.0 3.0 59.0 0.7071 0.0 2.374 0.0 0.36056 995.0 1.9752 14.0 60.0 1.7071 0.0 0.774 0.0 0.28284 993.0 1.8385 13.0 61.0 2.7071 0.0 0.0 -0.526 0.14142 992.0 1.8098 12.0 62.0 3.6071 0.0 0.0 -1.326 0.22361 990.0 1.707 11.0 63.0 4.5071 0.0 0.0 -1.926 0.14142 989.0 1.6891 11.0 
0.04595 112.13563 97.0 2390.0 3.0 52.0 0.0 -3.1929 1.574 0.0 0.56569 1000.0 2.1245 12.0 54.0 0.0 -0.7929 0.0 -0.626 0.64031 999.0 2.1274 11.0 55.0 1.6071 0.0 0.0 -2.626 0.5 999.0 2.2069 14.0 57.0 3.8071 0.0 0.0 -4.126 0.31623 997.0 2.074 12.0 60.0 5.9071 0.0 0.0 -4.826 0.3 994.0 1.9352 10.0 
0.17696 116.7183 90.0 1813.0 3.0 62.0 0.0 -2.0929 2.574 0.0 0.5831 999.0 2.5 14.0 63.0 0.8071 0.0 0.674 0.0 0.5 997.0 2.5 13.0 66.0 3.3071 0.0 0.0 -1.126 0.5 996.0 2.5 15.0 72.0 5.7071 0.0 0.0 -2.726 0.44721 992.0 2.5 12.0 77.0 8.1071 0.0 0.0 -3.926 0.44721 990.0 2.5 11.0 
0.44333 28.83574 118.0 2213.0 3.0 42.0 0.0 -1.7929 0.0 -2.126 0.44721 1002.0 1.6379 26.0 47.0 0.0 -0.1929 0.174 0.0 0.5 1002.0 2.0511 23.0 46.0 1.4071 0.0 2.174 0.0 0.36056 1001.0 1.801 21.0 42.0 2.7071 0.0 3.674 0.0 0.22361 1001.0 1.5014 20.0 38.0 3.7071 0.0 4.474 0.0 0.22361 1001.0 1.2291 20.0 
0.04986 216.78804 108.0 2411.0 3.0 42.0 0.0 -2.5929 0.0 -1.026 0.31623 1000.0 1.3859 12.0 45.0 0.0 -0.6929 0.0 -1.826 0.31623 1000.0 1.591 16.0 48.0 1.1071 0.0 0.0 -2.626 0.36056 999.0 1.6809 14.0 52.0 2.8071 0.0 0.0 -3.626 0.31623 997.0 1.7261 12.0 56.0 4.3071 0.0 0.0 -4.426 0.22361 995.0 1.7795 14.0 
0.17646 86.73259 94.0 1068.0 3.0 59.0 0.0 -1.9929 0.974 0.0 0.3 993.0 1.7777 10.0 77.0 0.1071 0.0 0.774 0.0 0.4 988.0 2.4223 10.0 83.0 2.4071 0.0 0.474 0.0 0.41231 985.0 2.5 10.0 88.0 4.6071 0.0 0.374 0.0 0.4 981.0 2.4717 9.0 88.0 6.7071 0.0 0.774 0.0 0.41231 981.0 2.4717 8.0 
0.08262 151.31814 346.0 2727.0 3.0 48.0 0.0 -2.6929 0.974 0.0 0.31623 999.0 1.6809 14.0 53.0 0.0 -0.6929 1.174 0.0 0.36056 997.0 1.7931 13.0 61.0 1.4071 0.0 2.374 0.0 0.44721 996.0 2.2356 13.0 71.0 3.7071 0.0 3.374 0.0 0.44721 992.0 2.4518 12.0 75.0 6.0071 0.0 3.874 0.0 0.31623 989.0 2.3938 11.0 
0.52495 13.18352 46.0 1871.0 3.0 41.0 0.0 -2.0929 0.0 -1.526 0.36056 1002.0 1.5608 24.0 50.0 0.0 -0.0929 0.074 0.0 0.5 1001.0 2.1279 21.0 53.0 2.2071 0.0 1.774 0.0 0.5 1001.0 2.3909 20.0 53.0 4.7071 0.0 2.874 0.0 0.41231 1001.0 2.3909 21.0 50.0 7.2071 0.0 3.174 0.0 0.5 1002.0 2.3213 22.0 
0.03311 250.35032 100.0 317.0 3.0 51.0 0.1071 0.0 3.674 0.0 0.5 999.0 1.8976 15.0 57.0 1.7071 0.0 1.474 0.0 0.5 998.0 2.2123 16.0 60.0 3.2071 0.0 0.0 -0.526 0.42426 996.0 2.1629 14.0 59.0 4.6071 0.0 0.0 -2.226 0.36056 996.0 2.0914 14.0 60.0 5.9071 0.0 0.0 -3.626 0.36056 995.0 2.0427 13.0 
0.13327 245.41913 89.0 2933.0 3.0 47.0 0.0 -1.5929 0.0 -3.426 0.36056 999.0 1.6116 14.0 62.0 0.6071 0.0 0.0 -2.126 0.53852 997.0 2.4538 16.0 71.0 3.5071 0.0 0.0 -0.926 0.53852 995.0 2.5 14.0 71.0 6.3071 0.0 0.074 0.0 0.44721 994.0 2.5 13.0 65.0 8.4071 0.0 1.074 0.0 0.31623 993.0 2.1576 13.0 
0.2812 123.99184 81.0 7.0 3.0 53.0 0.0 -2.4929 3.674 0.0 0.56569 1001.0 2.3909 18.0 60.0 0.3071 0.0 1.074 0.0 0.72111 1001.0 2.5 17.0 65.0 3.6071 0.0 0.0 -1.326 0.72111 1000.0 2.5 15.0 68.0 7.0071 0.0 0.0 -3.426 0.72111 999.0 2.5 18.0 68.0 10.0071 0.0 0.0 -5.526 0.56569 998.0 2.5 16.0 
0.22163 14.4498 138.0 1527.0 3.0 42.0 0.0 -0.9929 1.074 0.0 0.28284 1000.0 1.3859 15.0 41.0 0.1071 0.0 0.074 0.0 0.22361 999.0 1.2264 14.0 43.0 1.0071 0.0 0.0 -0.626 0.22361 998.0 1.259 15.0 47.0 1.8071 0.0 0.0 -1.326 0.22361 997.0 1.4101 15.0 54.0 2.7071 0.0 0.0 -1.926 0.2 994.0 1.5675 13.0 
0.07426 257.88782 119.0 2509.0 3.0 47.0 2.1071 0.0 1.774 0.0 0.3 996.0 1.3272 18.0 47.0 2.3071 0.0 0.274 0.0 0.22361 995.0 1.2535 20.0 50.0 2.6071 0.0 0.0 -0.626 0.1 991.0 1.1607 16.0 61.0 2.9071 0.0 0.0 -1.126 0.1 987.0 1.4617 16.0 70.0 3.3071 0.0 0.0 -1.526 0.1 981.0 1.564 14.0 
0.08157 152.12534 94.0 1602.0 3.0 48.0 0.0 -1.2929 2.474 0.0 0.36056 1001.0 1.961 22.0 49.0 0.7071 0.0 1.174 0.0 0.44721 1001.0 2.0436 20.0 52.0 2.9071 0.0 0.0 -0.126 0.44721 1001.0 2.3015 20.0 52.0 5.2071 0.0 0.0 -1.526 0.42426 1001.0 2.3015 20.0 49.0 7.2071 0.0 0.0 -3.226 0.42426 1001.0 2.0436 21.0 
0.08805 132.36053 80.0 2557.0 3.0 45.0 0.2071 0.0 2.274 0.0 0.31623 999.0 1.4773 14.0 46.0 0.9071 0.0 0.774 0.0 0.14142 998.0 1.4408 16.0 53.0 1.7071 0.0 0.0 -0.026 0.22361 995.0 1.5939 13.0 57.0 2.8071 0.0 0.0 -0.226 0.2 993.0 1.6592 12.0 60.0 4.0071 0.0 0.0 -0.026 0.22361 993.0 1.8385 12.0 
0.31913 14.00819 101.0 549.0 3.0 56.0 0.0 -2.6929 2.074 0.0 0.64031 1001.0 2.5 19.0 52.0 0.0071 0.0 0.0 -0.126 0.42426 1001.0 2.3015 23.0 49.0 2.1071 0.0 0.0 -1.626 0.36056 1000.0 1.8864 20.0 48.0 3.9071 0.0 0.0 -2.526 0.22361 999.0 1.6809 18.0 47.0 5.3071 0.0 0.0 -3.126 0.3 998.0 1.5041 17.0 
0.08051 132.36053 111.0 499.0 3.0 44.0 0.3071 0.0 2.774 0.0 0.41231 999.0 1.4124 14.0 49.0 0.9071 0.0 0.774 0.0 0.28284 997.0 1.5327 12.0 57.0 1.9071 0.0 0.0 -0.726 0.28284 995.0 1.8436 13.0 58.0 3.0071 0.0 0.0 -1.826 0.22361 993.0 1.7179 13.0 64.0 4.2071 0.0 0.0 -2.526 0.2 990.0 1.8189 11.0 
0.16224 121.41017 92.0 2248.0 3.0 63.0 0.0 -2.3929 1.374 0.0 0.5 995.0 2.2521 11.0 69.0 0.2071 0.0 1.074 0.0 0.4 993.0 2.4314 13.0 81.0 2.7071 0.0 0.774 0.0 0.41231 987.0 2.5 10.0 91.0 5.1071 0.0 0.374 0.0 0.41231 979.0 2.4876 8.0 100.0 7.4071 0.0 0.0 -0.326 0.31623 972.0 2.4912 7.0 
0.15016 159.06755 99.0 28.0 3.0 57.0 0.0 -1.9929 2.674 0.0 0.53852 999.0 2.3703 14.0 55.0 0.4071 0.0 1.374 0.0 0.41231 999.0 2.2069 18.0 57.0 2.4071 0.0 0.774 0.0 0.31623 996.0 1.952 15.0 60.0 4.1071 0.0 0.574 0.0 0.22361 994.0 1.9352 13.0 62.0 5.7071 0.0 0.374 0.0 0.22361 993.0 1.9631 12.0 
0.37379 70.10126 97.0 206.0 3.0 65.0 0.0 -1.6929 2.674 0.0 0.64031 997.0 2.5 9.0 65.0 0.6071 0.0 0.174 0.0 0.56569 995.0 2.3974 8.0 68.0 2.6071 0.0 0.0 -1.726 0.36056 992.0 2.249 9.0 82.0 4.3071 0.0 0.0 -3.026 0.36056 981.0 2.1462 7.0 98.0 6.1071 0.0 0.0 -4.026 0.31623 967.0 2.1324 5.0 
0.14907 138.68989 117.0 849.0 3.0 30.0 0.0 -1.6929 0.274 0.0 0.2 1000.0 1.0 16.0 38.0 0.0 -0.8929 0.874 0.0 0.28284 1000.0 1.1345 19.0 47.0 0.2071 0.0 2.074 0.0 0.28284 999.0 1.6116 17.0 54.0 1.4071 0.0 3.574 0.0 0.36056 997.0 1.8615 15.0 56.0 2.7071 0.0 4.974 0.0 0.36056 996.0 1.8841 14.0 
0.09089 155.51597 88.0 3120.0 3.0 42.0 0.0 -0.4929 2.374 0.0 0.36056 1002.0 1.6379 24.0 44.0 1.0071 0.0 0.974 0.0 0.28284 1001.0 1.6478 21.0 46.0 2.4071 0.0 0.0 -0.226 0.28284 1000.0 1.6625 19.0 46.0 3.8071 0.0 0.0 -1.426 0.28284 1000.0 1.6625 19.0 45.0 5.2071 0.0 0.0 -2.426 0.31623 1000.0 1.591 19.0 
0.01883 91.63024 89.0 1206.0 3.0 70.0 0.0 -3.6929 3.074 0.0 0.84853 1001.0 2.5 17.0 67.0 0.0 -0.3929 0.0 -0.726 0.78102 1000.0 2.5 16.0 63.0 2.3071 0.0 0.0 -3.826 0.64031 998.0 2.5 14.0 66.0 4.9071 0.0 0.0 -6.126 0.5831 997.0 2.5 12.0 74.0 7.5071 0.0 0.0 -8.226 0.56569 994.0 2.5 13.0 
0.1558 82.03842 97.0 2169.0 3.0 56.0 0.0 -2.9929 0.574 0.0 0.53852 1001.0 2.5 19.0 56.0 0.0 -0.3929 0.0 -0.626 0.44721 1000.0 2.4639 18.0 57.0 1.8071 0.0 0.0 -1.426 0.41231 998.0 2.2123 16.0 56.0 3.8071 0.0 0.0 -1.926 0.4 998.0 2.1353 15.0 55.0 5.8071 0.0 0.0 -2.426 0.31623 998.0 2.0598 16.0 
0.05419 236.43955 101.0 2310.0 3.0 62.0 0.0071 0.0 3.574 0.0 0.5 996.0 2.3095 15.0 68.0 1.7071 0.0 1.274 0.0 0.36056 993.0 2.3614 16.0 71.0 3.2071 0.0 0.0 -0.626 0.36056 991.0 2.3403 15.0 74.0 4.6071 0.0 0.0 -2.226 0.36056 988.0 2.2372 13.0 76.0 6.0071 0.0 0.0 -3.426 0.22361 985.0 2.1069 12.0 
0.03003 205.27698 88.0 2201.0 3.0 68.0 0.0 -3.4929 0.0 -0.226 0.67082 998.0 2.5 13.0 69.0 0.0 -0.2929 0.0 -1.826 0.53852 996.0 2.5 12.0 77.0 3.1071 0.0 0.0 -2.626 0.63246 994.0 2.5 12.0 76.0 6.4071 0.0 0.0 -3.726 0.5 993.0 2.5 13.0 70.0 8.9071 0.0 0.0 -5.126 0.44721 991.0 2.2749 9.0 
0.17062 168.68372 85.0 1899.0 3.0 60.0 0.0 -0.8929 4.574 0.0 0.72111 1001.0 2.5 13.0 63.0 1.4071 0.0 0.574 0.0 0.72111 1000.0 2.5 11.0 67.0 3.8071 0.0 0.0 -3.326 0.72111 999.0 2.5 10.0 67.0 6.2071 0.0 0.0 -6.826 0.72111 999.0 2.5 13.0 69.0 8.3071 0.0 0.0 -9.626 0.5 995.0 2.5 10.0 
0.02914 127.09216 80.0 961.0 3.0 62.0 0.0 -3.2929 2.674 0.0 0.72111 999.0 2.5 18.0 60.0 0.0 -0.7929 0.0 -0.826 0.72111 999.0 2.5 19.0 60.0 1.3071 0.0 0.0 -4.226 0.67082 998.0 2.4513 19.0 60.0 3.1071 0.0 0.0 -7.226 0.5 996.0 2.1629 17.0 62.0 4.9071 0.0 0.0 -9.526 0.42426 995.0 2.1812 19.0 
0.25853 32.98146 96.0 2380.0 3.0 52.0 0.0 -1.9929 1.774 0.0 0.5 999.0 1.9727 14.0 55.0 0.0 -0.1929 0.0 -0.226 0.42426 999.0 2.2069 17.0 62.0 1.7071 0.0 0.0 -1.626 0.36056 996.0 2.3095 14.0 66.0 3.8071 0.0 0.0 -2.326 0.31623 994.0 2.3416 12.0 68.0 5.9071 0.0 0.0 -2.526 0.4 993.0 2.3614 12.0 
0.38946 22.67945 92.0 948.0 3.0 69.0 0.0 -2.2929 3.674 0.0 0.72111 997.0 2.5 13.0 71.0 0.1071 0.0 0.174 0.0 0.64031 995.0 2.5 12.0 74.0 2.5071 0.0 0.0 -2.826 0.64031 992.0 2.5 10.0 82.0 4.8071 0.0 0.0 -5.526 0.5 986.0 2.5 8.0 100.0 7.2071 0.0 0.0 -7.626 0.5 974.0 2.5 8.0 
0.04006 91.51722 93.0 1543.0 3.0 57.0 0.0 -3.0929 3.074 0.0 0.72111 1001.0 2.5 18.0 57.0 0.0 -0.7929 0.0 -0.226 0.64031 1000.0 2.5 16.0 58.0 1.8071 0.0 0.0 -2.626 0.5 999.0 2.4542 15.0 59.0 4.4071 0.0 0.0 -4.226 0.53852 998.0 2.3703 13.0 62.0 6.9071 0.0 0.0 -5.526 0.44721 997.0 2.4538 16.0 
0.13627 210.46392 91.0 1770.0 3.0 58.0 0.0 -0.0929 4.174 0.0 0.67082 1000.0 2.5 12.0 58.0 1.8071 0.0 0.574 0.0 0.67082 999.0 2.4542 11.0 58.0 3.4071 0.0 0.0 -2.626 0.5831 999.0 2.4542 14.0 59.0 5.0071 0.0 0.0 -5.326 0.5 997.0 2.2221 12.0 64.0 6.7071 0.0 0.0 -7.426 0.5 993.0 2.0918 10.0 
0.35454 53.94034 95.0 1339.0 3.0 60.0 0.0 -1.8929 2.774 0.0 0.56569 997.0 2.2981 9.0 63.0 0.1071 0.0 0.474 0.0 0.5 996.0 2.3846 11.0 69.0 2.3071 0.0 0.0 -1.026 0.36056 992.0 2.3156 9.0 74.0 4.4071 0.0 0.0 -1.826 0.41231 989.0 2.3304 8.0 76.0 6.5071 0.0 0.0 -2.326 0.31623 987.0 2.269 7.0 
0.46695 10.70814 82.0 979.0 3.0 55.0 0.0 -3.0929 2.074 0.0 0.64031 1002.0 2.5 19.0 58.0 0.0 -0.0929 0.0 -0.026 0.67082 1001.0 2.5 17.0 57.0 3.0071 0.0 0.0 -1.026 0.5 1001.0 2.5 15.0 50.0 5.6071 0.0 0.0 -0.826 0.31623 1001.0 2.1279 15.0 45.0 7.5071 0.0 0.074 0.0 0.36056 1001.0 1.7236 15.0 
0.17549 61.36266 108.0 101.0 3.0 46.0 0.0 -0.4929 1.974 0.0 0.31623 1000.0 1.6625 19.0 43.0 0.4071 0.0 0.374 0.0 0.28284 1000.0 1.4527 19.0 43.0 1.3071 0.0 0.0 -0.626 0.22361 999.0 1.3489 17.0 50.0 2.3071 0.0 0.0 -1.126 0.2 996.0 1.502 14.0 49.0 3.4071 0.0 0.0 -1.326 0.2 997.0 1.5327 15.0 
0.25797 63.97938 96.0 2711.0 3.0 57.0 0.0 -1.2929 1.874 0.0 0.42426 997.0 2.074 14.0 62.0 0.5071 0.0 0.274 0.0 0.36056 995.0 2.1812 14.0 69.0 2.4071 0.0 0.0 -1.026 0.36056 992.0 2.3156 12.0 74.0 4.4071 0.0 0.0 -1.926 0.41231 989.0 2.3304 11.0 79.0 6.4071 0.0 0.0 -2.426 0.31623 985.0 2.2766 10.0 
0.11206 156.04509 97.0 449.0 3.0 47.0 0.0 -0.3929 2.174 0.0 0.28284 999.0 1.6116 24.0 50.0 0.9071 0.0 1.074 0.0 0.31623 998.0 1.7023 21.0 53.0 2.5071 0.0 0.374 0.0 0.31623 997.0 1.7931 20.0 57.0 4.2071 0.0 0.0 -0.126 0.4 996.0 1.952 19.0 60.0 6.2071 0.0 0.0 -0.226 0.3 995.0 2.0427 18.0 
0.17104 78.1117 98.0 1741.0 3.0 47.0 0.0 -0.3929 1.974 0.0 0.28284 998.0 1.5041 16.0 50.0 0.4071 0.0 0.574 0.0 0.28284 997.0 1.5959 15.0 58.0 1.8071 0.0 0.0 -0.626 0.31623 996.0 2.0211 14.0 65.0 3.7071 0.0 0.0 -1.426 0.31623 994.0 2.2712 13.0 67.0 5.7071 0.0 0.0 -2.126 0.36056 993.0 2.2925 12.0 
0.03651 95.70533 92.0 1773.0 3.0 44.0 0.0 -2.0929 1.574 0.0 0.44721 1001.0 1.6478 13.0 45.0 0.0 -0.5929 0.0 -0.626 0.44721 1000.0 1.591 12.0 47.0 0.8071 0.0 0.0 -2.726 0.42426 999.0 1.6116 11.0 49.0 2.3071 0.0 0.0 -4.526 0.36056 998.0 1.6349 10.0 52.0 3.7071 0.0 0.0 -6.026 0.28284 996.0 1.6246 12.0 
0.53425 54.46995 89.0 2971.0 3.0 60.0 0.0 -2.9929 1.874 0.0 0.67082 1001.0 2.5 22.0 64.0 0.4071 0.0 0.274 0.0 0.5831 1000.0 2.5 19.0 64.0 3.5071 0.0 0.0 -1.626 0.5831 999.0 2.5 18.0 60.0 6.2071 0.0 0.0 -3.326 0.5 1000.0 2.5 18.0 55.0 8.5071 0.0 0.0 -4.826 0.36056 1000.0 2.3767 18.0 
1.22409 14.00819 88.0 2218.0 3.0 80.0 0.0 -3.9929 0.074 0.0 0.70711 996.0 2.5 12.0 82.0 0.0071 0.0 0.0 -0.126 0.60828 993.0 2.5 13.0 87.0 3.5071 0.0 0.674 0.0 0.60828 989.0 2.5 11.0 84.0 6.6071 0.0 1.274 0.0 0.41231 988.0 2.5 10.0 75.0 8.8071 0.0 1.574 0.0 0.3 988.0 2.2981 10.0 
0.46106 116.7183 88.0 1271.0 3.0 79.0 0.0 -2.4929 5.174 0.0 0.92195 1000.0 2.5 15.0 75.0 0.8071 0.0 0.674 0.0 1.0 999.0 2.5 14.0 72.0 3.7071 0.0 0.0 -3.426 0.70711 998.0 2.5 13.0 71.0 6.2071 0.0 0.0 -6.526 0.56569 995.0 2.5 11.0 78.0 8.5071 0.0 0.0 -8.926 0.5 992.0 2.5 12.0 
0.10282 102.71108 119.0 3095.0 3.0 55.0 0.0 -0.7929 1.374 0.0 0.22361 995.0 1.7165 14.0 53.0 0.5071 0.0 0.774 0.0 0.2 996.0 1.6877 14.0 53.0 1.7071 0.0 0.374 0.0 0.2 995.0 1.5939 14.0 52.0 2.8071 0.0 0.174 0.0 0.22361 995.0 1.5343 13.0 51.0 3.7071 0.0 0.0 -0.126 0.22361 995.0 1.4759 13.0 
0.0603 183.25513 387.0 1441.0 3.0 68.0 0.0 -0.3929 3.774 0.0 0.67082 997.0 2.5 17.0 66.0 1.5071 0.0 0.674 0.0 0.5 995.0 2.4717 15.0 70.0 3.4071 0.0 0.0 -1.326 0.44721 992.0 2.3832 16.0 75.0 5.4071 0.0 0.0 -2.626 0.31623 989.0 2.3938 14.0 79.0 7.3071 0.0 0.0 -3.226 0.41231 985.0 2.2766 12.0 
0.11484 163.24121 94.0 1163.0 3.0 60.0 0.0 -0.6929 4.074 0.0 0.72111 1000.0 2.5 16.0 58.0 1.3071 0.0 0.674 0.0 0.5831 1000.0 2.5 15.0 57.0 3.2071 0.0 0.0 -1.926 0.5 998.0 2.2123 13.0 61.0 5.1071 0.0 0.0 -3.826 0.44721 997.0 2.3753 15.0 63.0 7.0071 0.0 0.0 -5.326 0.36056 995.0 2.2521 14.0 
0.19021 92.42951 101.0 198.0 3.0 63.0 0.0 -1.7929 2.874 0.0 0.56569 997.0 2.5 16.0 67.0 0.3071 0.0 0.774 0.0 0.5 995.0 2.5 13.0 69.0 2.4071 0.0 0.0 -0.926 0.42426 994.0 2.5 13.0 70.0 4.4071 0.0 0.0 -2.626 0.42426 993.0 2.5 12.0 73.0 6.2071 0.0 0.0 -4.226 0.28284 989.0 2.2679 11.0 
0.07699 198.2513 102.0 2789.0 3.0 41.0 0.0 -1.5929 2.174 0.0 0.31623 1001.0 1.4308 22.0 45.0 0.2071 0.0 1.774 0.0 0.3 1001.0 1.7236 20.0 46.0 2.0071 0.0 1.474 0.0 0.3 1000.0 1.6625 20.0 45.0 3.7071 0.0 1.174 0.0 0.3 1000.0 1.591 19.0 45.0 5.4071 0.0 0.874 0.0 0.3 1000.0 1.591 19.0 
1.19846 19.33007 101.0 2090.0 3.0 76.0 0.0 -2.5929 1.274 0.0 0.5831 989.0 2.4581 9.0 84.0 0.0071 0.0 0.174 0.0 0.41231 982.0 2.3248 10.0 98.0 2.2071 0.0 0.0 -0.126 0.41231 969.0 2.2294 8.0 126.0 4.0071 0.0 0.174 0.0 0.31623 942.0 2.2838 7.0 134.0 5.6071 0.0 0.774 0.0 0.22361 933.0 2.2925 6.0 
0.13951 110.53094 52.0 3085.0 3.0 54.0 0.0 -2.0929 1.474 0.0 0.4 1001.0 2.4819 21.0 50.0 0.2071 0.0 0.974 0.0 0.3 1000.0 1.9642 19.0 46.0 1.9071 0.0 0.474 0.0 0.3 1000.0 1.6625 18.0 41.0 3.3071 0.0 0.074 0.0 0.22361 1000.0 1.3207 19.0 36.0 4.2071 0.0 0.0 -0.426 0.22361 1001.0 1.1031 20.0 
0.10839 236.43955 88.0 2891.0 3.0 81.0 0.0 -1.3929 5.174 0.0 0.86023 997.0 2.5 23.0 82.0 1.7071 0.0 1.274 0.0 0.78102 995.0 2.5 22.0 79.0 4.4071 0.0 0.0 -1.726 0.64031 993.0 2.5 20.0 72.0 6.9071 0.0 0.0 -3.826 0.42426 993.0 2.5 21.0 68.0 8.9071 0.0 0.0 -5.326 0.36056 991.0 2.1467 16.0 
0.39799 21.89443 80.0 1952.0 3.0 36.0 0.0 -1.2929 0.0 -0.526 0.22361 1001.0 1.1031 16.0 40.0 0.0 -0.0929 0.174 0.0 0.22361 1000.0 1.2571 15.0 45.0 0.9071 0.0 1.374 0.0 0.31623 999.0 1.4773 18.0 54.0 1.5071 0.0 3.274 0.0 0.41231 997.0 1.8615 15.0 58.0 1.9071 0.0 5.674 0.0 0.41231 996.0 2.0211 14.0 
0.25056 72.25976 51.0 2591.0 3.0 50.0 0.0 -2.2929 1.174 0.0 0.44721 1002.0 2.3213 24.0 50.0 0.3071 0.0 0.574 0.0 0.41231 1001.0 2.1279 22.0 49.0 2.6071 0.0 0.274 0.0 0.4 1001.0 2.0436 20.0 48.0 4.8071 0.0 0.0 -0.126 0.31623 1001.0 1.961 20.0 44.0 6.6071 0.0 0.0 -0.926 0.31623 1001.0 1.6478 21.0 
0.07882 186.5357 96.0 95.0 3.0 55.0 0.0 -2.0929 3.174 0.0 0.5831 1001.0 2.5 18.0 53.0 0.8071 0.0 1.474 0.0 0.44721 1001.0 2.3909 17.0 51.0 3.1071 0.0 0.174 0.0 0.44721 1000.0 2.0435 20.0 52.0 5.1071 0.0 0.0 -0.826 0.36056 999.0 1.9727 17.0 51.0 6.8071 0.0 0.0 -1.626 0.22361 998.0 1.7711 16.0 
0.1982 92.73958 104.0 718.0 3.0 68.0 0.0 -0.7929 1.474 0.0 0.31623 990.0 2.0534 14.0 64.0 0.6071 0.0 0.574 0.0 0.22361 991.0 1.9016 15.0 73.0 2.0071 0.0 0.0 -0.126 0.31623 986.0 2.0159 13.0 81.0 3.4071 0.0 0.0 -0.626 0.3 980.0 2.0307 11.0 91.0 4.9071 0.0 0.0 -0.926 0.3 974.0 2.1687 10.0 
0.16707 156.56692 85.0 2902.0 3.0 81.0 0.0 -2.4929 4.574 0.0 0.92195 998.0 2.5 9.0 79.0 1.1071 0.0 0.874 0.0 0.70711 997.0 2.5 11.0 83.0 4.4071 0.0 0.0 -1.726 0.5831 992.0 2.5 9.0 89.0 7.7071 0.0 0.0 -3.026 0.60828 988.0 2.5 8.0 90.0 11.0071 0.0 0.0 -3.226 0.5099 986.0 2.5 7.0 
0.02148 130.28802 77.0 174.0 3.0 80.0 0.0 -4.1929 5.074 0.0 1.22066 1000.0 2.5 18.0 75.0 0.0 -0.9929 0.0 -0.626 1.02956 999.0 2.5 16.0 73.0 1.8071 0.0 0.0 -5.626 0.80623 998.0 2.5 14.0 69.0 4.1071 0.0 0.0 -9.726 0.64031 996.0 2.5 13.0 68.0 6.3071 0.0 0.0 -12.626 0.5831 995.0 2.5 15.0 
0.09342 123.99184 95.0 199.0 3.0 53.0 0.0 -1.2929 1.874 0.0 0.22361 995.0 1.5939 11.0 60.0 0.3071 0.0 1.074 0.0 0.31623 994.0 1.9352 13.0 72.0 2.2071 0.0 0.374 0.0 0.36056 990.0 2.3021 11.0 82.0 4.3071 0.0 0.0 -0.526 0.41231 985.0 2.4528 10.0 88.0 6.5071 0.0 0.0 -1.426 0.41231 982.0 2.5 9.0 
0.14534 101.0933 87.0 1762.0 3.0 53.0 0.0 -0.7929 3.674 0.0 0.5831 1000.0 2.207 12.0 53.0 0.7071 0.0 0.574 0.0 0.67082 999.0 2.0493 11.0 53.0 2.1071 0.0 0.0 -2.526 0.53852 998.0 1.9127 11.0 54.0 3.4071 0.0 0.0 -5.226 0.44721 998.0 1.9855 14.0 56.0 4.8071 0.0 0.0 -7.326 0.36056 995.0 1.7795 12.0 
0.04067 267.20369 119.0 2449.0 3.0 48.0 2.5071 0.0 0.0 -1.426 0.22361 996.0 1.3843 14.0 58.0 2.4071 0.0 0.0 -0.026 0.3 993.0 1.7179 12.0 66.0 2.5071 0.0 1.774 0.0 0.31623 991.0 2.0223 11.0 69.0 2.9071 0.0 3.774 0.0 0.41231 990.0 2.1142 11.0 67.0 3.4071 0.0 5.774 0.0 0.22361 990.0 1.9935 11.0 
0.23801 97.73967 102.0 725.0 3.0 83.0 0.0 -1.6929 1.274 0.0 0.3 978.0 2.0104 10.0 101.0 0.1071 0.0 0.874 0.0 0.41231 966.0 2.2168 10.0 118.0 2.0071 0.0 0.574 0.0 0.31623 952.0 2.3314 9.0 131.0 3.8071 0.0 0.874 0.0 0.22361 939.0 2.3686 8.0 116.0 5.4071 0.0 1.574 0.0 0.22361 954.0 2.3294 9.0 
0.23477 62.69156 97.0 594.0 3.0 59.0 0.0 -1.5929 3.474 0.0 0.5831 1000.0 2.5 16.0 55.0 0.3071 0.0 0.474 0.0 0.5 999.0 2.2069 15.0 56.0 2.1071 0.0 0.0 -1.726 0.36056 998.0 2.1353 17.0 60.0 4.0071 0.0 0.0 -3.026 0.41231 996.0 2.1629 15.0 63.0 6.0071 0.0 0.0 -3.826 0.31623 995.0 2.2521 13.0 
0.04844 218.21274 100.0 2631.0 3.0 54.0 0.1071 0.0 3.574 0.0 0.5 1000.0 2.291 12.0 53.0 1.8071 0.0 0.774 0.0 0.5 999.0 2.0493 11.0 53.0 3.3071 0.0 0.0 -1.626 0.42426 998.0 1.9127 9.0 55.0 4.7071 0.0 0.0 -3.226 0.36056 996.0 1.8174 11.0 60.0 6.1071 0.0 0.0 -4.226 0.22361 993.0 1.8385 9.0 
0.1288 56.47123 90.0 1919.0 3.0 63.0 0.0 -3.2929 2.674 0.0 0.70711 1000.0 2.5 13.0 63.0 0.0 -0.4929 0.0 -0.126 0.64031 999.0 2.5 14.0 66.0 2.2071 0.0 0.0 -2.426 0.5831 997.0 2.5 12.0 72.0 4.9071 0.0 0.0 -4.326 0.53852 994.0 2.5 12.0 83.0 7.8071 0.0 0.0 -5.526 0.53852 990.0 2.5 11.0 
0.44315 53.71602 89.0 2079.0 3.0 70.0 0.0 -3.5929 3.474 0.0 0.84853 1001.0 2.5 17.0 70.0 0.3071 0.0 0.374 0.0 0.86023 1000.0 2.5 16.0 66.0 3.7071 0.0 0.0 -2.526 0.64031 999.0 2.5 15.0 60.0 6.4071 0.0 0.0 -4.626 0.5 998.0 2.4513 15.0 61.0 8.5071 0.0 0.0 -6.226 0.44721 997.0 2.3753 15.0 
0.06078 308.84554 108.0 2114.0 3.0 60.0 0.6071 0.0 0.0 -2.926 0.22361 991.0 1.6713 9.0 74.0 1.9071 0.0 0.0 -2.026 0.28284 985.0 1.9975 10.0 88.0 3.3071 0.0 0.0 -0.826 0.36056 977.0 2.1971 8.0 96.0 4.6071 0.0 0.474 0.0 0.36056 971.0 2.2412 7.0 97.0 5.8071 0.0 1.774 0.0 0.28284 968.0 2.1356 7.0 
0.04779 137.39659 103.0 87.0 3.0 55.0 0.0 -0.2929 3.474 0.0 0.67082 1000.0 2.3767 12.0 54.0 1.2071 0.0 0.274 0.0 0.5 999.0 2.1274 10.0 51.0 2.7071 0.0 0.0 -1.926 0.36056 998.0 1.7711 10.0 51.0 4.1071 0.0 0.0 -3.326 0.22361 996.0 1.5627 8.0 58.0 5.4071 0.0 0.0 -4.026 0.2 993.0 1.7179 9.0 
0.08598 159.16666 105.0 2754.0 3.0 47.0 0.0 -0.0929 2.974 0.0 0.44721 1001.0 1.8802 16.0 46.0 1.2071 0.0 0.774 0.0 0.36056 1000.0 1.6625 15.0 46.0 2.3071 0.0 0.0 -1.026 0.28284 999.0 1.5437 14.0 47.0 3.3071 0.0 0.0 -2.426 0.22361 998.0 1.5041 13.0 54.0 4.5071 0.0 0.0 -3.426 0.31623 996.0 1.752 14.0 
0.36816 35.06378 86.0 474.0 3.0 77.0 0.0 -2.4929 5.274 0.0 1.02956 1001.0 2.5 17.0 71.0 0.3071 0.0 0.074 0.0 0.86023 1000.0 2.5 16.0 65.0 3.0071 0.0 0.0 -3.826 0.70711 1000.0 2.5 15.0 62.0 5.5071 0.0 0.0 -6.626 0.56569 998.0 2.5 13.0 64.0 7.6071 0.0 0.0 -8.926 0.5 997.0 2.5 15.0 
0.09816 42.04636 98.0 575.0 3.0 60.0 0.0 -2.1929 3.174 0.0 0.72111 999.0 2.5 11.0 60.0 0.0 -0.1929 0.0 -0.326 0.64031 998.0 2.4513 10.0 61.0 2.0071 0.0 0.0 -3.226 0.42426 996.0 2.2356 9.0 64.0 4.0071 0.0 0.0 -5.426 0.5 994.0 2.2019 11.0 70.0 5.9071 0.0 0.0 -7.026 0.36056 989.0 2.0853 9.0 
0.07002 187.25955 114.0 2041.0 3.0 54.0 0.0 -0.7929 2.174 0.0 0.31623 994.0 1.5675 11.0 63.0 0.6071 0.0 1.574 0.0 0.2 991.0 1.8426 12.0 75.0 1.9071 0.0 1.274 0.0 0.2 983.0 1.9151 9.0 82.0 3.1071 0.0 1.374 0.0 0.2 978.0 1.9622 8.0 87.0 4.2071 0.0 1.674 0.0 0.22361 974.0 1.9822 8.0 
0.07206 176.88004 104.0 421.0 3.0 39.0 0.0 -0.5929 2.874 0.0 0.36056 1002.0 1.4123 19.0 41.0 0.8071 0.0 1.374 0.0 0.36056 1001.0 1.4308 23.0 44.0 2.3071 0.0 0.174 0.0 0.36056 1000.0 1.5211 20.0 46.0 3.8071 0.0 0.0 -0.726 0.22361 1000.0 1.6625 18.0 46.0 5.2071 0.0 0.0 -1.326 0.22361 999.0 1.5437 18.0 
0.07704 253.76665 101.0 2526.0 3.0 53.0 0.4071 0.0 0.0 -3.526 0.44721 997.0 1.7931 12.0 59.0 1.6071 0.0 0.0 -1.626 0.28284 993.0 1.7777 10.0 67.0 2.9071 0.0 0.0 -0.326 0.28284 989.0 1.9104 11.0 76.0 4.1071 0.0 0.474 0.0 0.22361 982.0 1.903 9.0 89.0 5.3071 0.0 0.874 0.0 0.2 973.0 2.0226 7.0 
0.08047 220.17673 93.0 716.0 3.0 77.0 0.0 -1.8929 4.674 0.0 0.70711 999.0 2.5 17.0 71.0 1.2071 0.0 1.574 0.0 0.64031 998.0 2.5 16.0 66.0 3.7071 0.0 0.0 -0.626 0.5 996.0 2.5 15.0 62.0 5.7071 0.0 0.0 -2.126 0.44721 996.0 2.3095 14.0 59.0 7.5071 0.0 0.0 -3.026 0.28284 995.0 1.9752 14.0 
0.24113 198.2513 97.0 1214.0 3.0 77.0 0.0 -2.5929 2.274 0.0 0.53852 992.0 2.5 9.0 80.0 0.2071 0.0 1.774 0.0 0.4 985.0 2.3346 8.0 90.0 2.4071 0.0 1.974 0.0 0.41231 978.0 2.3637 8.0 111.0 4.4071 0.0 2.374 0.0 0.3 959.0 2.3304 6.0 121.0 6.3071 0.0 2.774 0.0 0.22361 948.0 2.3006 6.0 
0.03408 112.86066 90.0 218.0 3.0 57.0 0.0 -3.5929 1.774 0.0 0.70711 1002.0 2.5 18.0 59.0 0.0 -0.5929 0.0 -0.826 0.64031 1001.0 2.5 17.0 55.0 2.2071 0.0 0.0 -2.826 0.44721 1001.0 2.5 21.0 55.0 4.5071 0.0 0.0 -4.026 0.36056 999.0 2.2069 17.0 57.0 6.5071 0.0 0.0 -4.926 0.31623 997.0 2.074 15.0 
0.31952 53.71602 105.0 2949.0 3.0 62.0 0.0 -1.0929 2.274 0.0 0.36056 994.0 2.0664 14.0 64.0 0.3071 0.0 0.374 0.0 0.36056 992.0 1.9922 13.0 82.0 1.8071 0.0 0.0 -1.026 0.36056 983.0 2.2892 12.0 80.0 3.3071 0.0 0.0 -2.026 0.36056 983.0 2.1789 12.0 91.0 4.8071 0.0 0.0 -2.826 0.31623 974.0 2.1687 10.0 
0.15961 101.0933 155.0 888.0 3.0 56.0 0.0 -0.6929 2.074 0.0 0.42426 996.0 1.8841 15.0 56.0 0.7071 0.0 0.574 0.0 0.36056 994.0 1.6858 14.0 63.0 1.9071 0.0 0.0 -0.526 0.28284 991.0 1.8426 15.0 66.0 2.9071 0.0 0.0 -1.326 0.22361 988.0 1.7796 13.0 66.0 3.8071 0.0 0.0 -1.726 0.2 987.0 1.7112 13.0 
0.23578 14.00819 96.0 637.0 3.0 50.0 0.0 -1.5929 2.374 0.0 0.53852 1001.0 2.1279 17.0 49.0 0.0071 0.0 0.0 -0.126 0.36056 1000.0 1.8864 16.0 51.0 1.6071 0.0 0.0 -2.126 0.36056 999.0 1.8976 14.0 58.0 3.7071 0.0 0.0 -3.326 0.36056 998.0 2.2906 16.0 65.0 5.9071 0.0 0.0 -4.226 0.36056 995.0 2.3974 13.0 
0.67598 45.6838 86.0 2486.0 3.0 62.0 0.0 -3.1929 1.774 0.0 0.67082 1000.0 2.5 20.0 67.0 0.3071 0.0 0.274 0.0 0.53852 998.0 2.5 18.0 70.0 3.8071 0.0 0.0 -0.626 0.63246 997.0 2.5 18.0 75.0 7.0071 0.0 0.0 -1.726 0.53852 994.0 2.5 17.0 77.0 9.7071 0.0 0.0 -2.826 0.53852 992.0 2.5 15.0 
0.08296 195.01871 114.0 216.0 3.0 61.0 0.0 -0.4929 3.474 0.0 0.56569 997.0 2.3753 13.0 62.0 1.3071 0.0 1.174 0.0 0.5 996.0 2.3095 14.0 65.0 2.7071 0.0 0.0 -0.526 0.36056 992.0 2.0549 12.0 67.0 3.7071 0.0 0.0 -1.726 0.22361 988.0 1.834 10.0 72.0 4.6071 0.0 0.0 -2.426 0.22361 984.0 1.8258 9.0 
0.02887 112.13563 99.0 1616.0 3.0 54.0 0.0 -3.0929 1.574 0.0 0.5 1000.0 2.291 11.0 55.0 0.0 -0.7929 0.0 -0.626 0.42426 999.0 2.2069 10.0 58.0 1.5071 0.0 0.0 -2.226 0.5 997.0 2.1474 9.0 64.0 3.7071 0.0 0.0 -3.526 0.36056 995.0 2.3242 10.0 73.0 5.7071 0.0 0.0 -4.526 0.36056 989.0 2.2679 8.0 
0.18985 124.78821 95.0 2197.0 3.0 73.0 0.0 -1.3929 3.274 0.0 0.64031 991.0 2.474 9.0 85.0 0.7071 0.0 0.874 0.0 0.56569 986.0 2.5 10.0 101.0 3.1071 0.0 0.0 -0.826 0.44721 974.0 2.5 8.0 111.0 5.2071 0.0 0.0 -2.126 0.44721 964.0 2.5 6.0 105.0 7.0071 0.0 0.0 -3.226 0.36056 966.0 2.3959 7.0 
0.06562 146.67239 103.0 1070.0 3.0 45.0 0.0 -2.4929 0.0 -1.026 0.3 1001.0 1.7236 13.0 45.0 0.0 -0.4929 0.0 -1.226 0.41231 1000.0 1.591 11.0 47.0 1.4071 0.0 0.0 -1.426 0.3 1000.0 1.7355 14.0 50.0 3.1071 0.0 0.0 -1.426 0.3 998.0 1.7023 12.0 55.0 4.8071 0.0 0.0 -1.226 0.31623 996.0 1.8174 11.0 
0.23001 112.49216 89.0 2443.0 3.0 59.0 0.0 -1.8929 0.0 -2.426 0.5831 997.0 2.2221 12.0 71.0 0.7071 0.0 0.0 -0.726 0.5831 995.0 2.5 13.0 78.0 3.5071 0.0 0.974 0.0 0.44721 992.0 2.5 12.0 82.0 6.2071 0.0 2.574 0.0 0.5831 990.0 2.5 11.0 84.0 8.6071 0.0 4.474 0.0 0.5 987.0 2.5 10.0 
0.0891 116.7183 96.0 359.0 3.0 51.0 0.0 -1.1929 2.874 0.0 0.56569 1001.0 2.2138 17.0 49.0 0.8071 0.0 0.674 0.0 0.5 1000.0 1.8864 16.0 50.0 2.7071 0.0 0.0 -1.126 0.44721 1000.0 1.9642 20.0 55.0 4.7071 0.0 0.0 -2.526 0.36056 998.0 2.0598 17.0 56.0 6.4071 0.0 0.0 -3.726 0.36056 997.0 2.0019 15.0 
0.08461 187.34835 118.0 401.0 3.0 60.0 0.0071 0.0 2.174 0.0 0.28284 992.0 1.7509 15.0 65.0 1.1071 0.0 1.274 0.0 0.22361 989.0 1.798 14.0 68.0 2.1071 0.0 0.374 0.0 0.14142 987.0 1.8165 13.0 71.0 2.9071 0.0 0.0 -0.526 0.14142 985.0 1.8388 12.0 75.0 3.7071 0.0 0.0 -1.426 0.14142 982.0 1.8533 11.0 
0.45502 63.71887 87.0 337.0 3.0 56.0 0.0 -2.7929 1.074 0.0 0.41231 998.0 2.1353 13.0 67.0 0.0071 0.0 0.574 0.0 0.5099 996.0 2.5 15.0 78.0 3.2071 0.0 0.174 0.0 0.5099 993.0 2.5 12.0 85.0 6.4071 0.0 0.0 -0.226 0.5099 989.0 2.5 11.0 88.0 9.2071 0.0 0.0 -0.726 0.4 984.0 2.5 9.0 
0.08906 72.87608 101.0 1943.0 3.0 46.0 0.0 -2.0929 1.774 0.0 0.5 1000.0 1.6625 13.0 48.0 0.0 -0.3929 0.0 -0.526 0.5 1000.0 1.8102 16.0 48.0 1.2071 0.0 0.0 -2.426 0.42426 999.0 1.6809 15.0 50.0 2.9071 0.0 0.0 -3.726 0.36056 997.0 1.5959 13.0 55.0 4.6071 0.0 0.0 -4.826 0.36056 995.0 1.7165 13.0 
0.06695 211.4766 106.0 1351.0 3.0 53.0 0.0 -0.8929 3.674 0.0 0.5 1000.0 2.207 12.0 53.0 1.2071 0.0 1.474 0.0 0.5 1000.0 2.207 15.0 54.0 3.1071 0.0 0.0 -0.126 0.36056 998.0 1.9855 12.0 52.0 4.5071 0.0 0.0 -1.226 0.28284 997.0 1.7261 11.0 52.0 5.6071 0.0 0.0 -2.226 0.14142 996.0 1.6246 10.0 
0.17681 78.26613 48.0 1832.0 3.0 40.0 0.0 -1.2929 1.474 0.0 0.22361 1002.0 1.4856 23.0 42.0 0.2071 0.0 0.674 0.0 0.3 1001.0 1.5014 21.0 47.0 2.0071 0.0 0.574 0.0 0.3 1000.0 1.7355 19.0 50.0 4.0071 0.0 0.674 0.0 0.41231 1000.0 1.9642 19.0 53.0 6.3071 0.0 0.874 0.0 0.5099 1000.0 2.207 19.0 
0.09396 193.44107 94.0 1057.0 3.0 67.0 0.0 -0.5929 4.274 0.0 0.72111 999.0 2.5 14.0 64.0 1.6071 0.0 0.674 0.0 0.64031 998.0 2.5 13.0 62.0 3.7071 0.0 0.0 -1.926 0.5 996.0 2.3095 12.0 62.0 5.6071 0.0 0.0 -3.826 0.36056 995.0 2.1812 14.0 58.0 7.3071 0.0 0.0 -5.226 0.28284 995.0 1.9088 13.0 
0.22293 78.26613 97.0 2492.0 3.0 58.0 0.0 -1.9929 2.574 0.0 0.5 998.0 2.2906 14.0 59.0 0.2071 0.0 0.674 0.0 0.5 997.0 2.2221 12.0 61.0 2.5071 0.0 0.0 -0.226 0.4 994.0 2.0003 11.0 68.0 4.6071 0.0 0.0 -0.426 0.3 991.0 2.1467 12.0 74.0 6.4071 0.0 0.0 -0.526 0.2 986.0 2.0715 10.0 
0.05747 202.60424 112.0 321.0 3.0 48.0 0.4071 0.0 2.474 0.0 0.22361 998.0 1.5688 16.0 49.0 1.3071 0.0 1.274 0.0 0.28284 997.0 1.5327 15.0 51.0 2.3071 0.0 0.274 0.0 0.28284 997.0 1.6604 15.0 52.0 3.3071 0.0 0.0 -0.726 0.22361 996.0 1.6246 14.0 51.0 4.3071 0.0 0.0 -1.526 0.22361 996.0 1.5627 14.0 
0.18047 85.01661 97.0 2340.0 3.0 54.0 0.0 -0.9929 2.274 0.0 0.36056 998.0 1.9855 16.0 56.0 0.5071 0.0 0.574 0.0 0.28284 997.0 2.0019 15.0 60.0 2.2071 0.0 0.0 -0.626 0.31623 996.0 2.1629 14.0 63.0 4.1071 0.0 0.0 -1.426 0.36056 995.0 2.2521 13.0 62.0 6.1071 0.0 0.0 -2.126 0.31623 995.0 2.1812 13.0 
0.12503 123.80289 83.0 1362.0 3.0 39.0 0.0 -1.4929 0.174 0.0 0.22361 999.0 1.1096 13.0 46.0 0.0 -0.6929 0.874 0.0 0.14142 996.0 1.2713 13.0 48.0 0.1071 0.0 1.374 0.0 0.22361 996.0 1.3843 14.0 58.0 1.2071 0.0 1.574 0.0 0.22361 993.0 1.7179 12.0 64.0 2.5071 0.0 1.274 0.0 0.31623 991.0 1.9016 11.0 
0.0636 72.87608 120.0 2113.0 3.0 51.0 0.0 -2.1929 1.474 0.0 0.42426 999.0 1.8976 11.0 51.0 0.0 -0.3929 0.0 -0.526 0.42426 998.0 1.7711 10.0 50.0 1.1071 0.0 0.0 -2.126 0.42426 996.0 1.502 9.0 52.0 2.4071 0.0 0.0 -3.326 0.22361 995.0 1.5343 11.0 59.0 3.4071 0.0 0.0 -4.026 0.14142 989.0 1.4814 9.0 
0.28135 53.94034 106.0 3029.0 3.0 48.0 0.0 -1.6929 1.174 0.0 0.31623 999.0 1.6809 23.0 56.0 0.1071 0.0 0.474 0.0 0.31623 997.0 2.0019 19.0 58.0 1.9071 0.0 0.0 -0.126 0.44721 996.0 2.0211 19.0 59.0 3.8071 0.0 0.0 -0.826 0.31623 995.0 1.9752 18.0 57.0 5.3071 0.0 0.0 -1.326 0.31623 995.0 1.8436 17.0 
0.37685 21.89443 101.0 2262.0 3.0 52.0 0.0 -1.6929 1.474 0.0 0.36056 998.0 1.8412 18.0 53.0 0.0 -0.0929 0.174 0.0 0.31623 996.0 1.6877 16.0 57.0 1.5071 0.0 0.0 -0.026 0.31623 994.0 1.7465 14.0 70.0 3.3071 0.0 0.774 0.0 0.36056 990.0 2.176 14.0 79.0 5.1071 0.0 1.774 0.0 0.36056 985.0 2.2766 12.0 
0.03786 267.8411 100.0 1001.0 3.0 46.0 0.0 -0.7929 3.174 0.0 0.36056 999.0 1.5437 15.0 49.0 0.8071 0.0 2.274 0.0 0.31623 999.0 1.7517 17.0 56.0 2.4071 0.0 1.474 0.0 0.31623 996.0 1.8841 14.0 60.0 4.1071 0.0 0.874 0.0 0.22361 994.0 1.9352 13.0 63.0 5.7071 0.0 0.274 0.0 0.2 993.0 2.0269 12.0 
0.01345 277.21139 83.0 1004.0 3.0 52.0 0.0 -2.9929 0.0 -1.526 0.44721 999.0 1.9727 14.0 58.0 0.0 -0.5929 0.0 -2.426 0.5099 998.0 2.2906 13.0 65.0 1.9071 0.0 0.0 -2.726 0.4 996.0 2.5 14.0 71.0 4.3071 0.0 0.0 -2.526 0.3 992.0 2.4518 12.0 68.0 6.3071 0.0 0.0 -2.026 0.31623 992.0 2.249 12.0 
0.05565 232.11335 105.0 1010.0 3.0 47.0 0.0 -0.0929 2.874 0.0 0.28284 998.0 1.5041 13.0 52.0 1.1071 0.0 1.774 0.0 0.22361 996.0 1.6246 15.0 58.0 2.3071 0.0 1.074 0.0 0.22361 993.0 1.7179 12.0 63.0 3.4071 0.0 0.574 0.0 0.3 990.0 1.7625 11.0 69.0 4.7071 0.0 0.174 0.0 0.3 988.0 1.9451 10.0 
0.0136 232.01354 93.0 1015.0 3.0 76.0 0.0 -5.6929 2.974 0.0 0.98995 1001.0 2.5 18.0 71.0 0.0 -1.6929 0.0 -1.226 0.78102 1000.0 2.5 16.0 66.0 1.5071 0.0 0.0 -4.426 0.64031 999.0 2.5 15.0 61.0 4.3071 0.0 0.0 -6.426 0.53852 998.0 2.5 13.0 63.0 6.8071 0.0 0.0 -7.226 0.41231 996.0 2.3846 14.0 
0.08854 216.84885 90.0 1018.0 3.0 55.0 0.0 -1.1929 3.674 0.0 0.5 1000.0 2.3767 19.0 54.0 1.0071 0.0 1.674 0.0 0.5 1001.0 2.4819 20.0 55.0 3.3071 0.0 0.074 0.0 0.44721 1000.0 2.3767 19.0 53.0 5.6071 0.0 0.0 -1.226 0.36056 1000.0 2.207 19.0 49.0 7.6071 0.0 0.0 -2.126 0.36056 1000.0 1.8864 19.0 
0.04524 258.3804 74.0 1021.0 3.0 57.0 0.1071 0.0 3.474 0.0 0.36056 997.0 2.074 15.0 63.0 1.5071 0.0 1.774 0.0 0.42426 994.0 2.1336 13.0 66.0 2.9071 0.0 0.274 0.0 0.36056 992.0 2.1186 12.0 68.0 4.2071 0.0 0.0 -1.026 0.28284 990.0 2.0534 11.0 65.0 5.3071 0.0 0.0 -2.026 0.22361 990.0 1.8762 11.0 
0.07385 310.58559 116.0 1025.0 3.0 54.0 0.0071 0.0 3.274 0.0 0.28284 994.0 1.5675 11.0 62.0 1.3071 0.0 2.474 0.0 0.22361 991.0 1.7846 12.0 71.0 2.5071 0.0 2.074 0.0 0.2 985.0 1.8388 10.0 76.0 3.6071 0.0 1.874 0.0 0.22361 981.0 1.8436 9.0 84.0 4.6071 0.0 1.574 0.0 0.1 974.0 1.8479 8.0 
0.08736 228.78407 129.0 1029.0 3.0 41.0 0.0 -1.7929 2.074 0.0 0.2 999.0 1.2264 18.0 48.0 0.0 -0.5929 1.974 0.0 0.22361 997.0 1.4708 15.0 54.0 0.6071 0.0 2.374 0.0 0.22361 995.0 1.6546 13.0 57.0 1.7071 0.0 3.174 0.0 0.22361 994.0 1.7465 13.0 59.0 2.7071 0.0 4.074 0.0 0.28284 993.0 1.7777 12.0 
0.03478 260.95971 100.0 102.0 3.0 55.0 0.0 -0.4929 2.674 0.0 0.22361 995.0 1.7165 13.0 65.0 1.1071 0.0 2.074 0.0 0.31623 991.0 1.9615 12.0 74.0 2.7071 0.0 1.274 0.0 0.36056 987.0 2.1512 10.0 82.0 4.2071 0.0 0.074 0.0 0.42426 983.0 2.2892 9.0 80.0 5.7071 0.0 0.0 -1.426 0.28284 984.0 2.2541 9.0 
0.06247 302.9366 102.0 1031.0 3.0 55.0 0.0 -0.3929 3.174 0.0 0.22361 995.0 1.7165 13.0 58.0 0.9071 0.0 2.574 0.0 0.3 994.0 1.8084 13.0 63.0 2.4071 0.0 2.174 0.0 0.22361 992.0 1.9304 12.0 65.0 3.9071 0.0 1.574 0.0 0.22361 992.0 2.0549 11.0 66.0 5.5071 0.0 0.774 0.0 0.22361 992.0 2.1186 11.0 
0.11063 260.1241 84.0 1032.0 3.0 88.0 0.0 -2.7929 5.774 0.0 1.06301 999.0 2.5 18.0 80.0 1.4071 0.0 1.874 0.0 0.92195 997.0 2.5 17.0 78.0 5.0071 0.0 0.0 -0.626 0.67082 996.0 2.5 18.0 78.0 8.2071 0.0 0.0 -1.926 0.5099 993.0 2.5 16.0 75.0 10.8071 0.0 0.0 -2.426 0.4 991.0 2.5 15.0 
0.0729 242.73765 95.0 1034.0 3.0 49.0 0.0 -0.1929 2.974 0.0 0.36056 998.0 1.6349 17.0 56.0 1.4071 0.0 1.674 0.0 0.36056 995.0 1.7795 15.0 66.0 3.3071 0.0 0.474 0.0 0.36056 993.0 2.2245 16.0 73.0 5.2071 0.0 0.0 -0.326 0.31623 989.0 2.2679 14.0 79.0 7.0071 0.0 0.0 -1.026 0.31623 984.0 2.1981 12.0 
0.02958 260.90683 113.0 1036.0 3.0 52.0 0.4071 0.0 3.274 0.0 0.44721 1000.0 2.1245 18.0 56.0 1.9071 0.0 1.374 0.0 0.42426 998.0 2.1353 16.0 56.0 3.4071 0.0 0.0 -0.226 0.28284 997.0 2.0019 15.0 55.0 4.5071 0.0 0.0 -1.526 0.28284 996.0 1.8174 14.0 52.0 5.4071 0.0 0.0 -2.526 0.22361 995.0 1.5343 13.0 
0.06332 234.34953 90.0 1042.0 3.0 69.0 0.0 -0.9929 4.174 0.0 0.64031 997.0 2.5 15.0 71.0 1.4071 0.0 1.574 0.0 0.56569 995.0 2.5 14.0 76.0 3.8071 0.0 0.0 -0.326 0.36056 991.0 2.5 11.0 80.0 6.1071 0.0 0.0 -1.526 0.41231 988.0 2.5 10.0 81.0 8.3071 0.0 0.0 -2.326 0.3 986.0 2.4819 10.0 
0.06239 309.0876 90.0 1044.0 3.0 67.0 0.0 -1.2929 4.474 0.0 0.64031 999.0 2.5 17.0 68.0 1.6071 0.0 2.274 0.0 0.5831 997.0 2.5 15.0 64.0 4.1071 0.0 0.474 0.0 0.44721 997.0 2.5 15.0 58.0 6.2071 0.0 0.0 -0.826 0.36056 998.0 2.2906 15.0 55.0 8.0071 0.0 0.0 -2.026 0.36056 998.0 2.0598 16.0 
0.07087 222.32905 73.0 1048.0 3.0 52.0 0.0 -1.9929 3.074 0.0 0.53852 1002.0 2.5 18.0 52.0 0.7071 0.0 1.874 0.0 0.41231 1001.0 2.3015 22.0 53.0 3.1071 0.0 0.874 0.0 0.41231 1000.0 2.207 19.0 52.0 5.2071 0.0 0.274 0.0 0.31623 999.0 1.9727 17.0 50.0 7.1071 0.0 0.074 0.0 0.31623 999.0 1.8239 17.0 
0.05959 247.0314 96.0 104.0 3.0 68.0 0.0 -1.1929 2.874 0.0 0.36056 992.0 2.249 12.0 69.0 0.8071 0.0 2.074 0.0 0.41231 992.0 2.3156 12.0 79.0 3.1071 0.0 1.774 0.0 0.31623 987.0 2.4517 10.0 83.0 5.1071 0.0 1.374 0.0 0.31623 983.0 2.3454 9.0 77.0 6.8071 0.0 0.974 0.0 0.31623 984.0 2.0882 9.0 
0.0586 319.23543 99.0 105.0 3.0 59.0 0.0 -2.8929 3.474 0.0 0.5099 1000.0 2.5 15.0 58.0 0.1071 0.0 2.874 0.0 0.5 999.0 2.4542 14.0 57.0 2.5071 0.0 2.674 0.0 0.41231 998.0 2.2123 16.0 60.0 4.4071 0.0 2.374 0.0 0.31623 995.0 2.0427 13.0 61.0 6.0071 0.0 1.974 0.0 0.3 993.0 1.9003 12.0 
0.07742 260.90683 102.0 1064.0 3.0 61.0 0.3071 0.0 3.174 0.0 0.42426 994.0 2.0003 14.0 72.0 1.9071 0.0 1.374 0.0 0.42426 988.0 2.1179 11.0 86.0 3.4071 0.0 0.0 -0.226 0.28284 979.0 2.2218 11.0 103.0 4.6071 0.0 0.0 -1.526 0.28284 964.0 2.2114 8.0 107.0 5.7071 0.0 0.0 -2.526 0.22361 959.0 2.1655 8.0 
0.04271 261.47761 103.0 1066.0 3.0 47.0 0.0 -0.8929 3.274 0.0 0.36056 1001.0 1.8802 22.0 48.0 0.9071 0.0 2.174 0.0 0.31623 1000.0 1.8102 19.0 47.0 2.6071 0.0 1.374 0.0 0.31623 1000.0 1.7355 19.0 45.0 4.2071 0.0 0.974 0.0 0.22361 1000.0 1.591 18.0 43.0 5.6071 0.0 0.974 0.0 0.2 1000.0 1.4527 18.0 
0.01782 261.80536 103.0 1069.0 3.0 59.0 0.0 -4.1929 0.874 0.0 0.70711 1000.0 2.5 12.0 57.0 0.0 -1.4929 0.0 -1.826 0.56569 999.0 2.3703 11.0 57.0 0.8071 0.0 0.0 -4.026 0.42426 998.0 2.2123 10.0 58.0 3.0071 0.0 0.0 -5.426 0.36056 996.0 2.0211 10.0 62.0 4.9071 0.0 0.0 -6.326 0.31623 993.0 1.9631 10.0 
0.07288 206.28347 86.0 1076.0 3.0 70.0 0.0 -2.7929 4.574 0.0 0.86023 1000.0 2.5 11.0 67.0 0.8071 0.0 1.674 0.0 0.72111 1000.0 2.5 11.0 66.0 4.1071 0.0 0.0 -0.426 0.5831 999.0 2.5 13.0 69.0 7.1071 0.0 0.0 -1.726 0.53852 996.0 2.5 10.0 69.0 9.7071 0.0 0.0 -2.426 0.41231 994.0 2.5 9.0 
0.09614 238.17627 87.0 1088.0 3.0 71.0 0.0 -2.1929 3.674 0.0 0.72111 999.0 2.5 14.0 67.0 1.2071 0.0 1.774 0.0 0.53852 997.0 2.5 12.0 70.0 4.1071 0.0 0.674 0.0 0.41231 995.0 2.5 14.0 75.0 6.8071 0.0 0.674 0.0 0.41231 991.0 2.5 12.0 77.0 9.1071 0.0 1.374 0.0 0.31623 988.0 2.4223 10.0 
0.0235 312.48277 99.0 1090.0 3.0 52.0 0.1071 0.0 3.874 0.0 0.5 1001.0 2.3015 21.0 49.0 2.0071 0.0 1.974 0.0 0.42426 1001.0 2.0436 21.0 45.0 3.7071 0.0 0.574 0.0 0.36056 1001.0 1.7236 20.0 42.0 5.2071 0.0 0.0 -0.526 0.28284 1001.0 1.5014 21.0 40.0 6.4071 0.0 0.0 -1.326 0.28284 1001.0 1.3618 21.0 
0.08941 244.59289 92.0 1099.0 3.0 58.0 0.0 -0.8929 3.374 0.0 0.5 998.0 2.2906 17.0 65.0 1.3071 0.0 1.774 0.0 0.5 996.0 2.5 14.0 68.0 3.5071 0.0 0.274 0.0 0.44721 994.0 2.4857 13.0 68.0 5.7071 0.0 0.0 -1.026 0.42426 993.0 2.3614 12.0 69.0 7.7071 0.0 0.0 -2.726 0.42426 993.0 2.4314 13.0 
0.04245 282.76139 95.0 1104.0 3.0 70.0 0.0 -1.4929 3.474 0.0 0.44721 991.0 2.2749 12.0 70.0 0.6071 0.0 2.474 0.0 0.41231 992.0 2.3832 12.0 80.0 2.8071 0.0 1.674 0.0 0.41231 986.0 2.421 10.0 84.0 4.9071 0.0 1.174 0.0 0.4 983.0 2.4023 9.0 80.0 6.8071 0.0 1.174 0.0 0.3 984.0 2.2541 9.0 
0.03002 281.38153 91.0 1111.0 3.0 74.0 0.0 -0.8929 5.074 0.0 0.80623 998.0 2.5 12.0 73.0 1.7071 0.0 1.874 0.0 0.64031 996.0 2.5 10.0 68.0 4.1071 0.0 0.0 -0.326 0.42426 996.0 2.5 10.0 60.0 5.9071 0.0 0.0 -2.026 0.36056 996.0 2.1629 11.0 52.0 7.2071 0.0 0.0 -3.426 0.28284 997.0 1.7261 11.0 
0.0334 269.99085 85.0 1119.0 3.0 67.0 0.0 -0.8929 5.174 0.0 0.72111 1001.0 2.5 17.0 67.0 2.0071 0.0 1.374 0.0 0.70711 1000.0 2.5 15.0 65.0 4.9071 0.0 0.0 -1.326 0.64031 998.0 2.5 13.0 66.0 7.5071 0.0 0.0 -3.526 0.56569 997.0 2.5 15.0 66.0 9.7071 0.0 0.0 -5.526 0.5 995.0 2.4717 14.0 
0.02441 277.42909 110.0 1127.0 3.0 54.0 0.0 -3.8929 0.074 0.0 0.56569 999.0 2.1274 11.0 56.0 0.0 -1.5929 0.0 -1.926 0.42426 998.0 2.1353 10.0 57.0 0.5071 0.0 0.0 -3.426 0.31623 996.0 1.952 12.0 61.0 2.4071 0.0 0.0 -4.126 0.31623 992.0 1.8098 10.0 70.0 4.0071 0.0 0.0 -4.426 0.3 986.0 1.8536 9.0 
0.01246 210.31517 79.0 1128.0 3.0 59.0 0.0 -3.7929 2.674 0.0 0.80623 1001.0 2.5 13.0 57.0 0.0 -1.5929 0.0 -1.026 0.5831 1000.0 2.5 12.0 55.0 0.3071 0.0 0.0 -4.126 0.5 999.0 2.2069 11.0 55.0 2.1071 0.0 0.0 -6.426 0.5 997.0 1.931 9.0 57.0 3.8071 0.0 0.0 -8.226 0.42426 996.0 1.952 11.0 
0.09168 256.42697 104.0 112.0 3.0 75.0 0.0 -2.4929 3.174 0.0 0.63246 993.0 2.5 11.0 73.0 0.4071 0.0 2.274 0.0 0.41231 991.0 2.474 11.0 77.0 2.6071 0.0 1.774 0.0 0.41231 986.0 2.2429 10.0 86.0 4.3071 0.0 1.274 0.0 0.31623 977.0 2.0984 8.0 97.0 5.7071 0.0 0.574 0.0 0.22361 967.0 2.0892 7.0 
0.05035 273.278 118.0 1131.0 3.0 38.0 1.2071 0.0 2.374 0.0 0.14142 998.0 1.0 13.0 43.0 1.7071 0.0 1.774 0.0 0.14142 997.0 1.1803 15.0 50.0 2.3071 0.0 1.174 0.0 0.14142 994.0 1.3439 13.0 56.0 3.0071 0.0 0.574 0.0 0.14142 992.0 1.5252 12.0 62.0 3.8071 0.0 0.0 -0.026 0.14142 989.0 1.6359 11.0 
0.11579 275.67418 92.0 1132.0 3.0 100.0 0.0 -0.7929 3.774 0.0 0.56569 975.0 2.5 9.0 104.0 1.5071 0.0 1.974 0.0 0.44721 967.0 2.4016 7.0 128.0 3.8071 0.0 0.574 0.0 0.36056 948.0 2.5 7.0 138.0 5.8071 0.0 0.0 -0.726 0.36056 928.0 2.2884 5.0 152.0 7.6071 0.0 0.0 -1.926 0.36056 915.0 2.4079 4.0 
0.13203 227.10248 108.0 1139.0 3.0 90.0 0.0 -0.5929 3.274 0.0 0.42426 977.0 2.2981 11.0 94.0 1.3071 0.0 1.574 0.0 0.5 972.0 2.2012 9.0 121.0 3.1071 0.0 0.0 -0.126 0.42426 949.0 2.3365 8.0 142.0 4.6071 0.0 0.0 -1.526 0.28284 925.0 2.3403 8.0 141.0 5.7071 0.0 0.0 -2.526 0.28284 921.0 2.2072 7.0 
0.0035 229.33917 84.0 1146.0 3.0 68.0 0.0 -4.6929 1.274 0.0 0.78102 999.0 2.5 11.0 66.0 0.0 -1.3929 0.0 -1.526 0.64031 998.0 2.5 10.0 66.0 1.4071 0.0 0.0 -3.926 0.64031 996.0 2.5 10.0 69.0 3.8071 0.0 0.0 -6.126 0.56569 993.0 2.4314 10.0 79.0 6.0071 0.0 0.0 -8.026 0.5 985.0 2.2766 8.0 
0.01412 213.65889 100.0 1147.0 3.0 55.0 0.0 -3.5929 0.974 0.0 0.64031 998.0 2.0598 15.0 57.0 0.0 -1.2929 0.0 -1.426 0.42426 997.0 2.074 14.0 59.0 0.8071 0.0 0.0 -3.326 0.44721 995.0 1.9752 12.0 63.0 2.9071 0.0 0.0 -4.726 0.36056 992.0 1.9304 12.0 73.0 4.9071 0.0 0.0 -6.026 0.36056 986.0 2.0159 11.0 
0.03412 279.22064 89.0 1148.0 3.0 67.0 0.0 -0.1929 4.474 0.0 0.64031 998.0 2.5 17.0 70.0 2.1071 0.0 1.374 0.0 0.5 997.0 2.5 15.0 70.0 4.3071 0.0 0.0 -1.126 0.5 996.0 2.5 14.0 67.0 6.4071 0.0 0.0 -3.226 0.5 996.0 2.5 14.0 64.0 8.6071 0.0 0.0 -5.026 0.42426 997.0 2.5 15.0 
0.08226 296.82916 99.0 114.0 3.0 77.0 0.0 -0.8929 3.874 0.0 0.5831 989.0 2.5 9.0 82.0 1.4071 0.0 2.274 0.0 0.5 986.0 2.5 10.0 93.0 3.2071 0.0 1.074 0.0 0.36056 975.0 2.3247 8.0 98.0 4.7071 0.0 0.174 0.0 0.28284 968.0 2.1798 7.0 95.0 6.0071 0.0 0.0 -0.726 0.36056 971.0 2.1947 7.0 
0.10116 313.79616 331.0 1150.0 3.0 103.0 0.0 -0.5929 4.074 0.0 0.56569 977.0 2.5 10.0 105.0 1.8071 0.0 2.174 0.0 0.44721 966.0 2.3959 7.0 136.0 4.1071 0.0 0.874 0.0 0.31623 939.0 2.5 7.0 139.0 6.1071 0.0 0.0 -0.026 0.31623 933.0 2.4667 6.0 125.0 7.9071 0.0 0.0 -0.626 0.31623 944.0 2.3129 7.0 
0.04646 273.31587 187.0 1152.0 3.0 34.0 1.8071 0.0 1.874 0.0 0.14142 999.0 1.0 19.0 41.0 2.1071 0.0 1.274 0.0 0.14142 997.0 1.0731 16.0 44.0 2.5071 0.0 0.874 0.0 0.14142 996.0 1.1632 14.0 46.0 2.9071 0.0 0.774 0.0 0.1 995.0 1.2007 13.0 50.0 3.3071 0.0 1.074 0.0 0.1 993.0 1.2767 12.0 
0.02083 269.99085 99.0 1153.0 3.0 67.0 0.3071 0.0 3.774 0.0 0.5 994.0 2.4131 9.0 75.0 2.0071 0.0 1.374 0.0 0.42426 990.0 2.4979 8.0 84.0 3.6071 0.0 0.0 -0.526 0.42426 982.0 2.3248 7.0 95.0 5.1071 0.0 0.0 -2.026 0.28284 972.0 2.2483 5.0 91.0 6.4071 0.0 0.0 -3.026 0.28284 973.0 2.1145 5.0 
0.01741 269.99085 102.0 1155.0 3.0 52.0 0.9071 0.0 3.874 0.0 0.53852 999.0 1.9727 10.0 52.0 2.0071 0.0 1.374 0.0 0.36056 998.0 1.8412 9.0 56.0 3.2071 0.0 0.0 -0.526 0.28284 996.0 1.8841 11.0 62.0 4.4071 0.0 0.0 -1.826 0.22361 993.0 1.9631 9.0 66.0 5.8071 0.0 0.0 -2.626 0.28284 990.0 1.9344 8.0 
0.07607 289.68377 101.0 1158.0 3.0 88.0 0.0 -0.5929 4.074 0.0 0.56569 986.0 2.5 10.0 87.0 1.7071 0.0 1.974 0.0 0.42426 983.0 2.5 9.0 98.0 3.7071 0.0 0.574 0.0 0.36056 973.0 2.4523 7.0 93.0 5.3071 0.0 0.0 -0.426 0.31623 973.0 2.2085 7.0 86.0 6.7071 0.0 0.0 -1.026 0.22361 976.0 2.0416 8.0 
0.01288 277.49037 110.0 1165.0 3.0 66.0 0.6071 0.0 3.774 0.0 0.5831 997.0 2.5 12.0 66.0 2.2071 0.0 1.174 0.0 0.42426 994.0 2.3416 10.0 66.0 3.7071 0.0 0.0 -0.326 0.28284 991.0 2.0223 8.0 68.0 4.9071 0.0 0.0 -1.326 0.22361 988.0 1.8891 8.0 68.0 5.9071 0.0 0.0 -1.726 0.14142 986.0 1.7492 7.0 
0.06068 300.09125 108.0 1169.0 3.0 51.0 0.0 -0.0929 3.674 0.0 0.42426 1000.0 2.0435 15.0 48.0 1.6071 0.0 2.174 0.0 0.36056 999.0 1.6809 14.0 49.0 3.0071 0.0 1.074 0.0 0.28284 998.0 1.6349 16.0 55.0 4.2071 0.0 0.174 0.0 0.14142 995.0 1.7165 13.0 57.0 5.2071 0.0 0.0 -0.426 0.1 992.0 1.5802 12.0 
0.10304 285.71509 127.0 116.0 3.0 51.0 0.0 -0.9929 2.874 0.0 0.1 995.0 1.4759 14.0 51.0 0.0071 0.0 2.574 0.0 0.2 994.0 1.3982 14.0 54.0 1.0071 0.0 2.574 0.0 0.1 993.0 1.4892 16.0 65.0 1.9071 0.0 2.774 0.0 0.2 988.0 1.7261 13.0 70.0 2.9071 0.0 2.974 0.0 0.1 985.0 1.7874 12.0 
0.07509 272.11954 99.0 1170.0 3.0 56.0 0.0 -0.2929 3.374 0.0 0.36056 997.0 2.0019 12.0 57.0 1.3071 0.0 2.074 0.0 0.36056 995.0 1.8436 13.0 65.0 2.9071 0.0 1.074 0.0 0.28284 992.0 2.0549 12.0 71.0 4.4071 0.0 0.174 0.0 0.22361 988.0 2.0595 10.0 77.0 5.8071 0.0 0.0 -0.326 0.31623 984.0 2.0882 9.0 
0.04039 250.0243 105.0 1171.0 3.0 54.0 0.2071 0.0 3.174 0.0 0.36056 996.0 1.752 16.0 55.0 1.5071 0.0 1.674 0.0 0.28284 994.0 1.6261 14.0 63.0 2.7071 0.0 0.574 0.0 0.28284 991.0 1.8426 15.0 70.0 3.8071 0.0 0.0 -0.326 0.22361 986.0 1.8536 13.0 80.0 5.0071 0.0 0.0 -0.926 0.22361 979.0 1.9226 11.0 
0.08908 241.60155 111.0 1177.0 3.0 68.0 0.0 -0.7929 3.374 0.0 0.42426 994.0 2.4857 13.0 65.0 1.1071 0.0 1.874 0.0 0.36056 994.0 2.2712 13.0 73.0 2.7071 0.0 0.574 0.0 0.28284 988.0 2.1772 10.0 82.0 4.0071 0.0 0.0 -0.626 0.28284 980.0 2.0811 9.0 89.0 5.1071 0.0 0.0 -1.726 0.28284 974.0 2.0744 8.0 
0.04836 262.79555 106.0 1179.0 3.0 37.0 0.2071 0.0 2.474 0.0 0.22361 1000.0 1.0756 16.0 40.0 1.3071 0.0 1.974 0.0 0.22361 999.0 1.1673 14.0 46.0 2.5071 0.0 1.474 0.0 0.22361 998.0 1.4408 16.0 51.0 3.6071 0.0 0.874 0.0 0.2 996.0 1.5627 14.0 54.0 4.7071 0.0 0.374 0.0 0.1 995.0 1.6546 13.0 
0.03282 205.57087 114.0 1181.0 3.0 47.0 0.0 -2.9929 0.874 0.0 0.5 1001.0 1.8802 13.0 45.0 0.0 -1.2929 0.0 -1.326 0.44721 1000.0 1.591 12.0 46.0 0.2071 0.0 0.0 -3.126 0.42426 999.0 1.5437 11.0 47.0 1.7071 0.0 0.0 -4.526 0.36056 998.0 1.5041 10.0 49.0 3.2071 0.0 0.0 -5.326 0.3 997.0 1.5327 12.0 
0.03569 282.87292 64.0 1185.0 3.0 68.0 0.0 -0.3929 4.874 0.0 0.78102 1001.0 2.5 21.0 63.0 2.2071 0.0 1.274 0.0 0.5831 1001.0 2.5 20.0 56.0 4.2071 0.0 0.0 -1.526 0.56569 1001.0 2.5 20.0 50.0 6.0071 0.0 0.0 -3.726 0.5 1001.0 2.1279 21.0 46.0 7.6071 0.0 0.0 -5.726 0.36056 1001.0 1.801 22.0 
0.03806 236.99543 100.0 1186.0 3.0 44.0 0.0 -1.5929 2.974 0.0 0.41231 1001.0 1.6478 17.0 46.0 0.5071 0.0 2.074 0.0 0.41231 1001.0 1.801 17.0 48.0 2.6071 0.0 1.174 0.0 0.31623 1000.0 1.8102 20.0 51.0 4.4071 0.0 0.474 0.0 0.36056 999.0 1.8976 17.0 52.0 6.0071 0.0 0.0 -0.326 0.22361 998.0 1.8412 15.0 
0.05823 283.12456 84.0 1187.0 3.0 83.0 0.0 -1.5929 6.674 0.0 1.08167 999.0 2.5 16.0 79.0 2.0071 0.0 1.574 0.0 0.86023 998.0 2.5 14.0 77.0 5.1071 0.0 0.0 -2.626 0.78102 996.0 2.5 12.0 78.0 7.9071 0.0 0.0 -5.926 0.70711 994.0 2.5 14.0 81.0 10.4071 0.0 0.0 -8.726 0.5 991.0 2.5 15.0 
0.05044 304.80217 103.0 1192.0 3.0 64.0 0.2071 0.0 3.774 0.0 0.42426 996.0 2.4609 14.0 66.0 2.0071 0.0 1.874 0.0 0.42426 993.0 2.2245 13.0 70.0 3.7071 0.0 0.374 0.0 0.28284 990.0 2.176 11.0 72.0 5.2071 0.0 0.0 -0.726 0.28284 988.0 2.1179 10.0 73.0 6.4071 0.0 0.0 -1.626 0.22361 985.0 1.9439 10.0 
0.02993 285.26582 120.0 11.0 3.0 42.0 0.0 -2.5929 0.0 -1.726 0.31623 999.0 1.2869 15.0 45.0 0.0 -1.0929 0.0 -2.326 0.22361 997.0 1.2927 14.0 49.0 0.2071 0.0 0.0 -2.926 0.22361 995.0 1.3624 12.0 54.0 1.4071 0.0 0.0 -3.426 0.22361 991.0 1.3538 10.0 65.0 2.6071 0.0 0.0 -3.626 0.2 985.0 1.5412 10.0 
0.04517 262.51785 91.0 1204.0 3.0 89.0 0.0 -0.5929 4.574 0.0 0.78102 990.0 2.5 9.0 87.0 2.1071 0.0 1.074 0.0 0.56569 988.0 2.5 11.0 95.0 4.3071 0.0 0.0 -1.426 0.42426 977.0 2.5 8.0 98.0 6.3071 0.0 0.0 -3.226 0.42426 973.0 2.4523 8.0 89.0 8.0071 0.0 0.0 -4.826 0.36056 978.0 2.3115 8.0 
0.03902 227.10248 105.0 1210.0 3.0 52.0 0.0 -0.2929 2.674 0.0 0.31623 997.0 1.7261 12.0 55.0 1.3071 0.0 1.574 0.0 0.36056 997.0 1.931 11.0 59.0 2.9071 0.0 0.074 0.0 0.36056 995.0 1.9752 10.0 58.0 4.3071 0.0 0.0 -1.526 0.28284 995.0 1.9088 10.0 55.0 5.5071 0.0 0.0 -3.026 0.28284 996.0 1.8174 11.0 
0.08336 300.81587 101.0 1211.0 3.0 65.0 0.0 -1.0929 3.674 0.0 0.53852 997.0 2.5 12.0 62.0 1.3071 0.0 2.374 0.0 0.44721 995.0 2.1812 11.0 65.0 3.3071 0.0 1.274 0.0 0.31623 992.0 2.0549 9.0 68.0 4.9071 0.0 0.374 0.0 0.31623 989.0 1.9678 8.0 70.0 6.3071 0.0 0.0 -0.326 0.22361 986.0 1.8536 7.0 
0.07707 281.57238 103.0 1221.0 3.0 52.0 0.0 -0.2929 3.274 0.0 0.36056 998.0 1.8412 13.0 53.0 1.3071 0.0 2.174 0.0 0.31623 996.0 1.6877 12.0 59.0 2.8071 0.0 1.374 0.0 0.22361 993.0 1.7777 13.0 67.0 4.2071 0.0 0.874 0.0 0.2 989.0 1.9104 11.0 74.0 5.5071 0.0 0.674 0.0 0.2 984.0 1.9286 9.0 
0.02543 288.58221 376.0 1224.0 3.0 74.0 0.7071 0.0 3.274 0.0 0.42426 989.0 2.3304 13.0 82.0 2.2071 0.0 1.374 0.0 0.28284 982.0 2.2154 12.0 87.0 3.4071 0.0 0.074 0.0 0.36056 977.0 2.1474 10.0 89.0 4.6071 0.0 0.0 -1.026 0.28284 975.0 2.129 10.0 87.0 5.7071 0.0 0.0 -1.926 0.14142 974.0 1.9822 10.0 
0.0213 255.51965 90.0 1225.0 3.0 56.0 0.0 -4.0929 0.074 0.0 0.64031 1000.0 2.4639 12.0 59.0 0.0 -1.0929 0.0 -2.026 0.5831 1000.0 2.5 13.0 61.0 1.9071 0.0 0.0 -3.626 0.53852 999.0 2.5 14.0 65.0 4.9071 0.0 0.0 -4.626 0.53852 997.0 2.5 12.0 72.0 7.8071 0.0 0.0 -5.526 0.5099 995.0 2.5 13.0 
0.00455 245.8069 81.0 1232.0 3.0 62.0 0.0 -4.5929 0.674 0.0 0.72111 1000.0 2.5 12.0 66.0 0.0 -1.0929 0.0 -1.926 0.70711 999.0 2.5 11.0 68.0 2.0071 0.0 0.0 -4.726 0.70711 998.0 2.5 13.0 69.0 4.8071 0.0 0.0 -7.326 0.5 996.0 2.5 11.0 73.0 7.3071 0.0 0.0 -9.326 0.5 993.0 2.5 13.0 
0.10355 234.34953 86.0 1233.0 3.0 78.0 0.0 -2.0929 3.574 0.0 0.67082 994.0 2.5 14.0 78.0 1.4071 0.0 1.574 0.0 0.5831 993.0 2.5 13.0 86.0 4.5071 0.0 0.0 -0.126 0.5 988.0 2.5 14.0 92.0 7.2071 0.0 0.0 -1.426 0.44721 982.0 2.5 11.0 97.0 9.5071 0.0 0.0 -2.526 0.31623 975.0 2.5 10.0 
0.07335 253.61463 316.0 1236.0 3.0 55.0 0.0 -0.7929 3.374 0.0 0.44721 999.0 2.2069 14.0 55.0 1.3071 0.0 1.874 0.0 0.36056 998.0 2.0598 17.0 61.0 3.1071 0.0 0.574 0.0 0.36056 995.0 2.1114 14.0 65.0 4.9071 0.0 0.0 -0.526 0.28284 993.0 2.1576 12.0 67.0 6.5071 0.0 0.0 -1.426 0.28284 991.0 2.0841 11.0 
0.05348 211.4766 94.0 15.0 3.0 61.0 0.0 -1.1929 3.574 0.0 0.5 999.0 2.5 10.0 60.0 1.2071 0.0 1.474 0.0 0.5 997.0 2.2981 9.0 63.0 3.4071 0.0 0.0 -0.026 0.36056 995.0 2.2521 10.0 67.0 5.4071 0.0 0.0 -0.926 0.31623 992.0 2.1833 9.0 69.0 7.2071 0.0 0.0 -1.726 0.22361 990.0 2.1142 8.0 
0.0751 302.9366 91.0 1246.0 3.0 68.0 0.0 -2.0929 4.174 0.0 0.5831 998.0 2.5 16.0 68.0 0.9071 0.0 2.574 0.0 0.53852 997.0 2.5 15.0 71.0 3.6071 0.0 1.474 0.0 0.5099 994.0 2.5 13.0 69.0 6.0071 0.0 1.074 0.0 0.3 992.0 2.3156 12.0 67.0 7.9071 0.0 1.074 0.0 0.31623 992.0 2.1833 12.0 
0.16195 241.31529 260.0 124.0 3.0 57.0 0.0 -2.6929 1.774 0.0 0.41231 999.0 2.3703 15.0 57.0 0.0071 0.0 2.174 0.0 0.41231 999.0 2.3703 18.0 59.0 2.3071 0.0 2.474 0.0 0.31623 996.0 2.0914 15.0 60.0 4.1071 0.0 3.074 0.0 0.31623 994.0 1.9352 13.0 61.0 5.6071 0.0 3.774 0.0 0.31623 993.0 1.9003 12.0 
0.00548 199.42677 80.0 1257.0 3.0 59.0 0.0 -3.9929 1.574 0.0 0.70711 1001.0 2.5 13.0 60.0 0.0 -1.0929 0.0 -1.426 0.70711 1001.0 2.5 12.0 61.0 1.5071 0.0 0.0 -4.526 0.64031 999.0 2.5 10.0 61.0 3.7071 0.0 0.0 -7.226 0.56569 998.0 2.5 9.0 64.0 5.9071 0.0 0.0 -9.226 0.44721 995.0 2.3242 9.0 
0.16617 247.79184 98.0 125.0 3.0 66.0 0.0 -2.5929 2.274 0.0 0.6 997.0 2.5 13.0 67.0 0.5071 0.0 2.174 0.0 0.5 996.0 2.5 15.0 68.0 2.9071 0.0 1.974 0.0 0.4 993.0 2.3614 12.0 68.0 4.7071 0.0 1.874 0.0 0.3 990.0 2.0534 11.0 70.0 6.2071 0.0 1.874 0.0 0.2 987.0 1.9249 10.0 
0.06499 288.58221 92.0 1260.0 3.0 58.0 0.7071 0.0 4.974 0.0 0.63246 1001.0 2.5 17.0 59.0 2.2071 0.0 1.374 0.0 0.67082 1000.0 2.5 15.0 59.0 3.9071 0.0 0.0 -1.726 0.5831 998.0 2.3703 15.0 62.0 5.7071 0.0 0.0 -3.926 0.42426 996.0 2.3095 15.0 63.0 7.5071 0.0 0.0 -5.126 0.36056 994.0 2.1336 13.0 
0.06505 248.58317 73.0 1261.0 3.0 72.0 0.0 -0.7929 4.374 0.0 0.72111 998.0 2.5 15.0 76.0 1.9071 0.0 1.174 0.0 0.70711 996.0 2.5 14.0 78.0 4.7071 0.0 0.0 -1.226 0.64031 993.0 2.5 12.0 74.0 7.4071 0.0 0.0 -2.826 0.44721 994.0 2.5 12.0 68.0 9.9071 0.0 0.0 -3.626 0.41231 995.0 2.5 13.0 
0.04979 219.05074 95.0 1265.0 3.0 48.0 0.0 -0.1929 2.774 0.0 0.36056 1000.0 1.8102 20.0 50.0 1.5071 0.0 1.274 0.0 0.36056 999.0 1.8239 19.0 56.0 3.3071 0.0 0.0 -0.126 0.36056 997.0 2.0019 20.0 61.0 5.1071 0.0 0.0 -1.326 0.31623 995.0 2.1114 17.0 63.0 6.9071 0.0 0.0 -2.126 0.22361 993.0 2.0269 16.0 
0.08128 233.99754 90.0 126.0 3.0 72.0 0.0 -1.2929 4.074 0.0 0.64031 995.0 2.5 11.0 75.0 1.5071 0.0 1.474 0.0 0.56569 992.0 2.5 10.0 82.0 4.1071 0.0 0.0 -0.626 0.5 988.0 2.5 11.0 91.0 6.3071 0.0 0.0 -2.326 0.36056 980.0 2.5 9.0 99.0 8.3071 0.0 0.0 -3.926 0.42426 973.0 2.5 8.0 
0.12144 241.14112 85.0 1274.0 3.0 64.0 0.0 -2.4929 3.074 0.0 0.63246 1000.0 2.5 15.0 66.0 0.9071 0.0 1.974 0.0 0.60828 999.0 2.5 17.0 70.0 4.2071 0.0 1.174 0.0 0.5099 996.0 2.5 14.0 69.0 6.9071 0.0 0.874 0.0 0.4 995.0 2.5 13.0 66.0 9.1071 0.0 1.174 0.0 0.3 994.0 2.3416 12.0 
0.09297 250.0243 92.0 1281.0 3.0 83.0 0.0 -0.7929 3.174 0.0 0.42426 985.0 2.5 13.0 87.0 1.5071 0.0 1.674 0.0 0.44721 982.0 2.4938 12.0 105.0 3.8071 0.0 0.574 0.0 0.44721 969.0 2.5 12.0 125.0 5.9071 0.0 0.0 -0.326 0.31623 948.0 2.4552 9.0 131.0 7.7071 0.0 0.0 -0.726 0.2 930.0 2.1118 6.0 
0.04234 273.278 94.0 1289.0 3.0 89.0 0.0 -0.8929 5.274 0.0 0.78102 989.0 2.5 11.0 91.0 1.7071 0.0 1.774 0.0 0.56569 984.0 2.5 10.0 105.0 4.0071 0.0 0.0 -0.726 0.5 972.0 2.5 10.0 131.0 5.9071 0.0 0.0 -2.626 0.36056 942.0 2.4687 7.0 146.0 7.4071 0.0 0.0 -3.926 0.22361 919.0 2.3161 6.0 
0.05387 223.72508 123.0 1292.0 3.0 37.0 0.0 -0.8929 2.474 0.0 0.31623 1001.0 1.1652 17.0 39.0 0.4071 0.0 1.974 0.0 0.2 1000.0 1.195 15.0 43.0 1.6071 0.0 1.674 0.0 0.2 998.0 1.259 14.0 49.0 2.9071 0.0 1.374 0.0 0.2 997.0 1.5327 15.0 54.0 4.0071 0.0 0.874 0.0 0.22361 995.0 1.6546 13.0 
0.03348 267.54699 95.0 1296.0 3.0 63.0 0.0 -0.1929 5.274 0.0 0.80623 1000.0 2.5 11.0 61.0 1.9071 0.0 1.474 0.0 0.5831 998.0 2.5 10.0 60.0 3.8071 0.0 0.0 -1.426 0.5 997.0 2.2981 9.0 61.0 5.4071 0.0 0.0 -3.726 0.5 995.0 2.1114 11.0 66.0 6.9071 0.0 0.0 -5.626 0.28284 991.0 2.0223 9.0 
0.06118 226.19519 127.0 1298.0 3.0 38.0 0.9071 0.0 2.174 0.0 0.1 999.0 1.0535 14.0 43.0 1.4071 0.0 1.474 0.0 0.22361 998.0 1.259 16.0 52.0 2.3071 0.0 0.974 0.0 0.1 995.0 1.5343 13.0 57.0 3.3071 0.0 0.674 0.0 0.2 992.0 1.5802 12.0 61.0 4.3071 0.0 0.274 0.0 0.1 990.0 1.6524 11.0 
0.02527 239.37598 103.0 1304.0 3.0 54.0 0.0 -3.7929 0.074 0.0 0.5 1000.0 2.291 11.0 56.0 0.0 -1.2929 0.0 -1.726 0.5 999.0 2.2879 14.0 56.0 0.9071 0.0 0.0 -3.026 0.44721 997.0 2.0019 12.0 60.0 2.9071 0.0 0.0 -3.826 0.31623 994.0 1.9352 12.0 70.0 4.7071 0.0 0.0 -4.326 0.31623 989.0 2.0853 11.0 
0.05107 262.51785 89.0 1305.0 3.0 66.0 0.0 -0.1929 4.974 0.0 0.89443 1001.0 2.5 17.0 62.0 2.1071 0.0 1.074 0.0 0.5831 1000.0 2.5 15.0 61.0 4.2071 0.0 0.0 -1.726 0.56569 999.0 2.5 17.0 60.0 6.3071 0.0 0.0 -3.726 0.5 998.0 2.4513 16.0 59.0 8.4071 0.0 0.0 -5.126 0.36056 997.0 2.2221 15.0 
0.02687 272.7947 99.0 1306.0 3.0 57.0 0.0 -3.1929 0.0 -1.526 0.53852 999.0 2.3703 11.0 56.0 0.0 -0.3929 0.0 -2.426 0.44721 998.0 2.1353 14.0 56.0 1.8071 0.0 0.0 -2.926 0.31623 996.0 1.8841 12.0 61.0 3.7071 0.0 0.0 -3.026 0.3 993.0 1.9003 11.0 73.0 5.5071 0.0 0.0 -2.626 0.31623 988.0 2.1772 10.0 
0.05635 253.75742 127.0 1311.0 3.0 61.0 0.0 -0.6929 2.874 0.0 0.31623 994.0 2.0003 17.0 56.0 0.7071 0.0 2.174 0.0 0.31623 995.0 1.7795 17.0 63.0 2.0071 0.0 1.574 0.0 0.22361 991.0 1.8426 15.0 64.0 3.2071 0.0 1.174 0.0 0.22361 989.0 1.7431 14.0 65.0 4.2071 0.0 1.074 0.0 0.22361 988.0 1.7261 13.0 
0.02828 281.67125 86.0 1315.0 3.0 66.0 0.0 -0.5929 4.674 0.0 0.64031 999.0 2.5 14.0 66.0 1.9071 0.0 1.674 0.0 0.56569 997.0 2.5 12.0 72.0 4.5071 0.0 0.0 -0.426 0.5 995.0 2.5 13.0 78.0 7.3071 0.0 0.0 -1.726 0.41231 991.0 2.5 11.0 80.0 9.9071 0.0 0.0 -2.326 0.4 988.0 2.5 10.0 
0.0663 234.34953 93.0 1318.0 3.0 59.0 0.0 -1.2929 3.574 0.0 0.5831 1001.0 2.5 16.0 57.0 1.4071 0.0 1.574 0.0 0.44721 1000.0 2.5 14.0 57.0 3.7071 0.0 0.0 -0.026 0.44721 999.0 2.3703 13.0 55.0 5.7071 0.0 0.0 -1.326 0.36056 998.0 2.0598 12.0 51.0 7.4071 0.0 0.0 -2.226 0.22361 998.0 1.7711 12.0 
0.11026 291.14152 85.0 1321.0 3.0 60.0 0.0 -0.6929 3.574 0.0 0.36056 998.0 2.4513 16.0 63.0 1.3071 0.0 2.274 0.0 0.36056 995.0 2.2521 13.0 63.0 3.2071 0.0 1.374 0.0 0.36056 995.0 2.2521 13.0 59.0 4.9071 0.0 0.774 0.0 0.31623 995.0 1.9752 13.0 55.0 6.6071 0.0 0.574 0.0 0.3 997.0 1.931 14.0 
0.06435 291.14152 97.0 1326.0 3.0 63.0 0.0 -0.0929 3.374 0.0 0.28284 992.0 1.9304 12.0 74.0 1.3071 0.0 2.274 0.0 0.22361 986.0 2.0715 10.0 80.0 2.9071 0.0 1.474 0.0 0.36056 984.0 2.2541 9.0 82.0 4.8071 0.0 0.874 0.0 0.31623 983.0 2.2892 9.0 81.0 6.6071 0.0 0.574 0.0 0.2 982.0 2.1617 9.0 
0.02202 303.89251 92.0 132.0 3.0 61.0 0.5071 0.0 3.574 0.0 0.42426 996.0 2.2356 16.0 66.0 2.3071 0.0 1.474 0.0 0.42426 994.0 2.3416 17.0 72.0 4.0071 0.0 0.0 -0.426 0.42426 991.0 2.4067 15.0 76.0 5.8071 0.0 0.0 -1.826 0.36056 987.0 2.269 13.0 84.0 7.6071 0.0 0.0 -2.926 0.36056 983.0 2.4023 12.0 
0.04614 304.36772 55.0 1330.0 3.0 41.0 0.0 -0.7929 3.074 0.0 0.22361 1001.0 1.4308 21.0 43.0 0.6071 0.0 2.674 0.0 0.2 1000.0 1.4527 18.0 45.0 2.0071 0.0 2.274 0.0 0.22361 1000.0 1.591 18.0 46.0 3.5071 0.0 1.674 0.0 0.3 1000.0 1.6625 18.0 45.0 5.2071 0.0 1.474 0.0 0.31623 1000.0 1.591 19.0 
0.06553 251.22187 89.0 1337.0 3.0 55.0 0.0 -1.3929 4.074 0.0 0.56569 1000.0 2.3767 16.0 57.0 1.1071 0.0 1.974 0.0 0.5831 999.0 2.3703 15.0 62.0 3.8071 0.0 0.374 0.0 0.44721 998.0 2.5 17.0 67.0 6.2071 0.0 0.0 -1.126 0.5 996.0 2.5 14.0 66.0 8.4071 0.0 0.0 -2.626 0.42426 995.0 2.4717 13.0 
0.11967 245.22325 112.0 133.0 3.0 39.0 0.0 -1.2929 2.274 0.0 0.1 998.0 1.0357 18.0 43.0 0.0 -0.3929 2.174 0.0 0.14142 997.0 1.1803 16.0 50.0 0.5071 0.0 2.374 0.0 0.2 995.0 1.4186 18.0 57.0 1.6071 0.0 2.674 0.0 0.31623 993.0 1.6592 16.0 62.0 3.0071 0.0 2.974 0.0 0.2 992.0 1.8696 15.0 
0.07534 245.98277 110.0 1343.0 3.0 46.0 0.1071 0.0 2.474 0.0 0.14142 994.0 1.1375 9.0 55.0 1.0071 0.0 1.974 0.0 0.1 990.0 1.3433 9.0 67.0 1.9071 0.0 1.374 0.0 0.14142 986.0 1.6981 10.0 79.0 2.9071 0.0 0.674 0.0 0.14142 978.0 1.8213 8.0 102.0 3.9071 0.0 0.074 0.0 0.22361 958.0 1.9321 6.0 
0.02221 223.8484 103.0 1345.0 3.0 51.0 0.0 -3.6929 0.0 -0.326 0.44721 1001.0 2.2138 18.0 51.0 0.0 -1.1929 0.0 -1.626 0.5 1000.0 2.0435 16.0 52.0 1.1071 0.0 0.0 -2.826 0.36056 999.0 1.9727 14.0 54.0 3.1071 0.0 0.0 -3.926 0.31623 997.0 1.8615 13.0 61.0 5.0071 0.0 0.0 -4.726 0.31623 995.0 2.1114 14.0 
0.04123 273.31587 93.0 1348.0 3.0 67.0 0.0071 0.0 4.774 0.0 0.72111 998.0 2.5 14.0 65.0 2.1071 0.0 1.274 0.0 0.64031 997.0 2.5 12.0 62.0 4.0071 0.0 0.0 -1.326 0.5 996.0 2.3095 11.0 67.0 5.6071 0.0 0.0 -3.626 0.42426 992.0 2.1833 10.0 81.0 7.2071 0.0 0.0 -5.726 0.5 985.0 2.3933 9.0 
0.06398 266.93657 88.0 1357.0 3.0 70.0 0.0 -1.4929 5.074 0.0 0.78102 1000.0 2.5 19.0 65.0 1.5071 0.0 1.874 0.0 0.64031 1000.0 2.5 19.0 61.0 4.2071 0.0 0.0 -0.326 0.5831 1000.0 2.5 18.0 56.0 6.7071 0.0 0.0 -1.926 0.44721 1000.0 2.4639 18.0 52.0 8.8071 0.0 0.0 -3.226 0.44721 1000.0 2.1245 18.0 
0.04582 288.58221 109.0 1358.0 3.0 46.0 2.0071 0.0 1.874 0.0 0.1 994.0 1.1375 14.0 52.0 2.2071 0.0 1.374 0.0 0.14142 990.0 1.2008 12.0 67.0 2.9071 0.0 0.974 0.0 0.14142 983.0 1.5283 11.0 88.0 3.7071 0.0 0.774 0.0 0.2 971.0 1.8832 9.0 108.0 4.6071 0.0 0.874 0.0 0.22361 954.0 2.0192 8.0 
0.09709 315.92336 112.0 135.0 3.0 72.0 0.0 -0.9929 3.974 0.0 0.5 994.0 2.5 13.0 74.0 1.4071 0.0 2.474 0.0 0.44721 990.0 2.4318 12.0 79.0 3.4071 0.0 1.174 0.0 0.36056 984.0 2.1981 10.0 83.0 4.9071 0.0 0.0 -0.026 0.28284 980.0 2.1322 9.0 80.0 6.1071 0.0 0.0 -1.326 0.28284 982.0 2.1086 9.0 
0.00735 225.68204 80.0 1364.0 3.0 57.0 0.0 -3.9929 2.474 0.0 0.80623 1001.0 2.5 13.0 57.0 0.0 -1.6929 0.0 -1.126 0.5831 1000.0 2.5 12.0 57.0 0.5071 0.0 0.0 -4.026 0.56569 999.0 2.3703 11.0 57.0 2.6071 0.0 0.0 -6.426 0.42426 998.0 2.2123 11.0 60.0 4.4071 0.0 0.0 -8.526 0.5 996.0 2.1629 11.0 
0.0107 219.11654 77.0 1369.0 3.0 71.0 0.0 -4.6929 4.574 0.0 1.11803 1000.0 2.5 13.0 72.0 0.0 -1.7929 0.0 -0.826 0.9434 1000.0 2.5 11.0 69.0 1.1071 0.0 0.0 -5.026 0.78102 999.0 2.5 15.0 67.0 3.8071 0.0 0.0 -8.126 0.70711 997.0 2.5 13.0 70.0 6.4071 0.0 0.0 -10.526 0.56569 994.0 2.5 11.0 
0.09537 241.60155 98.0 1372.0 3.0 53.0 0.0 -0.5929 3.574 0.0 0.42426 999.0 2.0493 18.0 55.0 1.1071 0.0 1.874 0.0 0.36056 998.0 2.0598 16.0 54.0 2.8071 0.0 0.574 0.0 0.36056 998.0 1.9855 16.0 53.0 4.5071 0.0 0.0 -0.526 0.31623 998.0 1.9127 16.0 52.0 6.1071 0.0 0.0 -1.526 0.31623 998.0 1.8412 16.0 
0.03374 250.0243 109.0 1383.0 3.0 41.0 0.3071 0.0 2.974 0.0 0.36056 1001.0 1.4308 17.0 43.0 1.5071 0.0 1.674 0.0 0.28284 1000.0 1.4527 15.0 46.0 2.8071 0.0 0.774 0.0 0.28284 999.0 1.5437 13.0 46.0 3.9071 0.0 0.0 -0.026 0.22361 998.0 1.4408 12.0 46.0 5.0071 0.0 0.0 -0.726 0.14142 998.0 1.4408 12.0 
0.04424 279.22064 124.0 1385.0 3.0 56.0 1.5071 0.0 2.374 0.0 0.22361 993.0 1.6015 16.0 61.0 2.1071 0.0 1.374 0.0 0.14142 990.0 1.6524 14.0 69.0 2.9071 0.0 0.674 0.0 0.14142 985.0 1.7367 12.0 79.0 3.7071 0.0 0.074 0.0 0.22361 979.0 1.8748 11.0 88.0 4.6071 0.0 0.0 -0.526 0.14142 972.0 1.9291 9.0 
0.09439 247.0314 142.0 139.0 3.0 52.0 0.0 -0.7929 3.374 0.0 0.36056 999.0 1.9727 18.0 53.0 0.8071 0.0 2.074 0.0 0.31623 998.0 1.9127 16.0 52.0 2.3071 0.0 1.374 0.0 0.31623 997.0 1.7261 15.0 51.0 3.7071 0.0 0.974 0.0 0.2 997.0 1.6604 15.0 48.0 4.9071 0.0 0.674 0.0 0.22361 997.0 1.4708 15.0 
0.05198 258.3804 112.0 1403.0 3.0 49.0 0.6071 0.0 2.574 0.0 0.14142 996.0 1.4425 14.0 53.0 1.5071 0.0 1.774 0.0 0.22361 995.0 1.5939 13.0 54.0 2.5071 0.0 1.174 0.0 0.22361 994.0 1.5675 13.0 54.0 3.5071 0.0 0.574 0.0 0.14142 994.0 1.5675 13.0 54.0 4.5071 0.0 0.174 0.0 0.2 994.0 1.5675 13.0 
0.03275 304.48347 94.0 1406.0 3.0 54.0 0.0 -3.8929 0.0 -1.326 0.53852 1001.0 2.4819 13.0 57.0 0.0 -0.7929 0.0 -2.626 0.53852 1000.0 2.5 16.0 57.0 2.1071 0.0 0.0 -3.726 0.5099 999.0 2.3703 14.0 58.0 4.7071 0.0 0.0 -4.726 0.36056 997.0 2.1474 13.0 61.0 6.8071 0.0 0.0 -5.926 0.44721 996.0 2.2356 15.0 
0.04646 232.11335 103.0 1407.0 3.0 60.0 0.0 -0.5929 2.674 0.0 0.31623 995.0 2.0427 14.0 71.0 1.1071 0.0 1.774 0.0 0.31623 989.0 2.1453 11.0 80.0 2.7071 0.0 1.074 0.0 0.31623 983.0 2.1789 9.0 82.0 4.3071 0.0 0.474 0.0 0.2 981.0 2.1462 9.0 77.0 5.7071 0.0 0.274 0.0 0.2 983.0 2.0186 9.0 
0.0617 289.11412 89.0 1411.0 3.0 58.0 0.0 -0.6929 4.374 0.0 0.56569 1001.0 2.5 22.0 60.0 1.9071 0.0 1.774 0.0 0.56569 1000.0 2.5 20.0 62.0 4.4071 0.0 0.0 -0.626 0.56569 999.0 2.5 18.0 60.0 6.6071 0.0 0.0 -2.826 0.5 998.0 2.4513 17.0 56.0 8.6071 0.0 0.0 -4.626 0.42426 998.0 2.1353 17.0 
0.05876 286.24501 93.0 1416.0 3.0 58.0 0.0 -1.8929 3.574 0.0 0.53852 1001.0 2.5 17.0 54.0 1.0071 0.0 2.374 0.0 0.53852 1000.0 2.291 16.0 52.0 3.5071 0.0 1.574 0.0 0.41231 999.0 1.9727 14.0 54.0 5.7071 0.0 1.074 0.0 0.3 998.0 1.9855 16.0 55.0 7.5071 0.0 0.574 0.0 0.22361 996.0 1.8174 14.0 
0.10778 218.30081 160.0 141.0 3.0 46.0 0.6071 0.0 2.374 0.0 0.22361 998.0 1.4408 22.0 49.0 1.4071 0.0 1.374 0.0 0.14142 996.0 1.4425 18.0 49.0 2.1071 0.0 0.874 0.0 0.1 994.0 1.2907 17.0 51.0 2.8071 0.0 0.874 0.0 0.14142 993.0 1.3283 16.0 54.0 3.4071 0.0 1.174 0.0 0.1 992.0 1.4182 15.0 
0.0612 258.3804 85.0 1421.0 3.0 62.0 0.0 -1.9929 3.874 0.0 0.67082 1001.0 2.5 22.0 66.0 1.5071 0.0 1.774 0.0 0.5831 1000.0 2.5 20.0 68.0 4.8071 0.0 0.0 -0.626 0.70711 1000.0 2.5 19.0 64.0 7.7071 0.0 0.0 -3.226 0.64031 1000.0 2.5 18.0 59.0 10.2071 0.0 0.0 -5.426 0.5 1000.0 2.5 18.0 
0.02902 276.41288 76.0 1426.0 3.0 49.0 0.7071 0.0 3.474 0.0 0.44721 1001.0 2.0436 20.0 48.0 2.0071 0.0 1.474 0.0 0.36056 1000.0 1.8102 19.0 46.0 3.3071 0.0 0.0 -0.026 0.28284 1000.0 1.6625 19.0 43.0 4.5071 0.0 0.0 -1.126 0.28284 1000.0 1.4527 19.0 41.0 5.6071 0.0 0.0 -1.826 0.22361 1000.0 1.3207 19.0 
0.09305 276.06051 94.0 1430.0 3.0 76.0 0.0 -1.2929 3.774 0.0 0.44721 991.0 2.5 11.0 74.0 1.0071 0.0 2.274 0.0 0.44721 991.0 2.5 12.0 77.0 3.1071 0.0 0.874 0.0 0.36056 988.0 2.4223 10.0 81.0 4.9071 0.0 0.0 -0.326 0.36056 984.0 2.3108 9.0 88.0 6.7071 0.0 0.0 -1.226 0.31623 979.0 2.3263 8.0 
0.05132 269.99085 94.0 1436.0 3.0 61.0 0.0071 0.0 4.474 0.0 0.67082 999.0 2.5 16.0 59.0 2.0071 0.0 1.374 0.0 0.64031 997.0 2.2221 14.0 61.0 3.9071 0.0 0.0 -1.326 0.5 996.0 2.2356 17.0 65.0 5.7071 0.0 0.0 -3.826 0.44721 993.0 2.1576 14.0 72.0 7.2071 0.0 0.0 -6.126 0.44721 990.0 2.3021 15.0 
0.09024 210.50196 86.0 1438.0 3.0 70.0 0.0 -1.1929 3.074 0.0 0.5 994.0 2.5 10.0 74.0 1.3071 0.0 1.374 0.0 0.5831 991.0 2.5 9.0 84.0 4.1071 0.0 0.0 -0.226 0.5831 987.0 2.5 8.0 89.0 7.1071 0.0 0.0 -2.026 0.5831 986.0 2.5 7.0 86.0 9.9071 0.0 0.0 -3.626 0.44721 986.0 2.5 7.0 
0.06252 274.02945 107.0 143.0 3.0 51.0 0.0 -0.3929 3.974 0.0 0.56569 1000.0 2.0435 16.0 49.0 1.6071 0.0 1.874 0.0 0.42426 1000.0 1.8864 16.0 47.0 3.2071 0.0 0.174 0.0 0.42426 1000.0 1.7355 15.0 45.0 4.6071 0.0 0.0 -1.426 0.22361 999.0 1.4773 15.0 44.0 5.6071 0.0 0.0 -3.026 0.36056 999.0 1.4124 15.0 
0.05634 234.34953 91.0 1443.0 3.0 50.0 0.0 -0.5929 3.474 0.0 0.5 1000.0 1.9642 16.0 54.0 1.4071 0.0 1.574 0.0 0.42426 999.0 2.1274 14.0 57.0 3.5071 0.0 0.074 0.0 0.36056 998.0 2.2123 16.0 64.0 5.6071 0.0 0.0 -0.826 0.31623 994.0 2.2019 13.0 68.0 7.7071 0.0 0.0 -1.226 0.31623 992.0 2.249 12.0 
0.06301 265.39138 94.0 1445.0 3.0 62.0 0.0 -0.8929 3.974 0.0 0.56569 999.0 2.5 15.0 61.0 1.7071 0.0 1.674 0.0 0.5 998.0 2.5 13.0 59.0 4.0071 0.0 0.0 -0.026 0.36056 995.0 1.9752 12.0 62.0 5.8071 0.0 0.0 -1.126 0.28284 993.0 1.9631 13.0 68.0 7.3071 0.0 0.0 -2.026 0.28284 989.0 1.9678 11.0 
0.02448 266.93657 99.0 1448.0 3.0 59.0 0.0 -0.8929 5.074 0.0 0.72111 1000.0 2.5 17.0 59.0 1.5071 0.0 1.874 0.0 0.56569 1000.0 2.5 21.0 55.0 3.6071 0.0 0.0 -0.426 0.36056 998.0 2.0598 18.0 53.0 5.2071 0.0 0.0 -2.026 0.28284 997.0 1.7931 21.0 56.0 6.4071 0.0 0.0 -3.126 0.28284 995.0 1.7795 18.0 
0.04212 289.11412 122.0 1449.0 3.0 41.0 0.9071 0.0 2.874 0.0 0.28284 1000.0 1.3207 21.0 44.0 1.9071 0.0 1.774 0.0 0.22361 999.0 1.4124 17.0 45.0 2.8071 0.0 1.174 0.0 0.22361 997.0 1.2927 15.0 45.0 3.6071 0.0 0.974 0.0 0.1 996.0 1.2166 15.0 47.0 4.3071 0.0 1.174 0.0 0.1 995.0 1.2535 14.0 
0.00935 205.97145 98.0 144.0 3.0 57.0 0.0 -4.2929 1.174 0.0 0.64031 1000.0 2.5 12.0 61.0 0.0 -1.3929 0.0 -1.226 0.56569 999.0 2.5 15.0 63.0 1.3071 0.0 0.0 -3.426 0.5 998.0 2.5 13.0 64.0 3.8071 0.0 0.0 -5.126 0.44721 995.0 2.3242 11.0 69.0 5.9071 0.0 0.0 -6.226 0.31623 992.0 2.3156 12.0 
0.06885 238.17627 101.0 1453.0 3.0 45.0 0.0 -0.1929 2.774 0.0 0.36056 999.0 1.4773 10.0 46.0 1.2071 0.0 1.774 0.0 0.31623 999.0 1.5437 13.0 51.0 2.6071 0.0 1.274 0.0 0.22361 996.0 1.5627 11.0 56.0 3.9071 0.0 0.974 0.0 0.22361 995.0 1.7795 10.0 60.0 5.3071 0.0 0.774 0.0 0.3 993.0 1.8385 9.0 
0.08634 240.80161 110.0 1463.0 3.0 27.0 0.0 -1.8929 1.374 0.0 0.1 1000.0 1.0 11.0 32.0 0.0 -1.4929 1.574 0.0 0.14142 999.0 1.0 15.0 40.0 0.0 -0.8929 2.074 0.0 0.14142 997.0 1.0214 13.0 51.0 0.0 -0.0929 2.974 0.0 0.36056 996.0 1.5627 15.0 66.0 1.2071 0.0 4.374 0.0 0.36056 992.0 2.1186 12.0 
0.03146 233.34002 94.0 1469.0 3.0 56.0 0.5071 0.0 2.874 0.0 0.44721 998.0 2.1353 16.0 60.0 1.8071 0.0 1.074 0.0 0.36056 995.0 2.0427 13.0 63.0 3.3071 0.0 0.0 -0.226 0.36056 993.0 2.0269 12.0 66.0 5.0071 0.0 0.0 -1.226 0.31623 992.0 2.1186 12.0 68.0 6.9071 0.0 0.0 -1.826 0.3 992.0 2.249 12.0 
0.05386 256.42697 106.0 1474.0 3.0 38.0 0.0 -0.8929 2.474 0.0 0.2 1000.0 1.1345 16.0 41.0 0.4071 0.0 2.274 0.0 0.2 999.0 1.2264 14.0 45.0 1.7071 0.0 2.274 0.0 0.2 997.0 1.2927 13.0 53.0 3.0071 0.0 2.274 0.0 0.3 996.0 1.6877 14.0 59.0 4.4071 0.0 2.274 0.0 0.2 993.0 1.7777 12.0 
0.01787 269.99085 96.0 1478.0 3.0 71.0 0.0 -0.3929 4.874 0.0 0.80623 999.0 2.5 14.0 66.0 2.0071 0.0 1.374 0.0 0.64031 998.0 2.5 16.0 65.0 3.9071 0.0 0.0 -0.926 0.42426 995.0 2.3974 14.0 63.0 5.5071 0.0 0.0 -2.326 0.28284 993.0 2.0269 12.0 63.0 6.9071 0.0 0.0 -3.126 0.22361 991.0 1.8426 12.0 
0.0211 222.77416 94.0 1479.0 3.0 44.0 0.0 -0.5929 3.274 0.0 0.42426 1001.0 1.6478 12.0 47.0 1.1071 0.0 1.674 0.0 0.36056 1000.0 1.7355 11.0 51.0 2.9071 0.0 0.374 0.0 0.36056 999.0 1.8976 13.0 58.0 4.7071 0.0 0.0 -0.626 0.31623 996.0 2.0211 11.0 64.0 6.7071 0.0 0.0 -1.326 0.31623 994.0 2.2019 10.0 
0.02982 258.85349 90.0 1481.0 3.0 57.0 0.0 -0.5929 4.174 0.0 0.70711 1001.0 2.5 18.0 54.0 1.8071 0.0 1.474 0.0 0.5 1001.0 2.4819 22.0 55.0 3.9071 0.0 0.0 -0.626 0.42426 1000.0 2.3767 18.0 58.0 5.9071 0.0 0.0 -2.226 0.5 999.0 2.4542 17.0 58.0 8.0071 0.0 0.0 -3.726 0.44721 998.0 2.2906 16.0 
0.02719 298.06314 104.0 1488.0 3.0 65.0 0.8071 0.0 3.674 0.0 0.44721 998.0 2.5 16.0 62.0 2.3071 0.0 1.374 0.0 0.42426 996.0 2.3095 14.0 58.0 3.6071 0.0 0.0 -0.126 0.28284 995.0 1.9088 13.0 56.0 4.7071 0.0 0.0 -1.026 0.22361 995.0 1.7795 13.0 52.0 5.8071 0.0 0.0 -1.526 0.1 995.0 1.5343 13.0 
0.03364 257.74158 350.0 1491.0 3.0 50.0 0.0 -0.2929 3.774 0.0 0.5 1001.0 2.1279 18.0 50.0 1.7071 0.0 1.574 0.0 0.42426 1000.0 1.9642 16.0 51.0 3.5071 0.0 0.0 -0.226 0.42426 999.0 1.8976 14.0 53.0 5.3071 0.0 0.0 -1.926 0.28284 997.0 1.7931 13.0 58.0 7.0071 0.0 0.0 -3.426 0.28284 996.0 2.0211 15.0 
0.04741 207.4164 97.0 1493.0 3.0 53.0 0.0 -0.9929 2.974 0.0 0.5 999.0 2.0493 10.0 55.0 1.0071 0.0 1.574 0.0 0.44721 998.0 2.0598 11.0 60.0 3.0071 0.0 0.674 0.0 0.31623 995.0 2.0427 10.0 65.0 4.8071 0.0 0.274 0.0 0.31623 992.0 2.0549 9.0 69.0 6.5071 0.0 0.0 -0.026 0.2 989.0 2.0261 8.0 
0.09199 269.08301 111.0 1496.0 3.0 52.0 0.3071 0.0 2.874 0.0 0.28284 997.0 1.7261 15.0 54.0 1.4071 0.0 1.974 0.0 0.22361 995.0 1.6546 14.0 57.0 2.5071 0.0 1.374 0.0 0.2 993.0 1.6592 12.0 59.0 3.6071 0.0 1.174 0.0 0.1 992.0 1.693 12.0 60.0 4.6071 0.0 1.074 0.0 0.22361 991.0 1.6713 11.0 
0.03432 288.58221 94.0 149.0 3.0 81.0 0.2071 0.0 4.574 0.0 0.67082 991.0 2.5 9.0 88.0 2.2071 0.0 1.374 0.0 0.64031 986.0 2.5 10.0 100.0 4.2071 0.0 0.0 -1.026 0.5 975.0 2.5 8.0 98.0 5.9071 0.0 0.0 -3.026 0.36056 973.0 2.4523 7.0 89.0 7.3071 0.0 0.0 -4.526 0.28284 978.0 2.3115 8.0 
0.08537 247.0314 88.0 1501.0 3.0 83.0 0.0 -2.4929 2.974 0.0 0.63246 991.0 2.5 9.0 87.0 0.8071 0.0 2.074 0.0 0.5099 984.0 2.5 8.0 107.0 3.7071 0.0 1.174 0.0 0.53852 971.0 2.5 7.0 133.0 6.5071 0.0 0.074 0.0 0.53852 946.0 2.5 5.0 149.0 9.1071 0.0 0.0 -0.926 0.36056 924.0 2.5 5.0 
0.11268 313.01658 92.0 1503.0 3.0 73.0 0.0 -2.5929 3.174 0.0 0.60828 995.0 2.5 13.0 74.0 0.5071 0.0 2.774 0.0 0.5 993.0 2.5 13.0 79.0 3.2071 0.0 2.474 0.0 0.4 989.0 2.5 10.0 83.0 5.5071 0.0 2.474 0.0 0.31623 984.0 2.4263 9.0 82.0 7.5071 0.0 2.774 0.0 0.3 983.0 2.2892 9.0 
0.04572 274.02945 90.0 1514.0 3.0 64.0 0.5071 0.0 4.974 0.0 0.5099 996.0 2.4609 14.0 72.0 1.6071 0.0 1.874 0.0 0.56569 994.0 2.5 13.0 81.0 3.8071 0.0 0.0 -0.726 0.56569 991.0 2.5 11.0 79.0 6.1071 0.0 0.0 -2.726 0.36056 989.0 2.5 10.0 74.0 8.0071 0.0 0.0 -3.726 0.31623 988.0 2.2372 10.0 
0.04829 297.70288 105.0 1516.0 3.0 40.0 0.0 -0.9929 2.874 0.0 0.2 999.0 1.1673 14.0 43.0 0.2071 0.0 2.674 0.0 0.2 999.0 1.3489 14.0 48.0 1.7071 0.0 2.574 0.0 0.3 998.0 1.5688 12.0 53.0 3.5071 0.0 2.674 0.0 0.3 997.0 1.7931 12.0 52.0 5.2071 0.0 3.174 0.0 0.31623 997.0 1.7261 12.0 
0.14222 253.32054 90.0 1517.0 3.0 58.0 0.0 -3.1929 2.174 0.0 0.5 998.0 2.2906 13.0 66.0 0.0 -0.1929 2.274 0.0 0.5 996.0 2.5 12.0 73.0 2.9071 0.0 1.874 0.0 0.5099 994.0 2.5 13.0 77.0 5.7071 0.0 1.274 0.0 0.41231 991.0 2.5 11.0 80.0 8.3071 0.0 0.974 0.0 0.4 989.0 2.5 10.0 
0.07082 285.61028 105.0 1526.0 3.0 59.0 0.0 -1.3929 3.574 0.0 0.36056 996.0 2.0914 11.0 60.0 0.7071 0.0 2.474 0.0 0.31623 995.0 2.0427 11.0 68.0 2.7071 0.0 1.474 0.0 0.31623 992.0 2.249 12.0 73.0 4.6071 0.0 0.674 0.0 0.36056 989.0 2.2679 10.0 67.0 6.1071 0.0 0.0 -0.026 0.2 989.0 1.9104 11.0 
0.01618 288.97303 98.0 152.0 3.0 56.0 0.3071 0.0 3.974 0.0 0.44721 998.0 2.1353 13.0 57.0 1.8071 0.0 1.874 0.0 0.42426 996.0 1.952 11.0 64.0 3.3071 0.0 0.274 0.0 0.28284 993.0 2.0918 12.0 69.0 4.7071 0.0 0.0 -0.926 0.36056 989.0 2.0261 11.0 76.0 6.1071 0.0 0.0 -2.126 0.31623 985.0 2.1069 10.0 
0.06091 269.45868 105.0 1539.0 3.0 36.0 0.0 -0.4929 2.874 0.0 0.22361 1001.0 1.1031 21.0 37.0 0.5071 0.0 2.374 0.0 0.2 1001.0 1.1652 21.0 42.0 1.7071 0.0 2.174 0.0 0.2 999.0 1.2869 18.0 47.0 3.0071 0.0 2.074 0.0 0.3 999.0 1.6116 17.0 48.0 4.5071 0.0 2.174 0.0 0.31623 999.0 1.6809 17.0 
0.11925 296.99307 90.0 1545.0 3.0 69.0 0.0 -3.1929 2.474 0.0 0.60828 997.0 2.5 20.0 73.0 0.0 -0.0929 2.674 0.0 0.5 994.0 2.5 17.0 78.0 2.7071 0.0 2.174 0.0 0.5099 991.0 2.5 15.0 78.0 5.5071 0.0 1.374 0.0 0.41231 991.0 2.5 14.0 76.0 7.9071 0.0 0.474 0.0 0.44721 990.0 2.5 14.0 
0.051 304.36772 93.0 158.0 3.0 58.0 0.0 -1.4929 3.174 0.0 0.41231 996.0 2.0211 11.0 65.0 0.6071 0.0 2.674 0.0 0.41231 994.0 2.2712 13.0 71.0 2.6071 0.0 2.274 0.0 0.31623 990.0 2.2386 11.0 74.0 4.2071 0.0 1.774 0.0 0.22361 986.0 2.0715 10.0 75.0 5.5071 0.0 1.174 0.0 0.22361 984.0 1.9811 9.0 
0.07048 264.5148 102.0 167.0 3.0 63.0 0.0 -2.2929 2.874 0.0 0.41231 995.0 2.2521 11.0 65.0 0.2071 0.0 2.374 0.0 0.4 993.0 2.1576 10.0 71.0 2.3071 0.0 2.474 0.0 0.31623 989.0 2.1453 11.0 77.0 4.1071 0.0 2.774 0.0 0.3 984.0 2.0882 9.0 84.0 5.7071 0.0 2.774 0.0 0.2 978.0 2.0591 8.0 
0.04385 281.08844 100.0 172.0 3.0 71.0 0.0 -0.0929 3.874 0.0 0.5 993.0 2.5 14.0 73.0 1.8071 0.0 1.774 0.0 0.42426 990.0 2.3665 15.0 77.0 3.3071 0.0 0.174 0.0 0.36056 986.0 2.2429 13.0 82.0 4.7071 0.0 0.0 -0.926 0.28284 981.0 2.1462 11.0 90.0 6.0071 0.0 0.0 -1.626 0.31623 974.0 2.1213 10.0 
0.07556 291.24815 91.0 17.0 3.0 72.0 0.7071 0.0 5.474 0.0 0.94868 1000.0 2.5 19.0 67.0 2.5071 0.0 0.774 0.0 0.67082 1000.0 2.5 19.0 58.0 4.4071 0.0 0.0 -2.326 0.42426 1000.0 2.5 18.0 52.0 6.2071 0.0 0.0 -3.826 0.36056 999.0 1.9727 17.0 48.0 8.0071 0.0 0.0 -4.426 0.22361 999.0 1.6809 17.0 
0.03909 249.69441 130.0 181.0 3.0 48.0 0.2071 0.0 2.874 0.0 0.28284 1000.0 1.8102 11.0 45.0 1.6071 0.0 1.574 0.0 0.22361 999.0 1.4773 13.0 49.0 2.8071 0.0 0.874 0.0 0.1 997.0 1.5327 11.0 53.0 3.9071 0.0 0.774 0.0 0.22361 994.0 1.51 10.0 57.0 4.9071 0.0 1.074 0.0 0.22361 992.0 1.5802 9.0 
0.04118 234.69733 98.0 182.0 3.0 38.0 0.2071 0.0 2.774 0.0 0.28284 1002.0 1.3408 24.0 44.0 1.6071 0.0 1.374 0.0 0.36056 1001.0 1.6478 21.0 47.0 3.3071 0.0 0.074 0.0 0.36056 1001.0 1.8802 20.0 46.0 5.0071 0.0 0.0 -1.326 0.36056 1001.0 1.801 20.0 46.0 6.4071 0.0 0.0 -3.026 0.44721 1001.0 1.801 21.0 
0.11177 322.19854 97.0 183.0 3.0 79.0 0.0 -2.7929 3.474 0.0 0.5 994.0 2.5 13.0 76.0 0.4071 0.0 2.874 0.0 0.5099 994.0 2.5 13.0 74.0 3.2071 0.0 2.274 0.0 0.4 992.0 2.5 11.0 68.0 5.2071 0.0 1.874 0.0 0.31623 992.0 2.249 11.0 63.0 6.8071 0.0 1.174 0.0 0.22361 993.0 2.0269 12.0 
0.05004 265.39138 90.0 184.0 3.0 59.0 0.0 -0.6929 4.574 0.0 0.64031 1000.0 2.5 17.0 58.0 1.7071 0.0 1.674 0.0 0.64031 999.0 2.4542 15.0 59.0 4.0071 0.0 0.0 -0.826 0.5 999.0 2.5 18.0 62.0 6.1071 0.0 0.0 -3.026 0.42426 997.0 2.4538 16.0 65.0 8.2071 0.0 0.0 -5.126 0.56569 996.0 2.5 15.0 
0.08592 266.00859 94.0 187.0 3.0 57.0 0.0 -0.2929 3.774 0.0 0.42426 999.0 2.3703 16.0 60.0 1.8071 0.0 1.574 0.0 0.64031 998.0 2.4513 17.0 62.0 3.9071 0.0 0.0 -0.826 0.56569 998.0 2.5 16.0 58.0 5.8071 0.0 0.0 -2.926 0.42426 997.0 2.1474 14.0 55.0 7.4071 0.0 0.0 -4.826 0.36056 996.0 1.8174 12.0 
0.04753 235.74859 108.0 18.0 3.0 41.0 0.4071 0.0 2.974 0.0 0.36056 1000.0 1.3207 15.0 43.0 1.3071 0.0 1.674 0.0 0.22361 999.0 1.3489 18.0 51.0 2.6071 0.0 0.874 0.0 0.22361 997.0 1.6604 15.0 57.0 3.9071 0.0 0.274 0.0 0.22361 995.0 1.8436 13.0 59.0 5.2071 0.0 0.0 -0.126 0.22361 993.0 1.7777 12.0 
0.02956 241.889 106.0 191.0 3.0 49.0 0.0 -0.1929 3.274 0.0 0.44721 1000.0 1.8864 16.0 49.0 1.5071 0.0 1.574 0.0 0.28284 999.0 1.7517 14.0 51.0 3.1071 0.0 0.574 0.0 0.31623 998.0 1.7711 16.0 56.0 4.5071 0.0 0.0 -0.126 0.31623 995.0 1.7795 13.0 59.0 5.7071 0.0 0.0 -0.826 0.22361 992.0 1.693 12.0 
0.03505 282.87292 96.0 196.0 3.0 44.0 1.1071 0.0 3.074 0.0 0.36056 1000.0 1.5211 16.0 46.0 2.2071 0.0 1.274 0.0 0.42426 999.0 1.5437 15.0 52.0 3.6071 0.0 0.0 -0.326 0.36056 998.0 1.8412 17.0 59.0 5.1071 0.0 0.0 -1.826 0.36056 996.0 2.0914 14.0 60.0 6.7071 0.0 0.0 -3.226 0.36056 996.0 2.1629 14.0 
0.09515 212.87897 131.0 19.0 3.0 33.0 1.8071 0.0 0.874 0.0 0.1 999.0 1.0 17.0 36.0 1.7071 0.0 0.874 0.0 0.14142 997.0 1.0 16.0 43.0 1.8071 0.0 1.374 0.0 0.1 996.0 1.1109 14.0 49.0 1.9071 0.0 2.174 0.0 0.14142 995.0 1.3624 13.0 53.0 2.1071 0.0 3.174 0.0 0.1 993.0 1.4345 12.0 
0.03658 257.74158 108.0 1.0 3.0 48.0 0.3071 0.0 2.974 0.0 0.36056 1000.0 1.8102 19.0 48.0 1.7071 0.0 1.574 0.0 0.36056 999.0 1.6809 18.0 46.0 3.1071 0.0 0.474 0.0 0.28284 999.0 1.5437 18.0 44.0 4.3071 0.0 0.0 -0.326 0.22361 999.0 1.4124 18.0 42.0 5.4071 0.0 0.0 -0.726 0.22361 999.0 1.2869 18.0 
0.05583 233.99754 88.0 200.0 3.0 62.0 0.0 -1.2929 4.174 0.0 0.70711 1001.0 2.5 16.0 62.0 1.5071 0.0 1.474 0.0 0.70711 1000.0 2.5 14.0 61.0 4.2071 0.0 0.0 -0.926 0.56569 1000.0 2.5 14.0 57.0 6.7071 0.0 0.0 -3.126 0.5 1001.0 2.5 15.0 51.0 8.9071 0.0 0.0 -4.926 0.42426 1001.0 2.2138 16.0 
0.06393 247.0314 93.0 203.0 3.0 58.0 0.0 -1.9929 3.374 0.0 0.53852 999.0 2.4542 11.0 57.0 0.8071 0.0 2.074 0.0 0.44721 999.0 2.3703 12.0 60.0 3.2071 0.0 0.974 0.0 0.41231 997.0 2.2981 12.0 64.0 5.4071 0.0 0.174 0.0 0.41231 994.0 2.2019 10.0 66.0 7.4071 0.0 0.0 -0.426 0.31623 992.0 2.1186 9.0 
0.04172 261.25463 94.0 205.0 3.0 55.0 0.0 -0.7929 2.774 0.0 0.22361 992.0 1.4713 10.0 69.0 0.6071 0.0 2.274 0.0 0.31623 988.0 1.9451 11.0 88.0 2.4071 0.0 1.674 0.0 0.31623 978.0 2.2599 8.0 103.0 4.4071 0.0 0.774 0.0 0.44721 970.0 2.5 7.0 113.0 6.7071 0.0 0.0 -0.426 0.36056 963.0 2.5 6.0 
0.04672 285.43508 102.0 20.0 3.0 67.0 0.2071 0.0 4.874 0.0 0.80623 997.0 2.5 11.0 65.0 2.1071 0.0 1.474 0.0 0.5831 995.0 2.3974 12.0 67.0 3.6071 0.0 0.0 -1.226 0.5 991.0 2.0841 10.0 74.0 4.9071 0.0 0.0 -3.326 0.36056 985.0 1.9975 10.0 90.0 6.0071 0.0 0.0 -4.726 0.22361 969.0 1.8803 8.0 
0.01455 290.10581 103.0 213.0 3.0 67.0 0.8071 0.0 3.474 0.0 0.44721 992.0 2.1833 12.0 71.0 2.0071 0.0 1.674 0.0 0.28284 989.0 2.1453 11.0 76.0 3.2071 0.0 0.374 0.0 0.22361 984.0 2.0343 9.0 83.0 4.3071 0.0 0.0 -0.626 0.14142 978.0 2.0104 8.0 86.0 5.4071 0.0 0.0 -1.326 0.22361 976.0 2.0416 8.0 
0.05193 242.73765 107.0 214.0 3.0 62.0 0.0 -0.5929 3.974 0.0 0.64031 999.0 2.5 11.0 61.0 1.4071 0.0 1.674 0.0 0.42426 997.0 2.3753 11.0 60.0 3.0071 0.0 0.274 0.0 0.28284 994.0 1.9352 10.0 61.0 4.3071 0.0 0.0 -0.526 0.22361 992.0 1.8098 9.0 62.0 5.5071 0.0 0.0 -1.026 0.2 991.0 1.7846 8.0 
0.03579 283.12456 84.0 222.0 3.0 75.0 0.0 -0.8929 5.474 0.0 0.86023 998.0 2.5 14.0 71.0 2.0071 0.0 1.574 0.0 0.78102 997.0 2.5 13.0 74.0 5.0071 0.0 0.0 -1.426 0.64031 996.0 2.5 15.0 74.0 7.9071 0.0 0.0 -3.726 0.5 994.0 2.5 14.0 67.0 10.1071 0.0 0.0 -5.526 0.42426 993.0 2.2925 13.0 
0.09444 262.79555 64.0 224.0 3.0 64.0 0.0 -1.2929 4.274 0.0 0.56569 999.0 2.5 18.0 63.0 1.3071 0.0 1.974 0.0 0.5 999.0 2.5 16.0 63.0 3.8071 0.0 0.274 0.0 0.5 998.0 2.5 16.0 59.0 6.2071 0.0 0.0 -1.126 0.36056 998.0 2.3703 16.0 50.0 8.0071 0.0 0.0 -2.226 0.22361 999.0 1.8239 17.0 
0.07782 285.61028 96.0 22.0 3.0 51.0 0.0 -1.1929 3.574 0.0 0.36056 999.0 1.8976 18.0 56.0 0.7071 0.0 2.474 0.0 0.31623 997.0 2.0019 15.0 59.0 2.5071 0.0 1.974 0.0 0.3 996.0 2.0914 14.0 62.0 4.3071 0.0 2.174 0.0 0.3 995.0 2.1812 13.0 63.0 6.3071 0.0 2.574 0.0 0.31623 994.0 2.1336 13.0 
0.03406 303.89251 105.0 231.0 3.0 59.0 0.9071 0.0 3.074 0.0 0.36056 996.0 2.0914 15.0 63.0 2.3071 0.0 1.474 0.0 0.36056 993.0 2.0269 12.0 66.0 3.6071 0.0 0.174 0.0 0.28284 990.0 1.9344 11.0 70.0 4.7071 0.0 0.0 -1.026 0.28284 987.0 1.9249 10.0 75.0 5.8071 0.0 0.0 -2.226 0.28284 984.0 1.9811 9.0 
0.08095 207.4164 70.0 235.0 3.0 54.0 0.0 -1.2929 3.674 0.0 0.56569 1001.0 2.4819 20.0 59.0 1.0071 0.0 1.574 0.0 0.53852 999.0 2.5 18.0 60.0 3.6071 0.0 0.374 0.0 0.41231 999.0 2.5 16.0 56.0 5.9071 0.0 0.0 -0.326 0.31623 999.0 2.2879 16.0 49.0 7.7071 0.0 0.0 -1.126 0.22361 999.0 1.7517 17.0 
0.06141 291.93942 92.0 238.0 3.0 82.0 0.0 -0.2929 4.974 0.0 0.72111 992.0 2.5 13.0 88.0 2.1071 0.0 1.574 0.0 0.64031 988.0 2.5 13.0 85.0 4.3071 0.0 0.0 -1.226 0.5 987.0 2.5 13.0 74.0 6.2071 0.0 0.0 -3.526 0.36056 991.0 2.5 15.0 70.0 7.7071 0.0 0.0 -5.526 0.5 990.0 2.176 12.0 
0.02883 269.08301 93.0 240.0 3.0 52.0 0.0 -0.6929 3.474 0.0 0.44721 1000.0 2.1245 15.0 52.0 1.4071 0.0 1.974 0.0 0.36056 999.0 1.9727 14.0 57.0 3.4071 0.0 0.674 0.0 0.44721 998.0 2.2123 16.0 63.0 5.4071 0.0 0.0 -0.426 0.36056 995.0 2.2521 14.0 65.0 7.3071 0.0 0.0 -1.426 0.22361 993.0 2.1576 12.0 
0.0434 260.1241 107.0 241.0 3.0 50.0 0.4071 0.0 2.974 0.0 0.28284 996.0 1.502 12.0 56.0 1.4071 0.0 1.874 0.0 0.22361 994.0 1.6858 13.0 62.0 2.4071 0.0 1.174 0.0 0.22361 990.0 1.707 11.0 69.0 3.4071 0.0 0.574 0.0 0.22361 987.0 1.8703 10.0 77.0 4.6071 0.0 0.074 0.0 0.2 983.0 2.0186 9.0 
0.05748 289.11412 86.0 242.0 3.0 82.0 0.0 -1.3929 5.174 0.0 0.92195 995.0 2.5 17.0 82.0 1.9071 0.0 1.774 0.0 0.70711 994.0 2.5 15.0 84.0 4.9071 0.0 0.0 -0.326 0.5831 989.0 2.5 14.0 87.0 7.5071 0.0 0.0 -1.826 0.44721 985.0 2.5 12.0 91.0 9.8071 0.0 0.0 -3.026 0.44721 981.0 2.5 11.0 
0.04772 298.71472 87.0 246.0 3.0 68.0 0.0 -0.1929 4.674 0.0 0.64031 996.0 2.5 12.0 77.0 2.1071 0.0 1.674 0.0 0.64031 994.0 2.5 13.0 82.0 4.5071 0.0 0.0 -1.126 0.56569 991.0 2.5 11.0 83.0 6.9071 0.0 0.0 -3.626 0.56569 990.0 2.5 11.0 79.0 9.0071 0.0 0.0 -5.926 0.42426 989.0 2.5 11.0 
0.04554 249.69441 87.0 248.0 3.0 72.0 0.0 -1.0929 4.974 0.0 0.78102 997.0 2.5 12.0 73.0 1.6071 0.0 1.574 0.0 0.70711 996.0 2.5 11.0 78.0 4.4071 0.0 0.0 -0.926 0.5831 993.0 2.5 12.0 77.0 7.0071 0.0 0.0 -2.726 0.5 992.0 2.5 12.0 71.0 9.2071 0.0 0.0 -4.326 0.44721 992.0 2.4518 12.0 
0.05399 265.39138 80.0 260.0 3.0 61.0 0.0 -0.6929 4.274 0.0 0.56569 1000.0 2.5 15.0 62.0 1.7071 0.0 1.674 0.0 0.5 999.0 2.5 17.0 67.0 4.0071 0.0 0.0 -0.426 0.5 996.0 2.5 14.0 69.0 6.1071 0.0 0.0 -2.126 0.36056 994.0 2.5 12.0 66.0 7.9071 0.0 0.0 -3.426 0.28284 993.0 2.2245 12.0 
0.02328 289.68377 93.0 262.0 3.0 56.0 0.0071 0.0 4.374 0.0 0.5 1000.0 2.4639 19.0 57.0 1.7071 0.0 1.974 0.0 0.42426 999.0 2.3703 17.0 55.0 3.3071 0.0 0.274 0.0 0.36056 998.0 2.0598 15.0 53.0 4.7071 0.0 0.0 -1.026 0.22361 997.0 1.7931 15.0 52.0 5.9071 0.0 0.0 -1.826 0.22361 997.0 1.7261 14.0 
0.03308 250.35032 98.0 263.0 3.0 63.0 0.0 -0.0929 3.874 0.0 0.5 998.0 2.5 16.0 66.0 1.7071 0.0 1.474 0.0 0.42426 995.0 2.4717 14.0 67.0 3.4071 0.0 0.0 -0.426 0.42426 994.0 2.4131 13.0 66.0 5.1071 0.0 0.0 -2.026 0.28284 993.0 2.2245 12.0 61.0 6.6071 0.0 0.0 -3.426 0.28284 994.0 2.0003 13.0 
0.07136 291.14152 99.0 265.0 3.0 53.0 0.0 -0.4929 3.274 0.0 0.36056 998.0 1.9127 16.0 60.0 1.3071 0.0 2.274 0.0 0.31623 995.0 2.0427 14.0 63.0 3.1071 0.0 1.474 0.0 0.31623 994.0 2.1336 13.0 64.0 4.9071 0.0 0.774 0.0 0.22361 993.0 2.0918 12.0 62.0 6.4071 0.0 0.274 0.0 0.2 993.0 1.9631 12.0 
0.02444 315.62409 96.0 267.0 3.0 49.0 0.0 -0.1929 3.374 0.0 0.44721 1000.0 1.8864 15.0 49.0 1.7071 0.0 2.274 0.0 0.31623 998.0 1.6349 14.0 54.0 3.4071 0.0 1.274 0.0 0.31623 997.0 1.8615 16.0 61.0 5.1071 0.0 0.374 0.0 0.36056 994.0 2.0003 13.0 63.0 6.8071 0.0 0.0 -0.526 0.22361 993.0 2.0269 12.0 
0.03429 281.08844 87.0 269.0 3.0 84.0 0.0 -0.8929 5.474 0.0 0.78102 994.0 2.5 13.0 84.0 1.8071 0.0 1.774 0.0 0.78102 992.0 2.5 12.0 87.0 4.5071 0.0 0.0 -1.126 0.56569 988.0 2.5 10.0 87.0 7.0071 0.0 0.0 -3.426 0.5 987.0 2.5 10.0 85.0 9.2071 0.0 0.0 -5.526 0.42426 986.0 2.5 10.0 
0.01567 252.67868 98.0 26.0 3.0 60.0 0.7071 0.0 3.474 0.0 0.44721 997.0 2.2981 15.0 60.0 2.0071 0.0 1.074 0.0 0.42426 997.0 2.2981 15.0 58.0 3.6071 0.0 0.0 -0.526 0.31623 996.0 2.0211 14.0 54.0 5.2071 0.0 0.0 -1.226 0.2 996.0 1.752 14.0 52.0 6.6071 0.0 0.0 -1.526 0.2 997.0 1.7261 15.0 
0.09685 300.09125 99.0 272.0 3.0 62.0 0.0 -0.3929 3.674 0.0 0.5 998.0 2.5 16.0 63.0 1.6071 0.0 2.174 0.0 0.41231 995.0 2.2521 14.0 63.0 3.6071 0.0 1.974 0.0 0.31623 994.0 2.1336 13.0 63.0 5.3071 0.0 2.774 0.0 0.28284 994.0 2.1336 13.0 62.0 6.6071 0.0 4.074 0.0 0.36056 993.0 1.9631 12.0 
0.02197 282.47671 103.0 283.0 3.0 59.0 1.6071 0.0 2.574 0.0 0.31623 993.0 1.7777 13.0 65.0 2.3071 0.0 1.074 0.0 0.28284 990.0 1.8762 11.0 71.0 3.2071 0.0 0.0 -0.026 0.28284 986.0 1.9069 10.0 80.0 4.3071 0.0 0.0 -0.926 0.28284 980.0 1.9808 8.0 87.0 5.5071 0.0 0.0 -1.826 0.22361 976.0 2.0894 8.0 
0.05063 288.37292 102.0 284.0 3.0 48.0 0.0 -2.9929 1.974 0.0 0.4 1001.0 1.961 16.0 50.0 0.0 -0.7929 2.474 0.0 0.44721 1000.0 1.9642 19.0 54.0 1.3071 0.0 3.274 0.0 0.31623 999.0 2.1274 17.0 55.0 3.2071 0.0 3.874 0.0 0.31623 998.0 2.0598 15.0 55.0 5.0071 0.0 4.274 0.0 0.31623 997.0 1.931 15.0 
0.03482 273.42719 87.0 286.0 3.0 65.0 0.0 -0.7929 5.474 0.0 0.80623 1001.0 2.5 17.0 62.0 1.8071 0.0 1.674 0.0 0.64031 1000.0 2.5 16.0 61.0 4.3071 0.0 0.0 -1.226 0.56569 999.0 2.5 15.0 60.0 6.8071 0.0 0.0 -3.326 0.56569 998.0 2.4513 14.0 57.0 9.0071 0.0 0.0 -5.126 0.5 998.0 2.2123 13.0 
0.07476 315.92336 87.0 288.0 3.0 68.0 0.0 -1.8929 4.174 0.0 0.67082 998.0 2.5 17.0 70.0 1.4071 0.0 2.474 0.0 0.5831 997.0 2.5 15.0 76.0 4.4071 0.0 0.974 0.0 0.5 993.0 2.5 13.0 76.0 7.0071 0.0 0.0 -0.426 0.31623 991.0 2.5 11.0 75.0 9.1071 0.0 0.0 -1.426 0.31623 989.0 2.3938 10.0 
0.07993 278.19635 95.0 292.0 3.0 66.0 0.0 -0.8929 4.074 0.0 0.56569 996.0 2.5 15.0 73.0 1.4071 0.0 2.074 0.0 0.5 993.0 2.5 12.0 74.0 3.6071 0.0 0.274 0.0 0.44721 992.0 2.5 12.0 68.0 5.6071 0.0 0.0 -1.326 0.28284 993.0 2.3614 12.0 60.0 7.1071 0.0 0.0 -2.726 0.28284 995.0 2.0427 13.0 
0.07838 247.43208 95.0 295.0 3.0 57.0 0.0 -0.9929 3.674 0.0 0.56569 999.0 2.3703 15.0 56.0 1.2071 0.0 1.874 0.0 0.5 999.0 2.2879 17.0 60.0 3.2071 0.0 0.574 0.0 0.42426 996.0 2.1629 14.0 63.0 4.9071 0.0 0.0 -0.726 0.42426 995.0 2.2521 13.0 66.0 6.6071 0.0 0.0 -2.226 0.36056 994.0 2.3416 13.0 
0.03964 310.58559 74.0 300.0 3.0 51.0 0.0 -1.0929 4.074 0.0 0.5 1002.0 2.4151 17.0 53.0 1.3071 0.0 2.474 0.0 0.44721 1001.0 2.3909 15.0 53.0 3.6071 0.0 0.874 0.0 0.42426 1000.0 2.207 15.0 52.0 5.7071 0.0 0.0 -0.726 0.42426 1000.0 2.1245 15.0 51.0 7.7071 0.0 0.0 -2.326 0.5 1001.0 2.2138 15.0 
0.05395 211.34081 104.0 307.0 3.0 45.0 0.0 -0.5929 2.874 0.0 0.28284 1000.0 1.591 15.0 51.0 0.9071 0.0 1.674 0.0 0.36056 999.0 1.8976 17.0 59.0 2.6071 0.0 0.374 0.0 0.42426 996.0 2.0914 14.0 62.0 4.3071 0.0 0.0 -1.026 0.28284 995.0 2.1812 13.0 63.0 5.8071 0.0 0.0 -2.426 0.28284 994.0 2.1336 12.0 
0.03679 288.58221 103.0 308.0 3.0 51.0 0.6071 0.0 3.574 0.0 0.42426 999.0 1.8976 15.0 51.0 2.2071 0.0 1.374 0.0 0.5 999.0 1.8976 14.0 50.0 3.7071 0.0 0.0 -0.726 0.36056 999.0 1.8239 14.0 48.0 5.0071 0.0 0.0 -2.526 0.28284 999.0 1.6809 14.0 46.0 6.2071 0.0 0.0 -4.026 0.22361 998.0 1.4408 14.0 
0.10279 241.889 92.0 312.0 3.0 65.0 0.0 -1.0929 4.574 0.0 0.78102 999.0 2.5 24.0 68.0 1.5071 0.0 1.574 0.0 0.64031 998.0 2.5 21.0 64.0 3.8071 0.0 0.0 -0.826 0.5 997.0 2.5 20.0 59.0 5.8071 0.0 0.0 -2.526 0.42426 997.0 2.2221 20.0 56.0 7.5071 0.0 0.0 -3.826 0.36056 997.0 2.0019 20.0 
0.14407 247.79184 88.0 313.0 3.0 55.0 0.0 -2.7929 2.474 0.0 0.5 1002.0 2.5 22.0 60.0 0.5071 0.0 2.174 0.0 0.5 1001.0 2.5 20.0 60.0 3.6071 0.0 1.674 0.0 0.5099 1000.0 2.5 19.0 55.0 6.4071 0.0 0.974 0.0 0.41231 1000.0 2.3767 19.0 52.0 8.7071 0.0 0.174 0.0 0.44721 1000.0 2.1245 19.0 
0.0275 298.16812 97.0 314.0 3.0 63.0 0.0 -0.0929 4.274 0.0 0.5 997.0 2.5 16.0 65.0 1.7071 0.0 2.074 0.0 0.36056 994.0 2.2712 13.0 66.0 3.5071 0.0 0.774 0.0 0.28284 992.0 2.1186 12.0 69.0 5.1071 0.0 0.0 -0.326 0.31623 991.0 2.2103 11.0 68.0 6.7071 0.0 0.0 -1.426 0.28284 991.0 2.1467 11.0 
0.10847 250.54661 84.0 31.0 3.0 52.0 0.0 -2.2929 2.374 0.0 0.5 1001.0 2.3015 12.0 55.0 0.6071 0.0 2.174 0.0 0.5 1000.0 2.3767 15.0 59.0 3.3071 0.0 2.074 0.0 0.5 999.0 2.5 12.0 60.0 5.9071 0.0 1.874 0.0 0.4 998.0 2.4513 12.0 59.0 8.1071 0.0 1.774 0.0 0.4 997.0 2.2221 11.0 
0.05926 245.50847 95.0 315.0 3.0 55.0 0.0 -2.1929 2.974 0.0 0.41231 999.0 2.2069 14.0 63.0 0.4071 0.0 2.174 0.0 0.41231 997.0 2.5 11.0 68.0 3.0071 0.0 1.774 0.0 0.4 994.0 2.4857 10.0 68.0 5.2071 0.0 1.774 0.0 0.4 992.0 2.249 9.0 64.0 7.1071 0.0 1.674 0.0 0.2 992.0 1.9922 9.0 
0.07266 284.57652 91.0 319.0 3.0 75.0 0.0 -1.4929 4.674 0.0 0.78102 996.0 2.5 12.0 76.0 1.5071 0.0 2.074 0.0 0.5831 993.0 2.5 11.0 82.0 4.0071 0.0 0.174 0.0 0.44721 987.0 2.5 10.0 88.0 6.0071 0.0 0.0 -1.326 0.42426 981.0 2.4717 9.0 98.0 7.9071 0.0 0.0 -2.926 0.36056 974.0 2.5 8.0 
0.081 293.6286 91.0 323.0 3.0 63.0 0.0 -0.7929 4.174 0.0 0.56569 997.0 2.5 17.0 66.0 1.5071 0.0 2.174 0.0 0.5 996.0 2.5 19.0 72.0 3.7071 0.0 0.574 0.0 0.44721 992.0 2.5 15.0 76.0 5.8071 0.0 0.0 -0.626 0.36056 988.0 2.3598 14.0 81.0 7.7071 0.0 0.0 -1.826 0.36056 985.0 2.3933 12.0 
0.04947 288.97303 105.0 331.0 3.0 65.0 0.1071 0.0 3.574 0.0 0.42426 996.0 2.5 14.0 64.0 1.8071 0.0 1.874 0.0 0.36056 994.0 2.2019 13.0 60.0 3.2071 0.0 0.874 0.0 0.22361 994.0 1.9352 12.0 56.0 4.4071 0.0 0.374 0.0 0.22361 994.0 1.6858 13.0 53.0 5.5071 0.0 0.174 0.0 0.1 995.0 1.5939 13.0 
0.06283 220.17673 93.0 338.0 3.0 55.0 0.0 -0.9929 3.974 0.0 0.56569 1000.0 2.3767 20.0 60.0 1.2071 0.0 1.574 0.0 0.56569 999.0 2.5 17.0 62.0 3.4071 0.0 0.0 -0.326 0.42426 997.0 2.4538 15.0 62.0 5.4071 0.0 0.0 -1.726 0.36056 996.0 2.3095 14.0 59.0 7.3071 0.0 0.0 -2.726 0.31623 996.0 2.0914 14.0 
0.03085 257.74158 95.0 33.0 3.0 53.0 0.0 -0.4929 3.674 0.0 0.56569 1001.0 2.3909 18.0 51.0 1.7071 0.0 1.574 0.0 0.5 1001.0 2.2138 22.0 51.0 3.7071 0.0 0.174 0.0 0.31623 1000.0 2.0435 18.0 51.0 5.5071 0.0 0.0 -0.626 0.36056 998.0 1.7711 16.0 51.0 7.0071 0.0 0.0 -1.426 0.36056 998.0 1.7711 16.0 
0.094 242.05755 109.0 344.0 3.0 71.0 0.0 -0.2929 3.174 0.0 0.5 991.0 2.3403 11.0 80.0 1.6071 0.0 1.474 0.0 0.42426 985.0 2.3346 10.0 89.0 3.2071 0.0 0.0 -0.026 0.36056 977.0 2.2473 8.0 97.0 4.6071 0.0 0.0 -1.126 0.28284 969.0 2.1841 7.0 97.0 5.7071 0.0 0.0 -2.126 0.22361 967.0 2.0892 7.0 
0.03992 270.80238 110.0 347.0 3.0 34.0 0.2071 0.0 2.874 0.0 0.14142 1000.0 1.0 16.0 41.0 1.1071 0.0 2.174 0.0 0.22361 998.0 1.1446 14.0 47.0 2.3071 0.0 1.474 0.0 0.22361 997.0 1.4101 12.0 54.0 3.4071 0.0 0.674 0.0 0.22361 995.0 1.6546 13.0 60.0 4.5071 0.0 0.0 -0.026 0.2 992.0 1.7509 12.0 
0.04365 263.71569 108.0 353.0 3.0 48.0 0.0 -1.7929 2.574 0.0 0.3 998.0 1.5688 14.0 54.0 0.0 -0.0929 2.374 0.0 0.3 997.0 1.8615 15.0 61.0 1.7071 0.0 2.574 0.0 0.3 994.0 2.0003 13.0 63.0 3.4071 0.0 2.874 0.0 0.2 992.0 1.9304 12.0 62.0 4.8071 0.0 3.074 0.0 0.2 992.0 1.8696 12.0 
0.10623 291.24011 93.0 354.0 3.0 64.0 0.0 -0.6929 3.674 0.0 0.5 996.0 2.4609 13.0 73.0 1.6071 0.0 2.074 0.0 0.44721 992.0 2.5 12.0 78.0 3.8071 0.0 0.874 0.0 0.44721 988.0 2.4856 10.0 82.0 5.8071 0.0 0.0 -0.226 0.36056 984.0 2.3682 9.0 85.0 7.5071 0.0 0.0 -1.426 0.22361 980.0 2.2362 8.0 
0.0702 238.17627 94.0 356.0 3.0 49.0 0.0 -0.3929 3.574 0.0 0.42426 998.0 1.6349 24.0 54.0 1.2071 0.0 1.774 0.0 0.36056 997.0 1.8615 27.0 60.0 3.0071 0.0 0.474 0.0 0.36056 995.0 2.0427 23.0 68.0 4.9071 0.0 0.0 -0.426 0.31623 991.0 2.1467 23.0 76.0 6.8071 0.0 0.0 -1.126 0.31623 987.0 2.269 20.0 
0.05109 297.58532 93.0 357.0 3.0 59.0 0.0 -2.3929 3.274 0.0 0.44721 998.0 2.3703 16.0 61.0 0.0 -0.1929 2.674 0.0 0.4 996.0 2.2356 14.0 65.0 2.0071 0.0 3.074 0.0 0.31623 994.0 2.2712 13.0 63.0 3.9071 0.0 3.974 0.0 0.36056 995.0 2.2521 13.0 57.0 5.6071 0.0 4.874 0.0 0.22361 996.0 1.952 14.0 
0.02803 279.22064 95.0 360.0 3.0 57.0 0.0 -0.0929 4.474 0.0 0.72111 1001.0 2.5 17.0 56.0 2.1071 0.0 1.374 0.0 0.5 1001.0 2.5 22.0 53.0 4.1071 0.0 0.0 -1.126 0.5 1001.0 2.3909 21.0 48.0 5.8071 0.0 0.0 -3.226 0.44721 1000.0 1.8102 18.0 45.0 7.2071 0.0 0.0 -5.026 0.36056 1000.0 1.591 16.0 
0.0117 240.52259 97.0 368.0 3.0 52.0 0.0 -3.4929 0.0 -0.326 0.5 1001.0 2.3015 12.0 53.0 0.0 -0.9929 0.0 -1.926 0.44721 1000.0 2.207 11.0 56.0 1.5071 0.0 0.0 -2.826 0.41231 999.0 2.2879 11.0 60.0 3.9071 0.0 0.0 -3.026 0.3 996.0 2.1629 11.0 64.0 6.0071 0.0 0.0 -2.826 0.3 993.0 2.0918 9.0 
0.0647 293.6286 91.0 369.0 3.0 63.0 0.0 -0.1929 3.874 0.0 0.5 996.0 2.3846 14.0 65.0 1.5071 0.0 2.174 0.0 0.36056 994.0 2.2712 12.0 63.0 3.0071 0.0 1.074 0.0 0.31623 993.0 2.0269 12.0 61.0 4.3071 0.0 0.274 0.0 0.22361 993.0 1.9003 12.0 58.0 5.4071 0.0 0.0 -0.426 0.28284 993.0 1.7179 12.0 
0.02286 288.97303 86.0 374.0 3.0 62.0 0.0 -0.8929 5.774 0.0 0.80623 1002.0 2.5 19.0 64.0 1.8071 0.0 1.874 0.0 0.78102 1001.0 2.5 16.0 64.0 4.6071 0.0 0.0 -1.226 0.56569 1000.0 2.5 14.0 63.0 7.3071 0.0 0.0 -3.726 0.64031 1000.0 2.5 14.0 63.0 9.9071 0.0 0.0 -6.226 0.5 1000.0 2.5 13.0 
0.02807 281.08844 96.0 380.0 3.0 43.0 0.3071 0.0 3.174 0.0 0.36056 1001.0 1.5738 17.0 44.0 1.8071 0.0 1.774 0.0 0.36056 1000.0 1.5211 15.0 47.0 3.4071 0.0 0.774 0.0 0.31623 998.0 1.5041 14.0 52.0 5.0071 0.0 0.174 0.0 0.31623 997.0 1.7261 16.0 59.0 6.7071 0.0 0.0 -0.226 0.22361 994.0 1.8713 13.0 
0.03402 291.24011 88.0 381.0 3.0 70.0 0.0 -1.1929 5.374 0.0 0.70711 1000.0 2.5 15.0 66.0 1.6071 0.0 2.074 0.0 0.64031 998.0 2.5 14.0 68.0 4.2071 0.0 0.0 -0.626 0.56569 997.0 2.5 16.0 72.0 6.5071 0.0 0.0 -2.926 0.56569 995.0 2.5 13.0 75.0 8.8071 0.0 0.0 -5.326 0.56569 994.0 2.5 13.0 
0.04368 279.22064 83.0 384.0 3.0 80.0 0.0 -1.1929 5.974 0.0 0.9434 1000.0 2.5 18.0 78.0 2.1071 0.0 1.374 0.0 0.86023 999.0 2.5 17.0 80.0 5.3071 0.0 0.0 -2.326 0.78102 997.0 2.5 15.0 78.0 8.3071 0.0 0.0 -5.626 0.70711 996.0 2.5 14.0 76.0 11.0071 0.0 0.0 -8.526 0.56569 995.0 2.5 13.0 
0.07088 234.69733 94.0 386.0 3.0 76.0 0.0 -0.2929 3.474 0.0 0.56569 992.0 2.5 12.0 79.0 1.6071 0.0 1.374 0.0 0.42426 987.0 2.4517 10.0 80.0 3.3071 0.0 0.0 -0.126 0.36056 985.0 2.3346 9.0 84.0 5.1071 0.0 0.0 -1.326 0.36056 982.0 2.3248 9.0 88.0 6.9071 0.0 0.0 -2.326 0.36056 979.0 2.3263 8.0 
0.04667 300.09125 94.0 387.0 3.0 50.0 0.2071 0.0 3.374 0.0 0.28284 998.0 1.7023 13.0 53.0 1.6071 0.0 2.174 0.0 0.31623 996.0 1.6877 15.0 60.0 3.1071 0.0 1.374 0.0 0.31623 993.0 1.8385 13.0 68.0 4.8071 0.0 0.874 0.0 0.3 991.0 2.1467 11.0 74.0 6.7071 0.0 0.574 0.0 0.4 988.0 2.2372 10.0 
0.09192 284.57652 91.0 397.0 3.0 63.0 0.0 -0.2929 3.374 0.0 0.36056 995.0 2.2521 14.0 71.0 1.5071 0.0 2.074 0.0 0.36056 990.0 2.2386 11.0 78.0 3.3071 0.0 1.174 0.0 0.31623 986.0 2.3015 10.0 84.0 5.4071 0.0 0.774 0.0 0.4 984.0 2.4851 9.0 83.0 7.7071 0.0 0.774 0.0 0.4 985.0 2.5 9.0 
0.10009 310.03964 93.0 398.0 3.0 58.0 0.0 -1.1929 3.774 0.0 0.44721 996.0 2.0211 12.0 63.0 0.8071 0.0 2.674 0.0 0.41231 995.0 2.2521 13.0 70.0 2.9071 0.0 1.874 0.0 0.41231 992.0 2.3832 12.0 76.0 5.2071 0.0 1.374 0.0 0.41231 989.0 2.4581 11.0 76.0 7.3071 0.0 1.374 0.0 0.31623 987.0 2.269 10.0 
0.06795 257.74158 101.0 399.0 3.0 50.0 0.3071 0.0 3.174 0.0 0.36056 999.0 1.8239 14.0 52.0 1.7071 0.0 1.574 0.0 0.36056 998.0 1.8412 16.0 60.0 3.2071 0.0 0.174 0.0 0.28284 994.0 1.9352 13.0 66.0 4.7071 0.0 0.0 -0.926 0.28284 992.0 2.1186 12.0 68.0 6.1071 0.0 0.0 -1.826 0.28284 989.0 1.9678 11.0 
0.03726 262.79555 74.0 39.0 3.0 49.0 0.0 -0.6929 3.674 0.0 0.42426 1001.0 2.0436 22.0 53.0 1.3071 0.0 1.974 0.0 0.5 1000.0 2.207 19.0 52.0 3.3071 0.0 0.774 0.0 0.36056 999.0 1.9727 17.0 51.0 5.0071 0.0 0.0 -0.026 0.31623 999.0 1.8976 17.0 50.0 6.8071 0.0 0.0 -0.426 0.31623 999.0 1.8239 17.0 
0.03323 265.39138 95.0 400.0 3.0 41.0 0.2071 0.0 3.074 0.0 0.28284 1002.0 1.5608 23.0 45.0 1.7071 0.0 1.674 0.0 0.36056 1001.0 1.7236 20.0 48.0 3.3071 0.0 0.174 0.0 0.36056 1001.0 1.961 20.0 48.0 5.1071 0.0 0.0 -1.326 0.42426 1001.0 1.961 20.0 46.0 6.8071 0.0 0.0 -2.926 0.28284 1001.0 1.801 21.0 
0.04577 290.10581 91.0 406.0 3.0 61.0 0.0071 0.0 5.174 0.0 0.72111 999.0 2.5 15.0 64.0 2.0071 0.0 1.674 0.0 0.64031 999.0 2.5 18.0 66.0 4.0071 0.0 0.0 -1.326 0.5831 997.0 2.5 16.0 67.0 5.9071 0.0 0.0 -3.926 0.5 995.0 2.5 14.0 67.0 7.7071 0.0 0.0 -5.926 0.42426 994.0 2.4131 13.0 
0.02254 289.68377 97.0 413.0 3.0 52.0 0.0071 0.0 3.974 0.0 0.5 1000.0 2.1245 15.0 52.0 1.7071 0.0 1.974 0.0 0.42426 999.0 1.9727 16.0 55.0 3.3071 0.0 0.574 0.0 0.36056 997.0 1.931 15.0 59.0 4.9071 0.0 0.0 -0.426 0.36056 995.0 1.9752 14.0 61.0 6.5071 0.0 0.0 -1.226 0.22361 994.0 2.0003 13.0 
0.06289 287.44942 114.0 41.0 3.0 57.0 0.0 -0.0929 3.674 0.0 0.42426 996.0 1.952 11.0 62.0 1.4071 0.0 2.174 0.0 0.36056 994.0 2.0664 13.0 65.0 2.7071 0.0 1.074 0.0 0.22361 990.0 1.8762 11.0 68.0 3.9071 0.0 0.474 0.0 0.22361 987.0 1.8165 10.0 72.0 4.9071 0.0 0.174 0.0 0.2 983.0 1.7649 9.0 
0.03055 281.67125 109.0 420.0 3.0 68.0 0.0071 0.0 4.574 0.0 0.67082 997.0 2.5 15.0 70.0 1.9071 0.0 1.674 0.0 0.5 995.0 2.5 13.0 70.0 3.6071 0.0 0.0 -0.526 0.42426 992.0 2.3832 12.0 70.0 5.0071 0.0 0.0 -2.226 0.28284 990.0 2.176 11.0 67.0 6.1071 0.0 0.0 -3.626 0.28284 990.0 1.9935 11.0 
0.04864 263.87169 99.0 431.0 3.0 39.0 0.0 -2.2929 1.874 0.0 0.31623 1001.0 1.2946 17.0 42.0 0.0 -0.6929 2.274 0.0 0.31623 1000.0 1.3859 16.0 47.0 1.1071 0.0 2.674 0.0 0.3 1000.0 1.7355 19.0 56.0 3.1071 0.0 2.874 0.0 0.4 997.0 2.0019 16.0 62.0 5.3071 0.0 3.074 0.0 0.3 996.0 2.3095 14.0 
0.04818 218.30081 126.0 433.0 3.0 43.0 0.8071 0.0 2.274 0.0 0.22361 998.0 1.259 12.0 49.0 1.4071 0.0 1.374 0.0 0.14142 995.0 1.3624 10.0 52.0 2.0071 0.0 0.874 0.0 0.14142 993.0 1.3809 9.0 56.0 2.6071 0.0 0.474 0.0 0.14142 991.0 1.4559 8.0 61.0 3.2071 0.0 0.074 0.0 0.1 988.0 1.5202 8.0 
0.0296 263.87963 107.0 434.0 3.0 52.0 0.6071 0.0 3.074 0.0 0.42426 999.0 1.9727 14.0 54.0 2.0071 0.0 1.274 0.0 0.28284 997.0 1.8615 15.0 55.0 3.1071 0.0 0.074 0.0 0.28284 995.0 1.7165 13.0 57.0 4.2071 0.0 0.0 -0.726 0.14142 993.0 1.6592 12.0 62.0 5.2071 0.0 0.0 -1.226 0.2 991.0 1.7846 11.0 
0.11311 255.92004 117.0 438.0 3.0 38.0 0.4071 0.0 2.474 0.0 0.14142 997.0 1.0 22.0 45.0 1.0071 0.0 2.074 0.0 0.1 995.0 1.149 19.0 55.0 1.7071 0.0 1.774 0.0 0.14142 992.0 1.4713 19.0 63.0 2.4071 0.0 1.274 0.0 0.14142 988.0 1.6215 17.0 69.0 3.0071 0.0 0.774 0.0 0.14142 984.0 1.6768 15.0 
0.07127 242.73765 91.0 440.0 3.0 77.0 0.0 -1.3929 4.574 0.0 0.70711 995.0 2.5 14.0 78.0 1.4071 0.0 1.674 0.0 0.56569 994.0 2.5 13.0 79.0 4.0071 0.0 0.0 -0.726 0.56569 992.0 2.5 12.0 73.0 6.2071 0.0 0.0 -2.826 0.42426 993.0 2.5 12.0 64.0 8.0071 0.0 0.0 -4.626 0.36056 995.0 2.3242 13.0 
0.07075 210.50196 105.0 447.0 3.0 50.0 0.0071 0.0 2.874 0.0 0.36056 998.0 1.7023 13.0 54.0 1.3071 0.0 1.374 0.0 0.22361 996.0 1.752 15.0 58.0 2.6071 0.0 0.474 0.0 0.22361 994.0 1.8084 13.0 61.0 3.9071 0.0 0.174 0.0 0.22361 992.0 1.8098 12.0 65.0 5.3071 0.0 0.674 0.0 0.22361 991.0 1.9615 11.0 
0.05965 255.92004 93.0 448.0 3.0 57.0 0.0 -1.1929 3.174 0.0 0.44721 998.0 2.2123 13.0 58.0 1.0071 0.0 2.074 0.0 0.41231 996.0 2.0211 12.0 66.0 3.1071 0.0 1.474 0.0 0.4 993.0 2.2245 13.0 74.0 5.3071 0.0 1.274 0.0 0.31623 989.0 2.3304 11.0 78.0 7.3071 0.0 1.074 0.0 0.3 985.0 2.2193 10.0 
0.05346 201.65087 106.0 450.0 3.0 40.0 0.0 -0.4929 2.474 0.0 0.22361 1001.0 1.3618 17.0 43.0 0.9071 0.0 1.574 0.0 0.22361 1000.0 1.4527 14.0 47.0 2.2071 0.0 0.774 0.0 0.22361 998.0 1.5041 12.0 49.0 3.4071 0.0 0.0 -0.026 0.22361 997.0 1.5327 12.0 51.0 4.7071 0.0 0.0 -0.626 0.22361 997.0 1.6604 11.0 
0.03922 295.34984 83.0 459.0 3.0 46.0 0.0 -3.2929 0.0 -1.226 0.5 1002.0 1.9647 19.0 46.0 0.0 -1.0929 0.0 -2.426 0.44721 1002.0 1.9647 24.0 46.0 1.0071 0.0 0.0 -2.926 0.3 1001.0 1.801 20.0 48.0 2.8071 0.0 0.0 -2.426 0.31623 1000.0 1.8102 18.0 48.0 4.4071 0.0 0.0 -1.426 0.36056 1000.0 1.8102 18.0 
0.02709 304.80217 97.0 460.0 3.0 51.0 0.7071 0.0 3.174 0.0 0.28284 998.0 1.7711 16.0 57.0 2.0071 0.0 1.874 0.0 0.28284 994.0 1.7465 13.0 62.0 3.3071 0.0 0.874 0.0 0.28284 992.0 1.8696 12.0 67.0 4.7071 0.0 0.0 -0.226 0.36056 990.0 1.9935 11.0 73.0 6.3071 0.0 0.0 -1.426 0.36056 989.0 2.2679 10.0 
0.05032 221.26748 101.0 46.0 3.0 44.0 0.0 -2.9929 0.574 0.0 0.44721 1001.0 1.6478 18.0 46.0 0.0 -1.3929 0.0 -1.426 0.42426 1000.0 1.6625 16.0 49.0 0.5071 0.0 0.0 -2.726 0.36056 999.0 1.7517 15.0 52.0 2.5071 0.0 0.0 -3.526 0.31623 998.0 1.8412 17.0 57.0 4.5071 0.0 0.0 -3.926 0.4 995.0 1.8436 15.0 
0.11566 286.24501 95.0 477.0 3.0 80.0 0.0 -1.0929 3.574 0.0 0.36056 984.0 2.2541 13.0 98.0 1.0071 0.0 2.374 0.0 0.44721 974.0 2.5 13.0 115.0 3.2071 0.0 1.174 0.0 0.44721 960.0 2.5 10.0 135.0 5.2071 0.0 0.0 -0.026 0.44721 938.0 2.4819 8.0 147.0 6.9071 0.0 0.0 -1.126 0.36056 921.0 2.399 7.0 
0.0532 267.54699 91.0 480.0 3.0 77.0 0.0 -0.6929 5.374 0.0 0.80623 997.0 2.5 13.0 76.0 1.9071 0.0 1.474 0.0 0.70711 995.0 2.5 13.0 78.0 4.3071 0.0 0.0 -1.226 0.56569 992.0 2.5 12.0 77.0 6.3071 0.0 0.0 -3.526 0.42426 990.0 2.5 11.0 77.0 7.9071 0.0 0.0 -5.526 0.42426 988.0 2.4223 10.0 
0.06784 267.54699 98.0 484.0 3.0 87.0 0.2071 0.0 3.874 0.0 0.5 983.0 2.5 8.0 102.0 1.9071 0.0 1.474 0.0 0.36056 972.0 2.5 7.0 107.0 3.4071 0.0 0.0 -0.526 0.44721 966.0 2.488 7.0 102.0 4.9071 0.0 0.0 -2.326 0.36056 969.0 2.4151 7.0 87.0 6.3071 0.0 0.0 -3.826 0.36056 979.0 2.2738 8.0 
0.04247 257.5833 108.0 488.0 3.0 45.0 0.6071 0.0 2.874 0.0 0.28284 999.0 1.4773 16.0 49.0 1.6071 0.0 1.674 0.0 0.28284 997.0 1.5327 15.0 53.0 2.6071 0.0 0.674 0.0 0.14142 995.0 1.5939 13.0 58.0 3.6071 0.0 0.0 -0.226 0.22361 993.0 1.7179 12.0 64.0 4.7071 0.0 0.0 -1.326 0.22361 991.0 1.9016 11.0 
0.06018 285.90003 86.0 493.0 3.0 45.0 0.0 -1.3929 2.974 0.0 0.22361 999.0 1.4773 17.0 53.0 0.0 -0.0929 2.574 0.0 0.2 996.0 1.6877 14.0 57.0 1.2071 0.0 2.774 0.0 0.22361 995.0 1.8436 13.0 58.0 2.6071 0.0 3.474 0.0 0.22361 995.0 1.9088 13.0 57.0 3.9071 0.0 4.474 0.0 0.28284 996.0 1.952 14.0 
0.01361 325.49104 109.0 494.0 3.0 60.0 0.0 -2.9929 0.0 -2.826 0.60828 998.0 2.4513 10.0 58.0 0.0 -0.1929 0.0 -2.926 0.4 997.0 2.1474 12.0 58.0 1.9071 0.0 0.0 -2.726 0.3 994.0 1.8084 10.0 63.0 3.4071 0.0 0.0 -2.526 0.2 991.0 1.8426 11.0 74.0 4.6071 0.0 0.0 -2.526 0.2 984.0 1.9286 9.0 
0.01816 277.97437 95.0 496.0 3.0 78.0 1.1071 0.0 3.274 0.0 0.44721 988.0 2.4856 10.0 84.0 2.3071 0.0 0.974 0.0 0.42426 984.0 2.4851 9.0 87.0 3.7071 0.0 0.0 -0.726 0.28284 980.0 2.3427 8.0 87.0 5.1071 0.0 0.0 -1.826 0.22361 978.0 2.2088 8.0 84.0 6.4071 0.0 0.0 -2.326 0.3 979.0 2.1196 8.0 
0.01664 279.22064 96.0 504.0 3.0 70.0 0.4071 0.0 4.274 0.0 0.5831 996.0 2.5 15.0 72.0 2.1071 0.0 1.374 0.0 0.5 993.0 2.5 12.0 73.0 3.7071 0.0 0.0 -0.526 0.42426 990.0 2.3665 11.0 76.0 5.2071 0.0 0.0 -1.826 0.36056 986.0 2.185 10.0 78.0 6.7071 0.0 0.0 -2.726 0.36056 984.0 2.1428 9.0 
0.0341 288.23275 126.0 515.0 3.0 60.0 1.7071 0.0 2.574 0.0 0.36056 994.0 1.9352 13.0 58.0 2.4071 0.0 0.974 0.0 0.22361 993.0 1.7179 12.0 56.0 3.0071 0.0 0.0 -0.126 0.14142 992.0 1.5252 12.0 55.0 3.4071 0.0 0.0 -0.826 0.1 992.0 1.4713 12.0 55.0 3.8071 0.0 0.0 -1.126 0.14142 991.0 1.4044 11.0 
0.04337 257.74158 100.0 519.0 3.0 63.0 0.0 -0.0929 3.874 0.0 0.5 996.0 2.3846 15.0 70.0 1.7071 0.0 1.574 0.0 0.56569 993.0 2.5 12.0 73.0 3.5071 0.0 0.0 -0.426 0.36056 990.0 2.3665 11.0 75.0 4.9071 0.0 0.0 -2.226 0.36056 987.0 2.2097 10.0 75.0 6.1071 0.0 0.0 -3.626 0.28284 985.0 2.0519 10.0 
0.09314 265.94929 130.0 522.0 3.0 60.0 0.0 -0.2929 3.174 0.0 0.28284 994.0 1.9352 13.0 68.0 1.0071 0.0 2.174 0.0 0.22361 989.0 1.9678 11.0 72.0 2.2071 0.0 1.574 0.0 0.22361 985.0 1.891 9.0 70.0 3.2071 0.0 1.274 0.0 0.14142 985.0 1.7874 9.0 68.0 4.0071 0.0 1.174 0.0 0.1 984.0 1.6286 9.0 
0.05282 241.889 96.0 525.0 3.0 72.0 0.0 -1.0929 4.774 0.0 0.72111 996.0 2.5 16.0 76.0 1.5071 0.0 1.574 0.0 0.56569 995.0 2.5 17.0 74.0 3.9071 0.0 0.0 -0.726 0.42426 992.0 2.5 16.0 68.0 5.7071 0.0 0.0 -2.426 0.42426 990.0 2.0534 12.0 64.0 7.1071 0.0 0.0 -4.026 0.28284 991.0 1.9016 12.0 
0.09305 219.22111 144.0 528.0 3.0 40.0 0.0 -2.1929 1.174 0.0 0.2 998.0 1.0895 14.0 45.0 0.0 -1.1929 1.574 0.0 0.14142 997.0 1.2927 16.0 49.0 0.0 -0.3929 2.074 0.0 0.22361 995.0 1.3624 14.0 57.0 0.5071 0.0 2.574 0.0 0.1 991.0 1.5084 12.0 63.0 1.4071 0.0 2.774 0.0 0.1 988.0 1.6215 10.0 
0.06981 210.69561 89.0 531.0 3.0 63.0 0.0 -1.5929 3.874 0.0 0.70711 1001.0 2.5 17.0 59.0 1.4071 0.0 1.274 0.0 0.5 1000.0 2.5 15.0 56.0 4.0071 0.0 0.0 -0.026 0.41231 998.0 2.1353 14.0 59.0 6.4071 0.0 0.0 -0.426 0.4 997.0 2.2221 15.0 65.0 8.6071 0.0 0.074 0.0 0.41231 995.0 2.3974 14.0 
0.02395 302.817 91.0 532.0 3.0 67.0 0.0 -1.2929 5.374 0.0 0.78102 1000.0 2.5 15.0 69.0 1.5071 0.0 2.274 0.0 0.64031 998.0 2.5 12.0 64.0 4.0071 0.0 0.274 0.0 0.42426 997.0 2.5 11.0 58.0 5.8071 0.0 0.0 -1.126 0.36056 996.0 2.0211 11.0 55.0 7.3071 0.0 0.0 -2.326 0.28284 997.0 1.931 11.0 
0.04769 267.54699 95.0 533.0 3.0 55.0 0.0 -0.0929 3.974 0.0 0.5 999.0 2.2069 16.0 56.0 1.9071 0.0 1.474 0.0 0.64031 998.0 2.1353 15.0 57.0 3.8071 0.0 0.0 -1.126 0.44721 998.0 2.2123 13.0 59.0 5.3071 0.0 0.0 -3.526 0.5 996.0 2.0914 12.0 63.0 6.9071 0.0 0.0 -5.626 0.36056 992.0 1.9304 10.0 
0.04492 211.34081 92.0 535.0 3.0 42.0 0.0 -1.0929 2.874 0.0 0.36056 1002.0 1.6379 13.0 44.0 0.9071 0.0 1.674 0.0 0.31623 1001.0 1.6478 17.0 49.0 3.0071 0.0 0.974 0.0 0.31623 1000.0 1.8864 15.0 53.0 5.2071 0.0 0.574 0.0 0.3 999.0 2.0493 13.0 55.0 7.4071 0.0 0.574 0.0 0.41231 999.0 2.2069 12.0 
0.04261 233.34002 99.0 536.0 3.0 47.0 0.6071 0.0 2.574 0.0 0.36056 999.0 1.6116 18.0 50.0 1.8071 0.0 1.074 0.0 0.36056 998.0 1.7023 17.0 50.0 3.2071 0.0 0.0 -0.026 0.28284 998.0 1.7023 16.0 52.0 4.6071 0.0 0.0 -0.926 0.36056 997.0 1.7261 16.0 52.0 6.1071 0.0 0.0 -1.726 0.31623 997.0 1.7261 15.0 
0.04537 281.67125 94.0 537.0 3.0 89.0 0.0 -0.0929 3.974 0.0 0.5 983.0 2.5 12.0 96.0 1.9071 0.0 1.674 0.0 0.5 978.0 2.5 11.0 98.0 3.8071 0.0 0.0 -0.426 0.42426 976.0 2.5 10.0 99.0 5.5071 0.0 0.0 -2.326 0.36056 973.0 2.5 10.0 94.0 7.2071 0.0 0.0 -3.926 0.28284 975.0 2.375 10.0 
0.08148 207.4164 96.0 539.0 3.0 69.0 0.0 -1.0929 3.374 0.0 0.5 994.0 2.5 14.0 75.0 1.0071 0.0 1.574 0.0 0.36056 990.0 2.4979 14.0 81.0 2.9071 0.0 0.174 0.0 0.36056 985.0 2.3933 12.0 94.0 4.7071 0.0 0.0 -1.326 0.42426 976.0 2.4391 10.0 105.0 6.4071 0.0 0.0 -2.826 0.42426 967.0 2.448 9.0 
0.08764 258.3804 94.0 541.0 3.0 72.0 0.0 -1.0929 3.974 0.0 0.70711 996.0 2.5 15.0 76.0 1.5071 0.0 1.774 0.0 0.5 993.0 2.5 12.0 76.0 3.8071 0.0 0.274 0.0 0.44721 990.0 2.5 11.0 75.0 5.7071 0.0 0.0 -0.926 0.36056 988.0 2.2981 10.0 73.0 7.2071 0.0 0.0 -1.926 0.31623 987.0 2.0934 10.0 
0.06872 241.889 98.0 543.0 3.0 61.0 0.0 -0.2929 3.574 0.0 0.5 997.0 2.3753 16.0 66.0 1.5071 0.0 1.574 0.0 0.5 995.0 2.4717 13.0 67.0 3.4071 0.0 0.074 0.0 0.5 994.0 2.4131 12.0 65.0 5.2071 0.0 0.0 -1.026 0.22361 993.0 2.1576 12.0 61.0 6.6071 0.0 0.0 -1.626 0.22361 993.0 1.9003 12.0 
0.05432 204.62411 104.0 547.0 3.0 43.0 0.0 -0.0929 2.774 0.0 0.36056 999.0 1.3489 15.0 47.0 1.1071 0.0 1.474 0.0 0.22361 999.0 1.6116 17.0 52.0 2.3071 0.0 0.574 0.0 0.31623 997.0 1.7261 15.0 55.0 3.7071 0.0 0.0 -0.126 0.28284 995.0 1.7165 14.0 60.0 5.0071 0.0 0.0 -1.026 0.28284 994.0 1.9352 13.0 
0.06027 315.62409 95.0 555.0 3.0 71.0 0.0 -0.1929 3.674 0.0 0.42426 993.0 2.5 12.0 79.0 1.7071 0.0 2.274 0.0 0.44721 986.0 2.3609 10.0 88.0 3.6071 0.0 1.274 0.0 0.36056 979.0 2.3263 8.0 92.0 5.4071 0.0 0.374 0.0 0.31623 970.0 2.0104 6.0 100.0 6.9071 0.0 0.0 -0.226 0.31623 962.0 2.0027 5.0 
0.05901 218.67807 149.0 55.0 3.0 47.0 0.5071 0.0 2.274 0.0 0.28284 996.0 1.3272 11.0 54.0 1.3071 0.0 1.474 0.0 0.22361 993.0 1.4892 13.0 64.0 2.1071 0.0 1.174 0.0 0.1 987.0 1.6091 10.0 69.0 2.8071 0.0 1.174 0.0 0.1 983.0 1.6209 9.0 73.0 3.4071 0.0 1.474 0.0 0.14142 980.0 1.6494 8.0 
0.0478 239.87422 105.0 563.0 3.0 63.0 0.0 -0.9929 2.874 0.0 0.31623 991.0 1.8426 9.0 70.0 0.6071 0.0 2.074 0.0 0.31623 988.0 2.0019 11.0 82.0 2.1071 0.0 1.374 0.0 0.22361 980.0 2.0811 9.0 91.0 3.4071 0.0 0.674 0.0 0.36056 973.0 2.1145 7.0 90.0 4.8071 0.0 0.0 -0.226 0.28284 975.0 2.1771 8.0 
0.25181 210.78857 89.0 567.0 3.0 74.0 0.0 -2.5929 2.474 0.0 0.5099 992.0 2.5 11.0 86.0 0.3071 0.0 1.874 0.0 0.4 986.0 2.5 10.0 98.0 3.0071 0.0 1.774 0.0 0.5 978.0 2.5 8.0 104.0 5.7071 0.0 1.874 0.0 0.5 973.0 2.5 7.0 100.0 8.3071 0.0 2.374 0.0 0.41231 975.0 2.5 8.0 
0.02055 260.45356 104.0 56.0 3.0 45.0 0.0 -3.3929 0.0 -0.926 0.44721 1001.0 1.7236 18.0 50.0 0.0 -0.9929 0.0 -2.126 0.5 1001.0 2.1279 17.0 51.0 1.3071 0.0 0.0 -3.426 0.31623 1000.0 2.0435 15.0 51.0 3.3071 0.0 0.0 -4.226 0.31623 998.0 1.7711 13.0 53.0 4.9071 0.0 0.0 -4.826 0.31623 997.0 1.7931 15.0 
0.0267 281.38153 92.0 573.0 3.0 62.0 0.0 -0.7929 4.974 0.0 0.78102 1000.0 2.5 20.0 61.0 1.7071 0.0 1.874 0.0 0.56569 1000.0 2.5 19.0 57.0 3.9071 0.0 0.0 -0.626 0.5 1000.0 2.5 19.0 52.0 5.9071 0.0 0.0 -2.526 0.42426 1000.0 2.1245 19.0 46.0 7.6071 0.0 0.0 -4.026 0.28284 1000.0 1.6625 20.0 
0.06786 253.75742 122.0 587.0 3.0 43.0 0.0 -0.1929 2.874 0.0 0.22361 997.0 1.1803 12.0 48.0 0.7071 0.0 2.174 0.0 0.2 996.0 1.3843 15.0 57.0 1.8071 0.0 1.874 0.0 0.2 993.0 1.6592 12.0 61.0 3.0071 0.0 1.874 0.0 0.2 991.0 1.7275 11.0 64.0 4.1071 0.0 1.974 0.0 0.22361 989.0 1.7431 11.0 
0.0209 281.57238 100.0 588.0 3.0 52.0 0.0 -0.4929 4.474 0.0 0.5 1000.0 2.1245 16.0 51.0 1.3071 0.0 2.174 0.0 0.36056 999.0 1.8976 14.0 52.0 3.0071 0.0 0.774 0.0 0.36056 997.0 1.7261 13.0 57.0 4.5071 0.0 0.0 -0.226 0.31623 995.0 1.8436 14.0 62.0 5.9071 0.0 0.0 -0.926 0.36056 992.0 1.8696 12.0 
0.04638 282.47671 107.0 589.0 3.0 53.0 0.9071 0.0 3.574 0.0 0.5831 998.0 1.9127 15.0 53.0 2.3071 0.0 1.074 0.0 0.44721 997.0 1.7931 13.0 54.0 3.6071 0.0 0.0 -1.026 0.31623 995.0 1.6546 12.0 58.0 4.6071 0.0 0.0 -2.926 0.28284 993.0 1.7179 14.0 65.0 5.6071 0.0 0.0 -4.326 0.31623 986.0 1.5983 11.0 
0.06491 241.889 83.0 592.0 3.0 60.0 0.0 -0.0929 2.874 0.0 0.36056 995.0 2.0427 14.0 63.0 1.5071 0.0 1.574 0.0 0.36056 994.0 2.1336 13.0 67.0 3.1071 0.0 0.374 0.0 0.28284 991.0 2.0841 11.0 68.0 4.5071 0.0 0.0 -0.626 0.22361 990.0 2.0534 11.0 65.0 5.7071 0.0 0.0 -1.526 0.22361 990.0 1.8762 11.0 
0.02567 279.22064 103.0 595.0 3.0 60.0 1.0071 0.0 3.074 0.0 0.36056 992.0 1.7509 10.0 71.0 2.1071 0.0 1.374 0.0 0.28284 987.0 1.9803 10.0 86.0 3.4071 0.0 0.0 -0.026 0.36056 976.0 2.0416 8.0 110.0 4.6071 0.0 0.0 -1.326 0.28284 954.0 2.0947 6.0 134.0 5.8071 0.0 0.0 -2.426 0.28284 929.0 2.1833 5.0 
0.03978 258.85349 99.0 598.0 3.0 53.0 0.6071 0.0 3.074 0.0 0.36056 997.0 1.7931 15.0 56.0 1.8071 0.0 1.474 0.0 0.28284 996.0 1.8841 14.0 59.0 3.0071 0.0 0.174 0.0 0.36056 995.0 1.9752 13.0 60.0 4.5071 0.0 0.0 -0.926 0.22361 994.0 1.9352 13.0 57.0 5.9071 0.0 0.0 -1.626 0.31623 995.0 1.8436 13.0 
0.04121 257.5833 99.0 599.0 3.0 45.0 0.4071 0.0 2.774 0.0 0.22361 999.0 1.4773 17.0 51.0 1.6071 0.0 1.674 0.0 0.36056 998.0 1.7711 16.0 56.0 3.1071 0.0 0.374 0.0 0.36056 997.0 2.0019 15.0 57.0 4.7071 0.0 0.0 -0.826 0.31623 996.0 1.952 14.0 54.0 6.2071 0.0 0.0 -1.626 0.22361 996.0 1.752 14.0 
0.02466 302.74782 97.0 601.0 3.0 54.0 0.7071 0.0 3.374 0.0 0.5 1001.0 2.4819 15.0 53.0 2.5071 0.0 1.074 0.0 0.5 1000.0 2.207 15.0 49.0 4.1071 0.0 0.0 -1.126 0.36056 1001.0 2.0436 15.0 46.0 5.5071 0.0 0.0 -3.126 0.36056 1001.0 1.801 16.0 43.0 6.8071 0.0 0.0 -4.826 0.28284 1001.0 1.5738 16.0 
0.02338 282.87292 95.0 623.0 3.0 65.0 0.9071 0.0 4.274 0.0 0.53852 997.0 2.5 12.0 64.0 2.2071 0.0 1.274 0.0 0.44721 994.0 2.2019 11.0 70.0 3.6071 0.0 0.0 -0.826 0.42426 991.0 2.2749 11.0 77.0 5.2071 0.0 0.0 -2.226 0.28284 985.0 2.1628 10.0 86.0 6.8071 0.0 0.0 -3.226 0.36056 979.0 2.2218 8.0 
0.07119 300.90555 88.0 626.0 3.0 78.0 0.0 -0.3929 5.974 0.0 0.9434 998.0 2.5 13.0 75.0 2.2071 0.0 1.574 0.0 0.72111 997.0 2.5 16.0 79.0 4.5071 0.0 0.0 -1.726 0.64031 993.0 2.5 12.0 79.0 6.7071 0.0 0.0 -4.426 0.56569 992.0 2.5 12.0 80.0 9.0071 0.0 0.0 -6.726 0.42426 990.0 2.5 11.0 
0.01495 305.74297 87.0 630.0 3.0 61.0 0.0 -0.4929 4.774 0.0 0.64031 1001.0 2.5 17.0 60.0 2.1071 0.0 1.774 0.0 0.56569 1000.0 2.5 15.0 63.0 4.6071 0.0 0.0 -0.526 0.5 998.0 2.5 17.0 63.0 6.9071 0.0 0.0 -2.426 0.5 997.0 2.5 15.0 62.0 9.0071 0.0 0.0 -4.226 0.42426 997.0 2.4538 15.0 
0.02252 281.67125 95.0 632.0 3.0 69.0 0.0 -0.1929 4.274 0.0 0.5831 996.0 2.5 14.0 69.0 1.9071 0.0 1.674 0.0 0.5 995.0 2.5 14.0 64.0 3.8071 0.0 0.0 -0.526 0.42426 996.0 2.4609 14.0 57.0 5.5071 0.0 0.0 -2.226 0.28284 997.0 2.074 13.0 53.0 7.0071 0.0 0.0 -3.526 0.36056 997.0 1.7931 12.0 
0.03315 250.0243 94.0 633.0 3.0 49.0 0.0 -0.5929 3.574 0.0 0.42426 1001.0 2.0436 17.0 51.0 1.5071 0.0 1.674 0.0 0.42426 1000.0 2.0435 18.0 54.0 3.5071 0.0 0.0 -0.026 0.42426 999.0 2.1274 18.0 57.0 5.3071 0.0 0.0 -1.526 0.36056 997.0 2.074 15.0 58.0 7.0071 0.0 0.0 -2.926 0.36056 996.0 2.0211 15.0 
0.02303 276.41288 105.0 63.0 3.0 57.0 0.8071 0.0 2.974 0.0 0.28284 994.0 1.7465 11.0 64.0 2.0071 0.0 1.474 0.0 0.36056 992.0 1.9922 12.0 69.0 3.4071 0.0 0.374 0.0 0.22361 989.0 2.0261 11.0 73.0 4.6071 0.0 0.0 -0.426 0.28284 985.0 1.9439 10.0 76.0 5.8071 0.0 0.0 -1.226 0.22361 982.0 1.903 9.0 
0.077 241.889 135.0 646.0 3.0 31.0 1.7071 0.0 1.574 0.0 0.1 999.0 1.0 14.0 34.0 1.5071 0.0 1.574 0.0 0.1 997.0 1.0 12.0 41.0 1.6071 0.0 1.674 0.0 0.0 995.0 1.0 14.0 49.0 1.8071 0.0 1.674 0.0 0.1 992.0 1.1678 12.0 57.0 2.2071 0.0 1.474 0.0 0.1 989.0 1.3827 11.0 
0.02912 288.58221 98.0 648.0 3.0 67.0 0.7071 0.0 4.574 0.0 0.63246 999.0 2.5 17.0 61.0 2.2071 0.0 1.374 0.0 0.5831 998.0 2.5 16.0 58.0 3.6071 0.0 0.0 -1.026 0.42426 997.0 2.1474 16.0 54.0 5.0071 0.0 0.0 -2.726 0.36056 997.0 1.8615 15.0 51.0 6.4071 0.0 0.0 -3.826 0.28284 997.0 1.6604 15.0 
0.0258 281.67125 105.0 64.0 3.0 42.0 1.0071 0.0 3.174 0.0 0.31623 999.0 1.2869 15.0 45.0 1.9071 0.0 1.674 0.0 0.28284 998.0 1.3789 13.0 49.0 3.0071 0.0 0.474 0.0 0.28284 996.0 1.4425 12.0 58.0 4.1071 0.0 0.0 -0.326 0.22361 993.0 1.7179 12.0 63.0 5.3071 0.0 0.0 -0.826 0.2 990.0 1.7625 11.0 
0.07709 257.5833 103.0 654.0 3.0 55.0 0.0 -0.0929 3.474 0.0 0.42426 998.0 2.0598 14.0 57.0 1.6071 0.0 1.674 0.0 0.36056 997.0 2.074 15.0 60.0 3.2071 0.0 0.474 0.0 0.28284 994.0 1.9352 13.0 62.0 4.7071 0.0 0.0 -0.326 0.22361 993.0 1.9631 12.0 62.0 6.0071 0.0 0.0 -0.826 0.2 991.0 1.7846 11.0 
0.08588 293.6286 95.0 662.0 3.0 62.0 0.0 -0.5929 3.774 0.0 0.5 997.0 2.4538 15.0 63.0 1.5071 0.0 2.174 0.0 0.36056 996.0 2.3846 14.0 64.0 3.5071 0.0 0.974 0.0 0.36056 994.0 2.2019 13.0 63.0 5.3071 0.0 0.174 0.0 0.31623 994.0 2.1336 13.0 62.0 6.9071 0.0 0.0 -0.626 0.31623 994.0 2.0664 13.0 
0.06383 222.32905 104.0 663.0 3.0 68.0 0.0 -1.3929 2.874 0.0 0.36056 992.0 2.249 13.0 71.0 0.7071 0.0 1.874 0.0 0.41231 989.0 2.1453 12.0 82.0 2.6071 0.0 1.474 0.0 0.3 982.0 2.2154 12.0 94.0 4.3071 0.0 1.774 0.0 0.36056 972.0 2.2012 10.0 108.0 5.7071 0.0 2.774 0.0 0.28284 959.0 2.2062 8.0 
0.02134 229.33917 89.0 668.0 3.0 66.0 0.0 -4.3929 2.574 0.0 0.9434 1000.0 2.5 16.0 70.0 0.0 -1.3929 0.0 -1.526 0.78102 999.0 2.5 14.0 73.0 1.9071 0.0 0.0 -4.626 0.72111 997.0 2.5 12.0 76.0 5.3071 0.0 0.0 -6.426 0.60828 995.0 2.5 14.0 82.0 8.6071 0.0 0.0 -6.526 0.5099 991.0 2.5 11.0 
0.0147 241.49494 101.0 669.0 3.0 54.0 0.0 -3.1929 0.0 -0.926 0.53852 1000.0 2.291 11.0 53.0 0.0 -0.7929 0.0 -2.026 0.31623 998.0 1.9127 9.0 57.0 1.2071 0.0 0.0 -2.826 0.4 997.0 2.074 11.0 67.0 3.2071 0.0 0.0 -2.726 0.41231 992.0 2.1833 9.0 74.0 5.2071 0.0 0.0 -1.726 0.36056 989.0 2.3304 8.0 
0.03876 250.54661 99.0 671.0 3.0 56.0 0.0 -1.3929 2.974 0.0 0.31623 996.0 1.8841 8.0 62.0 0.6071 0.0 2.174 0.0 0.31623 995.0 2.1812 10.0 69.0 2.5071 0.0 1.674 0.0 0.31623 990.0 2.1142 8.0 74.0 4.2071 0.0 1.474 0.0 0.3 986.0 2.0715 7.0 74.0 5.9071 0.0 1.574 0.0 0.2 986.0 2.0715 7.0 
0.05147 207.4164 93.0 672.0 3.0 55.0 0.0 -1.5929 3.474 0.0 0.5831 1001.0 2.5 18.0 53.0 1.0071 0.0 1.574 0.0 0.5 1001.0 2.3909 22.0 54.0 3.3071 0.0 0.0 -0.126 0.5 1000.0 2.291 19.0 54.0 5.3071 0.0 0.0 -1.426 0.44721 999.0 2.1274 17.0 53.0 7.2071 0.0 0.0 -2.326 0.41231 999.0 2.0493 17.0 
0.02695 276.41288 106.0 675.0 3.0 50.0 0.7071 0.0 3.274 0.0 0.36056 999.0 1.8239 15.0 49.0 2.0071 0.0 1.474 0.0 0.36056 998.0 1.6349 13.0 54.0 3.2071 0.0 0.174 0.0 0.28284 996.0 1.752 14.0 58.0 4.4071 0.0 0.0 -0.726 0.28284 993.0 1.7179 12.0 62.0 5.6071 0.0 0.0 -1.526 0.22361 991.0 1.7846 11.0 
0.06502 226.43256 103.0 678.0 3.0 54.0 0.0 -1.1929 3.074 0.0 0.44721 999.0 2.1274 14.0 56.0 1.0071 0.0 1.774 0.0 0.36056 997.0 2.0019 12.0 61.0 2.9071 0.0 1.074 0.0 0.31623 995.0 2.1114 13.0 62.0 4.5071 0.0 0.874 0.0 0.2 992.0 1.8696 12.0 64.0 5.8071 0.0 0.874 0.0 0.22361 989.0 1.7431 11.0 
0.07614 234.34953 90.0 681.0 3.0 61.0 0.0 -1.0929 4.074 0.0 0.64031 999.0 2.5 14.0 62.0 1.4071 0.0 1.574 0.0 0.64031 998.0 2.5 13.0 65.0 3.9071 0.0 0.0 -0.526 0.5 996.0 2.5 13.0 70.0 6.1071 0.0 0.0 -2.126 0.5 992.0 2.3832 12.0 72.0 8.0071 0.0 0.0 -3.426 0.36056 990.0 2.3021 11.0 
0.0735 290.96669 97.0 682.0 3.0 58.0 0.0 -3.6929 0.0 -1.526 0.5099 998.0 2.2906 14.0 63.0 0.0 -0.9929 0.0 -2.426 0.44721 995.0 2.2521 11.0 69.0 1.6071 0.0 0.0 -3.126 0.4 991.0 2.2103 9.0 81.0 4.0071 0.0 0.0 -2.826 0.41231 986.0 2.4819 10.0 87.0 6.2071 0.0 0.0 -1.926 0.42426 980.0 2.3427 9.0 
0.06888 305.34255 414.0 683.0 3.0 50.0 0.2071 0.0 3.274 0.0 0.36056 998.0 1.7023 18.0 54.0 1.8071 0.0 2.074 0.0 0.31623 997.0 1.8615 20.0 56.0 3.2071 0.0 1.274 0.0 0.31623 995.0 1.7795 17.0 57.0 4.5071 0.0 0.974 0.0 0.14142 993.0 1.6592 16.0 57.0 5.5071 0.0 0.874 0.0 0.2 992.0 1.5802 15.0 
0.09578 221.16333 104.0 691.0 3.0 59.0 0.0 -1.0929 4.174 0.0 0.5831 999.0 2.5 20.0 55.0 0.9071 0.0 1.774 0.0 0.44721 998.0 2.0598 18.0 56.0 2.8071 0.0 0.374 0.0 0.31623 997.0 2.0019 20.0 58.0 4.4071 0.0 0.0 -0.326 0.22361 995.0 1.9088 17.0 59.0 5.8071 0.0 0.0 -0.626 0.2 993.0 1.7777 16.0 
0.07387 256.8341 92.0 696.0 3.0 63.0 0.0 -1.4929 3.974 0.0 0.56569 998.0 2.5 13.0 64.0 1.2071 0.0 1.974 0.0 0.44721 997.0 2.5 12.0 69.0 3.7071 0.0 0.574 0.0 0.44721 994.0 2.5 13.0 71.0 5.9071 0.0 0.0 -0.326 0.36056 991.0 2.3403 11.0 73.0 7.7071 0.0 0.0 -1.126 0.31623 988.0 2.1772 10.0 
0.02739 265.39138 98.0 698.0 3.0 61.0 0.0 -0.0929 4.074 0.0 0.5831 997.0 2.3753 17.0 62.0 1.7071 0.0 1.674 0.0 0.42426 995.0 2.1812 15.0 67.0 3.4071 0.0 0.0 -0.026 0.36056 992.0 2.1833 16.0 72.0 5.1071 0.0 0.0 -1.226 0.28284 989.0 2.2062 14.0 76.0 6.5071 0.0 0.0 -2.226 0.22361 985.0 2.1069 12.0 
0.02492 230.71254 98.0 6.0 3.0 54.0 0.0 -3.7929 0.0 -0.026 0.5 1001.0 2.4819 17.0 58.0 0.0 -0.9929 0.0 -1.826 0.5831 1000.0 2.5 15.0 58.0 1.8071 0.0 0.0 -3.426 0.44721 1000.0 2.5 19.0 60.0 4.1071 0.0 0.0 -4.426 0.41231 997.0 2.2981 15.0 61.0 6.1071 0.0 0.0 -5.026 0.3 995.0 2.1114 13.0 
0.02862 287.33753 101.0 700.0 3.0 50.0 1.3071 0.0 3.174 0.0 0.44721 998.0 1.7023 10.0 52.0 2.3071 0.0 1.174 0.0 0.36056 997.0 1.7261 12.0 57.0 3.4071 0.0 0.0 -0.426 0.36056 994.0 1.7465 10.0 62.0 4.5071 0.0 0.0 -1.826 0.28284 991.0 1.7846 9.0 66.0 5.7071 0.0 0.0 -2.726 0.22361 988.0 1.7796 8.0 
0.03308 279.22064 105.0 703.0 3.0 52.0 1.2071 0.0 2.874 0.0 0.31623 997.0 1.7261 15.0 54.0 2.1071 0.0 1.374 0.0 0.28284 996.0 1.752 14.0 56.0 3.2071 0.0 0.274 0.0 0.14142 995.0 1.7795 13.0 56.0 4.3071 0.0 0.0 -0.526 0.2 994.0 1.6858 13.0 55.0 5.4071 0.0 0.0 -0.926 0.2 995.0 1.7165 13.0 
0.06262 302.9366 85.0 708.0 3.0 61.0 0.0 -2.6929 3.774 0.0 0.63246 1000.0 2.5 17.0 63.0 0.9071 0.0 2.574 0.0 0.63246 1000.0 2.5 16.0 64.0 4.5071 0.0 1.474 0.0 0.60828 998.0 2.5 14.0 59.0 7.6071 0.0 1.074 0.0 0.4 997.0 2.2221 13.0 60.0 10.0071 0.0 1.374 0.0 0.44721 996.0 2.1629 15.0 
0.02576 292.53895 91.0 709.0 3.0 70.0 0.0 -0.4929 5.074 0.0 0.92195 1001.0 2.5 17.0 63.0 2.3071 0.0 1.274 0.0 0.70711 1000.0 2.5 18.0 60.0 4.6071 0.0 0.0 -1.426 0.42426 999.0 2.5 17.0 58.0 6.4071 0.0 0.0 -3.326 0.36056 997.0 2.1474 15.0 56.0 8.0071 0.0 0.0 -4.626 0.31623 996.0 1.8841 14.0 
0.00956 305.34255 93.0 714.0 3.0 64.0 0.0071 0.0 4.174 0.0 0.5 996.0 2.4609 14.0 68.0 1.8071 0.0 2.074 0.0 0.42426 993.0 2.3614 12.0 71.0 3.7071 0.0 0.674 0.0 0.36056 991.0 2.3403 11.0 72.0 5.6071 0.0 0.0 -0.126 0.41231 990.0 2.3021 11.0 72.0 7.5071 0.0 0.0 -0.526 0.22361 989.0 2.2062 10.0 
0.07878 285.90003 116.0 719.0 3.0 57.0 0.0 -1.3929 2.474 0.0 0.22361 993.0 1.6592 13.0 59.0 0.0 -0.0929 2.574 0.0 0.2 991.0 1.6161 12.0 62.0 1.0071 0.0 2.574 0.0 0.2 989.0 1.6359 14.0 78.0 2.2071 0.0 2.574 0.0 0.2 981.0 1.9419 11.0 88.0 3.4071 0.0 2.474 0.0 0.2 973.0 1.9774 10.0 
0.08126 221.16333 112.0 721.0 3.0 41.0 0.0 -0.3929 2.374 0.0 0.31623 999.0 1.2264 15.0 46.0 0.9071 0.0 1.774 0.0 0.2 998.0 1.4408 17.0 51.0 2.1071 0.0 1.474 0.0 0.2 996.0 1.5627 14.0 53.0 3.2071 0.0 1.374 0.0 0.2 994.0 1.51 13.0 55.0 4.3071 0.0 1.174 0.0 0.2 993.0 1.5448 12.0 
0.05892 265.94929 90.0 728.0 3.0 65.0 0.0 -1.7929 4.774 0.0 0.70711 1000.0 2.5 15.0 62.0 1.0071 0.0 2.174 0.0 0.5831 999.0 2.5 16.0 64.0 3.6071 0.0 0.374 0.0 0.5 998.0 2.5 15.0 64.0 6.0071 0.0 0.0 -0.826 0.36056 996.0 2.4609 14.0 64.0 8.1071 0.0 0.0 -1.726 0.31623 995.0 2.3242 13.0 
0.06495 300.81587 87.0 72.0 3.0 65.0 0.0 -2.0929 4.774 0.0 0.72111 1000.0 2.5 12.0 63.0 1.3071 0.0 2.374 0.0 0.5831 1000.0 2.5 11.0 63.0 4.4071 0.0 0.474 0.0 0.5831 999.0 2.5 14.0 65.0 7.1071 0.0 0.0 -1.026 0.5 997.0 2.5 11.0 67.0 9.4071 0.0 0.0 -2.426 0.44721 994.0 2.4131 10.0 
0.05872 242.73765 102.0 731.0 3.0 54.0 0.4071 0.0 2.774 0.0 0.22361 995.0 1.6546 14.0 65.0 1.4071 0.0 1.674 0.0 0.22361 990.0 1.8762 11.0 71.0 2.6071 0.0 0.674 0.0 0.28284 986.0 1.9069 10.0 78.0 3.8071 0.0 0.0 -0.426 0.31623 983.0 2.0713 9.0 84.0 5.3071 0.0 0.0 -1.426 0.22361 980.0 2.1839 8.0 
0.0195 305.14032 103.0 733.0 3.0 52.0 0.0 -3.9929 0.0 -1.726 0.5 1001.0 2.3015 12.0 52.0 0.0 -1.2929 0.0 -2.426 0.44721 1000.0 2.1245 11.0 53.0 1.1071 0.0 0.0 -3.326 0.36056 999.0 2.0493 10.0 55.0 3.2071 0.0 0.0 -3.926 0.3 996.0 1.8174 8.0 62.0 5.1071 0.0 0.0 -4.126 0.2 993.0 1.9631 9.0 
0.08444 241.60155 95.0 736.0 3.0 62.0 0.0 -0.7929 3.474 0.0 0.5 994.0 2.0664 10.0 67.0 1.1071 0.0 1.874 0.0 0.5 993.0 2.2925 13.0 76.0 3.1071 0.0 0.574 0.0 0.31623 987.0 2.269 10.0 85.0 4.9071 0.0 0.0 -0.126 0.41231 980.0 2.2362 9.0 97.0 6.7071 0.0 0.0 -0.526 0.3 970.0 2.2349 7.0 
0.05844 211.4766 92.0 737.0 3.0 55.0 0.0 -1.2929 3.774 0.0 0.70711 1001.0 2.5 17.0 54.0 1.2071 0.0 1.474 0.0 0.5 1000.0 2.291 16.0 53.0 3.6071 0.0 0.0 -0.026 0.44721 999.0 2.0493 14.0 55.0 5.7071 0.0 0.0 -1.026 0.31623 998.0 2.0598 16.0 56.0 7.5071 0.0 0.0 -1.626 0.31623 996.0 1.8841 14.0 
0.04311 267.8411 90.0 739.0 3.0 42.0 0.0 -0.7929 2.874 0.0 0.22361 1001.0 1.5014 21.0 47.0 0.8071 0.0 2.274 0.0 0.2 1000.0 1.7355 18.0 50.0 2.4071 0.0 2.074 0.0 0.3 999.0 1.8239 17.0 50.0 4.1071 0.0 2.374 0.0 0.3 999.0 1.8239 16.0 50.0 5.6071 0.0 3.074 0.0 0.31623 999.0 1.8239 17.0 
0.06993 272.11954 78.0 73.0 3.0 68.0 0.0 -2.0929 3.974 0.0 0.76158 1001.0 2.5 22.0 62.0 1.3071 0.0 2.074 0.0 0.5831 1000.0 2.5 19.0 59.0 4.0071 0.0 0.374 0.0 0.5 1000.0 2.5 18.0 58.0 6.5071 0.0 0.0 -1.226 0.5 1000.0 2.5 18.0 57.0 8.9071 0.0 0.0 -3.026 0.5 1000.0 2.5 18.0 
0.01797 266.00859 116.0 742.0 3.0 65.0 0.9071 0.0 3.674 0.0 0.44721 991.0 1.9615 12.0 76.0 1.8071 0.0 1.574 0.0 0.28284 982.0 1.903 10.0 94.0 2.9071 0.0 0.174 0.0 0.14142 969.0 2.0511 9.0 121.0 4.0071 0.0 0.0 -0.626 0.22361 943.0 2.1363 7.0 129.0 5.1071 0.0 0.0 -1.126 0.22361 934.0 2.1515 6.0 
0.01843 240.52259 94.0 745.0 3.0 64.0 0.0 -4.0929 0.0 -0.226 0.5831 998.0 2.5 10.0 66.0 0.0 -0.9929 0.0 -1.926 0.5831 997.0 2.5 12.0 69.0 1.8071 0.0 0.0 -3.126 0.44721 993.0 2.4314 10.0 78.0 4.3071 0.0 0.0 -3.626 0.4 989.0 2.5 11.0 86.0 6.6071 0.0 0.0 -3.726 0.41231 982.0 2.4368 9.0 
0.18713 204.80106 91.0 746.0 3.0 67.0 0.0 -2.8929 2.174 0.0 0.70711 998.0 2.5 14.0 68.0 0.5071 0.0 1.774 0.0 0.60828 997.0 2.5 16.0 69.0 3.4071 0.0 1.574 0.0 0.4 994.0 2.5 13.0 69.0 5.7071 0.0 1.774 0.0 0.4 992.0 2.3156 12.0 70.0 7.7071 0.0 2.274 0.0 0.31623 991.0 2.2749 11.0 
0.05461 235.74859 94.0 757.0 3.0 71.0 0.0 -1.4929 3.674 0.0 0.64031 996.0 2.5 8.0 71.0 1.3071 0.0 1.674 0.0 0.5 995.0 2.5 10.0 77.0 3.7071 0.0 0.174 0.0 0.44721 989.0 2.5 8.0 83.0 5.7071 0.0 0.0 -1.026 0.36056 983.0 2.3454 7.0 90.0 7.3071 0.0 0.0 -1.826 0.22361 974.0 2.1213 6.0 
0.02407 304.80217 103.0 759.0 3.0 61.0 1.0071 0.0 3.174 0.0 0.36056 993.0 1.9003 12.0 64.0 2.0071 0.0 1.874 0.0 0.14142 990.0 1.8189 11.0 68.0 3.0071 0.0 1.074 0.0 0.22361 988.0 1.8891 10.0 71.0 4.3071 0.0 0.674 0.0 0.22361 987.0 1.9803 10.0 71.0 5.7071 0.0 0.574 0.0 0.22361 987.0 1.9803 10.0 
0.04235 291.93942 319.0 766.0 3.0 71.0 0.8071 0.0 3.474 0.0 0.42426 991.0 2.3403 15.0 73.0 2.1071 0.0 1.574 0.0 0.42426 989.0 2.2679 14.0 74.0 3.6071 0.0 0.074 0.0 0.28284 988.0 2.2372 13.0 72.0 5.0071 0.0 0.0 -1.026 0.31623 988.0 2.1179 13.0 69.0 6.4071 0.0 0.0 -1.626 0.3 988.0 1.9451 13.0 
0.02141 285.43508 90.0 773.0 3.0 69.0 0.0 -0.3929 5.074 0.0 0.72111 999.0 2.5 13.0 71.0 2.1071 0.0 1.474 0.0 0.64031 998.0 2.5 12.0 67.0 4.4071 0.0 0.0 -1.226 0.5 997.0 2.5 11.0 63.0 6.4071 0.0 0.0 -3.126 0.36056 996.0 2.3846 10.0 59.0 8.2071 0.0 0.0 -4.426 0.36056 996.0 2.0914 11.0 
0.06976 257.74158 90.0 781.0 3.0 67.0 0.0 -0.6929 3.974 0.0 0.64031 997.0 2.5 14.0 71.0 1.7071 0.0 1.574 0.0 0.5 994.0 2.5 13.0 75.0 4.0071 0.0 0.0 -0.126 0.44721 992.0 2.5 12.0 76.0 6.2071 0.0 0.0 -1.326 0.44721 989.0 2.4581 11.0 73.0 8.1071 0.0 0.0 -2.026 0.3 988.0 2.1772 10.0 
0.08446 247.43208 87.0 782.0 3.0 69.0 0.0 -1.4929 3.874 0.0 0.5831 996.0 2.5 11.0 77.0 1.2071 0.0 1.874 0.0 0.5831 993.0 2.5 12.0 84.0 4.0071 0.0 0.474 0.0 0.41231 988.0 2.5 10.0 86.0 6.7071 0.0 0.0 -0.126 0.5 986.0 2.5 10.0 84.0 9.2071 0.0 0.0 -0.026 0.41231 985.0 2.5 9.0 
0.01877 252.66113 107.0 783.0 3.0 43.0 0.0 -2.7929 0.0 -0.126 0.28284 999.0 1.3489 11.0 47.0 0.0 -1.5929 0.0 -1.626 0.28284 997.0 1.4101 11.0 53.0 0.0 -0.2929 0.0 -2.726 0.31623 995.0 1.5939 11.0 63.0 1.4071 0.0 0.0 -3.126 0.3 991.0 1.8426 9.0 79.0 3.3071 0.0 0.0 -3.126 0.3 984.0 2.1981 9.0 
0.03103 276.41288 96.0 82.0 3.0 64.0 0.5071 0.0 3.474 0.0 0.5 992.0 1.9922 15.0 72.0 2.0071 0.0 1.474 0.0 0.42426 988.0 2.1179 14.0 86.0 3.5071 0.0 0.0 -0.026 0.36056 980.0 2.2891 14.0 96.0 5.0071 0.0 0.0 -1.226 0.31623 971.0 2.2412 12.0 105.0 6.6071 0.0 0.0 -2.026 0.28284 964.0 2.2981 11.0 
0.0427 252.66113 105.0 784.0 3.0 55.0 0.0 -3.7929 0.974 0.0 0.64031 1000.0 2.3767 12.0 54.0 0.0 -1.5929 0.0 -1.626 0.56569 999.0 2.1274 11.0 52.0 0.4071 0.0 0.0 -3.626 0.42426 998.0 1.8412 12.0 55.0 2.2071 0.0 0.0 -5.126 0.28284 996.0 1.8174 12.0 61.0 3.9071 0.0 0.0 -6.126 0.22361 993.0 1.9003 10.0 
0.03763 258.3804 92.0 787.0 3.0 50.0 0.0 -0.4929 3.874 0.0 0.56569 1001.0 2.1279 24.0 49.0 1.5071 0.0 1.774 0.0 0.5 1000.0 1.8864 22.0 51.0 3.5071 0.0 0.0 -0.026 0.5 1000.0 2.0435 20.0 54.0 5.5071 0.0 0.0 -1.726 0.36056 999.0 2.1274 23.0 59.0 7.4071 0.0 0.0 -3.226 0.5 997.0 2.2221 20.0 
0.02985 313.42725 98.0 790.0 3.0 43.0 0.0 -0.7929 2.974 0.0 0.2 1000.0 1.4527 19.0 52.0 0.9071 0.0 2.674 0.0 0.3 998.0 1.8412 16.0 56.0 2.7071 0.0 2.274 0.0 0.31623 997.0 2.0019 15.0 57.0 4.4071 0.0 1.674 0.0 0.31623 996.0 1.952 14.0 58.0 6.0071 0.0 1.074 0.0 0.22361 995.0 1.9088 14.0 
0.03681 260.90683 107.0 795.0 3.0 54.0 0.9071 0.0 3.274 0.0 0.31623 997.0 1.8615 12.0 61.0 1.9071 0.0 1.374 0.0 0.36056 994.0 2.0003 13.0 65.0 3.1071 0.0 0.0 -0.226 0.28284 992.0 2.0549 12.0 68.0 4.2071 0.0 0.0 -1.526 0.28284 990.0 2.0534 11.0 66.0 5.3071 0.0 0.0 -2.626 0.22361 990.0 1.9344 11.0 
0.01992 285.43508 99.0 803.0 3.0 59.0 1.1071 0.0 3.474 0.0 0.36056 996.0 2.0914 14.0 60.0 2.1071 0.0 1.474 0.0 0.36056 994.0 1.9352 13.0 61.0 3.2071 0.0 0.0 -0.126 0.28284 993.0 1.9003 13.0 63.0 4.5071 0.0 0.0 -1.226 0.22361 992.0 1.9304 12.0 64.0 5.9071 0.0 0.0 -1.726 0.3 991.0 1.9016 11.0 
0.03816 298.16812 85.0 805.0 3.0 75.0 0.0 -1.6929 5.974 0.0 0.92195 1001.0 2.5 16.0 70.0 1.7071 0.0 2.074 0.0 0.84853 1000.0 2.5 20.0 72.0 4.9071 0.0 0.0 -1.126 0.70711 998.0 2.5 17.0 69.0 7.7071 0.0 0.0 -3.826 0.56569 998.0 2.5 16.0 66.0 10.2071 0.0 0.0 -5.926 0.5 997.0 2.5 15.0 
0.03204 260.90683 106.0 810.0 3.0 52.0 1.1071 0.0 2.574 0.0 0.22361 994.0 1.4536 10.0 65.0 1.9071 0.0 1.374 0.0 0.28284 989.0 1.798 11.0 75.0 2.9071 0.0 0.274 0.0 0.28284 983.0 1.9151 9.0 83.0 3.9071 0.0 0.0 -0.726 0.22361 978.0 2.0104 8.0 89.0 5.0071 0.0 0.0 -1.426 0.28284 973.0 2.0226 7.0 
0.04257 210.50196 93.0 824.0 3.0 53.0 0.0 -0.7929 3.274 0.0 0.56569 1000.0 2.207 16.0 52.0 1.3071 0.0 1.374 0.0 0.5 999.0 1.9727 17.0 55.0 3.3071 0.0 0.0 -0.126 0.42426 997.0 1.931 17.0 60.0 5.3071 0.0 0.0 -1.326 0.31623 995.0 2.0427 17.0 67.0 7.2071 0.0 0.0 -2.026 0.31623 992.0 2.1833 15.0 
0.02137 305.74297 89.0 825.0 3.0 64.0 0.2071 0.0 4.174 0.0 0.5 995.0 2.3242 11.0 72.0 2.1071 0.0 1.774 0.0 0.42426 992.0 2.5 12.0 81.0 4.1071 0.0 0.074 0.0 0.44721 987.0 2.5 10.0 90.0 6.4071 0.0 0.0 -0.926 0.3 980.0 2.5 8.0 98.0 8.6071 0.0 0.0 -1.026 0.4 974.0 2.5 8.0 
0.04704 234.69733 93.0 826.0 3.0 66.0 0.0 -0.4929 3.974 0.0 0.5831 998.0 2.5 16.0 70.0 1.6071 0.0 1.374 0.0 0.56569 995.0 2.5 13.0 70.0 3.7071 0.0 0.0 -0.526 0.36056 993.0 2.5 12.0 70.0 5.6071 0.0 0.0 -1.726 0.44721 992.0 2.3832 11.0 68.0 7.4071 0.0 0.0 -2.526 0.31623 991.0 2.1467 11.0 
0.02959 285.43508 103.0 827.0 3.0 53.0 0.7071 0.0 3.174 0.0 0.28284 997.0 1.7931 16.0 61.0 2.1071 0.0 1.474 0.0 0.42426 995.0 2.1114 14.0 63.0 3.6071 0.0 0.0 -0.326 0.36056 994.0 2.1336 13.0 63.0 4.8071 0.0 0.0 -2.026 0.28284 993.0 2.0269 12.0 62.0 5.9071 0.0 0.0 -3.326 0.22361 992.0 1.8696 12.0 
0.08221 306.80461 101.0 831.0 3.0 48.0 0.0 -0.6929 3.674 0.0 0.36056 1001.0 1.961 21.0 46.0 1.0071 0.0 2.574 0.0 0.31623 1000.0 1.6625 20.0 43.0 2.5071 0.0 2.074 0.0 0.3 1000.0 1.4527 19.0 43.0 3.9071 0.0 2.174 0.0 0.31623 1000.0 1.4527 19.0 46.0 5.4071 0.0 2.774 0.0 0.31623 1000.0 1.6625 19.0 
0.03235 253.30935 113.0 832.0 3.0 62.0 0.0 -3.9929 0.374 0.0 0.56569 998.0 2.5 14.0 60.0 0.0 -1.4929 0.0 -1.726 0.5 996.0 2.1629 13.0 59.0 0.6071 0.0 0.0 -2.926 0.31623 993.0 1.7777 11.0 64.0 2.3071 0.0 0.0 -3.526 0.3 990.0 1.8189 12.0 78.0 3.8071 0.0 0.0 -3.826 0.2 979.0 1.8277 9.0 
0.01026 214.18647 82.0 852.0 3.0 51.0 0.0 -3.6929 1.774 0.0 0.64031 1001.0 2.2138 13.0 51.0 0.0 -1.6929 0.0 -0.926 0.5831 1000.0 2.0435 12.0 53.0 0.2071 0.0 0.0 -3.526 0.5 999.0 2.0493 11.0 55.0 2.1071 0.0 0.0 -5.726 0.56569 998.0 2.0598 14.0 59.0 4.0071 0.0 0.0 -7.626 0.5 996.0 2.0914 12.0 
0.03745 241.889 109.0 856.0 3.0 58.0 0.3071 0.0 2.974 0.0 0.36056 994.0 1.8084 13.0 61.0 1.5071 0.0 1.574 0.0 0.36056 993.0 1.9003 12.0 66.0 2.8071 0.0 0.274 0.0 0.28284 991.0 2.0223 11.0 69.0 4.0071 0.0 0.0 -0.826 0.28284 989.0 2.0261 10.0 68.0 5.2071 0.0 0.0 -1.726 0.22361 988.0 1.8891 10.0 
0.08814 274.95456 94.0 861.0 3.0 53.0 0.0 -1.1929 3.774 0.0 0.36056 998.0 1.9127 13.0 59.0 0.7071 0.0 2.374 0.0 0.31623 996.0 2.0914 15.0 66.0 2.8071 0.0 1.574 0.0 0.31623 994.0 2.3416 13.0 70.0 5.0071 0.0 1.074 0.0 0.4 992.0 2.3832 12.0 69.0 7.1071 0.0 0.974 0.0 0.3 991.0 2.2103 11.0 
0.02984 255.51965 79.0 864.0 3.0 52.0 0.0 -3.5929 0.0 -0.126 0.56569 1001.0 2.3015 16.0 56.0 0.0 -1.0929 0.0 -2.026 0.5831 1000.0 2.4639 15.0 60.0 1.6071 0.0 0.0 -3.326 0.44721 999.0 2.5 17.0 65.0 4.2071 0.0 0.0 -4.226 0.41231 996.0 2.5 14.0 67.0 6.6071 0.0 0.0 -4.526 0.4 995.0 2.5 13.0 
0.02133 283.12456 96.0 865.0 3.0 63.0 0.5071 0.0 3.774 0.0 0.44721 996.0 2.3846 14.0 71.0 2.0071 0.0 1.574 0.0 0.42426 992.0 2.4518 12.0 77.0 3.7071 0.0 0.0 -0.226 0.42426 988.0 2.4223 10.0 81.0 5.4071 0.0 0.0 -1.726 0.36056 985.0 2.3933 9.0 73.0 6.9071 0.0 0.0 -2.926 0.22361 988.0 2.1772 10.0 
0.00822 221.26748 97.0 866.0 3.0 60.0 0.0 -4.0929 1.474 0.0 0.78102 1001.0 2.5 13.0 57.0 0.0 -1.3929 0.0 -1.426 0.70711 1000.0 2.5 12.0 55.0 0.9071 0.0 0.0 -3.926 0.5 999.0 2.2069 10.0 56.0 3.0071 0.0 0.0 -5.826 0.36056 997.0 2.0019 11.0 63.0 5.2071 0.0 0.0 -7.026 0.44721 995.0 2.2521 11.0 
0.03368 296.29862 99.0 878.0 3.0 42.0 0.0 -0.8929 3.074 0.0 0.31623 1000.0 1.3859 20.0 49.0 0.7071 0.0 2.574 0.0 0.31623 999.0 1.7517 18.0 52.0 2.5071 0.0 2.074 0.0 0.31623 998.0 1.8412 17.0 51.0 4.3071 0.0 1.374 0.0 0.31623 999.0 1.8976 17.0 50.0 6.0071 0.0 0.574 0.0 0.36056 999.0 1.8239 17.0 
0.02556 235.643 90.0 880.0 3.0 57.0 0.0 -3.9929 0.0 -0.526 0.53852 1001.0 2.5 17.0 57.0 0.0 -0.8929 0.0 -1.926 0.67082 1000.0 2.5 16.0 60.0 2.2071 0.0 0.0 -3.126 0.53852 1000.0 2.5 19.0 66.0 5.3071 0.0 0.0 -3.826 0.5099 998.0 2.5 16.0 66.0 8.2071 0.0 0.0 -3.826 0.4 997.0 2.5 15.0 
0.04321 285.43508 86.0 883.0 3.0 78.0 0.0 -0.8929 5.674 0.0 0.9434 998.0 2.5 13.0 82.0 2.1071 0.0 1.474 0.0 0.72111 996.0 2.5 14.0 84.0 4.8071 0.0 0.0 -2.026 0.78102 993.0 2.5 12.0 81.0 7.4071 0.0 0.0 -5.126 0.56569 992.0 2.5 12.0 81.0 9.6071 0.0 0.0 -7.826 0.56569 990.0 2.5 11.0 
0.0867 273.42719 84.0 885.0 3.0 77.0 0.0 -1.9929 4.574 0.0 0.86023 999.0 2.5 18.0 78.0 1.8071 0.0 1.674 0.0 0.72111 997.0 2.5 15.0 78.0 5.1071 0.0 0.0 -0.826 0.64031 995.0 2.5 13.0 75.0 7.9071 0.0 0.0 -2.826 0.5831 994.0 2.5 13.0 71.0 10.5071 0.0 0.0 -4.426 0.44721 994.0 2.5 13.0 
0.03261 251.22187 92.0 889.0 3.0 49.0 0.0 -0.4929 3.674 0.0 0.44721 999.0 1.7517 15.0 52.0 1.1071 0.0 1.974 0.0 0.36056 997.0 1.7261 13.0 59.0 3.0071 0.0 1.074 0.0 0.31623 996.0 2.0914 15.0 68.0 5.1071 0.0 1.074 0.0 0.31623 992.0 2.249 12.0 77.0 7.2071 0.0 1.774 0.0 0.44721 988.0 2.4223 10.0 
0.1159 306.32393 93.0 893.0 3.0 57.0 0.0 -0.5929 3.674 0.0 0.42426 998.0 2.2123 17.0 61.0 1.4071 0.0 2.374 0.0 0.36056 996.0 2.2356 14.0 63.0 3.3071 0.0 1.674 0.0 0.41231 995.0 2.2521 13.0 64.0 5.3071 0.0 1.474 0.0 0.41231 994.0 2.2019 13.0 64.0 7.3071 0.0 1.874 0.0 0.31623 994.0 2.2019 13.0 
0.09937 252.62455 82.0 894.0 3.0 35.0 0.0 -1.0929 2.474 0.0 0.22361 1001.0 1.0427 22.0 38.0 0.0 -0.0929 2.274 0.0 0.22361 1000.0 1.1345 19.0 44.0 1.0071 0.0 2.874 0.0 0.14142 999.0 1.4124 17.0 47.0 2.1071 0.0 3.974 0.0 0.28284 999.0 1.6116 17.0 47.0 3.2071 0.0 5.374 0.0 0.28284 1000.0 1.7355 18.0 
0.05688 293.6286 98.0 896.0 3.0 76.0 0.0 -0.6929 4.274 0.0 0.56569 991.0 2.5 9.0 84.0 1.5071 0.0 2.174 0.0 0.5 984.0 2.4851 7.0 89.0 3.5071 0.0 0.174 0.0 0.42426 980.0 2.4516 6.0 93.0 5.3071 0.0 0.0 -1.526 0.42426 976.0 2.3875 6.0 91.0 6.8071 0.0 0.0 -3.126 0.36056 976.0 2.2859 6.0 
0.06472 232.72405 107.0 899.0 3.0 58.0 0.0 -1.7929 3.074 0.0 0.44721 998.0 2.2906 16.0 61.0 0.3071 0.0 2.074 0.0 0.3 995.0 2.1114 14.0 62.0 2.1071 0.0 1.774 0.0 0.31623 994.0 2.0664 13.0 60.0 3.7071 0.0 1.674 0.0 0.3 994.0 1.9352 13.0 58.0 5.2071 0.0 1.774 0.0 0.2 994.0 1.8084 13.0 
0.03203 248.20321 93.0 900.0 3.0 55.0 0.0 -3.1929 0.0 -1.126 0.44721 999.0 2.2069 19.0 57.0 0.0 -0.6929 0.0 -2.126 0.36056 997.0 2.074 17.0 63.0 1.7071 0.0 0.0 -3.026 0.41231 996.0 2.3846 19.0 74.0 4.3071 0.0 0.0 -3.426 0.5099 992.0 2.5 15.0 77.0 7.0071 0.0 0.0 -3.626 0.5 990.0 2.5 14.0 
0.05891 222.77416 112.0 910.0 3.0 47.0 0.0 -0.2929 2.674 0.0 0.31623 999.0 1.6116 18.0 49.0 1.1071 0.0 1.674 0.0 0.22361 998.0 1.6349 16.0 49.0 2.3071 0.0 0.774 0.0 0.22361 998.0 1.6349 16.0 47.0 3.4071 0.0 0.0 -0.026 0.22361 998.0 1.5041 16.0 45.0 4.4071 0.0 0.0 -0.726 0.2 998.0 1.3789 16.0 
0.07725 253.61463 92.0 912.0 3.0 57.0 0.0 -0.9929 3.574 0.0 0.5 999.0 2.3703 13.0 64.0 1.3071 0.0 1.874 0.0 0.44721 996.0 2.4609 11.0 66.0 3.6071 0.0 0.774 0.0 0.31623 995.0 2.4717 10.0 65.0 5.8071 0.0 0.474 0.0 0.31623 994.0 2.2712 9.0 60.0 7.7071 0.0 0.874 0.0 0.31623 995.0 2.0427 10.0 
0.07529 229.24245 89.0 913.0 3.0 57.0 0.0 -1.8929 2.674 0.0 0.5099 998.0 2.2123 13.0 62.0 0.6071 0.0 1.974 0.0 0.5099 996.0 2.3095 11.0 72.0 3.2071 0.0 1.474 0.0 0.41231 993.0 2.5 12.0 82.0 5.9071 0.0 0.974 0.0 0.4 988.0 2.5 10.0 86.0 8.5071 0.0 0.774 0.0 0.5 985.0 2.5 9.0 
0.05451 312.12968 92.0 915.0 3.0 56.0 0.0 -0.2929 3.574 0.0 0.36056 996.0 1.8841 12.0 65.0 1.5071 0.0 2.374 0.0 0.31623 993.0 2.1576 13.0 74.0 3.5071 0.0 1.774 0.0 0.31623 989.0 2.3304 11.0 81.0 5.5071 0.0 1.574 0.0 0.41231 985.0 2.3933 9.0 84.0 7.5071 0.0 1.874 0.0 0.31623 982.0 2.3248 9.0 
0.09777 265.70178 86.0 924.0 3.0 71.0 0.0 -2.1929 4.774 0.0 0.86023 1000.0 2.5 16.0 74.0 1.6071 0.0 1.774 0.0 0.78102 999.0 2.5 18.0 73.0 4.9071 0.0 0.0 -1.026 0.64031 998.0 2.5 16.0 67.0 7.5071 0.0 0.0 -3.426 0.56569 997.0 2.5 15.0 63.0 9.4071 0.0 0.0 -5.826 0.44721 997.0 2.5 15.0 
0.07542 292.53895 93.0 927.0 3.0 66.0 1.0071 0.0 4.574 0.0 0.63246 996.0 2.5 20.0 70.0 2.3071 0.0 1.274 0.0 0.5831 994.0 2.5 21.0 73.0 3.9071 0.0 0.0 -1.326 0.36056 991.0 2.474 19.0 71.0 5.5071 0.0 0.0 -3.126 0.42426 991.0 2.3403 19.0 68.0 7.3071 0.0 0.0 -4.526 0.36056 992.0 2.249 19.0 
0.04149 264.5148 97.0 928.0 3.0 51.0 0.0 -1.4929 2.974 0.0 0.31623 997.0 1.6604 16.0 59.0 0.2071 0.0 2.374 0.0 0.3 995.0 1.9752 17.0 68.0 2.0071 0.0 2.274 0.0 0.3 991.0 2.1467 15.0 72.0 3.9071 0.0 2.374 0.0 0.3 989.0 2.2062 14.0 74.0 5.8071 0.0 2.574 0.0 0.31623 988.0 2.2372 13.0 
0.01643 243.24116 96.0 929.0 3.0 52.0 0.5071 0.0 3.274 0.0 0.36056 999.0 1.9727 13.0 60.0 1.7071 0.0 1.374 0.0 0.42426 996.0 2.1629 10.0 65.0 3.3071 0.0 0.0 -0.226 0.36056 993.0 2.1576 9.0 70.0 5.0071 0.0 0.0 -1.526 0.36056 991.0 2.2749 8.0 68.0 6.7071 0.0 0.0 -2.626 0.36056 991.0 2.1467 8.0 
0.04112 249.69441 90.0 92.0 3.0 73.0 0.0 -1.0929 5.074 0.0 0.86023 999.0 2.5 16.0 70.0 1.6071 0.0 1.574 0.0 0.64031 998.0 2.5 16.0 68.0 3.9071 0.0 0.0 -1.226 0.56569 996.0 2.5 15.0 65.0 6.1071 0.0 0.0 -3.426 0.42426 996.0 2.5 15.0 62.0 8.1071 0.0 0.0 -5.126 0.36056 996.0 2.3095 14.0 
0.01933 255.51965 96.0 935.0 3.0 55.0 0.0 -3.7929 0.0 -0.426 0.5831 1001.0 2.5 16.0 57.0 0.0 -1.0929 0.0 -2.026 0.5831 999.0 2.3703 14.0 60.0 1.6071 0.0 0.0 -3.426 0.5099 999.0 2.5 17.0 65.0 4.2071 0.0 0.0 -4.026 0.4 996.0 2.5 14.0 68.0 6.4071 0.0 0.0 -3.726 0.44721 993.0 2.3614 12.0 
0.08741 266.93657 99.0 939.0 3.0 57.0 0.0 -0.2929 3.674 0.0 0.42426 998.0 2.2123 13.0 61.0 1.5071 0.0 1.874 0.0 0.36056 996.0 2.2356 15.0 67.0 3.3071 0.0 0.274 0.0 0.36056 993.0 2.2925 12.0 71.0 4.9071 0.0 0.0 -1.226 0.28284 990.0 2.2386 11.0 75.0 6.3071 0.0 0.0 -2.426 0.28284 986.0 2.1279 10.0 
0.05143 229.08438 100.0 940.0 3.0 66.0 0.0 -0.5929 2.774 0.0 0.36056 989.0 1.8538 9.0 76.0 1.2071 0.0 1.674 0.0 0.31623 985.0 2.1069 11.0 92.0 3.0071 0.0 0.974 0.0 0.31623 975.0 2.275 10.0 105.0 4.6071 0.0 0.474 0.0 0.3 961.0 2.1655 8.0 119.0 6.1071 0.0 0.174 0.0 0.2 947.0 2.1915 7.0 
0.08363 229.08438 113.0 942.0 3.0 65.0 0.0 -0.8929 2.474 0.0 0.41231 995.0 2.3974 14.0 68.0 1.2071 0.0 1.674 0.0 0.31623 992.0 2.249 12.0 69.0 2.8071 0.0 0.774 0.0 0.22361 989.0 2.0261 11.0 73.0 4.1071 0.0 0.0 -0.126 0.22361 986.0 2.0159 10.0 74.0 5.3071 0.0 0.0 -0.926 0.22361 984.0 1.9286 9.0 
0.01475 289.68377 93.0 945.0 3.0 53.0 0.0071 0.0 3.874 0.0 0.44721 999.0 2.0493 13.0 58.0 1.7071 0.0 1.974 0.0 0.42426 997.0 2.1474 12.0 60.0 3.4071 0.0 0.574 0.0 0.36056 996.0 2.1629 10.0 62.0 5.2071 0.0 0.0 -0.426 0.31623 994.0 2.0664 10.0 65.0 7.0071 0.0 0.0 -0.926 0.31623 993.0 2.1576 9.0 
0.06429 226.22841 98.0 954.0 3.0 53.0 0.0 -1.4929 2.474 0.0 0.41231 998.0 1.9127 13.0 55.0 0.5071 0.0 1.974 0.0 0.4 997.0 1.931 14.0 63.0 2.5071 0.0 1.774 0.0 0.31623 994.0 2.1336 13.0 67.0 4.4071 0.0 1.674 0.0 0.3 991.0 2.0841 12.0 70.0 6.2071 0.0 1.674 0.0 0.31623 989.0 2.0853 11.0 
0.04575 204.80106 100.0 960.0 3.0 49.0 0.0 -1.3929 2.274 0.0 0.41231 999.0 1.7517 18.0 56.0 0.5071 0.0 1.774 0.0 0.3 997.0 2.0019 15.0 59.0 2.3071 0.0 1.574 0.0 0.31623 996.0 2.0914 14.0 59.0 4.0071 0.0 1.374 0.0 0.31623 995.0 1.9752 13.0 56.0 5.7071 0.0 1.174 0.0 0.31623 996.0 1.8841 14.0 
0.06406 273.84819 88.0 968.0 3.0 78.0 0.0071 0.0 4.874 0.0 0.80623 996.0 2.5 11.0 80.0 2.3071 0.0 0.874 0.0 0.64031 994.0 2.5 13.0 84.0 4.7071 0.0 0.0 -1.926 0.56569 989.0 2.5 11.0 80.0 6.9071 0.0 0.0 -4.126 0.42426 989.0 2.5 11.0 73.0 8.7071 0.0 0.0 -5.726 0.36056 990.0 2.3665 11.0 
0.03591 242.05755 103.0 971.0 3.0 50.0 0.3071 0.0 3.174 0.0 0.36056 999.0 1.8239 18.0 51.0 1.6071 0.0 1.474 0.0 0.28284 998.0 1.7711 16.0 50.0 2.8071 0.0 0.274 0.0 0.22361 997.0 1.5959 15.0 50.0 3.8071 0.0 0.0 -0.626 0.2 996.0 1.502 15.0 51.0 4.9071 0.0 0.0 -0.926 0.2 996.0 1.5627 14.0 
0.02801 307.48335 134.0 972.0 3.0 54.0 1.1071 0.0 2.874 0.0 0.28284 996.0 1.752 15.0 60.0 2.2071 0.0 1.674 0.0 0.22361 993.0 1.8385 12.0 62.0 3.3071 0.0 0.974 0.0 0.1 990.0 1.707 11.0 65.0 4.2071 0.0 0.674 0.0 0.1 987.0 1.6597 10.0 69.0 4.9071 0.0 0.574 0.0 0.1 984.0 1.6768 9.0 
0.08954 208.35343 101.0 973.0 3.0 53.0 0.0 -1.2929 1.974 0.0 0.2 994.0 1.51 14.0 60.0 0.1071 0.0 1.874 0.0 0.22361 993.0 1.8385 16.0 72.0 1.7071 0.0 2.274 0.0 0.31623 988.0 2.1179 13.0 78.0 3.4071 0.0 2.974 0.0 0.31623 985.0 2.2193 12.0 78.0 5.1071 0.0 3.574 0.0 0.31623 985.0 2.2193 12.0 
0.03564 278.19635 104.0 977.0 3.0 50.0 0.0 -0.2929 2.974 0.0 0.36056 999.0 1.8239 18.0 51.0 1.4071 0.0 2.074 0.0 0.31623 998.0 1.7711 16.0 52.0 2.8071 0.0 1.174 0.0 0.22361 997.0 1.7261 15.0 54.0 4.1071 0.0 0.074 0.0 0.36056 996.0 1.752 15.0 56.0 5.4071 0.0 0.0 -1.126 0.28284 996.0 1.8841 14.0 
0.04968 216.33574 92.0 981.0 3.0 54.0 0.0 -1.4929 3.274 0.0 0.5 1001.0 2.4819 21.0 52.0 0.8071 0.0 1.774 0.0 0.44721 1000.0 2.1245 20.0 54.0 2.9071 0.0 0.674 0.0 0.31623 999.0 2.1274 17.0 58.0 5.0071 0.0 0.074 0.0 0.4 998.0 2.2906 16.0 60.0 7.3071 0.0 0.0 -0.026 0.4 997.0 2.2981 15.0 
0.02929 260.45356 99.0 989.0 3.0 55.0 0.0 -3.4929 0.0 -0.426 0.5 999.0 2.2069 15.0 58.0 0.0 -0.9929 0.0 -2.126 0.5 998.0 2.2906 14.0 60.0 1.4071 0.0 0.0 -3.526 0.36056 995.0 2.0427 12.0 63.0 3.4071 0.0 0.0 -4.526 0.41231 993.0 2.0269 13.0 72.0 5.4071 0.0 0.0 -5.026 0.31623 988.0 2.1179 12.0 
0.01122 225.68204 82.0 996.0 3.0 55.0 0.0 -3.9929 1.474 0.0 0.64031 1001.0 2.5 13.0 52.0 0.0 -1.6929 0.0 -1.126 0.5 1000.0 2.1245 12.0 52.0 0.2071 0.0 0.0 -3.526 0.42426 999.0 1.9727 11.0 54.0 2.1071 0.0 0.0 -5.626 0.42426 997.0 1.8615 10.0 58.0 4.0071 0.0 0.0 -7.426 0.42426 996.0 2.0211 12.0 
0.04958 281.67125 88.0 997.0 3.0 75.0 0.0 -1.6929 5.474 0.0 0.84853 1001.0 2.5 17.0 70.0 1.9071 0.0 1.674 0.0 0.78102 1000.0 2.5 16.0 65.0 4.7071 0.0 0.0 -1.726 0.64031 999.0 2.5 14.0 62.0 6.9071 0.0 0.0 -4.626 0.5831 997.0 2.4538 13.0 65.0 8.7071 0.0 0.0 -7.126 0.5 996.0 2.5 15.0 
0.07633 282.5478 97.0 1529.0 3.0 57.0 0.0 -0.2929 3.574 0.0 0.5 997.0 2.074 12.0 60.0 1.6071 0.0 1.974 0.0 0.44721 996.0 2.1629 14.0 67.0 3.5071 0.0 0.874 0.0 0.41231 992.0 2.1833 12.0 69.0 5.3071 0.0 0.0 -0.026 0.28284 990.0 2.1142 11.0 69.0 6.7071 0.0 0.0 -1.126 0.22361 989.0 2.0261 11.0 
0.04834 267.54699 89.0 1533.0 3.0 65.0 0.0 -0.7929 4.274 0.0 0.56569 999.0 2.5 14.0 65.0 1.9071 0.0 1.474 0.0 0.56569 998.0 2.5 15.0 68.0 4.2071 0.0 0.0 -0.926 0.56569 996.0 2.5 14.0 69.0 6.5071 0.0 0.0 -2.526 0.36056 994.0 2.5 13.0 68.0 8.6071 0.0 0.0 -3.426 0.31623 992.0 2.249 12.0 
0.04808 230.21535 96.0 1535.0 3.0 41.0 0.0 -1.4929 1.974 0.0 0.3 1000.0 1.3207 19.0 48.0 0.0071 0.0 2.074 0.0 0.3 999.0 1.6809 17.0 56.0 1.9071 0.0 2.074 0.0 0.3 997.0 2.0019 15.0 60.0 4.0071 0.0 1.874 0.0 0.3 996.0 2.1629 15.0 60.0 6.1071 0.0 1.874 0.0 0.4 996.0 2.1629 14.0 
0.04581 255.92004 263.0 1536.0 3.0 39.0 0.0071 0.0 2.574 0.0 0.1 999.0 1.1096 14.0 42.0 1.0071 0.0 2.074 0.0 0.22361 998.0 1.2011 13.0 47.0 2.1071 0.0 1.574 0.0 0.14142 997.0 1.4101 15.0 56.0 3.1071 0.0 1.074 0.0 0.2 993.0 1.6015 12.0 63.0 4.1071 0.0 0.774 0.0 0.22361 990.0 1.7625 11.0 
0.05624 241.60155 96.0 1537.0 3.0 75.0 0.0 -1.2929 3.374 0.0 0.5 991.0 2.5 13.0 74.0 1.1071 0.0 1.874 0.0 0.44721 989.0 2.3304 12.0 86.0 3.4071 0.0 0.674 0.0 0.36056 982.0 2.4368 12.0 98.0 5.3071 0.0 0.0 -0.326 0.31623 971.0 2.3355 9.0 110.0 6.9071 0.0 0.0 -1.226 0.28284 959.0 2.2886 8.0 
0.06363 296.82916 105.0 1550.0 3.0 46.0 0.6071 0.0 3.174 0.0 0.22361 995.0 1.2007 15.0 49.0 1.4071 0.0 2.274 0.0 0.22361 993.0 1.2262 14.0 59.0 2.4071 0.0 1.674 0.0 0.14142 989.0 1.4814 15.0 73.0 3.4071 0.0 1.274 0.0 0.2 983.0 1.8143 15.0 89.0 4.6071 0.0 1.074 0.0 0.2 973.0 2.0226 12.0 
0.07831 255.92004 89.0 1552.0 3.0 64.0 0.0 -1.4929 3.074 0.0 0.36056 995.0 2.3242 13.0 70.0 1.0071 0.0 2.074 0.0 0.5099 994.0 2.5 13.0 78.0 3.7071 0.0 1.274 0.0 0.41231 990.0 2.5 11.0 80.0 6.2071 0.0 0.874 0.0 0.4 987.0 2.5 10.0 84.0 8.4071 0.0 1.274 0.0 0.44721 985.0 2.5 9.0 
0.07419 305.55795 89.0 1555.0 3.0 69.0 0.0 -1.3929 3.874 0.0 0.53852 994.0 2.5 10.0 71.0 1.2071 0.0 2.474 0.0 0.44721 991.0 2.3403 7.0 86.0 3.8071 0.0 1.274 0.0 0.44721 986.0 2.5 7.0 94.0 6.3071 0.0 0.274 0.0 0.41231 979.0 2.5 6.0 91.0 8.6071 0.0 0.0 -0.026 0.4 979.0 2.4876 6.0 
0.03556 250.0243 93.0 1556.0 3.0 81.0 0.3071 0.0 3.474 0.0 0.36056 983.0 2.2337 12.0 83.0 1.5071 0.0 1.674 0.0 0.36056 981.0 2.1988 11.0 103.0 3.2071 0.0 0.074 0.0 0.36056 970.0 2.5 9.0 106.0 5.3071 0.0 0.0 -1.226 0.44721 970.0 2.5 9.0 96.0 7.4071 0.0 0.0 -2.226 0.31623 974.0 2.4136 10.0 
0.02455 235.643 91.0 1560.0 3.0 64.0 0.0 -4.4929 0.474 0.0 0.72111 1000.0 2.5 12.0 67.0 0.0 -0.8929 0.0 -1.926 0.67082 1000.0 2.5 15.0 65.0 2.5071 0.0 0.0 -3.626 0.53852 998.0 2.5 13.0 65.0 5.4071 0.0 0.0 -4.826 0.44721 996.0 2.5 11.0 64.0 7.7071 0.0 0.0 -6.026 0.44721 994.0 2.2019 11.0 
0.0413 226.19519 90.0 1567.0 3.0 53.0 0.0 -1.0929 3.274 0.0 0.5 1000.0 2.207 16.0 56.0 1.4071 0.0 1.474 0.0 0.5 999.0 2.2879 14.0 59.0 3.7071 0.0 0.0 -0.426 0.5 997.0 2.2221 13.0 65.0 5.9071 0.0 0.0 -2.126 0.5 995.0 2.3974 14.0 69.0 8.1071 0.0 0.0 -3.626 0.44721 993.0 2.4314 12.0 
0.05823 282.76139 100.0 1568.0 3.0 51.0 0.0 -0.7929 2.874 0.0 0.22361 997.0 1.6604 15.0 49.0 0.6071 0.0 2.474 0.0 0.2 997.0 1.5327 16.0 56.0 2.0071 0.0 2.274 0.0 0.2 995.0 1.7795 14.0 60.0 3.5071 0.0 2.074 0.0 0.31623 994.0 1.9352 13.0 62.0 5.2071 0.0 1.674 0.0 0.3 993.0 1.9631 12.0 
0.01643 303.89251 86.0 1571.0 3.0 74.0 0.0 -0.0929 4.474 0.0 0.64031 994.0 2.5 10.0 83.0 2.3071 0.0 1.474 0.0 0.56569 991.0 2.5 8.0 88.0 4.9071 0.0 0.0 -1.126 0.56569 988.0 2.5 8.0 78.0 7.3071 0.0 0.0 -3.326 0.56569 991.0 2.5 8.0 67.0 9.3071 0.0 0.0 -5.226 0.36056 994.0 2.4131 10.0 
0.06425 312.74644 85.0 1575.0 3.0 65.0 0.0 -0.9929 4.174 0.0 0.64031 997.0 2.5 12.0 69.0 1.9071 0.0 2.074 0.0 0.5831 996.0 2.5 11.0 78.0 4.9071 0.0 0.274 0.0 0.44721 993.0 2.5 12.0 80.0 7.7071 0.0 0.0 -0.926 0.41231 990.0 2.5 11.0 79.0 10.0071 0.0 0.0 -1.426 0.31623 986.0 2.3609 10.0 
0.03724 291.93942 92.0 1576.0 3.0 64.0 0.0 -0.2929 4.974 0.0 0.72111 999.0 2.5 11.0 63.0 2.1071 0.0 1.574 0.0 0.72111 998.0 2.5 10.0 65.0 4.3071 0.0 0.0 -1.626 0.5831 997.0 2.5 13.0 69.0 6.1071 0.0 0.0 -4.626 0.5831 994.0 2.5 10.0 75.0 7.7071 0.0 0.0 -7.226 0.5 990.0 2.4979 10.0 
0.05675 265.94929 96.0 1583.0 3.0 51.0 0.0 -1.7929 2.974 0.0 0.5099 1001.0 2.2138 17.0 57.0 1.0071 0.0 2.174 0.0 0.44721 1000.0 2.5 19.0 59.0 3.7071 0.0 1.174 0.0 0.44721 999.0 2.5 17.0 54.0 5.8071 0.0 0.174 0.0 0.36056 999.0 2.1274 17.0 48.0 7.3071 0.0 0.0 -0.726 0.28284 999.0 1.6809 17.0 
0.05087 305.34255 90.0 1586.0 3.0 80.0 0.0 -0.5929 4.374 0.0 0.56569 991.0 2.5 12.0 82.0 1.8071 0.0 2.074 0.0 0.56569 989.0 2.5 11.0 88.0 4.2071 0.0 0.0 -0.126 0.5 986.0 2.5 10.0 85.0 6.4071 0.0 0.0 -2.226 0.5 986.0 2.5 10.0 79.0 8.1071 0.0 0.0 -4.526 0.42426 989.0 2.5 10.0 
0.02347 265.70178 93.0 1588.0 3.0 70.0 0.0 -0.0929 4.174 0.0 0.5 993.0 2.5 13.0 73.0 1.6071 0.0 1.774 0.0 0.42426 991.0 2.474 11.0 81.0 3.3071 0.0 0.0 -0.026 0.44721 986.0 2.4819 10.0 86.0 5.3071 0.0 0.0 -1.326 0.36056 983.0 2.5 9.0 83.0 7.3071 0.0 0.0 -2.326 0.36056 984.0 2.4263 9.0 
0.02355 292.49093 95.0 1598.0 3.0 40.0 0.0 -0.9929 2.874 0.0 0.31623 1001.0 1.3618 16.0 48.0 0.9071 0.0 2.474 0.0 0.41231 1000.0 1.8102 15.0 53.0 3.1071 0.0 1.874 0.0 0.36056 999.0 2.0493 13.0 53.0 5.2071 0.0 1.174 0.0 0.31623 999.0 2.0493 13.0 49.0 7.0071 0.0 0.674 0.0 0.31623 999.0 1.7517 13.0 
0.05444 232.11335 99.0 1600.0 3.0 59.0 0.0 -1.6929 3.474 0.0 0.5 999.0 2.5 15.0 58.0 1.1071 0.0 1.774 0.0 0.44721 999.0 2.4542 14.0 59.0 3.5071 0.0 0.274 0.0 0.36056 998.0 2.3703 16.0 60.0 5.3071 0.0 0.0 -1.126 0.28284 995.0 2.0427 14.0 59.0 6.7071 0.0 0.0 -2.326 0.22361 994.0 1.8713 13.0 
0.02092 297.33762 87.0 1604.0 3.0 63.0 0.0 -0.2929 4.774 0.0 0.78102 1001.0 2.5 20.0 62.0 2.0071 0.0 1.774 0.0 0.64031 999.0 2.5 18.0 57.0 4.0071 0.0 0.0 -0.626 0.5 999.0 2.3703 17.0 53.0 5.6071 0.0 0.0 -2.526 0.42426 999.0 2.0493 18.0 48.0 7.1071 0.0 0.0 -4.126 0.36056 1000.0 1.8102 18.0 
0.04039 285.43508 98.0 1606.0 3.0 49.0 0.7071 0.0 4.074 0.0 0.5 999.0 1.7517 12.0 51.0 2.1071 0.0 1.474 0.0 0.5 998.0 1.7711 11.0 53.0 3.6071 0.0 0.0 -0.926 0.44721 997.0 1.7931 10.0 57.0 4.9071 0.0 0.0 -3.226 0.44721 996.0 1.952 12.0 62.0 6.1071 0.0 0.0 -5.426 0.36056 992.0 1.8696 10.0 
0.04559 305.55795 102.0 1608.0 3.0 42.0 0.3071 0.0 3.174 0.0 0.22361 997.0 1.1261 13.0 48.0 1.2071 0.0 2.474 0.0 0.22361 996.0 1.3843 13.0 60.0 2.5071 0.0 2.074 0.0 0.22361 992.0 1.7509 12.0 68.0 3.9071 0.0 1.974 0.0 0.3 989.0 1.9678 11.0 74.0 5.5071 0.0 2.274 0.0 0.2 985.0 1.9975 10.0 
0.05149 241.14112 119.0 1610.0 3.0 44.0 0.0 -0.3929 2.674 0.0 0.22361 999.0 1.4124 18.0 52.0 0.9071 0.0 1.974 0.0 0.3 997.0 1.7261 15.0 55.0 2.4071 0.0 1.674 0.0 0.2 995.0 1.7165 14.0 56.0 3.8071 0.0 1.874 0.0 0.3 994.0 1.6858 13.0 57.0 5.0071 0.0 2.474 0.0 0.22361 994.0 1.7465 13.0 
0.05899 302.817 92.0 1621.0 3.0 59.0 0.0 -1.1929 4.574 0.0 0.56569 1000.0 2.5 16.0 58.0 1.5071 0.0 2.274 0.0 0.5 999.0 2.4542 15.0 59.0 3.8071 0.0 0.374 0.0 0.5 998.0 2.3703 17.0 61.0 5.9071 0.0 0.0 -1.026 0.42426 996.0 2.2356 15.0 60.0 7.7071 0.0 0.0 -2.226 0.36056 995.0 2.0427 14.0 
0.04951 296.78557 91.0 1623.0 3.0 89.0 0.0 -0.6929 4.474 0.0 0.70711 985.0 2.5 9.0 103.0 1.9071 0.0 1.874 0.0 0.56569 974.0 2.5 8.0 118.0 4.3071 0.0 0.0 -0.226 0.5 959.0 2.5 6.0 119.0 6.4071 0.0 0.0 -1.926 0.36056 956.0 2.5 6.0 98.0 8.0071 0.0 0.0 -3.426 0.42426 971.0 2.3355 7.0 
0.03818 243.24116 67.0 1627.0 3.0 57.0 0.0 -0.7929 3.874 0.0 0.56569 1001.0 2.5 20.0 61.0 1.7071 0.0 1.374 0.0 0.56569 1000.0 2.5 18.0 59.0 3.9071 0.0 0.0 -0.826 0.5 999.0 2.5 18.0 54.0 5.9071 0.0 0.0 -2.726 0.36056 1000.0 2.291 18.0 48.0 7.4071 0.0 0.0 -4.526 0.36056 1000.0 1.8102 19.0 
0.00726 225.68204 79.0 1628.0 3.0 52.0 0.0 -4.0929 1.874 0.0 0.64031 1000.0 2.1245 13.0 58.0 0.0 -1.6929 0.0 -1.126 0.72111 999.0 2.4542 12.0 60.0 0.7071 0.0 0.0 -4.226 0.64031 999.0 2.5 15.0 61.0 2.8071 0.0 0.0 -7.226 0.5831 997.0 2.3753 13.0 65.0 4.5071 0.0 0.0 -10.126 0.53852 995.0 2.3974 11.0 
0.05342 226.19519 94.0 1630.0 3.0 56.0 0.0 -0.6929 3.874 0.0 0.5831 999.0 2.2879 10.0 59.0 1.4071 0.0 1.474 0.0 0.5 998.0 2.3703 13.0 64.0 3.7071 0.0 0.0 -0.426 0.36056 996.0 2.4609 11.0 65.0 5.7071 0.0 0.0 -1.726 0.31623 993.0 2.1576 9.0 63.0 7.3071 0.0 0.0 -2.526 0.22361 992.0 1.9304 9.0 
0.06218 273.278 94.0 1633.0 3.0 65.0 0.0 -0.4929 3.774 0.0 0.56569 997.0 2.5 15.0 70.0 1.7071 0.0 1.774 0.0 0.5 994.0 2.5 13.0 72.0 3.7071 0.0 0.0 -0.126 0.42426 992.0 2.5 12.0 71.0 5.4071 0.0 0.0 -1.826 0.42426 991.0 2.3403 11.0 70.0 7.1071 0.0 0.0 -3.526 0.36056 992.0 2.3832 12.0 
0.05265 233.99754 102.0 1636.0 3.0 60.0 0.0 -0.4929 3.774 0.0 0.56569 998.0 2.4513 13.0 62.0 1.5071 0.0 1.474 0.0 0.5 997.0 2.4538 15.0 63.0 3.3071 0.0 0.0 -0.126 0.28284 994.0 2.1336 13.0 63.0 4.7071 0.0 0.0 -1.126 0.22361 991.0 1.8426 12.0 66.0 5.9071 0.0 0.0 -1.826 0.22361 989.0 1.8538 11.0 
0.03509 253.75742 96.0 1639.0 3.0 55.0 0.0 -1.3929 2.774 0.0 0.31623 998.0 2.0598 17.0 60.0 0.7071 0.0 2.174 0.0 0.3 996.0 2.1629 14.0 61.0 2.7071 0.0 1.774 0.0 0.3 995.0 2.1114 13.0 63.0 4.6071 0.0 1.574 0.0 0.3 994.0 2.1336 13.0 63.0 6.4071 0.0 1.574 0.0 0.3 993.0 2.0269 12.0 
0.03591 298.16812 96.0 1641.0 3.0 45.0 0.2071 0.0 3.574 0.0 0.42426 1000.0 1.591 16.0 46.0 1.7071 0.0 2.074 0.0 0.36056 999.0 1.5437 15.0 51.0 3.3071 0.0 0.974 0.0 0.36056 998.0 1.7711 16.0 56.0 4.9071 0.0 0.174 0.0 0.31623 996.0 1.8841 14.0 59.0 6.5071 0.0 0.0 -0.526 0.22361 995.0 1.9752 13.0 
0.07757 208.35343 110.0 1646.0 3.0 43.0 0.0 -1.2929 2.074 0.0 0.2 998.0 1.259 13.0 51.0 0.1071 0.0 1.874 0.0 0.2 995.0 1.4759 11.0 62.0 1.5071 0.0 1.774 0.0 0.31623 992.0 1.8696 12.0 68.0 3.0071 0.0 1.974 0.0 0.2 988.0 1.8891 10.0 72.0 4.3071 0.0 2.474 0.0 0.22361 986.0 1.961 10.0 
0.0405 272.45394 98.0 1648.0 3.0 55.0 0.5071 0.0 4.074 0.0 0.5831 998.0 2.0598 11.0 57.0 2.2071 0.0 1.074 0.0 0.5 998.0 2.2123 14.0 59.0 3.9071 0.0 0.0 -1.526 0.44721 996.0 2.0914 12.0 61.0 5.3071 0.0 0.0 -3.726 0.5 992.0 1.8098 11.0 68.0 6.6071 0.0 0.0 -5.726 0.36056 989.0 1.9678 12.0 
0.02455 273.31587 92.0 1650.0 3.0 65.0 0.0071 0.0 4.374 0.0 0.72111 1000.0 2.5 14.0 67.0 2.1071 0.0 1.274 0.0 0.64031 997.0 2.5 11.0 68.0 4.2071 0.0 0.0 -1.226 0.5 996.0 2.5 10.0 64.0 6.1071 0.0 0.0 -3.226 0.36056 996.0 2.4609 10.0 57.0 7.7071 0.0 0.0 -4.726 0.36056 997.0 2.074 11.0 
0.05337 258.10129 88.0 1652.0 3.0 74.0 0.0 -1.1929 5.774 0.0 1.02956 1000.0 2.5 12.0 72.0 2.0071 0.0 1.174 0.0 0.86023 1000.0 2.5 16.0 67.0 4.7071 0.0 0.0 -2.626 0.64031 999.0 2.5 14.0 64.0 6.9071 0.0 0.0 -5.526 0.5 997.0 2.5 12.0 65.0 8.8071 0.0 0.0 -7.526 0.36056 994.0 2.2712 13.0 
0.02746 288.58221 96.0 1654.0 3.0 64.0 0.1071 0.0 5.274 0.0 0.76158 1000.0 2.5 12.0 62.0 2.2071 0.0 1.374 0.0 0.64031 999.0 2.5 11.0 60.0 4.1071 0.0 0.0 -1.626 0.5831 997.0 2.2981 9.0 60.0 5.8071 0.0 0.0 -4.126 0.44721 996.0 2.1629 12.0 64.0 7.1071 0.0 0.0 -6.126 0.28284 991.0 1.9016 9.0 
0.06521 244.59289 104.0 1661.0 3.0 67.0 0.0 -1.2929 3.474 0.0 0.5831 997.0 2.5 12.0 65.0 1.3071 0.0 1.774 0.0 0.5 995.0 2.3974 11.0 68.0 3.4071 0.0 0.474 0.0 0.36056 992.0 2.249 12.0 68.0 5.0071 0.0 0.0 -0.326 0.31623 990.0 2.0534 11.0 67.0 6.3071 0.0 0.0 -0.726 0.2 986.0 1.6981 8.0 
0.0854 269.08301 103.0 1675.0 3.0 76.0 0.0 -0.5929 3.574 0.0 0.5 988.0 2.3598 8.0 90.0 1.4071 0.0 1.974 0.0 0.36056 979.0 2.4333 8.0 104.0 3.2071 0.0 0.774 0.0 0.36056 965.0 2.3015 7.0 109.0 4.7071 0.0 0.0 -0.226 0.28284 960.0 2.2896 6.0 98.0 6.1071 0.0 0.0 -1.126 0.28284 968.0 2.1798 7.0 
0.04304 247.0314 102.0 1678.0 3.0 55.0 0.0 -0.9929 2.674 0.0 0.31623 996.0 1.8174 15.0 66.0 0.8071 0.0 2.074 0.0 0.3 992.0 2.1186 12.0 71.0 2.5071 0.0 1.874 0.0 0.3 989.0 2.1453 11.0 73.0 4.1071 0.0 1.874 0.0 0.22361 986.0 2.0159 10.0 74.0 5.5071 0.0 2.074 0.0 0.22361 984.0 1.9286 9.0 
0.0321 288.58221 98.0 1686.0 3.0 44.0 1.0071 0.0 2.874 0.0 0.36056 1001.0 1.6478 20.0 48.0 2.2071 0.0 1.374 0.0 0.28284 999.0 1.6809 17.0 50.0 3.5071 0.0 0.174 0.0 0.22361 998.0 1.7023 16.0 50.0 4.6071 0.0 0.0 -0.626 0.22361 997.0 1.5959 15.0 50.0 5.8071 0.0 0.0 -1.226 0.22361 997.0 1.5959 15.0 
0.04437 226.48588 129.0 1689.0 3.0 41.0 0.0 -0.1929 2.474 0.0 0.22361 1000.0 1.3207 14.0 43.0 0.8071 0.0 1.874 0.0 0.2 999.0 1.3489 13.0 43.0 1.8071 0.0 1.574 0.0 0.1 998.0 1.259 12.0 42.0 2.6071 0.0 1.474 0.0 0.14142 998.0 1.2011 12.0 42.0 3.2071 0.0 1.374 0.0 0.1 998.0 1.2011 12.0 
0.02462 276.41288 95.0 1690.0 3.0 67.0 0.0071 0.0 4.474 0.0 0.67082 998.0 2.5 17.0 64.0 2.0071 0.0 1.474 0.0 0.5 997.0 2.5 16.0 66.0 3.7071 0.0 0.0 -0.626 0.42426 994.0 2.3416 13.0 68.0 5.3071 0.0 0.0 -2.026 0.42426 991.0 2.1467 11.0 68.0 6.9071 0.0 0.0 -3.226 0.28284 991.0 2.1467 11.0 
0.0345 274.47556 91.0 1695.0 3.0 57.0 0.0 -0.4929 4.674 0.0 0.64031 1001.0 2.5 17.0 60.0 1.9071 0.0 1.574 0.0 0.64031 1000.0 2.5 15.0 61.0 4.1071 0.0 0.0 -1.326 0.64031 999.0 2.5 14.0 62.0 6.1071 0.0 0.0 -4.026 0.5831 997.0 2.4538 12.0 67.0 7.8071 0.0 0.0 -6.526 0.5 995.0 2.5 14.0 
0.05925 201.65087 93.0 1696.0 3.0 59.0 0.0 -1.1929 2.674 0.0 0.44721 996.0 2.0914 12.0 66.0 0.9071 0.0 1.574 0.0 0.44721 994.0 2.3416 13.0 77.0 3.0071 0.0 0.474 0.0 0.31623 987.0 2.3291 10.0 88.0 5.0071 0.0 0.0 -0.226 0.41231 980.0 2.3968 8.0 103.0 7.1071 0.0 0.0 -0.726 0.31623 968.0 2.4079 7.0 
0.06029 269.08301 97.0 1697.0 3.0 68.0 0.0 -1.3929 4.474 0.0 0.70711 999.0 2.5 14.0 66.0 1.4071 0.0 1.974 0.0 0.5 996.0 2.5 12.0 67.0 3.6071 0.0 0.174 0.0 0.5 994.0 2.4131 13.0 71.0 5.4071 0.0 0.0 -1.426 0.36056 990.0 2.2386 11.0 76.0 6.9071 0.0 0.0 -2.726 0.28284 986.0 2.185 10.0 
0.06801 250.35032 86.0 1698.0 3.0 64.0 0.0 -0.8929 3.874 0.0 0.64031 1000.0 2.5 13.0 63.0 1.7071 0.0 1.474 0.0 0.5 999.0 2.5 13.0 59.0 4.0071 0.0 0.0 -0.526 0.42426 999.0 2.5 13.0 53.0 5.9071 0.0 0.0 -2.226 0.42426 999.0 2.0493 13.0 47.0 7.5071 0.0 0.0 -3.626 0.36056 1000.0 1.7355 14.0 
0.06309 291.14152 93.0 1709.0 3.0 47.0 0.0071 0.0 3.274 0.0 0.22361 995.0 1.2535 14.0 59.0 1.3071 0.0 2.274 0.0 0.22361 993.0 1.7777 15.0 75.0 3.2071 0.0 1.474 0.0 0.31623 988.0 2.2981 14.0 83.0 5.3071 0.0 0.874 0.0 0.41231 984.0 2.4263 12.0 89.0 7.3071 0.0 0.574 0.0 0.31623 977.0 2.2473 10.0 
0.09107 282.5478 87.0 1710.0 3.0 81.0 0.0 -0.3929 3.574 0.0 0.42426 981.0 2.0941 10.0 94.0 1.6071 0.0 1.974 0.0 0.44721 976.0 2.4391 11.0 125.0 4.0071 0.0 0.774 0.0 0.53852 947.0 2.418 8.0 153.0 6.6071 0.0 0.0 -0.126 0.5099 914.0 2.4151 6.0 172.0 9.1071 0.0 0.0 -0.726 0.41231 892.0 2.4972 5.0 
0.03199 254.57763 98.0 1715.0 3.0 48.0 0.8071 0.0 3.074 0.0 0.36056 999.0 1.6809 18.0 54.0 1.9071 0.0 1.274 0.0 0.36056 997.0 1.8615 15.0 57.0 3.1071 0.0 0.0 -0.226 0.36056 995.0 1.8436 14.0 61.0 4.6071 0.0 0.0 -1.326 0.36056 994.0 2.0003 13.0 62.0 6.1071 0.0 0.0 -2.326 0.28284 993.0 1.9631 12.0 
0.02866 229.97278 92.0 1716.0 3.0 40.0 0.5071 0.0 2.874 0.0 0.36056 1002.0 1.4856 18.0 43.0 1.7071 0.0 1.174 0.0 0.36056 1001.0 1.5738 16.0 47.0 3.3071 0.0 0.0 -0.026 0.36056 1000.0 1.7355 14.0 51.0 5.2071 0.0 0.0 -0.926 0.41231 1000.0 2.0435 14.0 53.0 7.4071 0.0 0.0 -1.726 0.41231 1000.0 2.207 14.0 
0.00922 260.54957 90.0 1720.0 3.0 48.0 0.0 -3.6929 0.974 0.0 0.56569 1000.0 1.8102 13.0 52.0 0.0 -1.6929 0.0 -1.626 0.5 999.0 1.9727 11.0 53.0 0.4071 0.0 0.0 -3.626 0.42426 998.0 1.9127 10.0 53.0 2.3071 0.0 0.0 -5.126 0.36056 996.0 1.6877 9.0 57.0 4.0071 0.0 0.0 -6.326 0.28284 995.0 1.8436 11.0 
0.0378 227.10248 101.0 1727.0 3.0 57.0 0.0 -0.3929 3.674 0.0 0.44721 997.0 2.074 12.0 61.0 1.3071 0.0 1.574 0.0 0.42426 996.0 2.2356 15.0 68.0 3.2071 0.0 0.0 -0.026 0.36056 992.0 2.249 12.0 70.0 5.0071 0.0 0.0 -1.226 0.31623 990.0 2.176 11.0 70.0 6.5071 0.0 0.0 -2.026 0.28284 987.0 1.9249 10.0 
0.07763 257.74158 97.0 1728.0 3.0 55.0 0.0071 0.0 3.174 0.0 0.42426 997.0 1.931 14.0 64.0 1.7071 0.0 1.574 0.0 0.36056 994.0 2.2019 13.0 70.0 3.4071 0.0 0.374 0.0 0.36056 990.0 2.176 11.0 75.0 5.1071 0.0 0.0 -0.426 0.31623 987.0 2.2097 10.0 77.0 6.6071 0.0 0.0 -0.826 0.3 984.0 2.0882 9.0 
0.07284 236.14911 92.0 1745.0 3.0 55.0 0.0 -0.9929 3.374 0.0 0.5 997.0 1.931 12.0 63.0 1.0071 0.0 1.874 0.0 0.44721 994.0 2.1336 11.0 75.0 3.3071 0.0 0.774 0.0 0.41231 990.0 2.4979 11.0 82.0 5.6071 0.0 0.174 0.0 0.41231 985.0 2.4528 10.0 89.0 7.6071 0.0 0.0 -0.226 0.3 978.0 2.3115 8.0 
0.02242 281.38153 104.0 1748.0 3.0 54.0 0.6071 0.0 3.474 0.0 0.36056 997.0 1.8615 15.0 59.0 1.7071 0.0 1.874 0.0 0.36056 994.0 1.8713 13.0 63.0 3.0071 0.0 0.774 0.0 0.36056 992.0 1.9304 12.0 66.0 4.4071 0.0 0.074 0.0 0.3 990.0 1.9344 11.0 67.0 5.8071 0.0 0.0 -0.126 0.22361 989.0 1.9104 11.0 
0.06286 242.05755 96.0 1749.0 3.0 72.0 0.0 -0.9929 4.874 0.0 0.72111 998.0 2.5 17.0 77.0 1.6071 0.0 1.474 0.0 0.64031 995.0 2.5 13.0 75.0 4.2071 0.0 0.0 -0.626 0.5 993.0 2.5 12.0 69.0 6.1071 0.0 0.0 -2.126 0.28284 991.0 2.2103 11.0 64.0 7.4071 0.0 0.0 -3.026 0.14142 991.0 1.9016 11.0 
0.02315 297.06318 100.0 1758.0 3.0 49.0 0.3071 0.0 3.374 0.0 0.28284 999.0 1.7517 14.0 54.0 1.8071 0.0 1.974 0.0 0.36056 998.0 1.9855 16.0 60.0 3.5071 0.0 0.874 0.0 0.28284 995.0 2.0427 13.0 63.0 5.0071 0.0 0.0 -0.126 0.28284 993.0 2.0269 12.0 65.0 6.3071 0.0 0.0 -1.226 0.28284 991.0 1.9615 11.0 
0.07702 293.6286 87.0 1761.0 3.0 63.0 0.0 -1.8929 4.374 0.0 0.72111 1001.0 2.5 17.0 63.0 1.5071 0.0 2.174 0.0 0.64031 1000.0 2.5 20.0 65.0 4.4071 0.0 0.0 -0.026 0.56569 999.0 2.5 17.0 65.0 7.0071 0.0 0.0 -1.926 0.5 997.0 2.5 15.0 64.0 9.4071 0.0 0.0 -3.626 0.36056 997.0 2.5 15.0 
0.07067 207.4164 95.0 1764.0 3.0 64.0 0.0 -0.4929 3.074 0.0 0.36056 991.0 1.9016 9.0 75.0 1.0071 0.0 1.574 0.0 0.36056 987.0 2.2097 10.0 94.0 2.8071 0.0 0.374 0.0 0.31623 975.0 2.375 8.0 105.0 4.8071 0.0 0.0 -0.426 0.31623 968.0 2.5 7.0 95.0 6.8071 0.0 0.0 -1.326 0.31623 976.0 2.4913 8.0 
0.02491 260.90683 94.0 1768.0 3.0 63.0 0.6071 0.0 3.374 0.0 0.36056 994.0 2.1336 13.0 71.0 1.9071 0.0 1.374 0.0 0.42426 992.0 2.4518 11.0 72.0 3.7071 0.0 0.0 -0.226 0.42426 991.0 2.4067 11.0 68.0 5.6071 0.0 0.0 -1.526 0.36056 993.0 2.3614 12.0 62.0 7.3071 0.0 0.0 -2.926 0.28284 995.0 2.1812 13.0 
0.03181 244.59289 89.0 1769.0 3.0 48.0 0.0 -1.0929 3.874 0.0 0.56569 1001.0 1.961 18.0 54.0 1.3071 0.0 1.774 0.0 0.5 1001.0 2.4819 21.0 61.0 4.0071 0.0 0.0 -0.026 0.56569 1000.0 2.5 18.0 59.0 6.4071 0.0 0.0 -1.926 0.5 999.0 2.5 17.0 56.0 8.5071 0.0 0.0 -3.526 0.36056 999.0 2.2879 17.0 
0.03524 305.34255 95.0 1776.0 3.0 69.0 0.0 -0.3929 4.074 0.0 0.5831 996.0 2.5 11.0 70.0 1.8071 0.0 2.074 0.0 0.42426 993.0 2.5 9.0 69.0 3.6071 0.0 0.474 0.0 0.28284 991.0 2.2103 8.0 67.0 5.2071 0.0 0.0 -0.726 0.22361 991.0 2.0841 8.0 63.0 6.8071 0.0 0.0 -1.626 0.31623 993.0 2.0269 9.0 
0.02348 250.0243 105.0 1786.0 3.0 52.0 0.0 -0.2929 4.074 0.0 0.5 999.0 1.9727 11.0 53.0 1.5071 0.0 1.674 0.0 0.42426 998.0 1.9127 10.0 54.0 3.2071 0.0 0.0 -0.326 0.42426 997.0 1.8615 13.0 56.0 4.7071 0.0 0.0 -2.026 0.36056 995.0 1.7795 11.0 63.0 5.8071 0.0 0.0 -3.826 0.28284 991.0 1.8426 9.0 
0.0283 285.43508 118.0 1794.0 3.0 55.0 1.2071 0.0 3.374 0.0 0.31623 997.0 1.931 15.0 62.0 2.1071 0.0 1.474 0.0 0.36056 993.0 1.9631 12.0 65.0 3.1071 0.0 0.0 -0.126 0.28284 991.0 1.9615 11.0 66.0 4.2071 0.0 0.0 -1.326 0.22361 990.0 1.9344 11.0 64.0 5.1071 0.0 0.0 -2.426 0.22361 990.0 1.8189 11.0 
0.08941 210.69561 100.0 1795.0 3.0 54.0 0.0 -0.2929 2.874 0.0 0.36056 997.0 1.8615 14.0 63.0 1.4071 0.0 1.274 0.0 0.36056 995.0 2.2521 14.0 69.0 3.3071 0.0 0.0 -0.026 0.36056 992.0 2.3156 12.0 71.0 5.0071 0.0 0.0 -1.026 0.36056 989.0 2.1453 11.0 71.0 6.4071 0.0 0.0 -1.826 0.22361 987.0 1.9803 10.0 
0.05124 239.87422 91.0 1798.0 3.0 47.0 0.0 -1.5929 3.274 0.0 0.5 1002.0 2.0511 19.0 45.0 0.6071 0.0 2.074 0.0 0.31623 1002.0 1.8803 23.0 48.0 2.6071 0.0 1.474 0.0 0.3 1001.0 1.961 20.0 52.0 4.8071 0.0 1.274 0.0 0.4 1000.0 2.1245 18.0 53.0 7.1071 0.0 1.374 0.0 0.4 1000.0 2.207 18.0 
0.10785 212.53664 56.0 1800.0 3.0 47.0 0.0 -2.8929 1.174 0.0 0.41231 1001.0 1.8802 21.0 56.0 0.0 -0.3929 1.874 0.0 0.44721 1000.0 2.4639 18.0 60.0 2.2071 0.0 2.674 0.0 0.5099 999.0 2.5 17.0 58.0 4.8071 0.0 2.974 0.0 0.5 999.0 2.4542 17.0 54.0 7.4071 0.0 2.874 0.0 0.4 1000.0 2.291 18.0 
0.08358 238.17627 88.0 1820.0 3.0 72.0 0.0 -1.8929 3.874 0.0 0.72111 998.0 2.5 16.0 73.0 1.2071 0.0 1.774 0.0 0.5831 996.0 2.5 14.0 71.0 4.1071 0.0 0.574 0.0 0.44721 994.0 2.5 13.0 69.0 6.5071 0.0 0.0 -0.326 0.44721 994.0 2.5 13.0 67.0 8.7071 0.0 0.0 -1.226 0.36056 993.0 2.2925 12.0 
0.04397 313.01658 106.0 1822.0 3.0 60.0 0.0 -2.0929 3.474 0.0 0.53852 999.0 2.5 18.0 61.0 0.5071 0.0 2.774 0.0 0.4 997.0 2.3753 15.0 63.0 2.6071 0.0 2.874 0.0 0.41231 994.0 2.1336 13.0 64.0 4.5071 0.0 3.374 0.0 0.31623 993.0 2.0918 12.0 62.0 6.0071 0.0 3.874 0.0 0.2 992.0 1.8696 12.0 
0.07034 253.61463 87.0 1828.0 3.0 59.0 0.0 -1.5929 3.674 0.0 0.5831 1000.0 2.5 16.0 58.0 1.3071 0.0 1.874 0.0 0.53852 999.0 2.4542 15.0 59.0 4.1071 0.0 0.574 0.0 0.44721 997.0 2.2221 13.0 62.0 6.8071 0.0 0.0 -0.326 0.41231 996.0 2.3095 16.0 67.0 9.3071 0.0 0.0 -0.626 0.5 993.0 2.2925 13.0 
0.03225 242.05755 100.0 1834.0 3.0 53.0 0.4071 0.0 3.074 0.0 0.36056 997.0 1.7931 14.0 58.0 1.6071 0.0 1.474 0.0 0.28284 995.0 1.9088 14.0 61.0 2.8071 0.0 0.374 0.0 0.28284 992.0 1.8098 12.0 68.0 4.1071 0.0 0.0 -0.626 0.28284 989.0 1.9678 11.0 75.0 5.4071 0.0 0.0 -1.726 0.31623 986.0 2.1279 10.0 
0.04256 273.278 100.0 1835.0 3.0 56.0 0.0 -0.3929 3.974 0.0 0.64031 1001.0 2.5 17.0 52.0 1.7071 0.0 1.774 0.0 0.42426 1000.0 2.1245 20.0 49.0 3.4071 0.0 0.374 0.0 0.22361 999.0 1.7517 17.0 49.0 4.8071 0.0 0.0 -0.226 0.2 998.0 1.6349 16.0 49.0 6.1071 0.0 0.0 -0.326 0.2 997.0 1.5327 15.0 
0.12401 292.49093 86.0 1844.0 3.0 70.0 0.0 -2.2929 3.874 0.0 0.5831 996.0 2.5 15.0 74.0 0.9071 0.0 2.474 0.0 0.53852 994.0 2.5 14.0 83.0 4.0071 0.0 1.274 0.0 0.53852 990.0 2.5 14.0 89.0 6.9071 0.0 0.074 0.0 0.53852 986.0 2.5 12.0 97.0 9.7071 0.0 0.0 -1.226 0.44721 979.0 2.5 11.0 
0.10336 230.44483 94.0 1849.0 3.0 54.0 0.0 -2.4929 2.474 0.0 0.41231 999.0 2.1274 14.0 57.0 0.0 -0.0929 2.074 0.0 0.4 997.0 2.074 14.0 63.0 2.1071 0.0 1.874 0.0 0.41231 995.0 2.2521 13.0 69.0 4.2071 0.0 1.474 0.0 0.41231 992.0 2.3156 12.0 75.0 6.5071 0.0 0.874 0.0 0.41231 990.0 2.4979 11.0 
0.05492 261.25463 92.0 1854.0 3.0 60.0 0.0 -1.2929 3.174 0.0 0.36056 995.0 2.0427 14.0 65.0 0.6071 0.0 2.274 0.0 0.41231 992.0 2.0549 13.0 73.0 2.7071 0.0 2.074 0.0 0.41231 988.0 2.1772 11.0 79.0 4.9071 0.0 1.774 0.0 0.41231 986.0 2.3609 10.0 81.0 7.3071 0.0 1.074 0.0 0.31623 986.0 2.4819 10.0 
0.0829 232.11335 87.0 1858.0 3.0 66.0 0.0 -2.1929 3.474 0.0 0.67082 1000.0 2.5 15.0 63.0 1.1071 0.0 1.774 0.0 0.5831 999.0 2.5 14.0 63.0 3.9071 0.0 0.274 0.0 0.44721 997.0 2.5 12.0 71.0 6.6071 0.0 0.0 -0.726 0.4 994.0 2.5 13.0 72.0 9.2071 0.0 0.0 -0.826 0.3 992.0 2.5 12.0 
0.02731 244.85519 103.0 1861.0 3.0 48.0 0.0 -3.5929 0.674 0.0 0.56569 1002.0 2.1393 19.0 47.0 0.0 -1.5929 0.0 -1.526 0.42426 1001.0 1.8802 17.0 46.0 0.2071 0.0 0.0 -2.926 0.36056 1000.0 1.6625 16.0 47.0 1.9071 0.0 0.0 -3.826 0.31623 999.0 1.6116 16.0 53.0 3.7071 0.0 0.0 -4.226 0.3 998.0 1.9127 16.0 
0.12128 209.11311 95.0 1870.0 3.0 53.0 0.0 -2.3929 1.874 0.0 0.3 999.0 2.0493 17.0 62.0 0.0 -0.1929 1.874 0.0 0.4 996.0 2.3095 14.0 65.0 2.1071 0.0 1.874 0.0 0.3 994.0 2.2712 13.0 64.0 4.1071 0.0 1.774 0.0 0.4 994.0 2.2019 13.0 64.0 6.2071 0.0 1.574 0.0 0.4 994.0 2.2019 13.0 
0.03305 307.87539 98.0 1883.0 3.0 46.0 0.0 -3.1929 0.0 -1.926 0.41231 1001.0 1.801 17.0 49.0 0.0 -0.8929 0.0 -2.626 0.44721 1000.0 1.8864 16.0 50.0 1.3071 0.0 0.0 -3.326 0.31623 999.0 1.8239 14.0 54.0 3.3071 0.0 0.0 -3.726 0.3 998.0 1.9855 16.0 62.0 5.4071 0.0 0.0 -3.726 0.3 995.0 2.1812 13.0 
0.04818 262.79555 93.0 1886.0 3.0 48.0 0.0 -0.4929 2.874 0.0 0.31623 998.0 1.5688 15.0 50.0 1.3071 0.0 1.974 0.0 0.31623 998.0 1.7023 18.0 56.0 3.1071 0.0 1.074 0.0 0.41231 995.0 1.7795 15.0 65.0 5.0071 0.0 0.174 0.0 0.41231 993.0 2.1576 16.0 74.0 7.0071 0.0 0.0 -0.426 0.3 988.0 2.2372 14.0 
0.08252 292.49093 94.0 1889.0 3.0 63.0 0.0 -0.5929 3.474 0.0 0.28284 990.0 1.7625 12.0 77.0 0.9071 0.0 2.474 0.0 0.31623 985.0 2.1628 12.0 92.0 2.6071 0.0 1.674 0.0 0.36056 975.0 2.275 10.0 110.0 4.5071 0.0 0.774 0.0 0.31623 962.0 2.4233 8.0 128.0 6.7071 0.0 0.0 -0.026 0.41231 949.0 2.5 7.0 
0.05412 245.98277 109.0 1892.0 3.0 48.0 0.0071 0.0 2.474 0.0 0.14142 996.0 1.3843 15.0 51.0 1.0071 0.0 1.974 0.0 0.2 995.0 1.4759 14.0 55.0 2.1071 0.0 1.674 0.0 0.14142 994.0 1.6261 13.0 58.0 3.2071 0.0 1.374 0.0 0.2 993.0 1.7179 12.0 60.0 4.3071 0.0 1.074 0.0 0.2 992.0 1.7509 12.0 
0.06509 226.19519 95.0 1897.0 3.0 46.0 0.2071 0.0 2.574 0.0 0.28284 997.0 1.3508 15.0 51.0 1.4071 0.0 1.474 0.0 0.28284 995.0 1.4759 15.0 60.0 2.8071 0.0 0.274 0.0 0.36056 992.0 1.7509 15.0 74.0 4.6071 0.0 0.0 -0.826 0.31623 986.0 2.0715 14.0 89.0 6.5071 0.0 0.0 -1.626 0.31623 979.0 2.3795 14.0 
0.07817 251.33612 96.0 1898.0 3.0 64.0 0.0 -1.0929 4.074 0.0 0.56569 999.0 2.5 16.0 66.0 1.4071 0.0 1.774 0.0 0.56569 997.0 2.5 15.0 67.0 3.6071 0.0 0.0 -0.226 0.42426 995.0 2.5 14.0 65.0 5.5071 0.0 0.0 -2.026 0.42426 995.0 2.3974 13.0 60.0 7.1071 0.0 0.0 -3.626 0.36056 995.0 2.0427 14.0 
0.05201 281.08844 93.0 1900.0 3.0 62.0 0.0 -0.2929 4.774 0.0 0.5831 998.0 2.5 18.0 66.0 1.8071 0.0 1.774 0.0 0.64031 997.0 2.5 21.0 66.0 3.9071 0.0 0.0 -0.926 0.64031 996.0 2.5 17.0 67.0 5.8071 0.0 0.0 -3.426 0.5 994.0 2.4131 14.0 71.0 7.5071 0.0 0.0 -5.726 0.44721 990.0 2.2386 12.0 
0.11652 297.58532 113.0 1907.0 3.0 75.0 0.0 -1.4929 2.674 0.0 0.2 982.0 1.8533 12.0 79.0 0.0 -0.1929 2.674 0.0 0.22361 980.0 1.9316 14.0 85.0 1.1071 0.0 3.074 0.0 0.22361 976.0 1.9944 13.0 99.0 2.3071 0.0 3.874 0.0 0.22361 966.0 2.1299 11.0 105.0 3.5071 0.0 4.974 0.0 0.28284 962.0 2.208 10.0 
0.05322 285.18115 101.0 1911.0 3.0 47.0 0.0 -2.2929 1.774 0.0 0.22361 998.0 1.5041 13.0 52.0 0.0 -0.6929 2.474 0.0 0.28284 996.0 1.6246 12.0 63.0 0.9071 0.0 3.374 0.0 0.22361 993.0 2.0269 13.0 74.0 2.7071 0.0 3.974 0.0 0.4 988.0 2.2372 10.0 81.0 4.8071 0.0 4.074 0.0 0.31623 985.0 2.3933 9.0 
0.04839 315.20182 88.0 1918.0 3.0 56.0 0.0 -1.9929 3.474 0.0 0.41231 1000.0 2.4639 15.0 57.0 0.6071 0.0 2.774 0.0 0.41231 998.0 2.2123 13.0 61.0 3.0071 0.0 2.374 0.0 0.41231 997.0 2.3753 15.0 64.0 5.1071 0.0 2.074 0.0 0.4 994.0 2.2019 13.0 66.0 7.0071 0.0 2.074 0.0 0.31623 992.0 2.1186 12.0 
0.09279 311.02086 351.0 1922.0 3.0 68.0 0.0 -0.7929 3.374 0.0 0.41231 990.0 2.0534 12.0 74.0 1.1071 0.0 2.574 0.0 0.31623 986.0 2.0715 12.0 88.0 3.0071 0.0 1.974 0.0 0.31623 977.0 2.1971 11.0 104.0 4.7071 0.0 1.374 0.0 0.31623 964.0 2.2545 9.0 122.0 6.4071 0.0 0.974 0.0 0.22361 946.0 2.269 7.0 
0.06306 266.00859 95.0 1926.0 3.0 77.0 0.1071 0.0 4.374 0.0 0.5831 991.0 2.5 13.0 82.0 1.8071 0.0 1.574 0.0 0.5 987.0 2.5 13.0 90.0 3.4071 0.0 0.0 -0.626 0.5 980.0 2.5 11.0 102.0 5.1071 0.0 0.0 -2.526 0.42426 971.0 2.5 9.0 99.0 6.8071 0.0 0.0 -4.126 0.42426 972.0 2.4416 10.0 
0.05736 293.6286 95.0 1932.0 3.0 61.0 0.0 -0.5929 4.474 0.0 0.5 998.0 2.5 18.0 61.0 1.5071 0.0 2.174 0.0 0.5 996.0 2.2356 16.0 65.0 3.5071 0.0 0.474 0.0 0.36056 994.0 2.2712 17.0 68.0 5.2071 0.0 0.0 -0.626 0.31623 991.0 2.1467 15.0 72.0 6.9071 0.0 0.0 -1.226 0.2 988.0 2.1179 13.0 
0.06521 302.817 102.0 1937.0 3.0 65.0 0.0 -0.1929 3.874 0.0 0.42426 995.0 2.3974 13.0 69.0 1.5071 0.0 2.274 0.0 0.36056 992.0 2.3156 12.0 70.0 3.2071 0.0 1.174 0.0 0.36056 990.0 2.176 11.0 68.0 4.8071 0.0 0.174 0.0 0.22361 990.0 2.0534 11.0 65.0 6.1071 0.0 0.0 -0.626 0.22361 990.0 1.8762 11.0 
0.04014 276.06051 100.0 1945.0 3.0 49.0 0.0 -1.1929 3.474 0.0 0.44721 1001.0 2.0436 17.0 49.0 1.0071 0.0 2.274 0.0 0.41231 1000.0 1.8864 15.0 48.0 2.9071 0.0 1.674 0.0 0.31623 998.0 1.5688 14.0 50.0 4.5071 0.0 1.374 0.0 0.3 997.0 1.5959 14.0 56.0 5.9071 0.0 1.174 0.0 0.31623 994.0 1.6858 13.0 
0.10163 231.98645 110.0 1948.0 3.0 36.0 0.0 -2.4929 0.474 0.0 0.1 996.0 1.0 13.0 46.0 0.0 -1.7929 1.074 0.0 0.22361 994.0 1.1375 11.0 58.0 0.0 -0.8929 2.274 0.0 0.28284 989.0 1.4316 9.0 72.0 0.6071 0.0 3.474 0.0 0.36056 986.0 1.961 14.0 90.0 2.5071 0.0 4.074 0.0 0.3 977.0 2.2981 13.0 
0.06647 238.17627 94.0 1949.0 3.0 54.0 0.0 -0.6929 3.274 0.0 0.5 999.0 2.1274 14.0 57.0 1.2071 0.0 1.774 0.0 0.36056 997.0 2.074 12.0 57.0 3.0071 0.0 0.674 0.0 0.36056 996.0 1.952 11.0 60.0 4.8071 0.0 0.0 -0.526 0.36056 996.0 2.1629 11.0 62.0 6.8071 0.0 0.0 -2.126 0.42426 997.0 2.4538 11.0 
0.06454 236.14911 72.0 1960.0 3.0 57.0 0.0 -1.3929 3.774 0.0 0.5 1001.0 2.5 20.0 57.0 1.0071 0.0 1.874 0.0 0.44721 1000.0 2.5 18.0 56.0 3.3071 0.0 0.474 0.0 0.36056 999.0 2.2879 18.0 54.0 5.4071 0.0 0.0 -0.926 0.36056 1000.0 2.291 18.0 48.0 7.2071 0.0 0.0 -2.126 0.36056 1000.0 1.8102 19.0 
0.11214 204.80106 114.0 1962.0 3.0 40.0 0.0 -0.6929 2.374 0.0 0.22361 999.0 1.1673 20.0 43.0 0.5071 0.0 1.774 0.0 0.2 998.0 1.259 18.0 50.0 1.8071 0.0 1.574 0.0 0.2 997.0 1.5959 19.0 54.0 3.1071 0.0 1.574 0.0 0.2 995.0 1.6546 17.0 57.0 4.2071 0.0 1.974 0.0 0.22361 993.0 1.6592 16.0 
0.09625 274.47556 94.0 1974.0 3.0 59.0 0.0 -0.5929 3.974 0.0 0.56569 999.0 2.5 19.0 64.0 1.9071 0.0 1.574 0.0 0.56569 998.0 2.5 17.0 62.0 4.1071 0.0 0.0 -0.826 0.5 998.0 2.5 17.0 58.0 6.0071 0.0 0.0 -3.026 0.44721 997.0 2.1474 12.0 56.0 7.4071 0.0 0.0 -5.126 0.36056 996.0 1.8841 12.0 
0.0125 246.19105 84.0 1978.0 3.0 51.0 0.0 -3.4929 0.574 0.0 0.5 1000.0 2.0435 12.0 53.0 0.0 -1.3929 0.0 -1.726 0.56569 999.0 2.0493 11.0 57.0 0.9071 0.0 0.0 -4.026 0.5 997.0 2.074 10.0 60.0 3.1071 0.0 0.0 -5.926 0.5 995.0 2.0427 9.0 64.0 5.2071 0.0 0.0 -7.626 0.36056 993.0 2.0918 10.0 
0.09766 285.772 92.0 1980.0 3.0 80.0 0.0 -1.5929 3.574 0.0 0.53852 987.0 2.5 10.0 92.0 1.2071 0.0 2.274 0.0 0.53852 981.0 2.5 10.0 112.0 3.8071 0.0 0.674 0.0 0.5 967.0 2.5 9.0 114.0 6.0071 0.0 0.0 -1.326 0.42426 964.0 2.5 8.0 103.0 7.7071 0.0 0.0 -3.126 0.36056 970.0 2.5 9.0 
0.0612 274.80754 123.0 1984.0 3.0 44.0 0.0 -1.1929 2.474 0.0 0.2 998.0 1.3183 16.0 53.0 0.0 -0.0929 2.474 0.0 0.22361 995.0 1.5939 13.0 58.0 1.1071 0.0 2.474 0.0 0.2 993.0 1.7179 12.0 63.0 2.3071 0.0 2.274 0.0 0.2 991.0 1.8426 11.0 64.0 3.6071 0.0 1.874 0.0 0.22361 990.0 1.8189 11.0 
0.03692 288.97303 97.0 1986.0 3.0 51.0 0.4071 0.0 3.074 0.0 0.28284 997.0 1.6604 13.0 55.0 1.8071 0.0 1.874 0.0 0.36056 995.0 1.7165 13.0 65.0 3.3071 0.0 0.874 0.0 0.28284 991.0 1.9615 12.0 74.0 4.8071 0.0 0.0 -0.226 0.36056 987.0 2.1512 10.0 83.0 6.4071 0.0 0.0 -1.526 0.36056 982.0 2.2698 9.0 
0.01809 282.1245 114.0 1989.0 3.0 49.0 0.0 -3.3929 0.0 -0.426 0.42426 1000.0 1.8864 12.0 49.0 0.0 -1.3929 0.0 -2.126 0.42426 999.0 1.7517 11.0 50.0 0.6071 0.0 0.0 -3.426 0.36056 998.0 1.7023 12.0 53.0 2.4071 0.0 0.0 -4.326 0.31623 997.0 1.7931 12.0 57.0 4.1071 0.0 0.0 -4.726 0.22361 993.0 1.6592 10.0 
0.06553 302.10412 98.0 1991.0 3.0 44.0 0.0 -0.2929 3.074 0.0 0.2 998.0 1.3183 16.0 49.0 0.5071 0.0 2.674 0.0 0.2 996.0 1.4425 14.0 52.0 1.3071 0.0 2.474 0.0 0.2 994.0 1.4536 13.0 54.0 2.1071 0.0 2.574 0.0 0.2 993.0 1.4892 12.0 55.0 2.9071 0.0 2.774 0.0 0.14142 993.0 1.5448 12.0 
0.04264 278.30705 104.0 1994.0 3.0 54.0 0.0 -1.2929 2.674 0.0 0.3 996.0 1.752 15.0 61.0 0.4071 0.0 2.474 0.0 0.2 993.0 1.9003 13.0 65.0 2.0071 0.0 2.374 0.0 0.3 992.0 2.0549 12.0 66.0 3.6071 0.0 2.374 0.0 0.3 991.0 2.0223 11.0 66.0 5.1071 0.0 2.474 0.0 0.22361 990.0 1.9344 11.0 
0.0466 234.69733 112.0 1995.0 3.0 39.0 0.5071 0.0 2.674 0.0 0.36056 1001.0 1.2946 23.0 42.0 1.6071 0.0 1.374 0.0 0.28284 1000.0 1.3859 20.0 43.0 2.7071 0.0 0.274 0.0 0.22361 999.0 1.3489 18.0 44.0 3.8071 0.0 0.0 -0.526 0.22361 999.0 1.4124 18.0 44.0 4.9071 0.0 0.0 -1.326 0.28284 999.0 1.4124 17.0 
0.02588 305.74297 98.0 1996.0 3.0 58.0 0.8071 0.0 3.374 0.0 0.36056 997.0 2.1474 15.0 55.0 2.1071 0.0 1.774 0.0 0.22361 997.0 1.931 14.0 53.0 3.4071 0.0 0.874 0.0 0.22361 997.0 1.7931 14.0 51.0 4.7071 0.0 0.374 0.0 0.3 997.0 1.6604 15.0 51.0 6.1071 0.0 0.074 0.0 0.3 998.0 1.7711 15.0 
0.08054 273.42719 84.0 1997.0 3.0 72.0 0.0 -1.7929 5.074 0.0 0.84853 998.0 2.5 16.0 81.0 1.8071 0.0 1.674 0.0 0.78102 996.0 2.5 16.0 83.0 5.2071 0.0 0.0 -1.526 0.70711 994.0 2.5 17.0 82.0 8.1071 0.0 0.0 -3.526 0.5831 990.0 2.5 14.0 85.0 10.7071 0.0 0.0 -4.926 0.5 986.0 2.5 13.0 
0.05961 262.79555 176.0 2008.0 3.0 45.0 0.1071 0.0 3.074 0.0 0.28284 999.0 1.4773 18.0 47.0 1.3071 0.0 1.974 0.0 0.22361 998.0 1.5041 16.0 45.0 2.2071 0.0 1.274 0.0 0.14142 997.0 1.2927 15.0 44.0 2.8071 0.0 0.874 0.0 0.14142 997.0 1.2359 15.0 44.0 3.4071 0.0 0.474 0.0 0.1 996.0 1.1632 15.0 
0.02295 250.0243 98.0 2010.0 3.0 40.0 0.0071 0.0 3.174 0.0 0.42426 1001.0 1.3618 13.0 42.0 1.5071 0.0 1.674 0.0 0.28284 1001.0 1.5014 12.0 45.0 3.0071 0.0 0.274 0.0 0.36056 1000.0 1.591 11.0 49.0 4.5071 0.0 0.0 -1.126 0.36056 998.0 1.6349 9.0 53.0 6.1071 0.0 0.0 -2.226 0.31623 997.0 1.7931 12.0 
0.12063 242.05755 95.0 2015.0 3.0 71.0 0.0 -0.5929 3.874 0.0 0.56569 993.0 2.5 17.0 81.0 1.6071 0.0 1.474 0.0 0.42426 988.0 2.5 17.0 89.0 3.5071 0.0 0.0 -0.526 0.42426 982.0 2.5 14.0 96.0 5.2071 0.0 0.0 -2.426 0.42426 976.0 2.5 13.0 98.0 6.9071 0.0 0.0 -4.126 0.36056 973.0 2.4523 12.0 
0.06188 314.8686 121.0 2016.0 3.0 38.0 0.0 -1.6929 2.674 0.0 0.2 999.0 1.0535 15.0 43.0 0.0 -0.5929 2.774 0.0 0.22361 998.0 1.259 17.0 50.0 0.5071 0.0 2.874 0.0 0.2 996.0 1.502 14.0 54.0 1.6071 0.0 2.774 0.0 0.2 994.0 1.5675 13.0 57.0 2.7071 0.0 2.774 0.0 0.14142 992.0 1.5802 12.0 
0.033 281.67125 109.0 2017.0 3.0 45.0 0.9071 0.0 3.074 0.0 0.28284 999.0 1.4773 16.0 50.0 1.9071 0.0 1.674 0.0 0.28284 997.0 1.5959 15.0 53.0 2.9071 0.0 0.674 0.0 0.28284 996.0 1.6877 14.0 54.0 3.9071 0.0 0.0 -0.226 0.22361 995.0 1.6546 13.0 56.0 4.9071 0.0 0.0 -0.726 0.1 993.0 1.6015 12.0 
0.09245 280.73887 90.0 2018.0 3.0 61.0 0.0 -1.4929 4.374 0.0 0.56569 999.0 2.5 18.0 67.0 1.1071 0.0 2.274 0.0 0.5831 997.0 2.5 15.0 69.0 3.7071 0.0 0.0 -0.026 0.56569 997.0 2.5 15.0 68.0 6.0071 0.0 0.0 -2.326 0.5 996.0 2.5 14.0 62.0 8.1071 0.0 0.0 -4.226 0.36056 997.0 2.4538 15.0 
0.0395 317.16735 105.0 2019.0 3.0 54.0 0.0 -0.7929 3.374 0.0 0.41231 999.0 2.1274 18.0 50.0 1.0071 0.0 2.674 0.0 0.31623 998.0 1.7023 16.0 47.0 2.3071 0.0 2.074 0.0 0.28284 998.0 1.5041 16.0 48.0 3.3071 0.0 1.174 0.0 0.22361 997.0 1.4708 15.0 52.0 4.5071 0.0 0.074 0.0 0.28284 997.0 1.7261 15.0 
0.07225 234.34953 114.0 2020.0 3.0 54.0 0.1071 0.0 2.574 0.0 0.28284 994.0 1.5675 14.0 64.0 1.4071 0.0 1.574 0.0 0.22361 991.0 1.9016 15.0 72.0 2.6071 0.0 0.674 0.0 0.22361 986.0 1.961 13.0 76.0 3.8071 0.0 0.0 -0.026 0.22361 983.0 1.9665 12.0 77.0 4.9071 0.0 0.0 -0.426 0.22361 981.0 1.8924 11.0 
0.03636 290.75955 104.0 2021.0 3.0 44.0 0.0 -0.1929 3.374 0.0 0.28284 1000.0 1.5211 15.0 46.0 1.1071 0.0 2.374 0.0 0.31623 998.0 1.4408 13.0 52.0 2.5071 0.0 1.574 0.0 0.28284 997.0 1.7261 15.0 60.0 3.8071 0.0 0.774 0.0 0.22361 993.0 1.8385 13.0 64.0 5.1071 0.0 0.0 -0.026 0.31623 991.0 1.9016 11.0 
0.06428 241.60155 103.0 2024.0 3.0 51.0 0.0 -0.3929 2.774 0.0 0.36056 999.0 1.8976 17.0 52.0 1.1071 0.0 1.874 0.0 0.22361 997.0 1.7261 15.0 52.0 2.2071 0.0 1.174 0.0 0.22361 996.0 1.6246 14.0 55.0 3.3071 0.0 0.374 0.0 0.22361 995.0 1.7165 14.0 59.0 4.7071 0.0 0.0 -0.626 0.28284 995.0 1.9752 13.0 
0.08547 284.57652 301.0 2030.0 3.0 66.0 0.0 -1.5929 4.274 0.0 0.64031 998.0 2.5 14.0 68.0 1.5071 0.0 2.074 0.0 0.64031 996.0 2.5 12.0 69.0 4.3071 0.0 0.0 -0.026 0.5 994.0 2.5 14.0 71.0 6.6071 0.0 0.0 -1.526 0.31623 991.0 2.3403 14.0 80.0 8.7071 0.0 0.0 -2.226 0.31623 985.0 2.3346 13.0 
0.05873 236.14911 88.0 2031.0 3.0 65.0 0.0 -2.3929 4.574 0.0 0.72111 1000.0 2.5 11.0 70.0 1.0071 0.0 1.874 0.0 0.72111 998.0 2.5 9.0 73.0 4.1071 0.0 0.0 -0.926 0.64031 997.0 2.5 11.0 72.0 6.6071 0.0 0.0 -3.326 0.36056 994.0 2.5 10.0 71.0 8.7071 0.0 0.0 -4.926 0.36056 992.0 2.4518 9.0 
0.02326 251.98434 107.0 2032.0 3.0 54.0 0.1071 0.0 3.674 0.0 0.5 1001.0 2.4819 15.0 54.0 1.8071 0.0 1.374 0.0 0.5 999.0 2.1274 13.0 52.0 3.2071 0.0 0.0 -0.426 0.28284 998.0 1.8412 12.0 50.0 4.4071 0.0 0.0 -1.726 0.14142 997.0 1.5959 11.0 49.0 5.3071 0.0 0.0 -2.626 0.28284 997.0 1.5327 11.0 
0.13001 241.60155 91.0 2036.0 3.0 75.0 0.0 -1.4929 3.174 0.0 0.44721 991.0 2.5 13.0 84.0 1.1071 0.0 1.874 0.0 0.44721 986.0 2.5 13.0 95.0 3.4071 0.0 0.774 0.0 0.31623 976.0 2.4913 10.0 103.0 5.4071 0.0 0.0 -0.126 0.41231 969.0 2.4627 9.0 123.0 7.6071 0.0 0.0 -1.026 0.31623 951.0 2.4923 7.0 
0.05218 305.74297 90.0 2037.0 3.0 72.0 0.0 -0.3929 4.274 0.0 0.64031 995.0 2.5 14.0 77.0 2.1071 0.0 1.774 0.0 0.56569 993.0 2.5 12.0 76.0 4.4071 0.0 0.0 -0.526 0.56569 992.0 2.5 12.0 73.0 6.4071 0.0 0.0 -2.726 0.5 993.0 2.5 12.0 69.0 8.3071 0.0 0.0 -4.626 0.42426 993.0 2.4314 12.0 
0.03496 287.44942 112.0 2038.0 3.0 49.0 0.0 -0.1929 3.374 0.0 0.36056 1000.0 1.8864 19.0 51.0 1.4071 0.0 2.174 0.0 0.22361 998.0 1.7711 16.0 52.0 2.7071 0.0 1.074 0.0 0.28284 996.0 1.6246 15.0 55.0 3.8071 0.0 0.0 -0.026 0.28284 995.0 1.7165 14.0 57.0 4.9071 0.0 0.0 -1.026 0.22361 994.0 1.7465 13.0 
0.0829 221.16333 119.0 2039.0 3.0 45.0 0.0 -0.1929 2.274 0.0 0.2 997.0 1.2927 16.0 53.0 0.9071 0.0 1.774 0.0 0.22361 995.0 1.5939 18.0 61.0 2.0071 0.0 1.074 0.0 0.28284 991.0 1.7275 15.0 66.0 3.1071 0.0 0.174 0.0 0.28284 989.0 1.8538 14.0 69.0 4.1071 0.0 0.0 -0.726 0.14142 986.0 1.801 13.0 
0.08575 275.67418 89.0 2046.0 3.0 56.0 0.0 -0.6929 3.674 0.0 0.42426 997.0 2.0019 13.0 66.0 1.5071 0.0 1.974 0.0 0.5 995.0 2.4717 14.0 74.0 3.9071 0.0 0.174 0.0 0.5 993.0 2.5 12.0 78.0 6.2071 0.0 0.0 -1.426 0.44721 989.0 2.5 11.0 80.0 8.3071 0.0 0.0 -2.526 0.41231 986.0 2.421 10.0 
0.0399 255.92004 96.0 2047.0 3.0 43.0 0.0 -0.7929 3.174 0.0 0.36056 1000.0 1.4527 14.0 47.0 1.0071 0.0 2.074 0.0 0.31623 999.0 1.6116 14.0 52.0 2.8071 0.0 1.174 0.0 0.31623 997.0 1.7261 13.0 58.0 4.6071 0.0 0.474 0.0 0.31623 996.0 2.0211 14.0 65.0 6.3071 0.0 0.174 0.0 0.3 992.0 2.0549 12.0 
0.03453 272.45394 96.0 2048.0 3.0 55.0 0.4071 0.0 4.274 0.0 0.5831 1000.0 2.3767 12.0 56.0 2.2071 0.0 1.074 0.0 0.5831 999.0 2.2879 11.0 58.0 3.9071 0.0 0.0 -1.926 0.5 997.0 2.1474 10.0 60.0 5.6071 0.0 0.0 -4.526 0.44721 995.0 2.0427 8.0 63.0 7.0071 0.0 0.0 -6.726 0.36056 992.0 1.9304 10.0 
0.01639 304.66834 97.0 2057.0 3.0 62.0 0.4071 0.0 3.574 0.0 0.42426 994.0 2.0664 13.0 67.0 1.9071 0.0 1.974 0.0 0.36056 992.0 2.1833 12.0 65.0 3.5071 0.0 0.674 0.0 0.36056 993.0 2.1576 12.0 61.0 5.0071 0.0 0.0 -0.626 0.28284 994.0 2.0003 13.0 58.0 6.4071 0.0 0.0 -1.626 0.36056 995.0 1.9088 14.0 
0.07683 247.43208 122.0 2059.0 3.0 41.0 0.6071 0.0 2.374 0.0 0.14142 998.0 1.1446 16.0 44.0 1.2071 0.0 1.874 0.0 0.22361 997.0 1.2359 15.0 47.0 2.0071 0.0 1.474 0.0 0.22361 997.0 1.4101 15.0 47.0 2.9071 0.0 1.174 0.0 0.14142 996.0 1.3272 15.0 45.0 3.7071 0.0 0.874 0.0 0.14142 997.0 1.2927 15.0 
0.0153 296.78557 88.0 2065.0 3.0 57.0 0.0 -1.0929 4.174 0.0 0.64031 1002.0 2.5 24.0 60.0 1.9071 0.0 1.874 0.0 0.5831 1001.0 2.5 21.0 59.0 4.5071 0.0 0.0 -0.426 0.5 1000.0 2.5 19.0 55.0 6.8071 0.0 0.0 -2.426 0.42426 1000.0 2.3767 19.0 50.0 8.8071 0.0 0.0 -3.826 0.36056 1000.0 1.9642 19.0 
0.08245 260.1241 87.0 2067.0 3.0 68.0 0.0 -1.6929 4.274 0.0 0.64031 998.0 2.5 13.0 73.0 1.4071 0.0 1.874 0.0 0.64031 995.0 2.5 11.0 80.0 4.2071 0.0 0.0 -0.626 0.56569 992.0 2.5 12.0 85.0 6.7071 0.0 0.0 -2.626 0.44721 987.0 2.5 10.0 88.0 9.0071 0.0 0.0 -3.926 0.44721 982.0 2.5 9.0 
0.0531 302.10412 113.0 2077.0 3.0 54.0 0.0 -1.3929 3.174 0.0 0.44721 999.0 2.1274 17.0 54.0 0.5071 0.0 2.674 0.0 0.2 997.0 1.8615 15.0 52.0 2.0071 0.0 2.474 0.0 0.22361 997.0 1.7261 15.0 50.0 3.1071 0.0 2.274 0.0 0.22361 996.0 1.502 14.0 50.0 4.2071 0.0 2.074 0.0 0.1 996.0 1.502 14.0 
0.05906 258.3804 100.0 2080.0 3.0 55.0 0.0 -0.3929 3.574 0.0 0.42426 999.0 2.2069 17.0 58.0 1.5071 0.0 1.774 0.0 0.36056 998.0 2.2906 16.0 58.0 3.4071 0.0 0.374 0.0 0.36056 997.0 2.1474 15.0 55.0 5.1071 0.0 0.0 -0.826 0.28284 997.0 1.931 15.0 52.0 6.5071 0.0 0.0 -1.826 0.28284 997.0 1.7261 15.0 
0.04702 278.32653 107.0 2084.0 3.0 48.0 0.0 -0.4929 2.974 0.0 0.22361 998.0 1.5688 16.0 52.0 0.8071 0.0 2.374 0.0 0.3 997.0 1.7261 14.0 52.0 2.1071 0.0 2.174 0.0 0.2 996.0 1.6246 14.0 51.0 3.3071 0.0 2.174 0.0 0.2 996.0 1.5627 14.0 51.0 4.4071 0.0 2.174 0.0 0.2 996.0 1.5627 14.0 
0.01747 236.21641 109.0 2098.0 3.0 47.0 0.0 -3.0929 0.0 -0.426 0.42426 1001.0 1.8802 13.0 45.0 0.0 -1.0929 0.0 -1.826 0.36056 1001.0 1.7236 12.0 45.0 0.7071 0.0 0.0 -2.726 0.36056 1000.0 1.591 11.0 47.0 2.4071 0.0 0.0 -3.326 0.31623 999.0 1.6116 11.0 53.0 4.0071 0.0 0.0 -3.526 0.22361 996.0 1.6877 11.0 
0.05991 226.22841 98.0 2099.0 3.0 59.0 0.0 -1.5929 2.874 0.0 0.36056 997.0 2.2221 15.0 64.0 0.5071 0.0 1.974 0.0 0.31623 994.0 2.2019 13.0 70.0 2.6071 0.0 1.574 0.0 0.3 991.0 2.2749 12.0 72.0 4.6071 0.0 1.374 0.0 0.31623 989.0 2.2062 11.0 69.0 6.3071 0.0 1.174 0.0 0.3 989.0 2.0261 11.0 
0.0139 289.26537 83.0 2101.0 3.0 51.0 0.0 -2.8929 3.074 0.0 0.5099 1002.0 2.4151 19.0 59.0 0.4071 0.0 2.574 0.0 0.60828 1001.0 2.5 16.0 61.0 3.7071 0.0 2.074 0.0 0.5099 1000.0 2.5 14.0 57.0 6.6071 0.0 1.974 0.0 0.4 1000.0 2.5 14.0 53.0 9.1071 0.0 2.274 0.0 0.3 1000.0 2.207 14.0 
0.02467 229.16128 112.0 2112.0 3.0 48.0 0.0 -2.9929 0.574 0.0 0.44721 999.0 1.6809 12.0 46.0 0.0 -1.4929 0.0 -1.426 0.42426 998.0 1.4408 11.0 46.0 0.0071 0.0 0.0 -2.926 0.28284 997.0 1.3508 12.0 51.0 1.5071 0.0 0.0 -4.026 0.36056 996.0 1.5627 12.0 57.0 3.1071 0.0 0.0 -4.926 0.28284 993.0 1.6592 10.0 
0.02085 266.00859 90.0 2118.0 3.0 66.0 0.0 -0.4929 4.974 0.0 0.80623 999.0 2.5 16.0 71.0 1.8071 0.0 1.574 0.0 0.56569 997.0 2.5 15.0 72.0 4.3071 0.0 0.0 -0.926 0.5 995.0 2.5 13.0 69.0 6.5071 0.0 0.0 -2.826 0.42426 994.0 2.5 13.0 63.0 8.2071 0.0 0.0 -4.326 0.36056 995.0 2.2521 13.0 
0.03694 229.33917 101.0 2121.0 3.0 63.0 0.0 -4.0929 0.274 0.0 0.5831 997.0 2.5 13.0 64.0 0.0 -1.3929 0.0 -1.526 0.5 995.0 2.3242 12.0 67.0 0.9071 0.0 0.0 -2.826 0.44721 991.0 2.0841 10.0 77.0 3.0071 0.0 0.0 -3.626 0.41231 984.0 2.0882 10.0 94.0 5.0071 0.0 0.0 -4.126 0.3 970.0 2.0988 8.0 
0.02977 249.69441 94.0 2124.0 3.0 63.0 0.0 -0.3929 4.374 0.0 0.64031 998.0 2.5 13.0 62.0 1.6071 0.0 1.574 0.0 0.56569 998.0 2.5 16.0 66.0 3.5071 0.0 0.0 -0.526 0.42426 994.0 2.3416 13.0 68.0 5.3071 0.0 0.0 -2.126 0.36056 992.0 2.249 12.0 68.0 7.0071 0.0 0.0 -3.526 0.36056 992.0 2.249 12.0 
0.02549 252.98715 98.0 2139.0 3.0 60.0 0.0 -4.2929 1.774 0.0 0.72111 1001.0 2.5 15.0 58.0 0.0 -1.6929 0.0 -1.526 0.56569 1000.0 2.5 16.0 56.0 0.7071 0.0 0.0 -3.826 0.5 999.0 2.2879 14.0 57.0 3.0071 0.0 0.0 -5.326 0.41231 998.0 2.2123 13.0 61.0 5.2071 0.0 0.0 -6.026 0.3 996.0 2.2356 14.0 
0.09682 227.10248 99.0 2140.0 3.0 50.0 0.0 -0.2929 3.074 0.0 0.36056 999.0 1.8239 19.0 53.0 1.3071 0.0 1.574 0.0 0.36056 997.0 1.7931 17.0 60.0 3.0071 0.0 0.274 0.0 0.36056 995.0 2.0427 18.0 64.0 4.5071 0.0 0.0 -0.926 0.36056 993.0 2.0918 16.0 67.0 6.0071 0.0 0.0 -2.026 0.28284 991.0 2.0841 14.0 
0.01993 271.24154 92.0 2141.0 3.0 66.0 0.0 -3.3929 0.0 -1.626 0.53852 999.0 2.5 13.0 65.0 0.0 -0.2929 0.0 -2.426 0.5099 996.0 2.5 12.0 70.0 2.4071 0.0 0.0 -2.926 0.4 994.0 2.5 13.0 79.0 4.8071 0.0 0.0 -3.126 0.4 988.0 2.5 10.0 81.0 7.2071 0.0 0.0 -3.426 0.41231 988.0 2.5 10.0 
0.06121 269.08301 94.0 2142.0 3.0 64.0 0.0 -0.4929 3.674 0.0 0.42426 992.0 1.9922 10.0 72.0 1.4071 0.0 1.974 0.0 0.36056 990.0 2.3021 15.0 83.0 3.3071 0.0 0.674 0.0 0.36056 984.0 2.4263 12.0 94.0 5.2071 0.0 0.0 -0.426 0.31623 975.0 2.375 10.0 105.0 7.1071 0.0 0.0 -1.226 0.31623 965.0 2.346 9.0 
0.0294 260.97246 109.0 2150.0 3.0 44.0 0.0 -2.8929 0.0 -0.326 0.42426 1000.0 1.5211 13.0 45.0 0.0 -1.1929 0.0 -2.026 0.42426 1000.0 1.591 12.0 47.0 0.6071 0.0 0.0 -3.326 0.36056 999.0 1.6116 15.0 51.0 2.4071 0.0 0.0 -4.226 0.22361 997.0 1.6604 13.0 55.0 4.1071 0.0 0.0 -4.826 0.2 995.0 1.7165 11.0 
0.02899 258.85349 98.0 2158.0 3.0 60.0 0.2071 0.0 3.874 0.0 0.5831 996.0 2.1629 16.0 65.0 1.8071 0.0 1.474 0.0 0.5 994.0 2.2712 15.0 72.0 3.4071 0.0 0.0 -0.426 0.42426 990.0 2.3021 14.0 73.0 4.9071 0.0 0.0 -1.826 0.28284 988.0 2.1772 13.0 70.0 6.3071 0.0 0.0 -2.926 0.28284 988.0 2.0019 14.0 
0.01522 291.66835 102.0 2166.0 3.0 59.0 0.0 -2.4929 0.0 -2.026 0.41231 996.0 2.0914 9.0 63.0 0.0 -0.0929 0.0 -2.626 0.41231 994.0 2.1336 10.0 70.0 2.0071 0.0 0.0 -3.026 0.3 987.0 1.9249 8.0 85.0 3.7071 0.0 0.0 -3.226 0.31623 978.0 2.1084 8.0 116.0 5.2071 0.0 0.0 -3.426 0.3 949.0 2.1474 6.0 
0.04765 280.73887 224.0 2175.0 3.0 48.0 0.0 -0.3929 2.874 0.0 0.31623 999.0 1.6809 17.0 52.0 1.1071 0.0 2.274 0.0 0.31623 997.0 1.7261 15.0 53.0 2.6071 0.0 1.874 0.0 0.22361 996.0 1.6877 14.0 52.0 3.8071 0.0 1.374 0.0 0.14142 996.0 1.6246 14.0 50.0 4.7071 0.0 0.874 0.0 0.14142 995.0 1.4186 14.0 
0.04455 267.54699 85.0 2179.0 3.0 87.0 0.0 -0.8929 4.674 0.0 0.72111 991.0 2.5 10.0 95.0 1.9071 0.0 1.474 0.0 0.56569 985.0 2.5 9.0 97.0 4.3071 0.0 0.0 -1.026 0.56569 981.0 2.5 9.0 86.0 6.5071 0.0 0.0 -3.026 0.42426 986.0 2.5 9.0 73.0 8.3071 0.0 0.0 -4.726 0.28284 990.0 2.3665 11.0 
0.0823 220.17673 48.0 2191.0 3.0 59.0 0.0 -1.1929 3.674 0.0 0.5 1000.0 2.5 19.0 62.0 1.2071 0.0 1.574 0.0 0.5 998.0 2.5 16.0 61.0 3.5071 0.0 0.0 -0.226 0.36056 998.0 2.5 16.0 56.0 5.6071 0.0 0.0 -1.626 0.36056 999.0 2.2879 17.0 50.0 7.5071 0.0 0.0 -2.626 0.31623 1000.0 1.9642 18.0 
0.02256 291.93942 86.0 2194.0 3.0 86.0 0.0 -0.1929 4.774 0.0 0.72111 992.0 2.5 12.0 91.0 2.1071 0.0 1.574 0.0 0.64031 986.0 2.5 10.0 95.0 4.8071 0.0 0.0 -0.726 0.5 984.0 2.5 9.0 85.0 7.3071 0.0 0.0 -2.526 0.5 988.0 2.5 10.0 73.0 9.5071 0.0 0.0 -4.126 0.36056 992.0 2.5 11.0 
0.04666 235.74859 90.0 2204.0 3.0 57.0 0.0 -1.3929 4.074 0.0 0.56569 1001.0 2.5 22.0 61.0 1.3071 0.0 1.674 0.0 0.56569 1000.0 2.5 19.0 62.0 3.9071 0.0 0.0 -0.226 0.44721 999.0 2.5 17.0 58.0 6.3071 0.0 0.0 -1.226 0.31623 998.0 2.2906 16.0 53.0 8.2071 0.0 0.0 -1.426 0.3 998.0 1.9127 16.0 
0.06372 212.05435 91.0 2208.0 3.0 58.0 0.0 -1.0929 3.274 0.0 0.56569 1000.0 2.5 19.0 62.0 1.5071 0.0 1.174 0.0 0.5831 999.0 2.5 18.0 57.0 4.0071 0.0 0.0 -0.526 0.5 1000.0 2.5 18.0 51.0 6.0071 0.0 0.0 -1.926 0.36056 1000.0 2.0435 18.0 46.0 7.7071 0.0 0.0 -3.026 0.31623 1000.0 1.6625 19.0 
0.09606 204.62411 87.0 2217.0 3.0 102.0 0.0 -2.1929 3.774 0.0 0.64031 978.0 2.5 7.0 118.0 1.1071 0.0 1.474 0.0 0.5831 967.0 2.5 7.0 136.0 4.3071 0.0 0.0 -0.226 0.5831 948.0 2.5 6.0 131.0 7.0071 0.0 0.0 -1.526 0.44721 946.0 2.5 5.0 129.0 9.1071 0.0 0.0 -2.226 0.31623 941.0 2.3606 5.0 
0.07532 226.19519 326.0 2220.0 3.0 65.0 0.0 -0.9929 3.374 0.0 0.56569 996.0 2.5 13.0 72.0 1.4071 0.0 1.474 0.0 0.5 993.0 2.5 13.0 75.0 3.8071 0.0 0.0 -0.026 0.44721 991.0 2.5 11.0 72.0 5.8071 0.0 0.0 -1.226 0.31623 990.0 2.3021 11.0 65.0 7.3071 0.0 0.0 -2.026 0.22361 990.0 1.8762 11.0 
0.06815 285.61028 91.0 2221.0 3.0 66.0 0.0 -1.7929 3.274 0.0 0.44721 995.0 2.4717 14.0 68.0 0.7071 0.0 2.474 0.0 0.41231 994.0 2.4857 13.0 71.0 3.2071 0.0 2.074 0.0 0.41231 993.0 2.5 12.0 69.0 5.6071 0.0 2.374 0.0 0.41231 993.0 2.4314 12.0 65.0 7.8071 0.0 2.874 0.0 0.4 994.0 2.2712 13.0 
0.10248 323.95852 86.0 2222.0 3.0 78.0 0.0 -2.0929 4.274 0.0 0.5831 994.0 2.5 13.0 79.0 0.9071 0.0 2.774 0.0 0.5099 992.0 2.5 12.0 87.0 3.9071 0.0 2.674 0.0 0.5099 988.0 2.5 10.0 86.0 7.0071 0.0 3.374 0.0 0.5099 989.0 2.5 10.0 78.0 9.9071 0.0 4.074 0.0 0.44721 992.0 2.5 11.0 
0.17026 219.35651 105.0 2223.0 3.0 70.0 0.0 -2.3929 1.774 0.0 0.4 991.0 2.2749 9.0 82.0 0.0 -0.0929 1.974 0.0 0.31623 981.0 2.1462 7.0 98.0 1.9071 0.0 2.274 0.0 0.3 970.0 2.2812 7.0 118.0 3.6071 0.0 2.374 0.0 0.3 950.0 2.2574 6.0 122.0 5.2071 0.0 2.474 0.0 0.3 946.0 2.269 5.0 
0.22992 208.35343 268.0 2227.0 3.0 67.0 0.0 -2.5929 1.874 0.0 0.5 995.0 2.5 18.0 75.0 0.1071 0.0 1.874 0.0 0.41231 991.0 2.5 15.0 79.0 2.7071 0.0 2.374 0.0 0.41231 989.0 2.5 14.0 76.0 5.1071 0.0 3.274 0.0 0.44721 990.0 2.5 14.0 73.0 7.1071 0.0 4.874 0.0 0.42426 991.0 2.474 15.0 
0.0402 290.10581 86.0 2230.0 3.0 78.0 0.0 -1.4929 5.974 0.0 1.0 999.0 2.5 15.0 76.0 2.0071 0.0 1.674 0.0 0.84853 999.0 2.5 18.0 72.0 5.1071 0.0 0.0 -1.326 0.64031 997.0 2.5 16.0 68.0 7.6071 0.0 0.0 -3.826 0.5 996.0 2.5 15.0 66.0 9.4071 0.0 0.0 -6.226 0.44721 995.0 2.4717 14.0 
0.06902 300.856 88.0 2231.0 3.0 65.0 0.0 -1.9929 3.974 0.0 0.67082 999.0 2.5 24.0 63.0 1.1071 0.0 2.474 0.0 0.53852 998.0 2.5 22.0 67.0 3.9071 0.0 1.874 0.0 0.5099 996.0 2.5 19.0 67.0 6.6071 0.0 1.374 0.0 0.41231 995.0 2.5 18.0 64.0 8.7071 0.0 0.574 0.0 0.31623 994.0 2.2019 17.0 
0.11045 262.79555 90.0 2234.0 3.0 59.0 0.0 -1.1929 3.874 0.0 0.5 1000.0 2.5 19.0 61.0 1.3071 0.0 1.974 0.0 0.44721 998.0 2.5 17.0 62.0 3.9071 0.0 0.874 0.0 0.44721 998.0 2.5 16.0 60.0 6.2071 0.0 0.0 -0.426 0.44721 998.0 2.4513 16.0 58.0 8.3071 0.0 0.0 -1.926 0.42426 998.0 2.2906 16.0 
0.47075 246.46416 94.0 2240.0 3.0 85.0 0.0 -3.4929 1.574 0.0 0.5099 984.0 2.5 13.0 118.0 0.0 -0.7929 2.074 0.0 0.44721 961.0 2.5 10.0 114.0 1.7071 0.0 2.974 0.0 0.44721 964.0 2.5 11.0 113.0 4.2071 0.0 4.074 0.0 0.44721 966.0 2.5 11.0 106.0 6.6071 0.0 5.374 0.0 0.5 971.0 2.5 12.0 
0.03341 291.24011 89.0 2241.0 3.0 60.0 0.0 -0.6929 4.574 0.0 0.64031 1000.0 2.5 15.0 61.0 1.6071 0.0 2.074 0.0 0.5 999.0 2.5 17.0 64.0 4.0071 0.0 0.574 0.0 0.44721 996.0 2.4609 15.0 65.0 6.3071 0.0 0.0 -0.426 0.44721 995.0 2.3974 14.0 65.0 8.4071 0.0 0.0 -1.626 0.42426 995.0 2.3974 13.0 
0.04165 315.62409 96.0 2246.0 3.0 75.0 0.0 -0.3929 4.174 0.0 0.56569 992.0 2.5 12.0 81.0 1.7071 0.0 2.274 0.0 0.5 987.0 2.5 10.0 82.0 3.6071 0.0 0.774 0.0 0.36056 985.0 2.4528 9.0 77.0 5.3071 0.0 0.0 -0.126 0.36056 986.0 2.2429 10.0 71.0 6.9071 0.0 0.0 -0.826 0.22361 988.0 2.0595 10.0 
0.1541 275.67418 86.0 2253.0 3.0 133.0 0.0 -1.6929 4.874 0.0 0.70711 951.0 2.5 8.0 157.0 1.5071 0.0 1.974 0.0 0.64031 931.0 2.5 8.0 160.0 4.4071 0.0 0.0 -0.326 0.64031 925.0 2.5 7.0 150.0 7.2071 0.0 0.0 -2.326 0.5 932.0 2.5 8.0 137.0 9.5071 0.0 0.0 -4.126 0.42426 942.0 2.5 8.0 
0.17756 241.60665 93.0 2255.0 3.0 61.0 0.0 -2.1929 1.774 0.0 0.31623 995.0 2.1114 14.0 75.0 0.1071 0.0 2.174 0.0 0.41231 991.0 2.5 11.0 82.0 2.8071 0.0 2.374 0.0 0.4 988.0 2.5 10.0 77.0 5.4071 0.0 2.474 0.0 0.41231 989.0 2.5 11.0 69.0 7.4071 0.0 2.974 0.0 0.31623 990.0 2.1142 11.0 
0.09448 245.27048 123.0 2259.0 3.0 46.0 0.0 -3.4929 0.974 0.0 0.41231 1002.0 1.9647 25.0 49.0 0.0 -0.9929 1.974 0.0 0.36056 1001.0 2.0436 23.0 48.0 1.0071 0.0 3.474 0.0 0.42426 1001.0 1.961 20.0 45.0 2.5071 0.0 4.774 0.0 0.36056 1000.0 1.591 20.0 42.0 3.8071 0.0 5.874 0.0 0.28284 1000.0 1.3859 20.0 
0.09182 296.29862 90.0 2263.0 3.0 70.0 0.0 -1.9929 4.074 0.0 0.5831 996.0 2.5 12.0 71.0 0.7071 0.0 2.574 0.0 0.5099 994.0 2.5 13.0 79.0 3.4071 0.0 2.174 0.0 0.5099 989.0 2.5 11.0 82.0 6.0071 0.0 1.874 0.0 0.4 987.0 2.5 10.0 78.0 8.1071 0.0 1.774 0.0 0.3 986.0 2.3015 10.0 
0.08521 295.62212 93.0 2266.0 3.0 67.0 0.0 -1.1929 4.074 0.0 0.5 992.0 2.1833 10.0 81.0 1.2071 0.0 2.374 0.0 0.44721 989.0 2.5 11.0 86.0 3.7071 0.0 0.974 0.0 0.36056 985.0 2.5 10.0 84.0 5.8071 0.0 0.0 -0.026 0.31623 983.0 2.4023 9.0 83.0 7.5071 0.0 0.0 -0.326 0.22361 980.0 2.1322 8.0 
0.04482 288.97303 93.0 2273.0 3.0 75.0 0.0 -0.3929 4.074 0.0 0.56569 991.0 2.5 9.0 82.0 1.8071 0.0 1.874 0.0 0.5 987.0 2.5 10.0 91.0 3.8071 0.0 0.074 0.0 0.42426 980.0 2.5 8.0 99.0 5.7071 0.0 0.0 -1.326 0.36056 972.0 2.4416 7.0 96.0 7.3071 0.0 0.0 -2.226 0.31623 972.0 2.2958 7.0 
0.02944 251.33612 97.0 2274.0 3.0 48.0 0.0 -0.4929 3.174 0.0 0.36056 1001.0 1.961 21.0 52.0 1.4071 0.0 1.774 0.0 0.36056 999.0 1.9727 18.0 55.0 3.2071 0.0 0.374 0.0 0.36056 998.0 2.0598 16.0 57.0 4.8071 0.0 0.0 -1.026 0.36056 997.0 2.074 15.0 58.0 6.4071 0.0 0.0 -2.326 0.28284 996.0 2.0211 14.0 
0.02362 242.10437 106.0 2275.0 3.0 58.0 0.0 -3.8929 0.0 -0.126 0.5831 998.0 2.2906 11.0 58.0 0.0 -1.1929 0.0 -1.826 0.5 997.0 2.1474 10.0 59.0 1.1071 0.0 0.0 -3.126 0.41231 996.0 2.0914 12.0 62.0 3.1071 0.0 0.0 -3.826 0.31623 991.0 1.7846 10.0 72.0 4.7071 0.0 0.0 -4.326 0.31623 986.0 1.961 10.0 
0.01621 245.69359 86.0 2276.0 3.0 53.0 0.0 -3.8929 1.074 0.0 0.64031 999.0 2.0493 13.0 51.0 0.0 -1.6929 0.0 -1.426 0.5 998.0 1.7711 12.0 51.0 0.2071 0.0 0.0 -3.526 0.5 997.0 1.6604 10.0 54.0 2.1071 0.0 0.0 -5.226 0.44721 997.0 1.8615 13.0 58.0 4.0071 0.0 0.0 -6.626 0.36056 994.0 1.8084 11.0 
0.06509 234.34953 92.0 2277.0 3.0 65.0 0.0 -1.1929 3.874 0.0 0.64031 997.0 2.5 9.0 67.0 1.4071 0.0 1.574 0.0 0.5 995.0 2.5 8.0 76.0 3.8071 0.0 0.0 -0.426 0.5 991.0 2.5 9.0 82.0 6.0071 0.0 0.0 -2.126 0.36056 985.0 2.4528 7.0 85.0 7.7071 0.0 0.0 -3.426 0.28284 979.0 2.1704 6.0 
0.00512 261.80536 85.0 2279.0 3.0 73.0 0.0 -4.9929 1.174 0.0 0.84853 998.0 2.5 15.0 70.0 0.0 -1.4929 0.0 -1.826 0.70711 997.0 2.5 13.0 73.0 1.7071 0.0 0.0 -4.226 0.5831 995.0 2.5 15.0 80.0 4.8071 0.0 0.0 -6.526 0.5 991.0 2.5 13.0 92.0 7.6071 0.0 0.0 -8.826 0.5831 986.0 2.5 13.0 
0.02244 291.24011 99.0 2280.0 3.0 59.0 0.1071 0.0 3.674 0.0 0.36056 995.0 1.9752 11.0 64.0 1.6071 0.0 2.074 0.0 0.36056 993.0 2.0918 13.0 64.0 3.2071 0.0 0.874 0.0 0.28284 991.0 1.9016 9.0 66.0 4.7071 0.0 0.0 -0.326 0.36056 990.0 1.9344 9.0 65.0 6.2071 0.0 0.0 -1.526 0.36056 991.0 1.9615 9.0 
0.04405 312.12968 91.0 2281.0 3.0 49.0 0.0 -0.2929 3.774 0.0 0.36056 999.0 1.7517 19.0 58.0 1.5071 0.0 2.374 0.0 0.36056 997.0 2.1474 15.0 63.0 3.6071 0.0 1.274 0.0 0.36056 996.0 2.3846 14.0 64.0 5.7071 0.0 0.474 0.0 0.31623 995.0 2.3242 13.0 63.0 7.7071 0.0 0.0 -0.126 0.41231 995.0 2.2521 13.0 
0.04886 221.16333 100.0 2283.0 3.0 44.0 0.0 -0.3929 2.574 0.0 0.28284 999.0 1.4124 14.0 46.0 0.9071 0.0 1.774 0.0 0.22361 997.0 1.3508 13.0 54.0 2.3071 0.0 1.174 0.0 0.22361 996.0 1.752 14.0 64.0 3.8071 0.0 0.574 0.0 0.31623 992.0 1.9922 12.0 69.0 5.4071 0.0 0.074 0.0 0.3 989.0 2.0261 11.0 
0.02545 273.31587 92.0 2285.0 3.0 55.0 0.9071 0.0 3.174 0.0 0.44721 997.0 1.931 15.0 59.0 2.1071 0.0 1.274 0.0 0.36056 996.0 2.0914 14.0 62.0 3.5071 0.0 0.0 -0.326 0.36056 994.0 2.0664 13.0 67.0 5.3071 0.0 0.0 -1.626 0.36056 993.0 2.2925 12.0 69.0 7.3071 0.0 0.0 -2.726 0.44721 993.0 2.4314 12.0 
0.12492 212.86566 93.0 2286.0 3.0 57.0 0.0 -1.9929 2.274 0.0 0.4 997.0 2.074 9.0 65.0 0.4071 0.0 1.874 0.0 0.41231 995.0 2.3974 10.0 75.0 2.7071 0.0 1.474 0.0 0.41231 990.0 2.4979 8.0 79.0 5.0071 0.0 0.874 0.0 0.41231 988.0 2.5 7.0 72.0 7.1071 0.0 0.174 0.0 0.31623 991.0 2.4067 8.0 
0.0345 234.34953 97.0 2289.0 3.0 56.0 0.0071 0.0 3.274 0.0 0.36056 994.0 1.6858 11.0 61.0 1.4071 0.0 1.574 0.0 0.42426 993.0 1.9003 13.0 72.0 3.1071 0.0 0.274 0.0 0.28284 988.0 2.1179 12.0 86.0 4.8071 0.0 0.0 -0.826 0.36056 980.0 2.2891 11.0 98.0 6.5071 0.0 0.0 -1.626 0.3 970.0 2.2812 9.0 
0.0578 286.24501 91.0 2293.0 3.0 82.0 0.0 -1.2929 3.474 0.0 0.36056 982.0 2.2154 7.0 99.0 1.0071 0.0 2.374 0.0 0.5099 975.0 2.5 8.0 117.0 3.6071 0.0 1.774 0.0 0.41231 960.0 2.5 6.0 114.0 5.9071 0.0 1.274 0.0 0.4 960.0 2.5 6.0 105.0 7.9071 0.0 1.174 0.0 0.31623 965.0 2.346 7.0 
0.06897 219.43626 98.0 2294.0 3.0 62.0 0.0 -1.6929 2.474 0.0 0.31623 991.0 1.7846 9.0 75.0 0.1071 0.0 1.974 0.0 0.4 985.0 2.0519 8.0 93.0 2.4071 0.0 1.574 0.0 0.31623 977.0 2.4538 8.0 112.0 4.5071 0.0 1.274 0.0 0.3 958.0 2.3295 6.0 124.0 6.3071 0.0 1.374 0.0 0.3 945.0 2.3095 5.0 
0.10858 325.6182 91.0 2296.0 3.0 86.0 0.0 -1.0929 3.674 0.0 0.44721 983.0 2.5 7.0 98.0 1.4071 0.0 2.574 0.0 0.44721 976.0 2.5 8.0 117.0 3.7071 0.0 1.474 0.0 0.36056 958.0 2.5 6.0 111.0 5.8071 0.0 0.374 0.0 0.36056 963.0 2.5 6.0 105.0 7.7071 0.0 0.0 -0.726 0.36056 967.0 2.448 7.0 
0.05494 296.78557 90.0 2298.0 3.0 66.0 0.0 -0.4929 3.974 0.0 0.5831 996.0 2.5 12.0 71.0 1.9071 0.0 1.874 0.0 0.56569 994.0 2.5 13.0 77.0 4.1071 0.0 0.0 -0.226 0.42426 990.0 2.5 11.0 81.0 6.2071 0.0 0.0 -2.026 0.36056 987.0 2.5 10.0 84.0 8.2071 0.0 0.0 -3.326 0.36056 983.0 2.4023 9.0 
0.10838 265.39138 93.0 2305.0 3.0 55.0 0.0 -0.3929 3.174 0.0 0.42426 1000.0 2.3767 19.0 57.0 1.7071 0.0 1.674 0.0 0.44721 999.0 2.3703 17.0 55.0 3.8071 0.0 0.474 0.0 0.31623 999.0 2.2069 17.0 51.0 5.7071 0.0 0.0 -0.226 0.31623 999.0 1.8976 17.0 47.0 7.4071 0.0 0.0 -0.526 0.3 999.0 1.6116 18.0 
0.07697 245.98277 101.0 2307.0 3.0 56.0 0.0 -0.7929 3.074 0.0 0.36056 998.0 2.1353 15.0 57.0 1.0071 0.0 1.974 0.0 0.31623 996.0 1.952 14.0 59.0 2.5071 0.0 1.174 0.0 0.36056 994.0 1.8713 13.0 61.0 3.9071 0.0 0.374 0.0 0.31623 993.0 1.9003 12.0 65.0 5.4071 0.0 0.0 -0.326 0.22361 991.0 1.9615 11.0 
0.02148 250.44036 95.0 2309.0 3.0 55.0 0.0 -3.3929 0.0 -0.726 0.5 1000.0 2.3767 15.0 56.0 0.0 -0.9929 0.0 -2.026 0.44721 998.0 2.1353 13.0 61.0 1.4071 0.0 0.0 -2.826 0.41231 995.0 2.1114 11.0 71.0 3.8071 0.0 0.0 -3.326 0.41231 992.0 2.4518 12.0 79.0 6.2071 0.0 0.0 -3.626 0.31623 988.0 2.5 10.0 
0.04525 250.35032 99.0 2315.0 3.0 96.0 0.0 -0.3929 4.074 0.0 0.56569 982.0 2.5 9.0 101.0 1.7071 0.0 1.474 0.0 0.56569 975.0 2.5 8.0 118.0 3.6071 0.0 0.0 -0.726 0.42426 956.0 2.495 6.0 128.0 5.2071 0.0 0.0 -2.326 0.42426 943.0 2.3906 5.0 120.0 6.6071 0.0 0.0 -3.726 0.28284 949.0 2.2981 6.0 
0.01798 248.34911 90.0 2323.0 3.0 58.0 0.0 -4.0929 0.674 0.0 0.70711 1000.0 2.5 17.0 59.0 0.0 -1.2929 0.0 -1.826 0.64031 999.0 2.5 15.0 64.0 1.7071 0.0 0.0 -3.926 0.5831 998.0 2.5 14.0 72.0 4.9071 0.0 0.0 -5.926 0.67082 997.0 2.5 16.0 76.0 8.3071 0.0 0.0 -7.726 0.53852 993.0 2.5 14.0 
0.03988 285.772 98.0 2326.0 3.0 48.0 0.0 -0.3929 2.974 0.0 0.31623 999.0 1.6809 17.0 53.0 1.2071 0.0 2.274 0.0 0.31623 997.0 1.7931 15.0 56.0 2.8071 0.0 1.574 0.0 0.28284 996.0 1.8841 14.0 57.0 4.4071 0.0 0.774 0.0 0.22361 996.0 1.952 14.0 57.0 6.0071 0.0 0.174 0.0 0.2 996.0 1.952 14.0 
0.11313 225.8414 108.0 2330.0 3.0 58.0 0.0 -2.7929 1.474 0.0 0.41231 998.0 2.2906 13.0 58.0 0.0 -0.4929 1.974 0.0 0.41231 997.0 2.1474 13.0 63.0 1.5071 0.0 2.274 0.0 0.31623 994.0 2.1336 13.0 66.0 3.3071 0.0 2.374 0.0 0.3 991.0 2.0223 11.0 69.0 4.9071 0.0 2.274 0.0 0.22361 989.0 2.0261 11.0 
0.04169 304.80217 97.0 2332.0 3.0 69.0 0.0 -0.1929 3.974 0.0 0.56569 994.0 2.5 10.0 68.0 2.0071 0.0 1.874 0.0 0.42426 994.0 2.4857 13.0 66.0 3.9071 0.0 0.174 0.0 0.42426 992.0 2.1186 9.0 63.0 5.5071 0.0 0.0 -1.426 0.36056 993.0 2.0269 10.0 58.0 6.9071 0.0 0.0 -2.926 0.28284 995.0 1.9088 10.0 
0.12627 241.31529 100.0 2335.0 3.0 61.0 0.0 -2.5929 2.474 0.0 0.41231 997.0 2.3753 13.0 65.0 0.0071 0.0 2.174 0.0 0.5 996.0 2.5 14.0 69.0 2.4071 0.0 1.974 0.0 0.4 992.0 2.3156 12.0 69.0 4.4071 0.0 1.674 0.0 0.2 990.0 2.1142 11.0 69.0 6.0071 0.0 1.374 0.0 0.22361 989.0 2.0261 11.0 
0.09286 266.93657 109.0 2344.0 3.0 68.0 0.0 -0.3929 3.574 0.0 0.42426 994.0 2.4857 13.0 67.0 1.5071 0.0 1.874 0.0 0.36056 993.0 2.2925 12.0 67.0 3.1071 0.0 0.474 0.0 0.36056 992.0 2.1833 12.0 66.0 4.4071 0.0 0.0 -0.826 0.28284 991.0 2.0223 11.0 62.0 5.5071 0.0 0.0 -1.826 0.28284 992.0 1.8696 12.0 
0.03819 257.4881 104.0 2346.0 3.0 49.0 0.0 -3.0929 0.0 -0.326 0.42426 998.0 1.6349 10.0 52.0 0.0 -1.2929 0.0 -1.926 0.36056 997.0 1.7261 13.0 59.0 0.6071 0.0 0.0 -3.026 0.41231 994.0 1.8713 11.0 67.0 2.7071 0.0 0.0 -3.726 0.31623 989.0 1.9104 9.0 80.0 4.6071 0.0 0.0 -4.226 0.3 982.0 2.1086 9.0 
0.03175 290.10581 158.0 2348.0 3.0 44.0 1.1071 0.0 3.574 0.0 0.31623 1000.0 1.5211 16.0 45.0 2.0071 0.0 1.674 0.0 0.28284 999.0 1.4773 17.0 48.0 3.1071 0.0 0.374 0.0 0.28284 998.0 1.5688 16.0 52.0 4.2071 0.0 0.0 -0.426 0.22361 995.0 1.5343 14.0 54.0 5.3071 0.0 0.0 -0.826 0.2 994.0 1.5675 13.0 
0.01926 285.73967 104.0 2349.0 3.0 58.0 0.0 -3.9929 0.0 -0.626 0.5831 999.0 2.4542 11.0 58.0 0.0 -1.2929 0.0 -2.226 0.44721 998.0 2.2906 14.0 60.0 1.2071 0.0 0.0 -3.326 0.41231 996.0 2.1629 12.0 63.0 3.4071 0.0 0.0 -3.926 0.31623 992.0 1.9304 10.0 73.0 5.1071 0.0 0.0 -4.326 0.31623 987.0 2.0934 10.0 
0.04328 286.24501 94.0 2351.0 3.0 57.0 0.0 -1.4929 3.274 0.0 0.5099 1000.0 2.5 14.0 58.0 1.0071 0.0 2.374 0.0 0.41231 998.0 2.2906 12.0 57.0 3.1071 0.0 1.174 0.0 0.36056 998.0 2.2123 12.0 56.0 5.0071 0.0 0.0 -0.126 0.36056 998.0 2.1353 12.0 54.0 6.8071 0.0 0.0 -1.226 0.31623 998.0 1.9855 12.0 
0.02446 230.71254 91.0 2352.0 3.0 45.0 0.0 -3.2929 0.0 -0.726 0.36056 1000.0 1.591 12.0 50.0 0.0 -0.9929 0.0 -1.826 0.44721 1000.0 1.9642 11.0 57.0 1.5071 0.0 0.0 -3.226 0.5831 999.0 2.3703 14.0 65.0 4.3071 0.0 0.0 -5.026 0.5831 997.0 2.5 12.0 74.0 7.4071 0.0 0.0 -6.826 0.5831 995.0 2.5 12.0 
0.05931 242.10437 92.0 2353.0 3.0 58.0 0.0 -3.9929 0.174 0.0 0.64031 999.0 2.4542 17.0 57.0 0.0 -1.1929 0.0 -1.826 0.5831 998.0 2.2123 15.0 61.0 1.6071 0.0 0.0 -3.426 0.53852 997.0 2.3753 13.0 66.0 4.5071 0.0 0.0 -4.926 0.5831 996.0 2.5 16.0 72.0 7.3071 0.0 0.0 -6.426 0.53852 993.0 2.5 13.0 
0.10826 285.61028 88.0 2363.0 3.0 72.0 0.0 -2.1929 2.774 0.0 0.5 992.0 2.5 13.0 82.0 0.7071 0.0 2.474 0.0 0.5099 989.0 2.5 14.0 91.0 3.5071 0.0 1.374 0.0 0.5831 984.0 2.5 12.0 92.0 6.2071 0.0 0.0 -0.126 0.53852 983.0 2.5 12.0 88.0 9.1071 0.0 0.0 -1.426 0.44721 986.0 2.5 13.0 
0.02108 281.08844 99.0 2367.0 3.0 60.0 0.4071 0.0 3.874 0.0 0.44721 997.0 2.2981 15.0 59.0 1.8071 0.0 1.774 0.0 0.42426 996.0 2.0914 14.0 59.0 3.2071 0.0 0.074 0.0 0.36056 994.0 1.8713 10.0 71.0 4.5071 0.0 0.0 -1.326 0.28284 989.0 2.1453 10.0 68.0 5.9071 0.0 0.0 -2.226 0.22361 990.0 2.0534 11.0 
0.01543 285.43508 94.0 2371.0 3.0 68.0 0.3071 0.0 3.674 0.0 0.5 994.0 2.4857 13.0 75.0 2.1071 0.0 1.474 0.0 0.42426 989.0 2.3938 11.0 80.0 3.8071 0.0 0.0 -0.126 0.42426 985.0 2.3346 10.0 85.0 5.5071 0.0 0.0 -1.326 0.36056 980.0 2.2362 9.0 84.0 7.2071 0.0 0.0 -2.226 0.31623 980.0 2.1839 9.0 
0.06841 269.08301 92.0 2374.0 3.0 57.0 0.0 -0.2929 3.274 0.0 0.36056 996.0 1.952 11.0 65.0 1.4071 0.0 1.974 0.0 0.36056 993.0 2.1576 12.0 73.0 3.1071 0.0 0.874 0.0 0.31623 989.0 2.2679 11.0 82.0 5.0071 0.0 0.174 0.0 0.41231 983.0 2.2892 9.0 96.0 7.2071 0.0 0.0 -0.026 0.4 975.0 2.4771 8.0 
0.02441 266.93657 94.0 2377.0 3.0 47.0 0.0 -0.5929 3.374 0.0 0.5 1001.0 1.8802 17.0 52.0 1.5071 0.0 1.874 0.0 0.5 1000.0 2.1245 19.0 57.0 3.6071 0.0 0.174 0.0 0.42426 999.0 2.3703 17.0 57.0 5.4071 0.0 0.0 -1.526 0.42426 998.0 2.2123 16.0 56.0 7.1071 0.0 0.0 -3.026 0.28284 998.0 2.1353 15.0 
0.02747 326.56997 85.0 2385.0 3.0 68.0 0.0 -3.5929 0.0 -3.126 0.7 999.0 2.5 14.0 74.0 0.3071 0.0 0.0 -2.926 0.6 996.0 2.5 12.0 78.0 4.0071 0.0 0.0 -2.626 0.60828 994.0 2.5 13.0 80.0 7.3071 0.0 0.0 -1.826 0.53852 991.0 2.5 10.0 83.0 10.3071 0.0 0.0 -0.526 0.44721 988.0 2.5 8.0 
0.23901 231.28273 97.0 2388.0 3.0 71.0 0.0 -3.4929 0.0 -0.126 0.5 991.0 2.3403 9.0 87.0 0.0 -1.0929 1.774 0.0 0.5 982.0 2.4938 7.0 106.0 1.4071 0.0 3.474 0.0 0.44721 971.0 2.5 7.0 113.0 3.9071 0.0 4.174 0.0 0.4 964.0 2.5 6.0 100.0 6.1071 0.0 4.374 0.0 0.4 971.0 2.4318 7.0 
0.00624 221.26748 77.0 2392.0 3.0 70.0 0.0 -4.2929 2.874 0.0 0.86023 999.0 2.5 11.0 71.0 0.0 -1.3929 0.0 -1.426 0.80623 997.0 2.5 10.0 71.0 1.1071 0.0 0.0 -5.226 0.72111 996.0 2.5 10.0 74.0 3.4071 0.0 0.0 -8.426 0.5 992.0 2.5 10.0 83.0 5.5071 0.0 0.0 -10.726 0.42426 984.0 2.4263 7.0 
0.04537 281.67125 85.0 2396.0 3.0 68.0 0.0 -1.2929 5.074 0.0 0.84853 1000.0 2.5 15.0 71.0 1.9071 0.0 1.674 0.0 0.70711 998.0 2.5 13.0 71.0 4.9071 0.0 0.0 -1.226 0.5831 997.0 2.5 16.0 73.0 7.6071 0.0 0.0 -3.126 0.5 994.0 2.5 13.0 72.0 10.0071 0.0 0.0 -4.326 0.44721 992.0 2.5 12.0 
0.03817 288.58221 101.0 2399.0 3.0 49.0 0.8071 0.0 3.574 0.0 0.44721 999.0 1.7517 11.0 48.0 2.2071 0.0 1.374 0.0 0.36056 998.0 1.5688 10.0 50.0 3.5071 0.0 0.0 -0.626 0.36056 997.0 1.5959 10.0 54.0 4.7071 0.0 0.0 -2.526 0.36056 996.0 1.752 12.0 62.0 6.0071 0.0 0.0 -4.426 0.36056 992.0 1.8696 10.0 
0.02374 309.0876 107.0 2403.0 3.0 66.0 0.0 -0.0929 3.774 0.0 0.42426 992.0 2.1186 14.0 75.0 1.6071 0.0 2.274 0.0 0.36056 988.0 2.2981 13.0 78.0 3.1071 0.0 1.174 0.0 0.28284 984.0 2.1428 12.0 80.0 4.3071 0.0 0.274 0.0 0.28284 980.0 1.9808 11.0 85.0 5.4071 0.0 0.0 -0.526 0.22361 976.0 1.9944 10.0 
0.08116 281.57238 104.0 2404.0 3.0 70.0 0.0 -0.4929 3.874 0.0 0.42426 992.0 2.3832 12.0 69.0 1.3071 0.0 2.174 0.0 0.36056 990.0 2.1142 10.0 81.0 2.9071 0.0 0.874 0.0 0.36056 983.0 2.2337 9.0 94.0 4.4071 0.0 0.0 -0.326 0.22361 972.0 2.2012 7.0 101.0 5.7071 0.0 0.0 -1.226 0.22361 964.0 2.1263 7.0 
0.00617 275.26 91.0 2410.0 3.0 63.0 0.0 -4.4929 0.0 -0.326 0.72111 999.0 2.5 11.0 64.0 0.0 -1.0929 0.0 -2.226 0.64031 998.0 2.5 10.0 69.0 2.1071 0.0 0.0 -4.426 0.64031 997.0 2.5 13.0 71.0 5.0071 0.0 0.0 -6.526 0.5831 993.0 2.5 10.0 76.0 7.7071 0.0 0.0 -7.826 0.41231 987.0 2.269 8.0 
0.03739 232.11335 96.0 2416.0 3.0 43.0 0.0 -0.4929 2.674 0.0 0.36056 1000.0 1.4527 16.0 47.0 1.1071 0.0 1.774 0.0 0.31623 999.0 1.6116 14.0 52.0 2.8071 0.0 1.174 0.0 0.31623 996.0 1.6246 12.0 61.0 4.6071 0.0 0.774 0.0 0.31623 994.0 2.0003 13.0 67.0 6.5071 0.0 0.674 0.0 0.3 991.0 2.0841 12.0 
0.05485 230.44483 103.0 2420.0 3.0 30.0 0.0 -1.0929 2.174 0.0 0.1 1001.0 1.0 18.0 36.0 0.0 -0.0929 2.074 0.0 0.2 1000.0 1.0182 16.0 42.0 1.3071 0.0 1.874 0.0 0.2 999.0 1.2869 15.0 49.0 2.9071 0.0 1.574 0.0 0.3 999.0 1.7517 17.0 56.0 4.6071 0.0 1.274 0.0 0.3 996.0 1.8841 14.0 
0.09256 220.31659 86.0 2421.0 3.0 51.0 0.0 -2.6929 2.574 0.0 0.5099 1002.0 2.4151 18.0 55.0 0.2071 0.0 1.974 0.0 0.5099 1001.0 2.5 16.0 55.0 3.0071 0.0 1.174 0.0 0.41231 1000.0 2.3767 14.0 52.0 5.4071 0.0 0.374 0.0 0.4 1000.0 2.1245 14.0 49.0 7.5071 0.0 0.074 0.0 0.4 1000.0 1.8864 14.0 
0.04642 304.66834 96.0 2422.0 3.0 49.0 0.5071 0.0 3.174 0.0 0.28284 998.0 1.6349 17.0 54.0 1.9071 0.0 1.974 0.0 0.31623 996.0 1.752 19.0 62.0 3.4071 0.0 1.174 0.0 0.31623 993.0 1.9631 16.0 67.0 5.0071 0.0 0.774 0.0 0.3 990.0 1.9935 14.0 73.0 6.7071 0.0 0.674 0.0 0.2 986.0 2.0159 13.0 
0.00967 238.9917 77.0 2423.0 3.0 69.0 0.0 -4.1929 3.574 0.0 0.89443 996.0 2.5 14.0 73.0 0.0 -1.8929 0.0 -1.026 0.80623 994.0 2.5 13.0 74.0 0.4071 0.0 0.0 -5.026 0.72111 991.0 2.5 11.0 77.0 2.5071 0.0 0.0 -8.226 0.64031 988.0 2.4223 12.0 86.0 4.5071 0.0 0.0 -10.626 0.42426 981.0 2.3606 12.0 
0.10481 300.856 98.0 2430.0 3.0 68.0 0.0 -0.5929 3.674 0.0 0.36056 992.0 2.249 12.0 72.0 1.1071 0.0 2.474 0.0 0.31623 989.0 2.2062 11.0 75.0 2.8071 0.0 1.674 0.0 0.31623 987.0 2.2097 10.0 78.0 4.6071 0.0 1.274 0.0 0.3 985.0 2.2193 10.0 78.0 6.4071 0.0 1.174 0.0 0.2 984.0 2.1428 9.0 
0.03025 222.00739 114.0 2436.0 3.0 41.0 0.0 -2.6929 0.0 -0.226 0.36056 1000.0 1.3207 11.0 44.0 0.0 -1.2929 0.0 -1.526 0.28284 998.0 1.3183 10.0 48.0 0.1071 0.0 0.0 -2.626 0.22361 998.0 1.5688 13.0 54.0 1.6071 0.0 0.0 -3.426 0.22361 995.0 1.6546 11.0 64.0 3.2071 0.0 0.0 -4.026 0.22361 989.0 1.7431 9.0 
0.05458 242.73765 98.0 2447.0 3.0 76.0 0.0 -0.5929 4.274 0.0 0.5831 994.0 2.5 13.0 75.0 1.4071 0.0 1.674 0.0 0.42426 992.0 2.5 12.0 73.0 3.2071 0.0 0.0 -0.226 0.36056 990.0 2.3665 11.0 72.0 4.8071 0.0 0.0 -1.226 0.2 988.0 2.1179 10.0 73.0 6.3071 0.0 0.0 -1.426 0.2 986.0 2.0159 10.0 
0.08404 241.889 116.0 2451.0 3.0 64.0 0.0071 0.0 2.874 0.0 0.42426 993.0 2.0918 12.0 67.0 1.5071 0.0 1.574 0.0 0.31623 990.0 1.9935 11.0 78.0 3.0071 0.0 0.674 0.0 0.22361 983.0 2.0713 9.0 86.0 4.2071 0.0 0.074 0.0 0.22361 975.0 1.9879 8.0 90.0 5.1071 0.0 0.0 -0.526 0.1 970.0 1.924 7.0 
0.08129 275.67418 90.0 2483.0 3.0 64.0 0.0 -1.1929 3.974 0.0 0.64031 999.0 2.5 17.0 64.0 1.5071 0.0 1.974 0.0 0.53852 998.0 2.5 16.0 65.0 4.1071 0.0 0.474 0.0 0.5 997.0 2.5 15.0 64.0 6.4071 0.0 0.0 -1.426 0.5 997.0 2.5 15.0 58.0 8.3071 0.0 0.0 -3.226 0.36056 997.0 2.1474 16.0 
0.28966 230.52074 92.0 2485.0 3.0 85.0 0.0 -3.8929 1.974 0.0 0.7 993.0 2.5 10.0 88.0 0.1071 0.0 2.074 0.0 0.5099 989.0 2.5 11.0 93.0 3.2071 0.0 2.374 0.0 0.5 981.0 2.5 9.0 95.0 5.7071 0.0 2.574 0.0 0.3 975.0 2.4258 8.0 99.0 7.7071 0.0 2.974 0.0 0.31623 969.0 2.2751 7.0 
0.03326 296.82916 101.0 2490.0 3.0 46.0 0.0 -0.4929 3.474 0.0 0.44721 1001.0 1.801 22.0 46.0 1.4071 0.0 2.274 0.0 0.36056 1001.0 1.801 21.0 48.0 3.2071 0.0 1.174 0.0 0.36056 1000.0 1.8102 19.0 47.0 4.8071 0.0 0.174 0.0 0.28284 1000.0 1.7355 19.0 44.0 6.2071 0.0 0.0 -0.726 0.22361 1000.0 1.5211 19.0 
0.03183 249.69441 101.0 2494.0 3.0 56.0 0.5071 0.0 2.774 0.0 0.28284 996.0 1.8841 14.0 57.0 1.6071 0.0 1.574 0.0 0.28284 994.0 1.7465 13.0 57.0 2.6071 0.0 0.674 0.0 0.22361 993.0 1.6592 12.0 61.0 3.6071 0.0 0.074 0.0 0.22361 992.0 1.8098 12.0 67.0 4.9071 0.0 0.0 -0.726 0.31623 990.0 1.9935 11.0 
0.11035 218.65722 100.0 2496.0 3.0 58.0 0.0 -1.3929 2.374 0.0 0.36056 996.0 2.0211 12.0 60.0 0.6071 0.0 1.874 0.0 0.3 993.0 1.8385 12.0 69.0 2.2071 0.0 1.674 0.0 0.3 989.0 2.0261 11.0 80.0 3.8071 0.0 1.374 0.0 0.31623 983.0 2.1789 9.0 87.0 5.5071 0.0 0.774 0.0 0.22361 979.0 2.2738 8.0 
0.06418 302.817 84.0 2501.0 3.0 67.0 0.0 -1.5929 5.174 0.0 0.64031 998.0 2.5 22.0 75.0 1.5071 0.0 2.274 0.0 0.64031 996.0 2.5 20.0 82.0 4.9071 0.0 0.0 -0.126 0.64031 993.0 2.5 21.0 83.0 7.9071 0.0 0.0 -2.526 0.56569 991.0 2.5 19.0 78.0 10.2071 0.0 0.0 -4.726 0.5 990.0 2.5 18.0 
0.02806 282.87292 115.0 2502.0 3.0 72.0 1.0071 0.0 4.374 0.0 0.63246 995.0 2.5 13.0 71.0 2.2071 0.0 1.274 0.0 0.5831 993.0 2.5 12.0 66.0 3.5071 0.0 0.0 -1.026 0.36056 993.0 2.2245 12.0 61.0 4.7071 0.0 0.0 -2.426 0.28284 993.0 1.9003 12.0 60.0 5.7071 0.0 0.0 -3.526 0.28284 992.0 1.7509 12.0 
0.04226 282.1245 109.0 2514.0 3.0 48.0 0.0 -3.3929 0.0 -0.626 0.42426 1000.0 1.8102 16.0 50.0 0.0 -1.3929 0.0 -2.126 0.36056 998.0 1.7023 15.0 50.0 0.5071 0.0 0.0 -3.026 0.31623 997.0 1.5959 13.0 53.0 2.2071 0.0 0.0 -3.426 0.3 995.0 1.5939 15.0 60.0 3.8071 0.0 0.0 -3.526 0.2 991.0 1.6713 13.0 
0.10698 242.72191 115.0 2530.0 3.0 39.0 0.0 -1.6929 2.074 0.0 0.1 998.0 1.0357 14.0 44.0 0.0 -0.6929 2.074 0.0 0.22361 996.0 1.1632 14.0 53.0 0.5071 0.0 2.374 0.0 0.22361 995.0 1.5939 18.0 63.0 1.7071 0.0 2.874 0.0 0.22361 991.0 1.8426 15.0 70.0 3.0071 0.0 3.574 0.0 0.22361 987.0 1.9249 13.0 
0.06532 247.43208 111.0 2531.0 3.0 48.0 0.3071 0.0 3.174 0.0 0.22361 997.0 1.4708 17.0 46.0 1.2071 0.0 1.874 0.0 0.22361 997.0 1.3508 17.0 51.0 2.2071 0.0 1.074 0.0 0.22361 995.0 1.4759 18.0 57.0 3.2071 0.0 0.374 0.0 0.22361 993.0 1.6592 16.0 61.0 4.3071 0.0 0.0 -0.126 0.14142 991.0 1.7275 15.0 
0.07934 281.38153 106.0 2540.0 3.0 71.0 0.0 -0.0929 3.574 0.0 0.42426 992.0 2.4518 12.0 75.0 1.7071 0.0 1.874 0.0 0.28284 988.0 2.2981 10.0 77.0 3.2071 0.0 0.574 0.0 0.28284 985.0 2.1628 10.0 79.0 4.5071 0.0 0.0 -0.626 0.28284 983.0 2.1248 9.0 78.0 5.7071 0.0 0.0 -1.726 0.22361 981.0 1.9419 9.0 
0.08429 258.3804 82.0 2544.0 3.0 80.0 0.0 -2.3929 4.374 0.0 0.78102 998.0 2.5 16.0 81.0 1.5071 0.0 1.774 0.0 0.80623 997.0 2.5 15.0 85.0 5.5071 0.0 0.0 -0.626 0.72111 995.0 2.5 13.0 83.0 8.9071 0.0 0.0 -3.226 0.64031 994.0 2.5 13.0 76.0 11.6071 0.0 0.0 -5.726 0.5 993.0 2.5 13.0 
0.06663 265.70178 86.0 2548.0 3.0 67.0 0.0 -1.7929 4.874 0.0 0.84853 1001.0 2.5 17.0 65.0 1.6071 0.0 1.774 0.0 0.72111 1001.0 2.5 21.0 65.0 4.8071 0.0 0.0 -0.626 0.56569 999.0 2.5 18.0 62.0 7.4071 0.0 0.0 -2.926 0.5 999.0 2.5 17.0 57.0 9.6071 0.0 0.0 -4.826 0.42426 999.0 2.3703 17.0 
0.03721 282.47671 113.0 2549.0 3.0 65.0 1.6071 0.0 2.474 0.0 0.31623 990.0 1.8762 14.0 71.0 2.3071 0.0 1.074 0.0 0.28284 986.0 1.9069 13.0 74.0 3.1071 0.0 0.0 -0.026 0.14142 983.0 1.8643 12.0 80.0 3.9071 0.0 0.0 -0.826 0.22361 979.0 1.9226 11.0 85.0 4.8071 0.0 0.0 -1.626 0.22361 976.0 1.9944 10.0 
0.07659 275.67418 88.0 2558.0 3.0 94.0 0.0 -1.5929 5.474 0.0 0.86023 991.0 2.5 11.0 89.0 1.5071 0.0 1.974 0.0 0.64031 990.0 2.5 11.0 90.0 4.2071 0.0 0.0 -0.426 0.64031 986.0 2.5 10.0 88.0 6.7071 0.0 0.0 -2.126 0.36056 984.0 2.5 9.0 84.0 8.8071 0.0 0.0 -3.026 0.41231 983.0 2.4023 9.0 
0.03749 257.5833 107.0 2559.0 3.0 49.0 0.5071 0.0 2.774 0.0 0.28284 997.0 1.5327 15.0 59.0 1.6071 0.0 1.674 0.0 0.28284 993.0 1.7777 12.0 63.0 2.7071 0.0 0.574 0.0 0.22361 991.0 1.8426 11.0 66.0 3.8071 0.0 0.0 -0.326 0.14142 989.0 1.8538 11.0 71.0 4.8071 0.0 0.0 -1.226 0.22361 986.0 1.9069 10.0 
0.0556 312.12968 100.0 2564.0 3.0 55.0 0.0 -0.1929 3.774 0.0 0.36056 998.0 2.0598 17.0 59.0 1.5071 0.0 2.374 0.0 0.36056 996.0 2.0914 14.0 61.0 3.1071 0.0 1.274 0.0 0.28284 994.0 2.0003 13.0 63.0 4.5071 0.0 0.374 0.0 0.31623 992.0 1.9304 12.0 64.0 6.0071 0.0 0.0 -0.126 0.22361 991.0 1.9016 11.0 
0.08843 281.67125 86.0 2565.0 3.0 95.0 0.0 -1.4929 4.774 0.0 0.84853 991.0 2.5 11.0 95.0 1.9071 0.0 1.674 0.0 0.70711 988.0 2.5 10.0 98.0 4.8071 0.0 0.0 -0.826 0.56569 982.0 2.5 9.0 95.0 7.2071 0.0 0.0 -2.626 0.44721 980.0 2.5 8.0 88.0 9.3071 0.0 0.0 -3.526 0.41231 981.0 2.4717 8.0 
0.02257 277.49037 90.0 2567.0 3.0 69.0 0.4071 0.0 4.174 0.0 0.67082 996.0 2.5 11.0 74.0 2.2071 0.0 1.174 0.0 0.5 992.0 2.5 9.0 79.0 4.1071 0.0 0.0 -0.926 0.5 988.0 2.5 8.0 85.0 6.0071 0.0 0.0 -2.726 0.5 984.0 2.5 7.0 86.0 8.2071 0.0 0.0 -4.226 0.36056 984.0 2.5 7.0 
0.04676 291.93942 90.0 2568.0 3.0 62.0 0.0071 0.0 5.574 0.0 0.76158 1000.0 2.5 12.0 63.0 2.1071 0.0 1.574 0.0 0.80623 999.0 2.5 13.0 64.0 4.2071 0.0 0.0 -2.026 0.64031 998.0 2.5 14.0 66.0 6.3071 0.0 0.0 -5.126 0.5 996.0 2.5 12.0 73.0 8.3071 0.0 0.0 -7.826 0.5 993.0 2.5 13.0 
0.02352 281.08844 96.0 2569.0 3.0 82.0 0.2071 0.0 3.974 0.0 0.44721 982.0 2.2154 7.0 99.0 1.8071 0.0 1.774 0.0 0.42426 973.0 2.5 7.0 112.0 3.4071 0.0 0.074 0.0 0.42426 961.0 2.4639 6.0 116.0 5.1071 0.0 0.0 -1.626 0.28284 957.0 2.4542 6.0 101.0 6.6071 0.0 0.0 -3.126 0.36056 969.0 2.368 7.0 
0.06523 215.49518 95.0 2576.0 3.0 65.0 0.0 -1.5929 2.974 0.0 0.44721 994.0 2.2712 10.0 68.0 0.5071 0.0 1.874 0.0 0.31623 992.0 2.249 12.0 76.0 2.5071 0.0 1.374 0.0 0.41231 988.0 2.3598 10.0 82.0 4.6071 0.0 1.374 0.0 0.4 985.0 2.4528 9.0 84.0 6.7071 0.0 1.674 0.0 0.3 983.0 2.4023 9.0 
0.04875 229.24514 102.0 2577.0 3.0 48.0 0.0 -3.1929 1.874 0.0 0.53852 998.0 1.5688 16.0 53.0 0.0 -1.8929 0.0 -0.826 0.44721 998.0 1.9127 19.0 60.0 0.0 -0.0929 0.0 -3.126 0.42426 996.0 2.1629 16.0 66.0 2.0071 0.0 0.0 -5.026 0.44721 994.0 2.3416 18.0 74.0 4.3071 0.0 0.0 -6.226 0.41231 988.0 2.2372 15.0 
0.08664 226.19519 88.0 2580.0 3.0 97.0 0.0 -1.4929 4.974 0.0 0.86023 988.0 2.5 8.0 99.0 1.4071 0.0 1.474 0.0 0.64031 983.0 2.5 7.0 112.0 4.3071 0.0 0.0 -0.826 0.44721 968.0 2.5 5.0 108.0 6.8071 0.0 0.0 -2.126 0.41231 968.0 2.5 5.0 98.0 8.9071 0.0 0.0 -2.526 0.31623 971.0 2.3355 5.0 
0.04072 285.43508 112.0 2588.0 3.0 54.0 1.0071 0.0 3.674 0.0 0.44721 996.0 1.752 16.0 60.0 2.1071 0.0 1.474 0.0 0.36056 994.0 1.9352 18.0 66.0 3.3071 0.0 0.0 -0.326 0.28284 991.0 2.0223 19.0 75.0 4.4071 0.0 0.0 -1.626 0.28284 984.0 1.9811 15.0 84.0 5.4071 0.0 0.0 -2.626 0.14142 976.0 1.9478 13.0 
0.04749 299.43032 101.0 2589.0 3.0 55.0 0.0 -0.7929 3.074 0.0 0.31623 993.0 1.5448 8.0 60.0 0.8071 0.0 2.574 0.0 0.2 991.0 1.6713 9.0 72.0 2.2071 0.0 2.574 0.0 0.3 986.0 1.961 10.0 86.0 3.6071 0.0 2.974 0.0 0.31623 976.0 2.0416 8.0 106.0 5.1071 0.0 3.874 0.0 0.22361 961.0 2.207 6.0 
0.05626 282.5478 93.0 2598.0 3.0 65.0 0.0 -1.0929 4.474 0.0 0.70711 1000.0 2.5 18.0 65.0 1.6071 0.0 1.974 0.0 0.5 998.0 2.5 16.0 63.0 3.9071 0.0 0.174 0.0 0.44721 997.0 2.5 15.0 58.0 6.0071 0.0 0.0 -0.726 0.31623 997.0 2.1474 15.0 52.0 7.6071 0.0 0.0 -0.826 0.22361 997.0 1.7261 15.0 
0.09156 291.24011 89.0 2599.0 3.0 59.0 0.0 -0.8929 4.074 0.0 0.5 998.0 2.3703 14.0 62.0 1.6071 0.0 2.074 0.0 0.53852 998.0 2.5 17.0 67.0 4.2071 0.0 0.674 0.0 0.44721 995.0 2.5 14.0 67.0 6.4071 0.0 0.0 -0.226 0.41231 993.0 2.2925 13.0 66.0 8.3071 0.0 0.0 -0.526 0.3 992.0 2.1186 12.0 
0.07853 291.24011 90.0 2601.0 3.0 87.0 0.0 -0.9929 4.374 0.0 0.64031 989.0 2.5 11.0 85.0 1.6071 0.0 2.074 0.0 0.5 988.0 2.5 10.0 87.0 4.0071 0.0 0.274 0.0 0.5 986.0 2.5 10.0 81.0 6.2071 0.0 0.0 -1.326 0.44721 988.0 2.5 10.0 72.0 8.3071 0.0 0.0 -2.426 0.36056 991.0 2.4067 11.0 
0.01165 289.11412 111.0 2605.0 3.0 70.0 0.6071 0.0 3.374 0.0 0.36056 990.0 2.176 11.0 79.0 1.9071 0.0 1.774 0.0 0.42426 984.0 2.1981 9.0 81.0 3.1071 0.0 0.474 0.0 0.22361 980.0 2.0307 9.0 80.0 4.2071 0.0 0.0 -0.326 0.14142 979.0 1.9226 8.0 79.0 5.0071 0.0 0.0 -0.726 0.22361 978.0 1.8213 8.0 
0.063 304.80217 69.0 2620.0 3.0 81.0 0.0 -2.0929 5.574 0.0 0.98995 1000.0 2.5 19.0 78.0 2.0071 0.0 1.874 0.0 0.78102 999.0 2.5 18.0 73.0 5.4071 0.0 0.0 -1.226 0.64031 999.0 2.5 16.0 67.0 8.2071 0.0 0.0 -3.726 0.56569 999.0 2.5 16.0 61.0 10.7071 0.0 0.0 -5.526 0.5 999.0 2.5 17.0 
0.0515 231.10153 80.0 2628.0 3.0 59.0 0.0 -1.4929 2.774 0.0 0.41231 997.0 2.2221 11.0 62.0 0.9071 0.0 1.874 0.0 0.31623 997.0 2.4538 11.0 64.0 3.1071 0.0 0.774 0.0 0.36056 996.0 2.4609 10.0 63.0 5.0071 0.0 0.0 -0.726 0.42426 996.0 2.3846 10.0 59.0 6.7071 0.0 0.0 -2.526 0.44721 997.0 2.2221 11.0 
0.03221 297.33762 92.0 2630.0 3.0 72.0 0.0 -0.0929 4.674 0.0 0.72111 995.0 2.5 13.0 75.0 2.0071 0.0 1.774 0.0 0.5 992.0 2.5 12.0 79.0 3.9071 0.0 0.0 -0.626 0.42426 989.0 2.5 11.0 83.0 5.8071 0.0 0.0 -2.426 0.42426 986.0 2.5 10.0 83.0 7.7071 0.0 0.0 -3.726 0.36056 983.0 2.3454 9.0 
0.02996 270.80238 70.0 2635.0 3.0 52.0 0.0 -1.3929 4.074 0.0 0.64031 1002.0 2.5 23.0 52.0 1.1071 0.0 2.174 0.0 0.44721 1001.0 2.3015 22.0 50.0 3.5071 0.0 0.974 0.0 0.36056 1001.0 2.1279 21.0 49.0 5.7071 0.0 0.174 0.0 0.31623 1001.0 2.0436 20.0 47.0 7.7071 0.0 0.0 -0.226 0.3 1001.0 1.8802 20.0 
0.018 273.278 90.0 2638.0 3.0 70.0 0.0 -0.5929 5.174 0.0 0.72111 998.0 2.5 13.0 71.0 1.7071 0.0 1.774 0.0 0.56569 995.0 2.5 11.0 73.0 3.9071 0.0 0.0 -0.626 0.56569 992.0 2.5 9.0 73.0 6.1071 0.0 0.0 -2.226 0.31623 990.0 2.3665 8.0 72.0 8.1071 0.0 0.0 -2.726 0.3 988.0 2.1179 8.0 
0.03566 280.73887 90.0 2648.0 3.0 45.0 0.0 -0.4929 3.074 0.0 0.22361 999.0 1.4773 14.0 54.0 1.1071 0.0 2.274 0.0 0.31623 997.0 1.8615 16.0 67.0 3.2071 0.0 1.174 0.0 0.44721 994.0 2.4131 13.0 75.0 5.7071 0.0 0.074 0.0 0.41231 992.0 2.5 12.0 77.0 8.1071 0.0 0.0 -0.626 0.41231 989.0 2.5 11.0 
0.07255 296.49524 280.0 2652.0 3.0 54.0 0.0 -1.0929 3.474 0.0 0.44721 999.0 2.1274 14.0 56.0 1.0071 0.0 2.474 0.0 0.41231 996.0 1.8841 12.0 63.0 3.0071 0.0 1.774 0.0 0.31623 994.0 2.1336 13.0 70.0 4.8071 0.0 1.174 0.0 0.3 989.0 2.0853 11.0 74.0 6.4071 0.0 0.774 0.0 0.2 985.0 1.9975 10.0 
0.10394 275.57449 89.0 2656.0 3.0 63.0 0.0 -2.8929 2.874 0.0 0.5099 1000.0 2.5 15.0 61.0 0.2071 0.0 2.474 0.0 0.4 999.0 2.5 17.0 68.0 3.0071 0.0 2.374 0.0 0.5 996.0 2.5 14.0 73.0 5.8071 0.0 2.074 0.0 0.5099 994.0 2.5 13.0 73.0 8.5071 0.0 1.474 0.0 0.41231 993.0 2.5 12.0 
0.07449 306.80461 87.0 2658.0 3.0 68.0 0.0 -2.0929 4.774 0.0 0.64031 998.0 2.5 13.0 70.0 1.0071 0.0 2.574 0.0 0.53852 997.0 2.5 15.0 76.0 3.9071 0.0 1.174 0.0 0.5831 993.0 2.5 12.0 79.0 6.7071 0.0 0.0 -0.126 0.5831 991.0 2.5 11.0 79.0 9.2071 0.0 0.0 -1.426 0.36056 988.0 2.5 10.0 
0.02292 306.81947 88.0 2664.0 3.0 52.0 0.0 -0.7929 4.074 0.0 0.5 1001.0 2.3015 18.0 53.0 1.7071 0.0 2.174 0.0 0.5 1001.0 2.3909 22.0 55.0 4.1071 0.0 0.574 0.0 0.5 1000.0 2.3767 18.0 57.0 6.4071 0.0 0.0 -0.526 0.41231 999.0 2.3703 17.0 56.0 8.7071 0.0 0.0 -1.126 0.41231 998.0 2.1353 16.0 
0.06739 296.78557 108.0 2665.0 3.0 61.0 0.3071 0.0 3.074 0.0 0.36056 996.0 2.2356 14.0 62.0 1.9071 0.0 1.874 0.0 0.31623 994.0 2.0664 13.0 62.0 3.3071 0.0 0.874 0.0 0.22361 992.0 1.8696 12.0 60.0 4.3071 0.0 0.174 0.0 0.2 991.0 1.6713 11.0 58.0 5.2071 0.0 0.0 -0.026 0.2 991.0 1.5618 11.0 
0.08741 208.35343 108.0 2666.0 3.0 50.0 0.0 -1.6929 1.874 0.0 0.3 997.0 1.5959 12.0 58.0 0.1071 0.0 1.874 0.0 0.31623 995.0 1.9088 14.0 65.0 1.8071 0.0 2.074 0.0 0.31623 992.0 2.0549 12.0 69.0 3.5071 0.0 2.374 0.0 0.2 989.0 2.0261 10.0 73.0 4.9071 0.0 2.574 0.0 0.2 986.0 2.0159 10.0 
0.08028 276.01677 84.0 2681.0 3.0 43.0 0.3071 0.0 2.574 0.0 0.2 998.0 1.259 16.0 48.0 1.2071 0.0 2.174 0.0 0.2 997.0 1.4708 15.0 50.0 2.2071 0.0 1.774 0.0 0.22361 996.0 1.502 14.0 51.0 3.2071 0.0 1.074 0.0 0.22361 996.0 1.5627 14.0 52.0 4.2071 0.0 0.274 0.0 0.28284 996.0 1.6246 14.0 
0.03432 236.21641 106.0 2683.0 3.0 36.0 0.0 -2.4929 0.0 -0.726 0.28284 1002.0 1.2034 19.0 39.0 0.0 -1.0929 0.0 -1.826 0.28284 1001.0 1.2946 18.0 42.0 0.4071 0.0 0.0 -2.526 0.31623 1000.0 1.3859 16.0 46.0 2.2071 0.0 0.0 -2.926 0.22361 999.0 1.5437 14.0 52.0 3.9071 0.0 0.0 -3.126 0.31623 998.0 1.8412 16.0 
0.15438 226.48261 103.0 2687.0 3.0 54.0 0.0 -2.7929 0.0 -0.626 0.22361 991.0 1.3538 10.0 67.0 0.0 -1.7929 0.974 0.0 0.41231 986.0 1.6981 11.0 87.0 0.0 -0.5929 2.874 0.0 0.28284 976.0 2.0894 11.0 96.0 1.2071 0.0 4.274 0.0 0.36056 972.0 2.2958 11.0 128.0 3.5071 0.0 5.174 0.0 0.44721 948.0 2.5 9.0 
0.09492 300.856 99.0 2691.0 3.0 65.0 0.0 -1.2929 4.474 0.0 0.5 997.0 2.5 16.0 67.0 1.1071 0.0 2.474 0.0 0.44721 996.0 2.5 14.0 65.0 3.5071 0.0 1.174 0.0 0.31623 995.0 2.3974 14.0 60.0 5.4071 0.0 0.174 0.0 0.28284 995.0 2.0427 14.0 56.0 6.7071 0.0 0.0 -0.926 0.22361 995.0 1.7795 14.0 
0.07296 258.3804 86.0 2693.0 3.0 62.0 0.0 -1.2929 3.774 0.0 0.5831 1000.0 2.5 19.0 63.0 1.5071 0.0 1.774 0.0 0.53852 998.0 2.5 17.0 66.0 4.4071 0.0 0.474 0.0 0.44721 997.0 2.5 16.0 65.0 7.3071 0.0 0.0 -0.426 0.41231 997.0 2.5 15.0 62.0 10.1071 0.0 0.0 -1.026 0.4 998.0 2.5 16.0 
0.05729 297.05198 96.0 2695.0 3.0 54.0 0.0 -2.0929 2.874 0.0 0.41231 998.0 1.9855 14.0 55.0 0.1071 0.0 2.674 0.0 0.31623 997.0 1.931 16.0 64.0 2.0071 0.0 3.074 0.0 0.41231 994.0 2.2019 13.0 71.0 4.1071 0.0 3.374 0.0 0.41231 991.0 2.3403 11.0 73.0 6.3071 0.0 3.574 0.0 0.3 990.0 2.3665 11.0 
0.09411 277.97437 118.0 2700.0 3.0 38.0 3.0071 0.0 0.174 0.0 0.14142 999.0 1.0535 15.0 40.0 2.3071 0.0 0.974 0.0 0.1 999.0 1.1673 18.0 47.0 2.0071 0.0 2.074 0.0 0.2 997.0 1.4101 15.0 53.0 2.0071 0.0 3.474 0.0 0.22361 995.0 1.5939 13.0 59.0 2.3071 0.0 4.774 0.0 0.31623 992.0 1.693 12.0 
0.06921 312.12968 87.0 2701.0 3.0 67.0 0.0 -1.3929 4.474 0.0 0.5831 998.0 2.5 12.0 72.0 1.5071 0.0 2.374 0.0 0.5831 996.0 2.5 10.0 74.0 4.1071 0.0 0.374 0.0 0.5831 994.0 2.5 9.0 75.0 6.8071 0.0 0.0 -0.926 0.44721 993.0 2.5 9.0 73.0 9.5071 0.0 0.0 -1.826 0.41231 993.0 2.5 9.0 
0.04713 260.1241 105.0 2702.0 3.0 42.0 0.2071 0.0 2.774 0.0 0.28284 999.0 1.2869 15.0 45.0 1.4071 0.0 1.874 0.0 0.22361 999.0 1.4773 17.0 51.0 2.6071 0.0 1.074 0.0 0.28284 997.0 1.6604 15.0 55.0 3.8071 0.0 0.174 0.0 0.28284 995.0 1.7165 14.0 58.0 5.0071 0.0 0.0 -0.726 0.22361 994.0 1.8084 13.0 
0.03211 292.53895 87.0 2704.0 3.0 58.0 0.0071 0.0 4.174 0.0 0.64031 1000.0 2.5 27.0 62.0 2.3071 0.0 1.274 0.0 0.64031 999.0 2.5 24.0 63.0 4.7071 0.0 0.0 -1.326 0.56569 999.0 2.5 22.0 61.0 7.0071 0.0 0.0 -3.526 0.5 998.0 2.5 21.0 61.0 9.1071 0.0 0.0 -5.226 0.5 997.0 2.3753 20.0 
0.0265 298.71472 91.0 2705.0 3.0 56.0 0.3071 0.0 3.774 0.0 0.42426 998.0 2.1353 13.0 63.0 2.1071 0.0 1.674 0.0 0.42426 996.0 2.3846 15.0 69.0 4.0071 0.0 0.0 -0.126 0.42426 993.0 2.4314 12.0 72.0 5.9071 0.0 0.0 -1.626 0.36056 991.0 2.4067 11.0 74.0 7.8071 0.0 0.0 -2.726 0.31623 989.0 2.3304 10.0 
0.06 300.856 91.0 2709.0 3.0 58.0 0.0 -1.6929 3.874 0.0 0.5831 1000.0 2.5 20.0 61.0 1.1071 0.0 2.474 0.0 0.44721 999.0 2.5 17.0 63.0 3.6071 0.0 1.074 0.0 0.5 997.0 2.5 15.0 63.0 5.9071 0.0 0.0 -0.526 0.42426 997.0 2.5 15.0 60.0 7.9071 0.0 0.0 -2.126 0.42426 997.0 2.2981 15.0 
0.03834 288.97303 94.0 2712.0 3.0 61.0 0.0 -0.2929 4.174 0.0 0.56569 998.0 2.5 16.0 68.0 1.8071 0.0 1.874 0.0 0.42426 995.0 2.5 14.0 69.0 3.7071 0.0 0.0 -0.126 0.42426 993.0 2.4314 12.0 70.0 5.5071 0.0 0.0 -1.826 0.42426 992.0 2.3832 12.0 70.0 7.2071 0.0 0.0 -3.226 0.36056 991.0 2.2749 11.0 
0.10189 252.62455 96.0 2713.0 3.0 58.0 0.0 -2.3929 2.574 0.0 0.4 995.0 1.9088 11.0 67.0 0.0 -0.0929 2.274 0.0 0.4 992.0 2.1833 11.0 78.0 2.1071 0.0 2.074 0.0 0.41231 986.0 2.3015 10.0 89.0 4.2071 0.0 1.674 0.0 0.41231 978.0 2.3115 8.0 102.0 6.3071 0.0 1.074 0.0 0.36056 969.0 2.4151 7.0 
0.07081 289.68377 93.0 2716.0 3.0 59.0 0.0 -0.6929 3.674 0.0 0.5 999.0 2.5 14.0 59.0 1.7071 0.0 1.974 0.0 0.42426 998.0 2.3703 15.0 64.0 3.7071 0.0 0.274 0.0 0.42426 995.0 2.3242 14.0 67.0 5.5071 0.0 0.0 -1.226 0.42426 993.0 2.2925 12.0 70.0 7.3071 0.0 0.0 -2.626 0.28284 991.0 2.2749 11.0 
0.11146 250.54661 86.0 2718.0 3.0 81.0 0.0 -2.5929 3.974 0.0 0.5831 992.0 2.5 12.0 85.0 0.6071 0.0 2.174 0.0 0.53852 990.0 2.5 11.0 98.0 3.9071 0.0 1.374 0.0 0.5099 981.0 2.5 9.0 110.0 7.0071 0.0 1.074 0.0 0.5 970.0 2.5 7.0 114.0 9.7071 0.0 1.074 0.0 0.5 962.0 2.5 6.0 
0.02435 265.70178 98.0 2721.0 3.0 49.0 0.0 -0.2929 3.374 0.0 0.44721 1000.0 1.8864 16.0 50.0 1.6071 0.0 1.774 0.0 0.42426 999.0 1.8239 14.0 52.0 3.2071 0.0 0.274 0.0 0.36056 997.0 1.7261 13.0 59.0 4.8071 0.0 0.0 -0.926 0.36056 995.0 1.9752 14.0 61.0 6.3071 0.0 0.0 -1.826 0.36056 993.0 1.9003 12.0 
0.06692 228.16607 79.0 2726.0 3.0 37.0 0.0 -2.7929 1.374 0.0 0.3 1002.0 1.2711 19.0 40.0 0.0 -1.1929 1.674 0.0 0.28284 1001.0 1.3618 22.0 49.0 0.5071 0.0 2.974 0.0 0.42426 1000.0 1.8864 19.0 56.0 2.5071 0.0 4.674 0.0 0.5 1000.0 2.4639 18.0 57.0 5.0071 0.0 6.174 0.0 0.53852 1000.0 2.5 18.0 
0.07035 218.1766 261.0 2731.0 3.0 31.0 0.0 -1.6929 1.474 0.0 0.22361 1001.0 1.0 18.0 37.0 0.0 -0.5929 1.874 0.0 0.22361 1001.0 1.1652 16.0 43.0 0.8071 0.0 2.474 0.0 0.22361 1000.0 1.4527 15.0 48.0 2.3071 0.0 2.974 0.0 0.22361 998.0 1.5688 17.0 50.0 3.6071 0.0 3.274 0.0 0.2 997.0 1.5959 15.0 
0.06326 265.94929 116.0 2733.0 3.0 40.0 0.3071 0.0 2.774 0.0 0.14142 999.0 1.1673 17.0 47.0 1.0071 0.0 2.174 0.0 0.1 997.0 1.4101 15.0 49.0 1.9071 0.0 1.874 0.0 0.14142 996.0 1.4425 14.0 50.0 2.7071 0.0 1.774 0.0 0.2 995.0 1.4186 13.0 50.0 3.6071 0.0 1.774 0.0 0.2 995.0 1.4186 13.0 
0.03844 281.08844 102.0 2744.0 3.0 46.0 0.7071 0.0 2.874 0.0 0.28284 998.0 1.4408 13.0 51.0 1.8071 0.0 1.774 0.0 0.28284 996.0 1.5627 15.0 57.0 3.0071 0.0 0.774 0.0 0.22361 993.0 1.6592 13.0 62.0 4.2071 0.0 0.0 -0.026 0.22361 991.0 1.7846 12.0 68.0 5.5071 0.0 0.0 -0.826 0.22361 989.0 1.9678 11.0 
0.16788 225.8414 97.0 2747.0 3.0 58.0 0.0 -2.6929 1.874 0.0 0.3 995.0 1.9088 11.0 69.0 0.0 -0.4929 1.974 0.0 0.41231 992.0 2.3156 12.0 84.0 1.9071 0.0 2.274 0.0 0.4 985.0 2.5 9.0 93.0 4.2071 0.0 2.474 0.0 0.41231 978.0 2.5 8.0 94.0 6.3071 0.0 3.074 0.0 0.31623 976.0 2.4391 8.0 
0.07821 273.278 96.0 2749.0 3.0 55.0 0.0 -0.2929 3.674 0.0 0.5 1000.0 2.3767 19.0 54.0 1.7071 0.0 1.774 0.0 0.42426 1000.0 2.291 18.0 52.0 3.6071 0.0 0.0 -0.026 0.42426 1000.0 2.1245 19.0 49.0 5.4071 0.0 0.0 -1.626 0.36056 1000.0 1.8864 20.0 44.0 6.9071 0.0 0.0 -3.126 0.36056 1001.0 1.6478 21.0 
0.07956 211.97996 81.0 2753.0 3.0 55.0 0.0 -1.4929 3.674 0.0 0.5 1000.0 2.3767 20.0 58.0 0.7071 0.0 1.774 0.0 0.44721 999.0 2.4542 17.0 59.0 2.9071 0.0 0.374 0.0 0.44721 998.0 2.3703 16.0 57.0 5.0071 0.0 0.0 -0.726 0.36056 998.0 2.2123 15.0 54.0 6.8071 0.0 0.0 -1.626 0.36056 998.0 1.9855 16.0 
0.04797 281.38153 92.0 2758.0 3.0 55.0 0.0 -0.1929 3.674 0.0 0.42426 999.0 2.2069 17.0 61.0 1.7071 0.0 1.874 0.0 0.42426 997.0 2.3753 15.0 62.0 3.6071 0.0 0.274 0.0 0.44721 996.0 2.3095 14.0 63.0 5.6071 0.0 0.0 -1.026 0.42426 995.0 2.2521 14.0 65.0 7.5071 0.0 0.0 -2.326 0.41231 995.0 2.3974 13.0 
0.06426 233.99754 105.0 2760.0 3.0 54.0 0.2071 0.0 2.774 0.0 0.28284 997.0 1.8615 15.0 57.0 1.5071 0.0 1.474 0.0 0.28284 996.0 1.952 14.0 57.0 2.8071 0.0 0.274 0.0 0.28284 995.0 1.8436 13.0 58.0 4.0071 0.0 0.0 -0.626 0.22361 994.0 1.8084 13.0 58.0 5.2071 0.0 0.0 -1.426 0.31623 994.0 1.8084 13.0 
0.08295 308.77093 94.0 2761.0 3.0 76.0 0.0 -1.8929 3.474 0.0 0.41231 986.0 2.185 10.0 84.0 0.2071 0.0 2.774 0.0 0.4 983.0 2.4023 12.0 101.0 2.4071 0.0 2.374 0.0 0.31623 971.0 2.4807 9.0 111.0 4.6071 0.0 1.874 0.0 0.44721 964.0 2.5 8.0 111.0 6.8071 0.0 1.074 0.0 0.31623 963.0 2.5 8.0 
0.05762 309.79514 88.0 2763.0 3.0 57.0 0.0 -2.6929 3.574 0.0 0.53852 999.0 2.3703 20.0 60.0 0.3071 0.0 2.774 0.0 0.60828 999.0 2.5 19.0 67.0 3.5071 0.0 1.874 0.0 0.53852 997.0 2.5 20.0 70.0 6.4071 0.0 0.674 0.0 0.53852 996.0 2.5 18.0 67.0 9.0071 0.0 0.0 -0.326 0.41231 995.0 2.5 17.0 
0.07964 216.84885 80.0 2764.0 3.0 59.0 0.0 -1.6929 2.974 0.0 0.53852 1000.0 2.5 19.0 59.0 1.0071 0.0 1.674 0.0 0.44721 999.0 2.5 18.0 59.0 3.4071 0.0 0.374 0.0 0.44721 999.0 2.5 16.0 57.0 5.6071 0.0 0.0 -0.826 0.36056 998.0 2.2123 16.0 51.0 7.4071 0.0 0.0 -1.726 0.31623 999.0 1.8976 17.0 
0.09673 265.70178 80.0 2765.0 3.0 56.0 0.0 -0.5929 3.774 0.0 0.5 1001.0 2.5 20.0 57.0 1.6071 0.0 1.774 0.0 0.44721 999.0 2.3703 18.0 55.0 3.7071 0.0 0.374 0.0 0.31623 999.0 2.2069 17.0 52.0 5.6071 0.0 0.0 -0.526 0.4 999.0 1.9727 17.0 49.0 7.5071 0.0 0.0 -0.826 0.31623 999.0 1.7517 18.0 
0.04531 267.54699 94.0 2766.0 3.0 55.0 0.0 -0.2929 4.174 0.0 0.64031 1000.0 2.3767 17.0 56.0 1.9071 0.0 1.474 0.0 0.5 1000.0 2.4639 20.0 56.0 4.0071 0.0 0.0 -0.926 0.5 999.0 2.2879 19.0 55.0 5.8071 0.0 0.0 -3.226 0.44721 998.0 2.0598 14.0 56.0 7.3071 0.0 0.0 -5.426 0.36056 997.0 2.0019 12.0 
0.06935 261.25463 308.0 2769.0 3.0 73.0 0.0 -1.5929 2.774 0.0 0.41231 989.0 2.2679 11.0 83.0 0.6071 0.0 2.274 0.0 0.41231 983.0 2.3454 12.0 100.0 2.7071 0.0 1.774 0.0 0.41231 970.0 2.3753 9.0 114.0 4.7071 0.0 1.374 0.0 0.31623 958.0 2.4134 8.0 115.0 6.5071 0.0 1.074 0.0 0.2 954.0 2.2894 8.0 
0.04974 290.10581 92.0 2773.0 3.0 60.0 0.1071 0.0 5.074 0.0 0.67082 1001.0 2.5 21.0 60.0 2.0071 0.0 1.674 0.0 0.64031 1000.0 2.5 20.0 57.0 4.0071 0.0 0.0 -1.126 0.64031 1000.0 2.5 19.0 54.0 5.9071 0.0 0.0 -3.526 0.5 1001.0 2.4819 20.0 51.0 7.7071 0.0 0.0 -5.626 0.42426 1001.0 2.2138 20.0 
0.18216 218.65722 87.0 2779.0 3.0 65.0 0.0 -2.7929 2.374 0.0 0.53852 997.0 2.5 11.0 71.0 0.6071 0.0 1.874 0.0 0.5 995.0 2.5 11.0 80.0 3.9071 0.0 1.274 0.0 0.53852 992.0 2.5 12.0 87.0 6.9071 0.0 0.174 0.0 0.44721 986.0 2.5 10.0 94.0 9.4071 0.0 0.0 -0.726 0.4 978.0 2.5 8.0 
0.06364 228.45802 111.0 2786.0 3.0 32.0 2.1071 0.0 1.074 0.0 0.14142 999.0 1.0 14.0 33.0 1.9071 0.0 0.774 0.0 0.1 997.0 1.0 13.0 41.0 2.1071 0.0 0.774 0.0 0.1 996.0 1.01 15.0 51.0 2.6071 0.0 0.974 0.0 0.1 993.0 1.3283 12.0 60.0 3.3071 0.0 1.274 0.0 0.2 989.0 1.5321 11.0 
0.02938 242.73765 89.0 2792.0 3.0 55.0 0.0 -1.3929 3.974 0.0 0.5831 1001.0 2.5 18.0 57.0 1.4071 0.0 1.674 0.0 0.56569 1001.0 2.5 22.0 59.0 3.9071 0.0 0.0 -0.626 0.5 1000.0 2.5 19.0 59.0 6.2071 0.0 0.0 -2.626 0.56569 999.0 2.5 18.0 58.0 8.3071 0.0 0.0 -4.726 0.5 999.0 2.4542 18.0 
0.09365 257.5833 94.0 2796.0 3.0 79.0 0.0 -0.8929 4.274 0.0 0.64031 991.0 2.5 9.0 86.0 1.6071 0.0 1.674 0.0 0.56569 987.0 2.5 10.0 93.0 3.9071 0.0 0.0 -0.426 0.42426 979.0 2.5 8.0 105.0 5.8071 0.0 0.0 -2.126 0.36056 967.0 2.448 7.0 108.0 7.3071 0.0 0.0 -3.526 0.36056 960.0 2.2478 6.0 
0.05834 265.70178 89.0 2801.0 3.0 72.0 0.0 -1.2929 4.874 0.0 0.78102 998.0 2.5 12.0 77.0 1.6071 0.0 1.774 0.0 0.64031 995.0 2.5 10.0 74.0 4.4071 0.0 0.0 -0.526 0.5 994.0 2.5 10.0 66.0 6.7071 0.0 0.0 -2.326 0.36056 995.0 2.4717 10.0 57.0 8.5071 0.0 0.0 -3.826 0.36056 997.0 2.074 11.0 
0.07383 302.817 95.0 2808.0 3.0 65.0 0.0 -0.2929 3.174 0.0 0.31623 991.0 1.9615 12.0 74.0 1.5071 0.0 2.274 0.0 0.31623 988.0 2.2372 13.0 80.0 3.3071 0.0 1.574 0.0 0.31623 982.0 2.1086 9.0 88.0 5.2071 0.0 0.874 0.0 0.31623 977.0 2.1971 8.0 94.0 7.0071 0.0 0.474 0.0 0.31623 972.0 2.2012 7.0 
0.10356 244.59289 94.0 2809.0 3.0 53.0 0.0 -0.7929 3.574 0.0 0.42426 999.0 2.0493 14.0 61.0 1.3071 0.0 1.774 0.0 0.5 998.0 2.5 16.0 69.0 3.7071 0.0 0.0 -0.026 0.42426 995.0 2.5 13.0 69.0 5.7071 0.0 0.0 -1.726 0.42426 993.0 2.4314 12.0 65.0 7.3071 0.0 0.0 -3.226 0.36056 993.0 2.1576 12.0 
0.00856 214.42909 81.0 2815.0 3.0 58.0 0.0 -4.5929 1.774 0.0 0.70711 1001.0 2.5 17.0 65.0 0.0 -1.4929 0.0 -1.226 0.70711 1000.0 2.5 16.0 69.0 1.7071 0.0 0.0 -4.226 0.78102 999.0 2.5 14.0 75.0 4.9071 0.0 0.0 -7.426 0.70711 998.0 2.5 16.0 82.0 8.1071 0.0 0.0 -10.326 0.70711 995.0 2.5 13.0 
0.07135 256.8341 100.0 2816.0 3.0 50.0 0.0 -0.3929 3.274 0.0 0.28284 999.0 1.8239 17.0 57.0 1.2071 0.0 1.974 0.0 0.36056 997.0 2.074 15.0 59.0 2.9071 0.0 0.674 0.0 0.36056 996.0 2.0914 14.0 56.0 4.6071 0.0 0.0 -0.426 0.31623 997.0 2.0019 15.0 51.0 6.2071 0.0 0.0 -1.226 0.22361 998.0 1.7711 15.0 
0.0594 291.24011 91.0 2817.0 3.0 74.0 0.0 -0.8929 4.474 0.0 0.56569 994.0 2.5 12.0 82.0 1.6071 0.0 2.074 0.0 0.64031 990.0 2.5 11.0 86.0 4.0071 0.0 0.0 -0.026 0.5 986.0 2.5 10.0 85.0 6.1071 0.0 0.0 -1.926 0.42426 985.0 2.5 9.0 80.0 8.0071 0.0 0.0 -3.626 0.42426 987.0 2.5 10.0 
0.03339 281.38153 107.0 2820.0 3.0 47.0 0.4071 0.0 3.174 0.0 0.36056 999.0 1.6116 18.0 51.0 1.7071 0.0 1.874 0.0 0.28284 998.0 1.7711 16.0 51.0 3.0071 0.0 0.874 0.0 0.22361 997.0 1.6604 15.0 51.0 4.3071 0.0 0.174 0.0 0.2 997.0 1.6604 15.0 50.0 5.5071 0.0 0.0 -0.226 0.22361 997.0 1.5959 15.0 
0.04374 251.26993 87.0 2821.0 3.0 53.0 0.0 -1.3929 3.574 0.0 0.5 1000.0 2.207 11.0 57.0 0.9071 0.0 2.074 0.0 0.44721 999.0 2.3703 13.0 64.0 3.3071 0.0 1.074 0.0 0.44721 996.0 2.4609 10.0 65.0 5.4071 0.0 0.074 0.0 0.31623 995.0 2.3974 10.0 62.0 7.2071 0.0 0.0 -0.626 0.22361 994.0 2.0664 9.0 
0.04683 249.69441 51.0 2824.0 3.0 53.0 0.0 -0.7929 4.574 0.0 0.64031 1002.0 2.5 25.0 58.0 1.6071 0.0 1.574 0.0 0.64031 1001.0 2.5 22.0 56.0 4.0071 0.0 0.0 -1.126 0.56569 1001.0 2.5 21.0 51.0 6.1071 0.0 0.0 -3.426 0.42426 1001.0 2.2138 22.0 46.0 7.9071 0.0 0.0 -5.326 0.42426 1002.0 1.9647 23.0 
0.15333 210.78857 90.0 2825.0 3.0 60.0 0.0 -2.7929 2.874 0.0 0.53852 1001.0 2.5 22.0 59.0 0.3071 0.0 1.874 0.0 0.5099 1000.0 2.5 19.0 58.0 3.2071 0.0 1.074 0.0 0.53852 1000.0 2.5 19.0 56.0 5.8071 0.0 0.074 0.0 0.41231 1000.0 2.4639 19.0 51.0 8.2071 0.0 0.0 -0.526 0.31623 1000.0 2.0435 19.0 
0.07493 295.62212 62.0 2826.0 3.0 57.0 0.0 -1.2929 3.274 0.0 0.41231 999.0 2.3703 18.0 62.0 1.2071 0.0 2.374 0.0 0.41231 997.0 2.4538 15.0 63.0 3.5071 0.0 1.374 0.0 0.44721 997.0 2.5 14.0 62.0 5.6071 0.0 0.074 0.0 0.44721 997.0 2.4538 14.0 57.0 7.5071 0.0 0.0 -1.226 0.36056 998.0 2.2123 15.0 
0.04128 288.97303 94.0 2835.0 3.0 43.0 1.2071 0.0 2.874 0.0 0.22361 999.0 1.3489 17.0 43.0 1.8071 0.0 1.874 0.0 0.14142 998.0 1.259 16.0 45.0 2.7071 0.0 1.174 0.0 0.14142 998.0 1.3789 16.0 46.0 3.7071 0.0 0.674 0.0 0.14142 998.0 1.4408 16.0 46.0 4.7071 0.0 0.274 0.0 0.22361 998.0 1.4408 16.0 
0.08323 266.36685 93.0 2837.0 3.0 54.0 0.0 -0.8929 3.274 0.0 0.44721 997.0 1.8615 13.0 62.0 1.2071 0.0 2.074 0.0 0.36056 995.0 2.1812 14.0 71.0 3.3071 0.0 0.974 0.0 0.44721 992.0 2.4518 12.0 76.0 5.4071 0.0 0.0 -0.126 0.36056 988.0 2.3598 10.0 80.0 7.2071 0.0 0.0 -1.226 0.36056 985.0 2.3346 9.0 
0.07418 302.9366 95.0 2844.0 3.0 58.0 0.0 -1.1929 3.474 0.0 0.36056 997.0 2.1474 16.0 66.0 0.9071 0.0 2.574 0.0 0.41231 994.0 2.3416 13.0 70.0 3.0071 0.0 1.774 0.0 0.41231 992.0 2.3832 12.0 71.0 5.0071 0.0 1.374 0.0 0.3 990.0 2.2386 11.0 71.0 6.8071 0.0 1.274 0.0 0.31623 989.0 2.1453 10.0 
0.02457 274.78781 89.0 2845.0 3.0 47.0 0.0 -3.3929 0.0 -1.726 0.53852 1002.0 2.0511 19.0 54.0 0.0 -0.4929 0.0 -2.426 0.5099 1001.0 2.4819 22.0 60.0 2.5071 0.0 0.0 -2.926 0.6 1000.0 2.5 19.0 62.0 5.7071 0.0 0.0 -3.026 0.5 1000.0 2.5 18.0 58.0 8.7071 0.0 0.0 -3.026 0.4 1000.0 2.5 18.0 
0.06578 220.31659 107.0 2846.0 3.0 44.0 0.0 -1.4929 2.374 0.0 0.31623 1000.0 1.5211 20.0 45.0 0.2071 0.0 1.974 0.0 0.2 1000.0 1.591 19.0 47.0 1.8071 0.0 1.874 0.0 0.2 999.0 1.6116 18.0 50.0 3.4071 0.0 1.674 0.0 0.2 998.0 1.7023 16.0 51.0 4.9071 0.0 1.174 0.0 0.31623 998.0 1.7711 16.0 
0.05329 260.1241 86.0 2848.0 3.0 88.0 0.0 -1.6929 5.574 0.0 0.86023 993.0 2.5 7.0 91.0 1.4071 0.0 1.874 0.0 0.70711 990.0 2.5 8.0 101.0 4.5071 0.0 0.0 -0.626 0.5831 981.0 2.5 6.0 108.0 7.4071 0.0 0.0 -2.326 0.44721 973.0 2.5 5.0 95.0 9.9071 0.0 0.0 -3.526 0.36056 979.0 2.5 6.0 
0.02845 257.74158 96.0 2849.0 3.0 53.0 0.0 -0.1929 3.774 0.0 0.5 1000.0 2.207 19.0 57.0 1.7071 0.0 1.574 0.0 0.5 999.0 2.3703 18.0 56.0 3.6071 0.0 0.0 -0.626 0.42426 999.0 2.2879 17.0 54.0 5.4071 0.0 0.0 -2.426 0.36056 999.0 2.1274 17.0 49.0 6.9071 0.0 0.0 -3.926 0.36056 999.0 1.7517 18.0 
0.35779 247.43856 86.0 2854.0 3.0 76.0 0.0 -4.8929 1.074 0.0 0.72801 997.0 2.5 17.0 88.0 0.0 -0.4929 2.174 0.0 0.80623 994.0 2.5 17.0 89.0 3.9071 0.0 2.374 0.0 0.6 991.0 2.5 15.0 81.0 7.2071 0.0 2.474 0.0 0.4 990.0 2.5 14.0 78.0 9.7071 0.0 2.774 0.0 0.31623 988.0 2.4856 13.0 
0.06246 278.19635 68.0 2855.0 3.0 60.0 0.0 -1.3929 4.274 0.0 0.5831 1001.0 2.5 15.0 65.0 1.4071 0.0 2.074 0.0 0.5831 999.0 2.5 13.0 68.0 4.0071 0.0 0.0 -0.126 0.56569 997.0 2.5 11.0 69.0 6.5071 0.0 0.0 -2.126 0.56569 996.0 2.5 10.0 66.0 9.0071 0.0 0.0 -3.926 0.53852 997.0 2.5 11.0 
0.02402 263.87963 101.0 2856.0 3.0 47.0 0.6071 0.0 3.074 0.0 0.42426 1001.0 1.8802 17.0 46.0 2.0071 0.0 1.274 0.0 0.36056 1000.0 1.6625 15.0 45.0 3.3071 0.0 0.074 0.0 0.28284 1000.0 1.591 14.0 44.0 4.5071 0.0 0.0 -0.626 0.22361 999.0 1.4124 13.0 44.0 5.8071 0.0 0.0 -0.726 0.2 999.0 1.4124 13.0 
0.0934 296.29862 348.0 2857.0 3.0 79.0 0.0 -1.2929 2.874 0.0 0.3 982.0 2.0563 10.0 86.0 0.7071 0.0 2.574 0.0 0.4 977.0 2.0984 11.0 109.0 2.7071 0.0 2.374 0.0 0.3 960.0 2.2896 10.0 138.0 4.5071 0.0 1.974 0.0 0.31623 931.0 2.3721 8.0 147.0 6.2071 0.0 1.274 0.0 0.22361 918.0 2.3232 7.0 
0.06857 280.73887 98.0 2861.0 3.0 65.0 0.0 -1.5929 3.374 0.0 0.44721 997.0 2.5 14.0 71.0 1.1071 0.0 2.274 0.0 0.44721 994.0 2.5 13.0 73.0 3.5071 0.0 1.074 0.0 0.41231 992.0 2.5 12.0 71.0 5.4071 0.0 0.074 0.0 0.31623 990.0 2.2386 11.0 70.0 6.8071 0.0 0.0 -0.726 0.22361 987.0 1.9249 10.0 
0.05846 204.62411 92.0 2862.0 3.0 60.0 0.0 -1.2929 3.174 0.0 0.5 996.0 2.1629 12.0 69.0 1.1071 0.0 1.474 0.0 0.5 994.0 2.5 13.0 73.0 3.4071 0.0 0.074 0.0 0.44721 991.0 2.474 12.0 77.0 5.5071 0.0 0.0 -1.026 0.31623 987.0 2.3291 10.0 81.0 7.4071 0.0 0.0 -1.726 0.31623 983.0 2.2337 9.0 
0.04658 294.73053 331.0 2863.0 3.0 62.0 0.0 -3.3929 0.0 -1.826 0.53852 998.0 2.5 18.0 66.0 0.0 -0.3929 0.0 -2.626 0.5099 996.0 2.5 17.0 73.0 2.4071 0.0 0.0 -2.926 0.41231 993.0 2.5 16.0 78.0 4.9071 0.0 0.0 -2.326 0.41231 989.0 2.5 14.0 78.0 7.2071 0.0 0.0 -1.126 0.44721 989.0 2.5 14.0 
0.05692 271.60787 138.0 2865.0 3.0 42.0 0.0 -1.8929 2.374 0.0 0.2 999.0 1.2869 14.0 46.0 0.0 -0.5929 2.374 0.0 0.22361 998.0 1.4408 16.0 55.0 0.6071 0.0 2.774 0.0 0.2 995.0 1.7165 13.0 59.0 1.8071 0.0 3.274 0.0 0.14142 993.0 1.7777 12.0 61.0 2.8071 0.0 3.674 0.0 0.14142 991.0 1.7275 11.0 
0.05423 266.00859 91.0 2866.0 3.0 62.0 0.0 -0.5929 4.074 0.0 0.56569 999.0 2.5 14.0 61.0 1.8071 0.0 1.574 0.0 0.42426 998.0 2.5 13.0 64.0 3.8071 0.0 0.0 -0.426 0.42426 996.0 2.4609 14.0 68.0 5.7071 0.0 0.0 -1.926 0.44721 993.0 2.3614 12.0 71.0 7.7071 0.0 0.0 -2.726 0.41231 991.0 2.3403 11.0 
0.14708 301.81442 93.0 2867.0 3.0 61.0 0.0 -3.5929 1.974 0.0 0.5099 998.0 2.5 17.0 73.0 0.0 -0.4929 2.674 0.0 0.5099 995.0 2.5 14.0 79.0 2.7071 0.0 3.574 0.0 0.53852 993.0 2.5 12.0 75.0 5.4071 0.0 5.074 0.0 0.56569 993.0 2.5 12.0 75.0 7.4071 0.0 7.474 0.0 0.5831 992.0 2.5 12.0 
0.00535 214.70873 76.0 2868.0 3.0 71.0 0.0 -4.5929 4.574 0.0 1.02956 1000.0 2.5 12.0 71.0 0.0 -1.7929 0.0 -0.726 0.89443 999.0 2.5 16.0 68.0 0.5071 0.0 0.0 -5.326 0.76158 998.0 2.5 14.0 67.0 2.4071 0.0 0.0 -9.326 0.67082 996.0 2.5 13.0 71.0 4.3071 0.0 0.0 -12.726 0.5831 995.0 2.5 15.0 
0.10608 271.99409 85.0 2870.0 3.0 88.0 0.0 -3.1929 3.174 0.0 0.60828 986.0 2.5 8.0 109.0 0.6071 0.0 2.374 0.0 0.72801 976.0 2.5 7.0 135.0 4.3071 0.0 1.474 0.0 0.53852 950.0 2.5 6.0 153.0 7.4071 0.0 0.674 0.0 0.41231 925.0 2.5 5.0 142.0 10.0071 0.0 0.074 0.0 0.41231 935.0 2.5 5.0 
0.10188 226.37542 88.0 2872.0 3.0 97.0 0.0 -1.2929 4.074 0.0 0.70711 982.0 2.5 9.0 106.0 1.5071 0.0 1.374 0.0 0.5 975.0 2.5 10.0 115.0 4.3071 0.0 0.0 -0.126 0.53852 967.0 2.5 9.0 114.0 6.9071 0.0 0.0 -1.126 0.44721 964.0 2.5 8.0 102.0 8.9071 0.0 0.0 -2.126 0.28284 969.0 2.4151 9.0 
0.13956 230.44483 264.0 2875.0 3.0 60.0 0.0 -2.8929 2.974 0.0 0.53852 999.0 2.5 18.0 64.0 0.0 -0.0929 2.074 0.0 0.4 997.0 2.5 15.0 64.0 2.5071 0.0 2.174 0.0 0.41231 996.0 2.4609 14.0 62.0 4.8071 0.0 2.974 0.0 0.44721 996.0 2.3095 14.0 61.0 6.7071 0.0 4.474 0.0 0.42426 996.0 2.2356 14.0 
0.03147 297.33762 104.0 2876.0 3.0 63.0 0.2071 0.0 4.074 0.0 0.5 996.0 2.3846 16.0 66.0 2.0071 0.0 1.774 0.0 0.42426 993.0 2.2245 14.0 71.0 3.6071 0.0 0.074 0.0 0.36056 990.0 2.2386 14.0 75.0 4.9071 0.0 0.0 -1.026 0.28284 984.0 1.9811 12.0 84.0 6.0071 0.0 0.0 -1.826 0.22361 976.0 1.9478 10.0 
0.03805 314.41593 96.0 2883.0 3.0 48.0 0.0 -1.8929 0.0 -2.326 0.31623 998.0 1.5688 13.0 54.0 0.0 -0.1929 0.0 -2.826 0.31623 996.0 1.752 11.0 65.0 1.6071 0.0 0.0 -2.926 0.31623 993.0 2.1576 12.0 76.0 3.6071 0.0 0.0 -2.326 0.36056 988.0 2.3598 10.0 80.0 5.7071 0.0 0.0 -1.226 0.42426 988.0 2.5 10.0 
0.09206 267.8411 166.0 2888.0 3.0 33.0 0.4071 0.0 2.474 0.0 0.1 999.0 1.0 14.0 37.0 0.8071 0.0 2.274 0.0 0.1 998.0 1.0 17.0 42.0 1.1071 0.0 2.274 0.0 0.1 996.0 1.0598 14.0 45.0 1.3071 0.0 2.074 0.0 0.1 994.0 1.0886 13.0 50.0 1.6071 0.0 1.874 0.0 0.1 993.0 1.2767 12.0 
0.01459 273.42719 90.0 2890.0 3.0 58.0 0.0 -0.0929 3.974 0.0 0.5 999.0 2.4542 17.0 60.0 1.8071 0.0 1.674 0.0 0.42426 998.0 2.4513 16.0 60.0 3.8071 0.0 0.0 -0.126 0.42426 998.0 2.4513 16.0 59.0 6.1071 0.0 0.0 -1.626 0.44721 998.0 2.3703 16.0 55.0 8.3071 0.0 0.0 -2.826 0.42426 999.0 2.2069 18.0 
0.06224 215.49518 104.0 2892.0 3.0 50.0 0.0 -1.7929 2.574 0.0 0.41231 1000.0 1.9642 19.0 57.0 0.5071 0.0 1.874 0.0 0.41231 998.0 2.2123 16.0 57.0 2.6071 0.0 1.274 0.0 0.36056 997.0 2.074 15.0 55.0 4.1071 0.0 0.474 0.0 0.28284 996.0 1.8174 14.0 56.0 5.2071 0.0 0.0 -0.526 0.28284 994.0 1.6858 13.0 
0.0521 305.34255 84.0 2894.0 3.0 71.0 0.0 -1.3929 5.074 0.0 0.78102 1000.0 2.5 19.0 68.0 1.8071 0.0 2.074 0.0 0.5831 999.0 2.5 18.0 65.0 5.0071 0.0 0.374 0.0 0.53852 1000.0 2.5 18.0 61.0 8.1071 0.0 0.0 -0.726 0.5099 1000.0 2.5 18.0 54.0 10.8071 0.0 0.0 -1.326 0.4 1000.0 2.291 19.0 
0.12648 222.32905 93.0 2900.0 3.0 61.0 0.0 -2.5929 2.674 0.0 0.6 1000.0 2.5 20.0 66.0 0.7071 0.0 1.874 0.0 0.53852 998.0 2.5 17.0 66.0 3.6071 0.0 0.374 0.0 0.44721 997.0 2.5 15.0 62.0 5.8071 0.0 0.0 -0.926 0.42426 996.0 2.3095 14.0 59.0 7.4071 0.0 0.0 -2.126 0.31623 995.0 1.9752 13.0 
0.03012 273.42719 106.0 2903.0 3.0 64.0 0.0071 0.0 3.974 0.0 0.5 997.0 2.5 13.0 69.0 1.8071 0.0 1.674 0.0 0.42426 993.0 2.4314 13.0 71.0 3.5071 0.0 0.0 -0.026 0.42426 990.0 2.2386 11.0 73.0 4.8071 0.0 0.0 -1.626 0.28284 987.0 2.0934 10.0 75.0 5.8071 0.0 0.0 -3.026 0.22361 985.0 2.0519 9.0 
0.0485 265.70178 112.0 2904.0 3.0 57.0 0.1071 0.0 3.474 0.0 0.42426 996.0 1.952 15.0 64.0 1.6071 0.0 1.774 0.0 0.42426 994.0 2.2019 13.0 66.0 2.9071 0.0 0.174 0.0 0.36056 992.0 2.1186 12.0 68.0 4.0071 0.0 0.0 -1.326 0.28284 990.0 2.0534 11.0 69.0 5.0071 0.0 0.0 -2.526 0.28284 988.0 1.9451 10.0 
0.082 234.69733 116.0 2905.0 3.0 60.0 0.0 -0.0929 3.074 0.0 0.42426 997.0 2.2981 15.0 65.0 1.6071 0.0 1.374 0.0 0.28284 993.0 2.1576 12.0 68.0 3.1071 0.0 0.174 0.0 0.28284 990.0 2.0534 11.0 71.0 4.3071 0.0 0.0 -1.026 0.22361 987.0 1.9803 10.0 73.0 5.2071 0.0 0.0 -2.226 0.28284 985.0 1.9439 9.0 
0.06418 244.59289 109.0 2906.0 3.0 65.0 0.0 -0.2929 3.374 0.0 0.42426 993.0 2.1576 13.0 70.0 1.3071 0.0 1.774 0.0 0.36056 990.0 2.176 11.0 70.0 2.8071 0.0 0.574 0.0 0.28284 989.0 2.0853 10.0 70.0 4.1071 0.0 0.0 -0.326 0.22361 987.0 1.9249 10.0 72.0 5.1071 0.0 0.0 -1.126 0.22361 984.0 1.8258 9.0 
0.06919 265.70178 99.0 2908.0 3.0 59.0 0.0 -0.3929 3.774 0.0 0.5 999.0 2.5 13.0 57.0 1.6071 0.0 1.774 0.0 0.42426 999.0 2.3703 12.0 53.0 3.3071 0.0 0.074 0.0 0.42426 999.0 2.0493 13.0 50.0 4.8071 0.0 0.0 -1.426 0.36056 999.0 1.8239 13.0 47.0 6.2071 0.0 0.0 -2.826 0.36056 1000.0 1.7355 14.0 
0.04772 302.10412 59.0 2910.0 3.0 49.0 0.0 -2.2929 2.474 0.0 0.5099 1002.0 2.2294 23.0 56.0 0.5071 0.0 2.674 0.0 0.5 1001.0 2.5 20.0 56.0 3.4071 0.0 2.074 0.0 0.53852 1001.0 2.5 20.0 53.0 6.1071 0.0 1.174 0.0 0.41231 1001.0 2.3909 20.0 48.0 8.3071 0.0 0.574 0.0 0.3 1001.0 1.961 20.0 
0.05538 257.5833 89.0 2912.0 3.0 78.0 0.0 -0.5929 4.674 0.0 0.67082 989.0 2.5 12.0 88.0 1.6071 0.0 1.674 0.0 0.5 984.0 2.5 13.0 103.0 3.9071 0.0 0.0 -0.326 0.44721 974.0 2.5 12.0 113.0 6.2071 0.0 0.0 -1.326 0.41231 963.0 2.5 10.0 129.0 8.4071 0.0 0.0 -1.526 0.4 946.0 2.5 9.0 
0.08052 204.62411 87.0 2920.0 3.0 77.0 0.0 -1.7929 4.074 0.0 0.70711 995.0 2.5 13.0 82.0 1.1071 0.0 1.474 0.0 0.64031 991.0 2.5 12.0 86.0 4.0071 0.0 0.0 -0.226 0.5 988.0 2.5 10.0 90.0 6.7071 0.0 0.0 -1.126 0.5099 984.0 2.5 9.0 89.0 9.2071 0.0 0.0 -1.526 0.41231 982.0 2.5 9.0 
0.08073 238.17627 105.0 2925.0 3.0 77.0 0.0 -0.7929 3.274 0.0 0.5 987.0 2.3291 9.0 95.0 1.2071 0.0 1.774 0.0 0.5 976.0 2.4913 8.0 107.0 3.1071 0.0 0.274 0.0 0.42426 965.0 2.4362 7.0 102.0 4.7071 0.0 0.0 -1.126 0.28284 967.0 2.3101 7.0 88.0 5.9071 0.0 0.0 -2.326 0.14142 976.0 2.1377 8.0 
0.10603 258.3804 84.0 2928.0 3.0 89.0 0.0 -2.2929 4.774 0.0 0.78102 993.0 2.5 15.0 92.0 1.5071 0.0 1.774 0.0 0.72111 991.0 2.5 15.0 97.0 5.0071 0.0 0.0 -0.426 0.64031 985.0 2.5 12.0 100.0 8.0071 0.0 0.0 -2.226 0.53852 980.0 2.5 11.0 100.0 10.6071 0.0 0.0 -3.326 0.41231 975.0 2.5 10.0 
0.06516 262.79555 84.0 2930.0 3.0 87.0 0.0 -1.9929 5.874 0.0 0.92195 994.0 2.5 10.0 91.0 1.3071 0.0 1.974 0.0 0.78102 991.0 2.5 12.0 99.0 4.7071 0.0 0.0 -0.826 0.5831 985.0 2.5 9.0 109.0 8.1071 0.0 0.0 -2.826 0.5831 977.0 2.5 8.0 106.0 10.9071 0.0 0.0 -4.526 0.5 974.0 2.5 7.0 
0.31065 220.31659 90.0 2934.0 3.0 79.0 0.0 -2.4929 2.474 0.0 0.41231 986.0 2.3609 10.0 100.0 0.2071 0.0 1.974 0.0 0.5099 977.0 2.5 10.0 116.0 3.1071 0.0 2.074 0.0 0.5099 965.0 2.5 8.0 112.0 5.8071 0.0 2.774 0.0 0.44721 966.0 2.5 9.0 113.0 8.1071 0.0 3.774 0.0 0.41231 963.0 2.5 8.0 
0.08533 307.01618 85.0 2936.0 3.0 66.0 0.0 -2.9929 3.374 0.0 0.60828 999.0 2.5 18.0 72.0 0.7071 0.0 2.674 0.0 0.70711 998.0 2.5 17.0 73.0 4.5071 0.0 1.974 0.0 0.60828 997.0 2.5 15.0 65.0 7.6071 0.0 1.574 0.0 0.4 996.0 2.5 15.0 61.0 9.8071 0.0 1.674 0.0 0.31623 996.0 2.2356 14.0 
0.04809 229.16128 91.0 2937.0 3.0 56.0 0.0 -4.3929 1.574 0.0 0.64031 998.0 2.1353 15.0 68.0 0.0 -1.4929 0.0 -1.426 0.70711 997.0 2.5 16.0 72.0 1.8071 0.0 0.0 -3.826 0.64031 995.0 2.5 16.0 75.0 5.1071 0.0 0.0 -5.426 0.53852 993.0 2.5 16.0 78.0 7.8071 0.0 0.0 -6.626 0.44721 988.0 2.4856 14.0 
0.09816 310.58559 87.0 2947.0 3.0 65.0 0.0 -1.3929 4.474 0.0 0.56569 997.0 2.5 21.0 70.0 1.3071 0.0 2.474 0.0 0.53852 995.0 2.5 23.0 79.0 4.2071 0.0 1.174 0.0 0.53852 992.0 2.5 19.0 78.0 7.0071 0.0 0.574 0.0 0.41231 990.0 2.5 18.0 77.0 9.3071 0.0 0.374 0.0 0.41231 988.0 2.4223 17.0 
0.10266 242.05755 72.0 2951.0 3.0 60.0 0.0 -0.9929 3.674 0.0 0.56569 1000.0 2.5 18.0 62.0 1.6071 0.0 1.474 0.0 0.5831 999.0 2.5 17.0 58.0 4.0071 0.0 0.0 -0.526 0.5 999.0 2.4542 18.0 52.0 5.9071 0.0 0.0 -2.326 0.42426 1000.0 2.1245 19.0 46.0 7.4071 0.0 0.0 -4.126 0.36056 1001.0 1.801 21.0 
0.07191 208.26944 110.0 2952.0 3.0 49.0 0.0 -1.8929 1.474 0.0 0.31623 999.0 1.7517 10.0 51.0 0.0 -0.0929 1.874 0.0 0.2 998.0 1.7711 12.0 58.0 1.4071 0.0 2.074 0.0 0.3 994.0 1.8084 10.0 64.0 2.9071 0.0 2.174 0.0 0.22361 991.0 1.9016 8.0 69.0 4.3071 0.0 2.374 0.0 0.2 988.0 1.9451 8.0 
0.04308 296.78557 81.0 2958.0 3.0 80.0 0.0 -2.4929 6.674 0.0 1.14018 1000.0 2.5 17.0 83.0 1.9071 0.0 1.874 0.0 1.06301 1000.0 2.5 21.0 79.0 6.3071 0.0 0.0 -2.026 0.84853 999.0 2.5 19.0 75.0 9.9071 0.0 0.0 -5.226 0.72111 997.0 2.5 17.0 72.0 12.7071 0.0 0.0 -7.726 0.56569 995.0 2.5 18.0 
0.02437 305.71275 85.0 2960.0 3.0 72.0 0.0 -4.7929 0.0 -2.526 0.7 999.0 2.5 14.0 80.0 0.0 -0.3929 0.0 -2.726 0.8 998.0 2.5 16.0 85.0 4.0071 0.0 0.0 -2.926 0.7 994.0 2.5 13.0 79.0 7.6071 0.0 0.0 -2.926 0.5 993.0 2.5 12.0 73.0 10.4071 0.0 0.0 -2.926 0.41231 992.0 2.5 12.0 
0.02122 269.99085 98.0 2961.0 3.0 50.0 0.5071 0.0 3.474 0.0 0.5 999.0 1.8239 14.0 56.0 2.0071 0.0 1.374 0.0 0.42426 998.0 2.1353 16.0 60.0 3.6071 0.0 0.0 -0.326 0.36056 996.0 2.1629 14.0 60.0 5.3071 0.0 0.0 -1.526 0.22361 995.0 2.0427 13.0 57.0 6.7071 0.0 0.0 -2.326 0.22361 995.0 1.8436 13.0 
0.0713 213.60353 96.0 2962.0 3.0 57.0 0.0 -0.7929 3.374 0.0 0.42426 998.0 2.2123 16.0 65.0 1.1071 0.0 1.574 0.0 0.36056 995.0 2.3974 13.0 68.0 3.0071 0.0 0.274 0.0 0.36056 993.0 2.3614 12.0 69.0 4.8071 0.0 0.0 -0.926 0.36056 991.0 2.2103 11.0 69.0 6.6071 0.0 0.0 -2.026 0.36056 992.0 2.3156 12.0 
0.05379 227.10248 247.0 2963.0 3.0 59.0 0.0 -1.1929 3.374 0.0 0.5 999.0 2.5 14.0 61.0 1.3071 0.0 1.574 0.0 0.5 998.0 2.5 15.0 67.0 3.8071 0.0 0.074 0.0 0.44721 995.0 2.5 14.0 69.0 6.0071 0.0 0.0 -1.026 0.36056 993.0 2.4314 12.0 65.0 7.8071 0.0 0.0 -1.826 0.22361 992.0 2.0549 12.0 
0.01754 274.78781 96.0 2966.0 3.0 43.0 0.0 -2.7929 0.0 -1.626 0.44721 1002.0 1.7168 18.0 49.0 0.0 -0.4929 0.0 -2.426 0.53852 1001.0 2.0436 17.0 54.0 2.1071 0.0 0.0 -3.326 0.53852 1000.0 2.291 15.0 55.0 4.6071 0.0 0.0 -4.326 0.44721 999.0 2.2069 16.0 57.0 6.6071 0.0 0.0 -5.226 0.36056 997.0 2.074 15.0 
0.08033 295.62212 383.0 2967.0 3.0 57.0 0.0 -1.4929 4.074 0.0 0.5 1000.0 2.5 15.0 60.0 1.2071 0.0 2.374 0.0 0.5831 999.0 2.5 18.0 66.0 3.9071 0.0 0.774 0.0 0.53852 997.0 2.5 15.0 65.0 6.4071 0.0 0.0 -0.426 0.36056 996.0 2.5 14.0 61.0 8.4071 0.0 0.0 -1.326 0.31623 995.0 2.1114 13.0 
0.01551 270.13593 95.0 2969.0 3.0 54.0 0.0 -2.6929 0.0 -2.026 0.4 999.0 2.1274 10.0 59.0 0.0 -0.1929 0.0 -2.426 0.41231 996.0 2.0914 9.0 66.0 2.3071 0.0 0.0 -3.026 0.41231 994.0 2.3416 10.0 77.0 4.6071 0.0 0.0 -3.526 0.41231 987.0 2.3291 8.0 81.0 6.7071 0.0 0.0 -3.826 0.3 983.0 2.2337 7.0 
0.05671 306.81947 95.0 2974.0 3.0 66.0 0.0 -0.9929 4.574 0.0 0.64031 998.0 2.5 17.0 69.0 1.7071 0.0 2.174 0.0 0.64031 997.0 2.5 15.0 67.0 4.2071 0.0 0.074 0.0 0.56569 997.0 2.5 15.0 60.0 6.2071 0.0 0.0 -1.926 0.36056 997.0 2.2981 15.0 52.0 7.5071 0.0 0.0 -3.426 0.22361 998.0 1.8412 15.0 
0.02423 281.67125 90.0 2982.0 3.0 57.0 0.1071 0.0 3.974 0.0 0.5 999.0 2.3703 14.0 58.0 1.9071 0.0 1.674 0.0 0.42426 998.0 2.2906 12.0 56.0 3.5071 0.0 0.0 -0.326 0.42426 998.0 2.1353 12.0 54.0 5.0071 0.0 0.0 -2.126 0.36056 998.0 1.9855 12.0 50.0 6.3071 0.0 0.0 -3.926 0.36056 999.0 1.8239 13.0 
0.0454 317.16735 94.0 2984.0 3.0 53.0 0.0 -1.6929 4.374 0.0 0.5831 1002.0 2.5 23.0 55.0 1.0071 0.0 2.674 0.0 0.53852 1001.0 2.5 21.0 52.0 3.5071 0.0 1.374 0.0 0.41231 1001.0 2.3015 20.0 47.0 5.5071 0.0 0.374 0.0 0.36056 1001.0 1.8802 20.0 44.0 7.2071 0.0 0.0 -0.626 0.22361 1001.0 1.6478 21.0 
0.02315 285.43508 108.0 2985.0 3.0 51.0 0.8071 0.0 3.474 0.0 0.42426 999.0 1.8976 14.0 55.0 2.1071 0.0 1.474 0.0 0.36056 997.0 1.931 11.0 56.0 3.3071 0.0 0.0 -0.126 0.28284 996.0 1.8841 10.0 57.0 4.4071 0.0 0.0 -1.326 0.28284 994.0 1.7465 10.0 56.0 5.4071 0.0 0.0 -2.326 0.22361 994.0 1.6858 9.0 
0.08206 275.67418 84.0 2991.0 3.0 71.0 0.0 -1.5929 4.674 0.0 0.64031 997.0 2.5 14.0 80.0 1.5071 0.0 1.974 0.0 0.64031 994.0 2.5 13.0 87.0 4.9071 0.0 0.0 -0.226 0.72111 991.0 2.5 12.0 85.0 8.2071 0.0 0.0 -1.726 0.53852 989.0 2.5 11.0 79.0 10.8071 0.0 0.0 -2.626 0.41231 989.0 2.5 10.0 
0.06507 257.74158 87.0 2993.0 3.0 78.0 0.0 -1.3929 4.974 0.0 0.84853 997.0 2.5 16.0 82.0 1.7071 0.0 1.574 0.0 0.70711 994.0 2.5 13.0 81.0 4.6071 0.0 0.0 -1.126 0.5 993.0 2.5 12.0 76.0 7.1071 0.0 0.0 -3.026 0.5 992.0 2.5 12.0 70.0 9.2071 0.0 0.0 -4.526 0.5 993.0 2.5 12.0 
0.11748 204.80106 92.0 2997.0 3.0 52.0 0.0 -2.2929 2.174 0.0 0.5 1001.0 2.3015 23.0 54.0 0.5071 0.0 1.774 0.0 0.41231 1000.0 2.291 20.0 52.0 2.9071 0.0 1.174 0.0 0.41231 1000.0 2.1245 19.0 52.0 5.1071 0.0 0.574 0.0 0.41231 1000.0 2.1245 18.0 54.0 7.4071 0.0 0.174 0.0 0.4 1000.0 2.291 18.0 
0.07798 253.45864 88.0 2998.0 3.0 57.0 0.0 -2.4929 3.274 0.0 0.44721 1000.0 2.5 18.0 64.0 0.2071 0.0 2.274 0.0 0.5099 998.0 2.5 16.0 68.0 3.3071 0.0 1.774 0.0 0.5099 997.0 2.5 15.0 68.0 6.3071 0.0 1.474 0.0 0.5099 997.0 2.5 15.0 63.0 9.2071 0.0 1.274 0.0 0.4 998.0 2.5 15.0 
0.05418 302.41637 97.0 2999.0 3.0 56.0 0.0 -3.2929 2.174 0.0 0.41231 998.0 2.1353 13.0 61.0 0.0 -0.8929 2.574 0.0 0.31623 996.0 2.2356 15.0 66.0 1.2071 0.0 3.074 0.0 0.31623 993.0 2.2245 12.0 70.0 3.2071 0.0 3.774 0.0 0.36056 991.0 2.2749 11.0 72.0 5.4071 0.0 4.674 0.0 0.44721 992.0 2.5 12.0 
0.06378 288.97303 82.0 3002.0 3.0 83.0 0.0 -2.3929 5.874 0.0 0.98995 998.0 2.5 13.0 88.0 1.8071 0.0 1.874 0.0 0.92195 997.0 2.5 15.0 87.0 5.8071 0.0 0.0 -1.526 0.78102 995.0 2.5 13.0 79.0 9.1071 0.0 0.0 -4.126 0.64031 994.0 2.5 13.0 72.0 11.6071 0.0 0.0 -6.026 0.42426 992.0 2.5 12.0 
0.09722 287.44942 85.0 3008.0 3.0 59.0 0.0 -1.2929 4.074 0.0 0.5 999.0 2.5 14.0 67.0 1.4071 0.0 2.174 0.0 0.5831 997.0 2.5 16.0 76.0 4.5071 0.0 0.574 0.0 0.5831 995.0 2.5 13.0 76.0 7.6071 0.0 0.0 -0.626 0.5099 993.0 2.5 12.0 72.0 10.2071 0.0 0.0 -1.126 0.31623 992.0 2.5 12.0 
0.19809 208.26944 89.0 3011.0 3.0 63.0 0.0 -2.9929 1.774 0.0 0.4 996.0 2.3846 11.0 75.0 0.0 -0.0929 1.874 0.0 0.5 993.0 2.5 13.0 83.0 2.9071 0.0 2.074 0.0 0.5099 989.0 2.5 11.0 85.0 5.8071 0.0 2.674 0.0 0.41231 987.0 2.5 10.0 84.0 8.4071 0.0 3.574 0.0 0.36056 986.0 2.5 10.0 
0.0482 281.08844 85.0 3013.0 3.0 73.0 0.0 -1.1929 5.574 0.0 0.86023 999.0 2.5 18.0 75.0 1.8071 0.0 1.774 0.0 0.84853 998.0 2.5 16.0 73.0 4.8071 0.0 0.0 -1.426 0.64031 997.0 2.5 16.0 69.0 7.5071 0.0 0.0 -4.026 0.64031 997.0 2.5 15.0 68.0 10.0071 0.0 0.0 -6.426 0.56569 997.0 2.5 15.0 
0.18416 204.80106 90.0 3016.0 3.0 67.0 0.0 -1.9929 2.474 0.0 0.44721 993.0 2.2925 10.0 75.0 0.5071 0.0 1.774 0.0 0.41231 990.0 2.4979 11.0 88.0 3.0071 0.0 1.474 0.0 0.41231 983.0 2.5 9.0 98.0 5.6071 0.0 1.474 0.0 0.5 977.0 2.5 8.0 103.0 8.2071 0.0 1.874 0.0 0.44721 973.0 2.5 7.0 
0.01462 288.0061 94.0 3021.0 3.0 50.0 0.0 -3.4929 0.0 -1.726 0.41231 1001.0 2.1279 18.0 55.0 0.0 -0.5929 0.0 -2.526 0.53852 1000.0 2.3767 16.0 57.0 2.3071 0.0 0.0 -3.626 0.44721 999.0 2.3703 15.0 57.0 4.9071 0.0 0.0 -4.726 0.41231 998.0 2.2123 13.0 57.0 7.0071 0.0 0.0 -5.626 0.36056 997.0 2.074 15.0 
0.0192 312.12968 55.0 3022.0 3.0 52.0 0.0 -0.6929 4.274 0.0 0.5 1001.0 2.3015 21.0 53.0 1.5071 0.0 2.374 0.0 0.5 1001.0 2.3909 20.0 51.0 3.8071 0.0 0.774 0.0 0.36056 1001.0 2.2138 20.0 48.0 5.9071 0.0 0.0 -0.526 0.36056 1001.0 1.961 21.0 44.0 7.8071 0.0 0.0 -1.726 0.36056 1002.0 1.7976 23.0 
0.02935 307.49257 98.0 3028.0 3.0 51.0 0.0 -3.0929 0.0 -2.526 0.4 1000.0 2.0435 16.0 56.0 0.0 -0.4929 0.0 -2.726 0.5099 999.0 2.2879 14.0 60.0 2.2071 0.0 0.0 -3.126 0.41231 998.0 2.4513 16.0 63.0 4.5071 0.0 0.0 -3.626 0.31623 995.0 2.2521 13.0 62.0 6.3071 0.0 0.0 -4.026 0.22361 994.0 2.0664 12.0 
0.00557 225.68204 85.0 3039.0 3.0 78.0 0.0 -5.8929 4.174 0.0 1.22066 1001.0 2.5 18.0 81.0 0.0 -1.6929 0.0 -1.126 1.13137 1000.0 2.5 16.0 79.0 2.9071 0.0 0.0 -4.726 0.80623 999.0 2.5 14.0 79.0 7.2071 0.0 0.0 -7.126 0.80623 997.0 2.5 13.0 78.0 10.9071 0.0 0.0 -9.526 0.5831 995.0 2.5 14.0 
0.07182 258.3804 80.0 3049.0 3.0 55.0 0.0 -0.9929 4.374 0.0 0.64031 1001.0 2.5 18.0 59.0 1.5071 0.0 1.774 0.0 0.56569 1001.0 2.5 20.0 64.0 4.2071 0.0 0.0 -0.726 0.56569 1000.0 2.5 18.0 64.0 6.7071 0.0 0.0 -3.426 0.56569 1000.0 2.5 18.0 59.0 8.9071 0.0 0.0 -6.026 0.5 1000.0 2.5 18.0 
0.00935 223.8484 85.0 3052.0 3.0 61.0 0.0 -3.8929 0.974 0.0 0.70711 997.0 2.3753 10.0 63.0 0.0 -1.1929 0.0 -1.626 0.56569 997.0 2.5 13.0 67.0 1.4071 0.0 0.0 -3.826 0.56569 994.0 2.4131 11.0 72.0 3.7071 0.0 0.0 -5.926 0.5 989.0 2.2062 9.0 84.0 5.6071 0.0 0.0 -7.926 0.5 982.0 2.3248 10.0 
0.25936 274.8712 86.0 3055.0 3.0 89.0 0.0 -4.3929 2.274 0.0 0.8 992.0 2.5 10.0 99.0 0.1071 0.0 2.474 0.0 0.7 987.0 2.5 10.0 105.0 3.9071 0.0 1.874 0.0 0.63246 979.0 2.5 8.0 104.0 7.1071 0.0 0.674 0.0 0.5099 976.0 2.5 8.0 100.0 9.8071 0.0 0.174 0.0 0.5099 975.0 2.5 8.0 
0.09496 208.12563 336.0 3060.0 3.0 65.0 0.0 -1.3929 2.574 0.0 0.44721 990.0 1.8762 9.0 75.0 0.6071 0.0 1.774 0.0 0.31623 986.0 2.1279 12.0 94.0 2.7071 0.0 1.074 0.0 0.31623 976.0 2.4391 10.0 108.0 4.8071 0.0 0.474 0.0 0.3 965.0 2.4819 9.0 113.0 6.8071 0.0 0.274 0.0 0.3 958.0 2.3713 8.0 
0.12272 234.34953 88.0 3061.0 3.0 97.0 0.0 -1.3929 4.674 0.0 0.70711 982.0 2.5 10.0 114.0 1.4071 0.0 1.574 0.0 0.70711 972.0 2.5 10.0 121.0 4.1071 0.0 0.0 -1.426 0.64031 965.0 2.5 9.0 112.0 6.6071 0.0 0.0 -4.226 0.56569 971.0 2.5 9.0 108.0 8.7071 0.0 0.0 -6.526 0.44721 968.0 2.5 9.0 
0.05887 296.78557 93.0 3064.0 3.0 52.0 0.2071 0.0 3.474 0.0 0.36056 998.0 1.8412 15.0 60.0 1.9071 0.0 1.874 0.0 0.36056 996.0 2.1629 14.0 66.0 3.7071 0.0 0.274 0.0 0.36056 994.0 2.3416 13.0 70.0 5.5071 0.0 0.0 -1.326 0.42426 992.0 2.3832 12.0 72.0 7.2071 0.0 0.0 -2.926 0.36056 991.0 2.4067 11.0 
0.03884 305.34255 93.0 3066.0 3.0 48.0 0.7071 0.0 3.274 0.0 0.28284 998.0 1.5688 13.0 53.0 1.8071 0.0 2.074 0.0 0.22361 996.0 1.6877 14.0 60.0 3.2071 0.0 1.574 0.0 0.31623 993.0 1.8385 12.0 69.0 4.9071 0.0 1.374 0.0 0.4 990.0 2.1142 11.0 75.0 7.0071 0.0 1.474 0.0 0.4 988.0 2.2981 10.0 
0.05858 244.59289 87.0 3070.0 3.0 63.0 0.0 -2.0929 3.874 0.0 0.67082 1002.0 2.5 19.0 59.0 1.3071 0.0 1.774 0.0 0.5831 1001.0 2.5 22.0 61.0 4.2071 0.0 0.0 -0.326 0.5831 1000.0 2.5 19.0 60.0 6.9071 0.0 0.0 -2.126 0.53852 999.0 2.5 18.0 56.0 9.4071 0.0 0.0 -3.326 0.36056 999.0 2.2879 17.0 
0.11019 264.38248 89.0 3078.0 3.0 58.0 0.0 -3.4929 2.874 0.0 0.63246 1001.0 2.5 18.0 56.0 0.0 -0.1929 2.374 0.0 0.5 1000.0 2.4639 16.0 58.0 2.8071 0.0 2.874 0.0 0.5099 999.0 2.4542 14.0 63.0 5.8071 0.0 3.674 0.0 0.41231 998.0 2.5 17.0 66.0 8.5071 0.0 4.374 0.0 0.5099 996.0 2.5 14.0 
0.08661 247.43208 135.0 3090.0 3.0 47.0 0.5071 0.0 2.374 0.0 0.22361 997.0 1.4101 15.0 46.0 1.2071 0.0 1.874 0.0 0.1 996.0 1.2713 14.0 46.0 1.7071 0.0 1.674 0.0 0.1 995.0 1.2007 14.0 47.0 2.0071 0.0 1.574 0.0 0.14142 994.0 1.1875 13.0 48.0 2.4071 0.0 1.574 0.0 0.0 994.0 1.2385 13.0 
0.05495 245.42515 101.0 3094.0 3.0 42.0 1.0071 0.0 2.274 0.0 0.14142 998.0 1.2011 16.0 49.0 1.8071 0.0 1.274 0.0 0.28284 998.0 1.6349 15.0 52.0 3.0071 0.0 0.074 0.0 0.28284 998.0 1.8412 15.0 53.0 4.5071 0.0 0.0 -1.126 0.28284 998.0 1.9127 16.0 51.0 5.9071 0.0 0.0 -2.426 0.28284 999.0 1.8976 16.0 
0.01441 230.58808 96.0 3097.0 3.0 53.0 0.0 -3.6929 0.774 0.0 0.56569 1000.0 2.207 12.0 55.0 0.0 -1.2929 0.0 -1.626 0.5 999.0 2.2069 11.0 59.0 1.2071 0.0 0.0 -3.926 0.5 998.0 2.3703 10.0 61.0 3.7071 0.0 0.0 -5.826 0.44721 996.0 2.2356 9.0 65.0 6.1071 0.0 0.0 -7.126 0.31623 993.0 2.1576 10.0 
0.02271 276.41288 64.0 3100.0 3.0 61.0 0.7071 0.0 3.774 0.0 0.44721 997.0 2.3753 15.0 60.0 2.0071 0.0 1.474 0.0 0.36056 997.0 2.2981 14.0 58.0 3.5071 0.0 0.0 -0.326 0.42426 997.0 2.1474 15.0 54.0 5.1071 0.0 0.0 -1.826 0.36056 998.0 1.9855 16.0 49.0 6.6071 0.0 0.0 -3.026 0.31623 999.0 1.7517 17.0 
0.02076 279.22064 53.0 3108.0 3.0 46.0 0.7071 0.0 3.374 0.0 0.44721 1001.0 1.801 16.0 46.0 2.1071 0.0 1.374 0.0 0.42426 1001.0 1.801 16.0 46.0 3.7071 0.0 0.0 -0.326 0.28284 1001.0 1.801 16.0 45.0 5.3071 0.0 0.0 -1.826 0.36056 1001.0 1.7236 16.0 43.0 7.0071 0.0 0.0 -3.126 0.28284 1002.0 1.7168 17.0 
0.09528 278.30705 94.0 3110.0 3.0 75.0 0.0 -1.9929 3.074 0.0 0.41231 990.0 2.4979 11.0 83.0 0.4071 0.0 2.474 0.0 0.41231 985.0 2.5 10.0 88.0 2.6071 0.0 1.974 0.0 0.41231 980.0 2.3968 9.0 91.0 4.7071 0.0 1.474 0.0 0.41231 978.0 2.4166 8.0 88.0 6.8071 0.0 0.874 0.0 0.3 980.0 2.3968 8.0 
0.03339 232.11335 100.0 3111.0 3.0 55.0 0.0 -0.3929 2.474 0.0 0.31623 995.0 1.7165 12.0 65.0 1.1071 0.0 1.774 0.0 0.22361 991.0 1.9615 11.0 75.0 2.5071 0.0 1.174 0.0 0.36056 986.0 2.1279 10.0 80.0 4.1071 0.0 0.474 0.0 0.28284 982.0 2.1086 9.0 82.0 5.7071 0.0 0.0 -0.226 0.22361 981.0 2.1462 9.0 
0.0991 247.79184 96.0 3121.0 3.0 62.0 0.0 -2.0929 2.674 0.0 0.41231 998.0 2.5 15.0 65.0 0.5071 0.0 2.174 0.0 0.41231 995.0 2.3974 14.0 69.0 2.8071 0.0 1.674 0.0 0.41231 993.0 2.4314 12.0 71.0 4.9071 0.0 1.074 0.0 0.31623 991.0 2.3403 11.0 70.0 6.7071 0.0 0.374 0.0 0.31623 990.0 2.176 11.0 
0.10757 242.05755 96.0 3124.0 3.0 56.0 0.0 -0.4929 3.274 0.0 0.5 1000.0 2.4639 19.0 61.0 1.6071 0.0 1.474 0.0 0.5 997.0 2.3753 15.0 63.0 3.7071 0.0 0.0 -0.426 0.42426 997.0 2.5 14.0 61.0 5.5071 0.0 0.0 -2.326 0.42426 997.0 2.3753 15.0 56.0 7.1071 0.0 0.0 -4.326 0.36056 998.0 2.1353 16.0 
0.03465 221.16333 99.0 3128.0 3.0 53.0 0.0 -1.1929 2.974 0.0 0.36056 1000.0 2.207 14.0 53.0 0.9071 0.0 1.774 0.0 0.44721 1000.0 2.207 13.0 51.0 2.9071 0.0 0.674 0.0 0.36056 1000.0 2.0435 14.0 48.0 4.7071 0.0 0.0 -0.426 0.36056 1000.0 1.8102 14.0 45.0 6.3071 0.0 0.0 -1.426 0.28284 1000.0 1.591 15.0 
